-1871 1
-1870 0
-1869 0
-1868 0
-1867 0
-1866 0
-1865 0
-1864 0
-1863 0
-1862 0
-1861 0
-1860 0
-1859 0
-1858 0
-1857 0
-1856 0
-1855 0
-1854 0
-1853 0
-1852 0
-1851 0
-1850 0
-1849 0
-1848 0
-1847 0
-1846 0
-1845 0
-1844 0
-1843 0
-1842 0
-1841 0
-1840 0
-1839 0
-1838 0
-1837 0
-1836 0
-1835 0
-1834 0
-1833 0
-1832 0
-1831 0
-1830 0
-1829 0
-1828 0
-1827 0
-1826 0
-1825 0
-1824 0
-1823 0
-1822 0
-1821 0
-1820 0
-1819 0
-1818 0
-1817 0
-1816 0
-1815 0
-1814 0
-1813 0
-1812 0
-1811 0
-1810 0
-1809 0
-1808 0
-1807 0
-1806 0
-1805 0
-1804 0
-1803 0
-1802 0
-1801 0
-1800 0
-1799 0
-1798 0
-1797 0
-1796 0
-1795 0
-1794 0
-1793 0
-1792 0
-1791 0
-1790 0
-1789 0
-1788 0
-1787 0
-1786 0
-1785 0
-1784 0
-1783 0
-1782 0
-1781 0
-1780 0
-1779 0
-1778 0
-1777 0
-1776 0
-1775 0
-1774 0
-1773 0
-1772 0
-1771 0
-1770 0
-1769 0
-1768 0
-1767 0
-1766 0
-1765 0
-1764 0
-1763 0
-1762 0
-1761 0
-1760 0
-1759 0
-1758 0
-1757 0
-1756 0
-1755 0
-1754 0
-1753 0
-1752 0
-1751 0
-1750 0
-1749 0
-1748 0
-1747 0
-1746 0
-1745 0
-1744 0
-1743 0
-1742 0
-1741 0
-1740 0
-1739 0
-1738 0
-1737 0
-1736 0
-1735 0
-1734 0
-1733 0
-1732 0
-1731 0
-1730 0
-1729 0
-1728 0
-1727 0
-1726 0
-1725 0
-1724 0
-1723 0
-1722 0
-1721 0
-1720 0
-1719 0
-1718 0
-1717 0
-1716 0
-1715 0
-1714 0
-1713 0
-1712 0
-1711 0
-1710 0
-1709 0
-1708 0
-1707 0
-1706 0
-1705 0
-1704 0
-1703 0
-1702 0
-1701 0
-1700 0
-1699 0
-1698 0
-1697 0
-1696 0
-1695 0
-1694 0
-1693 0
-1692 0
-1691 0
-1690 0
-1689 0
-1688 0
-1687 0
-1686 0
-1685 0
-1684 0
-1683 0
-1682 0
-1681 0
-1680 0
-1679 0
-1678 0
-1677 0
-1676 0
-1675 0
-1674 0
-1673 0
-1672 0
-1671 0
-1670 0
-1669 0
-1668 0
-1667 0
-1666 0
-1665 0
-1664 0
-1663 0
-1662 0
-1661 0
-1660 0
-1659 0
-1658 0
-1657 0
-1656 0
-1655 0
-1654 0
-1653 0
-1652 0
-1651 0
-1650 0
-1649 0
-1648 0
-1647 0
-1646 0
-1645 0
-1644 0
-1643 0
-1642 0
-1641 0
-1640 0
-1639 0
-1638 0
-1637 0
-1636 0
-1635 0
-1634 0
-1633 0
-1632 0
-1631 0
-1630 0
-1629 0
-1628 0
-1627 0
-1626 0
-1625 0
-1624 0
-1623 0
-1622 0
-1621 0
-1620 0
-1619 0
-1618 0
-1617 0
-1616 0
-1615 0
-1614 0
-1613 0
-1612 0
-1611 0
-1610 0
-1609 0
-1608 0
-1607 0
-1606 0
-1605 0
-1604 0
-1603 0
-1602 0
-1601 0
-1600 0
-1599 0
-1598 0
-1597 0
-1596 0
-1595 0
-1594 0
-1593 0
-1592 0
-1591 0
-1590 0
-1589 0
-1588 0
-1587 0
-1586 0
-1585 0
-1584 0
-1583 0
-1582 0
-1581 1
-1580 0
-1579 0
-1578 0
-1577 0
-1576 0
-1575 0
-1574 0
-1573 0
-1572 0
-1571 0
-1570 0
-1569 0
-1568 0
-1567 0
-1566 0
-1565 0
-1564 0
-1563 0
-1562 0
-1561 0
-1560 0
-1559 0
-1558 0
-1557 0
-1556 0
-1555 0
-1554 0
-1553 0
-1552 0
-1551 0
-1550 0
-1549 0
-1548 0
-1547 0
-1546 0
-1545 0
-1544 0
-1543 0
-1542 0
-1541 0
-1540 1
-1539 0
-1538 0
-1537 0
-1536 0
-1535 0
-1534 1
-1533 0
-1532 0
-1531 0
-1530 0
-1529 0
-1528 0
-1527 0
-1526 0
-1525 0
-1524 0
-1523 1
-1522 0
-1521 0
-1520 0
-1519 0
-1518 0
-1517 0
-1516 0
-1515 0
-1514 0
-1513 0
-1512 0
-1511 0
-1510 0
-1509 0
-1508 0
-1507 0
-1506 0
-1505 0
-1504 0
-1503 0
-1502 0
-1501 0
-1500 1
-1499 0
-1498 0
-1497 0
-1496 0
-1495 0
-1494 0
-1493 0
-1492 0
-1491 0
-1490 0
-1489 0
-1488 0
-1487 0
-1486 0
-1485 0
-1484 0
-1483 0
-1482 0
-1481 0
-1480 0
-1479 0
-1478 0
-1477 0
-1476 0
-1475 0
-1474 0
-1473 0
-1472 0
-1471 0
-1470 0
-1469 0
-1468 0
-1467 0
-1466 0
-1465 0
-1464 0
-1463 0
-1462 0
-1461 0
-1460 0
-1459 0
-1458 0
-1457 0
-1456 1
-1455 0
-1454 0
-1453 0
-1452 0
-1451 0
-1450 0
-1449 0
-1448 0
-1447 0
-1446 0
-1445 0
-1444 0
-1443 1
-1442 0
-1441 0
-1440 0
-1439 0
-1438 0
-1437 0
-1436 0
-1435 0
-1434 0
-1433 0
-1432 0
-1431 0
-1430 0
-1429 0
-1428 0
-1427 0
-1426 0
-1425 0
-1424 0
-1423 0
-1422 0
-1421 0
-1420 0
-1419 0
-1418 0
-1417 0
-1416 0
-1415 0
-1414 0
-1413 0
-1412 0
-1411 1
-1410 0
-1409 0
-1408 0
-1407 0
-1406 0
-1405 0
-1404 0
-1403 0
-1402 0
-1401 0
-1400 0
-1399 0
-1398 0
-1397 1
-1396 0
-1395 0
-1394 1
-1393 1
-1392 0
-1391 0
-1390 0
-1389 0
-1388 0
-1387 0
-1386 0
-1385 0
-1384 1
-1383 0
-1382 0
-1381 0
-1380 0
-1379 0
-1378 0
-1377 0
-1376 0
-1375 0
-1374 0
-1373 0
-1372 0
-1371 0
-1370 0
-1369 0
-1368 0
-1367 0
-1366 0
-1365 0
-1364 0
-1363 0
-1362 1
-1361 0
-1360 0
-1359 0
-1358 0
-1357 0
-1356 0
-1355 0
-1354 0
-1353 0
-1352 0
-1351 0
-1350 1
-1349 0
-1348 0
-1347 1
-1346 0
-1345 0
-1344 0
-1343 0
-1342 0
-1341 0
-1340 0
-1339 0
-1338 0
-1337 0
-1336 0
-1335 0
-1334 0
-1333 0
-1332 0
-1331 0
-1330 0
-1329 0
-1328 0
-1327 0
-1326 0
-1325 0
-1324 0
-1323 1
-1322 0
-1321 0
-1320 0
-1319 0
-1318 0
-1317 0
-1316 0
-1315 0
-1314 0
-1313 0
-1312 1
-1311 0
-1310 0
-1309 0
-1308 0
-1307 0
-1306 0
-1305 0
-1304 0
-1303 0
-1302 0
-1301 0
-1300 0
-1299 0
-1298 0
-1297 0
-1296 0
-1295 0
-1294 0
-1293 0
-1292 0
-1291 0
-1290 0
-1289 0
-1288 0
-1287 0
-1286 0
-1285 0
-1284 0
-1283 0
-1282 0
-1281 0
-1280 0
-1279 0
-1278 0
-1277 1
-1276 0
-1275 0
-1274 1
-1273 0
-1272 0
-1271 0
-1270 0
-1269 0
-1268 0
-1267 0
-1266 0
-1265 0
-1264 0
-1263 0
-1262 0
-1261 0
-1260 0
-1259 0
-1258 0
-1257 0
-1256 0
-1255 0
-1254 0
-1253 0
-1252 1
-1251 0
-1250 0
-1249 0
-1248 0
-1247 0
-1246 0
-1245 0
-1244 0
-1243 0
-1242 0
-1241 0
-1240 0
-1239 0
-1238 0
-1237 0
-1236 0
-1235 0
-1234 0
-1233 0
-1232 0
-1231 0
-1230 0
-1229 0
-1228 0
-1227 0
-1226 0
-1225 0
-1224 0
-1223 0
-1222 0
-1221 0
-1220 0
-1219 0
-1218 1
-1217 0
-1216 0
-1215 0
-1214 0
-1213 0
-1212 0
-1211 0
-1210 0
-1209 0
-1208 0
-1207 1
-1206 0
-1205 1
-1204 0
-1203 0
-1202 0
-1201 1
-1200 0
-1199 1
-1198 1
-1197 0
-1196 0
-1195 0
-1194 1
-1193 0
-1192 0
-1191 0
-1190 0
-1189 0
-1188 1
-1187 0
-1186 0
-1185 0
-1184 0
-1183 0
-1182 0
-1181 0
-1180 0
-1179 0
-1178 0
-1177 0
-1176 0
-1175 0
-1174 0
-1173 0
-1172 0
-1171 0
-1170 0
-1169 0
-1168 0
-1167 0
-1166 0
-1165 0
-1164 0
-1163 1
-1162 1
-1161 0
-1160 0
-1159 0
-1158 0
-1157 0
-1156 0
-1155 0
-1154 0
-1153 0
-1152 0
-1151 1
-1150 0
-1149 0
-1148 0
-1147 1
-1146 0
-1145 0
-1144 0
-1143 0
-1142 1
-1141 0
-1140 1
-1139 0
-1138 1
-1137 0
-1136 0
-1135 0
-1134 0
-1133 0
-1132 0
-1131 1
-1130 0
-1129 0
-1128 0
-1127 1
-1126 0
-1125 0
-1124 0
-1123 0
-1122 0
-1121 0
-1120 1
-1119 0
-1118 0
-1117 0
-1116 0
-1115 0
-1114 0
-1113 0
-1112 0
-1111 0
-1110 0
-1109 0
-1108 1
-1107 0
-1106 0
-1105 0
-1104 0
-1103 1
-1102 1
-1101 0
-1100 0
-1099 0
-1098 0
-1097 1
-1096 0
-1095 0
-1094 0
-1093 0
-1092 0
-1091 1
-1090 0
-1089 0
-1088 0
-1087 0
-1086 0
-1085 0
-1084 1
-1083 0
-1082 0
-1081 0
-1080 0
-1079 1
-1078 0
-1077 0
-1076 1
-1075 0
-1074 1
-1073 0
-1072 0
-1071 0
-1070 0
-1069 0
-1068 0
-1067 0
-1066 1
-1065 0
-1064 0
-1063 0
-1062 0
-1061 0
-1060 0
-1059 0
-1058 1
-1057 0
-1056 0
-1055 0
-1054 0
-1053 0
-1052 0
-1051 0
-1050 0
-1049 0
-1048 0
-1047 0
-1046 0
-1045 0
-1044 0
-1043 0
-1042 0
-1041 0
-1040 0
-1039 1
-1038 0
-1037 0
-1036 0
-1035 1
-1034 1
-1033 0
-1032 0
-1031 0
-1030 0
-1029 0
-1028 0
-1027 0
-1026 1
-1025 1
-1024 0
-1023 1
-1022 2
-1021 0
-1020 0
-1019 1
-1018 0
-1017 0
-1016 0
-1015 0
-1014 0
-1013 0
-1012 0
-1011 1
-1010 1
-1009 0
-1008 0
-1007 0
-1006 0
-1005 0
-1004 0
-1003 0
-1002 0
-1001 0
-1000 0
-999 0
-998 0
-997 0
-996 0
-995 1
-994 2
-993 0
-992 0
-991 0
-990 0
-989 0
-988 0
-987 1
-986 0
-985 0
-984 0
-983 0
-982 1
-981 0
-980 0
-979 0
-978 0
-977 1
-976 0
-975 0
-974 0
-973 0
-972 0
-971 0
-970 2
-969 0
-968 0
-967 2
-966 0
-965 0
-964 0
-963 1
-962 0
-961 0
-960 0
-959 0
-958 0
-957 0
-956 1
-955 1
-954 0
-953 0
-952 0
-951 1
-950 1
-949 0
-948 0
-947 0
-946 1
-945 0
-944 1
-943 0
-942 0
-941 0
-940 1
-939 0
-938 1
-937 0
-936 1
-935 1
-934 1
-933 0
-932 0
-931 1
-930 0
-929 0
-928 0
-927 0
-926 0
-925 0
-924 1
-923 0
-922 0
-921 0
-920 0
-919 1
-918 2
-917 2
-916 0
-915 0
-914 1
-913 0
-912 0
-911 1
-910 0
-909 0
-908 0
-907 0
-906 0
-905 0
-904 0
-903 0
-902 0
-901 0
-900 0
-899 0
-898 0
-897 0
-896 0
-895 0
-894 0
-893 1
-892 1
-891 0
-890 1
-889 1
-888 0
-887 0
-886 0
-885 0
-884 0
-883 0
-882 0
-881 0
-880 1
-879 0
-878 0
-877 2
-876 1
-875 0
-874 1
-873 0
-872 1
-871 1
-870 0
-869 1
-868 0
-867 1
-866 3
-865 0
-864 1
-863 0
-862 0
-861 0
-860 1
-859 0
-858 1
-857 0
-856 0
-855 0
-854 2
-853 2
-852 0
-851 0
-850 0
-849 0
-848 0
-847 2
-846 0
-845 1
-844 0
-843 1
-842 0
-841 0
-840 0
-839 0
-838 0
-837 0
-836 0
-835 2
-834 0
-833 0
-832 0
-831 1
-830 0
-829 0
-828 0
-827 1
-826 0
-825 1
-824 0
-823 0
-822 0
-821 1
-820 0
-819 0
-818 2
-817 0
-816 2
-815 0
-814 0
-813 0
-812 0
-811 2
-810 0
-809 0
-808 1
-807 0
-806 0
-805 0
-804 0
-803 1
-802 0
-801 0
-800 0
-799 0
-798 2
-797 1
-796 0
-795 0
-794 0
-793 1
-792 1
-791 0
-790 0
-789 0
-788 0
-787 0
-786 0
-785 1
-784 2
-783 1
-782 2
-781 1
-780 0
-779 0
-778 0
-777 1
-776 0
-775 0
-774 0
-773 1
-772 0
-771 0
-770 0
-769 0
-768 1
-767 3
-766 1
-765 1
-764 1
-763 0
-762 2
-761 0
-760 2
-759 1
-758 1
-757 0
-756 2
-755 1
-754 2
-753 0
-752 1
-751 0
-750 0
-749 0
-748 1
-747 0
-746 3
-745 1
-744 1
-743 2
-742 1
-741 2
-740 1
-739 1
-738 1
-737 0
-736 1
-735 2
-734 2
-733 1
-732 1
-731 1
-730 1
-729 1
-728 1
-727 1
-726 0
-725 2
-724 0
-723 0
-722 1
-721 0
-720 1
-719 0
-718 0
-717 2
-716 0
-715 0
-714 0
-713 1
-712 0
-711 2
-710 0
-709 1
-708 0
-707 1
-706 1
-705 0
-704 3
-703 2
-702 0
-701 2
-700 0
-699 3
-698 1
-697 0
-696 0
-695 0
-694 2
-693 0
-692 1
-691 0
-690 0
-689 3
-688 3
-687 1
-686 0
-685 0
-684 2
-683 1
-682 1
-681 1
-680 0
-679 1
-678 0
-677 2
-676 1
-675 0
-674 1
-673 0
-672 0
-671 0
-670 1
-669 1
-668 0
-667 0
-666 2
-665 2
-664 4
-663 3
-662 2
-661 1
-660 0
-659 0
-658 1
-657 0
-656 2
-655 1
-654 2
-653 0
-652 0
-651 0
-650 2
-649 1
-648 0
-647 0
-646 2
-645 2
-644 0
-643 0
-642 1
-641 1
-640 1
-639 1
-638 0
-637 1
-636 2
-635 1
-634 1
-633 1
-632 0
-631 2
-630 1
-629 0
-628 0
-627 4
-626 1
-625 0
-624 0
-623 0
-622 0
-621 0
-620 0
-619 0
-618 3
-617 0
-616 0
-615 1
-614 0
-613 0
-612 1
-611 0
-610 0
-609 2
-608 0
-607 0
-606 0
-605 0
-604 1
-603 0
-602 3
-601 1
-600 3
-599 0
-598 0
-597 1
-596 1
-595 0
-594 2
-593 1
-592 0
-591 2
-590 2
-589 0
-588 1
-587 0
-586 3
-585 1
-584 0
-583 0
-582 2
-581 2
-580 2
-579 1
-578 1
-577 1
-576 2
-575 0
-574 0
-573 0
-572 0
-571 4
-570 1
-569 1
-568 1
-567 3
-566 1
-565 0
-564 1
-563 0
-562 1
-561 2
-560 2
-559 1
-558 2
-557 2
-556 4
-555 0
-554 0
-553 1
-552 3
-551 1
-550 1
-549 1
-548 1
-547 2
-546 0
-545 2
-544 1
-543 1
-542 0
-541 0
-540 2
-539 2
-538 2
-537 0
-536 0
-535 1
-534 1
-533 0
-532 0
-531 4
-530 2
-529 0
-528 0
-527 3
-526 2
-525 1
-524 1
-523 2
-522 1
-521 3
-520 1
-519 1
-518 0
-517 4
-516 1
-515 3
-514 1
-513 5
-512 1
-511 2
-510 0
-509 0
-508 2
-507 0
-506 2
-505 1
-504 1
-503 0
-502 1
-501 1
-500 0
-499 0
-498 2
-497 1
-496 0
-495 3
-494 0
-493 0
-492 1
-491 1
-490 1
-489 3
-488 4
-487 2
-486 2
-485 1
-484 3
-483 2
-482 1
-481 2
-480 1
-479 0
-478 0
-477 1
-476 1
-475 2
-474 1
-473 0
-472 0
-471 1
-470 0
-469 2
-468 2
-467 1
-466 4
-465 2
-464 2
-463 0
-462 3
-461 0
-460 2
-459 2
-458 5
-457 1
-456 4
-455 1
-454 2
-453 0
-452 0
-451 0
-450 2
-449 1
-448 1
-447 2
-446 1
-445 0
-444 3
-443 4
-442 2
-441 1
-440 3
-439 1
-438 1
-437 3
-436 1
-435 1
-434 5
-433 0
-432 2
-431 2
-430 0
-429 1
-428 1
-427 2
-426 2
-425 0
-424 2
-423 0
-422 1
-421 0
-420 3
-419 2
-418 3
-417 6
-416 2
-415 2
-414 1
-413 2
-412 2
-411 2
-410 3
-409 5
-408 2
-407 1
-406 1
-405 3
-404 3
-403 1
-402 2
-401 4
-400 1
-399 3
-398 3
-397 0
-396 1
-395 2
-394 0
-393 3
-392 3
-391 2
-390 0
-389 3
-388 2
-387 1
-386 2
-385 5
-384 3
-383 5
-382 0
-381 1
-380 1
-379 2
-378 3
-377 2
-376 1
-375 1
-374 2
-373 1
-372 3
-371 3
-370 2
-369 3
-368 3
-367 3
-366 6
-365 2
-364 1
-363 4
-362 2
-361 3
-360 1
-359 2
-358 0
-357 2
-356 2
-355 4
-354 2
-353 2
-352 2
-351 4
-350 0
-349 2
-348 4
-347 1
-346 3
-345 5
-344 6
-343 7
-342 5
-341 2
-340 3
-339 3
-338 4
-337 3
-336 1
-335 5
-334 1
-333 4
-332 2
-331 3
-330 3
-329 3
-328 3
-327 2
-326 2
-325 6
-324 1
-323 3
-322 6
-321 5
-320 4
-319 4
-318 2
-317 2
-316 3
-315 7
-314 4
-313 1
-312 3
-311 5
-310 1
-309 1
-308 3
-307 3
-306 3
-305 2
-304 3
-303 1
-302 3
-301 7
-300 3
-299 6
-298 7
-297 3
-296 8
-295 5
-294 2
-293 1
-292 3
-291 3
-290 2
-289 4
-288 4
-287 2
-286 6
-285 4
-284 3
-283 3
-282 5
-281 5
-280 0
-279 3
-278 5
-277 5
-276 2
-275 2
-274 5
-273 7
-272 6
-271 8
-270 7
-269 3
-268 5
-267 8
-266 4
-265 7
-264 3
-263 2
-262 10
-261 4
-260 9
-259 4
-258 4
-257 9
-256 6
-255 7
-254 5
-253 6
-252 7
-251 8
-250 5
-249 3
-248 5
-247 5
-246 7
-245 5
-244 8
-243 2
-242 4
-241 5
-240 6
-239 10
-238 5
-237 6
-236 2
-235 7
-234 4
-233 9
-232 8
-231 6
-230 6
-229 5
-228 4
-227 11
-226 8
-225 3
-224 4
-223 7
-222 10
-221 6
-220 6
-219 7
-218 6
-217 12
-216 7
-215 9
-214 4
-213 9
-212 6
-211 7
-210 10
-209 10
-208 8
-207 8
-206 5
-205 7
-204 4
-203 11
-202 4
-201 8
-200 7
-199 4
-198 4
-197 6
-196 9
-195 2
-194 5
-193 8
-192 6
-191 9
-190 9
-189 7
-188 8
-187 16
-186 9
-185 5
-184 8
-183 9
-182 5
-181 11
-180 7
-179 9
-178 9
-177 10
-176 8
-175 6
-174 10
-173 6
-172 3
-171 11
-170 7
-169 6
-168 4
-167 16
-166 15
-165 15
-164 16
-163 16
-162 10
-161 15
-160 14
-159 17
-158 12
-157 8
-156 14
-155 14
-154 14
-153 15
-152 12
-151 13
-150 14
-149 11
-148 15
-147 17
-146 10
-145 13
-144 13
-143 16
-142 13
-141 16
-140 19
-139 12
-138 22
-137 19
-136 7
-135 14
-134 19
-133 17
-132 13
-131 18
-130 23
-129 19
-128 12
-127 19
-126 14
-125 14
-124 15
-123 14
-122 19
-121 14
-120 20
-119 24
-118 15
-117 13
-116 27
-115 16
-114 12
-113 24
-112 20
-111 15
-110 19
-109 17
-108 33
-107 26
-106 26
-105 18
-104 28
-103 23
-102 24
-101 21
-100 24
-99 21
-98 31
-97 24
-96 29
-95 27
-94 27
-93 33
-92 32
-91 29
-90 21
-89 38
-88 34
-87 26
-86 37
-85 27
-84 34
-83 38
-82 27
-81 30
-80 33
-79 34
-78 41
-77 35
-76 35
-75 37
-74 44
-73 35
-72 39
-71 35
-70 45
-69 45
-68 46
-67 50
-66 56
-65 53
-64 58
-63 47
-62 38
-61 45
-60 61
-59 48
-58 63
-57 58
-56 52
-55 58
-54 58
-53 60
-52 67
-51 65
-50 80
-49 66
-48 74
-47 75
-46 75
-45 73
-44 92
-43 102
-42 90
-41 111
-40 86
-39 114
-38 108
-37 109
-36 124
-35 137
-34 105
-33 139
-32 135
-31 134
-30 161
-29 149
-28 181
-27 199
-26 201
-25 204
-24 203
-23 251
-22 225
-21 256
-20 276
-19 287
-18 285
-17 325
-16 361
-15 403
-14 445
-13 512
-12 556
-11 588
-10 746
-9 847
-8 970
-7 1226
-6 1464
-5 1906
-4 2534
-3 3672
-2 6203
-1 14531
0 103086
1 699917
2 105251
3 12932
4 5762
5 3534
6 2566
7 1914
8 1467
9 1139
10 958
11 791
12 734
13 626
14 545
15 523
16 462
17 440
18 374
19 331
20 305
21 279
22 274
23 232
24 203
25 214
26 249
27 208
28 193
29 180
30 174
31 177
32 152
33 130
34 135
35 130
36 123
37 122
38 125
39 131
40 100
41 93
42 105
43 100
44 98
45 83
46 102
47 87
48 62
49 81
50 67
51 58
52 61
53 79
54 52
55 74
56 79
57 51
58 53
59 47
60 52
61 52
62 60
63 47
64 51
65 55
66 43
67 54
68 53
69 45
70 45
71 43
72 27
73 41
74 40
75 40
76 46
77 33
78 46
79 39
80 33
81 49
82 39
83 31
84 36
85 26
86 16
87 21
88 36
89 27
90 36
91 37
92 27
93 26
94 21
95 38
96 32
97 37
98 29
99 29
100 36
101 23
102 24
103 26
104 23
105 18
106 21
107 20
108 29
109 24
110 23
111 18
112 24
113 7
114 21
115 17
116 15
117 17
118 15
119 25
120 16
121 26
122 21
123 24
124 9
125 14
126 18
127 19
128 13
129 11
130 23
131 17
132 23
133 17
134 13
135 9
136 14
137 16
138 17
139 18
140 20
141 12
142 16
143 15
144 7
145 13
146 15
147 21
148 16
149 11
150 13
151 15
152 16
153 12
154 9
155 9
156 18
157 11
158 17
159 15
160 10
161 13
162 14
163 11
164 15
165 16
166 12
167 10
168 13
169 5
170 10
171 5
172 11
173 7
174 7
175 16
176 12
177 5
178 8
179 7
180 12
181 6
182 8
183 11
184 14
185 13
186 5
187 7
188 11
189 11
190 10
191 12
192 4
193 4
194 12
195 5
196 9
197 5
198 10
199 3
200 10
201 12
202 7
203 7
204 9
205 4
206 3
207 10
208 5
209 7
210 8
211 4
212 7
213 6
214 8
215 10
216 8
217 6
218 10
219 6
220 8
221 7
222 2
223 5
224 14
225 7
226 4
227 6
228 14
229 5
230 10
231 9
232 10
233 8
234 9
235 3
236 3
237 3
238 4
239 4
240 11
241 4
242 6
243 5
244 4
245 3
246 3
247 4
248 9
249 7
250 4
251 1
252 1
253 6
254 4
255 10
256 2
257 5
258 3
259 4
260 11
261 4
262 10
263 5
264 5
265 8
266 6
267 3
268 6
269 4
270 5
271 3
272 4
273 1
274 2
275 5
276 5
277 4
278 6
279 4
280 1
281 2
282 3
283 4
284 1
285 11
286 3
287 6
288 3
289 6
290 5
291 2
292 3
293 1
294 4
295 2
296 5
297 1
298 2
299 1
300 4
301 0
302 4
303 5
304 3
305 7
306 4
307 4
308 4
309 7
310 5
311 2
312 9
313 0
314 3
315 2
316 3
317 2
318 3
319 2
320 2
321 5
322 2
323 3
324 1
325 4
326 2
327 4
328 3
329 3
330 2
331 7
332 1
333 4
334 3
335 8
336 4
337 2
338 0
339 1
340 5
341 4
342 1
343 6
344 5
345 5
346 5
347 2
348 4
349 4
350 2
351 2
352 0
353 4
354 8
355 2
356 2
357 4
358 2
359 1
360 1
361 1
362 2
363 5
364 0
365 3
366 1
367 4
368 1
369 3
370 2
371 2
372 3
373 4
374 3
375 5
376 1
377 2
378 4
379 1
380 3
381 2
382 2
383 2
384 1
385 3
386 5
387 3
388 4
389 3
390 0
391 2
392 0
393 1
394 3
395 2
396 5
397 2
398 1
399 1
400 1
401 2
402 1
403 3
404 3
405 2
406 0
407 4
408 0
409 4
410 5
411 1
412 1
413 2
414 2
415 2
416 1
417 4
418 2
419 5
420 4
421 2
422 3
423 0
424 0
425 3
426 2
427 1
428 2
429 2
430 0
431 3
432 2
433 1
434 1
435 0
436 3
437 2
438 6
439 4
440 2
441 0
442 3
443 1
444 2
445 2
446 0
447 1
448 1
449 2
450 0
451 3
452 0
453 2
454 4
455 2
456 3
457 1
458 1
459 1
460 1
461 2
462 1
463 1
464 1
465 1
466 1
467 4
468 1
469 1
470 0
471 1
472 5
473 2
474 3
475 1
476 0
477 1
478 0
479 1
480 1
481 1
482 1
483 3
484 2
485 2
486 0
487 3
488 3
489 1
490 1
491 3
492 1
493 0
494 1
495 0
496 3
497 2
498 0
499 1
500 1
501 0
502 1
503 2
504 2
505 0
506 3
507 1
508 3
509 2
510 1
511 2
512 2
513 0
514 0
515 3
516 1
517 2
518 1
519 0
520 2
521 0
522 1
523 1
524 2
525 0
526 1
527 2
528 3
529 0
530 4
531 0
532 1
533 1
534 1
535 2
536 0
537 0
538 0
539 1
540 0
541 2
542 3
543 1
544 2
545 2
546 2
547 3
548 2
549 0
550 1
551 2
552 0
553 0
554 0
555 0
556 3
557 0
558 0
559 2
560 2
561 0
562 0
563 0
564 0
565 0
566 1
567 4
568 0
569 0
570 0
571 2
572 1
573 1
574 0
575 2
576 0
577 1
578 0
579 1
580 1
581 2
582 0
583 0
584 1
585 1
586 3
587 1
588 1
589 1
590 2
591 4
592 1
593 4
594 0
595 0
596 3
597 0
598 2
599 0
600 2
601 0
602 0
603 1
604 0
605 1
606 3
607 2
608 2
609 1
610 1
611 1
612 0
613 0
614 0
615 1
616 0
617 0
618 0
619 0
620 1
621 0
622 0
623 0
624 1
625 0
626 0
627 0
628 0
629 1
630 0
631 2
632 0
633 1
634 2
635 2
636 0
637 3
638 0
639 1
640 0
641 0
642 0
643 2
644 1
645 3
646 1
647 2
648 2
649 1
650 0
651 2
652 0
653 0
654 2
655 1
656 0
657 4
658 3
659 2
660 0
661 1
662 0
663 0
664 0
665 1
666 3
667 0
668 1
669 2
670 2
671 1
672 0
673 0
674 0
675 0
676 0
677 1
678 1
679 0
680 1
681 1
682 0
683 1
684 1
685 1
686 1
687 1
688 0
689 0
690 0
691 0
692 0
693 2
694 1
695 1
696 0
697 1
698 0
699 2
700 0
701 0
702 1
703 3
704 0
705 0
706 0
707 0
708 0
709 0
710 0
711 1
712 0
713 0
714 1
715 1
716 1
717 0
718 1
719 0
720 0
721 2
722 2
723 1
724 0
725 0
726 0
727 0
728 2
729 3
730 1
731 0
732 1
733 0
734 2
735 0
736 0
737 0
738 0
739 1
740 0
741 1
742 0
743 0
744 2
745 1
746 1
747 4
748 1
749 0
750 2
751 1
752 0
753 1
754 1
755 0
756 3
757 0
758 1
759 1
760 0
761 0
762 1
763 2
764 2
765 1
766 0
767 0
768 0
769 1
770 0
771 0
772 0
773 0
774 1
775 0
776 0
777 0
778 2
779 0
780 0
781 0
782 1
783 0
784 1
785 0
786 2
787 1
788 0
789 1
790 1
791 1
792 0
793 0
794 0
795 0
796 2
797 0
798 1
799 0
800 1
801 1
802 1
803 1
804 0
805 1
806 0
807 1
808 0
809 1
810 0
811 1
812 0
813 2
814 0
815 0
816 0
817 0
818 0
819 1
820 1
821 0
822 0
823 0
824 0
825 0
826 0
827 0
828 0
829 1
830 2
831 0
832 1
833 0
834 1
835 0
836 1
837 0
838 0
839 1
840 0
841 0
842 0
843 1
844 1
845 0
846 0
847 0
848 0
849 0
850 0
851 3
852 1
853 0
854 0
855 0
856 0
857 1
858 0
859 0
860 1
861 1
862 0
863 0
864 2
865 0
866 0
867 0
868 1
869 0
870 1
871 0
872 0
873 0
874 1
875 0
876 1
877 0
878 1
879 0
880 1
881 1
882 1
883 1
884 1
885 1
886 0
887 0
888 1
889 0
890 0
891 2
892 0
893 0
894 1
895 0
896 0
897 0
898 0
899 0
900 0
901 0
902 0
903 0
904 0
905 0
906 0
907 0
908 0
909 0
910 0
911 1
912 0
913 0
914 0
915 0
916 0
917 1
918 0
919 1
920 2
921 0
922 0
923 0
924 0
925 1
926 0
927 0
928 0
929 0
930 1
931 0
932 0
933 0
934 0
935 1
936 1
937 0
938 1
939 0
940 0
941 2
942 0
943 2
944 0
945 0
946 0
947 0
948 0
949 2
950 0
951 0
952 0
953 1
954 1
955 0
956 0
957 1
958 0
959 0
960 0
961 0
962 0
963 0
964 1
965 0
966 1
967 2
968 0
969 0
970 1
971 2
972 0
973 1
974 0
975 1
976 0
977 0
978 0
979 0
980 0
981 0
982 0
983 1
984 0
985 1
986 0
987 1
988 2
989 0
990 1
991 0
992 0
993 0
994 0
995 0
996 1
997 0
998 0
999 0
1000 0
1001 0
1002 0
1003 0
1004 0
1005 0
1006 1
1007 0
1008 0
1009 0
1010 0
1011 0
1012 0
1013 0
1014 0
1015 0
1016 0
1017 0
1018 0
1019 0
1020 0
1021 0
1022 1
1023 0
1024 0
1025 0
1026 0
1027 0
1028 0
1029 0
1030 0
1031 0
1032 0
1033 1
1034 1
1035 1
1036 0
1037 2
1038 0
1039 1
1040 0
1041 1
1042 1
1043 0
1044 0
1045 0
1046 0
1047 0
1048 0
1049 0
1050 0
1051 0
1052 0
1053 1
1054 0
1055 0
1056 0
1057 0
1058 0
1059 1
1060 0
1061 0
1062 0
1063 2
1064 0
1065 1
1066 0
1067 0
1068 0
1069 0
1070 0
1071 0
1072 0
1073 0
1074 0
1075 1
1076 0
1077 1
1078 0
1079 1
1080 0
1081 0
1082 0
1083 0
1084 1
1085 0
1086 0
1087 0
1088 0
1089 0
1090 0
1091 0
1092 0
1093 0
1094 0
1095 0
1096 0
1097 0
1098 1
1099 0
1100 0
1101 1
1102 0
1103 0
1104 1
1105 0
1106 0
1107 0
1108 0
1109 0
1110 0
1111 0
1112 0
1113 0
1114 1
1115 0
1116 1
1117 0
1118 0
1119 0
1120 0
1121 0
1122 0
1123 0
1124 0
1125 1
1126 0
1127 0
1128 0
1129 0
1130 0
1131 0
1132 0
1133 2
1134 0
1135 0
1136 0
1137 2
1138 0
1139 0
1140 1
1141 1
1142 0
1143 0
1144 0
1145 0
1146 0
1147 0
1148 1
1149 0
1150 1
1151 0
1152 0
1153 0
1154 0
1155 0
1156 0
1157 0
1158 0
1159 0
1160 0
1161 0
1162 1
1163 0
1164 0
1165 0
1166 0
1167 0
1168 0
1169 0
1170 0
1171 0
1172 1
1173 1
1174 0
1175 0
1176 0
1177 0
1178 0
1179 1
1180 0
1181 0
1182 0
1183 0
1184 0
1185 0
1186 0
1187 0
1188 0
1189 1
1190 0
1191 0
1192 0
1193 0
1194 0
1195 0
1196 0
1197 0
1198 0
1199 0
1200 1
1201 0
1202 0
1203 0
1204 0
1205 0
1206 0
1207 0
1208 0
1209 0
1210 0
1211 0
1212 0
1213 0
1214 0
1215 0
1216 0
1217 0
1218 0
1219 0
1220 0
1221 0
1222 1
1223 0
1224 0
1225 0
1226 1
1227 1
1228 0
1229 0
1230 0
1231 0
1232 0
1233 0
1234 1
1235 0
1236 0
1237 0
1238 0
1239 0
1240 0
1241 0
1242 0
1243 0
1244 0
1245 0
1246 0
1247 1
1248 1
1249 0
1250 0
1251 0
1252 0
1253 0
1254 1
1255 0
1256 0
1257 0
1258 0
1259 0
1260 0
1261 0
1262 0
1263 0
1264 0
1265 0
1266 0
1267 0
1268 0
1269 0
1270 0
1271 0
1272 0
1273 0
1274 0
1275 0
1276 0
1277 1
1278 0
1279 0
1280 0
1281 0
1282 0
1283 0
1284 0
1285 0
1286 0
1287 0
1288 0
1289 0
1290 0
1291 1
1292 0
1293 0
1294 0
1295 0
1296 0
1297 1
1298 0
1299 0
1300 0
1301 0
1302 0
1303 0
1304 0
1305 0
1306 0
1307 0
1308 0
1309 0
1310 0
1311 0
1312 1
1313 0
1314 0
1315 0
1316 0
1317 0
1318 0
1319 0
1320 0
1321 0
1322 0
1323 0
1324 0
1325 0
1326 0
1327 0
1328 0
1329 0
1330 0
1331 0
1332 0
1333 0
1334 0
1335 0
1336 0
1337 0
1338 0
1339 0
1340 0
1341 0
1342 0
1343 0
1344 0
1345 0
1346 0
1347 0
1348 0
1349 0
1350 0
1351 0
1352 0
1353 0
1354 1
1355 0
1356 0
1357 0
1358 1
1359 0
1360 0
1361 0
1362 0
1363 0
1364 0
1365 0
1366 0
1367 0
1368 0
1369 0
1370 0
1371 0
1372 0
1373 1
1374 0
1375 0
1376 0
1377 1
1378 0
1379 1
1380 0
1381 0
1382 0
1383 0
1384 0
1385 0
1386 0
1387 0
1388 0
1389 0
1390 0
1391 0
1392 0
1393 0
1394 0
1395 0
1396 0
1397 0
1398 0
1399 0
1400 0
1401 0
1402 0
1403 0
1404 0
1405 0
1406 0
1407 0
1408 0
1409 0
1410 0
1411 0
1412 0
1413 0
1414 0
1415 0
1416 0
1417 0
1418 0
1419 0
1420 0
1421 0
1422 0
1423 0
1424 0
1425 0
1426 0
1427 0
1428 0
1429 0
1430 0
1431 0
1432 0
1433 0
1434 0
1435 0
1436 0
1437 0
1438 0
1439 0
1440 0
1441 0
1442 0
1443 0
1444 1
1445 1
1446 0
1447 0
1448 0
1449 0
1450 0
1451 0
1452 0
1453 0
1454 0
1455 0
1456 0
1457 0
1458 0
1459 0
1460 0
1461 0
1462 0
1463 0
1464 0
1465 0
1466 0
1467 0
1468 0
1469 0
1470 0
1471 0
1472 0
1473 0
1474 0
1475 0
1476 0
1477 0
1478 0
1479 0
1480 0
1481 0
1482 0
1483 0
1484 0
1485 0
1486 0
1487 0
1488 0
1489 0
1490 0
1491 0
1492 0
1493 0
1494 0
1495 0
1496 0
1497 0
1498 0
1499 0
1500 0
1501 0
1502 0
1503 0
1504 0
1505 1
1506 0
1507 0
1508 0
1509 0
1510 0
1511 0
1512 0
1513 0
1514 0
1515 0
1516 0
1517 0
1518 0
1519 0
1520 0
1521 0
1522 0
1523 0
1524 0
1525 0
1526 0
1527 0
1528 0
1529 0
1530 0
1531 0
1532 0
1533 0
1534 0
1535 0
1536 0
1537 0
1538 0
1539 0
1540 0
1541 0
1542 0
1543 0
1544 0
1545 0
1546 0
1547 0
1548 0
1549 0
1550 0
1551 0
1552 0
1553 0
1554 1
1555 0
1556 0
1557 0
1558 0
1559 0
1560 0
1561 0
1562 0
1563 0
1564 0
1565 0
1566 0
1567 0
1568 0
1569 0
1570 0
1571 0
1572 0
1573 0
1574 0
1575 0
1576 0
1577 0
1578 0
1579 0
1580 0
1581 0
1582 0
1583 1
1584 0
1585 0
1586 0
1587 0
1588 0
1589 0
1590 0
1591 0
1592 0
1593 0
1594 0
1595 0
1596 0
1597 0
1598 0
1599 0
1600 0
1601 0
1602 0
1603 0
1604 0
1605 0
1606 0
1607 1
