2 0.7741160884325577
3 0.73376
4 0.7003162888771745
5 0.6761830876648565
6 0.6577424023154848
7 0.6486039296794209
8 0.636489928224126
9 0.6250956388676359
10 0.5959885386819485
11 0.6115086463923673
12 0.6054054054054054
13 0.5978781656399726
14 0.59501100513573
15 0.5939086294416244
16 0.5716009654062751
17 0.5900463939266133
18 0.5854498493327593
19 0.5835555555555556
20 0.5621219171707771
21 0.5602379771938523
22 0.5659989727786338
23 0.5727898358920064
24 0.5690968443960827
25 0.5763172189027702
26 0.5524397083567022
27 0.5370370370370371
28 0.5477356181150551
29 0.5489335006273526
30 0.5554131966688021
31 0.5407407407407407
32 0.5580756013745705
33 0.5577326801959412
34 0.5392561983471075
35 0.5441379310344827
36 0.5367498314227916
37 0.5321239606953893
38 0.5316653635652854
39 0.535851966075559
40 0.5349397590361445
41 0.5200341005967605
42 0.5378723404255319
43 0.5625
44 0.5473145780051151
45 0.5284090909090909
46 0.5515911282545806
47 0.5156102175969726
48 0.5180265654648957
49 0.517578125
50 0.5393474088291746
51 0.5060975609756098
52 0.5358565737051793
53 0.5234765234765235
54 0.5408866995073892
55 0.5378323108384458
56 0.5141361256544502
57 0.5438225976768744
58 0.5453575240128068
59 0.538543897216274
60 0.5027027027027027
61 0.5063694267515924
62 0.5118279569892473
63 0.5387323943661971
64 0.5067114093959731
65 0.5067720090293454
66 0.5354691075514875
67 0.5327868852459017
68 0.5357561547479485
69 0.5224913494809689
70 0.5088967971530249
71 0.5229007633587787
72 0.5112219451371571
73 0.538163001293661
74 0.4824242424242424
75 0.5075239398084815
76 0.5021398002853067
77 0.5054347826086957
78 0.5034578146611342
79 0.5030395136778115
80 0.5450310559006211
81 0.5378787878787878
82 0.48717948717948717
83 0.47840531561461797
84 0.5383386581469649
85 0.5355029585798816
86 0.5093457943925234
87 0.5338842975206611
88 0.5331325301204819
89 0.5030959752321982
90 0.5104477611940299
91 0.5274888558692422
92 0.5292307692307693
93 0.49404761904761907
94 0.4840764331210191
95 0.49916805324459235
96 0.5218120805369127
97 0.5046583850931677
98 0.5062794348508635
