-1684 1
-1683 0
-1682 0
-1681 0
-1680 0
-1679 0
-1678 0
-1677 0
-1676 0
-1675 0
-1674 0
-1673 0
-1672 0
-1671 0
-1670 0
-1669 0
-1668 0
-1667 0
-1666 0
-1665 0
-1664 0
-1663 0
-1662 0
-1661 0
-1660 0
-1659 0
-1658 0
-1657 0
-1656 0
-1655 0
-1654 0
-1653 0
-1652 0
-1651 0
-1650 0
-1649 0
-1648 0
-1647 0
-1646 0
-1645 0
-1644 0
-1643 0
-1642 0
-1641 0
-1640 0
-1639 0
-1638 0
-1637 0
-1636 0
-1635 0
-1634 0
-1633 0
-1632 0
-1631 0
-1630 0
-1629 0
-1628 0
-1627 0
-1626 0
-1625 0
-1624 0
-1623 0
-1622 0
-1621 0
-1620 0
-1619 0
-1618 0
-1617 0
-1616 0
-1615 0
-1614 0
-1613 0
-1612 0
-1611 0
-1610 0
-1609 0
-1608 0
-1607 0
-1606 0
-1605 0
-1604 0
-1603 0
-1602 0
-1601 0
-1600 0
-1599 0
-1598 0
-1597 0
-1596 0
-1595 0
-1594 0
-1593 0
-1592 0
-1591 0
-1590 0
-1589 0
-1588 0
-1587 0
-1586 0
-1585 0
-1584 0
-1583 0
-1582 0
-1581 0
-1580 0
-1579 0
-1578 0
-1577 0
-1576 0
-1575 0
-1574 0
-1573 0
-1572 1
-1571 0
-1570 0
-1569 0
-1568 0
-1567 0
-1566 0
-1565 0
-1564 0
-1563 0
-1562 0
-1561 0
-1560 0
-1559 0
-1558 0
-1557 0
-1556 0
-1555 0
-1554 0
-1553 0
-1552 0
-1551 0
-1550 0
-1549 0
-1548 0
-1547 0
-1546 1
-1545 0
-1544 0
-1543 0
-1542 0
-1541 0
-1540 0
-1539 0
-1538 0
-1537 0
-1536 0
-1535 0
-1534 0
-1533 0
-1532 0
-1531 0
-1530 1
-1529 0
-1528 0
-1527 0
-1526 0
-1525 0
-1524 0
-1523 0
-1522 0
-1521 0
-1520 0
-1519 0
-1518 0
-1517 1
-1516 0
-1515 0
-1514 0
-1513 0
-1512 0
-1511 0
-1510 0
-1509 1
-1508 0
-1507 0
-1506 0
-1505 0
-1504 0
-1503 0
-1502 0
-1501 0
-1500 0
-1499 0
-1498 0
-1497 0
-1496 0
-1495 0
-1494 0
-1493 0
-1492 0
-1491 0
-1490 0
-1489 0
-1488 0
-1487 0
-1486 0
-1485 0
-1484 0
-1483 0
-1482 0
-1481 0
-1480 1
-1479 0
-1478 0
-1477 0
-1476 0
-1475 0
-1474 0
-1473 0
-1472 0
-1471 0
-1470 0
-1469 0
-1468 0
-1467 0
-1466 0
-1465 0
-1464 0
-1463 1
-1462 1
-1461 0
-1460 1
-1459 0
-1458 0
-1457 0
-1456 0
-1455 0
-1454 2
-1453 0
-1452 0
-1451 1
-1450 0
-1449 0
-1448 0
-1447 1
-1446 0
-1445 0
-1444 0
-1443 0
-1442 0
-1441 1
-1440 0
-1439 0
-1438 1
-1437 0
-1436 0
-1435 1
-1434 0
-1433 0
-1432 0
-1431 0
-1430 0
-1429 0
-1428 0
-1427 0
-1426 0
-1425 0
-1424 0
-1423 1
-1422 0
-1421 0
-1420 2
-1419 3
-1418 0
-1417 1
-1416 1
-1415 0
-1414 1
-1413 0
-1412 0
-1411 0
-1410 0
-1409 0
-1408 1
-1407 1
-1406 0
-1405 0
-1404 1
-1403 0
-1402 0
-1401 0
-1400 0
-1399 0
-1398 0
-1397 0
-1396 0
-1395 0
-1394 0
-1393 0
-1392 0
-1391 1
-1390 2
-1389 0
-1388 0
-1387 0
-1386 0
-1385 0
-1384 1
-1383 0
-1382 0
-1381 0
-1380 0
-1379 0
-1378 0
-1377 0
-1376 3
-1375 0
-1374 0
-1373 0
-1372 0
-1371 0
-1370 2
-1369 0
-1368 1
-1367 0
-1366 0
-1365 0
-1364 0
-1363 1
-1362 1
-1361 1
-1360 0
-1359 0
-1358 1
-1357 0
-1356 1
-1355 0
-1354 0
-1353 0
-1352 0
-1351 1
-1350 1
-1349 2
-1348 1
-1347 0
-1346 0
-1345 1
-1344 0
-1343 1
-1342 0
-1341 1
-1340 1
-1339 0
-1338 2
-1337 0
-1336 0
-1335 1
-1334 0
-1333 0
-1332 2
-1331 1
-1330 1
-1329 0
-1328 0
-1327 1
-1326 1
-1325 0
-1324 1
-1323 1
-1322 1
-1321 0
-1320 1
-1319 0
-1318 0
-1317 1
-1316 1
-1315 1
-1314 3
-1313 1
-1312 0
-1311 0
-1310 2
-1309 0
-1308 2
-1307 1
-1306 0
-1305 0
-1304 0
-1303 0
-1302 2
-1301 2
-1300 2
-1299 1
-1298 0
-1297 0
-1296 1
-1295 1
-1294 1
-1293 0
-1292 0
-1291 3
-1290 4
-1289 1
-1288 0
-1287 1
-1286 1
-1285 0
-1284 1
-1283 2
-1282 2
-1281 0
-1280 1
-1279 1
-1278 1
-1277 2
-1276 1
-1275 1
-1274 1
-1273 2
-1272 0
-1271 0
-1270 1
-1269 1
-1268 1
-1267 0
-1266 3
-1265 1
-1264 2
-1263 1
-1262 0
-1261 0
-1260 2
-1259 1
-1258 1
-1257 0
-1256 0
-1255 2
-1254 2
-1253 1
-1252 1
-1251 0
-1250 0
-1249 1
-1248 2
-1247 0
-1246 2
-1245 2
-1244 5
-1243 0
-1242 2
-1241 0
-1240 1
-1239 2
-1238 3
-1237 1
-1236 5
-1235 1
-1234 1
-1233 3
-1232 0
-1231 2
-1230 3
-1229 2
-1228 0
-1227 3
-1226 2
-1225 2
-1224 3
-1223 1
-1222 0
-1221 0
-1220 5
-1219 3
-1218 3
-1217 0
-1216 2
-1215 3
-1214 1
-1213 1
-1212 2
-1211 2
-1210 2
-1209 1
-1208 1
-1207 1
-1206 5
-1205 2
-1204 2
-1203 1
-1202 3
-1201 3
-1200 0
-1199 2
-1198 2
-1197 0
-1196 2
-1195 6
-1194 3
-1193 3
-1192 2
-1191 2
-1190 2
-1189 2
-1188 2
-1187 2
-1186 1
-1185 1
-1184 5
-1183 1
-1182 4
-1181 5
-1180 3
-1179 3
-1178 3
-1177 4
-1176 4
-1175 1
-1174 3
-1173 5
-1172 3
-1171 3
-1170 2
-1169 5
-1168 2
-1167 2
-1166 3
-1165 1
-1164 7
-1163 3
-1162 4
-1161 3
-1160 3
-1159 5
-1158 1
-1157 0
-1156 6
-1155 3
-1154 3
-1153 2
-1152 3
-1151 2
-1150 4
-1149 3
-1148 1
-1147 3
-1146 4
-1145 3
-1144 4
-1143 10
-1142 2
-1141 8
-1140 2
-1139 4
-1138 6
-1137 2
-1136 4
-1135 4
-1134 5
-1133 6
-1132 4
-1131 2
-1130 2
-1129 4
-1128 4
-1127 4
-1126 3
-1125 1
-1124 4
-1123 4
-1122 4
-1121 3
-1120 1
-1119 4
-1118 2
-1117 13
-1116 0
-1115 8
-1114 11
-1113 5
-1112 6
-1111 4
-1110 4
-1109 6
-1108 5
-1107 3
-1106 5
-1105 6
-1104 5
-1103 2
-1102 5
-1101 7
-1100 3
-1099 4
-1098 5
-1097 8
-1096 7
-1095 4
-1094 7
-1093 6
-1092 8
-1091 4
-1090 11
-1089 4
-1088 2
-1087 4
-1086 5
-1085 3
-1084 7
-1083 9
-1082 8
-1081 7
-1080 3
-1079 6
-1078 5
-1077 3
-1076 7
-1075 7
-1074 5
-1073 8
-1072 7
-1071 6
-1070 5
-1069 10
-1068 5
-1067 5
-1066 8
-1065 7
-1064 6
-1063 5
-1062 8
-1061 11
-1060 5
-1059 11
-1058 11
-1057 9
-1056 14
-1055 8
-1054 4
-1053 9
-1052 6
-1051 10
-1050 3
-1049 8
-1048 10
-1047 7
-1046 4
-1045 7
-1044 8
-1043 11
-1042 11
-1041 4
-1040 10
-1039 6
-1038 4
-1037 9
-1036 10
-1035 10
-1034 7
-1033 17
-1032 8
-1031 8
-1030 7
-1029 9
-1028 8
-1027 5
-1026 8
-1025 11
-1024 13
-1023 9
-1022 16
-1021 6
-1020 10
-1019 7
-1018 6
-1017 13
-1016 7
-1015 11
-1014 13
-1013 14
-1012 13
-1011 16
-1010 15
-1009 17
-1008 13
-1007 13
-1006 11
-1005 9
-1004 14
-1003 7
-1002 9
-1001 13
-1000 10
-999 10
-998 13
-997 7
-996 8
-995 14
-994 9
-993 12
-992 8
-991 12
-990 8
-989 10
-988 15
-987 12
-986 14
-985 14
-984 9
-983 17
-982 16
-981 16
-980 7
-979 8
-978 16
-977 11
-976 17
-975 8
-974 13
-973 19
-972 15
-971 13
-970 14
-969 13
-968 15
-967 20
-966 14
-965 17
-964 29
-963 16
-962 15
-961 19
-960 20
-959 18
-958 23
-957 24
-956 12
-955 17
-954 16
-953 22
-952 17
-951 21
-950 13
-949 17
-948 20
-947 19
-946 30
-945 21
-944 21
-943 20
-942 27
-941 16
-940 23
-939 22
-938 24
-937 25
-936 19
-935 25
-934 28
-933 18
-932 27
-931 29
-930 20
-929 23
-928 29
-927 29
-926 19
-925 13
-924 20
-923 26
-922 23
-921 19
-920 23
-919 29
-918 27
-917 25
-916 22
-915 25
-914 26
-913 25
-912 35
-911 20
-910 32
-909 23
-908 33
-907 24
-906 31
-905 28
-904 28
-903 29
-902 31
-901 23
-900 43
-899 17
-898 31
-897 26
-896 33
-895 27
-894 26
-893 35
-892 23
-891 34
-890 35
-889 27
-888 39
-887 27
-886 38
-885 34
-884 28
-883 42
-882 35
-881 41
-880 29
-879 30
-878 28
-877 34
-876 36
-875 30
-874 54
-873 43
-872 39
-871 27
-870 28
-869 50
-868 41
-867 33
-866 38
-865 46
-864 39
-863 39
-862 33
-861 37
-860 35
-859 48
-858 45
-857 39
-856 37
-855 43
-854 46
-853 51
-852 43
-851 55
-850 41
-849 39
-848 40
-847 46
-846 35
-845 42
-844 50
-843 43
-842 49
-841 34
-840 42
-839 44
-838 51
-837 53
-836 48
-835 52
-834 65
-833 59
-832 44
-831 63
-830 46
-829 57
-828 60
-827 52
-826 51
-825 64
-824 65
-823 52
-822 63
-821 57
-820 57
-819 68
-818 64
-817 53
-816 36
-815 57
-814 59
-813 63
-812 57
-811 55
-810 62
-809 57
-808 77
-807 57
-806 65
-805 59
-804 64
-803 60
-802 65
-801 65
-800 75
-799 59
-798 66
-797 70
-796 69
-795 74
-794 71
-793 66
-792 75
-791 73
-790 71
-789 64
-788 73
-787 56
-786 62
-785 73
-784 70
-783 77
-782 101
-781 77
-780 77
-779 69
-778 78
-777 87
-776 88
-775 80
-774 96
-773 83
-772 85
-771 77
-770 92
-769 90
-768 75
-767 85
-766 85
-765 84
-764 85
-763 79
-762 99
-761 83
-760 86
-759 112
-758 95
-757 94
-756 79
-755 88
-754 100
-753 94
-752 111
-751 103
-750 87
-749 110
-748 119
-747 104
-746 105
-745 115
-744 126
-743 89
-742 119
-741 103
-740 100
-739 127
-738 124
-737 120
-736 113
-735 127
-734 113
-733 109
-732 114
-731 112
-730 120
-729 91
-728 125
-727 112
-726 127
-725 134
-724 113
-723 117
-722 103
-721 125
-720 132
-719 116
-718 133
-717 143
-716 121
-715 138
-714 100
-713 121
-712 118
-711 132
-710 133
-709 114
-708 128
-707 137
-706 126
-705 129
-704 133
-703 154
-702 154
-701 128
-700 140
-699 128
-698 161
-697 151
-696 163
-695 139
-694 140
-693 140
-692 159
-691 133
-690 152
-689 168
-688 167
-687 159
-686 151
-685 156
-684 151
-683 154
-682 158
-681 168
-680 162
-679 165
-678 138
-677 179
-676 191
-675 159
-674 173
-673 155
-672 179
-671 211
-670 189
-669 186
-668 204
-667 184
-666 199
-665 190
-664 211
-663 180
-662 178
-661 181
-660 207
-659 217
-658 203
-657 207
-656 192
-655 224
-654 228
-653 180
-652 208
-651 225
-650 197
-649 210
-648 222
-647 211
-646 205
-645 230
-644 232
-643 227
-642 212
-641 237
-640 266
-639 230
-638 218
-637 257
-636 234
-635 218
-634 244
-633 238
-632 260
-631 216
-630 231
-629 234
-628 250
-627 255
-626 259
-625 299
-624 250
-623 252
-622 233
-621 266
-620 273
-619 246
-618 272
-617 258
-616 276
-615 289
-614 274
-613 282
-612 292
-611 281
-610 261
-609 281
-608 315
-607 294
-606 272
-605 306
-604 308
-603 295
-602 335
-601 304
-600 313
-599 305
-598 347
-597 290
-596 319
-595 303
-594 355
-593 367
-592 349
-591 322
-590 342
-589 361
-588 322
-587 356
-586 329
-585 369
-584 388
-583 331
-582 388
-581 360
-580 335
-579 344
-578 381
-577 411
-576 387
-575 413
-574 400
-573 395
-572 402
-571 391
-570 382
-569 395
-568 430
-567 393
-566 400
-565 448
-564 382
-563 421
-562 437
-561 458
-560 422
-559 453
-558 445
-557 483
-556 444
-555 462
-554 477
-553 437
-552 447
-551 443
-550 457
-549 478
-548 466
-547 455
-546 484
-545 483
-544 464
-543 546
-542 539
-541 525
-540 527
-539 523
-538 510
-537 541
-536 546
-535 501
-534 583
-533 528
-532 573
-531 500
-530 536
-529 586
-528 541
-527 516
-526 592
-525 545
-524 588
-523 586
-522 596
-521 618
-520 619
-519 599
-518 632
-517 614
-516 602
-515 632
-514 647
-513 631
-512 586
-511 670
-510 556
-509 679
-508 658
-507 691
-506 736
-505 714
-504 668
-503 708
-502 669
-501 734
-500 649
-499 672
-498 733
-497 726
-496 750
-495 704
-494 736
-493 806
-492 779
-491 750
-490 801
-489 755
-488 746
-487 868
-486 795
-485 866
-484 801
-483 822
-482 819
-481 809
-480 806
-479 812
-478 866
-477 902
-476 829
-475 811
-474 901
-473 918
-472 865
-471 883
-470 891
-469 887
-468 962
-467 929
-466 930
-465 894
-464 978
-463 986
-462 942
-461 933
-460 978
-459 1010
-458 988
-457 992
-456 995
-455 976
-454 1001
-453 1037
-452 1025
-451 977
-450 1085
-449 1051
-448 1029
-447 1098
-446 1109
-445 1173
-444 1096
-443 1119
-442 1129
-441 1135
-440 1174
-439 1122
-438 1199
-437 1168
-436 1227
-435 1189
-434 1183
-433 1252
-432 1246
-431 1255
-430 1236
-429 1256
-428 1235
-427 1270
-426 1237
-425 1312
-424 1282
-423 1399
-422 1345
-421 1357
-420 1333
-419 1438
-418 1375
-417 1446
-416 1450
-415 1394
-414 1486
-413 1415
-412 1432
-411 1473
-410 1458
-409 1487
-408 1467
-407 1507
-406 1508
-405 1618
-404 1600
-403 1547
-402 1665
-401 1632
-400 1667
-399 1706
-398 1682
-397 1695
-396 1694
-395 1712
-394 1655
-393 1765
-392 1726
-391 1839
-390 1764
-389 1741
-388 1856
-387 1767
-386 1877
-385 1885
-384 1958
-383 1921
-382 1954
-381 1929
-380 1889
-379 1935
-378 1965
-377 2076
-376 2078
-375 2007
-374 2100
-373 2117
-372 2141
-371 2090
-370 2144
-369 2093
-368 2199
-367 2159
-366 2268
-365 2196
-364 2241
-363 2220
-362 2319
-361 2323
-360 2358
-359 2366
-358 2315
-357 2486
-356 2466
-355 2415
-354 2489
-353 2537
-352 2525
-351 2558
-350 2502
-349 2714
-348 2659
-347 2615
-346 2650
-345 2616
-344 2755
-343 2777
-342 2861
-341 2856
-340 2891
-339 2933
-338 2808
-337 2869
-336 2914
-335 2917
-334 2936
-333 3045
-332 3148
-331 2958
-330 3112
-329 3135
-328 3215
-327 3314
-326 3153
-325 3200
-324 3336
-323 3366
-322 3288
-321 3266
-320 3381
-319 3468
-318 3489
-317 3532
-316 3498
-315 3582
-314 3625
-313 3590
-312 3574
-311 3570
-310 3666
-309 3862
-308 3808
-307 3917
-306 3888
-305 3880
-304 3957
-303 4126
-302 4025
-301 4149
-300 4183
-299 4196
-298 4090
-297 4273
-296 4434
-295 4292
-294 4434
-293 4327
-292 4527
-291 4562
-290 4580
-289 4521
-288 4642
-287 4667
-286 4696
-285 4786
-284 4882
-283 4909
-282 5099
-281 5136
-280 4988
-279 5139
-278 5175
-277 5279
-276 5264
-275 5298
-274 5424
-273 5322
-272 5530
-271 5499
-270 5420
-269 5650
-268 5703
-267 5745
-266 5774
-265 5915
-264 5944
-263 5907
-262 6053
-261 6091
-260 6288
-259 6333
-258 6311
-257 6402
-256 6416
-255 6423
-254 6474
-253 6557
-252 6760
-251 6938
-250 6838
-249 6895
-248 7112
-247 7238
-246 7343
-245 7141
-244 7367
-243 7551
-242 7587
-241 7530
-240 7510
-239 7802
-238 7750
-237 8043
-236 8189
-235 8198
-234 8206
-233 8444
-232 8368
-231 8522
-230 8517
-229 8671
-228 8838
-227 9035
-226 9198
-225 9080
-224 9255
-223 9365
-222 9357
-221 9594
-220 9532
-219 9815
-218 9863
-217 10080
-216 10097
-215 10246
-214 10283
-213 10581
-212 10657
-211 10937
-210 10849
-209 10927
-208 11226
-207 11309
-206 11504
-205 11326
-204 11849
-203 11693
-202 11981
-201 12114
-200 12221
-199 12485
-198 12556
-197 12817
-196 12987
-195 13228
-194 13012
-193 13309
-192 13549
-191 13765
-190 13842
-189 13924
-188 14098
-187 14367
-186 14528
-185 14924
-184 14769
-183 15145
-182 15397
-181 15614
-180 15653
-179 15917
-178 16000
-177 16443
-176 16516
-175 16572
-174 16733
-173 17152
-172 17326
-171 17457
-170 18021
-169 18376
-168 18480
-167 18634
-166 18896
-165 19142
-164 19451
-163 19641
-162 19954
-161 19941
-160 20521
-159 21180
-158 21106
-157 21671
-156 21958
-155 21949
-154 22489
-153 22552
-152 23141
-151 23173
-150 23577
-149 24026
-148 24328
-147 24695
-146 25173
-145 25262
-144 25895
-143 26185
-142 26471
-141 27021
-140 27375
-139 27883
-138 28153
-137 28826
-136 28999
-135 29703
-134 30458
-133 30505
-132 30827
-131 31493
-130 31884
-129 32372
-128 32821
-127 33584
-126 34269
-125 34681
-124 35344
-123 36010
-122 36620
-121 36995
-120 37848
-119 38410
-118 39004
-117 39644
-116 40354
-115 40657
-114 41649
-113 42227
-112 43365
-111 44242
-110 44654
-109 45773
-108 46651
-107 47119
-106 47918
-105 49199
-104 49882
-103 50783
-102 51472
-101 53016
-100 53542
-99 54893
-98 56245
-97 56585
-96 58393
-95 59239
-94 60422
-93 61631
-92 63106
-91 64163
-90 65168
-89 66619
-88 68068
-87 69828
-86 71664
-85 73005
-84 74267
-83 75725
-82 77607
-81 79382
-80 81392
-79 83246
-78 85276
-77 87190
-76 88718
-75 91184
-74 93514
-73 95794
-72 98129
-71 100728
-70 103281
-69 105678
-68 108118
-67 110379
-66 113702
-65 117126
-64 119548
-63 123369
-62 127576
-61 130415
-60 134455
-59 138506
-58 142289
-57 146292
-56 151530
-55 155395
-54 159603
-53 165651
-52 171148
-51 176359
-50 181966
-49 187264
-48 195069
-47 201335
-46 208100
-45 215482
-44 225079
-43 233422
-42 241457
-41 251639
-40 261367
-39 271928
-38 284178
-37 295681
-36 308593
-35 323392
-34 338439
-33 354607
-32 370829
-31 389438
-30 409382
-29 431029
-28 456053
-27 481439
-26 510123
-25 540154
-24 573837
-23 612619
-22 654259
-21 700535
-20 754020
-19 812521
-18 880128
-17 955173
-16 1043362
-15 1145857
-14 1266066
-13 1402825
-12 1571525
-11 1776038
-10 2025374
-9 2336919
-8 2745901
-7 3284004
-6 4020532
-5 5087642
-4 6704847
-3 9478687
-2 15387186
-1 31481210
0 162112281
1 558549397
2 162100885
3 31489303
4 15385300
5 9482356
6 6707480
7 5090007
8 4021098
9 3279993
10 2744674
11 2341307
12 2023030
13 1776555
14 1573064
15 1403581
16 1266234
17 1143780
18 1043932
19 955345
20 879707
21 811533
22 753012
23 702889
24 653969
25 610769
26 574695
27 541041
28 509487
29 481073
30 455284
31 431216
32 409247
33 388975
34 370472
35 353741
36 338017
37 323175
38 309072
39 295031
40 283830
41 271442
42 261443
43 250652
44 242212
45 233396
46 224307
47 216981
48 208762
49 201392
50 194641
51 188556
52 182286
53 177304
54 170503
55 165893
56 161039
57 155233
58 151403
59 146468
60 142432
61 138106
62 135059
63 130521
64 126983
65 124018
66 121053
67 117354
68 113757
69 111464
70 108306
71 104982
72 102558
73 100158
74 97980
75 95741
76 93200
77 91163
78 88970
79 86772
80 84824
81 82900
82 81652
83 79067
84 77681
85 76156
86 74241
87 72790
88 71193
89 69927
90 68080
91 66454
92 65995
93 63917
94 62705
95 61294
96 60378
97 59017
98 58032
99 56729
100 55447
101 55024
102 53525
103 52898
104 52036
105 50884
106 49684
107 49272
108 48284
109 47308
110 46123
111 45425
112 44337
113 43889
114 43183
115 42582
116 41606
117 41243
118 40226
119 39518
120 39032
121 38323
122 37741
123 37354
124 36504
125 36102
126 35022
127 34881
128 34213
129 33649
130 32914
131 32345
132 31947
133 31387
134 31132
135 30323
136 30020
137 29481
138 29363
139 28746
140 28209
141 27922
142 27253
143 26925
144 26380
145 26425
146 25776
147 25321
148 25104
149 24723
150 24533
151 23806
152 23747
153 23257
154 22976
155 22385
156 22598
157 22237
158 21800
159 21435
160 21211
161 20976
162 20768
163 20201
164 20069
165 19619
166 19390
167 19173
168 18808
169 18662
170 18263
171 18340
172 17672
173 17600
174 17571
175 17213
176 16750
177 16533
178 16455
179 16298
180 16343
181 16093
182 15804
183 15526
184 15346
185 14977
186 14816
187 14858
188 14670
189 14632
190 14481
191 14078
192 13996
193 13571
194 13437
195 13306
196 13118
197 13102
198 12774
199 12779
200 12549
201 12277
202 12233
203 11877
204 11933
205 11912
206 11648
207 11435
208 11462
209 11076
210 10938
211 11148
212 10820
213 10813
214 10609
215 10494
216 10439
217 10209
218 10212
219 9918
220 9860
221 9622
222 9689
223 9543
224 9364
225 9385
226 9259
227 9018
228 9205
229 9029
230 8750
231 8640
232 8633
233 8439
234 8454
235 8448
236 8291
237 8120
238 8046
239 7892
240 7919
241 7755
242 7667
243 7586
244 7617
245 7435
246 7350
247 7140
248 7401
249 7057
250 7056
251 7084
252 6962
253 6850
254 6744
255 6650
256 6545
257 6543
258 6502
259 6446
260 6303
261 6320
262 6275
263 6149
264 6125
265 5926
266 5895
267 5965
268 5892
269 5764
270 5713
271 5652
272 5768
273 5541
274 5428
275 5536
276 5204
277 5265
278 5390
279 5252
280 5150
281 5045
282 5069
283 5154
284 4895
285 4900
286 4828
287 4837
288 4735
289 4617
290 4695
291 4646
292 4559
293 4466
294 4459
295 4518
296 4292
297 4250
298 4393
299 4291
300 4271
301 4273
302 4063
303 4160
304 4017
305 4068
306 4115
307 3833
308 3925
309 3820
310 3851
311 3695
312 3753
313 3710
314 3710
315 3603
316 3707
317 3475
318 3542
319 3490
320 3443
321 3482
322 3404
323 3335
324 3270
325 3224
326 3272
327 3267
328 3216
329 3116
330 3214
331 3151
332 3082
333 3036
334 3078
335 2993
336 3025
337 2928
338 2910
339 2933
340 2874
341 2760
342 2888
343 2731
344 2691
345 2671
346 2687
347 2694
348 2709
349 2723
350 2657
351 2648
352 2528
353 2511
354 2461
355 2592
356 2460
357 2464
358 2423
359 2382
360 2380
361 2365
362 2319
363 2229
364 2278
365 2295
366 2225
367 2292
368 2230
369 2234
370 2171
371 2188
372 2136
373 2135
374 2064
375 2074
376 2016
377 2062
378 2009
379 2018
380 1920
381 1952
382 1918
383 1981
384 1984
385 1805
386 1915
387 1953
388 1916
389 1823
390 1801
391 1816
392 1816
393 1781
394 1721
395 1717
396 1699
397 1718
398 1712
399 1691
400 1635
401 1679
402 1661
403 1604
404 1594
405 1654
406 1596
407 1547
408 1558
409 1622
410 1492
411 1486
412 1546
413 1505
414 1478
415 1411
416 1420
417 1415
418 1392
419 1350
420 1424
421 1367
422 1358
423 1394
424 1355
425 1370
426 1375
427 1289
428 1321
429 1297
430 1327
431 1262
432 1284
433 1275
434 1238
435 1224
436 1223
437 1104
438 1218
439 1201
440 1178
441 1173
442 1138
443 1166
444 1125
445 1183
446 1087
447 1106
448 1070
449 1059
450 1119
451 1017
452 1047
453 1065
454 1101
455 1074
456 1084
457 984
458 997
459 957
460 999
461 942
462 973
463 979
464 960
465 918
466 946
467 945
468 945
469 894
470 880
471 909
472 898
473 899
474 844
475 871
476 884
477 887
478 888
479 820
480 833
481 876
482 846
483 839
484 793
485 875
486 812
487 844
488 846
489 785
490 705
491 730
492 745
493 754
494 734
495 686
496 770
497 709
498 755
499 701
500 723
501 739
502 679
503 676
504 700
505 687
506 665
507 634
508 680
509 641
510 651
511 653
512 659
513 633
514 650
515 634
516 590
517 598
518 585
519 565
520 567
521 544
522 589
523 567
524 644
525 561
526 567
527 612
528 589
529 556
530 556
531 561
532 559
533 527
534 540
535 526
536 588
537 569
538 515
539 536
540 527
541 536
542 512
543 540
544 539
545 469
546 484
547 533
548 450
549 460
550 455
551 450
552 469
553 452
554 451
555 437
556 454
557 428
558 426
559 469
560 477
561 456
562 449
563 418
564 453
565 451
566 425
567 413
568 403
569 383
570 438
571 413
572 373
573 391
574 394
575 400
576 399
577 395
578 428
579 384
580 357
581 387
582 372
583 391
584 372
585 367
586 371
587 381
588 359
589 345
590 333
591 353
592 350
593 348
594 306
595 337
596 331
597 321
598 338
599 335
600 334
601 308
602 324
603 288
604 314
605 303
606 306
607 310
608 295
609 313
610 287
611 261
612 299
613 294
614 324
615 278
616 274
617 294
618 276
619 285
620 262
621 250
622 238
623 274
624 270
625 284
626 248
627 229
628 247
629 307
630 237
631 259
632 214
633 247
634 244
635 222
636 235
637 256
638 214
639 240
640 214
641 234
642 223
643 207
644 209
645 210
646 234
647 221
648 218
649 189
650 185
651 231
652 220
653 210
654 203
655 202
656 190
657 207
658 200
659 196
660 213
661 191
662 207
663 193
664 190
665 226
666 185
667 182
668 206
669 193
670 194
671 172
672 181
673 202
674 195
675 176
676 166
677 179
678 155
679 177
680 166
681 143
682 173
683 157
684 171
685 165
686 168
687 161
688 182
689 163
690 190
691 162
692 164
693 166
694 162
695 155
696 147
697 164
698 153
699 124
700 155
701 125
702 135
703 143
704 142
705 130
706 147
707 142
708 139
709 134
710 143
711 118
712 110
713 145
714 149
715 145
716 114
717 116
718 134
719 124
720 142
721 125
722 131
723 124
724 113
725 113
726 121
727 122
728 131
729 86
730 115
731 113
732 103
733 94
734 109
735 111
736 111
737 102
738 101
739 127
740 95
741 112
742 93
743 78
744 110
745 102
746 113
747 89
748 90
749 117
750 96
751 95
752 93
753 93
754 90
755 96
756 82
757 108
758 105
759 109
760 97
761 99
762 91
763 88
764 110
765 80
766 75
767 82
768 83
769 74
770 94
771 88
772 103
773 62
774 92
775 91
776 87
777 86
778 82
779 74
780 72
781 93
782 78
783 85
784 82
785 49
786 80
787 78
788 64
789 60
790 65
791 68
792 72
793 74
794 72
795 70
796 61
797 69
798 74
799 62
800 60
801 67
802 69
803 63
804 65
805 54
806 61
807 71
808 56
809 56
810 59
811 63
812 63
813 56
814 66
815 51
816 72
817 75
818 37
819 52
820 57
821 58
822 46
823 50
824 51
825 51
826 58
827 33
828 52
829 59
830 53
831 40
832 44
833 50
834 55
835 50
836 47
837 49
838 49
839 52
840 61
841 56
842 46
843 45
844 44
845 43
846 48
847 51
848 46
849 52
850 35
851 47
852 41
853 57
854 42
855 44
856 38
857 34
858 39
859 45
860 35
861 44
862 39
863 43
864 42
865 42
866 44
867 36
868 43
869 34
870 42
871 31
872 46
873 43
874 34
875 43
876 33
877 26
878 37
879 43
880 44
881 37
882 33
883 46
884 28
885 29
886 34
887 41
888 32
889 40
890 37
891 32
892 29
893 36
894 33
895 31
896 32
897 31
898 33
899 21
900 23
901 36
902 30
903 22
904 30
905 26
906 25
907 38
908 26
909 27
910 26
911 27
912 14
913 23
914 28
915 29
916 25
917 31
918 26
919 29
920 22
921 20
922 27
923 27
924 29
925 39
926 19
927 24
928 24
929 25
930 22
931 31
932 22
933 12
934 18
935 29
936 23
937 18
938 18
939 14
940 22
941 13
942 23
943 23
944 25
945 23
946 26
947 16
948 29
949 15
950 15
951 21
952 26
953 21
954 17
955 25
956 17
957 17
958 21
959 17
960 25
961 22
962 23
963 17
964 23
965 17
966 9
967 9
968 20
969 12
970 12
971 15
972 11
973 15
974 16
975 22
976 13
977 18
978 17
979 10
980 14
981 16
982 15
983 17
984 20
985 18
986 13
987 7
988 16
989 16
990 17
991 16
992 16
993 12
994 11
995 9
996 8
997 15
998 17
999 16
1000 15
1001 16
1002 17
1003 12
1004 13
1005 9
1006 8
1007 10
1008 9
1009 9
1010 11
1011 7
1012 18
1013 12
1014 9
1015 12
1016 11
1017 10
1018 8
1019 11
1020 7
1021 6
1022 12
1023 10
1024 11
1025 21
1026 13
1027 12
1028 12
1029 4
1030 11
1031 12
1032 6
1033 8
1034 13
1035 7
1036 5
1037 9
1038 6
1039 4
1040 8
1041 14
1042 8
1043 8
1044 11
1045 10
1046 10
1047 4
1048 15
1049 9
1050 6
1051 12
1052 9
1053 7
1054 6
1055 13
1056 10
1057 7
1058 12
1059 9
1060 4
1061 3
1062 8
1063 12
1064 7
1065 4
1066 8
1067 4
1068 11
1069 7
1070 7
1071 7
1072 7
1073 8
1074 6
1075 5
1076 8
1077 7
1078 6
1079 4
1080 10
1081 3
1082 7
1083 3
1084 2
1085 6
1086 9
1087 10
1088 9
1089 5
1090 5
1091 3
1092 12
1093 7
1094 9
1095 4
1096 3
1097 6
1098 6
1099 8
1100 2
1101 7
1102 5
1103 4
1104 3
1105 6
1106 4
1107 3
1108 7
1109 4
1110 3
1111 0
1112 4
1113 9
1114 3
1115 3
1116 3
1117 5
1118 4
1119 2
1120 4
1121 5
1122 7
1123 5
1124 5
1125 9
1126 8
1127 1
1128 8
1129 6
1130 4
1131 3
1132 8
1133 4
1134 4
1135 5
1136 3
1137 3
1138 7
1139 1
1140 6
1141 5
1142 6
1143 6
1144 5
1145 4
1146 4
1147 2
1148 2
1149 5
1150 3
1151 6
1152 5
1153 2
1154 2
1155 1
1156 2
1157 2
1158 7
1159 1
1160 2
1161 3
1162 2
1163 5
1164 3
1165 1
1166 0
1167 3
1168 4
1169 2
1170 2
1171 3
1172 2
1173 5
1174 5
1175 2
1176 1
1177 3
1178 5
1179 5
1180 2
1181 1
1182 3
1183 3
1184 4
1185 3
1186 2
1187 0
1188 3
1189 5
1190 6
1191 1
1192 2
1193 5
1194 4
1195 2
1196 3
1197 0
1198 3
1199 2
1200 4
1201 0
1202 2
1203 3
1204 2
1205 3
1206 2
1207 3
1208 1
1209 2
1210 3
1211 1
1212 0
1213 3
1214 2
1215 1
1216 1
1217 1
1218 0
1219 3
1220 6
1221 0
1222 2
1223 3
1224 2
1225 1
1226 4
1227 3
1228 1
1229 0
1230 0
1231 1
1232 1
1233 0
1234 1
1235 1
1236 3
1237 1
1238 2
1239 4
1240 1
1241 1
1242 1
1243 0
1244 1
1245 2
1246 2
1247 1
1248 2
1249 1
1250 2
1251 2
1252 0
1253 1
1254 2
1255 3
1256 0
1257 4
1258 3
1259 1
1260 0
1261 0
1262 0
1263 2
1264 2
1265 3
1266 2
1267 0
1268 1
1269 2
1270 1
1271 2
1272 2
1273 1
1274 1
1275 0
1276 3
1277 0
1278 4
1279 0
1280 0
1281 1
1282 1
1283 2
1284 2
1285 2
1286 1
1287 1
1288 0
1289 0
1290 5
1291 2
1292 1
1293 0
1294 0
1295 1
1296 2
1297 1
1298 0
1299 1
1300 1
1301 1
1302 0
1303 1
1304 0
1305 2
1306 1
1307 0
1308 0
1309 0
1310 1
1311 1
1312 1
1313 0
1314 0
1315 0
1316 0
1317 0
1318 1
1319 0
1320 0
1321 0
1322 1
1323 0
1324 1
1325 2
1326 0
1327 0
1328 0
1329 1
1330 0
1331 1
1332 2
1333 0
1334 0
1335 0
1336 1
1337 2
1338 1
1339 1
1340 1
1341 1
1342 0
1343 1
1344 0
1345 0
1346 1
1347 0
1348 0
1349 0
1350 2
1351 1
1352 0
1353 0
1354 0
1355 2
1356 0
1357 0
1358 0
1359 1
1360 1
1361 3
1362 0
1363 0
1364 1
1365 0
1366 0
1367 1
1368 0
1369 0
1370 0
1371 1
1372 0
1373 0
1374 1
1375 0
1376 2
1377 1
1378 0
1379 0
1380 1
1381 1
1382 1
1383 0
1384 0
1385 1
1386 0
1387 0
1388 0
1389 1
1390 0
1391 0
1392 1
1393 0
1394 0
1395 1
1396 0
1397 0
1398 0
1399 0
1400 0
1401 0
1402 0
1403 0
1404 0
1405 0
1406 0
1407 0
1408 0
1409 0
1410 0
1411 1
1412 0
1413 0
1414 0
1415 0
1416 0
1417 1
1418 0
1419 0
1420 0
1421 0
1422 0
1423 2
1424 0
1425 0
1426 0
1427 0
1428 0
1429 0
1430 0
1431 1
1432 0
1433 0
1434 1
1435 1
1436 0
1437 0
1438 0
1439 0
1440 0
1441 0
1442 0
1443 0
1444 0
1445 0
1446 0
1447 1
1448 0
1449 0
1450 0
1451 0
1452 0
1453 0
1454 0
1455 0
1456 1
1457 0
1458 0
1459 0
1460 1
1461 0
1462 0
1463 1
1464 0
1465 0
1466 0
1467 0
1468 0
1469 1
1470 0
1471 0
1472 0
1473 1
1474 0
1475 0
1476 0
1477 0
1478 0
1479 1
1480 1
1481 0
1482 0
1483 0
1484 0
1485 0
1486 0
1487 0
1488 0
1489 0
1490 0
1491 1
1492 0
1493 1
1494 0
1495 0
1496 0
1497 0
1498 0
1499 0
1500 0
1501 0
1502 0
1503 0
1504 0
1505 0
1506 0
1507 0
1508 0
1509 0
1510 0
1511 0
1512 0
1513 0
1514 0
1515 0
1516 0
1517 0
1518 0
1519 0
1520 0
1521 0
1522 0
1523 0
1524 0
1525 0
1526 0
1527 0
1528 0
1529 0
1530 0
1531 0
1532 0
1533 0
1534 0
1535 0
1536 0
1537 1
1538 0
1539 0
1540 0
1541 1
1542 0
1543 0
1544 0
1545 0
1546 0
1547 0
1548 0
1549 0
1550 0
1551 0
1552 0
1553 0
1554 0
1555 1
1556 0
1557 1
1558 0
1559 0
1560 0
1561 0
1562 0
1563 0
1564 0
1565 0
1566 0
1567 0
1568 0
1569 0
1570 0
1571 0
1572 0
1573 0
1574 0
1575 0
1576 0
1577 0
1578 0
1579 0
1580 0
1581 0
1582 0
1583 0
1584 0
1585 0
1586 0
1587 0
1588 0
1589 0
1590 0
1591 0
1592 0
1593 0
1594 0
1595 0
1596 0
1597 1
1598 0
1599 0
1600 0
1601 0
1602 0
1603 0
1604 0
1605 0
1606 0
1607 0
1608 0
1609 0
1610 0
1611 0
1612 0
1613 0
1614 0
1615 0
1616 0
1617 0
1618 0
1619 0
1620 0
1621 0
1622 0
1623 0
1624 0
1625 0
1626 0
1627 0
1628 0
1629 0
1630 0
1631 0
1632 0
1633 0
1634 0
1635 0
1636 0
1637 0
1638 0
1639 0
1640 0
1641 0
1642 0
1643 0
1644 0
1645 0
1646 0
1647 0
1648 0
1649 0
1650 0
1651 0
1652 0
1653 0
1654 0
1655 0
1656 0
1657 0
1658 0
1659 0
1660 0
1661 0
1662 0
1663 0
1664 0
1665 0
1666 0
1667 0
1668 0
1669 0
1670 0
1671 0
1672 0
1673 0
1674 0
1675 0
1676 0
1677 0
1678 0
1679 0
1680 0
1681 0
1682 0
1683 0
1684 0
1685 0
1686 0
1687 0
1688 0
1689 0
1690 0
1691 0
1692 0
1693 0
1694 0
1695 0
1696 0
1697 0
1698 0
1699 0
1700 0
1701 0
1702 0
1703 0
1704 0
1705 0
1706 0
1707 0
1708 0
1709 0
1710 0
1711 0
1712 0
1713 0
1714 0
1715 0
1716 0
1717 0
1718 0
1719 0
1720 0
1721 0
1722 0
1723 0
1724 0
1725 0
1726 0
1727 0
1728 0
1729 0
1730 0
1731 0
1732 0
1733 0
1734 0
1735 0
1736 0
1737 0
1738 0
1739 0
1740 0
1741 0
1742 0
1743 0
1744 0
1745 0
1746 0
1747 0
1748 0
1749 0
1750 0
1751 0
1752 0
1753 0
1754 0
1755 0
1756 0
1757 0
1758 0
1759 0
1760 0
1761 0
1762 0
1763 0
1764 0
1765 0
1766 0
1767 0
1768 0
1769 0
1770 0
1771 0
1772 0
1773 0
1774 0
1775 0
1776 0
1777 0
1778 0
1779 0
1780 0
1781 0
1782 0
1783 0
1784 0
1785 0
1786 0
1787 0
1788 0
1789 0
1790 0
1791 0
1792 0
1793 0
1794 0
1795 0
1796 0
1797 0
1798 0
1799 0
1800 0
1801 0
1802 0
1803 0
1804 0
1805 0
1806 0
1807 0
1808 0
1809 0
1810 0
1811 0
1812 0
1813 0
1814 0
1815 0
1816 0
1817 0
1818 0
1819 0
1820 0
1821 0
1822 0
1823 0
1824 0
1825 0
1826 0
1827 0
1828 0
1829 0
1830 0
1831 0
1832 0
1833 1
