0 0.5497
1 0.5645
2 0.5658
3 0.56
4 0.5615
5 0.5578
6 0.5561
7 0.5511
8 0.5626
9 0.5589
10 0.5626
11 0.5526
12 0.5657
13 0.5657
14 0.569
15 0.5588
16 0.5584
17 0.5617
18 0.5667
19 0.5537
20 0.5634
21 0.5606
22 0.5585
23 0.5558
24 0.5605
25 0.5627
26 0.5528
27 0.5591
28 0.5481
29 0.5663
30 0.5592
31 0.5554
32 0.55
33 0.5668
34 0.5543
35 0.5677
36 0.55
37 0.5608
38 0.5647
39 0.5652
40 0.5603
41 0.5611
42 0.5574
43 0.5617
44 0.5643
45 0.5541
46 0.5591
47 0.5598
48 0.5599
49 0.5552
50 0.5604
51 0.5585
52 0.5572
53 0.5639
54 0.5518
55 0.5589
56 0.5668
57 0.5625
58 0.5582
59 0.5656
60 0.557
61 0.5569
62 0.5624
63 0.5571
64 0.5602
65 0.5588
66 0.5631
67 0.5578
68 0.5599
69 0.5546
70 0.5676
71 0.5698
72 0.5623
73 0.5597
74 0.5592
75 0.5608
76 0.5599
77 0.5509
78 0.5571
79 0.5469
80 0.5489
81 0.567
82 0.5646
83 0.5614
84 0.5555
85 0.5569
86 0.5596
87 0.5538
88 0.5559
89 0.5616
90 0.5625
91 0.5533
92 0.5628
93 0.5608
94 0.5559
95 0.5607
96 0.5561
97 0.5602
98 0.5653
99 0.5714
100 0.5592
101 0.5619
102 0.5547
103 0.558
104 0.5636
105 0.5611
106 0.5676
107 0.567
108 0.5591
109 0.5617
110 0.5526
