0 1077335.0
1 3184.0
2 1313.0
3 916.0
4 603.0
5 475.0
6 303.0
7 231.0
8 199.0
9 143.0
10 120.0
11 90.0
12 105.0
13 59.0
14 65.0
15 52.0
16 45.0
17 39.0
18 43.0
19 29.0
20 19.0
21 19.0
22 13.0
23 17.0
24 8.0
25 8.0
26 9.0
27 9.0
28 5.0
29 4.0
30 6.0
31 8.0
32 3.0
33 4.0
34 3.0
35 1.0
36 1.0
37 0.0
38 4.0
39 2.0
40 1.0
41 0.0
42 0.0
43 0.0
44 1.0
45 2.0
46 1.0
47 0.0
48 5.0
49 1.0
50 0.0
51 0.0
52 0.0
53 0.0
54 0.0
55 0.0
56 0.0
57 2.0
58 0.0
59 0.0
60 1.0
61 0.0
62 0.0
63 0.0
64 0.0
65 0.0
66 0.0
67 0.0
68 1.0
