2 0.7108378492801082
3 0.6647107629004031
4 0.6355222622186975
5 0.6145783100717235
6 0.5995751541678896
7 0.5878047682000469
8 0.5782798699747184
9 0.5707932874336542
10 0.564623550772189
11 0.5591331962904144
12 0.5548521408293753
13 0.5510174845476364
14 0.5477313367042894
15 0.5447055242633935
16 0.5421461426073861
17 0.5395408219522874
18 0.5378593531318553
19 0.5364947327786406
20 0.5344493460817226
21 0.5334583097832298
22 0.5316691598208922
23 0.5306442262921515
24 0.5300566054837765
25 0.5280981640251587
26 0.5279943660460656
27 0.5271945717432236
28 0.5252801321438823
29 0.5256635467506966
30 0.5243045023428481
31 0.5241275148659688
32 0.5238088472843977
33 0.5227482233811729
34 0.5220939434849402
35 0.5216669675799046
36 0.5214169866683085
37 0.5210563719712775
38 0.5201225307035637
39 0.5191618296922611
40 0.5197665351260663
41 0.5192484179557303
42 0.5190823604676534
43 0.5199479989468141
44 0.5184264663234974
45 0.518158543190136
46 0.5168480425568492
47 0.5173295042714535
48 0.5171042040740511
49 0.516671655193056
50 0.5166728926782104
51 0.5170912865821236
52 0.5162466285780575
53 0.5168241638667441
54 0.515454566383498
55 0.5155980216680476
56 0.5170051049347703
57 0.5144448386893531
58 0.5159909694844967
59 0.514896755677826
60 0.5138900837348016
61 0.5165445087638207
62 0.5147643971188854
63 0.5139455083461827
64 0.5140210280971758
65 0.5136292466080536
66 0.5143000191614694
67 0.5131967461345627
68 0.5128578641485921
69 0.5136398432136379
70 0.5139451232333717
71 0.5125459437796989
72 0.5137721105698054
73 0.5135566340340794
74 0.5111875156309564
75 0.5117062334793562
76 0.5127066407986742
77 0.5116794978820765
78 0.5130483240105985
79 0.5129197824882128
80 0.5119849830651414
81 0.512925007767766
82 0.5122718850732252
83 0.5112998818106267
84 0.5122247101673809
85 0.5119603823508379
86 0.5119904040327357
87 0.5117583423994886
88 0.5100412147573203
89 0.509792690881899
90 0.5125014185891927
91 0.5109692007848525
92 0.5097458079675318
93 0.5111354037941851
94 0.5113706017259072
95 0.511582802068345
96 0.5109391172589428
97 0.5110270656143754
98 0.5100156728932015
99 0.5102166745347018
100 0.5122946661104659
101 0.511381244075243
102 0.5106662759040883
103 0.5127919389083743
104 0.5094368087150536
105 0.5087967440361058
106 0.5106638851392808
107 0.5107328824391334
108 0.5098949384795695
109 0.5118626612364404
110 0.5104216449880951
111 0.5119788982732569
112 0.5111110128574713
113 0.5115552667548007
114 0.5090665301666538
115 0.5098490592046316
116 0.5109441480695286
117 0.5096637131457589
118 0.5088608077095217
119 0.5099704650309828
120 0.5095825714537152
121 0.5111212275657996
122 0.50997245344934
123 0.5102433686599526
124 0.5091974014016062
125 0.5107393638992151
126 0.5099889244143523
127 0.510280205709932
128 0.5088705840847983
129 0.508232172614072
130 0.5094698306999582
131 0.508708926374978
132 0.5081031256110164
133 0.5083355069916191
134 0.5089562590637342
135 0.5074788052392063
136 0.5079235419049175
137 0.5064923567254913
138 0.5087261653334609
139 0.5052555317414797
140 0.508916675833914
141 0.5094721432876949
142 0.5086964094652766
143 0.5098015717835833
144 0.5100578269507868
145 0.5093377078709511
146 0.5078504213210453
147 0.5084977944405482
148 0.5091965789386784
149 0.5101895529637195
150 0.5090488611611584
151 0.5096311628888722
152 0.5098692712655248
153 0.5092350093926971
154 0.5090656959611718
155 0.5072834106720394
156 0.5093974768809225
157 0.5083530498009118
158 0.5103950929099765
159 0.5073900623205453
160 0.5090589825726629
161 0.5083474061564898
162 0.5091284903604044
163 0.5095114273983851
164 0.5080394943983371
165 0.5082422255555383
166 0.5110735062463934
167 0.5075278919553728
168 0.5071184465407814
169 0.5071857665478958
170 0.5075796423306198
171 0.5087795851413703
172 0.5092815344603381
173 0.5072799198962591
174 0.5105694689203836
175 0.5094374213548221
176 0.5088030239395213
177 0.5057027429300447
178 0.5091102221232343
179 0.5060611558965585
180 0.5097537548026546
181 0.5109426355230291
182 0.5059574655453305
183 0.5092872916369853
184 0.5084777576174686
185 0.5080143077241889
186 0.5059780924781745
187 0.5098338638161647
188 0.5069171332068663
189 0.5080339293387889
190 0.5070188679245283
191 0.5082311967113277
192 0.5073673964079171
193 0.5069878313693074
194 0.5088281106392036
195 0.5101906767382107
196 0.5076858675441244
197 0.5063408112306089
198 0.5058709094698812
199 0.5083044223790725
200 0.5083970542307653
201 0.5071802892427689
202 0.5078367671171492
203 0.5055587943501785
204 0.5064786585365854
205 0.5054894927273292
206 0.5083402009159095
207 0.5075714436359802
208 0.5078055807501467
209 0.5079140848235785
210 0.5084339679401779
211 0.5082461045012244
212 0.5055961017631255
213 0.5071501978877397
214 0.5086553017837162
215 0.5057830606586171
216 0.5059232208069832
217 0.5060032377012321
218 0.5081538723791125
219 0.5051256235412567
220 0.5071644826550186
221 0.5078410510246565
222 0.5095264714788158
223 0.5070590854237209
224 0.5067859490936414
225 0.5086346336822074
226 0.50620876291746
227 0.508977925503089
228 0.507422238890838
229 0.5040942341052733
230 0.504767639035659
231 0.5042817304607488
232 0.5067039524606127
233 0.5089878785604384
234 0.505459864323002
235 0.512630744251029
236 0.5070959730353025
237 0.504479713298349
238 0.5052835801590895
239 0.505999011009031
240 0.5069396207127036
241 0.5066024362070776
242 0.5063224237939828
243 0.5076340442495515
244 0.5118522455487643
245 0.5057788442311538
246 0.5066779647338902
247 0.5132878977295641
248 0.5050583972087885
249 0.5048327645051195
250 0.508112489524516
251 0.5054108381980394
252 0.5079865548086004
253 0.508007875225156
254 0.5078125
255 0.5081953314870288
256 0.5092473725047613
257 0.5067951534046624
258 0.5087741825029961
259 0.5067150687290154
260 0.5060707118830035
261 0.5065239210438274
262 0.510226175498142
263 0.5063475271092304
264 0.5072706025058801
265 0.5060764017070037
266 0.5067976727618143
267 0.5096669447092469
268 0.5043878103023381
269 0.5103845053240357
270 0.5073639824659861
271 0.5079566086386037
272 0.5053622607784524
273 0.5080414526891971
274 0.5088909794728644
275 0.506011451854367
276 0.5054111364171837
277 0.5066227244193345
278 0.505391815824426
279 0.5101648613449382
280 0.5040354866604746
281 0.5045181450638662
282 0.5064188479984498
283 0.5054080950128065
284 0.5052966800871229
285 0.5057143803624077
286 0.5073827735284336
287 0.5071372522830859
288 0.5060248962655601
289 0.503328247346624
290 0.506163445442094
291 0.5085522865312061
292 0.5059831660075043
293 0.5078146328146328
294 0.5087384269126498
295 0.5067551431203302
296 0.5077763838526181
297 0.5047064096817571
298 0.5045721920494178
299 0.5063494839951024
300 0.5081547472905195
301 0.5103351710860243
302 0.5034536091533824
303 0.505532246357569
304 0.5077566485559051
305 0.5071809601969635
306 0.507717128260285
307 0.509981201324859
308 0.5068599487309094
309 0.5086041372314604
310 0.5081742624897251
311 0.5061739771470697
312 0.5108845411959217
313 0.5083615735965817
314 0.5058786440175062
315 0.5092582201773089
316 0.5062213243207522
317 0.5065755861259863
318 0.5033135348828326
319 0.5089057546354117
320 0.5031844675184313
321 0.5033984458683078
322 0.5086384405702743
323 0.5100579478274443
324 0.503864412099337
325 0.5049936838780988
326 0.5048750397962433
327 0.5055326840044181
328 0.5058595328537946
329 0.5114970349751906
330 0.5031048362628694
331 0.5049037711847019
332 0.5082071745927267
333 0.5062925900914728
334 0.5039800379444032
335 0.5100792010314553
336 0.5056870392681383
337 0.4992375221530726
338 0.5053039618198112
339 0.5050081044013133
340 0.5058533836939964
341 0.5050840336134453
342 0.5041852974210091
343 0.5082001949400348
344 0.5028928984699781
345 0.5089986453652139
346 0.50702955633304
347 0.5082265721532159
348 0.5082191780821917
349 0.5084901130560042
350 0.5078210099777788
351 0.5046859945695016
352 0.5073320249619617
353 0.508884905618624
354 0.5045197488533643
355 0.5084349798953209
356 0.5062936749686436
357 0.5060804279901994
358 0.5065612079813051
359 0.5079121424862864
360 0.5058274532789288
361 0.5058968170848323
362 0.5098320123853317
363 0.5083609744938808
364 0.5052537395613471
365 0.5058339841058386
366 0.5052784772113008
367 0.5027608862794436
368 0.5076666196321904
369 0.5036805343242162
370 0.5031124305688566
371 0.5082442601735129
372 0.5069552891430219
373 0.5076956168443191
374 0.5027617675312199
375 0.5022086306489976
376 0.5107209143303703
377 0.5078812093453846
378 0.5041799071131753
379 0.5038454922967295
380 0.5085496523223875
381 0.5076900215469202
382 0.5051327083384867
383 0.5088166823517757
384 0.5053489178346788
385 0.5043123687137032
386 0.5050861113908752
387 0.5070131180625631
388 0.5078071961982349
389 0.5053042003190116
390 0.5096020038964654
391 0.5084642521763407
392 0.5060995797784287
393 0.5034576724337386
394 0.5082389289392379
395 0.5075011599731918
396 0.5057669089881579
397 0.5105976999639008
398 0.5049942521394815
399 0.5019142321231275
400 0.5023833449279843
401 0.5030519616026711
402 0.5065326896841221
403 0.5071408057230882
404 0.5045869134170522
405 0.5061975842607732
406 0.5041889007470651
407 0.5056421857746897
408 0.5103457590491626
409 0.5001762520675723
410 0.503067988823755
411 0.5049983611930514
412 0.5059879422756909
413 0.5065546402474069
414 0.50754654621571
415 0.504812306342373
416 0.5056164345939413
417 0.503029799950195
418 0.504739336492891
419 0.5073481707145073
420 0.5062855854332262
421 0.5098072228302045
422 0.5027652370203161
423 0.5081264817618327
424 0.5072736071967432
425 0.5079383209594518
426 0.5076808650627914
427 0.5039744254363228
428 0.5056267538403679
429 0.5096075934714666
430 0.5075873630661618
431 0.5064859519516026
432 0.5050156558042445
433 0.5024558531165946
434 0.506465709444395
435 0.5095221197066477
436 0.5092116917626218
437 0.5046181172291296
438 0.5075703171753441
439 0.5076353121893918
440 0.507119917590741
441 0.510304605342681
442 0.5045596352291817
443 0.5022113771541864
444 0.5059906710161276
445 0.5042561570385629
446 0.4995727017458186
447 0.5092626898851427
448 0.5056935658077457
449 0.506672486904465
450 0.5042003733665215
451 0.5034122715979495
452 0.5021027144131516
453 0.5085703402742509
454 0.5031119014352852
455 0.5028536616647429
456 0.5088492727506757
457 0.5036126937645224
458 0.5053660099311229
459 0.502521866819894
460 0.5085803931612985
461 0.5034341100198986
462 0.5072417225986705
463 0.5058857865551124
464 0.5056491640543365
465 0.5065374507227333
466 0.5128163582747335
467 0.5006342907328497
468 0.5093955989899321
469 0.5020257704569607
470 0.5082629452809402
471 0.503425347572033
472 0.5014224751066856
473 0.5078347578347578
474 0.5102994338721779
475 0.5083667777702197
476 0.503833253473886
477 0.5063552753952671
478 0.5053950100411859
479 0.5047852593576513
480 0.50862930173275
481 0.504836655306551
482 0.5089042747407944
483 0.5101731676248838
484 0.5035505213204475
485 0.5043140787969091
486 0.5092547660311958
487 0.5096183626415224
488 0.5035224709352768
489 0.5053917792871647
490 0.5005920456919969
491 0.5090960571954414
492 0.5084249858996052
493 0.509024252679075
494 0.5070432480141218
495 0.5104747868196652
496 0.5097667228780214
497 0.5049045646092284
498 0.5064312109152928
