-2243 1
-2242 0
-2241 0
-2240 0
-2239 0
-2238 0
-2237 0
-2236 0
-2235 1
-2234 0
-2233 0
-2232 0
-2231 0
-2230 0
-2229 0
-2228 0
-2227 0
-2226 0
-2225 0
-2224 0
-2223 0
-2222 0
-2221 0
-2220 0
-2219 0
-2218 0
-2217 0
-2216 0
-2215 0
-2214 0
-2213 0
-2212 0
-2211 0
-2210 0
-2209 0
-2208 0
-2207 0
-2206 1
-2205 1
-2204 0
-2203 0
-2202 0
-2201 0
-2200 0
-2199 0
-2198 0
-2197 0
-2196 0
-2195 0
-2194 0
-2193 0
-2192 0
-2191 0
-2190 0
-2189 0
-2188 0
-2187 0
-2186 0
-2185 0
-2184 1
-2183 0
-2182 0
-2181 1
-2180 0
-2179 0
-2178 1
-2177 0
-2176 0
-2175 0
-2174 0
-2173 0
-2172 1
-2171 0
-2170 0
-2169 0
-2168 0
-2167 0
-2166 0
-2165 0
-2164 0
-2163 0
-2162 0
-2161 0
-2160 0
-2159 0
-2158 0
-2157 1
-2156 0
-2155 0
-2154 0
-2153 0
-2152 0
-2151 0
-2150 1
-2149 0
-2148 0
-2147 0
-2146 1
-2145 0
-2144 0
-2143 0
-2142 0
-2141 1
-2140 1
-2139 0
-2138 0
-2137 0
-2136 0
-2135 0
-2134 0
-2133 1
-2132 2
-2131 1
-2130 0
-2129 1
-2128 0
-2127 0
-2126 1
-2125 0
-2124 1
-2123 0
-2122 0
-2121 1
-2120 0
-2119 1
-2118 0
-2117 0
-2116 2
-2115 0
-2114 0
-2113 0
-2112 0
-2111 0
-2110 0
-2109 1
-2108 0
-2107 0
-2106 3
-2105 1
-2104 1
-2103 1
-2102 0
-2101 0
-2100 1
-2099 3
-2098 0
-2097 0
-2096 1
-2095 0
-2094 2
-2093 2
-2092 1
-2091 0
-2090 0
-2089 2
-2088 0
-2087 0
-2086 2
-2085 3
-2084 0
-2083 0
-2082 0
-2081 0
-2080 0
-2079 1
-2078 0
-2077 0
-2076 1
-2075 1
-2074 1
-2073 1
-2072 0
-2071 0
-2070 1
-2069 3
-2068 3
-2067 0
-2066 5
-2065 1
-2064 2
-2063 2
-2062 3
-2061 2
-2060 3
-2059 5
-2058 2
-2057 2
-2056 2
-2055 2
-2054 2
-2053 4
-2052 3
-2051 3
-2050 3
-2049 2
-2048 3
-2047 7
-2046 3
-2045 5
-2044 3
-2043 1
-2042 1
-2041 3
-2040 3
-2039 3
-2038 4
-2037 6
-2036 4
-2035 2
-2034 3
-2033 1
-2032 5
-2031 4
-2030 3
-2029 3
-2028 4
-2027 7
-2026 2
-2025 1
-2024 5
-2023 0
-2022 3
-2021 5
-2020 6
-2019 4
-2018 3
-2017 2
-2016 2
-2015 4
-2014 5
-2013 4
-2012 4
-2011 5
-2010 3
-2009 7
-2008 4
-2007 6
-2006 7
-2005 5
-2004 6
-2003 7
-2002 6
-2001 2
-2000 8
-1999 5
-1998 2
-1997 1
-1996 7
-1995 7
-1994 3
-1993 2
-1992 9
-1991 6
-1990 14
-1989 2
-1988 2
-1987 13
-1986 8
-1985 10
-1984 8
-1983 5
-1982 7
-1981 7
-1980 6
-1979 6
-1978 9
-1977 12
-1976 12
-1975 6
-1974 6
-1973 9
-1972 7
-1971 7
-1970 9
-1969 9
-1968 7
-1967 9
-1966 7
-1965 12
-1964 13
-1963 4
-1962 8
-1961 11
-1960 7
-1959 9
-1958 10
-1957 13
-1956 13
-1955 15
-1954 8
-1953 15
-1952 16
-1951 16
-1950 10
-1949 6
-1948 9
-1947 8
-1946 20
-1945 15
-1944 15
-1943 21
-1942 23
-1941 10
-1940 8
-1939 16
-1938 14
-1937 13
-1936 14
-1935 12
-1934 15
-1933 9
-1932 23
-1931 14
-1930 20
-1929 18
-1928 19
-1927 9
-1926 15
-1925 18
-1924 15
-1923 21
-1922 15
-1921 16
-1920 17
-1919 18
-1918 25
-1917 17
-1916 17
-1915 21
-1914 12
-1913 17
-1912 19
-1911 15
-1910 26
-1909 11
-1908 21
-1907 24
-1906 24
-1905 24
-1904 25
-1903 19
-1902 26
-1901 28
-1900 16
-1899 21
-1898 27
-1897 27
-1896 26
-1895 16
-1894 26
-1893 20
-1892 22
-1891 22
-1890 19
-1889 24
-1888 22
-1887 21
-1886 28
-1885 22
-1884 27
-1883 27
-1882 33
-1881 19
-1880 27
-1879 30
-1878 22
-1877 25
-1876 23
-1875 29
-1874 28
-1873 18
-1872 19
-1871 28
-1870 31
-1869 32
-1868 35
-1867 44
-1866 39
-1865 27
-1864 32
-1863 28
-1862 31
-1861 38
-1860 32
-1859 21
-1858 35
-1857 30
-1856 27
-1855 29
-1854 37
-1853 35
-1852 36
-1851 33
-1850 23
-1849 28
-1848 31
-1847 33
-1846 27
-1845 37
-1844 25
-1843 22
-1842 37
-1841 29
-1840 35
-1839 31
-1838 35
-1837 43
-1836 33
-1835 33
-1834 39
-1833 37
-1832 33
-1831 42
-1830 40
-1829 47
-1828 41
-1827 55
-1826 39
-1825 37
-1824 42
-1823 38
-1822 41
-1821 46
-1820 45
-1819 47
-1818 49
-1817 43
-1816 49
-1815 44
-1814 35
-1813 46
-1812 51
-1811 45
-1810 49
-1809 51
-1808 52
-1807 49
-1806 40
-1805 34
-1804 51
-1803 52
-1802 40
-1801 62
-1800 63
-1799 45
-1798 56
-1797 59
-1796 45
-1795 55
-1794 58
-1793 49
-1792 58
-1791 50
-1790 47
-1789 45
-1788 47
-1787 57
-1786 53
-1785 55
-1784 55
-1783 59
-1782 42
-1781 68
-1780 60
-1779 50
-1778 59
-1777 59
-1776 56
-1775 61
-1774 51
-1773 47
-1772 53
-1771 58
-1770 47
-1769 57
-1768 66
-1767 54
-1766 62
-1765 37
-1764 58
-1763 70
-1762 62
-1761 65
-1760 64
-1759 57
-1758 61
-1757 81
-1756 55
-1755 54
-1754 65
-1753 77
-1752 78
-1751 62
-1750 70
-1749 60
-1748 69
-1747 57
-1746 72
-1745 74
-1744 66
-1743 66
-1742 44
-1741 68
-1740 77
-1739 85
-1738 60
-1737 78
-1736 78
-1735 65
-1734 70
-1733 78
-1732 81
-1731 72
-1730 85
-1729 69
-1728 83
-1727 79
-1726 74
-1725 65
-1724 77
-1723 99
-1722 72
-1721 61
-1720 78
-1719 88
-1718 65
-1717 91
-1716 91
-1715 77
-1714 81
-1713 74
-1712 77
-1711 87
-1710 77
-1709 81
-1708 91
-1707 84
-1706 90
-1705 55
-1704 79
-1703 87
-1702 90
-1701 83
-1700 90
-1699 58
-1698 87
-1697 89
-1696 77
-1695 87
-1694 76
-1693 85
-1692 76
-1691 94
-1690 84
-1689 90
-1688 102
-1687 91
-1686 86
-1685 89
-1684 102
-1683 85
-1682 83
-1681 85
-1680 79
-1679 85
-1678 103
-1677 103
-1676 93
-1675 92
-1674 98
-1673 101
-1672 105
-1671 82
-1670 93
-1669 103
-1668 98
-1667 103
-1666 92
-1665 91
-1664 91
-1663 87
-1662 85
-1661 92
-1660 81
-1659 95
-1658 75
-1657 99
-1656 88
-1655 88
-1654 93
-1653 78
-1652 85
-1651 94
-1650 100
-1649 109
-1648 115
-1647 108
-1646 102
-1645 95
-1644 93
-1643 92
-1642 96
-1641 97
-1640 102
-1639 92
-1638 94
-1637 102
-1636 105
-1635 121
-1634 91
-1633 107
-1632 96
-1631 110
-1630 100
-1629 120
-1628 103
-1627 108
-1626 107
-1625 125
-1624 99
-1623 128
-1622 111
-1621 115
-1620 98
-1619 118
-1618 115
-1617 116
-1616 113
-1615 117
-1614 124
-1613 115
-1612 114
-1611 108
-1610 95
-1609 116
-1608 99
-1607 122
-1606 123
-1605 138
-1604 134
-1603 107
-1602 138
-1601 116
-1600 133
-1599 127
-1598 127
-1597 106
-1596 113
-1595 118
-1594 123
-1593 133
-1592 115
-1591 118
-1590 140
-1589 127
-1588 119
-1587 118
-1586 123
-1585 114
-1584 136
-1583 120
-1582 124
-1581 148
-1580 121
-1579 119
-1578 128
-1577 107
-1576 127
-1575 125
-1574 115
-1573 137
-1572 141
-1571 142
-1570 122
-1569 120
-1568 137
-1567 120
-1566 124
-1565 125
-1564 128
-1563 135
-1562 131
-1561 151
-1560 150
-1559 139
-1558 133
-1557 134
-1556 161
-1555 138
-1554 131
-1553 126
-1552 138
-1551 123
-1550 136
-1549 126
-1548 142
-1547 131
-1546 149
-1545 133
-1544 157
-1543 144
-1542 121
-1541 149
-1540 148
-1539 137
-1538 125
-1537 141
-1536 127
-1535 141
-1534 148
-1533 154
-1532 135
-1531 160
-1530 119
-1529 154
-1528 158
-1527 156
-1526 135
-1525 147
-1524 127
-1523 131
-1522 144
-1521 146
-1520 134
-1519 139
-1518 149
-1517 136
-1516 133
-1515 137
-1514 134
-1513 145
-1512 134
-1511 153
-1510 135
-1509 134
-1508 165
-1507 149
-1506 148
-1505 172
-1504 134
-1503 151
-1502 146
-1501 156
-1500 135
-1499 129
-1498 143
-1497 179
-1496 147
-1495 160
-1494 176
-1493 160
-1492 183
-1491 161
-1490 171
-1489 147
-1488 164
-1487 156
-1486 159
-1485 161
-1484 174
-1483 132
-1482 170
-1481 150
-1480 138
-1479 157
-1478 131
-1477 158
-1476 149
-1475 152
-1474 145
-1473 160
-1472 158
-1471 144
-1470 154
-1469 166
-1468 151
-1467 164
-1466 159
-1465 155
-1464 160
-1463 150
-1462 155
-1461 159
-1460 168
-1459 166
-1458 176
-1457 179
-1456 137
-1455 191
-1454 173
-1453 167
-1452 166
-1451 169
-1450 163
-1449 153
-1448 152
-1447 180
-1446 167
-1445 165
-1444 159
-1443 153
-1442 164
-1441 161
-1440 155
-1439 152
-1438 196
-1437 169
-1436 189
-1435 163
-1434 162
-1433 163
-1432 183
-1431 158
-1430 166
-1429 174
-1428 160
-1427 187
-1426 191
-1425 182
-1424 162
-1423 162
-1422 183
-1421 175
-1420 170
-1419 188
-1418 157
-1417 193
-1416 179
-1415 182
-1414 175
-1413 152
-1412 175
-1411 204
-1410 204
-1409 182
-1408 179
-1407 155
-1406 156
-1405 153
-1404 168
-1403 183
-1402 187
-1401 165
-1400 167
-1399 220
-1398 196
-1397 180
-1396 183
-1395 188
-1394 176
-1393 178
-1392 163
-1391 180
-1390 186
-1389 185
-1388 207
-1387 201
-1386 185
-1385 198
-1384 198
-1383 188
-1382 188
-1381 180
-1380 173
-1379 204
-1378 192
-1377 190
-1376 213
-1375 223
-1374 183
-1373 193
-1372 195
-1371 181
-1370 201
-1369 215
-1368 200
-1367 168
-1366 214
-1365 134
-1364 183
-1363 191
-1362 173
-1361 175
-1360 175
-1359 207
-1358 196
-1357 182
-1356 208
-1355 189
-1354 197
-1353 188
-1352 215
-1351 215
-1350 210
-1349 211
-1348 169
-1347 182
-1346 211
-1345 189
-1344 194
-1343 183
-1342 181
-1341 174
-1340 184
-1339 254
-1338 202
-1337 192
-1336 200
-1335 191
-1334 195
-1333 188
-1332 203
-1331 204
-1330 198
-1329 200
-1328 174
-1327 229
-1326 163
-1325 223
-1324 210
-1323 179
-1322 216
-1321 193
-1320 242
-1319 212
-1318 192
-1317 222
-1316 230
-1315 211
-1314 195
-1313 226
-1312 193
-1311 200
-1310 181
-1309 198
-1308 217
-1307 196
-1306 214
-1305 222
-1304 217
-1303 209
-1302 195
-1301 200
-1300 216
-1299 219
-1298 215
-1297 229
-1296 190
-1295 190
-1294 218
-1293 219
-1292 219
-1291 229
-1290 211
-1289 227
-1288 201
-1287 239
-1286 209
-1285 217
-1284 228
-1283 195
-1282 218
-1281 190
-1280 223
-1279 210
-1278 220
-1277 233
-1276 215
-1275 212
-1274 216
-1273 207
-1272 241
-1271 199
-1270 208
-1269 236
-1268 201
-1267 220
-1266 228
-1265 229
-1264 228
-1263 224
-1262 232
-1261 183
-1260 237
-1259 221
-1258 247
-1257 262
-1256 220
-1255 204
-1254 260
-1253 212
-1252 210
-1251 248
-1250 223
-1249 228
-1248 223
-1247 225
-1246 237
-1245 192
-1244 234
-1243 245
-1242 218
-1241 261
-1240 221
-1239 239
-1238 223
-1237 181
-1236 231
-1235 238
-1234 228
-1233 248
-1232 231
-1231 238
-1230 221
-1229 247
-1228 241
-1227 236
-1226 223
-1225 241
-1224 238
-1223 224
-1222 226
-1221 251
-1220 236
-1219 212
-1218 230
-1217 246
-1216 224
-1215 246
-1214 233
-1213 224
-1212 254
-1211 241
-1210 196
-1209 254
-1208 225
-1207 255
-1206 228
-1205 227
-1204 242
-1203 250
-1202 229
-1201 229
-1200 230
-1199 254
-1198 242
-1197 251
-1196 237
-1195 274
-1194 263
-1193 268
-1192 269
-1191 250
-1190 261
-1189 220
-1188 217
-1187 269
-1186 258
-1185 238
-1184 248
-1183 273
-1182 259
-1181 235
-1180 247
-1179 226
-1178 257
-1177 255
-1176 262
-1175 256
-1174 286
-1173 271
-1172 251
-1171 263
-1170 285
-1169 265
-1168 252
-1167 259
-1166 265
-1165 286
-1164 286
-1163 303
-1162 240
-1161 283
-1160 272
-1159 275
-1158 249
-1157 265
-1156 267
-1155 250
-1154 269
-1153 253
-1152 279
-1151 267
-1150 263
-1149 265
-1148 267
-1147 267
-1146 254
-1145 284
-1144 287
-1143 254
-1142 262
-1141 277
-1140 234
-1139 284
-1138 272
-1137 274
-1136 281
-1135 266
-1134 309
-1133 283
-1132 282
-1131 290
-1130 275
-1129 275
-1128 309
-1127 283
-1126 294
-1125 268
-1124 261
-1123 275
-1122 274
-1121 284
-1120 276
-1119 288
-1118 265
-1117 279
-1116 264
-1115 281
-1114 267
-1113 271
-1112 293
-1111 305
-1110 270
-1109 275
-1108 268
-1107 287
-1106 290
-1105 297
-1104 296
-1103 299
-1102 308
-1101 299
-1100 312
-1099 288
-1098 305
-1097 236
-1096 275
-1095 276
-1094 294
-1093 325
-1092 297
-1091 282
-1090 311
-1089 315
-1088 277
-1087 276
-1086 300
-1085 287
-1084 300
-1083 263
-1082 296
-1081 284
-1080 343
-1079 280
-1078 307
-1077 289
-1076 275
-1075 304
-1074 302
-1073 304
-1072 325
-1071 313
-1070 284
-1069 293
-1068 317
-1067 275
-1066 279
-1065 316
-1064 309
-1063 295
-1062 322
-1061 288
-1060 303
-1059 295
-1058 310
-1057 337
-1056 337
-1055 311
-1054 322
-1053 328
-1052 311
-1051 328
-1050 313
-1049 328
-1048 328
-1047 293
-1046 350
-1045 303
-1044 342
-1043 349
-1042 327
-1041 298
-1040 285
-1039 341
-1038 334
-1037 339
-1036 336
-1035 341
-1034 296
-1033 336
-1032 305
-1031 339
-1030 321
-1029 300
-1028 328
-1027 312
-1026 329
-1025 303
-1024 359
-1023 330
-1022 309
-1021 295
-1020 326
-1019 326
-1018 315
-1017 329
-1016 351
-1015 303
-1014 319
-1013 352
-1012 294
-1011 332
-1010 341
-1009 334
-1008 325
-1007 303
-1006 317
-1005 327
-1004 343
-1003 313
-1002 374
-1001 357
-1000 333
-999 338
-998 344
-997 343
-996 329
-995 351
-994 327
-993 347
-992 327
-991 338
-990 333
-989 337
-988 328
-987 364
-986 368
-985 337
-984 361
-983 336
-982 379
-981 347
-980 362
-979 385
-978 338
-977 365
-976 350
-975 349
-974 371
-973 327
-972 348
-971 350
-970 355
-969 392
-968 345
-967 361
-966 345
-965 345
-964 323
-963 350
-962 388
-961 353
-960 388
-959 395
-958 359
-957 394
-956 374
-955 371
-954 350
-953 390
-952 362
-951 368
-950 364
-949 342
-948 372
-947 384
-946 376
-945 361
-944 384
-943 374
-942 370
-941 383
-940 384
-939 382
-938 400
-937 384
-936 369
-935 407
-934 373
-933 351
-932 417
-931 383
-930 373
-929 383
-928 353
-927 397
-926 355
-925 415
-924 363
-923 402
-922 374
-921 388
-920 386
-919 410
-918 399
-917 380
-916 421
-915 396
-914 404
-913 391
-912 406
-911 428
-910 423
-909 416
-908 388
-907 427
-906 437
-905 410
-904 422
-903 427
-902 397
-901 384
-900 391
-899 382
-898 403
-897 422
-896 428
-895 425
-894 444
-893 401
-892 417
-891 435
-890 410
-889 420
-888 394
-887 436
-886 399
-885 424
-884 445
-883 474
-882 484
-881 478
-880 414
-879 449
-878 450
-877 419
-876 473
-875 457
-874 488
-873 446
-872 464
-871 432
-870 446
-869 429
-868 461
-867 438
-866 422
-865 454
-864 459
-863 452
-862 418
-861 436
-860 458
-859 445
-858 433
-857 453
-856 489
-855 470
-854 453
-853 432
-852 455
-851 485
-850 485
-849 450
-848 489
-847 439
-846 420
-845 526
-844 475
-843 483
-842 457
-841 488
-840 482
-839 444
-838 453
-837 422
-836 460
-835 493
-834 470
-833 472
-832 471
-831 460
-830 460
-829 474
-828 493
-827 464
-826 515
-825 469
-824 515
-823 467
-822 495
-821 460
-820 519
-819 461
-818 495
-817 476
-816 534
-815 452
-814 495
-813 516
-812 512
-811 512
-810 477
-809 533
-808 494
-807 481
-806 507
-805 511
-804 515
-803 519
-802 501
-801 507
-800 517
-799 504
-798 528
-797 551
-796 572
-795 480
-794 487
-793 550
-792 519
-791 515
-790 502
-789 491
-788 528
-787 563
-786 536
-785 541
-784 478
-783 529
-782 522
-781 509
-780 541
-779 552
-778 503
-777 526
-776 527
-775 530
-774 559
-773 576
-772 526
-771 518
-770 527
-769 549
-768 537
-767 565
-766 539
-765 556
-764 569
-763 550
-762 536
-761 558
-760 570
-759 558
-758 569
-757 511
-756 582
-755 564
-754 588
-753 587
-752 572
-751 562
-750 610
-749 607
-748 602
-747 580
-746 547
-745 584
-744 591
-743 569
-742 538
-741 579
-740 560
-739 576
-738 565
-737 590
-736 573
-735 577
-734 601
-733 559
-732 595
-731 580
-730 604
-729 599
-728 589
-727 594
-726 587
-725 641
-724 597
-723 579
-722 589
-721 607
-720 640
-719 620
-718 652
-717 601
-716 619
-715 623
-714 649
-713 628
-712 591
-711 625
-710 628
-709 633
-708 640
-707 623
-706 566
-705 650
-704 670
-703 598
-702 709
-701 629
-700 686
-699 652
-698 607
-697 648
-696 661
-695 651
-694 650
-693 647
-692 690
-691 662
-690 624
-689 660
-688 663
-687 686
-686 684
-685 721
-684 658
-683 661
-682 681
-681 713
-680 708
-679 708
-678 710
-677 682
-676 716
-675 674
-674 677
-673 680
-672 720
-671 680
-670 769
-669 690
-668 751
-667 704
-666 705
-665 751
-664 720
-663 702
-662 711
-661 661
-660 709
-659 752
-658 764
-657 686
-656 733
-655 700
-654 742
-653 764
-652 726
-651 746
-650 794
-649 752
-648 788
-647 729
-646 774
-645 725
-644 753
-643 771
-642 747
-641 775
-640 759
-639 779
-638 775
-637 748
-636 726
-635 753
-634 774
-633 794
-632 790
-631 772
-630 798
-629 781
-628 786
-627 773
-626 769
-625 846
-624 738
-623 746
-622 807
-621 789
-620 815
-619 826
-618 803
-617 836
-616 811
-615 802
-614 834
-613 849
-612 854
-611 855
-610 851
-609 822
-608 837
-607 856
-606 846
-605 823
-604 859
-603 863
-602 899
-601 836
-600 869
-599 875
-598 906
-597 849
-596 870
-595 900
-594 881
-593 880
-592 891
-591 901
-590 902
-589 864
-588 941
-587 906
-586 903
-585 933
-584 964
-583 939
-582 894
-581 904
-580 856
-579 941
-578 917
-577 918
-576 928
-575 916
-574 987
-573 911
-572 966
-571 891
-570 907
-569 945
-568 940
-567 975
-566 985
-565 998
-564 1011
-563 980
-562 953
-561 974
-560 1005
-559 980
-558 991
-557 1017
-556 1006
-555 996
-554 989
-553 970
-552 996
-551 1008
-550 976
-549 972
-548 1040
-547 1002
-546 1045
-545 980
-544 1123
-543 1103
-542 984
-541 1050
-540 1050
-539 1012
-538 1098
-537 1067
-536 1121
-535 1070
-534 1113
-533 1150
-532 1084
-531 1098
-530 1113
-529 1095
-528 1094
-527 1112
-526 1085
-525 1120
-524 1116
-523 1046
-522 1207
-521 1121
-520 1144
-519 1102
-518 1180
-517 1135
-516 1097
-515 1192
-514 1130
-513 1122
-512 1181
-511 1157
-510 1214
-509 1176
-508 1179
-507 1182
-506 1174
-505 1237
-504 1184
-503 1131
-502 1197
-501 1180
-500 1160
-499 1251
-498 1190
-497 1237
-496 1239
-495 1226
-494 1254
-493 1318
-492 1256
-491 1312
-490 1280
-489 1310
-488 1261
-487 1226
-486 1271
-485 1292
-484 1327
-483 1281
-482 1358
-481 1287
-480 1322
-479 1292
-478 1302
-477 1272
-476 1304
-475 1382
-474 1267
-473 1342
-472 1401
-471 1306
-470 1395
-469 1382
-468 1364
-467 1355
-466 1438
-465 1328
-464 1451
-463 1396
-462 1414
-461 1461
-460 1396
-459 1395
-458 1441
-457 1466
-456 1420
-455 1500
-454 1459
-453 1397
-452 1490
-451 1475
-450 1602
-449 1485
-448 1497
-447 1440
-446 1487
-445 1573
-444 1545
-443 1495
-442 1543
-441 1502
-440 1553
-439 1626
-438 1544
-437 1553
-436 1554
-435 1614
-434 1580
-433 1559
-432 1626
-431 1614
-430 1586
-429 1604
-428 1672
-427 1604
-426 1642
-425 1656
-424 1680
-423 1675
-422 1707
-421 1744
-420 1638
-419 1714
-418 1661
-417 1658
-416 1673
-415 1724
-414 1700
-413 1694
-412 1720
-411 1796
-410 1720
-409 1709
-408 1743
-407 1767
-406 1807
-405 1746
-404 1827
-403 1755
-402 1862
-401 1794
-400 1842
-399 1859
-398 1895
-397 1880
-396 1912
-395 1935
-394 1876
-393 1894
-392 1969
-391 1873
-390 1960
-389 1918
-388 1939
-387 1984
-386 1946
-385 1980
-384 1948
-383 2054
-382 2076
-381 2027
-380 2093
-379 2024
-378 2055
-377 2129
-376 2075
-375 2070
-374 2084
-373 2133
-372 2134
-371 2109
-370 2171
-369 2137
-368 2169
-367 2223
-366 2119
-365 2245
-364 2205
-363 2283
-362 2208
-361 2215
-360 2319
-359 2360
-358 2263
-357 2185
-356 2236
-355 2252
-354 2393
-353 2288
-352 2350
-351 2382
-350 2296
-349 2433
-348 2406
-347 2428
-346 2342
-345 2450
-344 2449
-343 2448
-342 2515
-341 2526
-340 2471
-339 2548
-338 2557
-337 2578
-336 2691
-335 2573
-334 2599
-333 2747
-332 2598
-331 2696
-330 2638
-329 2735
-328 2656
-327 2823
-326 2683
-325 2824
-324 2837
-323 2765
-322 2823
-321 2848
-320 2788
-319 2881
-318 2780
-317 2905
-316 2866
-315 2864
-314 2978
-313 3032
-312 2988
-311 3077
-310 3025
-309 2991
-308 3126
-307 3154
-306 3109
-305 3156
-304 3171
-303 3199
-302 3199
-301 3175
-300 3177
-299 3218
-298 3273
-297 3304
-296 3335
-295 3385
-294 3376
-293 3417
-292 3406
-291 3372
-290 3569
-289 3468
-288 3479
-287 3431
-286 3578
-285 3575
-284 3621
-283 3602
-282 3652
-281 3678
-280 3776
-279 3706
-278 3810
-277 3810
-276 3871
-275 3930
-274 3926
-273 3889
-272 3873
-271 3979
-270 3878
-269 3883
-268 3982
-267 4068
-266 4082
-265 4103
-264 4142
-263 4111
-262 4160
-261 4326
-260 4319
-259 4295
-258 4343
-257 4254
-256 4331
-255 4366
-254 4369
-253 4522
-252 4458
-251 4577
-250 4603
-249 4630
-248 4627
-247 4692
-246 4831
-245 4817
-244 4872
-243 4766
-242 4843
-241 5052
-240 4996
-239 5089
-238 5216
-237 5125
-236 5119
-235 5290
-234 5286
-233 5372
-232 5327
-231 5391
-230 5357
-229 5409
-228 5362
-227 5586
-226 5640
-225 5512
-224 5693
-223 5821
-222 5792
-221 5786
-220 5940
-219 6013
-218 5896
-217 6152
-216 6009
-215 6287
-214 6210
-213 6291
-212 6473
-211 6619
-210 6572
-209 6573
-208 6756
-207 6736
-206 6646
-205 6846
-204 6834
-203 7031
-202 6899
-201 7006
-200 7058
-199 7357
-198 7183
-197 7165
-196 7481
-195 7561
-194 7654
-193 7646
-192 7681
-191 7891
-190 7888
-189 7957
-188 8164
-187 8193
-186 8218
-185 8349
-184 8480
-183 8417
-182 8628
-181 8539
-180 8888
-179 8794
-178 8868
-177 9321
-176 9151
-175 9194
-174 9481
-173 9590
-172 9652
-171 9768
-170 9916
-169 10136
-168 9993
-167 10326
-166 10250
-165 10657
-164 10496
-163 10625
-162 10553
-161 10906
-160 11042
-159 11243
-158 11312
-157 11528
-156 11749
-155 11754
-154 12003
-153 12090
-152 12300
-151 12561
-150 12632
-149 12953
-148 12811
-147 13231
-146 13289
-145 13474
-144 13730
-143 13794
-142 13949
-141 14477
-140 14482
-139 14760
-138 14951
-137 15190
-136 15687
-135 15719
-134 15858
-133 16349
-132 16433
-131 16557
-130 17116
-129 17151
-128 17200
-127 17638
-126 17734
-125 18152
-124 18865
-123 18885
-122 19403
-121 19567
-120 19793
-119 20281
-118 20819
-117 20944
-116 21330
-115 21389
-114 22012
-113 22588
-112 22641
-111 23194
-110 23522
-109 24118
-108 24362
-107 25136
-106 25559
-105 25680
-104 26351
-103 27230
-102 27611
-101 28294
-100 28697
-99 29276
-98 29776
-97 30760
-96 31323
-95 31803
-94 32535
-93 33152
-92 34023
-91 34716
-90 35576
-89 36523
-88 37308
-87 38099
-86 38957
-85 40034
-84 41387
-83 42294
-82 43206
-81 44201
-80 45479
-79 46633
-78 48111
-77 49191
-76 50026
-75 52067
-74 53380
-73 54581
-72 56034
-71 57806
-70 59837
-69 61576
-68 62788
-67 64992
-66 67108
-65 69377
-64 71577
-63 73628
-62 76222
-61 78756
-60 81676
-59 84477
-58 87639
-57 90902
-56 93959
-55 97194
-54 101595
-53 105263
-52 110204
-51 113936
-50 118962
-49 123272
-48 128505
-47 134879
-46 140555
-45 146574
-44 153587
-43 161982
-42 169913
-41 178001
-40 187001
-39 198160
-38 207950
-37 218983
-36 231202
-35 244221
-34 259666
-33 275140
-32 293086
-31 313404
-30 332949
-29 356768
-28 381567
-27 410611
-26 441852
-25 476308
-24 515246
-23 558982
-22 607466
-21 663162
-20 728729
-19 801302
-18 881613
-17 976053
-16 1088838
-15 1218654
-14 1373600
-13 1560111
-12 1784852
-11 2060641
-10 2412190
-9 2859125
-8 3452156
-7 4264651
-6 5407535
-5 7121313
-4 9809062
-3 14592846
-2 25062009
-1 55486508
0 352117543
1 1201349604
2 352119305
3 55485590
4 25055417
5 14593912
6 9812250
7 7123158
8 5409562
9 4261848
10 3454468
11 2857854
12 2411033
13 2061449
14 1784190
15 1561582
16 1373152
17 1220555
18 1087644
19 977366
20 881598
21 799817
22 728330
23 663407
24 607793
25 558065
26 515020
27 476398
28 441393
29 409989
30 382002
31 356402
32 332982
33 312245
34 292680
35 275308
36 260031
37 244630
38 231980
39 218362
40 207472
41 196966
42 187686
43 177969
44 170037
45 161278
46 153649
47 146706
48 140750
49 135019
50 129236
51 123357
52 118385
53 113399
54 109584
55 105591
56 101293
57 97773
58 93948
59 90738
60 87536
61 84906
62 81650
63 79639
64 76105
65 73857
66 71435
67 69963
68 66825
69 65274
70 63277
71 61341
72 59951
73 57897
74 55902
75 54747
76 53511
77 51590
78 50588
79 49003
80 47584
81 46607
82 45500
83 44188
84 43182
85 41738
86 40730
87 40261
88 39010
89 38075
90 37340
91 36872
92 35294
93 34581
94 34596
95 33365
96 32762
97 32136
98 31137
99 30896
100 30215
101 28841
102 28841
103 28247
104 27749
105 27147
106 26523
107 26063
108 25174
109 25133
110 24839
111 23907
112 23650
113 23044
114 22719
115 22456
116 22164
117 21557
118 21327
119 21031
120 20561
121 20267
122 20004
123 19575
124 19033
125 18775
126 18481
127 18154
128 18006
129 17810
130 17370
131 17108
132 16809
133 16631
134 16515
135 16140
136 15992
137 15624
138 15371
139 15168
140 14780
141 14936
142 14567
143 14228
144 14126
145 13807
146 13783
147 13510
148 13472
149 13251
150 13009
151 12795
152 12713
153 12369
154 12331
155 12100
156 11993
157 11688
158 11639
159 11644
160 11459
161 11321
162 11179
163 10983
164 10898
165 10582
166 10576
167 10404
168 10356
169 10122
170 10047
171 9911
172 9871
173 9787
174 9582
175 9477
176 9391
177 9215
178 9271
179 9063
180 9272
181 8830
182 8765
183 8867
184 8701
185 8735
186 8479
187 8389
188 8209
189 8214
190 8058
191 7913
192 7870
193 7781
194 7774
195 7664
196 7535
197 7425
198 7552
199 7266
200 7241
201 7291
202 7171
203 7066
204 7011
205 6919
206 6746
207 6844
208 6708
209 6581
210 6540
211 6575
212 6418
213 6498
214 6482
215 6379
216 6172
217 6231
218 6168
219 5991
220 6089
221 5960
222 5966
223 5814
224 5905
225 5851
226 5651
227 5630
228 5568
229 5594
230 5589
231 5482
232 5458
233 5458
234 5296
235 5273
236 5216
237 5212
238 5067
239 5139
240 5165
241 4984
242 4996
243 4901
244 4977
245 4827
246 4899
247 4757
248 4769
249 4778
250 4667
251 4693
252 4548
253 4644
254 4598
255 4517
256 4492
257 4450
258 4396
259 4355
260 4282
261 4323
262 4289
263 4210
264 4133
265 4056
266 4203
267 4036
268 4040
269 4026
270 3986
271 3999
272 3984
273 3887
274 3965
275 3955
276 3929
277 3869
278 3756
279 3721
280 3780
281 3629
282 3675
283 3664
284 3727
285 3596
286 3618
287 3528
288 3602
289 3395
290 3460
291 3478
292 3445
293 3542
294 3313
295 3450
296 3312
297 3377
298 3281
299 3228
300 3268
301 3132
302 3258
303 3233
304 3232
305 3243
306 3075
307 3140
308 3096
309 3075
310 3122
311 3100
312 3138
313 2976
314 2983
315 3062
316 3014
317 2968
318 2938
319 2971
320 2824
321 2867
322 2913
323 2858
324 2912
325 2722
326 2740
327 2821
328 2629
329 2744
330 2715
331 2729
332 2682
333 2669
334 2714
335 2697
336 2575
337 2633
338 2674
339 2661
340 2415
341 2554
342 2525
343 2506
344 2472
345 2527
346 2436
347 2423
348 2416
349 2408
350 2457
351 2401
352 2359
353 2406
354 2346
355 2402
356 2298
357 2309
358 2324
359 2275
360 2287
361 2268
362 2263
363 2256
364 2257
365 2236
366 2218
367 2262
368 2134
369 2148
370 2204
371 2143
372 2158
373 2121
374 2105
375 2072
376 2126
377 2144
378 2092
379 2057
380 2051
381 2032
382 2061
383 2009
384 2028
385 1985
386 2066
387 2094
388 2024
389 1996
390 1985
391 1943
392 1868
393 2013
394 1971
395 1989
396 1845
397 1900
398 1834
399 1759
400 1928
401 1861
402 1828
403 1837
404 1815
405 1810
406 1788
407 1728
408 1728
409 1784
410 1725
411 1820
412 1774
413 1826
414 1756
415 1687
416 1676
417 1664
418 1690
419 1766
420 1708
421 1740
422 1657
423 1717
424 1715
425 1664
426 1700
427 1663
428 1643
429 1644
430 1721
431 1560
432 1561
433 1646
434 1551
435 1605
436 1588
437 1621
438 1532
439 1529
440 1520
441 1545
442 1557
443 1561
444 1529
445 1507
446 1484
447 1564
448 1492
449 1508
450 1490
451 1410
452 1518
453 1546
454 1485
455 1489
456 1439
457 1400
458 1479
459 1401
460 1445
461 1343
462 1387
463 1357
464 1458
465 1357
466 1475
467 1397
468 1374
469 1410
470 1327
471 1387
472 1371
473 1316
474 1408
475 1423
476 1365
477 1365
478 1263
479 1324
480 1268
481 1257
482 1313
483 1327
484 1276
485 1274
486 1257
487 1252
488 1310
489 1250
490 1256
491 1333
492 1303
493 1270
494 1240
495 1264
496 1313
497 1277
498 1234
499 1237
500 1235
501 1218
502 1230
503 1216
504 1158
505 1144
506 1163
507 1245
508 1235
509 1167
510 1179
511 1189
512 1230
513 1151
514 1150
515 1181
516 1138
517 1174
518 1127
519 1122
520 1084
521 1081
522 1122
523 1126
524 1087
525 1178
526 1128
527 1139
528 1059
529 1074
530 1094
531 1060
532 1102
533 1059
534 1091
535 1124
536 1090
537 1076
538 1044
539 1117
540 1029
541 1027
542 1140
543 1041
544 1052
545 1040
546 1092
547 1058
548 1017
549 1023
550 1031
551 1042
552 976
553 1008
554 1021
555 1034
556 1020
557 1014
558 1021
559 959
560 978
561 926
562 996
563 1021
564 1028
565 1016
566 980
567 996
568 945
569 979
570 984
571 961
572 890
573 924
574 960
575 956
576 925
577 921
578 880
579 945
580 949
581 981
582 910
583 863
584 933
585 919
586 875
587 897
588 926
589 921
590 878
591 845
592 891
593 853
594 884
595 878
596 899
597 863
598 828
599 911
600 935
601 855
602 795
603 853
604 852
605 854
606 862
607 846
608 820
609 835
610 833
611 800
612 798
613 788
614 814
615 848
616 808
617 884
618 816
619 838
620 808
621 796
622 745
623 831
624 812
625 824
626 855
627 800
628 803
629 784
630 827
631 797
632 796
633 773
634 830
635 788
636 749
637 799
638 763
639 792
640 761
641 734
642 750
643 788
644 765
645 745
646 773
647 733
648 676
649 767
650 703
651 781
652 741
653 716
654 784
655 728
656 700
657 723
658 759
659 703
660 706
661 759
662 682
663 726
664 725
665 716
666 724
667 663
668 703
669 745
670 685
671 716
672 709
673 671
674 681
675 649
676 651
677 715
678 650
679 700
680 705
681 683
682 672
683 691
684 711
685 684
686 690
687 703
688 662
689 649
690 714
691 690
692 666
693 646
694 671
695 660
696 683
697 650
698 607
699 689
700 646
701 640
702 632
703 652
704 651
705 648
706 615
707 656
708 623
709 614
710 654
711 641
712 660
713 605
714 606
715 655
716 620
717 618
718 604
719 609
720 597
721 686
722 623
723 581
724 639
725 608
726 588
727 590
728 625
729 611
730 655
731 603
732 613
733 598
734 597
735 575
736 563
737 590
738 611
739 584
740 592
741 599
742 623
743 561
744 621
745 568
746 567
747 599
748 528
749 558
750 541
751 562
752 607
753 569
754 565
755 575
756 578
757 578
758 561
759 560
760 583
761 566
762 586
763 536
764 524
765 559
766 507
767 568
768 549
769 577
770 525
771 557
772 549
773 579
774 541
775 511
776 551
777 520
778 542
779 554
780 562
781 523
782 544
783 562
784 548
785 569
786 494
787 543
788 565
789 525
790 545
791 511
792 531
793 506
794 526
795 529
796 562
797 475
798 524
799 479
800 526
801 542
802 505
803 478
804 518
805 483
806 524
807 547
808 497
809 490
810 499
811 487
812 484
813 544
814 482
815 508
816 511
817 503
818 468
819 456
820 463
821 503
822 485
823 503
824 493
825 517
826 483
827 445
828 495
829 458
830 513
831 452
832 488
833 446
834 451
835 488
836 483
837 465
838 458
839 491
840 443
841 462
842 453
843 471
844 452
845 491
846 429
847 499
848 437
849 466
850 485
851 471
852 507
853 456
854 455
855 482
856 476
857 460
858 442
859 458
860 432
861 454
862 471
863 406
864 468
865 470
866 421
867 424
868 459
869 434
870 485
871 490
872 456
873 454
874 448
875 454
876 429
877 431
878 425
879 396
880 441
881 397
882 396
883 434
884 431
885 437
886 406
887 486
888 408
889 409
890 424
891 414
892 439
893 415
894 412
895 407
896 445
897 414
898 416
899 404
900 407
901 414
902 414
903 453
904 430
905 429
906 394
907 361
908 437
909 393
910 407
911 404
912 395
913 428
914 384
915 419
916 425
917 416
918 409
919 400
920 362
921 377
922 368
923 406
924 367
925 376
926 394
927 423
928 403
929 381
930 413
931 389
932 387
933 406
934 370
935 387
936 364
937 404
938 408
939 413
940 389
941 403
942 424
943 403
944 336
945 372
946 406
947 373
948 386
949 367
950 365
951 399
952 397
953 331
954 350
955 362
956 380
957 359
958 382
959 371
960 362
961 348
962 342
963 373
964 352
965 390
966 390
967 365
968 380
969 344
970 370
971 368
972 356
973 340
974 385
975 356
976 348
977 339
978 353
979 355
980 379
981 348
982 351
983 351
984 346
985 347
986 357
987 308
988 366
989 340
990 343
991 353
992 351
993 352
994 353
995 353
996 346
997 370
998 369
999 337
1000 343
1001 339
1002 331
1003 322
1004 344
1005 369
1006 310
1007 331
1008 328
1009 326
1010 307
1011 349
1012 331
1013 362
1014 316
1015 311
1016 286
1017 334
1018 349
1019 309
1020 319
1021 327
1022 316
1023 310
1024 335
1025 341
1026 327
1027 338
1028 352
1029 336
1030 303
1031 332
1032 320
1033 326
1034 346
1035 331
1036 303
1037 324
1038 337
1039 299
1040 316
1041 345
1042 333
1043 342
1044 311
1045 305
1046 327
1047 335
1048 315
1049 341
1050 305
1051 337
1052 293
1053 338
1054 285
1055 314
1056 323
1057 313
1058 279
1059 286
1060 304
1061 299
1062 319
1063 314
1064 308
1065 311
1066 285
1067 292
1068 309
1069 285
1070 286
1071 276
1072 316
1073 313
1074 305
1075 267
1076 290
1077 306
1078 295
1079 315
1080 302
1081 310
1082 288
1083 294
1084 291
1085 321
1086 305
1087 318
1088 280
1089 271
1090 284
1091 282
1092 286
1093 298
1094 295
1095 328
1096 318
1097 271
1098 287
1099 303
1100 282
1101 316
1102 278
1103 274
1104 288
1105 288
1106 297
1107 286
1108 270
1109 281
1110 267
1111 289
1112 292
1113 294
1114 268
1115 283
1116 299
1117 289
1118 269
1119 272
1120 266
1121 279
1122 294
1123 276
1124 271
1125 310
1126 278
1127 273
1128 280
1129 282
1130 267
1131 251
1132 272
1133 262
1134 267
1135 273
1136 271
1137 254
1138 277
1139 249
1140 283
1141 288
1142 266
1143 280
1144 262
1145 271
1146 281
1147 268
1148 266
1149 267
1150 265
1151 274
1152 254
1153 252
1154 252
1155 282
1156 272
1157 283
1158 261
1159 256
1160 281
1161 256
1162 263
1163 245
1164 265
1165 235
1166 234
1167 244
1168 286
1169 227
1170 256
1171 230
1172 283
1173 272
1174 257
1175 273
1176 265
1177 263
1178 266
1179 236
1180 223
1181 272
1182 234
1183 246
1184 244
1185 224
1186 267
1187 246
1188 277
1189 245
1190 243
1191 273
1192 247
1193 232
1194 276
1195 263
1196 257
1197 269
1198 198
1199 249
1200 250
1201 246
1202 227
1203 241
1204 247
1205 257
1206 255
1207 209
1208 266
1209 270
1210 197
1211 232
1212 250
1213 233
1214 230
1215 257
1216 235
1217 200
1218 249
1219 221
1220 228
1221 232
1222 241
1223 227
1224 218
1225 206
1226 227
1227 212
1228 242
1229 217
1230 236
1231 237
1232 217
1233 216
1234 217
1235 226
1236 236
1237 224
1238 225
1239 230
1240 211
1241 221
1242 252
1243 244
1244 242
1245 214
1246 236
1247 257
1248 225
1249 227
1250 235
1251 215
1252 223
1253 225
1254 254
1255 238
1256 263
1257 215
1258 237
1259 225
1260 228
1261 235
1262 216
1263 225
1264 225
1265 231
1266 213
1267 240
1268 209
1269 241
1270 203
1271 235
1272 221
1273 207
1274 234
1275 226
1276 203
1277 220
1278 218
1279 236
1280 196
1281 214
1282 222
1283 245
1284 240
1285 240
1286 192
1287 217
1288 226
1289 213
1290 242
1291 210
1292 206
1293 202
1294 213
1295 234
1296 215
1297 201
1298 211
1299 212
1300 230
1301 212
1302 230
1303 223
1304 214
1305 206
1306 217
1307 211
1308 188
1309 219
1310 198
1311 223
1312 198
1313 186
1314 202
1315 208
1316 218
1317 215
1318 196
1319 202
1320 201
1321 203
1322 198
1323 182
1324 195
1325 201
1326 205
1327 213
1328 196
1329 218
1330 195
1331 193
1332 189
1333 209
1334 191
1335 158
1336 186
1337 191
1338 180
1339 210
1340 186
1341 218
1342 216
1343 212
1344 175
1345 207
1346 198
1347 188
1348 205
1349 219
1350 193
1351 205
1352 196
1353 202
1354 188
1355 188
1356 208
1357 198
1358 164
1359 213
1360 198
1361 192
1362 185
1363 180
1364 220
1365 203
1366 181
1367 179
1368 188
1369 203
1370 204
1371 177
1372 185
1373 187
1374 205
1375 193
1376 178
1377 163
1378 187
1379 216
1380 196
1381 181
1382 210
1383 163
1384 183
1385 175
1386 185
1387 168
1388 211
1389 187
1390 187
1391 198
1392 186
1393 164
1394 194
1395 160
1396 197
1397 158
1398 171
1399 190
1400 172
1401 172
1402 179
1403 149
1404 163
1405 185
1406 185
1407 172
1408 177
1409 169
1410 185
1411 188
1412 189
1413 167
1414 187
1415 184
1416 188
1417 198
1418 185
1419 184
1420 176
1421 164
1422 182
1423 176
1424 173
1425 189
1426 159
1427 184
1428 181
1429 156
1430 162
1431 184
1432 160
1433 150
1434 179
1435 164
1436 170
1437 157
1438 189
1439 156
1440 171
1441 185
1442 134
1443 190
1444 163
1445 160
1446 146
1447 154
1448 185
1449 163
1450 163
1451 168
1452 161
1453 155
1454 160
1455 178
1456 153
1457 165
1458 160
1459 177
1460 167
1461 163
1462 177
1463 171
1464 166
1465 149
1466 161
1467 171
1468 163
1469 146
1470 161
1471 184
1472 141
1473 168
1474 168
1475 158
1476 181
1477 173
1478 174
1479 161
1480 161
1481 167
1482 167
1483 140
1484 165
1485 153
1486 144
1487 127
1488 151
1489 144
1490 167
1491 153
1492 151
1493 155
1494 174
1495 147
1496 162
1497 154
1498 144
1499 140
1500 152
1501 146
1502 152
1503 167
1504 137
1505 163
1506 162
1507 145
1508 153
1509 145
1510 156
1511 178
1512 151
1513 143
1514 155
1515 155
1516 134
1517 166
1518 152
1519 137
1520 147
1521 142
1522 123
1523 144
1524 178
1525 148
1526 139
1527 155
1528 124
1529 143
1530 149
1531 138
1532 133
1533 143
1534 119
1535 135
1536 141
1537 138
1538 143
1539 127
1540 116
1541 147
1542 130
1543 153
1544 145
1545 148
1546 145
1547 139
1548 157
1549 130
1550 123
1551 146
1552 159
1553 139
1554 132
1555 124
1556 137
1557 126
1558 141
1559 129
1560 123
1561 140
1562 126
1563 118
1564 117
1565 129
1566 119
1567 138
1568 123
1569 125
1570 130
1571 134
1572 132
1573 132
1574 118
1575 119
1576 132
1577 110
1578 139
1579 116
1580 121
1581 117
1582 132
1583 125
1584 118
1585 141
1586 93
1587 124
1588 132
1589 156
1590 98
1591 124
1592 104
1593 123
1594 140
1595 127
1596 121
1597 122
1598 125
1599 116
1600 118
1601 146
1602 123
1603 139
1604 129
1605 131
1606 121
1607 130
1608 129
1609 128
1610 121
1611 113
1612 118
1613 97
1614 126
1615 146
1616 100
1617 139
1618 111
1619 106
1620 102
1621 102
1622 116
1623 106
1624 115
1625 104
1626 87
1627 99
1628 106
1629 97
1630 120
1631 110
1632 100
1633 106
1634 121
1635 111
1636 91
1637 107
1638 102
1639 93
1640 106
1641 107
1642 99
1643 100
1644 94
1645 121
1646 99
1647 102
1648 90
1649 90
1650 98
1651 111
1652 100
1653 109
1654 92
1655 111
1656 100
1657 94
1658 89
1659 90
1660 89
1661 97
1662 99
1663 88
1664 114
1665 98
1666 77
1667 98
1668 81
1669 83
1670 91
1671 110
1672 93
1673 91
1674 106
1675 99
1676 87
1677 89
1678 85
1679 95
1680 80
1681 107
1682 91
1683 80
1684 92
1685 87
1686 72
1687 88
1688 88
1689 81
1690 92
1691 96
1692 92
1693 79
1694 90
1695 91
1696 82
1697 88
1698 83
1699 79
1700 82
1701 64
1702 78
1703 80
1704 80
1705 89
1706 70
1707 83
1708 95
1709 83
1710 85
1711 93
1712 88
1713 78
1714 73
1715 75
1716 82
1717 85
1718 59
1719 78
1720 80
1721 81
1722 69
1723 71
1724 79
1725 72
1726 64
1727 75
1728 81
1729 53
1730 77
1731 63
1732 72
1733 78
1734 55
1735 66
1736 65
1737 74
1738 71
1739 73
1740 78
1741 72
1742 69
1743 74
1744 60
1745 68
1746 71
1747 67
1748 70
1749 64
1750 58
1751 69
1752 72
1753 64
1754 62
1755 65
1756 64
1757 81
1758 52
1759 57
1760 62
1761 53
1762 55
1763 68
1764 69
1765 62
1766 66
1767 51
1768 54
1769 61
1770 56
1771 58
1772 62
1773 63
1774 58
1775 57
1776 53
1777 61
1778 56
1779 43
1780 56
1781 66
1782 44
1783 60
1784 62
1785 49
1786 56
1787 51
1788 49
1789 51
1790 46
1791 65
1792 57
1793 58
1794 58
1795 47
1796 50
1797 66
1798 56
1799 51
1800 39
1801 60
1802 57
1803 56
1804 52
1805 28
1806 44
1807 45
1808 42
1809 46
1810 43
1811 42
1812 41
1813 46
1814 54
1815 47
1816 47
1817 41
1818 32
1819 40
1820 49
1821 45
1822 42
1823 53
1824 42
1825 41
1826 45
1827 37
1828 34
1829 32
1830 34
1831 40
1832 42
1833 45
1834 41
1835 44
1836 41
1837 39
1838 41
1839 38
1840 35
1841 48
1842 44
1843 43
1844 40
1845 31
1846 43
1847 31
1848 28
1849 30
1850 41
1851 27
1852 26
1853 20
1854 35
1855 34
1856 27
1857 37
1858 21
1859 40
1860 31
1861 30
1862 29
1863 37
1864 26
1865 39
1866 22
1867 35
1868 27
1869 27
1870 27
1871 23
1872 37
1873 34
1874 22
1875 32
1876 30
1877 33
1878 34
1879 25
1880 25
1881 30
1882 31
1883 24
1884 29
1885 23
1886 28
1887 22
1888 24
1889 25
1890 20
1891 25
1892 15
1893 25
1894 20
1895 16
1896 25
1897 24
1898 16
1899 24
1900 24
1901 14
1902 20
1903 18
1904 27
1905 17
1906 16
1907 24
1908 17
1909 19
1910 15
1911 23
1912 23
1913 19
1914 16
1915 20
1916 16
1917 16
1918 21
1919 25
1920 20
1921 17
1922 22
1923 9
1924 21
1925 14
1926 21
1927 7
1928 14
1929 19
1930 17
1931 19
1932 14
1933 8
1934 11
1935 17
1936 12
1937 12
1938 16
1939 17
1940 9
1941 16
1942 12
1943 11
1944 16
1945 23
1946 12
1947 11
1948 17
1949 12
1950 8
1951 14
1952 12
1953 10
1954 8
1955 12
1956 12
1957 9
1958 9
1959 8
1960 12
1961 6
1962 7
1963 14
1964 10
1965 10
1966 8
1967 9
1968 11
1969 11
1970 12
1971 9
1972 10
1973 7
1974 10
1975 13
1976 6
1977 11
1978 8
1979 10
1980 3
1981 2
1982 10
1983 9
1984 10
1985 9
1986 8
1987 6
1988 7
1989 6
1990 4
1991 3
1992 10
1993 5
1994 5
1995 2
1996 7
1997 5
1998 5
1999 10
2000 3
2001 2
2002 3
2003 8
2004 4
2005 5
2006 9
2007 5
2008 6
2009 9
2010 6
2011 3
2012 4
2013 3
2014 4
2015 4
2016 7
2017 5
2018 5
2019 7
2020 4
2021 1
2022 6
2023 3
2024 3
2025 2
2026 2
2027 3
2028 5
2029 9
2030 4
2031 4
2032 1
2033 3
2034 3
2035 1
2036 3
2037 1
2038 5
2039 3
2040 1
2041 4
2042 1
2043 1
2044 2
2045 1
2046 4
2047 3
2048 1
2049 1
2050 6
2051 3
2052 1
2053 2
2054 1
2055 3
2056 1
2057 1
2058 2
2059 2
2060 2
2061 0
2062 0
2063 2
2064 7
2065 1
2066 0
2067 3
2068 2
2069 5
2070 0
2071 1
2072 1
2073 1
2074 0
2075 1
2076 1
2077 3
2078 0
2079 3
2080 3
2081 1
2082 1
2083 0
2084 0
2085 4
2086 2
2087 2
2088 1
2089 1
2090 1
2091 1
2092 0
2093 1
2094 0
2095 1
2096 0
2097 1
2098 0
2099 1
2100 0
2101 0
2102 1
2103 0
2104 1
2105 0
2106 0
2107 1
2108 0
2109 0
2110 1
2111 0
2112 0
2113 0
2114 0
2115 0
2116 1
2117 1
2118 0
2119 0
2120 1
2121 0
2122 0
2123 0
2124 0
2125 0
2126 2
2127 0
2128 0
2129 0
2130 0
2131 0
2132 1
2133 1
2134 0
2135 1
2136 1
2137 0
2138 0
2139 2
2140 0
2141 0
2142 2
2143 0
2144 1
2145 0
2146 0
2147 1
2148 0
2149 0
2150 0
2151 0
2152 0
2153 0
2154 0
2155 0
2156 0
2157 1
2158 0
2159 0
2160 0
2161 0
2162 0
2163 0
2164 0
2165 0
2166 0
2167 0
2168 0
2169 1
2170 0
2171 0
2172 0
2173 0
2174 0
2175 0
2176 0
2177 0
2178 0
2179 0
2180 0
2181 0
2182 0
2183 0
2184 0
2185 0
2186 0
2187 1
2188 0
2189 0
2190 0
2191 0
2192 0
2193 0
2194 0
2195 0
2196 0
2197 0
2198 0
2199 0
2200 0
2201 0
2202 0
2203 0
2204 0
2205 0
2206 0
2207 0
2208 0
2209 0
2210 0
2211 0
2212 0
2213 0
2214 0
2215 0
2216 0
2217 0
2218 0
2219 0
2220 0
2221 0
2222 1
2223 0
2224 0
2225 0
2226 0
2227 0
2228 0
2229 0
2230 0
2231 0
2232 0
2233 0
2234 0
2235 0
2236 0
2237 0
2238 0
2239 0
2240 0
2241 0
2242 0
2243 0
2244 0
2245 0
2246 0
2247 0
2248 0
2249 0
2250 0
2251 0
2252 0
2253 0
2254 0
2255 0
2256 0
2257 0
2258 0
2259 0
2260 0
2261 0
2262 0
2263 0
2264 0
2265 0
2266 0
2267 0
2268 0
2269 0
2270 0
2271 0
2272 0
2273 0
2274 0
2275 0
2276 0
2277 0
2278 0
2279 0
2280 0
2281 0
2282 0
2283 0
2284 0
2285 0
2286 0
2287 0
2288 0
2289 0
2290 0
2291 0
2292 0
2293 0
2294 0
2295 0
2296 0
2297 0
2298 0
2299 0
2300 0
2301 0
2302 0
2303 0
2304 0
2305 0
2306 0
2307 0
2308 0
2309 0
2310 0
2311 0
2312 0
2313 0
2314 0
2315 0
2316 0
2317 0
2318 0
2319 0
2320 0
2321 0
2322 0
2323 0
2324 0
2325 0
2326 0
2327 0
2328 0
2329 0
2330 0
2331 0
2332 0
2333 0
2334 0
2335 0
2336 0
2337 0
2338 0
2339 0
2340 0
2341 0
2342 0
2343 0
2344 0
2345 0
2346 0
2347 0
2348 0
2349 0
2350 0
2351 0
2352 0
2353 0
2354 0
2355 0
2356 0
2357 0
2358 0
2359 0
2360 0
2361 0
2362 0
2363 0
2364 0
2365 0
2366 0
2367 0
2368 0
2369 0
2370 0
2371 0
2372 0
2373 0
2374 0
2375 0
2376 0
2377 0
2378 0
2379 0
2380 0
2381 0
2382 0
2383 0
2384 0
2385 0
2386 0
2387 0
2388 0
2389 0
2390 0
2391 0
2392 0
2393 0
2394 0
2395 0
2396 0
2397 0
2398 0
2399 0
2400 0
2401 0
2402 0
2403 0
2404 0
2405 0
2406 0
2407 0
2408 0
2409 0
2410 0
2411 0
2412 0
2413 0
2414 0
2415 0
2416 0
2417 0
2418 0
2419 0
2420 0
2421 0
2422 0
2423 0
2424 0
2425 0
2426 0
2427 0
2428 0
2429 0
2430 0
2431 0
2432 0
2433 0
2434 0
2435 0
2436 0
2437 0
2438 0
2439 0
2440 0
2441 0
2442 0
2443 0
2444 0
2445 0
2446 0
2447 0
2448 0
2449 0
2450 0
2451 0
2452 0
2453 0
2454 0
2455 0
2456 0
2457 0
2458 0
2459 0
2460 0
2461 0
2462 0
2463 0
2464 0
2465 0
2466 0
2467 0
2468 0
2469 0
2470 0
2471 0
2472 0
2473 0
2474 0
2475 0
2476 0
2477 0
2478 0
2479 0
2480 0
2481 0
2482 0
2483 0
2484 0
2485 0
2486 0
2487 0
2488 0
2489 0
2490 0
2491 0
2492 0
2493 0
2494 0
2495 0
2496 0
2497 0
2498 0
2499 0
2500 0
2501 0
2502 0
2503 0
2504 0
2505 0
2506 0
2507 0
2508 0
2509 0
2510 0
2511 0
2512 0
2513 0
2514 0
2515 0
2516 0
2517 0
2518 0
2519 0
2520 0
2521 0
2522 0
2523 0
2524 0
2525 0
2526 0
2527 0
2528 0
2529 0
2530 0
2531 0
2532 0
2533 0
2534 0
2535 0
2536 0
2537 0
2538 0
2539 0
2540 0
2541 0
2542 0
2543 0
2544 0
2545 0
2546 0
2547 0
2548 0
2549 0
2550 0
2551 0
2552 0
2553 0
2554 0
2555 0
2556 0
2557 0
2558 0
2559 0
2560 0
2561 0
2562 0
2563 0
2564 0
2565 0
2566 0
2567 0
2568 0
2569 0
2570 0
2571 0
2572 0
2573 0
2574 0
2575 0
2576 0
2577 0
2578 0
2579 0
2580 0
2581 0
2582 0
2583 0
2584 0
2585 0
2586 0
2587 0
2588 0
2589 0
2590 0
2591 0
2592 0
2593 0
2594 0
2595 0
2596 0
2597 0
2598 0
2599 0
2600 0
2601 0
2602 0
2603 0
2604 0
2605 0
2606 0
2607 0
2608 0
2609 0
2610 0
2611 0
2612 0
2613 0
2614 0
2615 0
2616 0
2617 0
2618 0
2619 0
2620 0
2621 0
2622 0
2623 0
2624 0
2625 0
2626 0
2627 0
2628 0
2629 0
2630 0
2631 0
2632 0
2633 0
2634 0
2635 0
2636 0
2637 0
2638 0
2639 0
2640 0
2641 0
2642 0
2643 0
2644 0
2645 0
2646 0
2647 0
2648 0
2649 0
2650 0
2651 0
2652 0
2653 0
2654 0
2655 0
2656 0
2657 0
2658 0
2659 0
2660 0
2661 0
2662 0
2663 0
2664 0
2665 0
2666 0
2667 0
2668 0
2669 0
2670 0
2671 0
2672 0
2673 0
2674 0
2675 0
2676 0
2677 0
2678 0
2679 0
2680 0
2681 0
2682 0
2683 0
2684 0
2685 0
2686 0
2687 0
2688 0
2689 0
2690 0
2691 0
2692 0
2693 0
2694 0
2695 0
2696 0
2697 0
2698 0
2699 0
2700 0
2701 0
2702 0
2703 0
2704 0
2705 0
2706 0
2707 0
2708 0
2709 0
2710 0
2711 0
2712 0
2713 0
2714 0
2715 0
2716 0
2717 0
2718 0
2719 0
2720 0
2721 0
2722 0
2723 0
2724 0
2725 0
2726 0
2727 0
2728 0
2729 0
2730 0
2731 0
2732 0
2733 0
2734 0
2735 0
2736 0
2737 0
2738 0
2739 0
2740 0
2741 0
2742 0
2743 0
2744 0
2745 0
2746 0
2747 0
2748 0
2749 0
2750 0
2751 0
2752 0
2753 0
2754 0
2755 0
2756 0
2757 0
2758 0
2759 0
2760 0
2761 0
2762 0
2763 0
2764 0
2765 0
2766 0
2767 0
2768 0
2769 0
2770 0
2771 0
2772 0
2773 0
2774 0
2775 0
2776 0
2777 0
2778 0
2779 0
2780 0
2781 0
2782 0
2783 0
2784 0
2785 0
2786 0
2787 0
2788 0
2789 0
2790 0
2791 0
2792 0
2793 0
2794 0
2795 0
2796 0
2797 0
2798 0
2799 0
2800 0
2801 0
2802 0
2803 0
2804 0
2805 0
2806 0
2807 0
2808 0
2809 0
2810 0
2811 0
2812 0
2813 0
2814 0
2815 0
2816 0
2817 0
2818 0
2819 0
2820 0
2821 0
2822 0
2823 0
2824 0
2825 0
2826 0
2827 0
2828 0
2829 0
2830 0
2831 0
2832 0
2833 0
2834 0
2835 0
2836 0
2837 0
2838 0
2839 0
2840 0
2841 0
2842 0
2843 0
2844 0
2845 0
2846 0
2847 0
2848 0
2849 0
2850 0
2851 0
2852 0
2853 0
2854 0
2855 0
2856 0
2857 0
2858 0
2859 0
2860 0
2861 0
2862 0
2863 0
2864 0
2865 0
2866 0
2867 0
2868 0
2869 0
2870 0
2871 0
2872 0
2873 0
2874 0
2875 0
2876 0
2877 0
2878 0
2879 0
2880 0
2881 0
2882 0
2883 0
2884 0
2885 0
2886 0
2887 0
2888 0
2889 0
2890 0
2891 0
2892 0
2893 0
2894 0
2895 0
2896 0
2897 0
2898 0
2899 0
2900 0
2901 0
2902 0
2903 0
2904 0
2905 0
2906 0
2907 0
2908 0
2909 0
2910 0
2911 0
2912 0
2913 0
2914 0
2915 0
2916 0
2917 0
2918 0
2919 0
2920 0
2921 0
2922 0
2923 0
2924 0
2925 0
2926 0
2927 0
2928 0
2929 0
2930 0
2931 0
2932 0
2933 0
2934 0
2935 0
2936 0
2937 0
2938 0
2939 0
2940 0
2941 0
2942 0
2943 0
2944 0
2945 0
2946 0
2947 0
2948 0
2949 0
2950 0
2951 0
2952 0
2953 0
2954 0
2955 0
2956 0
2957 0
2958 0
2959 0
2960 0
2961 0
2962 0
2963 0
2964 0
2965 0
2966 0
2967 0
2968 0
2969 0
2970 0
2971 0
2972 0
2973 0
2974 0
2975 0
2976 0
2977 0
2978 0
2979 0
2980 0
2981 0
2982 0
2983 0
2984 0
2985 0
2986 0
2987 0
2988 0
2989 0
2990 0
2991 0
2992 0
2993 0
2994 0
2995 0
2996 0
2997 0
2998 0
2999 0
3000 0
3001 0
3002 0
3003 0
3004 0
3005 0
3006 0
3007 0
3008 0
3009 0
3010 0
3011 0
3012 0
3013 0
3014 0
3015 0
3016 0
3017 0
3018 0
3019 0
3020 0
3021 0
3022 0
3023 0
3024 0
3025 0
3026 0
3027 0
3028 0
3029 0
3030 0
3031 0
3032 0
3033 0
3034 0
3035 0
3036 0
3037 0
3038 0
3039 0
3040 0
3041 0
3042 0
3043 0
3044 0
3045 0
3046 0
3047 0
3048 0
3049 0
3050 0
3051 0
3052 0
3053 0
3054 0
3055 0
3056 0
3057 0
3058 0
3059 0
3060 0
3061 0
3062 0
3063 0
3064 0
3065 0
3066 0
3067 0
3068 0
3069 0
3070 0
3071 0
3072 0
3073 0
3074 0
3075 0
3076 0
3077 0
3078 0
3079 0
3080 0
3081 0
3082 0
3083 0
3084 0
3085 0
3086 0
3087 0
3088 0
3089 0
3090 0
3091 0
3092 0
3093 0
3094 0
3095 0
3096 0
3097 0
3098 0
3099 0
3100 0
3101 0
3102 0
3103 0
3104 0
3105 0
3106 0
3107 0
3108 0
3109 0
3110 0
3111 0
3112 0
3113 0
3114 0
3115 0
3116 0
3117 0
3118 0
3119 0
3120 0
3121 0
3122 0
3123 0
3124 0
3125 0
3126 0
3127 0
3128 0
3129 0
3130 0
3131 0
3132 0
3133 0
3134 0
3135 0
3136 0
3137 0
3138 0
3139 0
3140 0
3141 0
3142 0
3143 0
3144 0
3145 0
3146 0
3147 0
3148 0
3149 0
3150 0
3151 0
3152 0
3153 0
3154 0
3155 0
3156 0
3157 0
3158 0
3159 0
3160 0
3161 0
3162 0
3163 0
3164 0
3165 0
3166 0
3167 0
3168 0
3169 0
3170 0
3171 0
3172 0
3173 0
3174 0
3175 0
3176 0
3177 0
3178 0
3179 0
3180 0
3181 0
3182 0
3183 0
3184 0
3185 0
3186 0
3187 0
3188 0
3189 0
3190 0
3191 0
3192 0
3193 0
3194 0
3195 0
3196 0
3197 0
3198 0
3199 0
3200 0
3201 0
3202 0
3203 0
3204 0
3205 0
3206 0
3207 0
3208 0
3209 0
3210 0
3211 0
3212 0
3213 0
3214 0
3215 0
3216 0
3217 0
3218 0
3219 0
3220 0
3221 0
3222 0
3223 0
3224 0
3225 0
3226 0
3227 0
3228 0
3229 0
3230 0
3231 0
3232 0
3233 0
3234 0
3235 0
3236 0
3237 0
3238 0
3239 0
3240 0
3241 0
3242 0
3243 0
3244 0
3245 0
3246 0
3247 0
3248 0
3249 0
3250 0
3251 0
3252 0
3253 0
3254 0
3255 0
3256 0
3257 0
3258 0
3259 0
3260 0
3261 0
3262 0
3263 0
3264 0
3265 0
3266 0
3267 0
3268 0
3269 0
3270 0
3271 0
3272 0
3273 0
3274 0
3275 0
3276 0
3277 0
3278 0
3279 0
3280 0
3281 0
3282 0
3283 0
3284 0
3285 0
3286 0
3287 0
3288 0
3289 0
3290 0
3291 0
3292 0
3293 0
3294 0
3295 0
3296 0
3297 0
3298 0
3299 0
3300 0
3301 0
3302 0
3303 0
3304 0
3305 0
3306 0
3307 0
3308 0
3309 0
3310 0
3311 0
3312 0
3313 0
3314 0
3315 0
3316 0
3317 0
3318 0
3319 0
3320 0
3321 0
3322 0
3323 0
3324 0
3325 0
3326 0
3327 0
3328 0
3329 0
3330 0
3331 0
3332 0
3333 0
3334 0
3335 0
3336 0
3337 0
3338 0
3339 0
3340 0
3341 0
3342 0
3343 0
3344 0
3345 0
3346 0
3347 0
3348 0
3349 0
3350 0
3351 0
3352 0
3353 0
3354 0
3355 0
3356 0
3357 0
3358 0
3359 0
3360 0
3361 0
3362 0
3363 0
3364 0
3365 0
3366 0
3367 0
3368 0
3369 0
3370 0
3371 0
3372 0
3373 0
3374 0
3375 0
3376 0
3377 0
3378 0
3379 0
3380 0
3381 0
3382 0
3383 0
3384 0
3385 0
3386 0
3387 0
3388 0
3389 0
3390 0
3391 0
3392 0
3393 0
3394 0
3395 0
3396 0
3397 0
3398 0
3399 0
3400 0
3401 0
3402 0
3403 0
3404 0
3405 0
3406 0
3407 0
3408 0
3409 0
3410 0
3411 0
3412 0
3413 0
3414 0
3415 0
3416 0
3417 0
3418 0
3419 0
3420 0
3421 0
3422 0
3423 0
3424 0
3425 0
3426 0
3427 0
3428 0
3429 0
3430 0
3431 0
3432 0
3433 0
3434 0
3435 0
3436 0
3437 0
3438 0
3439 0
3440 0
3441 0
3442 0
3443 0
3444 0
3445 0
3446 0
3447 0
3448 0
3449 0
3450 0
3451 0
3452 0
3453 0
3454 0
3455 0
3456 0
3457 0
3458 0
3459 0
3460 0
3461 0
3462 0
3463 0
3464 0
3465 0
3466 0
3467 0
3468 0
3469 0
3470 0
3471 0
3472 0
3473 0
3474 0
3475 0
3476 0
3477 0
3478 0
3479 0
3480 0
3481 0
3482 0
3483 0
3484 0
3485 0
3486 0
3487 0
3488 0
3489 0
3490 0
3491 0
3492 0
3493 0
3494 0
3495 0
3496 0
3497 0
3498 0
3499 0
3500 0
3501 0
3502 0
3503 0
3504 0
3505 0
3506 0
3507 0
3508 0
3509 0
3510 0
3511 0
3512 0
3513 0
3514 0
3515 0
3516 0
3517 0
3518 0
3519 0
3520 0
3521 0
3522 0
3523 0
3524 0
3525 0
3526 0
3527 0
3528 0
3529 0
3530 0
3531 0
3532 0
3533 0
3534 0
3535 0
3536 0
3537 0
3538 0
3539 0
3540 0
3541 0
3542 0
3543 0
3544 0
3545 0
3546 0
3547 0
3548 0
3549 0
3550 0
3551 0
3552 0
3553 0
3554 0
3555 0
3556 0
3557 0
3558 0
3559 0
3560 0
3561 0
3562 0
3563 0
3564 0
3565 0
3566 0
3567 0
3568 0
3569 0
3570 0
3571 0
3572 0
3573 0
3574 0
3575 0
3576 0
3577 0
3578 0
3579 0
3580 0
3581 0
3582 0
3583 0
3584 0
3585 0
3586 0
3587 0
3588 0
3589 0
3590 0
3591 0
3592 0
3593 0
3594 0
3595 0
3596 0
3597 0
3598 0
3599 0
3600 0
3601 0
3602 0
3603 0
3604 0
3605 0
3606 0
3607 0
3608 0
3609 0
3610 0
3611 0
3612 0
3613 0
3614 0
3615 0
3616 0
3617 0
3618 0
3619 0
3620 0
3621 0
3622 0
3623 0
3624 0
3625 0
3626 0
3627 0
3628 0
3629 0
3630 0
3631 0
3632 0
3633 0
3634 0
3635 0
3636 0
3637 0
3638 0
3639 1
