2 0.7866833884391745
3 0.7441878030013359
4 0.7119352932106697
5 0.686364344837204
6 0.6673257216652234
7 0.6505151205120274
8 0.6345764532521725
9 0.6232408713367811
10 0.6102581170679583
11 0.6011661351229725
12 0.5942896148636397
13 0.5877705135824913
14 0.5797222433027245
15 0.5761439122003549
16 0.5718664750227332
17 0.5639894502182172
18 0.5607764390896921
19 0.5569448363431151
20 0.5517548912134669
21 0.5510769470891212
22 0.5464305433426719
23 0.5428885156956466
24 0.5384840833258184
25 0.5362599933771701
26 0.536300396805957
27 0.5349047822696285
28 0.5290196285910799
29 0.5271153846153847
30 0.5253751666619386
31 0.5220967599280639
32 0.5251262395814321
33 0.5211386696730552
34 0.5191578947368422
35 0.5175852669370388
36 0.5092547660311958
37 0.5124049548423946
38 0.514054467898939
39 0.5117709599027946
40 0.5142989285438989
41 0.5132868229207493
42 0.5068959922115853
43 0.5101445652626755
44 0.5041367898510756
45 0.5046079930115746
46 0.5077642491618141
47 0.4979240003610434
48 0.5063389986219569
49 0.49519051176690326
50 0.4908881642048724
51 0.502514814999253
52 0.5029775309012661
53 0.49846782431052095
54 0.5000263088660879
55 0.49658289834795244
56 0.48957528957528956
57 0.49100011249859377
58 0.49679505360485565
59 0.4910346428364185
60 0.49689885496183206
61 0.49075062255425117
62 0.4951543971588515
63 0.49544559330379123
64 0.48853471084792743
65 0.49678159454464343
66 0.4889269707355655
67 0.4867037309933686
68 0.4943332202239566
69 0.4906443491869089
70 0.4861284505479262
71 0.49116214335421016
72 0.4824727783631893
73 0.4900021500752526
74 0.48338129496402876
75 0.4842528478892115
76 0.4840413491284992
77 0.48296593186372744
78 0.4883881882497693
79 0.480578707343922
80 0.49233854793421583
81 0.48763307452173216
82 0.4916706711516899
83 0.4825664703072759
84 0.48653253285737463
85 0.48242315238718114
86 0.48582420339550053
87 0.4790029573299535
88 0.48144914884329987
89 0.48235606261607855
90 0.49624525134729214
91 0.4804833521689994
92 0.47007790368271957
93 0.48034330011074194
94 0.4761283103319657
95 0.4795452427546361
96 0.4741250930752048
97 0.47928203169753675
98 0.47473816912335143
