-188 1
-187 0
-186 0
-185 0
-184 0
-183 0
-182 1
-181 0
-180 0
-179 1
-178 0
-177 0
-176 0
-175 2
-174 0
-173 0
-172 0
-171 0
-170 1
-169 1
-168 0
-167 0
-166 0
-165 0
-164 1
-163 0
-162 1
-161 1
-160 1
-159 1
-158 0
-157 0
-156 0
-155 2
-154 0
-153 3
-152 1
-151 2
-150 1
-149 0
-148 1
-147 1
-146 4
-145 2
-144 0
-143 4
-142 0
-141 0
-140 3
-139 0
-138 4
-137 3
-136 2
-135 5
-134 4
-133 9
-132 5
-131 9
-130 4
-129 4
-128 8
-127 6
-126 10
-125 5
-124 6
-123 4
-122 11
-121 11
-120 12
-119 14
-118 19
-117 9
-116 11
-115 15
-114 10
-113 16
-112 15
-111 17
-110 28
-109 26
-108 23
-107 28
-106 20
-105 37
-104 30
-103 44
-102 40
-101 38
-100 40
-99 52
-98 51
-97 77
-96 72
-95 69
-94 75
-93 91
-92 74
-91 75
-90 81
-89 133
-88 128
-87 121
-86 122
-85 152
-84 176
-83 187
-82 196
-81 222
-80 195
-79 230
-78 250
-77 295
-76 277
-75 317
-74 372
-73 376
-72 453
-71 458
-70 474
-69 549
-68 628
-67 627
-66 707
-65 791
-64 839
-63 909
-62 1001
-61 1125
-60 1163
-59 1260
-58 1350
-57 1588
-56 1684
-55 1959
-54 1992
-53 2256
-52 2421
-51 2642
-50 2870
-49 3152
-48 3410
-47 3754
-46 4214
-45 4546
-44 5102
-43 5404
-42 5922
-41 6683
-40 7271
-39 8011
-38 8855
-37 9773
-36 10779
-35 11911
-34 13277
-33 14655
-32 16302
-31 17993
-30 19937
-29 22274
-28 24891
-27 27931
-26 30928
-25 34815
-24 39417
-23 44628
-22 50320
-21 56669
-20 64667
-19 73505
-18 83796
-17 97082
-16 111202
-15 129833
-14 150519
-13 176504
-12 209556
-11 249851
-10 301335
-9 369113
-8 457604
-7 580819
-6 757837
-5 1022268
-4 1452577
-3 2254828
-2 4100735
-1 9792023
0 52642444
1 958746385
2 57704745
3 6510956
4 3066849
5 1900777
6 1297931
7 941171
8 710233
9 550849
10 438637
11 355266
12 292420
13 243405
14 204201
15 172164
16 147365
17 126560
18 109566
19 94585
20 82486
21 72293
22 63605
23 56186
24 49583
25 43622
26 38839
27 34680
28 31030
29 27567
30 24369
31 21823
32 19981
33 17726
34 15976
35 14547
36 13200
37 12207
38 10630
39 9628
40 8586
41 7908
42 7166
43 6676
44 5850
45 5491
46 5052
47 4498
48 4000
49 3701
50 3412
51 3112
52 2934
53 2564
54 2339
55 2303
56 1966
57 1860
58 1743
59 1599
60 1375
61 1267
62 1172
63 1114
64 1018
65 912
66 833
67 783
68 700
69 632
70 601
71 510
72 465
73 486
74 429
75 403
76 379
77 342
78 276
79 276
80 241
81 233
82 229
83 229
84 193
85 161
86 193
87 119
88 144
89 126
90 135
91 102
92 100
93 82
94 97
95 82
96 86
97 88
98 71
99 64
100 53
101 39
102 56
103 44
104 33
105 27
106 28
107 24
108 27
109 24
110 27
111 20
112 19
113 18
114 14
115 15
116 9
117 10
118 17
119 13
120 9
121 12
122 13
123 8
124 6
125 5
126 6
127 8
128 4
129 2
130 4
131 2
132 2
133 4
134 3
135 7
136 4
137 4
138 3
139 4
140 2
141 2
142 2
143 5
144 8
145 2
146 1
147 3
148 2
149 1
150 1
151 3
152 0
153 1
154 1
155 1
156 1
157 2
158 0
159 0
160 2
161 0
162 1
163 0
164 0
165 0
166 0
167 2
168 0
169 0
170 0
171 2
172 0
173 0
174 1
175 0
176 0
177 1
178 0
179 0
180 0
181 0
182 0
183 0
184 0
185 0
186 1
187 0
188 0
189 0
190 1
191 0
192 0
193 0
194 0
195 0
196 0
197 0
198 0
199 0
200 0
201 0
202 0
203 0
204 0
205 0
206 0
207 0
208 0
209 0
210 0
211 1
