0 903214.0
1 12659.0
2 4655.0
3 2987.0
4 2006.0
5 1514.0
6 1211.0
7 960.0
8 768.0
9 654.0
10 550.0
11 470.0
12 475.0
13 358.0
14 318.0
15 279.0
16 272.0
17 241.0
18 181.0
19 173.0
20 176.0
21 165.0
22 153.0
23 135.0
24 108.0
25 114.0
26 107.0
27 99.0
28 70.0
29 68.0
30 84.0
31 60.0
32 72.0
33 67.0
34 51.0
35 52.0
36 55.0
37 41.0
38 49.0
39 37.0
40 32.0
41 33.0
42 24.0
43 27.0
44 22.0
45 27.0
46 17.0
47 28.0
48 28.0
49 23.0
50 21.0
51 20.0
52 21.0
53 23.0
54 15.0
55 15.0
56 8.0
57 15.0
58 6.0
59 17.0
60 8.0
61 13.0
62 10.0
63 12.0
64 8.0
65 6.0
66 6.0
67 5.0
68 8.0
69 9.0
70 8.0
71 11.0
72 7.0
73 3.0
74 7.0
75 2.0
76 2.0
77 4.0
78 10.0
79 4.0
80 3.0
81 6.0
82 3.0
83 9.0
84 4.0
85 5.0
86 3.0
87 5.0
88 2.0
89 4.0
90 3.0
91 3.0
92 2.0
93 3.0
94 4.0
95 3.0
96 2.0
97 1.0
98 2.0
99 0.0
100 2.0
101 1.0
102 1.0
103 2.0
104 2.0
105 2.0
106 2.0
107 2.0
108 2.0
109 2.0
110 0.0
111 1.0
112 2.0
113 2.0
114 1.0
115 0.0
116 1.0
117 1.0
118 1.0
119 0.0
120 1.0
121 2.0
122 1.0
123 0.0
124 1.0
125 0.0
126 3.0
127 1.0
128 3.0
129 0.0
130 0.0
131 1.0
132 0.0
133 1.0
134 0.0
135 0.0
136 0.0
137 0.0
138 0.0
139 0.0
140 1.0
141 0.0
142 0.0
143 1.0
144 0.0
145 0.0
146 1.0
147 0.0
148 1.0
149 0.0
150 0.0
151 1.0
152 0.0
153 0.0
154 0.0
155 0.0
156 0.0
157 0.0
158 1.0
159 0.0
160 0.0
161 0.0
162 0.0
163 0.0
164 1.0
165 0.0
166 1.0
167 0.0
168 0.0
169 1.0
170 0.0
171 0.0
172 0.0
173 0.0
174 0.0
175 0.0
176 0.0
177 0.0
178 0.0
179 0.0
180 1.0
