0 0.1482
1 0.142
2 0.1194
3 0.106
4 0.1533
5 0.1251
6 0.1276
7 0.1335
8 0.1298
9 0.1402
10 0.1316
11 0.1442
12 0.131
13 0.1155
14 0.1104
15 0.1303
16 0.12
17 0.0911
18 0.1384
19 0.1397
20 0.1181
21 0.1164
22 0.1177
23 0.1307
24 0.1318
25 0.1283
26 0.1279
27 0.1162
28 0.1231
29 0.1124
30 0.1382
31 0.1376
32 0.1475
33 0.1182
34 0.1446
35 0.1322
36 0.1375
37 0.1442
38 0.1106
39 0.1231
40 0.0959
41 0.131
42 0.1243
43 0.1236
44 0.0891
45 0.1153
46 0.1367
47 0.1406
48 0.1455
49 0.1194
50 0.1177
51 0.1157
52 0.1145
53 0.1189
54 0.1389
55 0.1095
56 0.1406
57 0.1126
58 0.1459
59 0.141
60 0.1451
61 0.1368
62 0.1394
63 0.1196
64 0.1251
65 0.1406
66 0.1374
67 0.1337
68 0.151
69 0.114
70 0.1327
71 0.1148
72 0.1328
73 0.1433
74 0.1119
75 0.1467
76 0.1319
77 0.1428
78 0.1138
79 0.1236
80 0.1296
81 0.1457
82 0.145
83 0.1421
84 0.1188
85 0.1333
86 0.1362
87 0.1225
88 0.1292
89 0.1003
90 0.1021
91 0.1635
92 0.1467
93 0.134
94 0.1355
95 0.1377
96 0.1237
97 0.1369
98 0.136
99 0.1332
100 0.1229
101 0.1688
102 0.113
103 0.1518
104 0.1348
105 0.1264
106 0.1218
107 0.1232
108 0.1192
109 0.1383
110 0.1384
