0 1.0 0.0 43878543
1 0.03238362132148503 1.4578056020760735 79333067
2 0.2613543313880205 1.8930634772939798 51924810
3 0.14324061575117636 2.9552144677945758 45653441
4 0.12941312565902763 3.7906627283028986 38753117
5 0.0968407738065401 4.71780305527654 32916858
6 0.07280275407923478 5.576241182270939 28031728
7 0.023984947376705167 6.576285355785518 24028237
8 -0.018282882587703747 7.483792578845739 20717302
9 -0.07577812012134176 8.499164129744836 17939743
10 -0.12695985025273127 9.417578839032585 15575042
11 -0.1887348084767588 10.432072739495338 13559947
12 -0.2423563922017276 11.35923921458071 11824619
13 -0.30604546582570735 12.365578774055896 10343901
14 -0.3639498323309082 13.276241902570844 9063686
15 -0.42598208977758484 14.25931379587515 7947975
16 -0.4890389389440279 15.144601856346911 6982855
17 -0.5575842849872773 16.140531011682487 6140625
18 -0.6201299187522475 17.04746061157756 5408765
19 -0.6783372967178307 18.019495194608563 4764867
20 -0.7438086783930241 18.855620763150107 4201930
21 -0.8073758383472429 19.851730548843292 3709680
22 -0.8724316071228144 20.754892899867286 3278704
23 -0.936708406339791 21.673870352333108 2897004
24 -0.9949314447158604 22.635795196797602 2561874
25 -1.0626232587052047 23.59874413721052 2265053
26 -1.124661866973081 24.540772531887807 2005128
27 -1.1964482874645141 25.366059709831976 1774299
28 -1.2526444998473594 26.454030988551995 1572320
29 -1.3107972390424947 27.41654977505995 1392995
30 -1.3744362765743758 28.392703209813348 1234648
31 -1.435576880830685 29.465418429093187 1092496
32 -1.496456796003406 30.49752926401273 970026
33 -1.5657336302191314 31.558083213612917 860488
34 -1.6171490135662525 32.3798621239426 762038
35 -1.6658482030735229 33.351790937936336 676878
36 -1.7311369130466632 34.51291285881022 600644
37 -1.774263677760414 35.822062576007106 534956
38 -1.830632995668223 36.60595175757031 474632
39 -1.8959490397504182 37.95183576223988 421505
40 -1.963732869844241 39.095268691417154 373975
41 -2.0189009081236833 40.23195423647287 331783
42 -2.070952777045167 41.222153898689264 295746
43 -2.107821584784372 42.44847820749755 263834
44 -2.174413978103595 43.57729698490142 233737
45 -2.218322555830669 44.83129869828964 207995
46 -2.298741458351354 46.01776201782484 184976
47 -2.3196028444921506 46.614209851627116 163966
48 -2.411383552063192 48.93308663504131 145842
49 -2.399686919239044 49.33217272872892 129679
50 -2.4751232359285793 51.018113440956846 115429
51 -2.570727154288159 53.25183266718704 102853
52 -2.5479024197790636 53.04162960856757 91248
53 -2.6331208780391773 55.36432923046771 81272
54 -2.6691079295154183 56.333819909045744 72640
55 -2.7533943306550244 57.46825226097533 64593
56 -2.7184980578334055 58.53648389008 57925
57 -2.866324706613818 61.05168869939824 51468
58 -2.898381961707881 62.639418638889055 45858
59 -2.968558545311964 63.66643779379499 40806
60 -2.9781133727292626 65.85222397401958 36552
61 -3.0529265063579545 67.14320081700396 32479
62 -3.100936310319992 67.63932998726541 29157
63 -3.0908346653151924 69.11997018556842 25651
64 -3.102053325160895 69.45401312108763 22841
65 -3.1290609262367926 71.8122165862904 20254
66 -3.267089655172414 73.75503552989565 18125
67 -3.34246232726818 73.90091501490862 15993
68 -3.427099397168092 77.55591499881359 14266
69 -3.490461926533186 79.86885904880323 12686
70 -3.43611953226505 80.48307822911259 11545
71 -3.6032091917591127 83.94754913057554 10096
72 -3.5952327663384063 82.98153054116378 8936
73 -3.77708066581306 88.74428904471252 7810
74 -3.617432735426009 87.64736426116723 7136
75 -3.7392764463440695 93.20816427573973 6551
76 -3.583361401145167 88.98202022675358 5938
77 -3.7003052270125907 89.3075504600587 5242
78 -3.8439469680504237 93.69092673832945 4601
79 -3.690781514638277 93.16254990944074 4133
80 -4.1988001090809925 106.53288102549273 3667
81 -3.9520757020757022 99.36186687583258 3276
82 -3.7576486765211414 101.44865669197291 2909
83 -3.828414010232192 96.09964128628906 2541
84 -4.075187969924812 107.56179480102092 2261
85 -3.917150395778364 101.62215968978057 1895
86 -4.673642533936651 123.7447351482351 1768
87 -4.127899686520376 122.90903351971745 1595
88 -4.129464285714286 114.47877471300956 1344
89 -4.437243642329778 125.1172675460528 1219
90 -4.294642857142857 119.85782844387748 1120
91 -4.008902077151335 113.91188910119259 1011
92 -4.573971078976641 119.77289312930809 899
93 -4.246052631578947 121.0565633656506 760
94 -3.7827298050139277 96.94165160109003 718
95 -4.8246153846153845 127.89847100591672 650
96 -4.3584905660377355 124.020712644422 583
97 -4.814090019569472 141.57991888817807 511
98 -4.705756929637527 157.64902869144896 469
99 -5.299760191846523 151.6535491031636 417
100 -4.620967741935484 152.6063345473471 372
101 -4.254335260115607 129.1723077951154 346
102 -4.4935064935064934 127.15255523697103 308
103 -3.931407942238267 128.80756949784328 277
104 -5.386666666666667 144.61048888888888 225
105 -5.074074074074074 154.3834019204389 216
106 -6.427745664739884 168.85749607404182 173
107 -4.351851851851852 179.32681755829896 162
108 -4.184397163120567 127.46954378552397 141
109 -4.248322147651007 138.24034953380482 149
110 -5.284810126582278 169.10242749559364 158
111 -4.897058823529412 187.48940311418687 136
112 -4.235294117647059 125.67012687427894 102
113 -5.190476190476191 129.4303854875283 105
114 -4.08235294117647 147.4873356401386 85
115 -4.680555555555555 140.4118441358025 72
116 -5.492063492063492 185.2975560594608 63
117 -6.476190476190476 271.0589569160999 42
118 -6.25 145.0875 40
119 -4.8 220.7100000000001 40
120 -1.8918918918918919 54.20452885317749 37
121 -6.472222222222222 237.91589506172846 36
122 -6.310344827586207 192.28299643281812 29
123 -6.137931034482759 172.8085612366231 29
124 -3.033333333333333 90.83222222222226 30
125 -7.7 183.67666666666668 30
126 -3.6363636363636362 167.14049586776858 22
127 -3.789473684210526 196.48199445983377 19
128 -2.9473684210526314 204.57617728531855 19
129 -12.235294117647058 336.06228373702425 17
130 -3.235294117647059 137.94463667820065 17
131 -11.25 356.7875 20
132 -1.2857142857142858 33.48979591836735 14
133 -10.0 254.47058823529412 17
134 -1.1666666666666667 8.138888888888888 12
135 -9.0 366.2 10
136 -8.285714285714286 291.91836734693874 7
137 0.0 4.666666666666667 3
138 1.0 0.0 2
139 -6.4 119.84 5
140 -0.3333333333333333 0.888888888888889 3
141 -10.5 65.25 4
142 0.3333333333333333 0.888888888888889 3
143 -19.0 722.6666666666666 3
144 2.0 0.0 1
146 -27.333333333333332 1062.888888888889 3
147 -5.75 45.6875 4
148 -14.75 654.1875 4
150 -2.0 0.0 2
152 -12.0 0.0 1
163 1.0 0.0 1
164 2.0 0.0 1
165 -13.0 0.0 1
166 -1.0 0.0 1
