0 0.3583
1 0.3584
2 0.3632
3 0.3661
4 0.3582
5 0.3612
6 0.3639
7 0.362
8 0.3572
9 0.3566
10 0.3672
11 0.3671
12 0.3573
13 0.3674
14 0.3607
15 0.3628
16 0.3615
17 0.3662
18 0.361
19 0.3565
20 0.3716
21 0.3675
22 0.3623
23 0.36
24 0.3568
25 0.3554
26 0.3647
27 0.3613
28 0.363
29 0.3593
30 0.3519
31 0.3556
32 0.3669
33 0.3582
34 0.3638
35 0.3586
36 0.3623
37 0.3638
38 0.3548
39 0.3662
40 0.3642
41 0.3523
42 0.3595
43 0.3663
44 0.3671
45 0.3557
46 0.3543
47 0.3586
48 0.367
49 0.3592
50 0.3524
51 0.3539
52 0.3631
53 0.3635
54 0.3585
55 0.3547
56 0.3663
57 0.3583
58 0.3658
59 0.3567
60 0.3494
61 0.3579
62 0.3625
63 0.363
64 0.3601
65 0.3681
66 0.3654
67 0.3557
68 0.366
69 0.3673
70 0.3659
71 0.3586
72 0.3617
73 0.3599
74 0.3566
75 0.354
76 0.3589
77 0.3632
78 0.3564
79 0.3635
80 0.359
81 0.3661
82 0.3593
83 0.3573
84 0.3671
85 0.3506
86 0.3617
87 0.363
88 0.3644
89 0.3592
90 0.3568
91 0.3576
92 0.3584
93 0.3665
94 0.3607
95 0.3625
96 0.358
97 0.3581
98 0.3645
99 0.3618
100 0.3683
101 0.36
102 0.3528
103 0.3608
104 0.3615
105 0.3553
106 0.3617
107 0.3571
108 0.355
109 0.3635
110 0.3583
