-72 1
-71 0
-70 0
-69 0
-68 0
-67 0
-66 0
-65 0
-64 0
-63 1
-62 0
-61 3
-60 1
-59 0
-58 2
-57 4
-56 3
-55 2
-54 4
-53 4
-52 3
-51 9
-50 14
-49 17
-48 21
-47 21
-46 34
-45 46
-44 51
-43 45
-42 75
-41 89
-40 124
-39 142
-38 196
-37 281
-36 345
-35 428
-34 583
-33 718
-32 928
-31 1206
-30 1660
-29 2080
-28 2928
-27 3675
-26 4808
-25 6166
-24 8263
-23 10913
-22 14324
-21 18938
-20 25167
-19 33521
-18 44964
-17 60630
-16 81391
-15 110073
-14 150565
-13 206067
-12 284227
-11 395523
-10 553620
-9 785257
-8 1131043
-7 1654474
-6 2470077
-5 3793062
-4 6077508
-3 10380148
-2 19983522
-1 41592783
0 165839573
1 598534725
2 165838974
3 41594476
4 19982955
5 10383639
6 6075573
7 3792698
8 2467333
9 1653754
10 1131836
11 787220
12 554018
13 395385
14 283656
15 205826
16 149848
17 110801
18 81478
19 60457
20 45289
21 33597
22 25200
23 19054
24 14242
25 10825
26 8108
27 6216
28 4783
29 3518
30 2805
31 2108
32 1711
33 1292
34 939
35 750
36 562
37 411
38 357
39 301
40 206
41 160
42 117
43 103
44 81
45 66
46 43
47 36
48 28
49 23
50 15
51 8
52 3
53 6
54 9
55 6
56 1
57 3
58 1
59 3
60 4
61 2
62 1
63 0
64 1
65 0
66 0
67 0
68 0
69 0
70 3
