-227 1
-226 0
-225 0
-224 0
-223 0
-222 0
-221 1
-220 0
-219 0
-218 0
-217 0
-216 0
-215 0
-214 0
-213 0
-212 0
-211 0
-210 0
-209 0
-208 0
-207 0
-206 0
-205 0
-204 0
-203 0
-202 0
-201 0
-200 0
-199 0
-198 0
-197 0
-196 0
-195 0
-194 0
-193 0
-192 0
-191 0
-190 0
-189 1
-188 0
-187 0
-186 0
-185 0
-184 0
-183 1
-182 0
-181 0
-180 0
-179 0
-178 0
-177 0
-176 0
-175 1
-174 1
-173 0
-172 1
-171 0
-170 0
-169 0
-168 0
-167 0
-166 0
-165 0
-164 0
-163 1
-162 0
-161 0
-160 0
-159 0
-158 0
-157 0
-156 0
-155 0
-154 0
-153 0
-152 0
-151 1
-150 3
-149 0
-148 0
-147 2
-146 0
-145 3
-144 1
-143 0
-142 1
-141 3
-140 0
-139 0
-138 0
-137 1
-136 1
-135 0
-134 0
-133 1
-132 0
-131 0
-130 1
-129 1
-128 0
-127 1
-126 2
-125 1
-124 2
-123 0
-122 3
-121 0
-120 0
-119 1
-118 3
-117 3
-116 2
-115 0
-114 4
-113 0
-112 3
-111 3
-110 4
-109 2
-108 3
-107 5
-106 1
-105 3
-104 4
-103 1
-102 3
-101 5
-100 3
-99 2
-98 7
-97 4
-96 3
-95 2
-94 5
-93 5
-92 7
-91 4
-90 1
-89 3
-88 3
-87 6
-86 1
-85 7
-84 4
-83 8
-82 1
-81 10
-80 9
-79 9
-78 10
-77 7
-76 16
-75 7
-74 12
-73 11
-72 9
-71 15
-70 9
-69 9
-68 15
-67 11
-66 13
-65 19
-64 19
-63 11
-62 17
-61 19
-60 19
-59 16
-58 19
-57 26
-56 25
-55 22
-54 28
-53 31
-52 27
-51 32
-50 38
-49 39
-48 39
-47 39
-46 36
-45 53
-44 51
-43 66
-42 50
-41 54
-40 59
-39 59
-38 71
-37 73
-36 70
-35 79
-34 80
-33 84
-32 104
-31 103
-30 105
-29 127
-28 130
-27 141
-26 157
-25 142
-24 182
-23 196
-22 198
-21 240
-20 249
-19 277
-18 299
-17 371
-16 383
-15 408
-14 431
-13 528
-12 609
-11 668
-10 789
-9 898
-8 1101
-7 1390
-6 1734
-5 2209
-4 2968
-3 4146
-2 6783
-1 12987
0 56386
1 1609
2 56391
3 13134
4 6725
5 4208
6 2987
7 2165
8 1702
9 1341
10 1131
11 903
12 765
13 693
14 618
15 525
16 456
17 429
18 384
19 343
20 332
21 236
22 235
23 216
24 218
25 194
26 165
27 171
28 150
29 153
30 130
31 108
32 126
33 99
34 106
35 89
36 76
37 81
38 78
39 83
40 73
41 64
42 43
43 62
44 51
45 54
46 46
47 45
48 42
49 35
50 40
51 26
52 39
53 21
54 35
55 26
56 27
57 24
58 28
59 19
60 22
61 22
62 16
63 18
64 11
65 14
66 19
67 17
68 14
69 11
70 19
71 10
72 10
73 13
74 11
75 9
76 11
77 9
78 17
79 11
80 12
81 4
82 12
83 11
84 9
85 4
86 11
87 6
88 9
89 1
90 9
91 8
92 3
93 4
94 11
95 2
96 1
97 2
98 3
99 3
100 4
101 5
102 2
103 4
104 0
105 2
106 3
107 1
108 2
109 1
110 2
111 1
112 3
113 2
114 3
115 4
116 3
117 4
118 1
119 5
120 4
121 1
122 0
123 4
124 2
125 1
126 0
127 4
128 1
129 0
130 3
131 2
132 0
133 0
134 0
135 0
136 2
137 1
138 0
139 0
140 0
141 0
142 1
143 1
144 0
145 0
146 1
147 1
148 0
149 0
150 0
151 1
152 1
153 1
154 0
155 0
156 0
157 2
158 0
159 0
160 0
161 0
162 0
163 0
164 0
165 0
166 0
167 0
168 0
169 0
170 0
171 0
172 0
173 1
174 0
175 0
176 0
177 0
178 0
179 0
180 0
181 0
182 0
183 1
184 0
185 1
186 0
187 0
188 0
189 0
190 0
191 0
192 0
193 0
194 0
195 0
196 1
197 0
198 0
199 0
200 0
201 0
202 0
203 0
204 0
205 0
206 0
207 0
208 0
209 1
210 0
211 0
212 0
213 0
214 0
215 0
216 1
217 0
218 0
219 0
220 0
221 0
222 0
223 0
224 0
225 1
