0 0.6989
1 0.6985
2 0.7019
3 0.7077
4 0.6932
5 0.6998
6 0.7048
7 0.7053
8 0.7101
9 0.7048
10 0.7027
11 0.6945
12 0.6943
13 0.7001
14 0.7002
15 0.7029
16 0.6956
17 0.6923
18 0.7104
19 0.6925
20 0.7063
21 0.7051
22 0.6969
23 0.6994
24 0.6979
25 0.6968
26 0.6957
27 0.6972
28 0.7026
29 0.7034
30 0.6966
31 0.7025
32 0.705
33 0.6983
34 0.6945
35 0.7112
36 0.7085
37 0.696
38 0.7009
39 0.6966
40 0.7021
41 0.7014
42 0.6896
43 0.7025
44 0.6988
45 0.6939
46 0.71
47 0.6992
48 0.6963
49 0.6955
50 0.7019
51 0.7038
52 0.6913
53 0.7014
54 0.7001
55 0.6932
56 0.7028
57 0.7004
58 0.7027
59 0.7015
60 0.6967
61 0.6985
62 0.7029
63 0.6925
64 0.6989
65 0.6905
66 0.7024
67 0.6964
68 0.7037
69 0.6971
70 0.6982
71 0.7008
72 0.6988
73 0.7112
74 0.6932
75 0.6996
76 0.6939
77 0.6998
78 0.7018
79 0.6993
80 0.703
81 0.6967
82 0.696
83 0.6999
84 0.7003
85 0.6945
86 0.7052
87 0.6926
88 0.7017
89 0.7006
90 0.6964
91 0.7045
92 0.7028
93 0.6894
94 0.6974
95 0.6978
96 0.7038
97 0.6974
98 0.7027
99 0.7009
100 0.6982
101 0.7042
102 0.7017
103 0.7
104 0.7023
105 0.7026
106 0.699
107 0.6962
108 0.7034
109 0.7034
110 0.7016
