-3269 1
-3268 0
-3267 0
-3266 0
-3265 0
-3264 0
-3263 0
-3262 0
-3261 0
-3260 0
-3259 0
-3258 0
-3257 1
-3256 0
-3255 0
-3254 0
-3253 0
-3252 1
-3251 0
-3250 0
-3249 0
-3248 0
-3247 0
-3246 0
-3245 0
-3244 0
-3243 0
-3242 0
-3241 0
-3240 0
-3239 0
-3238 0
-3237 0
-3236 0
-3235 0
-3234 0
-3233 0
-3232 0
-3231 0
-3230 0
-3229 0
-3228 0
-3227 0
-3226 0
-3225 0
-3224 0
-3223 0
-3222 0
-3221 0
-3220 0
-3219 0
-3218 0
-3217 0
-3216 0
-3215 0
-3214 0
-3213 0
-3212 0
-3211 0
-3210 0
-3209 1
-3208 0
-3207 0
-3206 0
-3205 0
-3204 0
-3203 0
-3202 0
-3201 0
-3200 0
-3199 0
-3198 0
-3197 0
-3196 0
-3195 0
-3194 0
-3193 0
-3192 0
-3191 0
-3190 0
-3189 0
-3188 0
-3187 0
-3186 0
-3185 0
-3184 0
-3183 0
-3182 0
-3181 0
-3180 0
-3179 0
-3178 0
-3177 0
-3176 0
-3175 0
-3174 0
-3173 0
-3172 0
-3171 0
-3170 0
-3169 0
-3168 0
-3167 0
-3166 0
-3165 0
-3164 0
-3163 0
-3162 0
-3161 0
-3160 1
-3159 0
-3158 0
-3157 0
-3156 0
-3155 0
-3154 0
-3153 0
-3152 0
-3151 0
-3150 0
-3149 0
-3148 0
-3147 0
-3146 0
-3145 0
-3144 0
-3143 0
-3142 0
-3141 0
-3140 0
-3139 0
-3138 0
-3137 0
-3136 0
-3135 0
-3134 0
-3133 0
-3132 0
-3131 1
-3130 0
-3129 0
-3128 0
-3127 0
-3126 0
-3125 0
-3124 0
-3123 0
-3122 0
-3121 0
-3120 0
-3119 0
-3118 0
-3117 0
-3116 0
-3115 0
-3114 0
-3113 0
-3112 0
-3111 0
-3110 0
-3109 0
-3108 0
-3107 0
-3106 0
-3105 0
-3104 0
-3103 0
-3102 0
-3101 1
-3100 0
-3099 0
-3098 0
-3097 0
-3096 0
-3095 0
-3094 0
-3093 0
-3092 0
-3091 0
-3090 0
-3089 0
-3088 0
-3087 0
-3086 0
-3085 0
-3084 0
-3083 0
-3082 0
-3081 0
-3080 0
-3079 0
-3078 0
-3077 1
-3076 0
-3075 0
-3074 0
-3073 0
-3072 1
-3071 0
-3070 0
-3069 0
-3068 0
-3067 0
-3066 0
-3065 0
-3064 0
-3063 0
-3062 0
-3061 2
-3060 0
-3059 0
-3058 0
-3057 0
-3056 0
-3055 0
-3054 0
-3053 0
-3052 0
-3051 0
-3050 0
-3049 0
-3048 1
-3047 1
-3046 0
-3045 0
-3044 0
-3043 2
-3042 0
-3041 1
-3040 0
-3039 1
-3038 0
-3037 0
-3036 0
-3035 0
-3034 1
-3033 0
-3032 0
-3031 0
-3030 0
-3029 0
-3028 1
-3027 0
-3026 1
-3025 0
-3024 0
-3023 0
-3022 0
-3021 0
-3020 1
-3019 0
-3018 1
-3017 0
-3016 2
-3015 0
-3014 0
-3013 0
-3012 0
-3011 0
-3010 0
-3009 0
-3008 1
-3007 0
-3006 1
-3005 0
-3004 0
-3003 0
-3002 0
-3001 0
-3000 0
-2999 0
-2998 0
-2997 0
-2996 0
-2995 0
-2994 0
-2993 0
-2992 1
-2991 0
-2990 0
-2989 0
-2988 2
-2987 0
-2986 0
-2985 2
-2984 0
-2983 0
-2982 2
-2981 1
-2980 1
-2979 0
-2978 0
-2977 0
-2976 1
-2975 0
-2974 0
-2973 0
-2972 0
-2971 0
-2970 1
-2969 1
-2968 1
-2967 0
-2966 1
-2965 0
-2964 0
-2963 0
-2962 0
-2961 1
-2960 0
-2959 0
-2958 0
-2957 0
-2956 0
-2955 1
-2954 1
-2953 1
-2952 0
-2951 2
-2950 0
-2949 0
-2948 1
-2947 0
-2946 1
-2945 1
-2944 2
-2943 0
-2942 0
-2941 0
-2940 0
-2939 1
-2938 0
-2937 0
-2936 2
-2935 1
-2934 0
-2933 0
-2932 0
-2931 0
-2930 0
-2929 0
-2928 1
-2927 1
-2926 1
-2925 0
-2924 0
-2923 0
-2922 1
-2921 0
-2920 0
-2919 0
-2918 0
-2917 0
-2916 0
-2915 0
-2914 0
-2913 1
-2912 0
-2911 0
-2910 0
-2909 0
-2908 0
-2907 0
-2906 1
-2905 0
-2904 0
-2903 0
-2902 0
-2901 0
-2900 1
-2899 0
-2898 0
-2897 0
-2896 0
-2895 0
-2894 0
-2893 0
-2892 0
-2891 0
-2890 0
-2889 0
-2888 0
-2887 0
-2886 0
-2885 0
-2884 0
-2883 0
-2882 0
-2881 0
-2880 2
-2879 0
-2878 0
-2877 0
-2876 0
-2875 1
-2874 0
-2873 0
-2872 1
-2871 1
-2870 0
-2869 1
-2868 1
-2867 0
-2866 1
-2865 0
-2864 1
-2863 1
-2862 0
-2861 1
-2860 0
-2859 0
-2858 0
-2857 1
-2856 0
-2855 0
-2854 0
-2853 0
-2852 0
-2851 1
-2850 0
-2849 0
-2848 1
-2847 1
-2846 1
-2845 0
-2844 0
-2843 0
-2842 1
-2841 1
-2840 1
-2839 0
-2838 1
-2837 0
-2836 2
-2835 0
-2834 0
-2833 1
-2832 0
-2831 1
-2830 0
-2829 0
-2828 0
-2827 0
-2826 0
-2825 0
-2824 0
-2823 0
-2822 0
-2821 0
-2820 1
-2819 0
-2818 1
-2817 0
-2816 1
-2815 0
-2814 0
-2813 1
-2812 0
-2811 1
-2810 0
-2809 0
-2808 0
-2807 1
-2806 0
-2805 0
-2804 0
-2803 0
-2802 0
-2801 0
-2800 0
-2799 0
-2798 0
-2797 2
-2796 0
-2795 0
-2794 1
-2793 0
-2792 1
-2791 0
-2790 0
-2789 0
-2788 1
-2787 0
-2786 0
-2785 0
-2784 0
-2783 0
-2782 0
-2781 0
-2780 0
-2779 1
-2778 0
-2777 0
-2776 0
-2775 0
-2774 0
-2773 0
-2772 0
-2771 0
-2770 0
-2769 0
-2768 1
-2767 0
-2766 0
-2765 3
-2764 0
-2763 0
-2762 1
-2761 0
-2760 0
-2759 0
-2758 0
-2757 1
-2756 0
-2755 1
-2754 0
-2753 1
-2752 0
-2751 0
-2750 0
-2749 0
-2748 1
-2747 0
-2746 0
-2745 0
-2744 0
-2743 0
-2742 0
-2741 0
-2740 0
-2739 1
-2738 0
-2737 1
-2736 0
-2735 2
-2734 0
-2733 0
-2732 1
-2731 0
-2730 1
-2729 0
-2728 0
-2727 0
-2726 1
-2725 0
-2724 1
-2723 0
-2722 0
-2721 0
-2720 0
-2719 1
-2718 0
-2717 0
-2716 0
-2715 0
-2714 0
-2713 0
-2712 0
-2711 1
-2710 0
-2709 0
-2708 0
-2707 1
-2706 0
-2705 0
-2704 0
-2703 0
-2702 0
-2701 0
-2700 0
-2699 0
-2698 1
-2697 2
-2696 0
-2695 0
-2694 0
-2693 1
-2692 0
-2691 0
-2690 0
-2689 0
-2688 0
-2687 0
-2686 0
-2685 0
-2684 1
-2683 1
-2682 0
-2681 1
-2680 1
-2679 1
-2678 0
-2677 1
-2676 0
-2675 0
-2674 0
-2673 1
-2672 0
-2671 1
-2670 1
-2669 0
-2668 1
-2667 0
-2666 1
-2665 0
-2664 0
-2663 0
-2662 0
-2661 0
-2660 1
-2659 0
-2658 1
-2657 0
-2656 0
-2655 0
-2654 0
-2653 0
-2652 0
-2651 0
-2650 2
-2649 1
-2648 1
-2647 0
-2646 0
-2645 0
-2644 0
-2643 0
-2642 0
-2641 0
-2640 0
-2639 0
-2638 0
-2637 1
-2636 0
-2635 1
-2634 0
-2633 0
-2632 0
-2631 0
-2630 0
-2629 0
-2628 0
-2627 0
-2626 0
-2625 0
-2624 0
-2623 1
-2622 0
-2621 0
-2620 0
-2619 0
-2618 0
-2617 0
-2616 1
-2615 0
-2614 0
-2613 0
-2612 0
-2611 0
-2610 1
-2609 0
-2608 0
-2607 0
-2606 0
-2605 0
-2604 0
-2603 1
-2602 0
-2601 0
-2600 0
-2599 1
-2598 0
-2597 0
-2596 0
-2595 0
-2594 0
-2593 0
-2592 1
-2591 1
-2590 0
-2589 0
-2588 0
-2587 0
-2586 0
-2585 0
-2584 0
-2583 0
-2582 0
-2581 1
-2580 0
-2579 0
-2578 0
-2577 0
-2576 0
-2575 0
-2574 0
-2573 0
-2572 0
-2571 0
-2570 0
-2569 0
-2568 0
-2567 1
-2566 0
-2565 1
-2564 0
-2563 0
-2562 1
-2561 0
-2560 0
-2559 0
-2558 0
-2557 0
-2556 0
-2555 0
-2554 0
-2553 0
-2552 0
-2551 0
-2550 0
-2549 0
-2548 0
-2547 0
-2546 0
-2545 0
-2544 0
-2543 1
-2542 0
-2541 1
-2540 0
-2539 0
-2538 0
-2537 0
-2536 0
-2535 0
-2534 0
-2533 0
-2532 0
-2531 0
-2530 1
-2529 1
-2528 1
-2527 0
-2526 1
-2525 0
-2524 1
-2523 0
-2522 1
-2521 0
-2520 0
-2519 0
-2518 1
-2517 0
-2516 0
-2515 0
-2514 0
-2513 0
-2512 0
-2511 0
-2510 0
-2509 1
-2508 0
-2507 0
-2506 0
-2505 0
-2504 0
-2503 1
-2502 0
-2501 0
-2500 0
-2499 0
-2498 1
-2497 1
-2496 1
-2495 1
-2494 0
-2493 0
-2492 1
-2491 0
-2490 0
-2489 0
-2488 1
-2487 0
-2486 0
-2485 0
-2484 2
-2483 0
-2482 0
-2481 0
-2480 0
-2479 0
-2478 0
-2477 1
-2476 0
-2475 0
-2474 0
-2473 0
-2472 0
-2471 0
-2470 0
-2469 0
-2468 1
-2467 0
-2466 0
-2465 0
-2464 0
-2463 0
-2462 0
-2461 0
-2460 1
-2459 0
-2458 1
-2457 1
-2456 0
-2455 1
-2454 0
-2453 0
-2452 0
-2451 0
-2450 1
-2449 0
-2448 1
-2447 1
-2446 0
-2445 2
-2444 0
-2443 0
-2442 0
-2441 0
-2440 1
-2439 0
-2438 0
-2437 2
-2436 0
-2435 0
-2434 1
-2433 2
-2432 0
-2431 2
-2430 0
-2429 0
-2428 1
-2427 0
-2426 0
-2425 1
-2424 0
-2423 1
-2422 0
-2421 0
-2420 0
-2419 1
-2418 1
-2417 0
-2416 1
-2415 0
-2414 0
-2413 1
-2412 0
-2411 0
-2410 0
-2409 0
-2408 0
-2407 0
-2406 0
-2405 0
-2404 0
-2403 0
-2402 0
-2401 1
-2400 0
-2399 0
-2398 0
-2397 1
-2396 0
-2395 0
-2394 0
-2393 2
-2392 0
-2391 0
-2390 0
-2389 0
-2388 1
-2387 0
-2386 0
-2385 0
-2384 0
-2383 0
-2382 1
-2381 0
-2380 0
-2379 0
-2378 0
-2377 1
-2376 2
-2375 1
-2374 0
-2373 0
-2372 0
-2371 1
-2370 0
-2369 0
-2368 0
-2367 1
-2366 2
-2365 0
-2364 2
-2363 0
-2362 0
-2361 1
-2360 0
-2359 0
-2358 1
-2357 0
-2356 0
-2355 0
-2354 1
-2353 0
-2352 0
-2351 0
-2350 0
-2349 0
-2348 0
-2347 0
-2346 0
-2345 1
-2344 0
-2343 0
-2342 1
-2341 0
-2340 0
-2339 1
-2338 1
-2337 0
-2336 0
-2335 0
-2334 0
-2333 0
-2332 2
-2331 0
-2330 1
-2329 0
-2328 0
-2327 0
-2326 1
-2325 0
-2324 0
-2323 1
-2322 1
-2321 0
-2320 0
-2319 0
-2318 0
-2317 1
-2316 2
-2315 0
-2314 0
-2313 1
-2312 0
-2311 0
-2310 0
-2309 0
-2308 0
-2307 1
-2306 0
-2305 0
-2304 0
-2303 1
-2302 0
-2301 1
-2300 0
-2299 0
-2298 0
-2297 0
-2296 1
-2295 0
-2294 1
-2293 1
-2292 0
-2291 1
-2290 0
-2289 0
-2288 1
-2287 2
-2286 0
-2285 1
-2284 0
-2283 1
-2282 0
-2281 1
-2280 1
-2279 0
-2278 1
-2277 0
-2276 0
-2275 1
-2274 0
-2273 0
-2272 0
-2271 1
-2270 1
-2269 0
-2268 0
-2267 0
-2266 1
-2265 0
-2264 0
-2263 1
-2262 0
-2261 0
-2260 0
-2259 0
-2258 0
-2257 0
-2256 0
-2255 0
-2254 1
-2253 0
-2252 0
-2251 0
-2250 0
-2249 0
-2248 0
-2247 0
-2246 0
-2245 1
-2244 1
-2243 0
-2242 0
-2241 0
-2240 0
-2239 0
-2238 0
-2237 0
-2236 1
-2235 1
-2234 0
-2233 0
-2232 2
-2231 1
-2230 2
-2229 1
-2228 1
-2227 0
-2226 0
-2225 0
-2224 0
-2223 0
-2222 1
-2221 0
-2220 0
-2219 1
-2218 1
-2217 1
-2216 0
-2215 0
-2214 1
-2213 0
-2212 0
-2211 0
-2210 0
-2209 1
-2208 0
-2207 0
-2206 2
-2205 0
-2204 0
-2203 0
-2202 0
-2201 0
-2200 0
-2199 0
-2198 0
-2197 0
-2196 1
-2195 2
-2194 3
-2193 0
-2192 1
-2191 0
-2190 0
-2189 0
-2188 0
-2187 0
-2186 1
-2185 0
-2184 0
-2183 0
-2182 0
-2181 0
-2180 0
-2179 0
-2178 0
-2177 1
-2176 0
-2175 0
-2174 0
-2173 0
-2172 0
-2171 0
-2170 0
-2169 0
-2168 0
-2167 0
-2166 2
-2165 0
-2164 0
-2163 0
-2162 0
-2161 0
-2160 0
-2159 0
-2158 0
-2157 0
-2156 0
-2155 1
-2154 0
-2153 0
-2152 2
-2151 2
-2150 0
-2149 0
-2148 0
-2147 0
-2146 1
-2145 0
-2144 2
-2143 0
-2142 0
-2141 0
-2140 0
-2139 0
-2138 0
-2137 0
-2136 1
-2135 0
-2134 0
-2133 0
-2132 1
-2131 0
-2130 0
-2129 0
-2128 1
-2127 0
-2126 0
-2125 1
-2124 0
-2123 0
-2122 1
-2121 0
-2120 0
-2119 0
-2118 0
-2117 0
-2116 0
-2115 0
-2114 1
-2113 0
-2112 0
-2111 0
-2110 1
-2109 1
-2108 0
-2107 0
-2106 0
-2105 1
-2104 0
-2103 0
-2102 0
-2101 0
-2100 0
-2099 1
-2098 0
-2097 1
-2096 1
-2095 1
-2094 0
-2093 1
-2092 1
-2091 0
-2090 1
-2089 0
-2088 1
-2087 0
-2086 0
-2085 0
-2084 0
-2083 0
-2082 1
-2081 0
-2080 0
-2079 0
-2078 0
-2077 0
-2076 0
-2075 0
-2074 0
-2073 0
-2072 0
-2071 0
-2070 1
-2069 0
-2068 0
-2067 1
-2066 0
-2065 1
-2064 1
-2063 0
-2062 0
-2061 1
-2060 0
-2059 0
-2058 1
-2057 0
-2056 0
-2055 0
-2054 0
-2053 1
-2052 0
-2051 1
-2050 0
-2049 1
-2048 1
-2047 0
-2046 0
-2045 1
-2044 1
-2043 0
-2042 2
-2041 1
-2040 0
-2039 0
-2038 1
-2037 0
-2036 0
-2035 1
-2034 2
-2033 0
-2032 0
-2031 0
-2030 0
-2029 0
-2028 0
-2027 0
-2026 1
-2025 0
-2024 1
-2023 0
-2022 1
-2021 2
-2020 0
-2019 0
-2018 1
-2017 0
-2016 0
-2015 1
-2014 1
-2013 0
-2012 0
-2011 0
-2010 1
-2009 2
-2008 0
-2007 1
-2006 1
-2005 2
-2004 0
-2003 1
-2002 0
-2001 0
-2000 0
-1999 0
-1998 0
-1997 0
-1996 2
-1995 0
-1994 1
-1993 0
-1992 0
-1991 0
-1990 1
-1989 2
-1988 1
-1987 0
-1986 0
-1985 0
-1984 0
-1983 0
-1982 1
-1981 0
-1980 3
-1979 0
-1978 0
-1977 1
-1976 0
-1975 0
-1974 0
-1973 0
-1972 0
-1971 0
-1970 0
-1969 1
-1968 0
-1967 0
-1966 0
-1965 3
-1964 1
-1963 0
-1962 0
-1961 0
-1960 0
-1959 0
-1958 1
-1957 1
-1956 2
-1955 0
-1954 0
-1953 0
-1952 1
-1951 2
-1950 0
-1949 0
-1948 0
-1947 0
-1946 1
-1945 1
-1944 1
-1943 0
-1942 0
-1941 0
-1940 1
-1939 3
-1938 0
-1937 0
-1936 0
-1935 0
-1934 1
-1933 4
-1932 1
-1931 2
-1930 0
-1929 0
-1928 0
-1927 0
-1926 0
-1925 1
-1924 0
-1923 0
-1922 0
-1921 1
-1920 1
-1919 0
-1918 1
-1917 2
-1916 0
-1915 0
-1914 0
-1913 0
-1912 1
-1911 0
-1910 1
-1909 0
-1908 0
-1907 0
-1906 0
-1905 2
-1904 0
-1903 0
-1902 0
-1901 1
-1900 0
-1899 1
-1898 0
-1897 1
-1896 2
-1895 1
-1894 0
-1893 1
-1892 0
-1891 1
-1890 0
-1889 0
-1888 0
-1887 1
-1886 1
-1885 1
-1884 0
-1883 0
-1882 2
-1881 0
-1880 0
-1879 0
-1878 0
-1877 0
-1876 0
-1875 0
-1874 0
-1873 0
-1872 1
-1871 0
-1870 1
-1869 0
-1868 2
-1867 0
-1866 0
-1865 0
-1864 1
-1863 0
-1862 1
-1861 1
-1860 1
-1859 0
-1858 2
-1857 0
-1856 0
-1855 2
-1854 1
-1853 0
-1852 0
-1851 1
-1850 0
-1849 1
-1848 0
-1847 0
-1846 0
-1845 1
-1844 1
-1843 0
-1842 0
-1841 0
-1840 0
-1839 2
-1838 0
-1837 2
-1836 0
-1835 2
-1834 1
-1833 1
-1832 0
-1831 2
-1830 2
-1829 2
-1828 1
-1827 0
-1826 0
-1825 1
-1824 1
-1823 1
-1822 1
-1821 2
-1820 1
-1819 0
-1818 0
-1817 0
-1816 1
-1815 0
-1814 0
-1813 1
-1812 0
-1811 1
-1810 0
-1809 0
-1808 1
-1807 0
-1806 0
-1805 1
-1804 0
-1803 1
-1802 2
-1801 1
-1800 0
-1799 1
-1798 1
-1797 1
-1796 0
-1795 3
-1794 0
-1793 0
-1792 1
-1791 0
-1790 0
-1789 1
-1788 1
-1787 0
-1786 0
-1785 0
-1784 0
-1783 0
-1782 0
-1781 1
-1780 0
-1779 0
-1778 0
-1777 0
-1776 1
-1775 1
-1774 0
-1773 0
-1772 1
-1771 2
-1770 0
-1769 0
-1768 1
-1767 0
-1766 0
-1765 4
-1764 3
-1763 0
-1762 0
-1761 0
-1760 2
-1759 1
-1758 1
-1757 1
-1756 2
-1755 0
-1754 2
-1753 1
-1752 0
-1751 0
-1750 0
-1749 1
-1748 0
-1747 0
-1746 1
-1745 0
-1744 3
-1743 0
-1742 0
-1741 1
-1740 0
-1739 0
-1738 1
-1737 1
-1736 0
-1735 0
-1734 0
-1733 1
-1732 0
-1731 0
-1730 2
-1729 0
-1728 0
-1727 2
-1726 1
-1725 0
-1724 0
-1723 0
-1722 0
-1721 0
-1720 2
-1719 0
-1718 2
-1717 0
-1716 1
-1715 0
-1714 0
-1713 1
-1712 0
-1711 2
-1710 3
-1709 0
-1708 0
-1707 0
-1706 0
-1705 2
-1704 0
-1703 0
-1702 0
-1701 1
-1700 2
-1699 1
-1698 0
-1697 0
-1696 1
-1695 2
-1694 1
-1693 1
-1692 2
-1691 1
-1690 1
-1689 1
-1688 1
-1687 0
-1686 2
-1685 2
-1684 2
-1683 2
-1682 2
-1681 3
-1680 1
-1679 1
-1678 2
-1677 0
-1676 1
-1675 4
-1674 0
-1673 0
-1672 3
-1671 2
-1670 0
-1669 1
-1668 0
-1667 2
-1666 0
-1665 3
-1664 0
-1663 1
-1662 1
-1661 5
-1660 0
-1659 1
-1658 1
-1657 2
-1656 2
-1655 0
-1654 0
-1653 1
-1652 1
-1651 0
-1650 1
-1649 0
-1648 1
-1647 2
-1646 0
-1645 0
-1644 1
-1643 3
-1642 3
-1641 0
-1640 0
-1639 1
-1638 1
-1637 2
-1636 2
-1635 0
-1634 1
-1633 1
-1632 1
-1631 0
-1630 1
-1629 1
-1628 2
-1627 0
-1626 0
-1625 1
-1624 2
-1623 1
-1622 2
-1621 2
-1620 3
-1619 2
-1618 0
-1617 0
-1616 1
-1615 1
-1614 0
-1613 0
-1612 1
-1611 2
-1610 0
-1609 1
-1608 0
-1607 2
-1606 1
-1605 1
-1604 2
-1603 1
-1602 0
-1601 2
-1600 0
-1599 1
-1598 0
-1597 0
-1596 1
-1595 0
-1594 1
-1593 0
-1592 1
-1591 2
-1590 1
-1589 0
-1588 2
-1587 2
-1586 0
-1585 0
-1584 1
-1583 2
-1582 2
-1581 1
-1580 2
-1579 1
-1578 1
-1577 0
-1576 1
-1575 1
-1574 2
-1573 1
-1572 2
-1571 3
-1570 0
-1569 0
-1568 2
-1567 1
-1566 1
-1565 0
-1564 1
-1563 3
-1562 1
-1561 0
-1560 2
-1559 2
-1558 1
-1557 0
-1556 1
-1555 0
-1554 0
-1553 1
-1552 0
-1551 0
-1550 0
-1549 0
-1548 0
-1547 0
-1546 0
-1545 2
-1544 0
-1543 2
-1542 2
-1541 0
-1540 0
-1539 2
-1538 1
-1537 0
-1536 2
-1535 1
-1534 0
-1533 2
-1532 0
-1531 0
-1530 0
-1529 0
-1528 1
-1527 3
-1526 2
-1525 1
-1524 0
-1523 2
-1522 0
-1521 1
-1520 1
-1519 0
-1518 1
-1517 2
-1516 2
-1515 2
-1514 0
-1513 1
-1512 2
-1511 1
-1510 3
-1509 0
-1508 1
-1507 1
-1506 0
-1505 0
-1504 0
-1503 3
-1502 1
-1501 3
-1500 2
-1499 1
-1498 2
-1497 0
-1496 0
-1495 0
-1494 0
-1493 1
-1492 1
-1491 0
-1490 0
-1489 2
-1488 1
-1487 1
-1486 0
-1485 1
-1484 2
-1483 1
-1482 3
-1481 1
-1480 2
-1479 0
-1478 0
-1477 0
-1476 1
-1475 1
-1474 0
-1473 1
-1472 1
-1471 0
-1470 1
-1469 0
-1468 0
-1467 1
-1466 1
-1465 0
-1464 4
-1463 0
-1462 1
-1461 1
-1460 0
-1459 1
-1458 0
-1457 0
-1456 0
-1455 2
-1454 2
-1453 1
-1452 0
-1451 3
-1450 0
-1449 0
-1448 2
-1447 0
-1446 0
-1445 2
-1444 1
-1443 1
-1442 0
-1441 2
-1440 1
-1439 0
-1438 1
-1437 2
-1436 1
-1435 2
-1434 0
-1433 3
-1432 1
-1431 1
-1430 2
-1429 1
-1428 0
-1427 1
-1426 2
-1425 0
-1424 1
-1423 0
-1422 0
-1421 1
-1420 3
-1419 3
-1418 0
-1417 1
-1416 2
-1415 0
-1414 0
-1413 1
-1412 1
-1411 3
-1410 1
-1409 1
-1408 0
-1407 2
-1406 1
-1405 1
-1404 1
-1403 2
-1402 0
-1401 0
-1400 0
-1399 1
-1398 0
-1397 1
-1396 1
-1395 0
-1394 2
-1393 2
-1392 2
-1391 4
-1390 0
-1389 0
-1388 0
-1387 1
-1386 0
-1385 3
-1384 0
-1383 0
-1382 0
-1381 2
-1380 0
-1379 2
-1378 1
-1377 3
-1376 1
-1375 3
-1374 1
-1373 0
-1372 1
-1371 0
-1370 1
-1369 1
-1368 1
-1367 0
-1366 1
-1365 0
-1364 2
-1363 0
-1362 2
-1361 1
-1360 2
-1359 2
-1358 0
-1357 1
-1356 1
-1355 1
-1354 1
-1353 2
-1352 1
-1351 0
-1350 1
-1349 1
-1348 0
-1347 0
-1346 3
-1345 2
-1344 1
-1343 1
-1342 2
-1341 3
-1340 1
-1339 3
-1338 1
-1337 0
-1336 2
-1335 0
-1334 1
-1333 0
-1332 2
-1331 2
-1330 1
-1329 4
-1328 2
-1327 2
-1326 0
-1325 2
-1324 3
-1323 1
-1322 2
-1321 1
-1320 4
-1319 3
-1318 3
-1317 0
-1316 3
-1315 3
-1314 6
-1313 2
-1312 4
-1311 0
-1310 3
-1309 4
-1308 2
-1307 1
-1306 2
-1305 1
-1304 2
-1303 2
-1302 5
-1301 2
-1300 2
-1299 3
-1298 1
-1297 2
-1296 2
-1295 3
-1294 1
-1293 2
-1292 2
-1291 0
-1290 1
-1289 1
-1288 2
-1287 3
-1286 1
-1285 1
-1284 1
-1283 0
-1282 0
-1281 0
-1280 3
-1279 1
-1278 3
-1277 4
-1276 1
-1275 3
-1274 0
-1273 1
-1272 0
-1271 2
-1270 1
-1269 2
-1268 2
-1267 2
-1266 2
-1265 1
-1264 1
-1263 0
-1262 3
-1261 1
-1260 4
-1259 2
-1258 3
-1257 3
-1256 2
-1255 2
-1254 0
-1253 3
-1252 3
-1251 2
-1250 2
-1249 1
-1248 3
-1247 2
-1246 0
-1245 1
-1244 2
-1243 1
-1242 1
-1241 2
-1240 0
-1239 2
-1238 1
-1237 4
-1236 2
-1235 4
-1234 2
-1233 1
-1232 1
-1231 2
-1230 0
-1229 2
-1228 1
-1227 1
-1226 1
-1225 0
-1224 3
-1223 1
-1222 1
-1221 1
-1220 3
-1219 3
-1218 1
-1217 4
-1216 2
-1215 3
-1214 2
-1213 1
-1212 5
-1211 1
-1210 4
-1209 1
-1208 3
-1207 3
-1206 1
-1205 0
-1204 0
-1203 1
-1202 1
-1201 5
-1200 1
-1199 1
-1198 1
-1197 5
-1196 5
-1195 2
-1194 1
-1193 1
-1192 1
-1191 0
-1190 3
-1189 3
-1188 1
-1187 1
-1186 0
-1185 4
-1184 5
-1183 2
-1182 2
-1181 4
-1180 1
-1179 4
-1178 3
-1177 0
-1176 2
-1175 2
-1174 3
-1173 0
-1172 5
-1171 4
-1170 0
-1169 3
-1168 2
-1167 2
-1166 2
-1165 1
-1164 2
-1163 1
-1162 1
-1161 3
-1160 4
-1159 3
-1158 3
-1157 1
-1156 2
-1155 4
-1154 0
-1153 1
-1152 1
-1151 1
-1150 0
-1149 1
-1148 0
-1147 1
-1146 4
-1145 2
-1144 4
-1143 2
-1142 3
-1141 1
-1140 5
-1139 1
-1138 2
-1137 2
-1136 2
-1135 3
-1134 1
-1133 2
-1132 7
-1131 2
-1130 3
-1129 4
-1128 7
-1127 3
-1126 3
-1125 6
-1124 4
-1123 2
-1122 1
-1121 2
-1120 3
-1119 5
-1118 4
-1117 2
-1116 1
-1115 4
-1114 4
-1113 4
-1112 3
-1111 3
-1110 2
-1109 4
-1108 4
-1107 1
-1106 0
-1105 3
-1104 4
-1103 3
-1102 4
-1101 1
-1100 2
-1099 0
-1098 1
-1097 5
-1096 3
-1095 4
-1094 5
-1093 4
-1092 0
-1091 4
-1090 3
-1089 4
-1088 2
-1087 5
-1086 4
-1085 4
-1084 1
-1083 5
-1082 2
-1081 8
-1080 4
-1079 3
-1078 7
-1077 0
-1076 1
-1075 2
-1074 0
-1073 7
-1072 2
-1071 0
-1070 4
-1069 4
-1068 3
-1067 4
-1066 1
-1065 2
-1064 5
-1063 2
-1062 3
-1061 3
-1060 5
-1059 5
-1058 6
-1057 3
-1056 6
-1055 2
-1054 2
-1053 5
-1052 5
-1051 4
-1050 2
-1049 1
-1048 2
-1047 3
-1046 2
-1045 2
-1044 2
-1043 4
-1042 5
-1041 1
-1040 6
-1039 5
-1038 4
-1037 2
-1036 3
-1035 4
-1034 3
-1033 5
-1032 4
-1031 3
-1030 3
-1029 1
-1028 5
-1027 5
-1026 4
-1025 2
-1024 3
-1023 4
-1022 4
-1021 5
-1020 3
-1019 5
-1018 5
-1017 4
-1016 2
-1015 3
-1014 2
-1013 5
-1012 3
-1011 4
-1010 4
-1009 7
-1008 5
-1007 3
-1006 4
-1005 6
-1004 6
-1003 7
-1002 4
-1001 4
-1000 7
-999 2
-998 2
-997 5
-996 6
-995 5
-994 3
-993 4
-992 4
-991 4
-990 8
-989 3
-988 4
-987 8
-986 5
-985 4
-984 3
-983 5
-982 9
-981 6
-980 7
-979 5
-978 1
-977 5
-976 6
-975 8
-974 3
-973 3
-972 8
-971 5
-970 3
-969 4
-968 7
-967 6
-966 8
-965 5
-964 1
-963 4
-962 6
-961 8
-960 2
-959 7
-958 3
-957 4
-956 6
-955 3
-954 7
-953 6
-952 2
-951 9
-950 5
-949 6
-948 4
-947 5
-946 8
-945 3
-944 9
-943 6
-942 3
-941 8
-940 7
-939 4
-938 3
-937 7
-936 3
-935 8
-934 4
-933 9
-932 12
-931 4
-930 4
-929 2
-928 3
-927 1
-926 3
-925 6
-924 4
-923 5
-922 10
-921 2
-920 5
-919 12
-918 3
-917 5
-916 6
-915 6
-914 9
-913 4
-912 5
-911 1
-910 2
-909 4
-908 6
-907 4
-906 6
-905 9
-904 7
-903 3
-902 5
-901 2
-900 6
-899 8
-898 4
-897 0
-896 5
-895 2
-894 4
-893 5
-892 5
-891 9
-890 4
-889 5
-888 7
-887 6
-886 6
-885 4
-884 5
-883 5
-882 6
-881 5
-880 5
-879 5
-878 10
-877 11
-876 7
-875 7
-874 7
-873 4
-872 6
-871 7
-870 5
-869 3
-868 5
-867 8
-866 6
-865 7
-864 6
-863 11
-862 8
-861 6
-860 10
-859 2
-858 3
-857 6
-856 7
-855 6
-854 8
-853 4
-852 11
-851 6
-850 6
-849 4
-848 3
-847 8
-846 7
-845 6
-844 4
-843 5
-842 8
-841 6
-840 4
-839 8
-838 8
-837 4
-836 4
-835 7
-834 7
-833 15
-832 7
-831 5
-830 6
-829 5
-828 10
-827 8
-826 8
-825 5
-824 4
-823 6
-822 6
-821 5
-820 9
-819 7
-818 3
-817 4
-816 5
-815 4
-814 9
-813 9
-812 5
-811 5
-810 5
-809 7
-808 9
-807 9
-806 4
-805 2
-804 3
-803 6
-802 5
-801 3
-800 10
-799 9
-798 7
-797 5
-796 6
-795 5
-794 5
-793 8
-792 6
-791 6
-790 4
-789 9
-788 5
-787 6
-786 8
-785 1
-784 9
-783 8
-782 6
-781 6
-780 5
-779 9
-778 6
-777 0
-776 11
-775 4
-774 8
-773 9
-772 5
-771 10
-770 7
-769 7
-768 3
-767 13
-766 8
-765 10
-764 2
-763 11
-762 10
-761 6
-760 9
-759 10
-758 5
-757 6
-756 4
-755 8
-754 10
-753 4
-752 10
-751 3
-750 9
-749 6
-748 7
-747 9
-746 11
-745 9
-744 8
-743 11
-742 7
-741 10
-740 5
-739 5
-738 5
-737 13
-736 10
-735 5
-734 14
-733 5
-732 12
-731 9
-730 7
-729 6
-728 12
-727 8
-726 7
-725 19
-724 8
-723 7
-722 9
-721 8
-720 13
-719 11
-718 5
-717 4
-716 12
-715 7
-714 9
-713 8
-712 6
-711 10
-710 8
-709 9
-708 10
-707 12
-706 14
-705 9
-704 2
-703 15
-702 12
-701 9
-700 7
-699 7
-698 11
-697 10
-696 4
-695 14
-694 10
-693 16
-692 8
-691 11
-690 10
-689 8
-688 10
-687 14
-686 9
-685 12
-684 10
-683 5
-682 13
-681 14
-680 11
-679 15
-678 7
-677 13
-676 11
-675 10
-674 13
-673 10
-672 11
-671 14
-670 12
-669 5
-668 11
-667 6
-666 15
-665 11
-664 10
-663 6
-662 15
-661 9
-660 16
-659 11
-658 12
-657 12
-656 10
-655 14
-654 10
-653 13
-652 9
-651 12
-650 8
-649 9
-648 17
-647 9
-646 13
-645 7
-644 7
-643 11
-642 9
-641 12
-640 9
-639 17
-638 8
-637 10
-636 6
-635 12
-634 14
-633 14
-632 13
-631 8
-630 12
-629 16
-628 9
-627 10
-626 14
-625 16
-624 6
-623 15
-622 23
-621 17
-620 13
-619 11
-618 17
-617 9
-616 17
-615 8
-614 7
-613 13
-612 20
-611 11
-610 14
-609 10
-608 20
-607 17
-606 15
-605 11
-604 11
-603 9
-602 14
-601 12
-600 7
-599 14
-598 14
-597 9
-596 20
-595 8
-594 15
-593 14
-592 15
-591 7
-590 20
-589 17
-588 22
-587 9
-586 20
-585 15
-584 15
-583 20
-582 10
-581 21
-580 15
-579 21
-578 7
-577 12
-576 16
-575 19
-574 19
-573 8
-572 15
-571 18
-570 12
-569 17
-568 9
-567 13
-566 14
-565 16
-564 16
-563 12
-562 16
-561 16
-560 18
-559 15
-558 18
-557 13
-556 17
-555 15
-554 23
-553 16
-552 20
-551 14
-550 13
-549 16
-548 27
-547 15
-546 18
-545 20
-544 16
-543 22
-542 26
-541 20
-540 20
-539 15
-538 24
-537 20
-536 8
-535 23
-534 7
-533 20
-532 12
-531 13
-530 15
-529 16
-528 17
-527 21
-526 18
-525 14
-524 17
-523 18
-522 18
-521 16
-520 25
-519 25
-518 22
-517 22
-516 23
-515 16
-514 15
-513 19
-512 16
-511 18
-510 18
-509 12
-508 17
-507 24
-506 12
-505 18
-504 11
-503 23
-502 21
-501 15
-500 12
-499 20
-498 22
-497 19
-496 22
-495 20
-494 9
-493 14
-492 28
-491 19
-490 20
-489 20
-488 22
-487 20
-486 10
-485 23
-484 26
-483 22
-482 23
-481 18
-480 21
-479 20
-478 23
-477 25
-476 22
-475 18
-474 16
-473 18
-472 27
-471 23
-470 19
-469 25
-468 27
-467 19
-466 25
-465 18
-464 34
-463 15
-462 26
-461 29
-460 29
-459 25
-458 19
-457 24
-456 19
-455 27
-454 25
-453 25
-452 27
-451 26
-450 20
-449 33
-448 28
-447 19
-446 19
-445 32
-444 37
-443 26
-442 19
-441 22
-440 24
-439 23
-438 36
-437 26
-436 35
-435 28
-434 19
-433 36
-432 35
-431 18
-430 32
-429 28
-428 28
-427 30
-426 29
-425 28
-424 36
-423 16
-422 36
-421 18
-420 39
-419 32
-418 40
-417 36
-416 33
-415 22
-414 39
-413 31
-412 41
-411 26
-410 28
-409 25
-408 27
-407 32
-406 26
-405 35
-404 28
-403 31
-402 40
-401 42
-400 30
-399 36
-398 40
-397 34
-396 47
-395 33
-394 38
-393 36
-392 25
-391 33
-390 23
-389 34
-388 28
-387 55
-386 38
-385 37
-384 33
-383 25
-382 26
-381 38
-380 29
-379 45
-378 36
-377 45
-376 30
-375 27
-374 34
-373 45
-372 43
-371 38
-370 35
-369 34
-368 34
-367 35
-366 48
-365 40
-364 39
-363 40
-362 39
-361 42
-360 41
-359 38
-358 51
-357 44
-356 34
-355 43
-354 41
-353 46
-352 44
-351 40
-350 52
-349 53
-348 61
-347 46
-346 51
-345 44
-344 44
-343 36
-342 38
-341 42
-340 45
-339 52
-338 52
-337 42
-336 57
-335 47
-334 64
-333 61
-332 40
-331 49
-330 46
-329 53
-328 61
-327 53
-326 60
-325 47
-324 55
-323 56
-322 57
-321 53
-320 43
-319 59
-318 53
-317 53
-316 48
-315 44
-314 50
-313 56
-312 70
-311 64
-310 60
-309 65
-308 57
-307 62
-306 54
-305 60
-304 75
-303 68
-302 68
-301 73
-300 64
-299 58
-298 56
-297 64
-296 67
-295 79
-294 70
-293 59
-292 58
-291 66
-290 70
-289 62
-288 64
-287 83
-286 79
-285 62
-284 61
-283 74
-282 69
-281 83
-280 81
-279 68
-278 70
-277 80
-276 86
-275 66
-274 80
-273 67
-272 86
-271 88
-270 96
-269 92
-268 79
-267 88
-266 74
-265 81
-264 78
-263 90
-262 72
-261 100
-260 72
-259 91
-258 73
-257 96
-256 101
-255 106
-254 90
-253 108
-252 98
-251 104
-250 95
-249 92
-248 88
-247 111
-246 105
-245 105
-244 104
-243 80
-242 104
-241 107
-240 94
-239 115
-238 99
-237 111
-236 111
-235 112
-234 116
-233 113
-232 109
-231 118
-230 130
-229 120
-228 118
-227 117
-226 124
-225 116
-224 117
-223 123
-222 116
-221 136
-220 140
-219 128
-218 126
-217 125
-216 160
-215 144
-214 119
-213 142
-212 147
-211 132
-210 146
-209 139
-208 133
-207 144
-206 118
-205 159
-204 139
-203 155
-202 162
-201 170
-200 131
-199 148
-198 168
-197 140
-196 170
-195 174
-194 174
-193 172
-192 165
-191 164
-190 192
-189 182
-188 178
-187 170
-186 160
-185 188
-184 179
-183 210
-182 189
-181 212
-180 197
-179 210
-178 210
-177 190
-176 207
-175 180
-174 193
-173 202
-172 211
-171 201
-170 224
-169 219
-168 227
-167 205
-166 231
-165 202
-164 214
-163 225
-162 258
-161 244
-160 233
-159 247
-158 239
-157 249
-156 254
-155 272
-154 252
-153 244
-152 265
-151 269
-150 293
-149 280
-148 274
-147 266
-146 297
-145 304
-144 304
-143 313
-142 301
-141 303
-140 326
-139 320
-138 335
-137 328
-136 347
-135 346
-134 326
-133 350
-132 357
-131 380
-130 388
-129 355
-128 377
-127 360
-126 374
-125 436
-124 416
-123 393
-122 426
-121 463
-120 416
-119 466
-118 460
-117 428
-116 474
-115 464
-114 453
-113 502
-112 497
-111 496
-110 487
-109 532
-108 509
-107 567
-106 570
-105 577
-104 601
-103 644
-102 632
-101 611
-100 604
-99 714
-98 656
-97 646
-96 672
-95 746
-94 751
-93 768
-92 743
-91 788
-90 832
-89 791
-88 864
-87 873
-86 895
-85 875
-84 931
-83 918
-82 903
-81 1043
-80 1073
-79 1026
-78 1011
-77 1028
-76 1076
-75 1174
-74 1234
-73 1203
-72 1237
-71 1231
-70 1292
-69 1377
-68 1403
-67 1490
-66 1490
-65 1571
-64 1562
-63 1642
-62 1735
-61 1761
-60 1848
-59 2036
-58 1929
-57 2055
-56 2066
-55 2132
-54 2336
-53 2479
-52 2411
-51 2592
-50 2683
-49 2708
-48 2842
-47 2956
-46 3075
-45 3190
-44 3346
-43 3546
-42 3690
-41 3977
-40 4099
-39 4270
-38 4414
-37 4692
-36 5017
-35 5221
-34 5655
-33 5888
-32 6378
-31 6766
-30 7103
-29 7678
-28 8165
-27 8992
-26 9551
-25 10385
-24 11095
-23 12078
-22 13064
-21 14379
-20 16080
-19 17721
-18 19881
-17 22090
-16 24688
-15 28275
-14 32038
-13 37318
-12 43513
-11 52241
-10 62332
-9 76676
-8 96419
-7 125895
-6 169489
-5 242289
-4 373605
-3 651000
-2 1423337
-1 5105595
0 121682889
1 848766600
2 124102153
3 3310593
4 1039815
5 535864
6 326237
7 219112
8 156295
9 117705
10 91570
11 73920
12 60082
13 49941
14 42629
15 36045
16 31306
17 27762
18 24365
19 21988
20 19421
21 17139
22 15739
23 14217
24 12950
25 12054
26 10982
27 10324
28 9632
29 8741
30 7963
31 7612
32 7075
33 6585
34 6309
35 5781
36 5519
37 5280
38 5053
39 4722
40 4457
41 4232
42 4117
43 3819
44 3695
45 3540
46 3308
47 3270
48 3122
49 2993
50 2832
51 2668
52 2599
53 2590
54 2468
55 2311
56 2265
57 2141
58 2204
59 2039
60 1942
61 1940
62 1872
63 1756
64 1713
65 1632
66 1619
67 1554
68 1507
69 1484
70 1448
71 1301
72 1279
73 1297
74 1248
75 1257
76 1110
77 1228
78 1096
79 1087
80 990
81 1075
82 1019
83 973
84 939
85 921
86 873
87 931
88 844
89 834
90 864
91 816
92 872
93 762
94 772
95 743
96 732
97 729
98 685
99 641
100 680
101 647
102 610
103 624
104 609
105 623
106 598
107 582
108 623
109 557
110 512
111 517
112 519
113 500
114 506
115 467
116 503
117 479
118 442
119 464
120 466
121 435
122 430
123 458
124 423
125 398
126 406
127 385
128 375
129 377
130 367
131 346
132 379
133 405
134 345
135 367
136 359
137 346
138 316
139 352
140 288
141 311
142 328
143 313
144 314
145 289
146 301
147 308
148 301
149 258
150 284
151 297
152 308
153 256
154 245
155 275
156 284
157 271
158 292
159 256
160 228
161 241
162 203
163 238
164 233
165 209
166 216
167 229
168 217
169 182
170 207
171 216
172 223
173 211
174 220
175 225
176 211
177 213
178 205
179 190
180 212
181 188
182 194
183 192
184 180
185 184
186 180
187 179
188 190
189 189
190 189
191 160
192 158
193 183
194 168
195 189
196 168
197 162
198 165
199 139
200 151
201 179
202 135
203 162
204 155
205 131
206 159
207 141
208 133
209 144
210 145
211 160
212 140
213 143
214 156
215 118
216 143
217 131
218 140
219 144
220 180
221 130
222 122
223 121
224 140
225 117
226 113
227 109
228 112
229 95
230 119
231 115
232 132
233 113
234 108
235 114
236 126
237 99
238 95
239 126
240 101
241 100
242 101
243 101
244 106
245 98
246 97
247 101
248 86
249 84
250 97
251 103
252 117
253 91
254 93
255 72
256 96
257 96
258 88
259 103
260 101
261 97
262 82
263 96
264 71
265 74
266 83
267 77
268 76
269 84
270 93
271 91
272 81
273 79
274 70
275 70
276 75
277 76
278 80
279 97
280 78
281 84
282 75
283 85
284 99
285 76
286 88
287 64
288 69
289 70
290 74
291 70
292 72
293 54
294 69
295 59
296 74
297 68
298 66
299 57
300 55
301 71
302 74
303 63
304 65
305 81
306 69
307 54
308 65
309 52
310 55
311 53
312 70
313 69
314 54
315 52
316 51
317 53
318 35
319 55
320 62
321 53
322 46
323 64
324 53
325 50
326 61
327 47
328 48
329 56
330 58
331 58
332 53
333 45
334 60
335 42
336 62
337 52
338 57
339 49
340 42
341 54
342 50
343 38
344 41
345 47
346 22
347 38
348 54
349 41
350 52
351 45
352 47
353 50
354 43
355 41
356 46
357 42
358 44
359 49
360 47
361 42
362 33
363 35
364 57
365 47
366 34
367 26
368 49
369 32
370 44
371 37
372 34
373 36
374 33
375 39
376 38
377 36
378 46
379 38
380 27
381 35
382 33
383 38
384 35
385 40
386 36
387 39
388 39
389 44
390 26
391 44
392 34
393 34
394 35
395 35
396 41
397 32
398 33
399 39
400 24
401 37
402 50
403 25
404 32
405 41
406 24
407 19
408 41
409 31
410 29
411 27
412 31
413 36
414 35
415 34
416 36
417 27
418 25
419 38
420 31
421 27
422 24
423 30
424 30
425 25
426 31
427 31
428 30
429 30
430 17
431 33
432 25
433 29
434 25
435 29
436 27
437 21
438 27
439 37
440 22
441 20
442 24
443 22
444 29
445 41
446 22
447 29
448 28
449 17
450 29
451 28
452 28
453 27
454 19
455 24
456 18
457 32
458 17
459 34
460 31
461 28
462 21
463 31
464 27
465 24
466 24
467 28
468 20
469 11
470 29
471 19
472 24
473 29
474 17
475 24
476 11
477 16
478 22
479 18
480 22
481 27
482 25
483 28
484 23
485 21
486 19
487 30
488 18
489 12
490 12
491 20
492 28
493 25
494 19
495 22
496 5
497 19
498 24
499 21
500 22
501 16
502 21
503 18
504 15
505 15
506 17
507 26
508 20
509 24
510 13
511 25
512 10
513 15
514 18
515 16
516 22
517 22
518 12
519 10
520 27
521 23
522 16
523 15
524 22
525 21
526 21
527 20
528 14
529 14
530 28
531 18
532 16
533 25
534 14
535 8
536 21
537 12
538 20
539 19
540 24
541 19
542 17
543 16
544 22
545 17
546 17
547 18
548 14
549 19
550 18
551 12
552 8
553 14
554 22
555 16
556 18
557 13
558 15
559 22
560 15
561 14
562 19
563 24
564 14
565 18
566 19
567 9
568 16
569 13
570 16
571 12
572 11
573 13
574 23
575 16
576 15
577 15
578 17
579 16
580 10
581 14
582 16
583 21
584 13
585 12
586 12
587 17
588 9
589 13
590 18
591 20
592 18
593 15
594 20
595 10
596 16
597 11
598 10
599 15
600 17
601 7
602 11
603 14
604 13
605 15
606 11
607 12
608 14
609 17
610 15
611 8
612 12
613 7
614 18
615 12
616 9
617 13
618 14
619 13
620 12
621 14
622 8
623 11
624 11
625 12
626 15
627 13
628 8
629 13
630 14
631 9
632 9
633 13
634 14
635 14
636 11
637 12
638 16
639 15
640 14
641 7
642 16
643 9
644 12
645 11
646 11
647 10
648 10
649 5
650 9
651 9
652 14
653 5
654 12
655 10
656 10
657 16
658 17
659 15
660 9
661 15
662 11
663 11
664 11
665 11
666 14
667 6
668 8
669 10
670 12
671 10
672 11
673 11
674 16
675 14
676 11
677 6
678 11
679 9
680 17
681 10
682 12
683 10
684 12
685 8
686 11
687 10
688 17
689 8
690 10
691 11
692 9
693 11
694 14
695 13
696 12
697 5
698 12
699 10
700 8
701 8
702 8
703 5
704 15
705 10
706 6
707 8
708 5
709 8
710 12
711 6
712 13
713 2
714 6
715 16
716 10
717 15
718 10
719 15
720 7
721 11
722 10
723 13
724 5
725 11
726 10
727 6
728 12
729 13
730 12
731 8
732 12
733 9
734 4
735 3
736 9
737 4
738 10
739 4
740 6
741 12
742 11
743 4
744 9
745 4
746 15
747 6
748 6
749 11
750 11
751 6
752 7
753 10
754 11
755 4
756 7
757 9
758 5
759 13
760 6
761 9
762 8
763 5
764 6
765 6
766 5
767 7
768 8
769 7
770 6
771 9
772 10
773 7
774 4
775 7
776 9
777 9
778 9
779 6
780 4
781 2
782 8
783 4
784 5
785 4
786 7
787 4
788 6
789 8
790 10
791 10
792 8
793 7
794 4
795 5
796 7
797 7
798 5
799 8
800 7
801 4
802 3
803 9
804 8
805 5
806 5
807 5
808 5
809 6
810 10
811 10
812 5
813 7
814 8
815 5
816 4
817 2
818 4
819 8
820 9
821 3
822 9
823 4
824 6
825 3
826 7
827 13
828 5
829 7
830 5
831 7
832 4
833 6
834 5
835 4
836 8
837 3
838 6
839 9
840 6
841 16
842 6
843 9
844 4
845 8
846 7
847 10
848 5
849 6
850 4
851 5
852 4
853 5
854 2
855 9
856 4
857 7
858 7
859 11
860 7
861 7
862 3
863 10
864 4
865 4
866 5
867 6
868 5
869 4
870 6
871 5
872 6
873 9
874 3
875 10
876 2
877 4
878 4
879 2
880 4
881 3
882 4
883 7
884 8
885 2
886 10
887 7
888 7
889 6
890 6
891 9
892 3
893 4
894 2
895 3
896 5
897 4
898 1
899 3
900 2
901 3
902 6
903 10
904 6
905 10
906 8
907 3
908 4
909 3
910 5
911 4
912 5
913 6
914 2
915 6
916 5
917 6
918 7
919 12
920 8
921 6
922 8
923 8
924 4
925 4
926 4
927 1
928 5
929 3
930 4
931 4
932 6
933 6
934 4
935 5
936 5
937 2
938 4
939 4
940 7
941 5
942 9
943 10
944 5
945 3
946 3
947 4
948 4
949 7
950 1
951 7
952 4
953 6
954 2
955 4
956 3
957 8
958 2
959 4
960 3
961 4
962 3
963 4
964 6
965 4
966 8
967 4
968 7
969 8
970 9
971 7
972 8
973 4
974 6
975 5
976 6
977 5
978 4
979 6
980 11
981 4
982 6
983 5
984 9
985 5
986 2
987 2
988 5
989 7
990 4
991 6
992 2
993 8
994 4
995 3
996 8
997 4
998 3
999 5
1000 9
1001 5
1002 3
1003 1
1004 8
1005 4
1006 4
1007 3
1008 5
1009 3
1010 3
1011 4
1012 5
1013 1
1014 6
1015 5
1016 4
1017 5
1018 7
1019 8
1020 2
1021 0
1022 1
1023 3
1024 5
1025 5
1026 6
1027 4
1028 5
1029 5
1030 5
1031 3
1032 1
1033 6
1034 0
1035 7
1036 1
1037 2
1038 4
1039 8
1040 1
1041 4
1042 2
1043 0
1044 3
1045 3
1046 3
1047 5
1048 4
1049 4
1050 1
1051 4
1052 3
1053 5
1054 4
1055 2
1056 6
1057 6
1058 5
1059 1
1060 5
1061 6
1062 2
1063 2
1064 4
1065 3
1066 2
1067 3
1068 3
1069 4
1070 3
1071 6
1072 2
1073 2
1074 6
1075 3
1076 3
1077 5
1078 3
1079 3
1080 2
1081 2
1082 7
1083 1
1084 2
1085 5
1086 1
1087 8
1088 3
1089 1
1090 3
1091 4
1092 3
1093 3
1094 4
1095 2
1096 2
1097 3
1098 6
1099 3
1100 5
1101 7
1102 3
1103 2
1104 5
1105 0
1106 2
1107 8
1108 3
1109 4
1110 6
1111 1
1112 2
1113 3
1114 1
1115 4
1116 3
1117 0
1118 2
1119 1
1120 0
1121 4
1122 3
1123 4
1124 4
1125 4
1126 0
1127 3
1128 5
1129 7
1130 4
1131 5
1132 1
1133 2
1134 4
1135 1
1136 3
1137 2
1138 3
1139 2
1140 0
1141 4
1142 1
1143 2
1144 1
1145 3
1146 0
1147 1
1148 1
1149 2
1150 0
1151 0
1152 3
1153 1
1154 2
1155 4
1156 4
1157 1
1158 0
1159 2
1160 2
1161 7
1162 2
1163 0
1164 4
1165 2
1166 4
1167 1
1168 3
1169 6
1170 1
1171 2
1172 3
1173 4
1174 3
1175 0
1176 4
1177 3
1178 3
1179 1
1180 2
1181 1
1182 0
1183 1
1184 4
1185 2
1186 1
1187 1
1188 3
1189 1
1190 4
1191 2
1192 1
1193 3
1194 0
1195 1
1196 4
1197 1
1198 0
1199 3
1200 3
1201 1
1202 1
1203 1
1204 2
1205 2
1206 0
1207 4
1208 1
1209 1
1210 1
1211 0
1212 0
1213 0
1214 2
1215 1
1216 2
1217 3
1218 0
1219 2
1220 2
1221 1
1222 1
1223 3
1224 1
1225 3
1226 0
1227 2
1228 1
1229 4
1230 3
1231 0
1232 0
1233 2
1234 3
1235 3
1236 1
1237 3
1238 1
1239 1
1240 2
1241 2
1242 4
1243 2
1244 1
1245 4
1246 4
1247 2
1248 1
1249 3
1250 0
1251 3
1252 2
1253 2
1254 3
1255 3
1256 4
1257 3
1258 3
1259 1
1260 1
1261 4
1262 2
1263 4
1264 1
1265 2
1266 3
1267 2
1268 0
1269 1
1270 3
1271 5
1272 0
1273 3
1274 3
1275 3
1276 3
1277 0
1278 1
1279 2
1280 2
1281 2
1282 1
1283 1
1284 2
1285 1
1286 0
1287 1
1288 1
1289 1
1290 2
1291 1
1292 3
1293 1
1294 1
1295 3
1296 0
1297 1
1298 2
1299 0
1300 1
1301 2
1302 3
1303 3
1304 1
1305 3
1306 2
1307 1
1308 3
1309 1
1310 4
1311 7
1312 1
1313 1
1314 4
1315 1
1316 3
1317 1
1318 2
1319 2
1320 2
1321 1
1322 4
1323 0
1324 1
1325 3
1326 0
1327 3
1328 1
1329 1
1330 3
1331 4
1332 2
1333 1
1334 3
1335 1
1336 0
1337 0
1338 0
1339 1
1340 2
1341 0
1342 2
1343 4
1344 3
1345 2
1346 0
1347 1
1348 0
1349 1
1350 0
1351 1
1352 2
1353 3
1354 0
1355 0
1356 1
1357 1
1358 2
1359 2
1360 1
1361 0
1362 1
1363 1
1364 3
1365 0
1366 1
1367 0
1368 2
1369 0
1370 2
1371 1
1372 1
1373 1
1374 2
1375 1
1376 0
1377 2
1378 0
1379 0
1380 0
1381 1
1382 1
1383 2
1384 3
1385 2
1386 1
1387 0
1388 1
1389 0
1390 0
1391 0
1392 2
1393 3
1394 0
1395 2
1396 3
1397 0
1398 2
1399 1
1400 0
1401 0
1402 1
1403 0
1404 0
1405 1
1406 1
1407 1
1408 0
1409 0
1410 3
1411 0
1412 2
1413 0
1414 1
1415 1
1416 1
1417 0
1418 0
1419 1
1420 1
1421 0
1422 3
1423 1
1424 1
1425 2
1426 0
1427 3
1428 1
1429 1
1430 2
1431 2
1432 1
1433 2
1434 1
1435 3
1436 1
1437 1
1438 2
1439 2
1440 3
1441 0
1442 3
1443 1
1444 0
1445 0
1446 1
1447 0
1448 0
1449 0
1450 1
1451 0
1452 2
1453 2
1454 3
1455 0
1456 1
1457 0
1458 1
1459 2
1460 3
1461 0
1462 0
1463 0
1464 0
1465 0
1466 3
1467 1
1468 1
1469 0
1470 2
1471 0
1472 1
1473 0
1474 1
1475 0
1476 2
1477 1
1478 1
1479 0
1480 2
1481 1
1482 3
1483 2
1484 1
1485 2
1486 0
1487 1
1488 2
1489 1
1490 2
1491 1
1492 1
1493 0
1494 0
1495 1
1496 0
1497 0
1498 0
1499 1
1500 0
1501 0
1502 1
1503 0
1504 1
1505 3
1506 2
1507 0
1508 1
1509 1
1510 1
1511 1
1512 2
1513 1
1514 0
1515 1
1516 2
1517 0
1518 2
1519 1
1520 2
1521 0
1522 0
1523 0
1524 3
1525 2
1526 1
1527 1
1528 1
1529 1
1530 0
1531 0
1532 0
1533 1
1534 1
1535 1
1536 1
1537 1
1538 2
1539 1
1540 1
1541 0
1542 0
1543 0
1544 2
1545 0
1546 2
1547 0
1548 0
1549 2
1550 2
1551 0
1552 0
1553 1
1554 1
1555 0
1556 0
1557 2
1558 0
1559 1
1560 1
1561 1
1562 3
1563 1
1564 1
1565 0
1566 1
1567 0
1568 2
1569 1
1570 2
1571 1
1572 1
1573 0
1574 2
1575 4
1576 0
1577 2
1578 3
1579 3
1580 1
1581 2
1582 0
1583 1
1584 0
1585 1
1586 0
1587 1
1588 1
1589 2
1590 1
1591 0
1592 1
1593 1
1594 1
1595 1
1596 1
1597 0
1598 1
1599 0
1600 1
1601 3
1602 0
1603 0
1604 1
1605 1
1606 0
1607 1
1608 2
1609 1
1610 1
1611 0
1612 0
1613 0
1614 2
1615 2
1616 0
1617 0
1618 2
1619 1
1620 1
1621 0
1622 0
1623 1
1624 0
1625 0
1626 0
1627 1
1628 1
1629 0
1630 0
1631 1
1632 1
1633 1
1634 1
1635 2
1636 1
1637 0
1638 0
1639 1
1640 1
1641 4
1642 1
1643 1
1644 1
1645 1
1646 1
1647 2
1648 1
1649 1
1650 0
1651 0
1652 1
1653 1
1654 1
1655 0
1656 1
1657 0
1658 1
1659 1
1660 0
1661 2
1662 1
1663 3
1664 1
1665 1
1666 1
1667 1
1668 1
1669 1
1670 0
1671 3
1672 1
1673 1
1674 0
1675 0
1676 5
1677 1
1678 2
1679 3
1680 0
1681 1
1682 1
1683 0
1684 2
1685 0
1686 2
1687 0
1688 0
1689 0
1690 1
1691 2
1692 3
1693 1
1694 0
1695 1
1696 2
1697 1
1698 0
1699 2
1700 0
1701 2
1702 1
1703 1
1704 0
1705 0
1706 2
1707 2
1708 0
1709 1
1710 0
1711 1
1712 1
1713 3
1714 0
1715 0
1716 1
1717 0
1718 0
1719 1
1720 2
1721 0
1722 0
1723 0
1724 0
1725 1
1726 0
1727 0
1728 0
1729 1
1730 0
1731 0
1732 2
1733 0
1734 0
1735 0
1736 0
1737 1
1738 0
1739 1
1740 0
1741 1
1742 0
1743 1
1744 2
1745 0
1746 0
1747 3
1748 1
1749 0
1750 0
1751 1
1752 1
1753 1
1754 1
1755 0
1756 0
1757 1
1758 0
1759 0
1760 0
1761 0
1762 0
1763 1
1764 0
1765 1
1766 1
1767 1
1768 1
1769 1
1770 2
1771 0
1772 1
1773 1
1774 1
1775 1
1776 2
1777 1
1778 1
1779 0
1780 0
1781 0
1782 2
1783 0
1784 0
1785 0
1786 0
1787 0
1788 0
1789 1
1790 1
1791 0
1792 0
1793 1
1794 0
1795 1
1796 0
1797 2
1798 1
1799 0
1800 1
1801 1
1802 1
1803 0
1804 0
1805 0
1806 2
1807 1
1808 0
1809 0
1810 0
1811 2
1812 0
1813 0
1814 1
1815 0
1816 0
1817 0
1818 0
1819 0
1820 3
1821 2
1822 0
1823 2
1824 2
1825 1
1826 0
1827 0
1828 0
1829 0
1830 1
1831 1
1832 1
1833 0
1834 0
1835 3
1836 1
1837 0
1838 1
1839 1
1840 1
1841 1
1842 0
1843 2
1844 0
1845 1
1846 3
1847 1
1848 0
1849 1
1850 1
1851 1
1852 0
1853 2
1854 0
1855 0
1856 2
1857 0
1858 1
1859 1
1860 0
1861 1
1862 0
1863 0
1864 1
1865 2
1866 0
1867 1
1868 0
1869 0
1870 1
1871 0
1872 2
1873 1
1874 0
1875 0
1876 2
1877 0
1878 1
1879 0
1880 0
1881 0
1882 2
1883 0
1884 0
1885 1
1886 0
1887 0
1888 0
1889 1
1890 0
1891 2
1892 2
1893 0
1894 0
1895 0
1896 0
1897 0
1898 0
1899 2
1900 0
1901 1
1902 3
1903 1
1904 2
1905 0
1906 0
1907 1
1908 0
1909 0
1910 0
1911 0
1912 2
1913 2
1914 0
1915 0
1916 0
1917 0
1918 0
1919 0
1920 1
1921 1
1922 0
1923 0
1924 0
1925 0
1926 0
1927 0
1928 0
1929 1
1930 0
1931 0
1932 0
1933 0
1934 0
1935 1
1936 2
1937 1
1938 2
1939 2
1940 0
1941 0
1942 1
1943 0
1944 0
1945 0
1946 0
1947 0
1948 1
1949 1
1950 1
1951 0
1952 1
1953 4
1954 0
1955 1
1956 0
1957 0
1958 1
1959 0
1960 0
1961 0
1962 2
1963 0
1964 0
1965 0
1966 2
1967 0
1968 1
1969 1
1970 0
1971 2
1972 0
1973 0
1974 0
1975 0
1976 2
1977 0
1978 0
1979 1
1980 0
1981 0
1982 0
1983 1
1984 0
1985 0
1986 1
1987 1
1988 1
1989 0
1990 2
1991 0
1992 0
1993 0
1994 0
1995 0
1996 0
1997 0
1998 0
1999 1
2000 0
2001 0
2002 0
2003 0
2004 0
2005 0
2006 1
2007 3
2008 2
2009 2
2010 1
2011 0
2012 0
2013 0
2014 0
2015 0
2016 1
2017 0
2018 0
2019 1
2020 0
2021 3
2022 0
2023 0
2024 0
2025 3
2026 1
2027 0
2028 0
2029 0
2030 1
2031 0
2032 0
2033 0
2034 0
2035 0
2036 1
2037 0
2038 1
2039 0
2040 0
2041 0
2042 0
2043 0
2044 0
2045 2
2046 0
2047 0
2048 0
2049 0
2050 0
2051 2
2052 1
2053 0
2054 1
2055 1
2056 2
2057 0
2058 1
2059 0
2060 0
2061 0
2062 0
2063 1
2064 1
2065 0
2066 0
2067 1
2068 0
2069 1
2070 0
2071 0
2072 0
2073 0
2074 0
2075 1
2076 1
2077 0
2078 0
2079 0
2080 1
2081 1
2082 0
2083 0
2084 0
2085 1
2086 0
2087 0
2088 0
2089 0
2090 0
2091 0
2092 0
2093 1
2094 0
2095 0
2096 0
2097 0
2098 1
2099 0
2100 1
2101 1
2102 0
2103 1
2104 1
2105 0
2106 1
2107 0
2108 0
2109 0
2110 0
2111 0
2112 0
2113 0
2114 1
2115 0
2116 1
2117 0
2118 0
2119 0
2120 0
2121 1
2122 0
2123 0
2124 0
2125 0
2126 0
2127 1
2128 1
2129 1
2130 0
2131 0
2132 0
2133 0
2134 0
2135 0
2136 0
2137 2
2138 0
2139 1
2140 0
2141 0
2142 0
2143 1
2144 0
2145 0
2146 0
2147 2
2148 0
2149 0
2150 0
2151 0
2152 0
2153 0
2154 0
2155 1
2156 0
2157 1
2158 1
2159 0
2160 0
2161 1
2162 1
2163 0
2164 0
2165 0
2166 0
2167 0
2168 1
2169 0
2170 0
2171 0
2172 0
2173 1
2174 0
2175 0
2176 0
2177 1
2178 0
2179 1
2180 1
2181 1
2182 0
2183 0
2184 0
2185 0
2186 0
2187 0
2188 0
2189 0
2190 0
2191 0
2192 0
2193 0
2194 1
2195 0
2196 0
2197 2
2198 1
2199 0
2200 1
2201 0
2202 0
2203 0
2204 0
2205 0
2206 1
2207 0
2208 0
2209 1
2210 0
2211 0
2212 1
2213 0
2214 0
2215 1
2216 0
2217 1
2218 0
2219 0
2220 0
2221 0
2222 1
2223 0
2224 0
2225 1
2226 0
2227 0
2228 1
2229 0
2230 0
2231 1
2232 1
2233 0
2234 0
2235 0
2236 2
2237 1
2238 0
2239 0
2240 0
2241 0
2242 0
2243 0
2244 0
2245 0
2246 0
2247 1
2248 0
2249 1
2250 1
2251 0
2252 1
2253 0
2254 1
2255 0
2256 0
2257 0
2258 2
2259 0
2260 1
2261 1
2262 0
2263 0
2264 2
2265 0
2266 0
2267 0
2268 0
2269 0
2270 1
2271 0
2272 0
2273 0
2274 0
2275 1
2276 0
2277 0
2278 1
2279 0
2280 1
2281 0
2282 1
2283 1
2284 0
2285 0
2286 0
2287 0
2288 1
2289 1
2290 0
2291 0
2292 0
2293 0
2294 1
2295 1
2296 0
2297 1
2298 1
2299 0
2300 0
2301 0
2302 0
2303 1
2304 0
2305 0
2306 0
2307 0
2308 0
2309 0
2310 0
2311 0
2312 0
2313 0
2314 0
2315 0
2316 0
2317 0
2318 2
2319 0
2320 0
2321 0
2322 0
2323 1
2324 0
2325 0
2326 0
2327 0
2328 1
2329 0
2330 0
2331 1
2332 0
2333 0
2334 1
2335 1
2336 0
2337 1
2338 0
2339 0
2340 0
2341 0
2342 0
2343 0
2344 0
2345 2
2346 0
2347 1
2348 0
2349 0
2350 0
2351 0
2352 1
2353 0
2354 1
2355 1
2356 0
2357 0
2358 1
2359 0
2360 0
2361 0
2362 0
2363 0
2364 1
2365 1
2366 1
2367 0
2368 0
2369 0
2370 0
2371 0
2372 0
2373 1
2374 0
2375 0
2376 1
2377 0
2378 0
2379 0
2380 1
2381 0
2382 2
2383 0
2384 0
2385 0
2386 0
2387 1
2388 0
2389 0
2390 0
2391 1
2392 1
2393 1
2394 0
2395 0
2396 1
2397 0
2398 0
2399 1
2400 0
2401 0
2402 0
2403 0
2404 0
2405 2
2406 0
2407 0
2408 1
2409 0
2410 1
2411 0
2412 2
2413 2
2414 0
2415 0
2416 0
2417 0
2418 0
2419 0
2420 0
2421 1
2422 0
2423 0
2424 1
2425 1
2426 0
2427 0
2428 0
2429 0
2430 0
2431 2
2432 0
2433 0
2434 1
2435 0
2436 0
2437 0
2438 0
2439 0
2440 1
2441 1
2442 0
2443 1
2444 0
2445 1
2446 1
2447 0
2448 0
2449 1
2450 0
2451 0
2452 1
2453 0
2454 0
2455 0
2456 0
2457 1
2458 0
2459 2
2460 1
2461 0
2462 0
2463 0
2464 0
2465 0
2466 0
2467 0
2468 0
2469 1
2470 1
2471 0
2472 0
2473 0
2474 1
2475 0
2476 0
2477 1
2478 0
2479 0
2480 0
2481 1
2482 0
2483 0
2484 0
2485 0
2486 0
2487 0
2488 1
2489 0
2490 0
2491 0
2492 0
2493 0
2494 1
2495 0
2496 1
2497 0
2498 0
2499 1
2500 1
2501 1
2502 2
2503 1
2504 0
2505 1
2506 0
2507 0
2508 0
2509 0
2510 1
2511 0
2512 0
2513 0
2514 0
2515 0
2516 0
2517 1
2518 0
2519 0
2520 1
2521 0
2522 0
2523 1
2524 0
2525 0
2526 0
2527 0
2528 1
2529 1
2530 0
2531 1
2532 0
2533 0
2534 0
2535 1
2536 0
2537 1
2538 0
2539 0
2540 0
2541 0
2542 0
2543 0
2544 0
2545 0
2546 0
2547 0
2548 0
2549 0
2550 1
2551 0
2552 0
2553 0
2554 0
2555 0
2556 1
2557 0
2558 0
2559 1
2560 0
2561 0
2562 0
2563 0
2564 0
2565 0
2566 3
2567 0
2568 0
2569 0
2570 0
2571 0
2572 0
2573 0
2574 0
2575 0
2576 0
2577 0
2578 1
2579 0
2580 0
2581 0
2582 0
2583 0
2584 0
2585 1
2586 0
2587 2
2588 0
2589 1
2590 0
2591 0
2592 0
2593 0
2594 0
2595 0
2596 0
2597 0
2598 0
2599 0
2600 0
2601 0
2602 0
2603 0
2604 0
2605 0
2606 0
2607 0
2608 0
2609 0
2610 0
2611 0
2612 0
2613 0
2614 0
2615 0
2616 0
2617 1
2618 1
2619 0
2620 0
2621 0
2622 0
2623 0
2624 0
2625 1
2626 0
2627 0
2628 0
2629 0
2630 0
2631 0
2632 0
2633 0
2634 0
2635 0
2636 0
2637 0
2638 0
2639 0
2640 0
2641 1
2642 0
2643 1
2644 0
2645 0
2646 0
2647 1
2648 0
2649 0
2650 0
2651 0
2652 0
2653 0
2654 0
2655 1
2656 1
2657 0
2658 0
2659 0
2660 1
2661 0
2662 0
2663 0
2664 1
2665 0
2666 0
2667 0
2668 0
2669 0
2670 0
2671 0
2672 0
2673 0
2674 0
2675 0
2676 4
2677 0
2678 0
2679 0
2680 1
2681 0
2682 0
2683 2
2684 0
2685 1
2686 0
2687 1
2688 0
2689 1
2690 0
2691 0
2692 0
2693 0
2694 0
2695 0
2696 0
2697 0
2698 0
2699 0
2700 0
2701 0
2702 1
2703 1
2704 1
2705 0
2706 1
2707 0
2708 0
2709 0
2710 1
2711 0
2712 0
2713 0
2714 0
2715 0
2716 0
2717 0
2718 0
2719 0
2720 0
2721 0
2722 1
2723 1
2724 0
2725 0
2726 0
2727 0
2728 1
2729 0
2730 1
2731 0
2732 0
2733 0
2734 0
2735 0
2736 0
2737 0
2738 1
2739 0
2740 0
2741 1
2742 1
2743 1
2744 0
2745 0
2746 0
2747 0
2748 1
2749 0
2750 0
2751 0
2752 2
2753 1
2754 0
2755 0
2756 0
2757 0
2758 0
2759 0
2760 1
2761 1
2762 0
2763 0
2764 1
2765 0
2766 0
2767 0
2768 1
2769 0
2770 0
2771 0
2772 0
2773 0
2774 0
2775 0
2776 0
2777 0
2778 0
2779 1
2780 0
2781 0
2782 0
2783 0
2784 1
2785 0
2786 0
2787 0
2788 0
2789 0
2790 0
2791 0
2792 0
2793 0
2794 0
2795 2
2796 0
2797 0
2798 1
2799 1
2800 0
2801 0
2802 0
2803 0
2804 0
2805 0
2806 0
2807 0
2808 1
2809 0
2810 1
2811 1
2812 0
2813 0
2814 0
2815 1
2816 0
2817 0
2818 1
2819 0
2820 0
2821 1
2822 0
2823 1
2824 1
2825 0
2826 1
2827 0
2828 0
2829 0
2830 0
2831 0
2832 0
2833 0
2834 0
2835 1
2836 0
2837 1
2838 1
2839 0
2840 0
2841 3
2842 1
2843 0
2844 0
2845 0
2846 1
2847 0
2848 1
2849 0
2850 1
2851 0
2852 0
2853 0
2854 0
2855 0
2856 0
2857 0
2858 0
2859 0
2860 0
2861 0
2862 0
2863 0
2864 1
2865 1
2866 0
2867 0
2868 1
2869 0
2870 0
2871 0
2872 2
2873 0
2874 1
2875 0
2876 0
2877 0
2878 0
2879 1
2880 2
2881 0
2882 0
2883 0
2884 0
2885 0
2886 0
2887 0
2888 1
2889 0
2890 0
2891 0
2892 0
2893 0
2894 0
2895 0
2896 0
2897 0
2898 0
2899 0
2900 0
2901 0
2902 1
2903 0
2904 1
2905 0
2906 0
2907 0
2908 0
2909 0
2910 0
2911 0
2912 0
2913 0
2914 0
2915 1
2916 0
2917 0
2918 1
2919 0
2920 0
2921 0
2922 0
2923 0
2924 1
2925 0
2926 0
2927 0
2928 1
2929 0
2930 0
2931 1
2932 0
2933 3
2934 1
2935 0
2936 0
2937 0
2938 0
2939 0
2940 2
2941 0
2942 0
2943 1
2944 1
2945 0
2946 0
2947 1
2948 0
2949 1
2950 0
2951 0
2952 2
2953 0
2954 0
2955 0
2956 0
2957 0
2958 0
2959 0
2960 0
2961 0
2962 1
2963 0
2964 0
2965 1
2966 2
2967 1
2968 1
2969 0
2970 1
2971 2
2972 2
2973 0
2974 1
2975 1
2976 0
2977 0
2978 0
2979 0
2980 1
2981 0
2982 0
2983 0
2984 0
2985 1
2986 0
2987 1
2988 1
2989 0
2990 0
2991 0
2992 1
2993 0
2994 0
2995 0
2996 0
2997 1
2998 0
2999 0
3000 0
3001 0
3002 0
3003 1
3004 0
3005 1
3006 0
3007 0
3008 0
3009 1
3010 1
3011 0
3012 0
3013 0
3014 0
3015 0
3016 0
3017 0
3018 1
3019 0
3020 0
3021 1
3022 0
3023 0
3024 0
3025 1
3026 0
3027 2
3028 0
3029 0
3030 0
3031 0
3032 0
3033 0
3034 0
3035 0
3036 0
3037 0
3038 0
3039 0
3040 0
3041 0
3042 0
3043 1
3044 0
3045 0
3046 1
3047 0
3048 0
3049 1
3050 0
3051 0
3052 2
3053 0
3054 0
3055 0
3056 0
3057 0
3058 0
3059 0
3060 0
3061 0
3062 0
3063 0
3064 1
3065 1
3066 0
3067 0
3068 0
3069 0
3070 0
3071 0
3072 0
3073 1
3074 0
3075 0
3076 0
3077 0
3078 1
3079 0
3080 0
3081 0
3082 0
3083 0
3084 1
3085 0
3086 0
3087 0
3088 0
3089 0
3090 0
3091 0
3092 0
3093 0
3094 0
3095 1
3096 0
3097 0
3098 0
3099 1
3100 0
3101 0
3102 0
3103 0
3104 0
3105 0
3106 0
3107 0
3108 0
3109 0
3110 0
3111 0
3112 0
3113 0
3114 0
3115 0
3116 0
3117 0
3118 0
3119 0
3120 0
3121 0
3122 0
3123 0
3124 0
3125 0
3126 0
3127 0
3128 0
3129 0
3130 0
3131 0
3132 0
3133 0
3134 0
3135 0
3136 0
3137 0
3138 0
3139 0
3140 0
3141 0
3142 0
3143 0
3144 0
3145 0
3146 0
3147 0
3148 0
3149 0
3150 0
3151 0
3152 0
3153 0
3154 0
3155 0
3156 0
3157 0
3158 0
3159 0
3160 0
3161 0
3162 0
3163 0
3164 0
3165 0
3166 0
3167 0
3168 0
3169 1
3170 0
3171 0
3172 0
3173 0
3174 0
3175 0
3176 0
3177 0
3178 0
3179 0
3180 0
3181 0
3182 0
3183 0
3184 0
3185 0
3186 0
3187 0
3188 0
3189 0
3190 0
3191 0
3192 0
3193 0
3194 0
3195 0
3196 0
3197 0
3198 0
3199 0
3200 0
3201 0
3202 0
3203 0
3204 0
3205 0
3206 0
3207 0
3208 0
3209 0
3210 0
3211 0
3212 0
3213 0
3214 0
3215 1
3216 0
3217 0
3218 0
3219 0
3220 0
3221 0
3222 0
3223 0
3224 0
3225 0
3226 0
3227 0
3228 0
3229 0
3230 0
3231 0
3232 0
3233 0
3234 0
3235 0
3236 0
3237 0
3238 0
3239 0
3240 0
3241 0
3242 0
3243 0
3244 0
3245 0
3246 0
3247 1
3248 0
3249 0
3250 0
3251 0
3252 1
3253 0
3254 0
3255 0
3256 0
3257 0
3258 0
3259 0
3260 0
3261 0
3262 0
3263 0
3264 0
3265 0
3266 0
3267 0
3268 0
3269 0
3270 0
3271 0
3272 0
3273 0
3274 0
3275 0
3276 0
3277 0
3278 0
3279 0
3280 0
3281 0
3282 0
3283 0
3284 0
3285 0
3286 0
3287 0
3288 0
3289 0
3290 0
3291 0
3292 0
3293 0
3294 0
3295 0
3296 0
3297 0
3298 0
3299 0
3300 0
3301 0
3302 0
3303 0
3304 0
3305 0
3306 0
3307 0
3308 0
3309 0
3310 0
3311 0
3312 0
3313 0
3314 0
3315 0
3316 0
3317 0
3318 0
3319 0
3320 0
3321 0
3322 0
3323 0
3324 0
3325 0
3326 0
3327 0
3328 0
3329 0
3330 0
3331 0
3332 0
3333 0
3334 0
3335 0
3336 0
3337 0
3338 0
3339 0
3340 0
3341 0
3342 0
3343 0
3344 0
3345 0
3346 0
3347 0
3348 0
3349 0
3350 1
