2 0.7420809561013574
3 0.704672358555936
4 0.6770663192389772
5 0.6557744432898683
6 0.6395130022116462
7 0.6258889461246706
8 0.6153579191164456
9 0.6064085721215069
10 0.5982740865525449
11 0.591868111150583
12 0.5852949070954387
13 0.5805101806295647
14 0.5758209325652376
15 0.5709361792833845
16 0.56753839125906
17 0.5642154724963544
18 0.56127503452508
19 0.5580323065162316
20 0.5555490975050217
21 0.552821216945321
22 0.5510321707572122
23 0.5485894760775054
24 0.5461191661658428
25 0.5451665447899474
26 0.5432792920172071
27 0.541427167443445
28 0.5397463695731465
29 0.5386624456769453
30 0.5368569122688767
31 0.5361309399502592
32 0.5344617591794131
33 0.5334160070345992
34 0.5316051705456244
35 0.5310700904489535
36 0.5295023362120865
37 0.5284628353074793
38 0.528255010635652
39 0.5266783483430394
40 0.5264161185786126
41 0.5252703374020153
42 0.5249021068419516
43 0.5236624332524397
44 0.5233588716971701
45 0.5220718835232044
46 0.5220047910086817
47 0.5210445548302317
48 0.520873489092645
49 0.5195127556620032
50 0.5197308543210799
51 0.5185489153446852
52 0.5184272143147818
53 0.5176263721150971
54 0.5165083500267261
55 0.516991850954006
56 0.5158497019725224
57 0.5158455149414284
58 0.5161361824632431
59 0.5139207452627121
60 0.5141803901994431
61 0.5137458402356809
62 0.5132219791393731
63 0.5127990600583208
64 0.5129628775178537
65 0.51255380414251
66 0.512036738007781
67 0.5117812740877864
68 0.5122417947057798
69 0.5104147786465516
70 0.51027291211073
71 0.5098993843725079
72 0.5097515399445925
73 0.5090747195326564
74 0.509506614645787
75 0.5092517838237952
76 0.5087283928741329
77 0.5082967957141771
78 0.5085154814715239
79 0.5070654196085067
80 0.5078847355100512
81 0.5071518599136803
82 0.5078645595969798
83 0.5064253901078275
84 0.5059989495869968
85 0.5062645980220392
86 0.5069115752746665
87 0.506303966076732
88 0.5052186070653015
89 0.5054316722736993
90 0.5052208268660928
91 0.5047893824503876
92 0.5056444926334588
93 0.5047862282467755
94 0.503694541698392
95 0.5037594238585957
96 0.5035235019571219
97 0.5032343847767676
98 0.5031154900017489
99 0.503262216039593
100 0.5030728887783982
101 0.5027887760997346
102 0.5040020968905514
103 0.5033676524369456
104 0.5028600896703825
105 0.5041493644483924
106 0.5024583653599795
107 0.5014181015498427
108 0.5012172910602145
109 0.5007906666666667
110 0.5017631779324646
111 0.5006870821728445
112 0.501666436368661
113 0.5000091121282427
114 0.5002079273545821
115 0.5006352766927223
116 0.5008333611362142
117 0.5007953281995621
118 0.5007714122641173
119 0.4996342619225356
120 0.5003920531733513
121 0.4995610535330194
122 0.4997355764743945
123 0.5000440725560193
124 0.4995063098529742
125 0.4980394868891691
126 0.501406590976353
127 0.5001092422203933
128 0.4979996807470519
129 0.4989644935600241
130 0.49875784729757494
131 0.49859992127243
132 0.4972706597225243
133 0.498939767523776
134 0.4986808797935011
135 0.498108928597182
136 0.4987880267982766
137 0.4984604308578391
138 0.49860015555899584
139 0.4978503449402811
140 0.49796646912366727
141 0.49705596844260636
142 0.4976791858274832
143 0.4978207056649809
144 0.4992033227706465
145 0.4977405517640999
146 0.49740574336486576
147 0.49770333729628286
148 0.4974080070223963
149 0.49572156261084377
150 0.4970983542111582
151 0.49606640729002943
152 0.4969051993086431
153 0.49666581905546886
154 0.498099331274922
155 0.4966319108531298
156 0.4973020991730668
157 0.49659764127583866
158 0.49715097404478265
159 0.4971748774223675
160 0.49681835574892647
161 0.4962581673611012
162 0.49540899186046233
163 0.49626742113618433
164 0.4956190251037988
165 0.49437279923519123
166 0.4961297391401163
167 0.49540402891743607
168 0.4952429844339306
169 0.4943986648586628
170 0.49478244579944014
171 0.4959567362753808
172 0.49619946418233957
173 0.49407782495653074
174 0.4949510808488134
175 0.4943602803595408
176 0.49423864956308233
177 0.4949999857752085
178 0.4952470337012864
179 0.49414777202614685
180 0.4949519519607527
181 0.4945896202509136
182 0.4945049341611926
183 0.49504725897920604
184 0.49294314769857334
185 0.49471262948268674
186 0.494147298200466
187 0.4934029860168555
188 0.4950806618572134
189 0.49531723072872685
190 0.4938165578838887
191 0.4929393716893061
192 0.4927766887065156
193 0.49516813417190775
194 0.4942555264042141
195 0.4933483776489027
196 0.49322816613841647
197 0.4929550454844997
198 0.4938378576384853
199 0.49385376869434305
200 0.4932438976272038
201 0.4932038270699087
202 0.4926427570067667
203 0.492311826351775
204 0.49255276302466605
205 0.4910942057999199
206 0.4920066450316798
207 0.49384517791191385
208 0.4921173912019408
209 0.4928177933377954
210 0.49308687645063737
211 0.49473242832433567
212 0.49409361867672746
213 0.49455115608829503
214 0.49223282877435653
215 0.4898304371607691
216 0.49278484839452763
217 0.49383814164539663
218 0.4924092008635564
219 0.49369730434516285
220 0.4932513233561367
221 0.49114334592629555
222 0.4936326821115981
223 0.49050235621622607
224 0.4919374890642699
225 0.4903396645853084
226 0.49307683229080607
227 0.489310381062466
228 0.4932939435852703
229 0.49225661565981604
230 0.49311916499806624
231 0.4936789031226961
232 0.49146982610128365
233 0.4908592923355761
234 0.49298179253095065
235 0.49338074257298187
236 0.4929922332317866
237 0.49241480780851793
238 0.4909683307862116
239 0.49249454295207473
240 0.4928503077358039
241 0.492864755554341
242 0.49199980103132096
243 0.4919118548144517
244 0.4880204830240721
245 0.49239270520877293
246 0.49172055513233937
247 0.4905636427627669
248 0.49127866249474617
249 0.4906378552177408
250 0.49156409199768275
251 0.4914674740713542
252 0.49032407210254475
253 0.49071002603285185
254 0.4921805072103431
255 0.49197021634585203
256 0.4901898613770974
257 0.49014691679405425
258 0.49035639955013766
259 0.49177213950482707
260 0.4899472502288458
261 0.49134376477954744
262 0.4931382868175998
263 0.4921912963662869
264 0.48952469545351945
265 0.4906976744186046
266 0.4920217954792497
267 0.49008530432705144
268 0.49001884852638794
269 0.49226943453346306
270 0.4907055911621459
271 0.4913547420378423
272 0.4896328197842206
273 0.49076246224414083
274 0.4904388311943525
275 0.49226236578735555
276 0.4930728839765473
277 0.4906496177127705
278 0.4907272413739046
279 0.49125928034346167
280 0.4886375444626514
281 0.49230632321532586
282 0.4917693804735647
283 0.4904850104083004
284 0.48970338807760727
285 0.4884724540901503
286 0.4888609368800493
287 0.48861724028941683
288 0.4900825588036762
289 0.492073176046088
290 0.49093099112881244
291 0.4891424430166067
292 0.491114513111129
293 0.4905105803647904
294 0.48938791408875565
295 0.48949876294327865
296 0.48801527784247056
297 0.49157995037595403
298 0.4909693752243487
299 0.4919114272602111
300 0.4896837910254302
301 0.48930912216611155
302 0.49109808364944085
303 0.488741603402361
304 0.4892355913643624
305 0.4917315618386009
306 0.4897836782824381
307 0.48846110199828746
308 0.4900316653472772
309 0.48871569888844363
310 0.4911740667225695
311 0.4872507214541069
312 0.4919472596887067
313 0.4877715609564191
314 0.48902935433696265
315 0.4916753323717196
316 0.48997374615245337
317 0.4892051869846375
318 0.49209880507327813
319 0.48653895038476647
320 0.4866096063306447
321 0.494332084303597
322 0.48819085013980607
323 0.4913833648894731
324 0.4884372725066731
325 0.4880248718925495
326 0.49064653349585813
327 0.49168070898084004
328 0.48878488166725537
329 0.49091738816281516
330 0.48981604837056775
331 0.4868691570658288
332 0.4887075718015666
333 0.4899149195578998
334 0.48981111997871774
335 0.48852850756487537
336 0.4894230769230769
337 0.4917090094520024
338 0.4923985321303424
339 0.48692627873844174
340 0.48769802574864685
341 0.48746881378997503
342 0.48804798066965827
343 0.4900106223535061
344 0.4886905722966725
345 0.49013692958329635
346 0.4863461769295403
347 0.48812805555978617
348 0.4866216361762036
349 0.48599928639022044
350 0.48823418674698793
351 0.48769695149896486
352 0.49156876848078
353 0.4870761892484208
354 0.48941433011667834
355 0.49263365360926337
356 0.49248206882937423
357 0.4888400964110014
358 0.4895232974308134
359 0.4852130411108086
360 0.48919851061274217
361 0.48499065161692406
362 0.48656394289454596
363 0.4900409034323315
364 0.4915516505406944
365 0.49011502516175415
366 0.48867214360681843
367 0.48969306624456455
368 0.48961846254807956
369 0.48304441936617765
370 0.48979014650149894
371 0.49009490810485085
372 0.4869053064958829
373 0.48597518686907604
374 0.4882933322892604
375 0.4873513084853291
376 0.4919080919080919
377 0.48688099041533545
378 0.4841493877053675
379 0.49077776870970374
380 0.4874384236453202
381 0.4888397051761218
382 0.4887659359616275
383 0.489717605156038
384 0.49201564804720066
385 0.48803093808062914
386 0.4913280908693753
387 0.4916714029641936
388 0.49032586558044805
389 0.4890936067497841
390 0.4876062639821029
391 0.48947916195302954
392 0.4834836902876294
393 0.4914397067693593
394 0.48992085661080076
395 0.49081358647006174
396 0.49400899834241063
397 0.4832841222973617
398 0.4899289957977105
399 0.487971589112403
400 0.486752850963429
401 0.48748199294620237
402 0.48746109269428345
403 0.48616944985144966
404 0.486763029737851
405 0.4877232142857143
406 0.4867974742994312
407 0.48375460768825695
408 0.4877814534201259
409 0.48576300546743895
410 0.48643538309766526
411 0.4947322212467076
412 0.4823898160622474
413 0.4881839234396362
414 0.4897770557920681
415 0.4857199188823795
416 0.4892180229258881
417 0.49309312766202373
418 0.4871413141839624
419 0.4876912644830331
420 0.4838488177692859
421 0.4913929440389294
422 0.487382378100941
423 0.48556672507608595
424 0.487698986975398
425 0.48981602109878936
426 0.4845944648856183
427 0.4887957911145752
428 0.4914991773397426
429 0.49053412269858826
430 0.49070644156695625
431 0.48549889719195444
432 0.48951894651975275
433 0.48433336706128366
434 0.48700084961767204
435 0.4827729061658496
436 0.4866398178952898
437 0.4867958983003231
438 0.48549946294307195
439 0.4877766526833502
440 0.48279241995208017
441 0.48816015810855323
442 0.490002940311673
443 0.4873743928213875
444 0.4890524515817256
445 0.49126366813211586
446 0.485305889079474
447 0.48875930330698997
448 0.4844644160233514
449 0.4842786802620866
450 0.48357844103615505
451 0.4904152083996182
452 0.48519933158271666
453 0.4855263692095327
454 0.4869232667160128
455 0.48685904089682375
456 0.48561226633060284
457 0.48647614187292676
458 0.48460101646322923
459 0.4897139113343525
460 0.4880125086865879
461 0.4841836285135254
462 0.4889304646086685
463 0.4896341736443828
464 0.4924091812759805
465 0.48903618286648204
466 0.4876765438936583
467 0.4883248730964467
468 0.4849191179898373
469 0.48473228234625765
470 0.486893714723046
471 0.4873925224615979
472 0.49127582017010935
473 0.48677966101694914
474 0.4828024854444934
475 0.4859831502192442
476 0.48989873796578043
477 0.487522459572769
478 0.48967478052673585
479 0.48142849844173097
480 0.48174569869911876
481 0.48818055406995403
482 0.48715882226520524
483 0.4857606052418265
484 0.48754893431926927
485 0.4902904655106395
486 0.48657440591056955
487 0.48564593301435405
488 0.48362396601833224
489 0.48095725329695316
490 0.48213249796960206
491 0.4908179327231388
492 0.4839395370807747
493 0.4901937477713063
494 0.4861551342623049
495 0.4922598732325695
496 0.4837836174533817
497 0.4914405784562141
498 0.4858147203384558
