0 0.4676
1 0.4333
2 0.4523
3 0.4388
4 0.4582
5 0.4486
6 0.4369
7 0.4313
8 0.4437
9 0.4542
10 0.4502
11 0.4183
12 0.4419
13 0.4332
14 0.4436
15 0.4426
16 0.43
17 0.4513
18 0.4514
19 0.4394
20 0.4333
21 0.4327
22 0.443
23 0.4352
24 0.4506
25 0.4573
26 0.4291
27 0.4446
28 0.4535
29 0.4446
30 0.445
31 0.4304
32 0.4369
33 0.4577
34 0.4493
35 0.451
36 0.4607
37 0.4579
38 0.4458
39 0.4339
40 0.4521
41 0.4581
42 0.4359
43 0.4404
44 0.4428
45 0.4494
46 0.443
47 0.4471
48 0.4458
49 0.4424
50 0.4479
51 0.442
52 0.4493
53 0.4486
54 0.4443
55 0.4419
56 0.4504
57 0.4379
58 0.4438
59 0.4383
60 0.4347
61 0.4456
62 0.453
63 0.4469
64 0.442
65 0.45
66 0.4508
67 0.429
68 0.44
69 0.4544
70 0.4407
71 0.4438
72 0.4534
73 0.4419
74 0.4418
75 0.4486
76 0.4564
77 0.4476
78 0.4442
79 0.4478
80 0.4436
81 0.4518
82 0.4317
83 0.4409
84 0.4401
85 0.4331
86 0.4569
87 0.4364
88 0.4283
89 0.4488
90 0.4361
91 0.4379
92 0.4386
93 0.4391
94 0.44
95 0.4498
96 0.4538
97 0.4499
98 0.4551
99 0.4502
100 0.4417
101 0.4425
102 0.4447
103 0.4416
104 0.4435
105 0.4444
106 0.4408
107 0.4332
108 0.4294
109 0.4451
110 0.4459
