2 0.5463078285495091
3 0.5442242522932608
4 0.5441561251991894
5 0.5443992627091219
6 0.5441826334220026
7 0.5434772003853799
8 0.5431264293156877
9 0.5397240528712915
10 0.5455038135694532
11 0.5373353476371537
12 0.5378835146352712
13 0.5353587762788732
14 0.5348965123859192
15 0.5394391446315385
16 0.5369857244192233
17 0.5374095853823493
18 0.531914639677273
19 0.5335580945245676
20 0.5347473858577493
21 0.5338409587499172
22 0.5334208851762093
23 0.5334028501911714
24 0.5373189277976805
25 0.5328869690424766
26 0.5293883566691231
27 0.532250249825879
28 0.5296235072378687
29 0.5288630847570551
30 0.5280615564809995
31 0.5256961814240454
32 0.532798313326759
33 0.5288545688545688
34 0.5298171540233094
35 0.5292751991839175
36 0.5254164886800513
37 0.5256503415201279
38 0.5300652993654006
39 0.5252147511848341
40 0.5264029508073319
41 0.5235580984563397
42 0.5231323026082851
43 0.526907662552589
44 0.5290879719191879
45 0.5271300718385038
46 0.5270851945098676
47 0.5240329218106996
48 0.5248732441193583
49 0.5254030647636264
50 0.5243822110787668
51 0.5223367697594502
52 0.52078041517036
53 0.5255607372862536
54 0.5256107346647646
55 0.522887323943662
56 0.5258402931069796
57 0.5239485448407992
58 0.52290032169224
59 0.5270488541398441
60 0.5242394319838247
61 0.5237644161318588
62 0.5242720769433213
63 0.520506867866125
64 0.5204511315225689
65 0.5262000098867962
66 0.5153135148638521
67 0.524021442297967
68 0.5227776657931869
69 0.5168567936443268
70 0.5224431818181818
71 0.5215580787833329
72 0.5192622418495909
73 0.5168024037321104
74 0.518616021060549
75 0.5178728070175439
76 0.5212249265977005
77 0.5203202650469354
78 0.5259561335831588
79 0.5198736947068111
80 0.5209050939539052
81 0.520409891598916
82 0.5193518070230398
83 0.5198621807863802
84 0.5232752307016258
85 0.5227620730270907
86 0.5193621191423651
87 0.5239430736641107
88 0.5225295494090119
89 0.5218423980036679
90 0.5214406677150115
91 0.5181829201769804
92 0.5171094515181195
93 0.519073359073359
94 0.5184305143035798
95 0.5250938673341677
96 0.5211069418386491
97 0.5254053383761664
98 0.5255373874701451
99 0.5183578715865356
100 0.5108543308312828
101 0.5212749104964673
102 0.5214093853689367
103 0.5198702607381283
104 0.5222033257747544
105 0.5182624002011693
106 0.5164033634857944
107 0.5192400424341788
108 0.5201684756196339
109 0.5208766909469302
110 0.519471169579161
111 0.5233770491803279
112 0.5227272727272727
113 0.5227798975964517
114 0.5194869103077225
115 0.5214365807004815
116 0.5193450898342798
117 0.5233920063525676
118 0.5177648259738549
119 0.5203987325059414
120 0.5176031939815884
121 0.5210084033613446
122 0.5208915480456294
123 0.5187888351908472
124 0.5191912495856812
125 0.5146738219017273
126 0.5224252212240503
127 0.5171775008420344
128 0.5218514239108272
129 0.5196358200842506
130 0.5199918745979619
131 0.516603399336548
132 0.5161134995700773
133 0.514774762363962
134 0.513280513769153
135 0.5199281107939528
136 0.5212997403326549
137 0.5150131010551661
138 0.517881082647922
139 0.5197244379985497
140 0.5137942344837639
141 0.5120363864955811
142 0.5100011343441601
143 0.5211536260634037
144 0.5163468917881812
145 0.5175124263090972
146 0.5188719335522504
147 0.5197067966381395
148 0.520818254542684
149 0.5209603514219715
150 0.515680495730371
151 0.518830675778284
152 0.5159432450987871
153 0.5191791331031838
154 0.5216115261472786
155 0.5151607729321012
156 0.5189825070659232
157 0.5149863760217984
158 0.512641979150459
159 0.5176405949531023
160 0.512436637981846
161 0.5199841865981419
162 0.5196559714094962
163 0.5169331338111365
164 0.5138300423694939
165 0.5164915117219079
166 0.5192182938696075
167 0.5151663604817309
168 0.5254705858438021
169 0.5133050676357763
170 0.5136554194309902
171 0.5202429975129449
172 0.512847790507365
173 0.5182625863770978
174 0.5151254656351059
175 0.5178527657488357
176 0.5164889052347676
177 0.5135956625318328
178 0.5134274010013655
179 0.514739134075873
180 0.5085658136454907
181 0.5131458469587966
182 0.5186689375081881
183 0.5142706826252795
184 0.5165312843029638
185 0.5163754499956098
186 0.5214074694651439
187 0.5171027914901053
188 0.514753089134163
189 0.5158262871309044
190 0.5174382579445871
191 0.5148303197648526
192 0.5163097051707142
193 0.5142753557509291
194 0.5180410022779043
195 0.520150505462623
196 0.5144881460623126
197 0.5174665509840632
198 0.5177146504947335
199 0.5203385952871197
200 0.5160392425279489
201 0.5166988683411537
202 0.5197046608214121
203 0.5146198830409356
204 0.5128814348940135
205 0.5119703591107734
206 0.5154857665815712
207 0.5175472425761666
208 0.5193073343886411
209 0.5147995139732685
210 0.5227527132914781
211 0.518085618085618
212 0.5132606060606061
213 0.5176878725691391
214 0.5198274190420787
215 0.518386428261603
216 0.5187086251559052
217 0.5083151515151515
218 0.51357952325127
219 0.5134775538362982
220 0.5115117614743045
221 0.509754499168221
222 0.5114542591557881
223 0.5138231250954636
224 0.5137091805298829
225 0.5111816101518619
226 0.5159720753120373
227 0.5096430474160895
228 0.5178082191780822
229 0.5168610816542948
230 0.5106428495026206
231 0.5147525124952975
232 0.508029276818877
233 0.5219132247271132
234 0.5164519969693689
235 0.5086809347019
236 0.5180006605747
237 0.5210340136054422
238 0.5133067557375283
239 0.5184585492227979
240 0.5154778655698669
241 0.5193806901815406
242 0.5168855027827308
243 0.5216902915217972
244 0.5195480819758277
245 0.5116546461795757
246 0.5141251921344145
247 0.5159658552007588
248 0.5122662003920945
249 0.5182115709459459
250 0.5119814208803969
251 0.5129088692148651
252 0.5097788435917933
253 0.5076914684704342
254 0.515524861878453
255 0.510493413708417
256 0.5099202984568425
257 0.5130364559298569
258 0.5137492778740612
259 0.5215487832613145
260 0.5164983924643239
261 0.516777389933566
262 0.5147502514247402
263 0.5163100861350375
264 0.509497019996658
265 0.5147314664122565
266 0.5101936509739338
267 0.5126451316243247
268 0.5134558865902149
269 0.513225975233998
270 0.5105759653131775
271 0.509764587881291
272 0.5197693574958814
273 0.5149644811925003
274 0.5178289126998068
275 0.507267785393524
276 0.5136648206116061
277 0.5145548979345331
278 0.5172622286716246
279 0.5083379146050944
280 0.5159528243327126
281 0.5021330786373767
282 0.5139470927187009
283 0.513281863386548
284 0.5161521895190236
285 0.5165184656325047
286 0.5113415424497731
287 0.5127734835582339
288 0.5202571094663031
289 0.509325681492109
290 0.5097999866211786
291 0.5105791401057914
292 0.5196223870532704
293 0.5105088869365412
294 0.517868166540915
295 0.516035986539386
296 0.5101140897319242
297 0.5133228840125392
298 0.5206881842741362
299 0.5149900539926116
300 0.5145854289409398
301 0.5165002171081199
302 0.5173931870669746
303 0.5165357734707111
304 0.5156474303761125
305 0.5185211824786018
306 0.5147654892877823
307 0.5130890052356021
308 0.5096282032291513
309 0.5109118086696562
310 0.5100640784018092
311 0.5218603949947234
312 0.5117310873815611
313 0.5099665246500305
314 0.507805255023184
315 0.5195382575462132
316 0.5153179637939037
317 0.5110302655004257
318 0.5161538461538462
319 0.5187129164764948
320 0.5144289185905225
321 0.5107687591017092
322 0.5217025829130368
323 0.5153671461014383
324 0.5173192771084337
325 0.510293672419013
326 0.5046202036021926
327 0.5153510511701705
328 0.5253609202501351
329 0.5107798165137615
330 0.5244437717572272
331 0.5139035021794679
332 0.516356201726488
333 0.5120042546725422
334 0.519557758292032
335 0.5191236259599458
336 0.5116541353383459
337 0.5181831786890153
338 0.5130402104472003
339 0.515449119891214
340 0.5189967903261924
341 0.508831013321359
342 0.5199036797351193
343 0.5056540342298288
344 0.5195715826783788
345 0.5093273473179039
346 0.5161391413350047
347 0.5182233227578735
348 0.5052417462056016
349 0.5088738302678283
350 0.5176013595532897
351 0.5155459146782357
352 0.5163056606812143
353 0.5153858418367347
354 0.5164739426580073
355 0.5145700071073206
356 0.5116425921540769
357 0.5216003736280844
358 0.5138352140980059
359 0.5023655574830468
360 0.5107440667094291
361 0.5081068000322658
362 0.5105430269478141
363 0.5081499592502038
364 0.5122173444876998
365 0.5088218078434652
366 0.5133947435139018
367 0.5138666441878108
368 0.5115984816533108
369 0.5111582520152737
370 0.5063411267362609
371 0.5176007005253941
372 0.5141865509761389
373 0.5167912050158894
374 0.5113199487398548
375 0.5092703862660944
376 0.5138709954479086
377 0.517543114433778
378 0.5088363356953812
379 0.5106457242582897
380 0.5085519835228799
381 0.510690342453343
382 0.5113245153107447
383 0.5173338098641888
384 0.5115697310819262
385 0.5145700708329597
386 0.514637629418065
387 0.5152838427947598
388 0.5166429334282663
389 0.5127379994636632
390 0.5142805495300072
391 0.5131903240529438
392 0.5160933321036614
393 0.5160484691517898
394 0.5201438185673458
395 0.5072517664559316
396 0.5154247745609872
397 0.5174053642762032
398 0.5152722443559097
399 0.5074555988223003
400 0.5080135988343856
401 0.5245838172667441
402 0.5110706412345443
403 0.5112359550561798
404 0.5158644928243679
405 0.5294061576589457
406 0.5163789080727952
407 0.5098280098280098
408 0.5133638793432608
409 0.5092805204745503
410 0.504442925495557
411 0.5113365155131265
412 0.5108944383643419
413 0.5103977387441955
414 0.509607522485691
415 0.5147240527182867
416 0.5154808283781013
417 0.5105437254496589
418 0.512510425354462
419 0.5143763213530655
420 0.5184802808176749
421 0.5102292587642644
422 0.5109001773234588
423 0.516007137608901
424 0.5088995007597135
425 0.5203189862355254
426 0.5086292184236562
427 0.5121326803205699
428 0.5091878402903811
429 0.5171003295080104
430 0.5150316455696202
431 0.5222558582800763
432 0.5203574975173784
433 0.5125455952249365
434 0.5136429446486246
435 0.5220105124835742
436 0.505273566249176
437 0.5107203630175836
438 0.526512153759186
439 0.5160933525052538
440 0.5037120359955005
441 0.5022804350368378
442 0.5191379107290072
443 0.5158646528509542
444 0.507981220657277
445 0.5161634103019538
446 0.5170520906330297
447 0.5109766227601756
448 0.5060827250608273
449 0.5073207358278062
450 0.5045706192867259
451 0.5108399324938335
452 0.5162700964630225
453 0.5080067699518291
454 0.5167705157099297
455 0.5057239057239057
456 0.5205722070844687
457 0.512344855198185
458 0.511925383077948
459 0.5088144260530211
460 0.49896193771626296
461 0.5102243680772508
462 0.5113554173296687
463 0.5069321533923303
464 0.5113095238095238
465 0.5136842105263157
466 0.5089435866075523
467 0.5253414264036419
468 0.5157410157410157
469 0.5230677940958315
470 0.5141267749963402
471 0.5206563140931731
472 0.5185998828353837
473 0.5189212701174424
474 0.5209208049804546
475 0.5164346203530932
476 0.5128425886066867
477 0.5175513698630136
478 0.5060775060775061
479 0.5077353764549875
480 0.5245354239256679
481 0.5211699164345404
482 0.5107607950651131
483 0.5174197060424606
484 0.504036119852237
485 0.5132607481853713
486 0.5103516732841747
487 0.516525969380455
488 0.5106112054329371
489 0.5212190259185417
490 0.510966463846045
491 0.5059437518121195
492 0.5150014564520827
493 0.5093006488824802
494 0.50932944606414
495 0.5168850072780203
496 0.5014654161781946
497 0.5157879277426934
498 0.511055052678439
