-1185 1
-1184 0
-1183 0
-1182 0
-1181 0
-1180 0
-1179 0
-1178 0
-1177 0
-1176 0
-1175 0
-1174 0
-1173 0
-1172 0
-1171 0
-1170 0
-1169 0
-1168 0
-1167 0
-1166 0
-1165 0
-1164 0
-1163 0
-1162 0
-1161 0
-1160 0
-1159 0
-1158 0
-1157 0
-1156 0
-1155 0
-1154 0
-1153 0
-1152 0
-1151 1
-1150 0
-1149 0
-1148 0
-1147 0
-1146 0
-1145 1
-1144 0
-1143 0
-1142 0
-1141 0
-1140 0
-1139 0
-1138 0
-1137 0
-1136 0
-1135 1
-1134 1
-1133 0
-1132 0
-1131 0
-1130 0
-1129 0
-1128 0
-1127 0
-1126 0
-1125 0
-1124 0
-1123 0
-1122 0
-1121 0
-1120 0
-1119 0
-1118 0
-1117 0
-1116 0
-1115 0
-1114 0
-1113 0
-1112 0
-1111 0
-1110 1
-1109 0
-1108 0
-1107 0
-1106 0
-1105 0
-1104 0
-1103 0
-1102 0
-1101 0
-1100 0
-1099 0
-1098 0
-1097 0
-1096 0
-1095 0
-1094 0
-1093 0
-1092 0
-1091 0
-1090 0
-1089 0
-1088 0
-1087 0
-1086 0
-1085 0
-1084 0
-1083 0
-1082 0
-1081 0
-1080 0
-1079 0
-1078 0
-1077 0
-1076 0
-1075 0
-1074 0
-1073 0
-1072 0
-1071 0
-1070 0
-1069 0
-1068 0
-1067 0
-1066 0
-1065 0
-1064 0
-1063 0
-1062 0
-1061 0
-1060 0
-1059 0
-1058 0
-1057 0
-1056 0
-1055 0
-1054 0
-1053 0
-1052 0
-1051 0
-1050 0
-1049 0
-1048 0
-1047 1
-1046 0
-1045 0
-1044 0
-1043 0
-1042 1
-1041 0
-1040 0
-1039 0
-1038 0
-1037 0
-1036 0
-1035 0
-1034 0
-1033 0
-1032 0
-1031 0
-1030 0
-1029 0
-1028 0
-1027 0
-1026 0
-1025 0
-1024 1
-1023 0
-1022 0
-1021 0
-1020 0
-1019 0
-1018 0
-1017 0
-1016 0
-1015 0
-1014 0
-1013 0
-1012 0
-1011 0
-1010 0
-1009 0
-1008 0
-1007 0
-1006 0
-1005 0
-1004 0
-1003 0
-1002 0
-1001 0
-1000 0
-999 0
-998 0
-997 0
-996 0
-995 0
-994 0
-993 0
-992 0
-991 0
-990 0
-989 0
-988 0
-987 0
-986 0
-985 0
-984 1
-983 0
-982 0
-981 0
-980 0
-979 0
-978 0
-977 0
-976 0
-975 0
-974 0
-973 0
-972 0
-971 0
-970 0
-969 0
-968 0
-967 0
-966 0
-965 0
-964 0
-963 0
-962 0
-961 0
-960 0
-959 0
-958 0
-957 0
-956 0
-955 0
-954 0
-953 0
-952 1
-951 0
-950 0
-949 0
-948 0
-947 0
-946 0
-945 0
-944 0
-943 0
-942 0
-941 0
-940 0
-939 0
-938 1
-937 0
-936 0
-935 0
-934 0
-933 0
-932 0
-931 0
-930 0
-929 0
-928 0
-927 0
-926 0
-925 0
-924 0
-923 0
-922 0
-921 0
-920 0
-919 0
-918 0
-917 0
-916 0
-915 0
-914 0
-913 0
-912 0
-911 0
-910 0
-909 0
-908 0
-907 0
-906 0
-905 0
-904 0
-903 0
-902 0
-901 0
-900 0
-899 0
-898 0
-897 0
-896 0
-895 0
-894 0
-893 0
-892 0
-891 0
-890 0
-889 0
-888 0
-887 0
-886 0
-885 0
-884 0
-883 0
-882 0
-881 0
-880 0
-879 0
-878 0
-877 0
-876 2
-875 0
-874 0
-873 0
-872 0
-871 0
-870 0
-869 0
-868 0
-867 0
-866 0
-865 0
-864 0
-863 0
-862 0
-861 0
-860 0
-859 0
-858 0
-857 0
-856 0
-855 0
-854 0
-853 0
-852 0
-851 0
-850 0
-849 0
-848 0
-847 0
-846 0
-845 0
-844 0
-843 0
-842 0
-841 0
-840 0
-839 0
-838 0
-837 1
-836 0
-835 0
-834 0
-833 0
-832 0
-831 0
-830 0
-829 0
-828 0
-827 2
-826 0
-825 0
-824 0
-823 1
-822 0
-821 1
-820 0
-819 0
-818 0
-817 0
-816 0
-815 0
-814 0
-813 0
-812 0
-811 0
-810 0
-809 0
-808 0
-807 0
-806 0
-805 0
-804 0
-803 0
-802 0
-801 0
-800 0
-799 0
-798 0
-797 0
-796 0
-795 1
-794 0
-793 0
-792 0
-791 0
-790 1
-789 0
-788 0
-787 0
-786 0
-785 0
-784 0
-783 0
-782 0
-781 0
-780 0
-779 0
-778 0
-777 0
-776 1
-775 0
-774 0
-773 0
-772 1
-771 0
-770 0
-769 0
-768 0
-767 0
-766 0
-765 0
-764 0
-763 0
-762 0
-761 0
-760 0
-759 0
-758 0
-757 0
-756 0
-755 0
-754 0
-753 0
-752 0
-751 0
-750 0
-749 0
-748 0
-747 0
-746 0
-745 0
-744 0
-743 0
-742 0
-741 0
-740 1
-739 1
-738 0
-737 0
-736 0
-735 0
-734 0
-733 0
-732 0
-731 0
-730 0
-729 0
-728 0
-727 0
-726 0
-725 0
-724 1
-723 0
-722 0
-721 0
-720 0
-719 0
-718 1
-717 1
-716 0
-715 1
-714 0
-713 0
-712 0
-711 0
-710 1
-709 1
-708 0
-707 0
-706 0
-705 0
-704 0
-703 1
-702 0
-701 0
-700 2
-699 0
-698 1
-697 0
-696 0
-695 0
-694 0
-693 0
-692 0
-691 0
-690 0
-689 0
-688 0
-687 0
-686 1
-685 0
-684 0
-683 0
-682 0
-681 0
-680 0
-679 0
-678 1
-677 0
-676 0
-675 1
-674 0
-673 0
-672 0
-671 0
-670 0
-669 1
-668 0
-667 0
-666 0
-665 0
-664 0
-663 0
-662 0
-661 0
-660 0
-659 0
-658 1
-657 0
-656 0
-655 0
-654 0
-653 0
-652 0
-651 0
-650 0
-649 0
-648 1
-647 0
-646 0
-645 1
-644 0
-643 2
-642 0
-641 0
-640 0
-639 0
-638 3
-637 0
-636 0
-635 0
-634 0
-633 1
-632 0
-631 1
-630 0
-629 0
-628 0
-627 0
-626 0
-625 0
-624 0
-623 0
-622 0
-621 1
-620 1
-619 0
-618 0
-617 0
-616 1
-615 0
-614 0
-613 0
-612 0
-611 2
-610 1
-609 1
-608 0
-607 1
-606 0
-605 4
-604 0
-603 1
-602 1
-601 0
-600 1
-599 0
-598 0
-597 1
-596 0
-595 1
-594 1
-593 0
-592 1
-591 1
-590 0
-589 1
-588 0
-587 1
-586 0
-585 0
-584 0
-583 2
-582 0
-581 0
-580 1
-579 1
-578 0
-577 1
-576 1
-575 1
-574 0
-573 0
-572 1
-571 1
-570 1
-569 2
-568 1
-567 0
-566 1
-565 3
-564 0
-563 0
-562 0
-561 1
-560 0
-559 1
-558 0
-557 2
-556 0
-555 1
-554 0
-553 2
-552 1
-551 0
-550 0
-549 0
-548 1
-547 1
-546 1
-545 0
-544 0
-543 1
-542 0
-541 1
-540 1
-539 0
-538 2
-537 0
-536 0
-535 1
-534 0
-533 1
-532 1
-531 1
-530 2
-529 2
-528 0
-527 0
-526 0
-525 2
-524 0
-523 0
-522 3
-521 0
-520 1
-519 0
-518 0
-517 2
-516 3
-515 0
-514 6
-513 0
-512 0
-511 1
-510 0
-509 2
-508 2
-507 2
-506 2
-505 1
-504 1
-503 0
-502 2
-501 3
-500 4
-499 3
-498 3
-497 3
-496 1
-495 2
-494 1
-493 1
-492 1
-491 3
-490 0
-489 5
-488 2
-487 0
-486 0
-485 2
-484 2
-483 3
-482 3
-481 0
-480 1
-479 1
-478 2
-477 3
-476 1
-475 1
-474 0
-473 4
-472 3
-471 3
-470 3
-469 4
-468 5
-467 3
-466 3
-465 2
-464 2
-463 1
-462 4
-461 3
-460 3
-459 0
-458 4
-457 2
-456 2
-455 2
-454 1
-453 2
-452 4
-451 2
-450 1
-449 1
-448 2
-447 3
-446 1
-445 2
-444 5
-443 3
-442 5
-441 3
-440 3
-439 4
-438 0
-437 4
-436 3
-435 3
-434 5
-433 2
-432 2
-431 4
-430 2
-429 4
-428 1
-427 2
-426 5
-425 6
-424 7
-423 7
-422 3
-421 5
-420 4
-419 2
-418 2
-417 2
-416 4
-415 3
-414 4
-413 5
-412 2
-411 6
-410 0
-409 6
-408 2
-407 10
-406 3
-405 7
-404 7
-403 7
-402 3
-401 6
-400 3
-399 2
-398 2
-397 10
-396 4
-395 7
-394 8
-393 5
-392 9
-391 5
-390 11
-389 6
-388 7
-387 9
-386 5
-385 4
-384 1
-383 3
-382 4
-381 8
-380 2
-379 10
-378 1
-377 4
-376 5
-375 5
-374 4
-373 6
-372 5
-371 6
-370 5
-369 6
-368 7
-367 6
-366 3
-365 6
-364 4
-363 8
-362 7
-361 9
-360 6
-359 5
-358 4
-357 4
-356 7
-355 9
-354 6
-353 8
-352 6
-351 8
-350 7
-349 5
-348 7
-347 4
-346 8
-345 8
-344 4
-343 1
-342 6
-341 11
-340 9
-339 5
-338 6
-337 3
-336 6
-335 5
-334 6
-333 7
-332 9
-331 13
-330 6
-329 9
-328 10
-327 13
-326 4
-325 13
-324 11
-323 13
-322 10
-321 8
-320 9
-319 11
-318 9
-317 11
-316 9
-315 11
-314 12
-313 11
-312 14
-311 9
-310 6
-309 7
-308 5
-307 15
-306 7
-305 11
-304 14
-303 14
-302 9
-301 8
-300 11
-299 8
-298 8
-297 14
-296 14
-295 15
-294 9
-293 14
-292 9
-291 15
-290 11
-289 12
-288 17
-287 10
-286 9
-285 15
-284 15
-283 17
-282 12
-281 11
-280 9
-279 17
-278 18
-277 16
-276 17
-275 10
-274 11
-273 15
-272 19
-271 13
-270 23
-269 9
-268 15
-267 14
-266 23
-265 19
-264 19
-263 25
-262 16
-261 19
-260 14
-259 18
-258 9
-257 23
-256 20
-255 16
-254 11
-253 15
-252 15
-251 24
-250 15
-249 16
-248 24
-247 21
-246 16
-245 19
-244 20
-243 18
-242 22
-241 23
-240 31
-239 20
-238 21
-237 16
-236 21
-235 13
-234 23
-233 26
-232 38
-231 31
-230 25
-229 29
-228 24
-227 28
-226 26
-225 24
-224 30
-223 32
-222 26
-221 27
-220 23
-219 43
-218 25
-217 31
-216 37
-215 34
-214 34
-213 22
-212 30
-211 22
-210 26
-209 32
-208 23
-207 32
-206 27
-205 28
-204 30
-203 31
-202 25
-201 33
-200 33
-199 29
-198 22
-197 43
-196 36
-195 28
-194 31
-193 39
-192 34
-191 35
-190 46
-189 37
-188 47
-187 40
-186 47
-185 29
-184 43
-183 56
-182 42
-181 36
-180 42
-179 57
-178 56
-177 47
-176 49
-175 48
-174 52
-173 55
-172 56
-171 58
-170 28
-169 62
-168 49
-167 60
-166 48
-165 60
-164 54
-163 61
-162 45
-161 82
-160 67
-159 57
-158 58
-157 72
-156 58
-155 53
-154 57
-153 67
-152 69
-151 71
-150 86
-149 65
-148 75
-147 78
-146 71
-145 69
-144 76
-143 80
-142 76
-141 82
-140 88
-139 76
-138 73
-137 79
-136 85
-135 100
-134 97
-133 78
-132 111
-131 85
-130 72
-129 85
-128 96
-127 98
-126 117
-125 107
-124 103
-123 113
-122 137
-121 110
-120 113
-119 127
-118 126
-117 122
-116 128
-115 121
-114 128
-113 127
-112 123
-111 139
-110 123
-109 138
-108 150
-107 150
-106 138
-105 134
-104 158
-103 155
-102 166
-101 144
-100 172
-99 166
-98 182
-97 180
-96 184
-95 181
-94 182
-93 226
-92 212
-91 207
-90 203
-89 187
-88 223
-87 210
-86 236
-85 253
-84 244
-83 257
-82 248
-81 267
-80 247
-79 252
-78 251
-77 275
-76 300
-75 299
-74 309
-73 306
-72 353
-71 308
-70 341
-69 349
-68 370
-67 358
-66 350
-65 404
-64 377
-63 424
-62 426
-61 460
-60 465
-59 485
-58 535
-57 452
-56 520
-55 545
-54 538
-53 572
-52 631
-51 622
-50 643
-49 694
-48 704
-47 657
-46 720
-45 767
-44 840
-43 819
-42 863
-41 956
-40 953
-39 993
-38 1036
-37 1140
-36 1143
-35 1186
-34 1404
-33 1346
-32 1512
-31 1481
-30 1626
-29 1718
-28 1883
-27 1935
-26 2121
-25 2304
-24 2434
-23 2592
-22 2719
-21 2938
-20 3241
-19 3616
-18 4016
-17 4353
-16 4902
-15 5401
-14 6124
-13 6911
-12 7856
-11 9354
-10 10912
-9 13015
-8 15911
-7 20432
-6 26582
-5 36476
-4 54128
-3 90249
-2 187274
-1 585060
0 6843815
1 1094062126
2 7170357
3 309346
4 113649
5 65080
6 42551
7 30108
8 22813
9 18022
10 14503
11 11902
12 10070
13 8608
14 7398
15 6347
16 5743
17 5067
18 4613
19 4253
20 3762
21 3390
22 3160
23 2862
24 2704
25 2523
26 2325
27 2182
28 1974
29 1923
30 1787
31 1717
32 1593
33 1488
34 1422
35 1331
36 1231
37 1192
38 1140
39 1142
40 1025
41 986
42 974
43 928
44 862
45 782
46 822
47 772
48 687
49 680
50 696
51 637
52 636
53 600
54 572
55 565
56 519
57 485
58 507
59 497
60 525
61 443
62 435
63 460
64 443
65 412
66 399
67 407
68 368
69 342
70 351
71 351
72 338
73 325
74 301
75 295
76 275
77 276
78 276
79 290
80 292
81 279
82 262
83 250
84 279
85 205
86 248
87 237
88 242
89 234
90 225
91 211
92 203
93 197
94 222
95 180
96 201
97 181
98 169
99 210
100 167
101 173
102 172
103 158
104 122
105 156
106 142
107 149
108 141
109 152
110 128
111 127
112 143
113 119
114 121
115 131
116 135
117 138
118 128
119 123
120 126
121 122
122 98
123 99
124 120
125 122
126 109
127 101
128 97
129 109
130 103
131 91
132 86
133 93
134 76
135 101
136 107
137 91
138 88
139 78
140 81
141 86
142 86
143 87
144 67
145 84
146 72
147 77
148 72
149 68
150 71
151 73
152 78
153 59
154 64
155 67
156 72
157 59
158 55
159 54
160 59
161 59
162 55
163 64
164 61
165 49
166 55
167 51
168 64
169 51
170 51
171 44
172 57
173 63
174 37
175 59
176 65
177 47
178 57
179 41
180 46
181 42
182 44
183 46
184 40
185 34
186 30
187 56
188 43
189 43
190 40
191 37
192 26
193 35
194 40
195 40
196 36
197 27
198 35
199 42
200 37
201 42
202 37
203 28
204 26
205 42
206 29
207 35
208 34
209 29
210 35
211 28
212 29
213 25
214 18
215 34
216 27
217 21
218 28
219 20
220 23
221 34
222 35
223 31
224 32
225 25
226 34
227 37
228 21
229 33
230 19
231 23
232 30
233 25
234 28
235 23
236 25
237 23
238 23
239 20
240 16
241 19
242 27
243 19
244 18
245 24
246 15
247 22
248 22
249 23
250 17
251 13
252 15
253 16
254 24
255 21
256 21
257 15
258 19
259 19
260 16
261 16
262 16
263 16
264 11
265 13
266 20
267 16
268 16
269 18
270 16
271 15
272 17
273 13
274 20
275 20
276 12
277 22
278 15
279 13
280 20
281 14
282 12
283 12
284 7
285 17
286 15
287 13
288 18
289 9
290 15
291 16
292 17
293 8
294 12
295 12
296 12
297 13
298 12
299 11
300 8
301 8
302 9
303 7
304 9
305 6
306 13
307 9
308 13
309 9
310 6
311 5
312 15
313 7
314 7
315 9
316 7
317 11
318 11
319 9
320 7
321 11
322 8
323 6
324 11
325 11
326 8
327 6
328 7
329 3
330 10
331 12
332 6
333 7
334 11
335 11
336 12
337 8
338 4
339 7
340 5
341 3
342 12
343 6
344 10
345 7
346 11
347 7
348 5
349 4
350 7
351 12
352 6
353 6
354 11
355 5
356 6
357 7
358 6
359 6
360 6
361 11
362 3
363 5
364 3
365 6
366 1
367 5
368 6
369 3
370 8
371 7
372 7
373 4
374 10
375 5
376 5
377 3
378 2
379 4
380 3
381 7
382 4
383 9
384 9
385 3
386 1
387 4
388 6
389 9
390 5
391 6
392 3
393 3
394 5
395 10
396 3
397 4
398 8
399 7
400 6
401 5
402 3
403 8
404 8
405 3
406 5
407 6
408 2
409 4
410 5
411 4
412 3
413 3
414 3
415 4
416 8
417 4
418 3
419 6
420 2
421 7
422 4
423 1
424 4
425 2
426 2
427 4
428 3
429 2
430 2
431 4
432 7
433 4
434 4
435 1
436 2
437 0
438 2
439 6
440 6
441 2
442 4
443 2
444 2
445 3
446 4
447 3
448 2
449 1
450 4
451 4
452 4
453 1
454 3
455 3
456 2
457 3
458 4
459 2
460 1
461 1
462 0
463 1
464 2
465 2
466 2
467 1
468 0
469 4
470 3
471 4
472 5
473 1
474 4
475 0
476 1
477 2
478 1
479 4
480 3
481 2
482 2
483 1
484 0
485 2
486 1
487 2
488 2
489 1
490 0
491 4
492 2
493 1
494 2
495 3
496 3
497 2
498 2
499 2
500 1
501 2
502 3
503 1
504 2
505 5
506 2
507 2
508 2
509 2
510 1
511 1
512 3
513 2
514 2
515 0
516 1
517 1
518 0
519 2
520 1
521 0
522 0
523 1
524 0
525 2
526 3
527 1
528 1
529 1
530 1
531 2
532 2
533 0
534 2
535 0
536 0
537 1
538 3
539 2
540 0
541 0
542 0
543 2
544 0
545 0
546 0
547 0
548 1
549 0
550 2
551 0
552 1
553 0
554 3
555 1
556 0
557 1
558 0
559 0
560 2
561 0
562 1
563 0
564 1
565 0
566 1
567 0
568 0
569 2
570 1
571 1
572 0
573 1
574 0
575 0
576 0
577 1
578 0
579 1
580 1
581 1
582 1
583 1
584 0
585 1
586 0
587 1
588 1
589 0
590 1
591 0
592 0
593 0
594 1
595 0
596 0
597 2
598 3
599 1
600 1
601 0
602 0
603 2
604 1
605 0
606 0
607 2
608 1
609 0
610 1
611 0
612 1
613 1
614 0
615 0
616 1
617 1
618 1
619 1
620 1
621 1
622 0
623 0
624 0
625 1
626 0
627 1
628 0
629 0
630 0
631 0
632 1
633 1
634 0
635 1
636 0
637 1
638 1
639 0
640 0
641 0
642 0
643 0
644 0
645 0
646 0
647 1
648 0
649 0
650 0
651 0
652 1
653 0
654 0
655 0
656 0
657 0
658 0
659 1
660 0
661 0
662 0
663 0
664 0
665 0
666 0
667 0
668 1
669 0
670 0
671 0
672 0
673 1
674 0
675 1
676 0
677 0
678 0
679 1
680 0
681 0
682 1
683 0
684 0
685 1
686 0
687 0
688 0
689 0
690 0
691 0
692 0
693 0
694 0
695 0
696 0
697 0
698 1
699 0
700 0
701 1
702 2
703 1
704 1
705 0
706 0
707 0
708 0
709 0
710 0
711 0
712 0
713 1
714 0
715 0
716 0
717 0
718 0
719 0
720 1
721 0
722 0
723 0
724 0
725 0
726 0
727 0
728 0
729 0
730 0
731 0
732 0
733 1
734 0
735 0
736 0
737 0
738 0
739 1
740 0
741 0
742 0
743 0
744 0
745 0
746 0
747 0
748 0
749 0
750 0
751 0
752 0
753 0
754 0
755 0
756 0
757 0
758 0
759 0
760 0
761 0
762 0
763 0
764 0
765 0
766 0
767 0
768 0
769 0
770 0
771 0
772 0
773 0
774 0
775 0
776 1
777 0
778 0
779 0
780 0
781 1
782 0
783 0
784 0
785 0
786 0
787 0
788 0
789 0
790 0
791 0
792 0
793 0
794 0
795 0
796 0
797 0
798 0
799 0
800 0
801 0
802 0
803 0
804 0
805 0
806 0
807 0
808 0
809 0
810 1
811 0
812 0
813 0
814 0
815 0
816 0
817 0
818 1
819 0
820 0
821 0
822 0
823 0
824 0
825 1
826 0
827 0
828 0
829 0
830 0
831 0
832 0
833 0
834 0
835 1
836 0
837 0
838 0
839 1
840 0
841 0
842 0
843 0
844 0
845 0
846 0
847 0
848 0
849 0
850 0
851 0
852 0
853 0
854 0
855 0
856 0
857 0
858 0
859 0
860 0
861 0
862 0
863 0
864 0
865 0
866 0
867 0
868 1
869 0
870 0
871 0
872 0
873 0
874 1
875 0
876 0
877 0
878 0
879 0
880 0
881 0
882 0
883 0
884 0
885 0
886 0
887 0
888 0
889 0
890 0
891 0
892 0
893 0
894 0
895 0
896 0
897 0
898 0
899 0
900 0
901 1
902 0
903 0
904 0
905 0
906 0
907 0
908 0
909 0
910 0
911 0
912 0
913 0
914 0
915 1
916 0
917 0
918 0
919 0
920 0
921 0
922 0
923 0
924 0
925 0
926 0
927 0
928 0
929 0
930 0
931 0
932 0
933 0
934 0
935 0
936 0
937 0
938 0
939 0
940 0
941 0
942 0
943 0
944 0
945 0
946 0
947 0
948 0
949 0
950 0
951 0
952 0
953 0
954 0
955 0
956 0
957 0
958 0
959 0
960 0
961 0
962 0
963 0
964 0
965 0
966 0
967 0
968 0
969 0
970 0
971 0
972 0
973 0
974 0
975 0
976 0
977 0
978 0
979 0
980 0
981 0
982 0
983 1
984 0
985 1
986 0
987 1
988 0
989 0
990 0
991 1
992 0
993 0
994 0
995 0
996 0
997 0
998 0
999 0
1000 0
1001 0
1002 0
1003 0
1004 0
1005 0
1006 0
1007 0
1008 0
1009 0
1010 0
1011 0
1012 0
1013 0
1014 0
1015 0
1016 0
1017 0
1018 0
1019 0
1020 0
1021 0
1022 0
1023 0
1024 0
1025 0
1026 0
1027 0
1028 0
1029 0
1030 0
1031 0
1032 0
1033 0
1034 0
1035 0
1036 0
1037 0
1038 0
1039 0
1040 0
1041 0
1042 0
1043 0
1044 0
1045 0
1046 0
1047 0
1048 0
1049 0
1050 0
1051 0
1052 0
1053 1
1054 0
1055 0
1056 0
1057 0
1058 0
1059 0
1060 0
1061 0
1062 0
1063 0
1064 0
1065 0
1066 0
1067 0
1068 0
1069 0
1070 0
1071 0
1072 0
1073 0
1074 0
1075 0
1076 0
1077 0
1078 0
1079 0
1080 0
1081 0
1082 0
1083 0
1084 0
1085 0
1086 0
1087 0
1088 0
1089 0
1090 0
1091 0
1092 0
1093 0
1094 0
1095 1
1096 0
1097 0
1098 0
1099 0
1100 0
1101 0
1102 0
1103 0
1104 0
1105 1
1106 0
1107 0
1108 0
1109 0
1110 0
1111 0
1112 0
1113 0
1114 0
1115 0
1116 0
1117 0
1118 0
1119 0
1120 0
1121 0
1122 0
1123 0
1124 0
1125 0
1126 1
1127 0
1128 0
1129 0
1130 0
1131 0
1132 0
1133 0
1134 0
1135 0
1136 0
1137 0
1138 0
1139 0
1140 0
1141 0
1142 0
1143 0
1144 0
1145 0
1146 1
1147 0
1148 0
1149 0
1150 0
1151 0
1152 0
1153 0
1154 0
1155 0
1156 0
1157 0
1158 0
1159 0
1160 0
1161 0
1162 0
1163 0
1164 0
1165 0
1166 0
1167 0
1168 0
1169 0
1170 0
1171 0
1172 1
1173 0
1174 0
1175 0
1176 0
1177 0
1178 0
1179 0
1180 0
1181 0
1182 0
1183 0
1184 0
1185 0
1186 0
1187 0
1188 0
1189 0
1190 0
1191 0
1192 0
1193 0
1194 0
1195 0
1196 0
1197 0
1198 0
1199 0
1200 0
1201 0
1202 0
1203 0
1204 0
1205 0
1206 0
1207 0
1208 0
1209 0
1210 0
1211 0
1212 0
1213 0
1214 0
1215 0
1216 0
1217 0
1218 0
1219 0
1220 0
1221 0
1222 0
1223 0
1224 0
1225 0
1226 0
1227 0
1228 0
1229 0
1230 0
1231 0
1232 0
1233 0
1234 0
1235 0
1236 0
1237 0
1238 1
