2 0.7634048560673903
3 0.7278666740202818
4 0.7009812849010686
5 0.680569003378281
6 0.6644252754151219
7 0.6516952133391873
8 0.6402796354717338
9 0.6316744909383348
10 0.6233402348299166
11 0.6163593770648325
12 0.6104445955694491
13 0.6050752829788557
14 0.6003145439544033
15 0.595647736740717
16 0.5919404932769695
17 0.5884732920700828
18 0.5847811787289541
19 0.5811748692633614
20 0.5789618537609421
21 0.5757308744519324
22 0.5742063576631447
23 0.5713285743987803
24 0.5692677748814791
25 0.5670622031195832
26 0.5653843725460019
27 0.5640909425325217
28 0.5615068053811312
29 0.5599369600946309
30 0.558258373136014
31 0.5576107135117352
32 0.5554877034736028
33 0.5546521772535089
34 0.5537059354927585
35 0.5519210649690831
36 0.5511314195273247
37 0.5495633877173709
38 0.5486317735246015
39 0.5475143429877921
40 0.5468434829780712
41 0.5453820902261662
42 0.545606137714222
43 0.5442414241245063
44 0.5434847672075908
45 0.5423392682677866
46 0.541696867447228
47 0.541245288263216
48 0.5407330502994463
49 0.5394966131598065
50 0.539116788313521
51 0.5388401942872989
52 0.5366738309112433
53 0.5367971503763143
54 0.5365212251281231
55 0.5355137286679412
56 0.5353180086729639
57 0.5343230358658707
58 0.5343949379206482
59 0.5334493379285968
60 0.5332842351876957
61 0.5322602996288678
62 0.5323243706743431
63 0.5316824937056599
64 0.531954644616335
65 0.530859319345371
66 0.5300936325992487
67 0.5300029184648228
68 0.5288443212875499
69 0.5295563156217009
70 0.5284858273374556
71 0.5286011839731357
72 0.5284466766642653
73 0.5269599091056647
74 0.5266279374051395
75 0.5273336891690389
76 0.5268869196109559
77 0.5265011079323347
78 0.5250526750791581
79 0.5259345597425493
80 0.5257188237113943
81 0.5251314677697583
82 0.5251122759568897
83 0.5237668284098663
84 0.5243972553423568
85 0.5244355824374355
86 0.5229183950450594
87 0.5238903049666904
88 0.52298131809456
89 0.5224617396718952
90 0.5217844003419955
91 0.5224527284053598
92 0.5224212329331159
93 0.5218225479339563
94 0.5208730821168357
95 0.521040401047694
96 0.5212919808116937
97 0.5209610011101297
98 0.5219672494259219
99 0.5193546470895524
100 0.5195300210013493
101 0.5206401207439961
102 0.519773814375496
103 0.5196462706049718
104 0.5195231467870117
105 0.5193577931236606
106 0.5181326939395003
107 0.5187873119032891
108 0.518898789557979
109 0.5184594193204621
110 0.5181605099425457
111 0.5187035526445697
112 0.5180283512734545
113 0.517693212643287
114 0.5180070848509217
115 0.5172930362297943
116 0.5168915395807779
117 0.5169644046458943
118 0.5171205116870589
119 0.5162453629214178
120 0.5174408564132382
121 0.5162164994636627
122 0.5163260492657312
123 0.5162839962302862
124 0.5158438989016839
125 0.5154680666765259
126 0.5157668723400183
127 0.51488279451292
128 0.5145069870452698
129 0.5153667262580051
130 0.5153955725480021
131 0.5144663056206412
132 0.515171451997102
133 0.5142077101685285
134 0.5140082833546911
135 0.5145073570476201
136 0.514311848116934
137 0.5141847016570095
138 0.5144518672931546
139 0.5136631601406321
140 0.5135173601308455
141 0.5124390077896352
142 0.5130771114757939
143 0.5137068307205512
144 0.5135933983315967
145 0.5135123403424114
146 0.5122237616861299
147 0.5133093199497872
148 0.5131555975223215
149 0.5127628546938139
150 0.5131601355979399
151 0.512293193927012
152 0.51272901838195
153 0.5127182120549005
154 0.5128015318159078
155 0.5118183933736188
156 0.5123867030590175
157 0.512098226664559
158 0.5116312801856614
159 0.5120099876467198
160 0.5119122430873873
161 0.5109991764045883
162 0.5108888556277796
163 0.5124624634711632
164 0.5111207211103153
165 0.5116933652405583
166 0.5107293266441418
167 0.5109618735337293
168 0.5101628964151186
169 0.5103578547354862
170 0.5109790350646517
171 0.5100114420501677
172 0.5105630865337437
173 0.5110267122780855
174 0.5102863850703896
175 0.508846054184781
176 0.5100519915607902
177 0.5089671521965196
178 0.5095390516558147
179 0.5096190105867076
180 0.5096656996048131
181 0.5108982298524976
182 0.5096940562697969
183 0.5096149521276436
184 0.5091526035827948
185 0.5101427759367214
186 0.5093909088285026
187 0.5094344809889939
188 0.5090857865136537
189 0.5092880096856354
190 0.5092180042861427
191 0.5094245582238333
192 0.5078003537461211
193 0.5079744285283714
194 0.5086548378303847
195 0.5080911328866538
196 0.5078082425891829
197 0.5087295989103203
198 0.5081744713754841
199 0.5086232019306018
200 0.5084977233258156
201 0.507793493868524
202 0.5087185302338536
203 0.5075394893883729
204 0.5079275919771696
205 0.5069727609633491
206 0.509475607874782
207 0.5077085615902333
208 0.5075291288785061
209 0.5077470823682463
210 0.5078360697660756
211 0.5086205701051872
212 0.5079405070109291
213 0.5080560172393002
214 0.5070760732850748
215 0.5076307611626679
216 0.5077753246453368
217 0.5072303235169382
218 0.5076669568909069
219 0.5061270878354449
220 0.506484940143219
221 0.5063219116304513
222 0.5069531472188329
223 0.5078674913967993
224 0.5063552493199027
225 0.5057831186731198
226 0.505730659025788
227 0.5057819584870589
228 0.5065884885565375
229 0.506709416259978
230 0.5055928283895281
231 0.5051509667040134
232 0.5063422728996575
233 0.5064428721671409
234 0.5065275270186838
235 0.5058446448149261
236 0.5058806900166674
237 0.5053468122494916
238 0.5052832744978456
239 0.505558305325595
240 0.5050990200698396
241 0.5067893530645641
242 0.5054704772558246
243 0.5054326530612245
244 0.5053968631373545
245 0.5043605069706406
246 0.5058945234105062
247 0.5052565416353777
248 0.505266906582696
249 0.5061213656350838
250 0.5057692993179164
251 0.5045257224378333
252 0.5055165666773482
253 0.5056260637627679
254 0.504157320461815
255 0.5043287532331383
256 0.5048848033863934
257 0.5059605491639623
258 0.5048988058481262
259 0.504844738449815
260 0.5054923120791385
261 0.5053606850732667
262 0.5048279870188928
263 0.5053935918514657
264 0.5042949377329272
265 0.5044536662833855
266 0.5042194284675018
267 0.5055320174750348
268 0.504953453049384
269 0.5038519422598673
270 0.5044911112701385
271 0.505776440284614
272 0.5044882217616532
273 0.5038946626615752
274 0.5046311533217359
275 0.5053384650643002
276 0.5052131691141639
277 0.5034801627163079
278 0.5035875275458062
279 0.5029972109454149
280 0.5060934711598298
281 0.5045825898005512
282 0.5050700814131058
283 0.5025620329945825
284 0.5043616041270036
285 0.5039603130791372
286 0.5028401346213898
287 0.5031774705642312
288 0.5042981300764334
289 0.5042605097583457
290 0.5028358916911401
291 0.5031263365852665
292 0.5042031595109236
293 0.5037863018876598
294 0.502829668568498
295 0.5028114750502556
296 0.5041050392627769
297 0.5026201214902104
298 0.5050720615036555
299 0.5035323128582484
300 0.5039664243692055
301 0.5036751403103334
302 0.5019750569421658
303 0.5035902780561456
304 0.5037520260404806
305 0.5020381990564742
306 0.5038337144944991
307 0.5053900724665298
308 0.5038707515062005
309 0.503794116520683
310 0.5037635309862677
311 0.5024531797461504
312 0.5031919306656422
313 0.5038517836978796
314 0.503088985743358
315 0.5035393629427717
316 0.5035389737398298
317 0.5027464225904201
318 0.5035880885686851
319 0.5037832156047289
320 0.50210885662359
321 0.5031509216589862
322 0.5034303459233047
323 0.5010923795255203
324 0.5025296787351899
325 0.5030981475567847
326 0.5024438732597328
327 0.5011993170391639
328 0.5028884005407562
329 0.5017028248621416
330 0.5031557930377102
331 0.5039873318830302
332 0.5007735400941543
333 0.501967277864706
334 0.5024705957848611
335 0.5029343477967888
336 0.5028773126207856
337 0.5014016561106045
338 0.5033673320750389
339 0.502823471642524
340 0.5018882962990638
341 0.5032564997235489
342 0.5020148109032387
343 0.5012895721654698
344 0.5026300279480078
345 0.5017565612729903
346 0.5008128673535155
347 0.5016707615121118
348 0.5016840910932815
349 0.5037081215641531
350 0.5002228736712988
351 0.5018105503025223
352 0.5018194488729936
353 0.5016412065014233
354 0.5022200721026402
355 0.5018724718295534
356 0.5016532023265309
357 0.5031149720055318
358 0.5011600615556611
359 0.5017888059297733
360 0.503300559652737
361 0.5027081543461208
362 0.501336271089622
363 0.5013783338235596
364 0.5016214769338472
365 0.500356145058228
366 0.5002141879490546
367 0.5022065066614488
368 0.5013241321329737
369 0.5006875015385265
370 0.5017203617351985
371 0.5019796781426503
372 0.5020423438836612
373 0.5002770697107393
374 0.500968789841032
375 0.5025039084078609
376 0.5023025791783123
377 0.49991828017912987
378 0.5008565888082116
379 0.5014005807643798
380 0.5016911929428961
381 0.5010530897394756
382 0.5009936745938169
383 0.499992553373694
384 0.5013701702899228
385 0.5002879046188933
386 0.5028960804869035
387 0.5014240266626269
388 0.5006505166090965
389 0.5003120656448272
390 0.5025270536625022
391 0.5014827081568205
392 0.5008250793196863
393 0.5011934100479305
394 0.5028860759493671
395 0.49906689775781593
396 0.502344905731642
397 0.5005566917506968
398 0.5020194726359474
399 0.5030724706628608
400 0.5013631363295761
401 0.5018869132660208
402 0.501388588761635
403 0.49928777221587345
404 0.5012327814783677
405 0.4985786269414248
406 0.4996880694784193
407 0.5017753329520722
408 0.5011511800627166
409 0.5014466277041605
410 0.5010196273086389
411 0.5013310821258865
412 0.5005195109893332
413 0.49935250588631014
414 0.5001797914419274
415 0.5002372097357652
416 0.5006002350036692
417 0.499161184842418
418 0.5001139819263376
419 0.5005833501952394
420 0.49963935091803546
421 0.5006510699249099
422 0.5008979649049033
423 0.5018687161130705
424 0.5001032082390917
425 0.5004276820514629
426 0.5018233547966563
427 0.5001459776521485
428 0.49830113970784956
429 0.5013051434312266
430 0.4990760688306186
431 0.5014672199922897
432 0.5002435770773482
433 0.4999748540391271
434 0.5001970687174034
435 0.499010255680122
436 0.49962833517242017
437 0.5012321431880083
438 0.5003791597076516
439 0.5001053050335806
440 0.5002436190547581
441 0.49986102932516785
442 0.5009160536033016
443 0.5004911381592996
444 0.5019491835271438
445 0.5021295225586629
446 0.5010578397145982
447 0.5008805091639948
448 0.49786037118953747
449 0.5002346157381204
450 0.5000193796571739
451 0.4976433506381982
452 0.49859107994334917
453 0.49860576613522334
454 0.49991515950013976
455 0.5013311089911043
456 0.5012954079162153
457 0.49858973972918985
458 0.49916689738491354
459 0.4991918702143564
460 0.4980147504803845
461 0.5011380084596224
462 0.4986437218937642
463 0.49902628765064133
464 0.49951328120954797
465 0.4979921137283387
466 0.49940582912896636
467 0.5011700671743923
468 0.49865546218487394
469 0.5012983585791946
470 0.49987585514672866
471 0.4978319135949898
472 0.49990385437142126
473 0.49849262914393117
474 0.5014595250104635
475 0.5010626906789921
476 0.49847573357014063
477 0.49777503562673014
478 0.4993674594872862
479 0.5009066953010721
480 0.5015829295994119
481 0.49908649839102287
482 0.4973622963537626
483 0.4984770782174855
484 0.5003400298780352
485 0.4993786246893123
486 0.500730503455084
487 0.4994341458998212
488 0.5000226456967515
489 0.500190814693301
490 0.49734668292431605
491 0.49990245581822357
492 0.499008181781593
493 0.4998642865805416
494 0.49854004368189303
495 0.5000612369871402
496 0.5008254979333279
497 0.4986886605646061
498 0.5010185028008827
