-2102 1
-2101 0
-2100 0
-2099 0
-2098 0
-2097 0
-2096 0
-2095 0
-2094 0
-2093 0
-2092 0
-2091 0
-2090 0
-2089 0
-2088 0
-2087 0
-2086 0
-2085 0
-2084 0
-2083 0
-2082 0
-2081 0
-2080 0
-2079 0
-2078 0
-2077 0
-2076 0
-2075 0
-2074 0
-2073 0
-2072 0
-2071 0
-2070 0
-2069 0
-2068 0
-2067 0
-2066 0
-2065 0
-2064 0
-2063 0
-2062 0
-2061 0
-2060 0
-2059 0
-2058 0
-2057 0
-2056 0
-2055 0
-2054 0
-2053 0
-2052 0
-2051 0
-2050 0
-2049 0
-2048 0
-2047 0
-2046 0
-2045 0
-2044 0
-2043 0
-2042 0
-2041 0
-2040 0
-2039 0
-2038 0
-2037 0
-2036 0
-2035 0
-2034 0
-2033 0
-2032 0
-2031 0
-2030 0
-2029 0
-2028 0
-2027 0
-2026 0
-2025 0
-2024 0
-2023 0
-2022 0
-2021 0
-2020 0
-2019 0
-2018 0
-2017 0
-2016 1
-2015 0
-2014 0
-2013 0
-2012 0
-2011 0
-2010 0
-2009 0
-2008 0
-2007 0
-2006 0
-2005 0
-2004 0
-2003 0
-2002 0
-2001 0
-2000 0
-1999 0
-1998 0
-1997 0
-1996 0
-1995 0
-1994 0
-1993 0
-1992 0
-1991 0
-1990 0
-1989 0
-1988 0
-1987 0
-1986 0
-1985 0
-1984 0
-1983 0
-1982 0
-1981 0
-1980 0
-1979 0
-1978 0
-1977 0
-1976 0
-1975 0
-1974 0
-1973 0
-1972 0
-1971 0
-1970 0
-1969 0
-1968 0
-1967 0
-1966 0
-1965 0
-1964 0
-1963 0
-1962 0
-1961 0
-1960 0
-1959 0
-1958 0
-1957 0
-1956 0
-1955 0
-1954 0
-1953 0
-1952 0
-1951 0
-1950 0
-1949 0
-1948 0
-1947 0
-1946 0
-1945 0
-1944 0
-1943 0
-1942 0
-1941 0
-1940 0
-1939 0
-1938 0
-1937 0
-1936 0
-1935 0
-1934 0
-1933 0
-1932 0
-1931 0
-1930 0
-1929 0
-1928 0
-1927 0
-1926 0
-1925 0
-1924 0
-1923 0
-1922 0
-1921 0
-1920 0
-1919 0
-1918 0
-1917 0
-1916 0
-1915 0
-1914 0
-1913 0
-1912 0
-1911 0
-1910 0
-1909 0
-1908 0
-1907 0
-1906 0
-1905 0
-1904 0
-1903 0
-1902 0
-1901 0
-1900 0
-1899 0
-1898 0
-1897 0
-1896 0
-1895 0
-1894 0
-1893 0
-1892 0
-1891 0
-1890 0
-1889 0
-1888 0
-1887 0
-1886 0
-1885 0
-1884 0
-1883 0
-1882 0
-1881 0
-1880 0
-1879 1
-1878 0
-1877 0
-1876 0
-1875 0
-1874 0
-1873 0
-1872 0
-1871 0
-1870 0
-1869 0
-1868 0
-1867 0
-1866 0
-1865 0
-1864 0
-1863 0
-1862 0
-1861 0
-1860 0
-1859 0
-1858 0
-1857 0
-1856 0
-1855 0
-1854 0
-1853 0
-1852 0
-1851 0
-1850 0
-1849 0
-1848 0
-1847 0
-1846 0
-1845 0
-1844 0
-1843 0
-1842 0
-1841 0
-1840 0
-1839 0
-1838 0
-1837 0
-1836 0
-1835 0
-1834 0
-1833 0
-1832 0
-1831 0
-1830 0
-1829 0
-1828 0
-1827 0
-1826 0
-1825 0
-1824 0
-1823 0
-1822 0
-1821 0
-1820 0
-1819 0
-1818 1
-1817 0
-1816 0
-1815 0
-1814 0
-1813 0
-1812 0
-1811 0
-1810 0
-1809 0
-1808 0
-1807 0
-1806 0
-1805 0
-1804 0
-1803 0
-1802 0
-1801 0
-1800 0
-1799 0
-1798 0
-1797 0
-1796 0
-1795 0
-1794 0
-1793 0
-1792 0
-1791 0
-1790 0
-1789 0
-1788 0
-1787 0
-1786 0
-1785 0
-1784 0
-1783 0
-1782 0
-1781 0
-1780 0
-1779 0
-1778 0
-1777 0
-1776 0
-1775 0
-1774 0
-1773 0
-1772 0
-1771 0
-1770 0
-1769 0
-1768 0
-1767 0
-1766 0
-1765 0
-1764 0
-1763 0
-1762 0
-1761 0
-1760 0
-1759 0
-1758 0
-1757 0
-1756 0
-1755 0
-1754 0
-1753 0
-1752 0
-1751 0
-1750 0
-1749 0
-1748 0
-1747 0
-1746 0
-1745 0
-1744 0
-1743 0
-1742 0
-1741 0
-1740 0
-1739 0
-1738 0
-1737 0
-1736 0
-1735 0
-1734 0
-1733 0
-1732 0
-1731 0
-1730 0
-1729 0
-1728 0
-1727 0
-1726 0
-1725 0
-1724 0
-1723 0
-1722 0
-1721 0
-1720 0
-1719 0
-1718 0
-1717 0
-1716 0
-1715 0
-1714 0
-1713 0
-1712 0
-1711 0
-1710 0
-1709 0
-1708 0
-1707 0
-1706 0
-1705 0
-1704 0
-1703 0
-1702 0
-1701 0
-1700 0
-1699 0
-1698 0
-1697 0
-1696 0
-1695 0
-1694 0
-1693 0
-1692 0
-1691 0
-1690 0
-1689 0
-1688 0
-1687 0
-1686 0
-1685 0
-1684 0
-1683 0
-1682 0
-1681 0
-1680 0
-1679 0
-1678 0
-1677 0
-1676 0
-1675 0
-1674 0
-1673 0
-1672 0
-1671 1
-1670 0
-1669 0
-1668 0
-1667 0
-1666 0
-1665 0
-1664 0
-1663 0
-1662 0
-1661 0
-1660 0
-1659 0
-1658 0
-1657 0
-1656 0
-1655 0
-1654 0
-1653 0
-1652 0
-1651 0
-1650 0
-1649 0
-1648 0
-1647 0
-1646 0
-1645 0
-1644 0
-1643 1
-1642 0
-1641 0
-1640 0
-1639 0
-1638 0
-1637 0
-1636 0
-1635 0
-1634 0
-1633 0
-1632 0
-1631 0
-1630 0
-1629 0
-1628 0
-1627 0
-1626 0
-1625 0
-1624 0
-1623 0
-1622 0
-1621 0
-1620 0
-1619 0
-1618 0
-1617 0
-1616 0
-1615 0
-1614 0
-1613 0
-1612 0
-1611 1
-1610 0
-1609 0
-1608 0
-1607 0
-1606 0
-1605 0
-1604 0
-1603 0
-1602 0
-1601 0
-1600 0
-1599 1
-1598 0
-1597 0
-1596 0
-1595 0
-1594 0
-1593 0
-1592 0
-1591 0
-1590 0
-1589 0
-1588 0
-1587 0
-1586 0
-1585 0
-1584 0
-1583 0
-1582 0
-1581 0
-1580 0
-1579 0
-1578 0
-1577 0
-1576 0
-1575 0
-1574 0
-1573 0
-1572 0
-1571 0
-1570 0
-1569 1
-1568 0
-1567 0
-1566 0
-1565 0
-1564 0
-1563 0
-1562 0
-1561 0
-1560 0
-1559 0
-1558 0
-1557 0
-1556 0
-1555 0
-1554 0
-1553 0
-1552 0
-1551 0
-1550 1
-1549 0
-1548 0
-1547 0
-1546 0
-1545 0
-1544 0
-1543 0
-1542 0
-1541 0
-1540 0
-1539 0
-1538 1
-1537 0
-1536 0
-1535 0
-1534 0
-1533 0
-1532 0
-1531 0
-1530 0
-1529 0
-1528 0
-1527 0
-1526 0
-1525 0
-1524 0
-1523 0
-1522 0
-1521 0
-1520 0
-1519 0
-1518 0
-1517 0
-1516 0
-1515 0
-1514 0
-1513 0
-1512 0
-1511 0
-1510 0
-1509 1
-1508 0
-1507 0
-1506 0
-1505 0
-1504 0
-1503 0
-1502 0
-1501 0
-1500 0
-1499 0
-1498 0
-1497 1
-1496 0
-1495 0
-1494 0
-1493 0
-1492 0
-1491 0
-1490 0
-1489 0
-1488 0
-1487 0
-1486 0
-1485 1
-1484 0
-1483 0
-1482 0
-1481 0
-1480 0
-1479 0
-1478 0
-1477 0
-1476 0
-1475 0
-1474 0
-1473 0
-1472 0
-1471 0
-1470 0
-1469 0
-1468 0
-1467 0
-1466 0
-1465 0
-1464 0
-1463 0
-1462 0
-1461 0
-1460 0
-1459 0
-1458 0
-1457 0
-1456 0
-1455 0
-1454 0
-1453 0
-1452 0
-1451 0
-1450 0
-1449 0
-1448 0
-1447 1
-1446 0
-1445 0
-1444 0
-1443 0
-1442 0
-1441 0
-1440 0
-1439 0
-1438 2
-1437 0
-1436 0
-1435 0
-1434 0
-1433 1
-1432 0
-1431 0
-1430 0
-1429 0
-1428 0
-1427 0
-1426 0
-1425 0
-1424 0
-1423 0
-1422 1
-1421 0
-1420 0
-1419 0
-1418 2
-1417 0
-1416 1
-1415 0
-1414 0
-1413 0
-1412 0
-1411 0
-1410 0
-1409 1
-1408 0
-1407 1
-1406 0
-1405 0
-1404 0
-1403 0
-1402 1
-1401 1
-1400 0
-1399 0
-1398 0
-1397 1
-1396 0
-1395 0
-1394 0
-1393 0
-1392 1
-1391 0
-1390 0
-1389 0
-1388 1
-1387 0
-1386 0
-1385 0
-1384 1
-1383 0
-1382 0
-1381 0
-1380 0
-1379 0
-1378 0
-1377 0
-1376 0
-1375 1
-1374 0
-1373 0
-1372 0
-1371 0
-1370 0
-1369 0
-1368 0
-1367 0
-1366 0
-1365 1
-1364 1
-1363 0
-1362 1
-1361 0
-1360 0
-1359 0
-1358 0
-1357 0
-1356 0
-1355 0
-1354 0
-1353 0
-1352 1
-1351 0
-1350 0
-1349 0
-1348 0
-1347 0
-1346 0
-1345 0
-1344 0
-1343 0
-1342 0
-1341 1
-1340 0
-1339 0
-1338 0
-1337 0
-1336 0
-1335 0
-1334 1
-1333 0
-1332 0
-1331 1
-1330 1
-1329 1
-1328 0
-1327 0
-1326 0
-1325 1
-1324 0
-1323 0
-1322 1
-1321 1
-1320 1
-1319 0
-1318 1
-1317 1
-1316 1
-1315 0
-1314 0
-1313 0
-1312 0
-1311 0
-1310 0
-1309 1
-1308 0
-1307 0
-1306 2
-1305 2
-1304 1
-1303 0
-1302 0
-1301 2
-1300 0
-1299 1
-1298 1
-1297 0
-1296 4
-1295 0
-1294 0
-1293 1
-1292 1
-1291 1
-1290 1
-1289 1
-1288 0
-1287 0
-1286 0
-1285 0
-1284 1
-1283 0
-1282 0
-1281 0
-1280 0
-1279 0
-1278 1
-1277 1
-1276 0
-1275 0
-1274 4
-1273 1
-1272 1
-1271 2
-1270 1
-1269 1
-1268 1
-1267 1
-1266 0
-1265 1
-1264 0
-1263 2
-1262 1
-1261 0
-1260 0
-1259 1
-1258 0
-1257 1
-1256 0
-1255 1
-1254 2
-1253 0
-1252 0
-1251 2
-1250 1
-1249 0
-1248 0
-1247 0
-1246 1
-1245 0
-1244 0
-1243 0
-1242 0
-1241 1
-1240 0
-1239 0
-1238 2
-1237 2
-1236 0
-1235 1
-1234 1
-1233 2
-1232 0
-1231 1
-1230 0
-1229 1
-1228 1
-1227 0
-1226 1
-1225 2
-1224 0
-1223 1
-1222 0
-1221 1
-1220 0
-1219 2
-1218 1
-1217 0
-1216 1
-1215 1
-1214 1
-1213 0
-1212 0
-1211 2
-1210 1
-1209 2
-1208 0
-1207 0
-1206 1
-1205 0
-1204 2
-1203 1
-1202 0
-1201 0
-1200 1
-1199 0
-1198 1
-1197 1
-1196 1
-1195 0
-1194 1
-1193 0
-1192 1
-1191 2
-1190 1
-1189 0
-1188 0
-1187 2
-1186 0
-1185 0
-1184 0
-1183 0
-1182 0
-1181 0
-1180 1
-1179 1
-1178 0
-1177 2
-1176 0
-1175 3
-1174 0
-1173 1
-1172 1
-1171 0
-1170 1
-1169 1
-1168 2
-1167 2
-1166 1
-1165 1
-1164 0
-1163 1
-1162 1
-1161 0
-1160 0
-1159 2
-1158 2
-1157 0
-1156 1
-1155 2
-1154 1
-1153 4
-1152 1
-1151 1
-1150 2
-1149 1
-1148 0
-1147 1
-1146 1
-1145 0
-1144 3
-1143 0
-1142 2
-1141 3
-1140 0
-1139 1
-1138 1
-1137 3
-1136 3
-1135 1
-1134 2
-1133 1
-1132 3
-1131 1
-1130 2
-1129 2
-1128 1
-1127 0
-1126 3
-1125 3
-1124 3
-1123 3
-1122 3
-1121 5
-1120 2
-1119 3
-1118 3
-1117 3
-1116 2
-1115 4
-1114 1
-1113 0
-1112 4
-1111 3
-1110 1
-1109 1
-1108 3
-1107 4
-1106 1
-1105 4
-1104 3
-1103 3
-1102 3
-1101 1
-1100 1
-1099 3
-1098 4
-1097 1
-1096 1
-1095 4
-1094 2
-1093 3
-1092 1
-1091 0
-1090 2
-1089 1
-1088 1
-1087 5
-1086 1
-1085 2
-1084 1
-1083 1
-1082 4
-1081 2
-1080 4
-1079 5
-1078 3
-1077 2
-1076 3
-1075 3
-1074 2
-1073 4
-1072 2
-1071 1
-1070 2
-1069 1
-1068 0
-1067 1
-1066 2
-1065 6
-1064 3
-1063 3
-1062 0
-1061 1
-1060 3
-1059 2
-1058 5
-1057 4
-1056 3
-1055 2
-1054 1
-1053 2
-1052 3
-1051 2
-1050 1
-1049 1
-1048 4
-1047 1
-1046 1
-1045 3
-1044 3
-1043 2
-1042 6
-1041 4
-1040 6
-1039 4
-1038 1
-1037 4
-1036 5
-1035 0
-1034 3
-1033 1
-1032 5
-1031 2
-1030 2
-1029 1
-1028 3
-1027 2
-1026 5
-1025 2
-1024 2
-1023 2
-1022 6
-1021 1
-1020 3
-1019 3
-1018 2
-1017 1
-1016 3
-1015 4
-1014 6
-1013 6
-1012 5
-1011 4
-1010 6
-1009 4
-1008 4
-1007 1
-1006 2
-1005 8
-1004 5
-1003 4
-1002 9
-1001 7
-1000 7
-999 7
-998 7
-997 5
-996 3
-995 4
-994 9
-993 7
-992 5
-991 5
-990 4
-989 2
-988 7
-987 3
-986 5
-985 4
-984 4
-983 4
-982 5
-981 6
-980 6
-979 4
-978 4
-977 3
-976 8
-975 5
-974 7
-973 10
-972 7
-971 9
-970 6
-969 6
-968 5
-967 9
-966 6
-965 5
-964 7
-963 7
-962 4
-961 4
-960 8
-959 8
-958 5
-957 6
-956 4
-955 3
-954 3
-953 6
-952 4
-951 8
-950 7
-949 6
-948 5
-947 4
-946 9
-945 8
-944 10
-943 9
-942 7
-941 4
-940 7
-939 4
-938 7
-937 10
-936 6
-935 9
-934 3
-933 14
-932 6
-931 8
-930 11
-929 8
-928 9
-927 7
-926 6
-925 6
-924 12
-923 8
-922 6
-921 8
-920 11
-919 20
-918 6
-917 6
-916 6
-915 13
-914 9
-913 12
-912 9
-911 5
-910 9
-909 12
-908 11
-907 7
-906 12
-905 8
-904 10
-903 11
-902 10
-901 9
-900 9
-899 8
-898 12
-897 15
-896 15
-895 14
-894 18
-893 7
-892 5
-891 7
-890 10
-889 12
-888 17
-887 12
-886 7
-885 10
-884 10
-883 18
-882 13
-881 11
-880 12
-879 17
-878 10
-877 11
-876 8
-875 18
-874 14
-873 11
-872 9
-871 13
-870 7
-869 6
-868 14
-867 16
-866 13
-865 12
-864 11
-863 12
-862 16
-861 17
-860 9
-859 22
-858 18
-857 12
-856 16
-855 11
-854 21
-853 15
-852 21
-851 14
-850 13
-849 15
-848 13
-847 20
-846 13
-845 17
-844 15
-843 17
-842 13
-841 17
-840 13
-839 26
-838 10
-837 23
-836 21
-835 22
-834 20
-833 18
-832 17
-831 16
-830 16
-829 20
-828 22
-827 25
-826 19
-825 16
-824 19
-823 21
-822 15
-821 23
-820 19
-819 21
-818 17
-817 17
-816 22
-815 23
-814 15
-813 15
-812 21
-811 24
-810 33
-809 26
-808 18
-807 21
-806 26
-805 19
-804 32
-803 15
-802 20
-801 23
-800 26
-799 21
-798 33
-797 20
-796 18
-795 30
-794 24
-793 21
-792 24
-791 31
-790 33
-789 23
-788 23
-787 21
-786 31
-785 24
-784 31
-783 22
-782 26
-781 27
-780 37
-779 30
-778 28
-777 29
-776 25
-775 38
-774 24
-773 29
-772 23
-771 28
-770 26
-769 35
-768 28
-767 39
-766 25
-765 22
-764 30
-763 22
-762 31
-761 30
-760 37
-759 46
-758 31
-757 36
-756 25
-755 24
-754 28
-753 37
-752 38
-751 24
-750 31
-749 45
-748 39
-747 36
-746 16
-745 32
-744 42
-743 30
-742 44
-741 44
-740 36
-739 39
-738 41
-737 39
-736 34
-735 49
-734 37
-733 55
-732 47
-731 39
-730 32
-729 44
-728 40
-727 47
-726 46
-725 38
-724 57
-723 51
-722 47
-721 46
-720 52
-719 34
-718 57
-717 50
-716 52
-715 51
-714 52
-713 53
-712 50
-711 44
-710 51
-709 34
-708 45
-707 56
-706 50
-705 56
-704 64
-703 57
-702 46
-701 36
-700 55
-699 56
-698 55
-697 54
-696 65
-695 65
-694 64
-693 74
-692 68
-691 56
-690 54
-689 46
-688 61
-687 57
-686 61
-685 55
-684 70
-683 72
-682 62
-681 58
-680 73
-679 70
-678 63
-677 70
-676 69
-675 72
-674 68
-673 57
-672 77
-671 59
-670 77
-669 78
-668 75
-667 63
-666 65
-665 80
-664 68
-663 79
-662 71
-661 85
-660 72
-659 75
-658 66
-657 79
-656 80
-655 65
-654 65
-653 65
-652 69
-651 87
-650 79
-649 84
-648 88
-647 98
-646 92
-645 77
-644 91
-643 87
-642 69
-641 87
-640 74
-639 95
-638 82
-637 102
-636 94
-635 83
-634 89
-633 86
-632 93
-631 111
-630 103
-629 83
-628 84
-627 98
-626 102
-625 111
-624 99
-623 132
-622 124
-621 102
-620 87
-619 122
-618 103
-617 104
-616 120
-615 101
-614 117
-613 112
-612 128
-611 119
-610 116
-609 115
-608 113
-607 131
-606 120
-605 113
-604 117
-603 122
-602 135
-601 120
-600 133
-599 120
-598 130
-597 140
-596 126
-595 164
-594 122
-593 135
-592 141
-591 141
-590 155
-589 131
-588 144
-587 136
-586 121
-585 155
-584 136
-583 133
-582 152
-581 158
-580 164
-579 160
-578 175
-577 155
-576 170
-575 137
-574 141
-573 165
-572 174
-571 176
-570 158
-569 177
-568 178
-567 174
-566 160
-565 165
-564 172
-563 159
-562 169
-561 187
-560 170
-559 182
-558 190
-557 218
-556 183
-555 198
-554 217
-553 186
-552 201
-551 186
-550 180
-549 197
-548 193
-547 228
-546 204
-545 209
-544 197
-543 228
-542 191
-541 228
-540 217
-539 221
-538 219
-537 234
-536 260
-535 224
-534 221
-533 222
-532 257
-531 270
-530 236
-529 274
-528 248
-527 254
-526 232
-525 258
-524 272
-523 261
-522 268
-521 262
-520 264
-519 237
-518 258
-517 266
-516 273
-515 279
-514 273
-513 292
-512 270
-511 292
-510 257
-509 275
-508 286
-507 286
-506 274
-505 290
-504 276
-503 312
-502 305
-501 283
-500 322
-499 332
-498 334
-497 322
-496 316
-495 321
-494 339
-493 340
-492 337
-491 334
-490 360
-489 316
-488 317
-487 386
-486 385
-485 375
-484 351
-483 369
-482 393
-481 334
-480 358
-479 401
-478 382
-477 381
-476 437
-475 448
-474 398
-473 406
-472 402
-471 411
-470 421
-469 434
-468 422
-467 412
-466 454
-465 422
-464 417
-463 481
-462 428
-461 436
-460 473
-459 427
-458 477
-457 532
-456 463
-455 488
-454 498
-453 514
-452 510
-451 481
-450 488
-449 473
-448 547
-447 510
-446 518
-445 528
-444 489
-443 546
-442 562
-441 559
-440 534
-439 572
-438 546
-437 554
-436 597
-435 578
-434 588
-433 570
-432 587
-431 594
-430 619
-429 581
-428 600
-427 621
-426 647
-425 628
-424 697
-423 684
-422 680
-421 718
-420 739
-419 705
-418 721
-417 697
-416 707
-415 681
-414 718
-413 713
-412 744
-411 756
-410 753
-409 767
-408 804
-407 792
-406 780
-405 789
-404 795
-403 771
-402 807
-401 781
-400 854
-399 839
-398 779
-397 883
-396 858
-395 925
-394 968
-393 865
-392 934
-391 954
-390 920
-389 930
-388 932
-387 970
-386 935
-385 939
-384 990
-383 988
-382 964
-381 1003
-380 998
-379 1069
-378 1076
-377 994
-376 1067
-375 1099
-374 1042
-373 1106
-372 1121
-371 1089
-370 1167
-369 1154
-368 1127
-367 1193
-366 1131
-365 1180
-364 1198
-363 1243
-362 1213
-361 1287
-360 1265
-359 1312
-358 1261
-357 1248
-356 1328
-355 1323
-354 1361
-353 1444
-352 1362
-351 1412
-350 1382
-349 1393
-348 1372
-347 1475
-346 1407
-345 1442
-344 1487
-343 1493
-342 1549
-341 1520
-340 1509
-339 1486
-338 1561
-337 1563
-336 1615
-335 1568
-334 1713
-333 1622
-332 1731
-331 1705
-330 1742
-329 1758
-328 1792
-327 1825
-326 1723
-325 1757
-324 1845
-323 1833
-322 1912
-321 1818
-320 1875
-319 1944
-318 1903
-317 1895
-316 1928
-315 2008
-314 1983
-313 2030
-312 2068
-311 2062
-310 2049
-309 2090
-308 2089
-307 2193
-306 2194
-305 2137
-304 2277
-303 2190
-302 2284
-301 2359
-300 2351
-299 2250
-298 2389
-297 2377
-296 2430
-295 2449
-294 2529
-293 2522
-292 2548
-291 2613
-290 2601
-289 2632
-288 2778
-287 2678
-286 2775
-285 2907
-284 2900
-283 2929
-282 2884
-281 2916
-280 3028
-279 3095
-278 3021
-277 3034
-276 3078
-275 3055
-274 3113
-273 3208
-272 3287
-271 3340
-270 3210
-269 3295
-268 3373
-267 3492
-266 3524
-265 3518
-264 3505
-263 3642
-262 3636
-261 3609
-260 3743
-259 3697
-258 3843
-257 3892
-256 3922
-255 3962
-254 3889
-253 4067
-252 4119
-251 4114
-250 4159
-249 4239
-248 4327
-247 4371
-246 4465
-245 4351
-244 4574
-243 4518
-242 4604
-241 4672
-240 4729
-239 4705
-238 4969
-237 5095
-236 4990
-235 4980
-234 5021
-233 5179
-232 5247
-231 5316
-230 5128
-229 5386
-228 5570
-227 5407
-226 5600
-225 5720
-224 5834
-223 5773
-222 5954
-221 5944
-220 5959
-219 6041
-218 6227
-217 6337
-216 6367
-215 6342
-214 6564
-213 6551
-212 6694
-211 6827
-210 6973
-209 7045
-208 7029
-207 7159
-206 7264
-205 7231
-204 7317
-203 7514
-202 7460
-201 7539
-200 7793
-199 8011
-198 8161
-197 8040
-196 8254
-195 8276
-194 8521
-193 8609
-192 8752
-191 8950
-190 8924
-189 9026
-188 9225
-187 9471
-186 9448
-185 9695
-184 9544
-183 9798
-182 10032
-181 10294
-180 10609
-179 10385
-178 10618
-177 10627
-176 10921
-175 10855
-174 11146
-173 11414
-172 11504
-171 11614
-170 11716
-169 12040
-168 12314
-167 12248
-166 12684
-165 12816
-164 13083
-163 13110
-162 13328
-161 13694
-160 13791
-159 13815
-158 14216
-157 14184
-156 14508
-155 14898
-154 15166
-153 15621
-152 15462
-151 15976
-150 15949
-149 16386
-148 16650
-147 16611
-146 17012
-145 17221
-144 17504
-143 18018
-142 18242
-141 18546
-140 18810
-139 18979
-138 19440
-137 19686
-136 20074
-135 20509
-134 20865
-133 20883
-132 21081
-131 21979
-130 22193
-129 22597
-128 23221
-127 23297
-126 24084
-125 24070
-124 24561
-123 24928
-122 25482
-121 26024
-120 26733
-119 26802
-118 27468
-117 27730
-116 28584
-115 28836
-114 29251
-113 30348
-112 30521
-111 31160
-110 31999
-109 32086
-108 33067
-107 34053
-106 34296
-105 34817
-104 35508
-103 36340
-102 37008
-101 37617
-100 38344
-99 39593
-98 40078
-97 40851
-96 41879
-95 42573
-94 43766
-93 44559
-92 45406
-91 46373
-90 47463
-89 48575
-88 49709
-87 50916
-86 51940
-85 53396
-84 54147
-83 55589
-82 56827
-81 58037
-80 60102
-79 60593
-78 62620
-77 64266
-76 65598
-75 67240
-74 68929
-73 70780
-72 71980
-71 74206
-70 76338
-69 78074
-68 80866
-67 82649
-66 85216
-65 87491
-64 89210
-63 92599
-62 95257
-61 97871
-60 100242
-59 103632
-58 107037
-57 110573
-56 113461
-55 116860
-54 120791
-53 125010
-52 128771
-51 133644
-50 137584
-49 142786
-48 147880
-47 153380
-46 159104
-45 164508
-44 170893
-43 177746
-42 184601
-41 192487
-40 200587
-39 209693
-38 217142
-37 227639
-36 237552
-35 248704
-34 260548
-33 273323
-32 288414
-31 303156
-30 319519
-29 336015
-28 356994
-27 378142
-26 400145
-25 427045
-24 452628
-23 486120
-22 518790
-21 558567
-20 601921
-19 651190
-18 707903
-17 769879
-16 847027
-15 934550
-14 1036195
-13 1160430
-12 1310610
-11 1493564
-10 1727322
-9 2029200
-8 2425974
-7 2971367
-6 3758847
-5 4998633
-4 7123636
-3 11610216
-2 25770676
-1 148776668
0 1168059015
1 153635356
2 22265062
3 10769340
4 6892367
5 4902062
6 3710567
7 2940893
8 2404880
9 2012668
10 1718609
11 1487576
12 1304251
13 1155187
14 1032772
15 929931
16 843223
17 769241
18 704575
19 649396
20 601547
21 556936
22 517885
23 483886
24 452657
25 426093
26 399172
27 376014
28 355767
29 336927
30 319208
31 302174
32 288168
33 273055
34 260030
35 248788
36 236919
37 227881
38 217345
39 208881
40 200089
41 191539
42 185156
43 177865
44 171266
45 164877
46 159163
47 153235
48 147331
49 142331
50 137303
51 133600
52 128944
53 124577
54 120480
55 117163
56 113411
57 110699
58 106581
59 104195
60 100397
61 97739
62 94454
63 91936
64 89651
65 87215
66 84444
67 82485
68 80054
69 78228
70 76272
71 74364
72 72383
73 70533
74 69260
75 67169
76 66036
77 64129
78 62194
79 60299
80 59495
81 58653
82 56807
83 55162
84 54081
85 53199
86 52032
87 50472
88 49586
89 48148
90 47570
91 46460
92 45038
93 44450
94 43774
95 43208
96 42103
97 40973
98 39892
99 39520
100 38125
101 37390
102 37045
103 36211
104 35487
105 34969
106 34051
107 33809
108 32812
109 32040
110 31756
111 30749
112 30376
113 30230
114 29395
115 28842
116 28414
117 27953
118 27120
119 26773
120 26682
121 25917
122 25603
123 25530
124 24257
125 24289
126 23906
127 23309
128 23024
129 22570
130 22094
131 21945
132 21258
133 21115
134 20646
135 20421
136 20130
137 19805
138 19589
139 18964
140 18535
141 18411
142 18265
143 18022
144 17534
145 17217
146 16988
147 16680
148 16505
149 16170
150 16047
151 15744
152 15794
153 15232
154 15045
155 14967
156 14346
157 14438
158 14314
159 13976
160 13829
161 13616
162 13401
163 13159
164 13180
165 12847
166 12772
167 12329
168 12168
169 11890
170 11815
171 11827
172 11280
173 11203
174 11277
175 11072
176 10886
177 10597
178 10576
179 10555
180 10221
181 10034
182 10184
183 9874
184 9764
185 9596
186 9478
187 9373
188 9238
189 9145
190 9114
191 8905
192 8626
193 8604
194 8556
195 8303
196 8390
197 7936
198 8018
199 7896
200 7782
201 7669
202 7539
203 7558
204 7344
205 7465
206 7291
207 7074
208 6995
209 7023
210 6929
211 6781
212 6781
213 6576
214 6569
215 6357
216 6357
217 6442
218 6323
219 6129
220 6032
221 5964
222 5783
223 5877
224 5720
225 5660
226 5575
227 5511
228 5533
229 5453
230 5317
231 5213
232 5082
233 5120
234 5172
235 4936
236 4946
237 4843
238 4852
239 4719
240 4588
241 4643
242 4544
243 4572
244 4561
245 4382
246 4378
247 4338
248 4318
249 4138
250 4260
251 4047
252 4007
253 3965
254 4082
255 4001
256 3880
257 3893
258 3928
259 3757
260 3732
261 3656
262 3558
263 3586
264 3630
265 3555
266 3384
267 3418
268 3361
269 3391
270 3337
271 3218
272 3158
273 3219
274 3229
275 3162
276 3061
277 3120
278 3047
279 2920
280 2827
281 2866
282 2862
283 2895
284 2834
285 2701
286 2757
287 2703
288 2651
289 2667
290 2666
291 2528
292 2618
293 2459
294 2584
295 2477
296 2482
297 2364
298 2422
299 2299
300 2367
301 2301
302 2252
303 2314
304 2231
305 2260
306 2133
307 2149
308 2117
309 2140
310 2107
311 2124
312 2037
313 2067
314 2032
315 2004
316 2004
317 1954
318 1841
319 1857
320 1834
321 1793
322 1816
323 1810
324 1878
325 1784
326 1704
327 1783
328 1690
329 1743
330 1768
331 1692
332 1710
333 1639
334 1649
335 1605
336 1611
337 1562
338 1578
339 1538
340 1551
341 1486
342 1544
343 1426
344 1511
345 1471
346 1465
347 1420
348 1344
349 1387
350 1393
351 1374
352 1389
353 1324
354 1284
355 1308
356 1343
357 1259
358 1195
359 1219
360 1226
361 1237
362 1209
363 1178
364 1233
365 1236
366 1208
367 1129
368 1142
369 1122
370 1120
371 1047
372 1126
373 1055
374 1082
375 1039
376 1040
377 1029
378 1004
379 1037
380 1047
381 1012
382 987
383 960
384 1016
385 917
386 989
387 890
388 916
389 890
390 919
391 880
392 896
393 911
394 886
395 900
396 830
397 856
398 846
399 854
400 834
401 848
402 802
403 822
404 785
405 787
406 752
407 757
408 754
409 754
410 797
411 724
412 748
413 712
414 738
415 712
416 698
417 704
418 680
419 696
420 655
421 648
422 686
423 622
424 674
425 687
426 683
427 655
428 640
429 614
430 609
431 588
432 603
433 619
434 584
435 574
436 608
437 554
438 598
439 578
440 584
441 570
442 508
443 557
444 530
445 542
446 574
447 519
448 518
449 495
450 526
451 473
452 522
453 515
454 524
455 458
456 473
457 492
458 497
459 469
460 448
461 462
462 409
463 417
464 467
465 413
466 461
467 435
468 420
469 407
470 431
471 405
472 400
473 409
474 378
475 410
476 402
477 401
478 413
479 401
480 395
481 376
482 368
483 402
484 374
485 327
486 348
487 374
488 332
489 365
490 351
491 356
492 352
493 352
494 369
495 367
496 333
497 325
498 302
499 345
500 325
501 321
502 314
503 290
504 322
505 298
506 271
507 271
508 281
509 309
510 286
511 311
512 263
513 267
514 233
515 288
516 302
517 282
518 283
519 268
520 257
521 271
522 264
523 282
524 271
525 266
526 309
527 232
528 272
529 260
530 273
531 239
532 221
533 228
534 243
535 216
536 248
537 203
538 219
539 223
540 218
541 247
542 182
543 199
544 209
545 209
546 179
547 188
548 211
549 191
550 192
551 197
552 192
553 178
554 193
555 205
556 174
557 182
558 203
559 183
560 186
561 175
562 195
563 181
564 181
565 171
566 155
567 167
568 180
569 155
570 154
571 158
572 184
573 169
574 176
575 164
576 161
577 179
578 142
579 175
580 157
581 170
582 146
583 174
584 143
585 172
586 151
587 126
588 148
589 125
590 146
591 146
592 154
593 144
594 134
595 158
596 144
597 124
598 134
599 128
600 109
601 134
602 125
603 122
604 131
605 128
606 108
607 117
608 134
609 120
610 116
611 103
612 109
613 120
614 116
615 116
616 111
617 102
618 104
619 121
620 113
621 97
622 109
623 95
624 101
625 106
626 96
627 102
628 94
629 101
630 90
631 90
632 105
633 95
634 78
635 84
636 90
637 87
638 97
639 101
640 88
641 84
642 104
643 78
644 102
645 64
646 88
647 91
648 95
649 79
650 80
651 54
652 81
653 65
654 90
655 80
656 74
657 75
658 79
659 73
660 81
661 68
662 69
663 70
664 80
665 55
666 67
667 79
668 69
669 56
670 69
671 74
672 78
673 59
674 67
675 64
676 72
677 76
678 65
679 57
680 57
681 64
682 70
683 63
684 48
685 65
686 72
687 60
688 63
689 46
690 55
691 57
692 65
693 57
694 55
695 58
696 49
697 70
698 51
699 60
700 39
701 50
702 52
703 57
704 58
705 51
706 41
707 45
708 47
709 48
710 46
711 53
712 44
713 58
714 40
715 68
716 49
717 44
718 53
719 40
720 63
721 37
722 30
723 44
724 37
725 44
726 33
727 40
728 41
729 50
730 44
731 40
732 45
733 33
734 37
735 42
736 37
737 27
738 39
739 34
740 41
741 37
742 29
743 37
744 44
745 28
746 35
747 41
748 49
749 45
750 31
751 31
752 33
753 27
754 32
755 38
756 39
757 30
758 28
759 32
760 34
761 41
762 30
763 30
764 40
765 19
766 29
767 45
768 25
769 37
770 31
771 34
772 32
773 29
774 33
775 27
776 26
777 38
778 21
779 33
780 24
781 39
782 27
783 26
784 18
785 27
786 33
787 23
788 14
789 24
790 26
791 26
792 23
793 19
794 26
795 17
796 23
797 14
798 31
799 25
800 33
801 23
802 30
803 21
804 27
805 20
806 19
807 20
808 21
809 22
810 15
811 22
812 21
813 19
814 22
815 18
816 18
817 21
818 15
819 17
820 23
821 17
822 11
823 18
824 13
825 16
826 20
827 17
828 20
829 14
830 14
831 17
832 26
833 17
834 20
835 9
836 14
837 21
838 19
839 13
840 19
841 17
842 15
843 19
844 12
845 17
846 13
847 10
848 13
849 12
850 19
851 13
852 17
853 14
854 15
855 7
856 17
857 13
858 15
859 13
860 8
861 11
862 10
863 12
864 15
865 16
866 8
867 17
868 17
869 9
870 15
871 16
872 19
873 15
874 12
875 12
876 13
877 19
878 16
879 10
880 18
881 13
882 7
883 11
884 16
885 11
886 19
887 19
888 13
889 13
890 5
891 12
892 13
893 8
894 16
895 10
896 14
897 8
898 11
899 12
900 8
901 9
902 10
903 6
904 9
905 11
906 10
907 7
908 10
909 7
910 5
911 9
912 8
913 8
914 12
915 6
916 12
917 8
918 4
919 15
920 7
921 7
922 12
923 9
924 11
925 6
926 6
927 11
928 10
929 4
930 12
931 12
932 11
933 8
934 6
935 8
936 7
937 5
938 8
939 7
940 7
941 9
942 6
943 6
944 3
945 7
946 9
947 6
948 10
949 7
950 5
951 7
952 6
953 4
954 6
955 4
956 2
957 4
958 6
959 6
960 3
961 12
962 6
963 5
964 10
965 11
966 3
967 7
968 12
969 3
970 6
971 8
972 6
973 6
974 8
975 2
976 6
977 4
978 8
979 4
980 2
981 2
982 4
983 8
984 2
985 5
986 3
987 7
988 7
989 5
990 6
991 2
992 10
993 6
994 1
995 2
996 6
997 5
998 6
999 4
1000 4
1001 5
1002 5
1003 6
1004 4
1005 8
1006 5
1007 3
1008 7
1009 7
1010 5
1011 1
1012 5
1013 3
1014 3
1015 2
1016 3
1017 1
1018 2
1019 3
1020 1
1021 3
1022 4
1023 3
1024 3
1025 2
1026 2
1027 3
1028 8
1029 3
1030 8
1031 3
1032 4
1033 5
1034 3
1035 5
1036 1
1037 0
1038 2
1039 1
1040 3
1041 4
1042 3
1043 2
1044 2
1045 2
1046 5
1047 3
1048 4
1049 2
1050 2
1051 1
1052 4
1053 4
1054 0
1055 4
1056 1
1057 3
1058 6
1059 4
1060 6
1061 0
1062 4
1063 2
1064 0
1065 3
1066 4
1067 0
1068 2
1069 5
1070 4
1071 3
1072 1
1073 2
1074 2
1075 1
1076 4
1077 2
1078 0
1079 2
1080 2
1081 2
1082 3
1083 3
1084 1
1085 0
1086 1
1087 3
1088 1
1089 3
1090 0
1091 4
1092 3
1093 1
1094 2
1095 2
1096 4
1097 5
1098 3
1099 1
1100 4
1101 1
1102 2
1103 1
1104 5
1105 4
1106 1
1107 5
1108 3
1109 2
1110 2
1111 2
1112 3
1113 2
1114 1
1115 4
1116 2
1117 0
1118 3
1119 1
1120 1
1121 3
1122 0
1123 1
1124 2
1125 2
1126 1
1127 2
1128 2
1129 3
1130 2
1131 1
1132 3
1133 1
1134 0
1135 4
1136 0
1137 2
1138 2
1139 4
1140 2
1141 1
1142 2
1143 1
1144 1
1145 1
1146 1
1147 1
1148 2
1149 1
1150 0
1151 1
1152 1
1153 1
1154 2
1155 2
1156 0
1157 1
1158 1
1159 3
1160 2
1161 0
1162 3
1163 1
1164 1
1165 0
1166 4
1167 0
1168 0
1169 1
1170 3
1171 2
1172 1
1173 0
1174 0
1175 2
1176 2
1177 1
1178 0
1179 1
1180 1
1181 0
1182 3
1183 2
1184 0
1185 0
1186 0
1187 1
1188 0
1189 1
1190 3
1191 0
1192 1
1193 1
1194 1
1195 0
1196 2
1197 1
1198 2
1199 0
1200 0
1201 0
1202 1
1203 0
1204 1
1205 1
1206 0
1207 0
1208 2
1209 0
1210 0
1211 0
1212 0
1213 4
1214 2
1215 2
1216 1
1217 1
1218 1
1219 1
1220 0
1221 0
1222 2
1223 1
1224 1
1225 3
1226 0
1227 0
1228 1
1229 3
1230 2
1231 0
1232 0
1233 0
1234 2
1235 0
1236 1
1237 0
1238 0
1239 0
1240 0
1241 0
1242 0
1243 1
1244 0
1245 0
1246 0
1247 0
1248 1
1249 1
1250 0
1251 0
1252 0
1253 0
1254 0
1255 2
1256 0
1257 1
1258 1
1259 0
1260 0
1261 1
1262 1
1263 1
1264 1
1265 0
1266 1
1267 1
1268 0
1269 1
1270 1
1271 0
1272 0
1273 1
1274 0
1275 0
1276 1
1277 2
1278 0
1279 1
1280 1
1281 1
1282 0
1283 0
1284 3
1285 0
1286 0
1287 0
1288 1
1289 0
1290 0
1291 0
1292 1
1293 0
1294 0
1295 0
1296 0
1297 0
1298 0
1299 0
1300 0
1301 1
1302 0
1303 0
1304 1
1305 0
1306 1
1307 2
1308 0
1309 0
1310 0
1311 0
1312 0
1313 0
1314 2
1315 0
1316 0
1317 0
1318 0
1319 0
1320 1
1321 0
1322 0
1323 0
1324 0
1325 0
1326 1
1327 1
1328 0
1329 0
1330 0
1331 0
1332 1
1333 1
1334 0
1335 0
1336 1
1337 0
1338 0
1339 0
1340 0
1341 1
1342 1
1343 0
1344 0
1345 0
1346 0
1347 0
1348 1
1349 1
1350 1
1351 0
1352 0
1353 0
1354 0
1355 1
1356 1
1357 0
1358 0
1359 1
1360 1
1361 0
1362 0
1363 0
1364 0
1365 1
1366 0
1367 0
1368 0
1369 0
1370 1
1371 1
1372 0
1373 1
1374 1
1375 0
1376 0
1377 0
1378 0
1379 0
1380 0
1381 0
1382 0
1383 0
1384 0
1385 0
1386 0
1387 0
1388 0
1389 1
1390 0
1391 0
1392 0
1393 1
1394 0
1395 0
1396 0
1397 1
1398 1
1399 0
1400 0
1401 0
1402 0
1403 0
1404 1
1405 0
1406 0
1407 0
1408 0
1409 0
1410 0
1411 0
1412 0
1413 1
1414 1
1415 0
1416 0
1417 1
1418 0
1419 0
1420 0
1421 0
1422 0
1423 0
1424 0
1425 0
1426 0
1427 0
1428 0
1429 0
1430 0
1431 0
1432 1
1433 0
1434 0
1435 0
1436 0
1437 0
1438 1
1439 0
1440 0
1441 1
1442 0
1443 0
1444 0
1445 0
1446 0
1447 0
1448 1
1449 0
1450 0
1451 0
1452 0
1453 0
1454 0
1455 0
1456 0
1457 0
1458 0
1459 1
1460 0
1461 0
1462 0
1463 0
1464 0
1465 0
1466 1
1467 0
1468 1
1469 0
1470 0
1471 0
1472 1
1473 0
1474 0
1475 1
1476 0
1477 0
1478 0
1479 0
1480 0
1481 0
1482 0
1483 0
1484 1
1485 0
1486 0
1487 0
1488 0
1489 0
1490 0
1491 0
1492 0
1493 0
1494 0
1495 1
1496 0
1497 1
1498 0
1499 0
1500 0
1501 0
1502 0
1503 0
1504 0
1505 0
1506 0
1507 0
1508 0
1509 0
1510 0
1511 0
1512 0
1513 0
1514 0
1515 0
1516 0
1517 0
1518 0
1519 0
1520 0
1521 0
1522 0
1523 0
1524 0
1525 0
1526 0
1527 0
1528 0
1529 0
1530 0
1531 0
1532 0
1533 0
1534 0
1535 0
1536 0
1537 0
1538 0
1539 0
1540 0
1541 0
1542 0
1543 0
1544 0
1545 0
1546 0
1547 0
1548 0
1549 0
1550 0
1551 0
1552 0
1553 0
1554 0
1555 0
1556 0
1557 0
1558 0
1559 0
1560 0
1561 0
1562 0
1563 1
1564 0
1565 0
1566 0
1567 0
1568 0
1569 1
1570 0
1571 0
1572 0
1573 0
1574 0
1575 0
1576 0
1577 0
1578 0
1579 0
1580 0
1581 0
1582 0
1583 0
1584 0
1585 0
1586 0
1587 0
1588 0
1589 0
1590 0
1591 0
1592 0
1593 0
1594 0
1595 0
1596 0
1597 0
1598 0
1599 0
1600 0
1601 0
1602 0
1603 0
1604 0
1605 0
1606 0
1607 0
1608 0
1609 0
1610 0
1611 0
1612 0
1613 0
1614 0
1615 0
1616 0
1617 0
1618 0
1619 0
1620 0
1621 0
1622 0
1623 0
1624 0
1625 0
1626 0
1627 0
1628 0
1629 0
1630 0
1631 0
1632 0
1633 0
1634 0
1635 0
1636 0
1637 0
1638 0
1639 0
1640 0
1641 0
1642 0
1643 0
1644 0
1645 0
1646 0
1647 0
1648 0
1649 0
1650 0
1651 0
1652 0
1653 0
1654 0
1655 0
1656 0
1657 0
1658 0
1659 0
1660 0
1661 0
1662 0
1663 0
1664 0
1665 1
1666 0
1667 0
1668 0
1669 1
1670 0
1671 0
1672 0
1673 0
1674 0
1675 0
1676 0
1677 0
1678 0
1679 0
1680 0
1681 0
1682 0
1683 0
1684 0
1685 0
1686 0
1687 0
1688 1
1689 0
1690 0
1691 0
1692 0
1693 0
1694 0
1695 0
1696 0
1697 0
1698 0
1699 0
1700 0
1701 0
1702 0
1703 0
1704 0
1705 0
1706 0
1707 0
1708 0
1709 1
1710 0
1711 0
1712 0
1713 0
1714 0
1715 0
1716 0
1717 0
1718 1
1719 0
1720 0
1721 0
1722 0
1723 0
1724 0
1725 0
1726 0
1727 0
1728 0
1729 0
1730 0
1731 0
1732 0
1733 0
1734 0
1735 0
1736 0
1737 0
1738 0
1739 0
1740 0
1741 0
1742 0
1743 1
1744 0
1745 0
1746 0
1747 0
1748 0
1749 0
1750 0
1751 0
1752 0
1753 0
1754 0
1755 0
1756 0
1757 0
1758 0
1759 0
1760 0
1761 0
1762 0
1763 0
1764 0
1765 0
1766 0
1767 0
1768 0
1769 0
1770 0
1771 0
1772 0
1773 0
1774 0
1775 0
1776 0
1777 0
1778 0
1779 0
1780 0
1781 0
1782 0
1783 0
1784 0
1785 0
1786 0
1787 0
1788 0
1789 0
1790 0
1791 0
1792 0
1793 0
1794 0
1795 0
1796 0
1797 0
1798 0
1799 0
1800 0
1801 0
1802 0
1803 0
1804 0
1805 0
1806 0
1807 0
1808 0
1809 0
1810 0
1811 0
1812 0
1813 0
1814 0
1815 0
1816 0
1817 0
1818 0
1819 0
1820 0
1821 0
1822 0
1823 0
1824 0
1825 0
1826 0
1827 1
1828 0
1829 0
1830 0
1831 0
1832 0
1833 0
1834 0
1835 0
1836 0
1837 1
1838 0
1839 0
1840 0
1841 0
1842 0
1843 0
1844 0
1845 0
1846 0
1847 0
1848 0
1849 0
1850 0
1851 0
1852 0
1853 0
1854 0
1855 0
1856 0
1857 0
1858 0
1859 0
1860 0
1861 0
1862 0
1863 0
1864 0
1865 0
1866 0
1867 0
1868 0
1869 0
1870 0
1871 0
1872 0
1873 0
1874 0
1875 0
1876 0
1877 0
1878 0
1879 0
1880 0
1881 0
1882 0
1883 0
1884 0
1885 0
1886 0
1887 0
1888 0
1889 0
1890 0
1891 0
1892 0
1893 0
1894 0
1895 0
1896 0
1897 0
1898 0
1899 0
1900 0
1901 0
1902 0
1903 0
1904 0
1905 0
1906 0
1907 0
1908 0
1909 0
1910 0
1911 0
1912 0
1913 0
1914 0
1915 0
1916 0
1917 0
1918 0
1919 0
1920 0
1921 0
1922 0
1923 0
1924 0
1925 0
1926 0
1927 0
1928 0
1929 0
1930 0
1931 0
1932 0
1933 0
1934 0
1935 0
1936 0
1937 0
1938 0
1939 0
1940 0
1941 0
1942 0
1943 0
1944 0
1945 0
1946 0
1947 0
1948 0
1949 0
1950 0
1951 0
1952 0
1953 0
1954 0
1955 0
1956 0
1957 0
1958 0
1959 0
1960 0
1961 0
1962 0
1963 0
1964 0
1965 0
1966 0
1967 0
1968 0
1969 0
1970 0
1971 0
1972 0
1973 0
1974 0
1975 0
1976 0
1977 0
1978 0
1979 0
1980 0
1981 0
1982 0
1983 0
1984 0
1985 0
1986 0
1987 0
1988 0
1989 0
1990 0
1991 0
1992 0
1993 0
1994 0
1995 0
1996 0
1997 0
1998 0
1999 0
2000 0
2001 0
2002 0
2003 1
2004 0
2005 0
2006 0
2007 0
2008 0
2009 0
2010 0
2011 0
2012 0
2013 0
2014 0
2015 0
2016 0
2017 0
2018 0
2019 0
2020 0
2021 0
2022 0
2023 0
2024 0
2025 0
2026 0
2027 0
2028 0
2029 0
2030 0
2031 0
2032 0
2033 0
2034 0
2035 0
2036 0
2037 0
2038 0
2039 0
2040 0
2041 0
2042 0
2043 0
2044 0
2045 0
2046 0
2047 0
2048 0
2049 0
2050 0
2051 0
2052 0
2053 0
2054 0
2055 0
2056 0
2057 0
2058 0
2059 0
2060 0
2061 0
2062 0
2063 0
2064 0
2065 0
2066 0
2067 0
2068 0
2069 0
2070 0
2071 0
2072 0
2073 0
2074 0
2075 0
2076 0
2077 0
2078 0
2079 0
2080 0
2081 0
2082 0
2083 0
2084 0
2085 0
2086 0
2087 0
2088 0
2089 0
2090 0
2091 0
2092 0
2093 0
2094 0
2095 0
2096 0
2097 0
2098 0
2099 0
2100 0
2101 0
2102 0
2103 0
2104 0
2105 0
2106 0
2107 0
2108 0
2109 0
2110 0
2111 0
2112 0
2113 0
2114 0
2115 0
2116 0
2117 0
2118 0
2119 0
2120 0
2121 0
2122 0
2123 0
2124 0
2125 1
