-55 1
-54 1
-53 1
-52 0
-51 0
-50 2
-49 2
-48 4
-47 5
-46 2
-45 7
-44 6
-43 8
-42 11
-41 15
-40 24
-39 29
-38 26
-37 47
-36 50
-35 85
-34 106
-33 96
-32 137
-31 220
-30 275
-29 376
-28 472
-27 600
-26 754
-25 1031
-24 1362
-23 1904
-22 2420
-21 3198
-20 4287
-19 5725
-18 7546
-17 10238
-16 13901
-15 19142
-14 25972
-13 36187
-12 50044
-11 69463
-10 98328
-9 140465
-8 203153
-7 300392
-6 451084
-5 700414
-4 1139763
-3 1983107
-2 3919647
-1 9103523
0 34829649
1 1003746577
2 38938599
3 6268075
4 3084272
5 1743947
6 1047252
7 657133
8 428933
9 286062
10 195005
11 135575
12 94574
13 67455
14 48683
15 35014
16 25257
17 18534
18 13521
19 10157
20 7367
21 5563
22 4254
23 3113
24 2346
25 1806
26 1373
27 1011
28 787
29 571
30 451
31 336
32 279
33 185
34 146
35 122
36 86
37 61
38 53
39 37
40 29
41 20
42 17
43 12
44 12
45 6
46 6
47 6
48 3
49 4
50 2
51 0
52 1
53 0
54 0
55 0
56 3
