2 0.6320319455299855
3 0.5920744641698061
4 0.5629473058263343
5 0.5425799338685139
6 0.5274818540654509
7 0.5152569196234539
8 0.5059947777837616
9 0.4978273286209499
10 0.49150474019506096
11 0.48568184301563894
12 0.48099969189125535
13 0.47746485938960503
14 0.4733053651812916
15 0.4701241886693482
16 0.46758467300112844
17 0.46490880670883616
18 0.4625598077720244
19 0.460152684411301
20 0.45883540931770006
21 0.45636619511178833
22 0.4550992894375984
23 0.45386645525385183
24 0.4532551222979446
25 0.45048747467826006
26 0.4491837383448294
27 0.4482856639803821
28 0.44636611099539614
29 0.44602988217192374
30 0.4456544291747016
31 0.44430023719606027
32 0.44305736535120377
33 0.44172518695808455
34 0.4420556107249255
35 0.4429682998730205
36 0.44100400547456714
37 0.44096103548189247
38 0.4387845865497633
39 0.4380770398414201
40 0.43843585592877377
41 0.4374211011156729
42 0.4386273534998152
43 0.43744710152204164
44 0.4372635866929618
45 0.4378228916539329
46 0.4408854432316638
47 0.4355738118732359
48 0.4331095041322314
49 0.43746893184011226
50 0.43091511631722285
51 0.43243946888831036
52 0.43932812047494935
53 0.4372903166505814
54 0.4315550041356493
55 0.43079534148768067
56 0.43335079219588846
57 0.42911990549320733
58 0.4356951110388026
59 0.42362746874433777
60 0.4282426778242678
61 0.4300719933907707
62 0.4235989786319043
63 0.42674077505017755
64 0.4206789054381711
65 0.426625145971195
66 0.43266102797657774
67 0.428087986463621
68 0.42581164475449423
69 0.4244712990936556
70 0.42378673957621327
71 0.4409867172675522
72 0.421431596781025
73 0.43101807802093245
74 0.4325333333333333
75 0.4388059701492537
76 0.4359795134443022
77 0.44570617459190914
78 0.4185303514376997
79 0.4365296803652968
80 0.42971086739780656
81 0.431980906921241
82 0.43157894736842106
83 0.44105409153952846
84 0.432475884244373
85 0.4226618705035971
86 0.44015444015444016
87 0.44171779141104295
88 0.3783132530120482
89 0.42342342342342343
90 0.4069400630914827
91 0.41353383458646614
92 0.40408163265306124
93 0.43162393162393164
94 0.4563106796116505
95 0.46111111111111114
96 0.41711229946524064
97 0.373134328358209
98 0.3627450980392157
99 0.4857142857142857
100 0.46153846153846156
101 0.4473684210526316
102 0.4057971014492754
103 0.39344262295081966
104 0.5
105 0.35135135135135137
106 0.3409090909090909
107 0.42105263157894735
108 0.25
109 0.375
110 0.5
111 0.35294117647058826
112 0.47368421052631576
113 0.47368421052631576
114 0.5652173913043478
115 0.391304347826087
116 0.47058823529411764
117 0.5
118 0.3076923076923077
119 0.1111111111111111
120 0.4444444444444444
121 0.5
122 0.4
123 0.75
124 0.3333333333333333
125 0.5
126 0.6
127 0.4
128 0.0
129 0
130 0.0
131 0
132 1.0
133 0.75
134 0.5
135 0.0
136 1.0
137 1.0
138 0.6666666666666666
139 0.7142857142857143
140 0.4444444444444444
141 0.2857142857142857
142 0.4
143 0.25
144 0.0
145 0
146 0
147 0
148 1.0
149 0.5
150 0.3333333333333333
151 0.0
152 0
153 0
154 0
155 0
156 0
157 0
158 0
159 0
160 0
161 0
162 0
163 0
164 0
165 0
166 0
167 0
168 0
169 0
170 0
171 0
172 0
173 0
174 0
175 0
176 0
177 0
178 0
179 0
180 0
181 0
182 0
183 0
184 0
185 0
186 0
187 0
188 0
189 0
190 0
191 0
192 0
193 0
194 0
195 0
196 0
197 0
198 0
199 0
200 0
201 0
202 0
203 0
204 0
205 0
206 0
207 0
208 0
209 0
210 0
211 0
212 0
213 0
214 0
215 0
216 0
217 0
218 0
219 0
220 0
221 0
222 0
223 0
224 0
225 0
226 0
227 0
228 0
229 0
230 0
231 0
232 0
233 0
234 0
235 0
236 0
237 0
238 0
239 0
240 0
241 0
242 0
243 0
244 0
245 0
246 0
247 0
248 0
249 0
250 0
251 0
252 0
253 0
254 0
255 0
256 0
257 0
258 0
259 0
260 0
261 0
262 0
263 0
264 0
265 0
266 0
267 0
268 0
269 0
270 0
271 0
272 0
273 0
274 0
275 0
276 0
277 0
278 0
279 0
280 0
281 0
282 0
283 0
284 0
285 0
286 0
287 0
288 0
289 0
290 0
291 0
292 0
293 0
294 0
295 0
296 0
297 0
298 0
299 0
300 0
301 0
302 0
303 0
304 0
305 0
306 0
307 0
308 0
309 0
310 0
311 0
312 0
313 0
314 0
315 0
316 0
317 0
318 0
319 0
320 0
321 0
322 0
323 0
324 0
325 0
326 0
327 0
328 0
329 0
330 0
331 0
332 0
333 0
334 0
335 0
336 0
337 0
338 0
339 0
340 0
341 0
342 0
343 0
344 0
345 0
346 0
347 0
348 0
349 0
350 0
351 0
352 0
353 0
354 0
355 0
356 0
357 0
358 0
359 0
360 0
361 0
362 0
363 0
364 0
365 0
366 0
367 0
368 0
369 0
370 0
371 0
372 0
373 0
374 0
375 0
376 0
377 0
378 0
379 0
380 0
381 0
382 0
383 0
384 0
385 0
386 0
387 0
388 0
389 0
390 0
391 0
392 0
393 0
394 0
395 0
396 0
397 0
398 0
399 0
400 0
401 0
402 0
403 0
404 0
405 0
406 0
407 0
408 0
409 0
410 0
411 0
412 0
413 0
414 0
415 0
416 0
417 0
418 0
419 0
420 0
421 0
422 0
423 0
424 0
425 0
426 0
427 0
428 0
429 0
430 0
431 0
432 0
433 0
434 0
435 0
436 0
437 0
438 0
439 0
440 0
441 0
442 0
443 0
444 0
445 0
446 0
447 0
448 0
449 0
450 0
451 0
452 0
453 0
454 0
455 0
456 0
457 0
458 0
459 0
460 0
461 0
462 0
463 0
464 0
465 0
466 0
467 0
468 0
469 0
470 0
471 0
472 0
473 0
474 0
475 0
476 0
477 0
478 0
479 0
480 0
481 0
482 0
483 0
484 0
485 0
486 0
487 0
488 0
489 0
490 0
491 0
492 0
493 0
494 0
495 0
496 0
497 0
498 0
