0 964782.0
1 14700.0
2 6942.0
3 4387.0
4 2950.0
5 2170.0
6 1553.0
7 1158.0
8 917.0
9 715.0
10 576.0
11 446.0
12 374.0
13 308.0
14 267.0
15 221.0
16 178.0
17 136.0
18 106.0
19 115.0
20 71.0
21 72.0
22 54.0
23 52.0
24 34.0
25 40.0
26 30.0
27 29.0
28 25.0
29 18.0
30 15.0
31 15.0
32 19.0
33 9.0
34 9.0
35 5.0
36 6.0
37 5.0
38 1.0
39 6.0
40 2.0
41 3.0
42 2.0
43 1.0
44 1.0
45 3.0
46 3.0
47 1.0
48 4.0
49 1.0
50 1.0
51 0.0
52 1.0
53 1.0
54 0.0
55 0.0
56 0.0
57 1.0
58 0.0
59 0.0
60 0.0
61 0.0
62 0.0
63 2.0
