2 0.7891501704933881
3 0.7591502372389707
4 0.7364163880973461
5 0.7193641862127442
6 0.7043298949702197
7 0.692253268846851
8 0.6828869505461306
9 0.672913182500884
10 0.6645904994452859
11 0.6589745162523178
12 0.6526325870745169
13 0.646466478662432
14 0.6409375927551909
15 0.6366802253321066
16 0.6322990004345936
17 0.628316290101266
18 0.6255174185847969
19 0.6208280828716447
20 0.6195574402899335
21 0.6154061630175548
22 0.6128736234923964
23 0.6101732004332746
24 0.6065858045260998
25 0.6063247360271666
26 0.6026507243785555
27 0.601652254518622
28 0.5991575548220925
29 0.5971376491697759
30 0.595368365963318
31 0.5935275560412152
32 0.5928770029411292
33 0.5901310834707426
34 0.5893620882714506
35 0.5888494940783566
36 0.585049921562303
37 0.5837016836164611
38 0.5841392801251957
39 0.5828527334911442
40 0.5797078673989281
41 0.5797808743750665
42 0.5796749069632182
43 0.5768676153825356
44 0.57698634947921
45 0.5753515900051382
46 0.5760045795028108
47 0.5738923669636408
48 0.5743643579567277
49 0.5736357882954741
50 0.5705284085746811
51 0.5719406014053158
52 0.5673083391259501
53 0.5692402908865852
54 0.5685264948074035
55 0.5676490288010717
56 0.5689151709897736
57 0.5648213560063768
58 0.5642748795146022
59 0.5669594638558136
60 0.5662226325507782
61 0.565746168704864
62 0.5619481746129522
63 0.5621814687943855
64 0.5626828767171814
65 0.5616489541342415
66 0.5616119094265967
67 0.5588675062672489
68 0.5593623205958942
69 0.5597260421722483
70 0.5600892472697381
71 0.5583285106113097
72 0.5571342740691425
73 0.5564932486100079
74 0.5587900594092544
75 0.5544982772195085
76 0.5570822249197207
77 0.5531273085446934
78 0.5558140571377636
79 0.5552148355748058
80 0.5541852095149098
81 0.5564868021490306
82 0.5543635726662437
83 0.5565636491066371
84 0.5532492989044472
85 0.5545425904776907
86 0.5527001751034702
87 0.552118944067968
88 0.5532335758942298
89 0.5518417604359491
90 0.5513325289473127
91 0.5519278573503933
92 0.5521218810188492
93 0.5493946440463324
94 0.5489117170686251
95 0.551704737256667
96 0.5489090909090909
97 0.5496668825761081
98 0.5486082577100527
99 0.5500967026746545
100 0.5499827337786828
101 0.5471075574394297
102 0.5451044235745787
103 0.5462739199053067
104 0.5478366849482024
105 0.5445821721750753
106 0.5488945793823843
107 0.5467825820925963
108 0.5460735830981539
109 0.5484644350919254
110 0.5452610144390966
111 0.5454460093896714
112 0.5479028517961027
113 0.54359865349115
114 0.5440147380287886
115 0.5436874304783093
116 0.5452667378717185
117 0.5461578865181779
118 0.5431062873179742
119 0.5443223865125185
120 0.542525829373556
121 0.5449570894153891
122 0.541956022802991
123 0.5428674135761787
124 0.5432951584560383
125 0.542772186642269
126 0.5451538970328098
127 0.5418429970173494
128 0.5422517591868647
129 0.5425275780131241
130 0.5405564294453183
131 0.540268994960357
132 0.5411835689708592
133 0.5417064576678632
134 0.546356031481512
135 0.540098443792572
136 0.5412449859859356
137 0.5385355154378269
138 0.5353504430498155
139 0.5398086421885254
140 0.5423561415972138
141 0.5366270055572009
142 0.5415763980625276
143 0.539048394519772
144 0.5400096430293398
145 0.5372982034182427
146 0.5388109454558775
147 0.5413555848338457
148 0.5386291237962726
149 0.5352097048598269
150 0.5375021068599359
151 0.5352324967970458
152 0.5364187728394589
153 0.5371099783750386
154 0.5368898538363122
155 0.5369932597440656
156 0.5389539422326307
157 0.5348525733194146
158 0.5351924571929755
159 0.536961295911994
160 0.5324917806551123
161 0.5338294714273935
162 0.5404141616566466
163 0.5390013662899019
164 0.5375850411118995
165 0.5325463815024011
166 0.5340877548841678
167 0.538626425447998
168 0.5378008717497262
169 0.5332958574764335
170 0.5341725043782837
171 0.5323087203474774
172 0.5379284218032714
173 0.5324678221686855
174 0.5354092967711408
175 0.5349677186328954
176 0.5332864563249937
177 0.5361781924624954
178 0.5344284169599927
179 0.5252944606413994
180 0.5367274629634033
181 0.5355104928082999
182 0.5348743192789708
183 0.5307502928030212
184 0.5378735232800556
185 0.5322103732428503
186 0.5353306395979107
187 0.5364315393747526
188 0.5335476795772892
189 0.5385015222395485
190 0.5325239808153477
191 0.5326643301984317
192 0.5342358100742769
193 0.5341637010676157
194 0.535206611570248
195 0.535064736855493
196 0.5273142681111054
197 0.5336102817084253
198 0.5327056491575818
199 0.5335959038991729
200 0.5335703937837482
201 0.5335816923895689
202 0.5331567824947169
203 0.5271267183884579
204 0.5319195333369677
205 0.5336909696821913
206 0.5291450601362908
207 0.5292776709695138
208 0.5341457362631303
209 0.5262834306793729
210 0.5356889456506315
211 0.5321619166572045
212 0.5315076308657823
213 0.5306990014265335
214 0.5306069663179676
215 0.5327890061236811
216 0.5319509950534913
217 0.5304117325035296
218 0.5317994168422876
219 0.5304990757855823
220 0.5333294058735162
221 0.5327653028016922
222 0.5260899365259112
223 0.5310667875491085
224 0.5320194057004245
225 0.5328336469017418
226 0.5303610252013351
227 0.5292198799815356
228 0.5268579609112412
229 0.5297853701270259
230 0.5325734927752865
231 0.5289020918430499
232 0.5265820427671395
233 0.5295810276679842
234 0.532717720108263
235 0.5317513475584473
236 0.5294305515633484
237 0.5273700403820268
238 0.5302554472755528
239 0.5277570002276497
240 0.5288779970857067
241 0.5287737270262127
242 0.5319539462706491
243 0.5277777777777778
244 0.5335275980076576
245 0.532423896243532
246 0.5272368241862999
247 0.5291220920359994
248 0.5208110992529349
249 0.5296988577362409
250 0.5269634955752213
251 0.5320040507036352
252 0.5310180646968212
253 0.5316579406631763
254 0.5335401994282128
255 0.5298004129387475
256 0.527781617138908
257 0.5280167890870934
258 0.5257197290431838
259 0.5246860423394331
260 0.5309919590379693
261 0.5269495619569529
262 0.5236301119321092
263 0.5330807987937185
264 0.5307593778591034
265 0.5279961789991917
266 0.5317290683962265
267 0.5279388410828378
268 0.5272087423596963
269 0.5266187591707739
270 0.5250238595151746
271 0.5248872267417203
272 0.5331127102012545
273 0.529309411491764
274 0.5284662529391358
275 0.5325844396535421
276 0.5297025994456513
277 0.5246243739565943
278 0.5245731025710211
279 0.5262480499219969
280 0.5306569628673162
281 0.5305743569909108
282 0.5274142337179586
283 0.5228344599905675
284 0.523109495465985
285 0.5264341054152784
286 0.5292176816664017
287 0.5278250207649409
288 0.528049408131755
289 0.5249470698677745
290 0.5253894396115719
291 0.5287332898597978
292 0.525262076053443
293 0.5268692556098369
294 0.5324611207109355
295 0.5273725618751024
296 0.5252081693525001
297 0.5270878479746625
298 0.5269951071368314
299 0.5272285665587183
300 0.5261099411183221
301 0.5291195614936622
302 0.5257542781547391
303 0.5266530983414888
304 0.5270071094156407
305 0.5253522351713341
306 0.5295373355406465
307 0.5231090608408042
308 0.517449604830832
309 0.5265950332159258
310 0.519714234038705
311 0.531038221740309
312 0.5219290426100909
313 0.5248210888667452
314 0.5298314172763212
315 0.5274221374738944
316 0.5210545421544605
317 0.5239787675975075
318 0.5260949746426925
319 0.5227085431737021
320 0.526581224263175
321 0.5242877160205511
322 0.5207250178869545
323 0.528369308030325
324 0.5268609973500361
325 0.5273852010468713
326 0.5234780950564905
327 0.5279931503591305
328 0.5178390382851349
329 0.5293114370644706
330 0.5239570225534799
331 0.5270935960591133
332 0.5256391667874921
333 0.5234080101965782
334 0.5270064382955718
335 0.5278644672313866
336 0.5254002081578034
337 0.5270135566188198
338 0.5298705194220867
339 0.5260649389335716
340 0.5244625276270846
341 0.5238817285822593
342 0.5242230347349177
343 0.5254004576659039
344 0.5256617498484543
345 0.5234461849418899
346 0.5250292814584713
347 0.5280944833580449
348 0.5265216949497002
349 0.5188387893761581
350 0.522541195978858
351 0.5272774461458604
352 0.5202020202020202
353 0.5290154890727774
354 0.5241419739927521
355 0.5315000264928734
356 0.5214792678371312
357 0.5278497409326425
358 0.5299288179465056
359 0.5227101496071467
360 0.527249274427604
361 0.5281600677535465
362 0.517646427805192
363 0.5283622559652928
364 0.5250525861604013
365 0.5268553356235346
366 0.5275663837941418
367 0.5254876249795115
368 0.5306066877246487
369 0.5189242482335542
370 0.5215401785714285
371 0.5228282603865808
372 0.5253348214285715
373 0.5243391270329179
374 0.5239217006001459
375 0.5302058724265947
376 0.5221624681573733
377 0.5253028416166647
378 0.5262504233939257
379 0.5254141459829254
380 0.5249551368326604
381 0.5223506634018564
382 0.5204967515667223
383 0.5207604385351061
384 0.5178761061946903
385 0.5266307245689911
386 0.5243382224040203
387 0.5245986535473848
388 0.5210176991150443
389 0.5242935197696963
390 0.5177087630384819
391 0.5258062600225694
392 0.5235595848741501
393 0.5208583794181294
394 0.5234042553191489
395 0.5285991417318205
396 0.5209845935895165
397 0.5199713842852033
398 0.5214589665653495
399 0.5258699494180024
400 0.5256071170954556
401 0.5233028177386756
402 0.520246426221664
403 0.5171299683004146
404 0.5201841139516079
405 0.528159425671494
406 0.5300643579528042
407 0.5224172732277204
408 0.5184777961028648
409 0.5184957222871914
410 0.5169118103394774
411 0.5197757707879166
412 0.523180879684665
413 0.5230564024390244
414 0.5227880330999364
415 0.5258474841782067
416 0.5150632911392405
417 0.5223736659380224
418 0.5285016802992835
419 0.5255022216659365
420 0.5197270471464019
421 0.5150761777267802
422 0.5195628273944254
423 0.5232483256053581
424 0.5193063881905499
425 0.5209741170470483
426 0.5161000641436818
427 0.5222780350968752
428 0.5258173326414115
429 0.5132409395536469
430 0.5207886004294359
431 0.5144467011727708
432 0.5209746460322687
433 0.5244968220338984
434 0.5197773802424965
435 0.5244107178832852
436 0.5233378561736771
437 0.5255979575382962
438 0.5286816504528682
439 0.5198049969530774
440 0.5168677162134533
441 0.5189882142118685
442 0.5248706450500172
443 0.5260476804998981
444 0.5121201775349948
445 0.5205708318830491
446 0.523463687150838
447 0.519277358621167
448 0.5167789850089396
449 0.517873382301504
450 0.5224069009046918
451 0.5195199435227674
452 0.5225709372312983
453 0.5210799884493214
454 0.5225523343644343
455 0.518246599006694
456 0.5275094798597696
457 0.524690916887015
458 0.5208466057903306
459 0.5127910319057201
460 0.523353724361281
461 0.5226432867183537
462 0.5286330935251798
463 0.5196128006934913
464 0.523009814612868
465 0.5252326934264107
466 0.5209275193233193
467 0.5301617368497742
468 0.521064781416823
469 0.5198016191379184
470 0.5240563627071622
471 0.5299861546309116
472 0.5184206663731102
473 0.5248933143669986
474 0.518687799483966
475 0.5159415971394518
476 0.5243231012896901
477 0.5183285563433399
478 0.5258152173913043
479 0.5225285810356423
480 0.5174877773599097
481 0.5261714285714286
482 0.5213668737687528
483 0.5207561728395061
484 0.5262757624153928
485 0.5132356326248754
486 0.5258653625735462
487 0.5219464204631451
488 0.5172936893203883
489 0.5267980902510396
490 0.5157959152451618
491 0.5123346995591989
492 0.5208185753640299
493 0.5175264287417535
494 0.5256087981146897
495 0.5240797666903129
496 0.520096027259351
497 0.5135411746181704
498 0.5240409720827476
