0 0.6065
1 0.5988
2 0.6094
3 0.5977
4 0.6132
5 0.6203
6 0.5919
7 0.6094
8 0.6087
9 0.6059
10 0.6156
11 0.611
12 0.6067
13 0.5962
14 0.5907
15 0.6121
16 0.6277
17 0.5979
18 0.5998
19 0.6052
20 0.6207
21 0.6061
22 0.6078
23 0.6092
24 0.6174
25 0.6026
26 0.614
27 0.6049
28 0.6098
29 0.6062
30 0.606
31 0.6008
32 0.6012
33 0.6105
34 0.6113
35 0.6118
36 0.614
37 0.5923
38 0.6056
39 0.6033
40 0.6198
41 0.6118
42 0.6085
43 0.6072
44 0.6193
45 0.6069
46 0.6042
47 0.6219
48 0.604
49 0.5876
50 0.5915
51 0.6018
52 0.6068
53 0.5998
54 0.5947
55 0.6163
56 0.6
57 0.61
58 0.611
59 0.6216
60 0.6064
61 0.6031
62 0.6028
63 0.6043
64 0.595
65 0.6122
66 0.6115
67 0.6171
68 0.5973
69 0.5879
70 0.5993
71 0.6053
72 0.6105
73 0.6198
74 0.6103
75 0.6109
76 0.6093
77 0.6145
78 0.6027
79 0.6037
80 0.6036
81 0.6154
82 0.6135
83 0.6127
84 0.608
85 0.6062
86 0.6119
87 0.622
88 0.6168
89 0.6111
90 0.603
91 0.6036
92 0.6034
93 0.6107
94 0.6179
95 0.5957
96 0.6123
97 0.6042
98 0.6032
99 0.6075
100 0.6033
101 0.5949
102 0.5964
103 0.6179
104 0.6147
105 0.6211
106 0.6147
107 0.6048
108 0.6212
109 0.5999
110 0.6057
