-3298 1
-3297 0
-3296 0
-3295 0
-3294 0
-3293 0
-3292 0
-3291 0
-3290 0
-3289 0
-3288 0
-3287 0
-3286 0
-3285 0
-3284 0
-3283 0
-3282 0
-3281 0
-3280 0
-3279 0
-3278 0
-3277 0
-3276 0
-3275 0
-3274 0
-3273 0
-3272 0
-3271 0
-3270 0
-3269 0
-3268 0
-3267 0
-3266 0
-3265 0
-3264 0
-3263 0
-3262 0
-3261 0
-3260 0
-3259 0
-3258 0
-3257 0
-3256 0
-3255 0
-3254 0
-3253 0
-3252 0
-3251 0
-3250 0
-3249 0
-3248 0
-3247 0
-3246 0
-3245 0
-3244 0
-3243 0
-3242 0
-3241 0
-3240 0
-3239 0
-3238 0
-3237 0
-3236 0
-3235 0
-3234 0
-3233 0
-3232 0
-3231 0
-3230 0
-3229 0
-3228 0
-3227 0
-3226 0
-3225 0
-3224 0
-3223 0
-3222 0
-3221 0
-3220 0
-3219 0
-3218 0
-3217 0
-3216 0
-3215 0
-3214 0
-3213 0
-3212 0
-3211 0
-3210 0
-3209 0
-3208 0
-3207 0
-3206 0
-3205 0
-3204 0
-3203 0
-3202 0
-3201 0
-3200 0
-3199 0
-3198 0
-3197 0
-3196 0
-3195 0
-3194 0
-3193 0
-3192 0
-3191 0
-3190 0
-3189 0
-3188 0
-3187 0
-3186 0
-3185 0
-3184 0
-3183 0
-3182 0
-3181 0
-3180 0
-3179 0
-3178 0
-3177 0
-3176 0
-3175 0
-3174 0
-3173 0
-3172 0
-3171 0
-3170 0
-3169 0
-3168 0
-3167 0
-3166 0
-3165 0
-3164 0
-3163 0
-3162 0
-3161 0
-3160 0
-3159 0
-3158 0
-3157 0
-3156 0
-3155 0
-3154 0
-3153 0
-3152 0
-3151 0
-3150 0
-3149 0
-3148 0
-3147 0
-3146 0
-3145 0
-3144 0
-3143 0
-3142 0
-3141 0
-3140 0
-3139 0
-3138 0
-3137 0
-3136 0
-3135 0
-3134 0
-3133 0
-3132 0
-3131 0
-3130 0
-3129 0
-3128 0
-3127 0
-3126 0
-3125 0
-3124 0
-3123 0
-3122 0
-3121 0
-3120 0
-3119 0
-3118 0
-3117 0
-3116 0
-3115 0
-3114 0
-3113 0
-3112 0
-3111 0
-3110 0
-3109 0
-3108 0
-3107 0
-3106 0
-3105 0
-3104 0
-3103 0
-3102 0
-3101 0
-3100 0
-3099 0
-3098 0
-3097 0
-3096 0
-3095 0
-3094 0
-3093 0
-3092 0
-3091 0
-3090 0
-3089 0
-3088 0
-3087 0
-3086 0
-3085 0
-3084 0
-3083 0
-3082 0
-3081 0
-3080 0
-3079 0
-3078 0
-3077 0
-3076 0
-3075 0
-3074 0
-3073 0
-3072 0
-3071 0
-3070 0
-3069 0
-3068 0
-3067 0
-3066 0
-3065 0
-3064 0
-3063 0
-3062 0
-3061 0
-3060 0
-3059 0
-3058 0
-3057 0
-3056 0
-3055 0
-3054 0
-3053 0
-3052 0
-3051 0
-3050 0
-3049 0
-3048 0
-3047 0
-3046 0
-3045 0
-3044 0
-3043 0
-3042 0
-3041 0
-3040 0
-3039 0
-3038 0
-3037 0
-3036 0
-3035 0
-3034 0
-3033 0
-3032 0
-3031 0
-3030 0
-3029 0
-3028 0
-3027 0
-3026 0
-3025 0
-3024 0
-3023 0
-3022 0
-3021 0
-3020 0
-3019 0
-3018 0
-3017 0
-3016 0
-3015 0
-3014 0
-3013 0
-3012 0
-3011 0
-3010 0
-3009 0
-3008 0
-3007 0
-3006 0
-3005 0
-3004 0
-3003 0
-3002 0
-3001 0
-3000 0
-2999 0
-2998 0
-2997 0
-2996 0
-2995 0
-2994 0
-2993 0
-2992 0
-2991 0
-2990 0
-2989 0
-2988 0
-2987 0
-2986 0
-2985 0
-2984 0
-2983 0
-2982 0
-2981 0
-2980 0
-2979 0
-2978 0
-2977 0
-2976 0
-2975 0
-2974 0
-2973 0
-2972 0
-2971 0
-2970 0
-2969 0
-2968 0
-2967 0
-2966 0
-2965 0
-2964 0
-2963 0
-2962 0
-2961 0
-2960 0
-2959 0
-2958 0
-2957 0
-2956 0
-2955 0
-2954 0
-2953 0
-2952 1
-2951 0
-2950 0
-2949 0
-2948 0
-2947 0
-2946 0
-2945 0
-2944 0
-2943 0
-2942 0
-2941 0
-2940 0
-2939 0
-2938 0
-2937 0
-2936 0
-2935 0
-2934 0
-2933 0
-2932 0
-2931 0
-2930 0
-2929 0
-2928 0
-2927 0
-2926 0
-2925 0
-2924 0
-2923 0
-2922 0
-2921 0
-2920 0
-2919 0
-2918 0
-2917 0
-2916 0
-2915 0
-2914 0
-2913 0
-2912 0
-2911 0
-2910 0
-2909 0
-2908 1
-2907 0
-2906 0
-2905 0
-2904 0
-2903 1
-2902 0
-2901 0
-2900 0
-2899 0
-2898 0
-2897 0
-2896 0
-2895 0
-2894 1
-2893 0
-2892 0
-2891 0
-2890 0
-2889 1
-2888 0
-2887 0
-2886 0
-2885 1
-2884 0
-2883 0
-2882 1
-2881 3
-2880 0
-2879 0
-2878 0
-2877 0
-2876 0
-2875 0
-2874 0
-2873 0
-2872 0
-2871 0
-2870 0
-2869 0
-2868 1
-2867 1
-2866 2
-2865 0
-2864 0
-2863 1
-2862 1
-2861 1
-2860 1
-2859 1
-2858 0
-2857 0
-2856 0
-2855 0
-2854 1
-2853 1
-2852 0
-2851 0
-2850 0
-2849 0
-2848 0
-2847 0
-2846 1
-2845 0
-2844 0
-2843 0
-2842 3
-2841 0
-2840 2
-2839 1
-2838 0
-2837 0
-2836 5
-2835 2
-2834 1
-2833 1
-2832 0
-2831 2
-2830 0
-2829 1
-2828 1
-2827 2
-2826 1
-2825 0
-2824 1
-2823 3
-2822 0
-2821 2
-2820 0
-2819 2
-2818 0
-2817 1
-2816 1
-2815 0
-2814 3
-2813 1
-2812 1
-2811 1
-2810 3
-2809 3
-2808 3
-2807 3
-2806 1
-2805 1
-2804 1
-2803 1
-2802 4
-2801 2
-2800 2
-2799 1
-2798 2
-2797 2
-2796 2
-2795 3
-2794 4
-2793 2
-2792 5
-2791 3
-2790 2
-2789 2
-2788 0
-2787 0
-2786 1
-2785 5
-2784 4
-2783 2
-2782 1
-2781 1
-2780 2
-2779 3
-2778 2
-2777 3
-2776 3
-2775 5
-2774 7
-2773 1
-2772 2
-2771 2
-2770 2
-2769 8
-2768 3
-2767 5
-2766 4
-2765 2
-2764 4
-2763 1
-2762 3
-2761 5
-2760 4
-2759 7
-2758 3
-2757 3
-2756 6
-2755 5
-2754 3
-2753 3
-2752 6
-2751 2
-2750 4
-2749 5
-2748 3
-2747 3
-2746 3
-2745 5
-2744 5
-2743 6
-2742 3
-2741 5
-2740 4
-2739 6
-2738 5
-2737 3
-2736 4
-2735 4
-2734 4
-2733 2
-2732 3
-2731 2
-2730 3
-2729 4
-2728 6
-2727 8
-2726 4
-2725 8
-2724 2
-2723 8
-2722 6
-2721 6
-2720 5
-2719 9
-2718 7
-2717 5
-2716 7
-2715 3
-2714 4
-2713 8
-2712 3
-2711 6
-2710 3
-2709 4
-2708 11
-2707 9
-2706 5
-2705 7
-2704 3
-2703 7
-2702 6
-2701 8
-2700 8
-2699 7
-2698 5
-2697 10
-2696 3
-2695 8
-2694 9
-2693 10
-2692 12
-2691 13
-2690 8
-2689 5
-2688 8
-2687 11
-2686 9
-2685 9
-2684 10
-2683 11
-2682 12
-2681 10
-2680 9
-2679 4
-2678 5
-2677 14
-2676 6
-2675 14
-2674 6
-2673 10
-2672 11
-2671 7
-2670 7
-2669 9
-2668 13
-2667 8
-2666 9
-2665 11
-2664 7
-2663 10
-2662 7
-2661 6
-2660 9
-2659 11
-2658 13
-2657 15
-2656 7
-2655 16
-2654 13
-2653 8
-2652 9
-2651 12
-2650 17
-2649 9
-2648 6
-2647 10
-2646 11
-2645 19
-2644 8
-2643 5
-2642 10
-2641 14
-2640 14
-2639 10
-2638 9
-2637 10
-2636 10
-2635 21
-2634 7
-2633 12
-2632 10
-2631 11
-2630 18
-2629 18
-2628 9
-2627 10
-2626 19
-2625 11
-2624 13
-2623 10
-2622 20
-2621 16
-2620 12
-2619 17
-2618 10
-2617 14
-2616 12
-2615 19
-2614 20
-2613 11
-2612 8
-2611 10
-2610 7
-2609 11
-2608 11
-2607 13
-2606 13
-2605 13
-2604 15
-2603 17
-2602 12
-2601 9
-2600 12
-2599 17
-2598 18
-2597 9
-2596 12
-2595 14
-2594 13
-2593 6
-2592 18
-2591 16
-2590 11
-2589 13
-2588 16
-2587 16
-2586 14
-2585 17
-2584 20
-2583 13
-2582 18
-2581 7
-2580 13
-2579 13
-2578 13
-2577 23
-2576 17
-2575 16
-2574 19
-2573 19
-2572 11
-2571 20
-2570 12
-2569 28
-2568 20
-2567 11
-2566 18
-2565 25
-2564 23
-2563 19
-2562 16
-2561 20
-2560 13
-2559 21
-2558 15
-2557 16
-2556 15
-2555 12
-2554 18
-2553 18
-2552 17
-2551 19
-2550 21
-2549 22
-2548 19
-2547 19
-2546 20
-2545 13
-2544 18
-2543 23
-2542 10
-2541 19
-2540 20
-2539 16
-2538 15
-2537 19
-2536 12
-2535 18
-2534 23
-2533 19
-2532 20
-2531 12
-2530 17
-2529 20
-2528 18
-2527 21
-2526 16
-2525 20
-2524 25
-2523 21
-2522 17
-2521 20
-2520 27
-2519 13
-2518 22
-2517 8
-2516 19
-2515 20
-2514 19
-2513 24
-2512 23
-2511 14
-2510 22
-2509 24
-2508 21
-2507 20
-2506 20
-2505 16
-2504 21
-2503 18
-2502 24
-2501 19
-2500 7
-2499 14
-2498 21
-2497 24
-2496 18
-2495 20
-2494 20
-2493 22
-2492 26
-2491 24
-2490 19
-2489 21
-2488 20
-2487 18
-2486 33
-2485 14
-2484 21
-2483 21
-2482 21
-2481 23
-2480 18
-2479 23
-2478 13
-2477 25
-2476 20
-2475 13
-2474 19
-2473 18
-2472 25
-2471 30
-2470 33
-2469 16
-2468 21
-2467 22
-2466 21
-2465 20
-2464 18
-2463 29
-2462 30
-2461 25
-2460 18
-2459 19
-2458 21
-2457 22
-2456 21
-2455 22
-2454 15
-2453 21
-2452 22
-2451 25
-2450 28
-2449 19
-2448 35
-2447 25
-2446 22
-2445 25
-2444 25
-2443 12
-2442 25
-2441 23
-2440 23
-2439 20
-2438 26
-2437 21
-2436 20
-2435 22
-2434 19
-2433 13
-2432 31
-2431 23
-2430 26
-2429 16
-2428 27
-2427 19
-2426 21
-2425 26
-2424 20
-2423 23
-2422 26
-2421 24
-2420 17
-2419 20
-2418 27
-2417 17
-2416 20
-2415 34
-2414 29
-2413 28
-2412 24
-2411 23
-2410 21
-2409 24
-2408 25
-2407 23
-2406 28
-2405 31
-2404 14
-2403 23
-2402 25
-2401 19
-2400 29
-2399 35
-2398 22
-2397 25
-2396 23
-2395 30
-2394 26
-2393 29
-2392 29
-2391 35
-2390 21
-2389 32
-2388 31
-2387 23
-2386 24
-2385 28
-2384 27
-2383 22
-2382 28
-2381 13
-2380 25
-2379 25
-2378 24
-2377 18
-2376 21
-2375 26
-2374 36
-2373 21
-2372 20
-2371 25
-2370 25
-2369 23
-2368 33
-2367 32
-2366 27
-2365 25
-2364 19
-2363 16
-2362 26
-2361 26
-2360 28
-2359 21
-2358 25
-2357 25
-2356 27
-2355 32
-2354 26
-2353 17
-2352 35
-2351 24
-2350 24
-2349 35
-2348 27
-2347 29
-2346 27
-2345 22
-2344 20
-2343 29
-2342 33
-2341 23
-2340 30
-2339 24
-2338 28
-2337 20
-2336 21
-2335 25
-2334 24
-2333 38
-2332 26
-2331 25
-2330 20
-2329 23
-2328 25
-2327 28
-2326 28
-2325 29
-2324 29
-2323 29
-2322 18
-2321 27
-2320 31
-2319 20
-2318 30
-2317 31
-2316 35
-2315 30
-2314 21
-2313 26
-2312 28
-2311 18
-2310 37
-2309 19
-2308 26
-2307 25
-2306 31
-2305 23
-2304 27
-2303 20
-2302 31
-2301 33
-2300 36
-2299 23
-2298 19
-2297 27
-2296 23
-2295 19
-2294 28
-2293 30
-2292 33
-2291 27
-2290 31
-2289 29
-2288 40
-2287 25
-2286 22
-2285 23
-2284 25
-2283 27
-2282 22
-2281 22
-2280 28
-2279 26
-2278 26
-2277 30
-2276 30
-2275 23
-2274 36
-2273 32
-2272 23
-2271 33
-2270 34
-2269 24
-2268 28
-2267 28
-2266 22
-2265 22
-2264 40
-2263 30
-2262 33
-2261 32
-2260 28
-2259 35
-2258 30
-2257 33
-2256 28
-2255 30
-2254 32
-2253 30
-2252 29
-2251 28
-2250 26
-2249 26
-2248 26
-2247 35
-2246 25
-2245 31
-2244 30
-2243 30
-2242 35
-2241 31
-2240 20
-2239 30
-2238 32
-2237 35
-2236 34
-2235 33
-2234 29
-2233 29
-2232 28
-2231 33
-2230 31
-2229 33
-2228 35
-2227 25
-2226 33
-2225 28
-2224 35
-2223 32
-2222 32
-2221 33
-2220 15
-2219 25
-2218 24
-2217 29
-2216 27
-2215 29
-2214 24
-2213 35
-2212 23
-2211 23
-2210 25
-2209 25
-2208 34
-2207 33
-2206 35
-2205 31
-2204 27
-2203 27
-2202 24
-2201 41
-2200 30
-2199 23
-2198 29
-2197 32
-2196 38
-2195 34
-2194 35
-2193 34
-2192 35
-2191 28
-2190 36
-2189 31
-2188 29
-2187 29
-2186 33
-2185 29
-2184 28
-2183 22
-2182 38
-2181 27
-2180 32
-2179 39
-2178 22
-2177 27
-2176 32
-2175 33
-2174 26
-2173 34
-2172 29
-2171 34
-2170 32
-2169 25
-2168 42
-2167 30
-2166 26
-2165 44
-2164 33
-2163 40
-2162 21
-2161 29
-2160 33
-2159 30
-2158 24
-2157 31
-2156 35
-2155 27
-2154 26
-2153 27
-2152 34
-2151 18
-2150 27
-2149 28
-2148 35
-2147 36
-2146 34
-2145 36
-2144 33
-2143 33
-2142 23
-2141 34
-2140 22
-2139 28
-2138 46
-2137 40
-2136 33
-2135 23
-2134 37
-2133 30
-2132 38
-2131 40
-2130 33
-2129 36
-2128 28
-2127 33
-2126 27
-2125 36
-2124 37
-2123 26
-2122 29
-2121 50
-2120 39
-2119 34
-2118 41
-2117 33
-2116 31
-2115 38
-2114 40
-2113 26
-2112 29
-2111 18
-2110 31
-2109 37
-2108 31
-2107 29
-2106 38
-2105 33
-2104 41
-2103 31
-2102 35
-2101 27
-2100 33
-2099 34
-2098 29
-2097 32
-2096 35
-2095 31
-2094 36
-2093 33
-2092 30
-2091 42
-2090 35
-2089 43
-2088 36
-2087 27
-2086 41
-2085 35
-2084 29
-2083 40
-2082 33
-2081 37
-2080 28
-2079 33
-2078 29
-2077 40
-2076 35
-2075 36
-2074 31
-2073 41
-2072 29
-2071 28
-2070 30
-2069 31
-2068 35
-2067 41
-2066 41
-2065 28
-2064 39
-2063 30
-2062 32
-2061 33
-2060 41
-2059 39
-2058 27
-2057 41
-2056 42
-2055 34
-2054 32
-2053 25
-2052 29
-2051 34
-2050 28
-2049 34
-2048 44
-2047 25
-2046 25
-2045 38
-2044 27
-2043 33
-2042 38
-2041 45
-2040 37
-2039 37
-2038 35
-2037 37
-2036 38
-2035 38
-2034 32
-2033 41
-2032 37
-2031 37
-2030 38
-2029 34
-2028 36
-2027 35
-2026 40
-2025 30
-2024 32
-2023 30
-2022 28
-2021 31
-2020 38
-2019 31
-2018 33
-2017 38
-2016 34
-2015 34
-2014 43
-2013 36
-2012 29
-2011 38
-2010 37
-2009 30
-2008 46
-2007 44
-2006 30
-2005 32
-2004 50
-2003 45
-2002 33
-2001 45
-2000 37
-1999 33
-1998 29
-1997 40
-1996 48
-1995 41
-1994 28
-1993 37
-1992 41
-1991 24
-1990 30
-1989 36
-1988 26
-1987 33
-1986 28
-1985 41
-1984 41
-1983 34
-1982 33
-1981 36
-1980 49
-1979 49
-1978 50
-1977 32
-1976 42
-1975 25
-1974 36
-1973 34
-1972 43
-1971 33
-1970 24
-1969 31
-1968 22
-1967 31
-1966 41
-1965 46
-1964 35
-1963 37
-1962 43
-1961 39
-1960 45
-1959 27
-1958 34
-1957 32
-1956 34
-1955 39
-1954 33
-1953 39
-1952 38
-1951 31
-1950 30
-1949 25
-1948 42
-1947 40
-1946 43
-1945 40
-1944 38
-1943 41
-1942 39
-1941 40
-1940 36
-1939 43
-1938 39
-1937 39
-1936 47
-1935 41
-1934 38
-1933 36
-1932 40
-1931 44
-1930 33
-1929 42
-1928 30
-1927 39
-1926 32
-1925 43
-1924 37
-1923 32
-1922 36
-1921 46
-1920 39
-1919 28
-1918 37
-1917 34
-1916 38
-1915 29
-1914 35
-1913 37
-1912 38
-1911 34
-1910 36
-1909 39
-1908 41
-1907 28
-1906 35
-1905 35
-1904 35
-1903 37
-1902 39
-1901 48
-1900 38
-1899 41
-1898 40
-1897 48
-1896 33
-1895 35
-1894 45
-1893 36
-1892 40
-1891 36
-1890 46
-1889 28
-1888 32
-1887 42
-1886 30
-1885 31
-1884 42
-1883 42
-1882 39
-1881 31
-1880 41
-1879 31
-1878 47
-1877 52
-1876 33
-1875 48
-1874 34
-1873 33
-1872 44
-1871 39
-1870 43
-1869 46
-1868 36
-1867 37
-1866 44
-1865 36
-1864 48
-1863 28
-1862 36
-1861 50
-1860 52
-1859 39
-1858 40
-1857 33
-1856 42
-1855 52
-1854 34
-1853 30
-1852 40
-1851 42
-1850 33
-1849 36
-1848 48
-1847 33
-1846 42
-1845 31
-1844 37
-1843 42
-1842 43
-1841 32
-1840 43
-1839 44
-1838 41
-1837 38
-1836 32
-1835 50
-1834 49
-1833 50
-1832 36
-1831 37
-1830 35
-1829 37
-1828 35
-1827 29
-1826 34
-1825 44
-1824 33
-1823 40
-1822 29
-1821 40
-1820 42
-1819 52
-1818 38
-1817 34
-1816 36
-1815 40
-1814 34
-1813 35
-1812 43
-1811 43
-1810 45
-1809 31
-1808 50
-1807 41
-1806 44
-1805 38
-1804 37
-1803 44
-1802 41
-1801 48
-1800 33
-1799 35
-1798 42
-1797 37
-1796 45
-1795 41
-1794 39
-1793 54
-1792 38
-1791 34
-1790 47
-1789 35
-1788 32
-1787 37
-1786 43
-1785 39
-1784 47
-1783 42
-1782 47
-1781 46
-1780 39
-1779 49
-1778 44
-1777 41
-1776 61
-1775 38
-1774 46
-1773 26
-1772 50
-1771 52
-1770 46
-1769 50
-1768 34
-1767 56
-1766 47
-1765 44
-1764 44
-1763 29
-1762 37
-1761 42
-1760 43
-1759 49
-1758 38
-1757 36
-1756 54
-1755 46
-1754 44
-1753 28
-1752 44
-1751 33
-1750 43
-1749 38
-1748 46
-1747 42
-1746 48
-1745 54
-1744 45
-1743 47
-1742 37
-1741 35
-1740 42
-1739 50
-1738 47
-1737 50
-1736 42
-1735 59
-1734 48
-1733 39
-1732 39
-1731 50
-1730 55
-1729 33
-1728 43
-1727 41
-1726 46
-1725 41
-1724 34
-1723 50
-1722 38
-1721 41
-1720 47
-1719 44
-1718 45
-1717 45
-1716 54
-1715 44
-1714 47
-1713 52
-1712 38
-1711 47
-1710 47
-1709 44
-1708 39
-1707 39
-1706 37
-1705 36
-1704 49
-1703 48
-1702 43
-1701 44
-1700 53
-1699 47
-1698 54
-1697 46
-1696 47
-1695 38
-1694 41
-1693 50
-1692 45
-1691 37
-1690 52
-1689 50
-1688 45
-1687 47
-1686 50
-1685 52
-1684 46
-1683 44
-1682 43
-1681 49
-1680 44
-1679 47
-1678 32
-1677 37
-1676 38
-1675 47
-1674 38
-1673 47
-1672 42
-1671 56
-1670 46
-1669 51
-1668 50
-1667 39
-1666 46
-1665 45
-1664 37
-1663 56
-1662 50
-1661 51
-1660 42
-1659 42
-1658 33
-1657 68
-1656 52
-1655 49
-1654 44
-1653 55
-1652 50
-1651 60
-1650 53
-1649 43
-1648 53
-1647 61
-1646 46
-1645 61
-1644 43
-1643 53
-1642 45
-1641 53
-1640 47
-1639 58
-1638 42
-1637 38
-1636 44
-1635 42
-1634 46
-1633 48
-1632 41
-1631 61
-1630 40
-1629 44
-1628 54
-1627 44
-1626 51
-1625 52
-1624 43
-1623 49
-1622 49
-1621 56
-1620 39
-1619 52
-1618 39
-1617 40
-1616 47
-1615 59
-1614 45
-1613 55
-1612 52
-1611 54
-1610 42
-1609 48
-1608 54
-1607 48
-1606 59
-1605 50
-1604 45
-1603 59
-1602 48
-1601 46
-1600 52
-1599 59
-1598 52
-1597 46
-1596 55
-1595 60
-1594 56
-1593 42
-1592 58
-1591 58
-1590 55
-1589 32
-1588 52
-1587 57
-1586 47
-1585 54
-1584 54
-1583 51
-1582 59
-1581 46
-1580 56
-1579 47
-1578 56
-1577 48
-1576 54
-1575 33
-1574 45
-1573 49
-1572 52
-1571 55
-1570 59
-1569 52
-1568 54
-1567 75
-1566 48
-1565 69
-1564 56
-1563 57
-1562 55
-1561 57
-1560 58
-1559 46
-1558 50
-1557 63
-1556 58
-1555 51
-1554 56
-1553 55
-1552 53
-1551 56
-1550 52
-1549 52
-1548 59
-1547 53
-1546 57
-1545 56
-1544 61
-1543 54
-1542 55
-1541 55
-1540 47
-1539 50
-1538 69
-1537 55
-1536 64
-1535 57
-1534 61
-1533 47
-1532 56
-1531 54
-1530 64
-1529 50
-1528 62
-1527 55
-1526 67
-1525 52
-1524 46
-1523 56
-1522 51
-1521 57
-1520 54
-1519 47
-1518 70
-1517 76
-1516 57
-1515 59
-1514 78
-1513 57
-1512 48
-1511 73
-1510 61
-1509 48
-1508 60
-1507 59
-1506 53
-1505 54
-1504 63
-1503 65
-1502 57
-1501 51
-1500 55
-1499 59
-1498 61
-1497 61
-1496 62
-1495 55
-1494 61
-1493 61
-1492 47
-1491 49
-1490 53
-1489 58
-1488 68
-1487 55
-1486 56
-1485 61
-1484 71
-1483 47
-1482 47
-1481 62
-1480 60
-1479 57
-1478 54
-1477 61
-1476 68
-1475 47
-1474 63
-1473 48
-1472 65
-1471 50
-1470 47
-1469 49
-1468 59
-1467 54
-1466 69
-1465 65
-1464 54
-1463 53
-1462 53
-1461 65
-1460 59
-1459 54
-1458 72
-1457 70
-1456 65
-1455 66
-1454 61
-1453 48
-1452 72
-1451 55
-1450 63
-1449 71
-1448 51
-1447 52
-1446 54
-1445 59
-1444 55
-1443 64
-1442 71
-1441 52
-1440 57
-1439 59
-1438 60
-1437 59
-1436 62
-1435 50
-1434 57
-1433 59
-1432 64
-1431 60
-1430 62
-1429 72
-1428 60
-1427 67
-1426 59
-1425 70
-1424 67
-1423 55
-1422 56
-1421 47
-1420 68
-1419 69
-1418 64
-1417 55
-1416 71
-1415 74
-1414 63
-1413 65
-1412 65
-1411 59
-1410 65
-1409 65
-1408 70
-1407 72
-1406 72
-1405 59
-1404 63
-1403 57
-1402 73
-1401 64
-1400 66
-1399 66
-1398 58
-1397 43
-1396 66
-1395 76
-1394 76
-1393 58
-1392 58
-1391 66
-1390 54
-1389 52
-1388 80
-1387 62
-1386 60
-1385 78
-1384 68
-1383 66
-1382 61
-1381 61
-1380 69
-1379 75
-1378 57
-1377 80
-1376 61
-1375 64
-1374 71
-1373 72
-1372 63
-1371 54
-1370 88
-1369 70
-1368 66
-1367 50
-1366 69
-1365 68
-1364 71
-1363 55
-1362 62
-1361 69
-1360 59
-1359 71
-1358 62
-1357 55
-1356 74
-1355 78
-1354 93
-1353 70
-1352 76
-1351 79
-1350 77
-1349 76
-1348 69
-1347 68
-1346 64
-1345 62
-1344 67
-1343 72
-1342 82
-1341 69
-1340 54
-1339 68
-1338 72
-1337 69
-1336 73
-1335 89
-1334 77
-1333 64
-1332 83
-1331 73
-1330 50
-1329 76
-1328 80
-1327 77
-1326 57
-1325 70
-1324 80
-1323 71
-1322 84
-1321 60
-1320 71
-1319 81
-1318 59
-1317 81
-1316 77
-1315 65
-1314 86
-1313 81
-1312 85
-1311 74
-1310 65
-1309 64
-1308 80
-1307 73
-1306 65
-1305 89
-1304 71
-1303 68
-1302 68
-1301 62
-1300 77
-1299 65
-1298 85
-1297 81
-1296 67
-1295 70
-1294 81
-1293 72
-1292 75
-1291 82
-1290 76
-1289 60
-1288 71
-1287 68
-1286 90
-1285 70
-1284 72
-1283 58
-1282 91
-1281 79
-1280 67
-1279 90
-1278 93
-1277 70
-1276 88
-1275 70
-1274 76
-1273 56
-1272 81
-1271 67
-1270 90
-1269 77
-1268 73
-1267 79
-1266 76
-1265 67
-1264 88
-1263 73
-1262 76
-1261 89
-1260 91
-1259 75
-1258 78
-1257 81
-1256 86
-1255 69
-1254 101
-1253 77
-1252 68
-1251 87
-1250 64
-1249 70
-1248 71
-1247 79
-1246 87
-1245 59
-1244 93
-1243 90
-1242 94
-1241 84
-1240 78
-1239 87
-1238 79
-1237 82
-1236 73
-1235 87
-1234 85
-1233 74
-1232 77
-1231 73
-1230 86
-1229 86
-1228 87
-1227 87
-1226 72
-1225 80
-1224 93
-1223 89
-1222 90
-1221 94
-1220 90
-1219 78
-1218 71
-1217 96
-1216 82
-1215 82
-1214 85
-1213 87
-1212 98
-1211 105
-1210 87
-1209 90
-1208 77
-1207 95
-1206 81
-1205 91
-1204 86
-1203 103
-1202 77
-1201 86
-1200 97
-1199 84
-1198 83
-1197 74
-1196 79
-1195 82
-1194 71
-1193 106
-1192 80
-1191 96
-1190 86
-1189 79
-1188 107
-1187 94
-1186 93
-1185 94
-1184 102
-1183 91
-1182 94
-1181 89
-1180 101
-1179 88
-1178 88
-1177 115
-1176 108
-1175 96
-1174 96
-1173 96
-1172 85
-1171 97
-1170 92
-1169 90
-1168 91
-1167 90
-1166 101
-1165 104
-1164 82
-1163 90
-1162 118
-1161 87
-1160 100
-1159 111
-1158 114
-1157 90
-1156 89
-1155 113
-1154 81
-1153 96
-1152 100
-1151 108
-1150 92
-1149 91
-1148 99
-1147 106
-1146 88
-1145 93
-1144 94
-1143 107
-1142 111
-1141 99
-1140 94
-1139 98
-1138 103
-1137 92
-1136 109
-1135 92
-1134 98
-1133 104
-1132 111
-1131 110
-1130 87
-1129 116
-1128 107
-1127 113
-1126 87
-1125 107
-1124 119
-1123 104
-1122 105
-1121 86
-1120 103
-1119 106
-1118 93
-1117 98
-1116 114
-1115 105
-1114 92
-1113 84
-1112 100
-1111 98
-1110 108
-1109 100
-1108 119
-1107 96
-1106 100
-1105 82
-1104 111
-1103 105
-1102 104
-1101 105
-1100 106
-1099 77
-1098 102
-1097 115
-1096 120
-1095 110
-1094 121
-1093 104
-1092 105
-1091 116
-1090 106
-1089 98
-1088 98
-1087 104
-1086 119
-1085 117
-1084 96
-1083 119
-1082 101
-1081 119
-1080 112
-1079 111
-1078 101
-1077 114
-1076 108
-1075 109
-1074 104
-1073 117
-1072 108
-1071 117
-1070 108
-1069 99
-1068 114
-1067 110
-1066 93
-1065 136
-1064 119
-1063 119
-1062 127
-1061 112
-1060 107
-1059 134
-1058 115
-1057 134
-1056 116
-1055 100
-1054 120
-1053 117
-1052 113
-1051 123
-1050 129
-1049 115
-1048 105
-1047 119
-1046 109
-1045 114
-1044 130
-1043 98
-1042 109
-1041 98
-1040 121
-1039 93
-1038 114
-1037 135
-1036 126
-1035 132
-1034 112
-1033 108
-1032 131
-1031 117
-1030 121
-1029 99
-1028 118
-1027 127
-1026 105
-1025 111
-1024 126
-1023 142
-1022 115
-1021 119
-1020 118
-1019 120
-1018 129
-1017 134
-1016 122
-1015 134
-1014 129
-1013 132
-1012 130
-1011 125
-1010 111
-1009 120
-1008 131
-1007 127
-1006 128
-1005 110
-1004 102
-1003 145
-1002 153
-1001 131
-1000 121
-999 134
-998 110
-997 130
-996 122
-995 123
-994 129
-993 115
-992 120
-991 122
-990 131
-989 136
-988 135
-987 106
-986 121
-985 156
-984 134
-983 158
-982 139
-981 137
-980 136
-979 127
-978 155
-977 125
-976 143
-975 144
-974 146
-973 122
-972 138
-971 142
-970 128
-969 142
-968 150
-967 128
-966 130
-965 150
-964 137
-963 157
-962 150
-961 126
-960 151
-959 122
-958 143
-957 154
-956 148
-955 138
-954 146
-953 151
-952 132
-951 141
-950 128
-949 154
-948 142
-947 143
-946 131
-945 131
-944 143
-943 134
-942 147
-941 141
-940 141
-939 140
-938 142
-937 140
-936 144
-935 152
-934 141
-933 138
-932 147
-931 146
-930 156
-929 154
-928 144
-927 134
-926 151
-925 147
-924 135
-923 160
-922 138
-921 149
-920 131
-919 153
-918 146
-917 148
-916 139
-915 166
-914 151
-913 149
-912 146
-911 148
-910 124
-909 160
-908 156
-907 155
-906 154
-905 141
-904 151
-903 148
-902 165
-901 156
-900 162
-899 189
-898 175
-897 169
-896 152
-895 183
-894 176
-893 172
-892 157
-891 139
-890 166
-889 148
-888 161
-887 155
-886 167
-885 151
-884 175
-883 168
-882 186
-881 147
-880 166
-879 183
-878 169
-877 172
-876 168
-875 171
-874 158
-873 173
-872 168
-871 172
-870 180
-869 190
-868 160
-867 169
-866 193
-865 172
-864 165
-863 171
-862 175
-861 185
-860 150
-859 171
-858 194
-857 157
-856 171
-855 170
-854 152
-853 176
-852 170
-851 169
-850 188
-849 182
-848 168
-847 178
-846 192
-845 180
-844 167
-843 173
-842 200
-841 167
-840 188
-839 170
-838 196
-837 187
-836 175
-835 191
-834 179
-833 210
-832 177
-831 176
-830 180
-829 199
-828 193
-827 188
-826 185
-825 164
-824 191
-823 169
-822 193
-821 193
-820 208
-819 202
-818 204
-817 197
-816 181
-815 185
-814 210
-813 220
-812 175
-811 210
-810 195
-809 204
-808 171
-807 179
-806 207
-805 190
-804 181
-803 194
-802 188
-801 234
-800 179
-799 191
-798 201
-797 194
-796 192
-795 220
-794 197
-793 209
-792 208
-791 178
-790 193
-789 217
-788 195
-787 230
-786 202
-785 188
-784 202
-783 221
-782 208
-781 187
-780 195
-779 213
-778 223
-777 176
-776 205
-775 192
-774 203
-773 208
-772 200
-771 195
-770 224
-769 215
-768 248
-767 220
-766 229
-765 195
-764 243
-763 216
-762 215
-761 209
-760 188
-759 196
-758 207
-757 228
-756 242
-755 201
-754 239
-753 228
-752 213
-751 222
-750 240
-749 243
-748 234
-747 218
-746 218
-745 215
-744 230
-743 222
-742 233
-741 225
-740 247
-739 235
-738 222
-737 239
-736 208
-735 247
-734 244
-733 232
-732 246
-731 234
-730 225
-729 245
-728 246
-727 239
-726 224
-725 241
-724 244
-723 251
-722 229
-721 231
-720 264
-719 226
-718 236
-717 269
-716 222
-715 272
-714 248
-713 250
-712 259
-711 242
-710 273
-709 251
-708 274
-707 248
-706 265
-705 247
-704 259
-703 233
-702 246
-701 253
-700 255
-699 244
-698 258
-697 290
-696 271
-695 248
-694 263
-693 232
-692 272
-691 250
-690 235
-689 271
-688 250
-687 281
-686 263
-685 265
-684 249
-683 289
-682 270
-681 264
-680 269
-679 256
-678 280
-677 304
-676 262
-675 280
-674 270
-673 241
-672 290
-671 302
-670 276
-669 277
-668 281
-667 285
-666 288
-665 291
-664 323
-663 284
-662 301
-661 300
-660 246
-659 288
-658 287
-657 277
-656 276
-655 283
-654 274
-653 255
-652 273
-651 290
-650 308
-649 294
-648 321
-647 264
-646 313
-645 308
-644 298
-643 286
-642 297
-641 324
-640 314
-639 303
-638 283
-637 317
-636 300
-635 277
-634 292
-633 310
-632 291
-631 344
-630 315
-629 303
-628 308
-627 296
-626 321
-625 319
-624 299
-623 295
-622 299
-621 333
-620 308
-619 316
-618 310
-617 329
-616 325
-615 304
-614 340
-613 309
-612 358
-611 315
-610 316
-609 308
-608 339
-607 349
-606 350
-605 334
-604 369
-603 334
-602 389
-601 359
-600 329
-599 333
-598 362
-597 350
-596 329
-595 366
-594 338
-593 330
-592 388
-591 340
-590 357
-589 346
-588 327
-587 305
-586 350
-585 354
-584 377
-583 358
-582 347
-581 331
-580 360
-579 333
-578 363
-577 341
-576 380
-575 357
-574 378
-573 382
-572 374
-571 377
-570 379
-569 372
-568 386
-567 395
-566 365
-565 403
-564 348
-563 335
-562 390
-561 348
-560 382
-559 386
-558 377
-557 392
-556 432
-555 366
-554 385
-553 386
-552 391
-551 384
-550 361
-549 384
-548 374
-547 416
-546 419
-545 370
-544 392
-543 414
-542 404
-541 431
-540 395
-539 395
-538 397
-537 418
-536 424
-535 407
-534 439
-533 399
-532 422
-531 437
-530 431
-529 379
-528 426
-527 432
-526 460
-525 441
-524 430
-523 426
-522 434
-521 456
-520 437
-519 408
-518 471
-517 452
-516 437
-515 448
-514 447
-513 489
-512 449
-511 465
-510 409
-509 428
-508 401
-507 442
-506 476
-505 455
-504 493
-503 523
-502 509
-501 492
-500 452
-499 480
-498 491
-497 467
-496 496
-495 413
-494 455
-493 480
-492 475
-491 511
-490 481
-489 464
-488 484
-487 486
-486 450
-485 503
-484 489
-483 521
-482 517
-481 475
-480 508
-479 509
-478 481
-477 546
-476 489
-475 566
-474 538
-473 495
-472 528
-471 531
-470 517
-469 495
-468 526
-467 504
-466 553
-465 541
-464 536
-463 564
-462 522
-461 568
-460 549
-459 537
-458 546
-457 557
-456 538
-455 548
-454 519
-453 588
-452 549
-451 566
-450 575
-449 586
-448 585
-447 547
-446 547
-445 547
-444 600
-443 598
-442 546
-441 576
-440 579
-439 550
-438 598
-437 618
-436 613
-435 616
-434 632
-433 633
-432 609
-431 649
-430 619
-429 610
-428 571
-427 594
-426 651
-425 684
-424 666
-423 626
-422 610
-421 628
-420 679
-419 651
-418 680
-417 665
-416 623
-415 673
-414 707
-413 625
-412 695
-411 620
-410 640
-409 647
-408 686
-407 651
-406 644
-405 709
-404 684
-403 699
-402 692
-401 740
-400 707
-399 710
-398 739
-397 754
-396 694
-395 752
-394 710
-393 710
-392 738
-391 738
-390 719
-389 708
-388 739
-387 746
-386 750
-385 707
-384 792
-383 741
-382 787
-381 743
-380 768
-379 775
-378 767
-377 830
-376 771
-375 792
-374 792
-373 770
-372 819
-371 828
-370 835
-369 773
-368 800
-367 806
-366 787
-365 847
-364 858
-363 824
-362 832
-361 820
-360 824
-359 890
-358 859
-357 820
-356 859
-355 884
-354 891
-353 860
-352 848
-351 868
-350 887
-349 905
-348 901
-347 920
-346 887
-345 935
-344 886
-343 888
-342 879
-341 915
-340 962
-339 993
-338 942
-337 988
-336 955
-335 983
-334 1003
-333 1005
-332 937
-331 956
-330 1000
-329 1023
-328 1000
-327 994
-326 1052
-325 984
-324 973
-323 1031
-322 1052
-321 1026
-320 1090
-319 1119
-318 1040
-317 1091
-316 1071
-315 1078
-314 1166
-313 1037
-312 1069
-311 1093
-310 1075
-309 1118
-308 1130
-307 1128
-306 1160
-305 1140
-304 1187
-303 1176
-302 1213
-301 1208
-300 1188
-299 1200
-298 1205
-297 1261
-296 1236
-295 1237
-294 1240
-293 1241
-292 1242
-291 1253
-290 1197
-289 1308
-288 1361
-287 1296
-286 1300
-285 1263
-284 1315
-283 1255
-282 1389
-281 1385
-280 1393
-279 1372
-278 1338
-277 1393
-276 1487
-275 1458
-274 1401
-273 1376
-272 1389
-271 1443
-270 1445
-269 1405
-268 1441
-267 1403
-266 1511
-265 1478
-264 1490
-263 1486
-262 1529
-261 1569
-260 1500
-259 1581
-258 1573
-257 1651
-256 1680
-255 1607
-254 1573
-253 1566
-252 1613
-251 1626
-250 1736
-249 1651
-248 1623
-247 1649
-246 1681
-245 1679
-244 1699
-243 1768
-242 1806
-241 1777
-240 1722
-239 1813
-238 1784
-237 1859
-236 1782
-235 1787
-234 1899
-233 1835
-232 1874
-231 1855
-230 1945
-229 1961
-228 1962
-227 1969
-226 1930
-225 2072
-224 1920
-223 1997
-222 2076
-221 2139
-220 2121
-219 2057
-218 2142
-217 2177
-216 2163
-215 2192
-214 2142
-213 2204
-212 2221
-211 2214
-210 2263
-209 2291
-208 2350
-207 2359
-206 2356
-205 2435
-204 2346
-203 2349
-202 2446
-201 2448
-200 2456
-199 2510
-198 2544
-197 2512
-196 2514
-195 2680
-194 2620
-193 2632
-192 2661
-191 2665
-190 2639
-189 2740
-188 2711
-187 2778
-186 2744
-185 2892
-184 2839
-183 2878
-182 2968
-181 2979
-180 2939
-179 2929
-178 3021
-177 3004
-176 3025
-175 3177
-174 3118
-173 3276
-172 3193
-171 3283
-170 3310
-169 3323
-168 3486
-167 3439
-166 3432
-165 3528
-164 3506
-163 3588
-162 3497
-161 3616
-160 3714
-159 3648
-158 3793
-157 3747
-156 3905
-155 3953
-154 3999
-153 4127
-152 4068
-151 4128
-150 4134
-149 4264
-148 4238
-147 4342
-146 4280
-145 4321
-144 4492
-143 4560
-142 4499
-141 4569
-140 4728
-139 4692
-138 4863
-137 4797
-136 4871
-135 4969
-134 5138
-133 5242
-132 5310
-131 5277
-130 5355
-129 5454
-128 5545
-127 5453
-126 5826
-125 5707
-124 5932
-123 5942
-122 5800
-121 5993
-120 6204
-119 6423
-118 6214
-117 6478
-116 6559
-115 6676
-114 6826
-113 6806
-112 7031
-111 7042
-110 7179
-109 7340
-108 7532
-107 7703
-106 7654
-105 7792
-104 8029
-103 8041
-102 8216
-101 8241
-100 8589
-99 8637
-98 8654
-97 8932
-96 9042
-95 9131
-94 9398
-93 9708
-92 9917
-91 9951
-90 10240
-89 10467
-88 10659
-87 10925
-86 11273
-85 11524
-84 11574
-83 11859
-82 12044
-81 12285
-80 12619
-79 12832
-78 13317
-77 13466
-76 13706
-75 14467
-74 14623
-73 15024
-72 15164
-71 15573
-70 15931
-69 16503
-68 17041
-67 17192
-66 17967
-65 18315
-64 18842
-63 19546
-62 19869
-61 20333
-60 21418
-59 21618
-58 22255
-57 22957
-56 23637
-55 24388
-54 25324
-53 26138
-52 27087
-51 27882
-50 28929
-49 29599
-48 31000
-47 32353
-46 33054
-45 34667
-44 36124
-43 37594
-42 39328
-41 40784
-40 42445
-39 44810
-38 46589
-37 48631
-36 51198
-35 53726
-34 56527
-33 59364
-32 62372
-31 66414
-30 70159
-29 74715
-28 78551
-27 84559
-26 89477
-25 95605
-24 102245
-23 110160
-22 118666
-21 128269
-20 139458
-19 151953
-18 166151
-17 183093
-16 202274
-15 224926
-14 251932
-13 284518
-12 324581
-11 372897
-10 434969
-9 515380
-8 621722
-7 765397
-6 975887
-5 1289270
-4 1805760
-3 2747059
-2 4905514
-1 14022721
0 151182808
1 739714018
2 153443814
3 12322685
4 4559407
5 2648096
6 1759466
7 1267181
8 961060
9 758505
10 615348
11 511192
12 432510
13 371110
14 322727
15 283076
16 251057
17 224278
18 201136
19 182478
20 165794
21 151028
22 139398
23 128382
24 118268
25 110290
26 101772
27 95756
28 89070
29 84095
30 78761
31 74288
32 69431
33 66640
34 62380
35 58992
36 57067
37 53716
38 51234
39 48722
40 46821
41 44517
42 42616
43 40691
44 39295
45 37333
46 35868
47 34428
48 33383
49 31801
50 30896
51 29944
52 28906
53 28280
54 26685
55 26094
56 25285
57 24261
58 23963
59 22777
60 21947
61 21620
62 21250
63 20515
64 19857
65 19203
66 18699
67 18244
68 17833
69 17261
70 16971
71 16609
72 16085
73 15639
74 15386
75 14740
76 14524
77 14039
78 14124
79 13448
80 13251
81 12958
82 12514
83 12315
84 12068
85 11807
86 11623
87 11295
88 11203
89 10890
90 10697
91 10517
92 10082
93 10033
94 9899
95 9817
96 9375
97 9300
98 9205
99 8828
100 8596
101 8612
102 8646
103 8356
104 8239
105 8041
106 7933
107 7674
108 7612
109 7635
110 7343
111 7377
112 7203
113 7019
114 6931
115 6949
116 6734
117 6554
118 6693
119 6489
120 6455
121 6308
122 6052
123 5929
124 5988
125 5931
126 5776
127 5795
128 5788
129 5436
130 5457
131 5474
132 5421
133 5283
134 5236
135 5142
136 5095
137 4926
138 4888
139 4786
140 4811
141 4732
142 4649
143 4590
144 4775
145 4562
146 4530
147 4379
148 4323
149 4382
150 4250
151 4232
152 4084
153 4099
154 3925
155 4031
156 3941
157 3819
158 3961
159 3891
160 3764
161 3776
162 3640
163 3603
164 3640
165 3587
166 3584
167 3421
168 3410
169 3410
170 3422
171 3374
172 3322
173 3280
174 3188
175 3259
176 3168
177 3127
178 3131
179 3055
180 3064
181 3075
182 2954
183 2952
184 2909
185 2831
186 2928
187 2869
188 2874
189 2738
190 2716
191 2779
192 2715
193 2632
194 2648
195 2625
196 2639
197 2645
198 2533
199 2475
200 2456
201 2450
202 2554
203 2469
204 2382
205 2315
206 2367
207 2444
208 2233
209 2272
210 2327
211 2288
212 2321
213 2285
214 2229
215 2238
216 2143
217 2198
218 2129
219 2069
220 2126
221 2123
222 2208
223 2126
224 2077
225 1993
226 2009
227 1968
228 1966
229 1861
230 1979
231 1912
232 1841
233 1865
234 1882
235 1855
236 1986
237 1888
238 1905
239 1782
240 1812
241 1839
242 1771
243 1772
244 1760
245 1727
246 1685
247 1708
248 1652
249 1710
250 1665
251 1617
252 1615
253 1587
254 1616
255 1707
256 1630
257 1608
258 1650
259 1616
260 1565
261 1528
262 1488
263 1466
264 1483
265 1428
266 1434
267 1474
268 1511
269 1467
270 1484
271 1455
272 1429
273 1399
274 1485
275 1391
276 1337
277 1453
278 1395
279 1426
280 1439
281 1384
282 1389
283 1361
284 1316
285 1285
286 1267
287 1279
288 1284
289 1291
290 1281
291 1259
292 1245
293 1267
294 1255
295 1222
296 1216
297 1282
298 1207
299 1187
300 1247
301 1201
302 1148
303 1174
304 1223
305 1140
306 1182
307 1132
308 1147
309 1180
310 1083
311 1147
312 1086
313 1087
314 1126
315 1124
316 1149
317 1076
318 1132
319 1044
320 1016
321 1072
322 1096
323 1062
324 1001
325 1031
326 988
327 1039
328 1002
329 1012
330 1005
331 1027
332 983
333 965
334 986
335 975
336 987
337 976
338 1026
339 954
340 964
341 987
342 932
343 924
344 899
345 885
346 927
347 931
348 922
349 891
350 887
351 839
352 889
353 863
354 899
355 920
356 849
357 919
358 867
359 861
360 807
361 846
362 874
363 880
364 815
365 831
366 867
367 805
368 815
369 796
370 818
371 772
372 828
373 833
374 766
375 776
376 797
377 779
378 762
379 778
380 757
381 824
382 772
383 769
384 805
385 733
386 744
387 747
388 779
389 798
390 763
391 728
392 741
393 756
394 754
395 640
396 687
397 739
398 691
399 720
400 724
401 734
402 698
403 717
404 714
405 711
406 663
407 701
408 684
409 654
410 674
411 720
412 663
413 673
414 697
415 643
416 687
417 712
418 638
419 668
420 624
421 641
422 661
423 642
424 677
425 625
426 604
427 644
428 612
429 631
430 617
431 636
432 626
433 601
434 596
435 618
436 619
437 655
438 616
439 617
440 598
441 549
442 552
443 588
444 581
445 587
446 595
447 585
448 607
449 531
450 591
451 606
452 572
453 555
454 531
455 555
456 537
457 540
458 580
459 509
460 550
461 511
462 506
463 545
464 511
465 525
466 537
467 535
468 550
469 511
470 530
471 520
472 538
473 558
474 542
475 529
476 537
477 512
478 515
479 490
480 498
481 452
482 534
483 533
484 522
485 484
486 514
487 505
488 509
489 508
490 484
491 492
492 481
493 456
494 485
495 415
496 503
497 472
498 509
499 488
500 447
501 490
502 475
503 490
504 479
505 474
506 474
507 463
508 505
509 461
510 406
511 433
512 431
513 440
514 429
515 441
516 467
517 456
518 437
519 469
520 448
521 442
522 428
523 425
524 433
525 436
526 436
527 435
528 433
529 399
530 448
531 399
532 418
533 402
534 425
535 457
536 392
537 436
538 405
539 403
540 401
541 428
542 446
543 414
544 396
545 419
546 382
547 406
548 385
549 418
550 396
551 378
552 412
553 368
554 372
555 402
556 373
557 383
558 385
559 384
560 376
561 366
562 377
563 359
564 365
565 341
566 348
567 384
568 384
569 364
570 364
571 384
572 364
573 393
574 403
575 350
576 365
577 379
578 370
579 358
580 366
581 344
582 378
583 334
584 350
585 355
586 339
587 344
588 385
589 356
590 327
591 302
592 381
593 331
594 372
595 342
596 373
597 346
598 339
599 352
600 364
601 324
602 342
603 330
604 349
605 335
606 336
607 346
608 369
609 331
610 327
611 336
612 334
613 315
614 314
615 297
616 333
617 309
618 325
619 286
620 291
621 313
622 288
623 325
624 313
625 314
626 333
627 334
628 289
629 301
630 297
631 313
632 329
633 326
634 310
635 305
636 286
637 320
638 311
639 324
640 293
641 330
642 310
643 295
644 264
645 277
646 274
647 302
648 283
649 288
650 317
651 277
652 283
653 301
654 297
655 246
656 303
657 302
658 256
659 283
660 284
661 253
662 316
663 301
664 279
665 291
666 262
667 267
668 263
669 312
670 300
671 298
672 283
673 315
674 251
675 259
676 273
677 257
678 296
679 288
680 259
681 243
682 246
683 252
684 273
685 234
686 260
687 233
688 278
689 293
690 265
691 266
692 286
693 246
694 261
695 259
696 275
697 266
698 267
699 243
700 259
701 234
702 274
703 249
704 234
705 269
706 264
707 273
708 276
709 254
710 247
711 245
712 257
713 267
714 244
715 290
716 241
717 227
718 236
719 237
720 251
721 240
722 228
723 239
724 230
725 257
726 244
727 233
728 213
729 235
730 236
731 229
732 249
733 240
734 237
735 271
736 233
737 244
738 246
739 219
740 226
741 240
742 198
743 190
744 236
745 243
746 223
747 219
748 220
749 235
750 213
751 237
752 202
753 237
754 223
755 201
756 218
757 229
758 191
759 241
760 221
761 207
762 214
763 225
764 238
765 248
766 200
767 213
768 211
769 219
770 186
771 209
772 222
773 183
774 197
775 220
776 195
777 199
778 182
779 213
780 211
781 224
782 201
783 194
784 214
785 216
786 201
787 200
788 209
789 213
790 189
791 201
792 210
793 209
794 185
795 173
796 230
797 200
798 216
799 184
800 208
801 195
802 191
803 201
804 199
805 181
806 194
807 207
808 197
809 188
810 202
811 205
812 192
813 172
814 182
815 196
816 192
817 186
818 187
819 184
820 211
821 181
822 197
823 207
824 223
825 182
826 173
827 188
828 193
829 174
830 189
831 173
832 184
833 203
834 184
835 182
836 190
837 178
838 167
839 192
840 191
841 154
842 197
843 152
844 182
845 199
846 200
847 179
848 173
849 153
850 176
851 179
852 180
853 154
854 197
855 191
856 183
857 186
858 162
859 151
860 157
861 179
862 173
863 166
864 159
865 173
866 172
867 180
868 171
869 166
870 155
871 165
872 170
873 164
874 172
875 189
876 167
877 190
878 169
879 172
880 172
881 148
882 181
883 153
884 174
885 157
886 152
887 165
888 147
889 151
890 161
891 159
892 180
893 168
894 166
895 152
896 145
897 159
898 168
899 147
900 152
901 150
902 158
903 183
904 159
905 152
906 133
907 158
908 141
909 142
910 145
911 154
912 140
913 143
914 154
915 153
916 135
917 149
918 140
919 156
920 127
921 173
922 131
923 165
924 134
925 155
926 162
927 143
928 137
929 159
930 166
931 135
932 129
933 144
934 133
935 179
936 140
937 141
938 137
939 122
940 128
941 140
942 170
943 132
944 155
945 155
946 125
947 130
948 148
949 162
950 135
951 117
952 141
953 150
954 132
955 144
956 133
957 146
958 138
959 151
960 167
961 119
962 149
963 126
964 150
965 141
966 140
967 134
968 121
969 127
970 124
971 147
972 129
973 132
974 135
975 159
976 135
977 132
978 133
979 137
980 144
981 139
982 123
983 139
984 148
985 131
986 151
987 148
988 132
989 143
990 111
991 140
992 136
993 134
994 109
995 125
996 141
997 131
998 112
999 128
1000 123
1001 128
1002 145
1003 126
1004 121
1005 134
1006 114
1007 116
1008 132
1009 133
1010 127
1011 119
1012 129
1013 123
1014 129
1015 117
1016 132
1017 117
1018 124
1019 101
1020 138
1021 105
1022 102
1023 112
1024 141
1025 133
1026 112
1027 128
1028 124
1029 110
1030 126
1031 115
1032 122
1033 131
1034 109
1035 116
1036 144
1037 107
1038 117
1039 95
1040 134
1041 129
1042 126
1043 119
1044 108
1045 119
1046 121
1047 128
1048 123
1049 106
1050 94
1051 123
1052 120
1053 103
1054 127
1055 113
1056 140
1057 108
1058 103
1059 121
1060 117
1061 131
1062 110
1063 115
1064 117
1065 101
1066 98
1067 120
1068 147
1069 127
1070 119
1071 116
1072 112
1073 91
1074 121
1075 135
1076 121
1077 134
1078 111
1079 95
1080 118
1081 100
1082 104
1083 112
1084 95
1085 110
1086 113
1087 105
1088 111
1089 119
1090 115
1091 130
1092 114
1093 107
1094 107
1095 106
1096 99
1097 101
1098 95
1099 110
1100 95
1101 114
1102 108
1103 121
1104 114
1105 104
1106 93
1107 111
1108 93
1109 77
1110 97
1111 104
1112 101
1113 111
1114 117
1115 109
1116 106
1117 116
1118 98
1119 97
1120 99
1121 111
1122 114
1123 90
1124 111
1125 81
1126 102
1127 101
1128 97
1129 130
1130 112
1131 91
1132 103
1133 82
1134 104
1135 100
1136 79
1137 114
1138 106
1139 92
1140 96
1141 91
1142 107
1143 93
1144 93
1145 106
1146 76
1147 95
1148 109
1149 94
1150 97
1151 84
1152 96
1153 100
1154 90
1155 116
1156 113
1157 95
1158 109
1159 97
1160 108
1161 88
1162 97
1163 95
1164 104
1165 107
1166 96
1167 116
1168 81
1169 95
1170 99
1171 94
1172 88
1173 106
1174 102
1175 101
1176 86
1177 104
1178 94
1179 103
1180 111
1181 79
1182 107
1183 93
1184 99
1185 95
1186 98
1187 85
1188 97
1189 85
1190 90
1191 89
1192 103
1193 81
1194 94
1195 93
1196 85
1197 89
1198 92
1199 88
1200 86
1201 85
1202 78
1203 79
1204 71
1205 98
1206 80
1207 75
1208 82
1209 88
1210 100
1211 103
1212 84
1213 91
1214 75
1215 91
1216 75
1217 93
1218 91
1219 72
1220 81
1221 92
1222 70
1223 92
1224 89
1225 79
1226 91
1227 77
1228 76
1229 76
1230 93
1231 93
1232 93
1233 72
1234 85
1235 88
1236 69
1237 86
1238 83
1239 73
1240 90
1241 75
1242 72
1243 70
1244 73
1245 71
1246 74
1247 79
1248 94
1249 69
1250 79
1251 88
1252 85
1253 100
1254 86
1255 76
1256 68
1257 82
1258 66
1259 72
1260 83
1261 73
1262 83
1263 76
1264 64
1265 68
1266 80
1267 79
1268 76
1269 89
1270 74
1271 87
1272 85
1273 83
1274 66
1275 78
1276 72
1277 72
1278 83
1279 65
1280 75
1281 85
1282 93
1283 73
1284 71
1285 83
1286 81
1287 87
1288 71
1289 82
1290 81
1291 68
1292 74
1293 91
1294 70
1295 84
1296 80
1297 78
1298 65
1299 70
1300 81
1301 68
1302 74
1303 85
1304 80
1305 79
1306 72
1307 58
1308 73
1309 73
1310 79
1311 75
1312 85
1313 61
1314 77
1315 65
1316 67
1317 75
1318 91
1319 78
1320 51
1321 58
1322 83
1323 65
1324 70
1325 64
1326 67
1327 91
1328 71
1329 79
1330 66
1331 70
1332 68
1333 68
1334 68
1335 68
1336 61
1337 74
1338 65
1339 78
1340 70
1341 79
1342 73
1343 76
1344 56
1345 73
1346 80
1347 71
1348 84
1349 73
1350 68
1351 81
1352 76
1353 50
1354 64
1355 68
1356 82
1357 71
1358 80
1359 62
1360 67
1361 64
1362 71
1363 59
1364 77
1365 65
1366 68
1367 59
1368 67
1369 53
1370 68
1371 65
1372 59
1373 53
1374 60
1375 67
1376 71
1377 59
1378 46
1379 70
1380 61
1381 56
1382 69
1383 67
1384 62
1385 74
1386 52
1387 53
1388 59
1389 63
1390 61
1391 64
1392 76
1393 70
1394 59
1395 66
1396 70
1397 72
1398 67
1399 55
1400 72
1401 72
1402 74
1403 63
1404 66
1405 55
1406 86
1407 72
1408 57
1409 58
1410 72
1411 63
1412 66
1413 66
1414 75
1415 62
1416 66
1417 54
1418 65
1419 63
1420 65
1421 68
1422 77
1423 53
1424 62
1425 69
1426 56
1427 81
1428 65
1429 63
1430 70
1431 57
1432 65
1433 63
1434 50
1435 59
1436 64
1437 74
1438 59
1439 66
1440 69
1441 60
1442 69
1443 69
1444 62
1445 73
1446 55
1447 52
1448 63
1449 75
1450 56
1451 69
1452 67
1453 56
1454 68
1455 54
1456 62
1457 62
1458 67
1459 63
1460 74
1461 65
1462 78
1463 60
1464 57
1465 45
1466 55
1467 57
1468 57
1469 58
1470 68
1471 56
1472 65
1473 50
1474 53
1475 61
1476 46
1477 60
1478 55
1479 63
1480 53
1481 49
1482 68
1483 56
1484 61
1485 64
1486 48
1487 64
1488 62
1489 50
1490 56
1491 58
1492 52
1493 54
1494 55
1495 47
1496 48
1497 54
1498 62
1499 51
1500 70
1501 71
1502 54
1503 47
1504 59
1505 64
1506 52
1507 56
1508 49
1509 54
1510 59
1511 59
1512 63
1513 73
1514 57
1515 66
1516 64
1517 60
1518 63
1519 59
1520 64
1521 59
1522 67
1523 54
1524 51
1525 46
1526 63
1527 43
1528 43
1529 58
1530 60
1531 62
1532 64
1533 57
1534 51
1535 62
1536 60
1537 53
1538 59
1539 61
1540 47
1541 61
1542 59
1543 62
1544 56
1545 69
1546 40
1547 57
1548 49
1549 54
1550 48
1551 59
1552 54
1553 51
1554 68
1555 49
1556 54
1557 48
1558 47
1559 50
1560 41
1561 51
1562 58
1563 63
1564 55
1565 47
1566 64
1567 57
1568 65
1569 51
1570 42
1571 55
1572 47
1573 54
1574 45
1575 54
1576 53
1577 60
1578 53
1579 49
1580 37
1581 56
1582 56
1583 63
1584 57
1585 39
1586 62
1587 51
1588 45
1589 50
1590 50
1591 56
1592 37
1593 57
1594 43
1595 44
1596 60
1597 52
1598 46
1599 39
1600 46
1601 54
1602 52
1603 51
1604 53
1605 39
1606 53
1607 59
1608 45
1609 54
1610 55
1611 64
1612 39
1613 51
1614 51
1615 56
1616 49
1617 37
1618 44
1619 39
1620 40
1621 62
1622 52
1623 47
1624 35
1625 45
1626 47
1627 53
1628 44
1629 51
1630 41
1631 42
1632 51
1633 40
1634 59
1635 49
1636 44
1637 28
1638 56
1639 50
1640 52
1641 67
1642 51
1643 61
1644 54
1645 46
1646 58
1647 44
1648 37
1649 46
1650 50
1651 47
1652 50
1653 38
1654 46
1655 47
1656 56
1657 55
1658 45
1659 44
1660 41
1661 42
1662 42
1663 48
1664 48
1665 44
1666 37
1667 45
1668 48
1669 60
1670 40
1671 53
1672 34
1673 50
1674 44
1675 33
1676 51
1677 46
1678 42
1679 42
1680 40
1681 58
1682 40
1683 43
1684 52
1685 56
1686 54
1687 54
1688 48
1689 40
1690 52
1691 40
1692 48
1693 54
1694 46
1695 47
1696 45
1697 53
1698 47
1699 49
1700 56
1701 43
1702 45
1703 44
1704 38
1705 42
1706 42
1707 44
1708 41
1709 54
1710 48
1711 42
1712 40
1713 46
1714 40
1715 51
1716 43
1717 46
1718 51
1719 51
1720 42
1721 45
1722 57
1723 49
1724 38
1725 41
1726 51
1727 44
1728 43
1729 43
1730 31
1731 46
1732 41
1733 41
1734 52
1735 43
1736 49
1737 47
1738 35
1739 55
1740 47
1741 48
1742 35
1743 45
1744 44
1745 49
1746 39
1747 53
1748 39
1749 46
1750 51
1751 47
1752 29
1753 38
1754 57
1755 37
1756 42
1757 47
1758 43
1759 51
1760 56
1761 44
1762 43
1763 53
1764 31
1765 26
1766 37
1767 50
1768 54
1769 29
1770 52
1771 41
1772 47
1773 35
1774 48
1775 41
1776 52
1777 43
1778 37
1779 47
1780 44
1781 48
1782 62
1783 44
1784 41
1785 40
1786 44
1787 47
1788 37
1789 42
1790 42
1791 43
1792 37
1793 36
1794 38
1795 42
1796 39
1797 39
1798 37
1799 49
1800 34
1801 45
1802 44
1803 39
1804 40
1805 47
1806 46
1807 37
1808 34
1809 46
1810 39
1811 46
1812 46
1813 50
1814 41
1815 41
1816 44
1817 39
1818 38
1819 41
1820 32
1821 53
1822 43
1823 41
1824 42
1825 36
1826 44
1827 43
1828 42
1829 36
1830 26
1831 44
1832 38
1833 42
1834 39
1835 45
1836 49
1837 45
1838 44
1839 37
1840 37
1841 38
1842 45
1843 37
1844 39
1845 42
1846 33
1847 40
1848 47
1849 39
1850 40
1851 30
1852 32
1853 28
1854 38
1855 35
1856 27
1857 29
1858 44
1859 50
1860 52
1861 40
1862 28
1863 44
1864 35
1865 31
1866 34
1867 42
1868 33
1869 41
1870 47
1871 47
1872 31
1873 33
1874 37
1875 40
1876 40
1877 44
1878 39
1879 36
1880 38
1881 50
1882 36
1883 45
1884 38
1885 43
1886 41
1887 35
1888 37
1889 29
1890 48
1891 38
1892 29
1893 43
1894 35
1895 38
1896 38
1897 47
1898 36
1899 31
1900 33
1901 43
1902 47
1903 42
1904 31
1905 30
1906 35
1907 36
1908 44
1909 31
1910 21
1911 40
1912 37
1913 42
1914 37
1915 31
1916 46
1917 46
1918 34
1919 32
1920 43
1921 40
1922 47
1923 39
1924 42
1925 43
1926 38
1927 30
1928 26
1929 32
1930 37
1931 38
1932 36
1933 25
1934 44
1935 39
1936 35
1937 48
1938 43
1939 47
1940 40
1941 39
1942 38
1943 27
1944 46
1945 35
1946 36
1947 40
1948 29
1949 36
1950 42
1951 38
1952 44
1953 34
1954 36
1955 43
1956 32
1957 32
1958 34
1959 43
1960 33
1961 32
1962 26
1963 40
1964 42
1965 40
1966 45
1967 31
1968 41
1969 24
1970 27
1971 45
1972 26
1973 43
1974 38
1975 28
1976 41
1977 37
1978 47
1979 44
1980 39
1981 34
1982 32
1983 30
1984 42
1985 38
1986 30
1987 37
1988 26
1989 40
1990 42
1991 36
1992 30
1993 46
1994 43
1995 30
1996 40
1997 40
1998 36
1999 35
2000 39
2001 36
2002 38
2003 33
2004 34
2005 34
2006 45
2007 45
2008 35
2009 33
2010 30
2011 40
2012 40
2013 48
2014 37
2015 33
2016 29
2017 44
2018 28
2019 40
2020 32
2021 49
2022 42
2023 34
2024 28
2025 39
2026 37
2027 35
2028 36
2029 44
2030 46
2031 37
2032 35
2033 37
2034 36
2035 38
2036 30
2037 38
2038 33
2039 43
2040 36
2041 27
2042 35
2043 29
2044 29
2045 29
2046 31
2047 37
2048 37
2049 31
2050 39
2051 42
2052 43
2053 35
2054 29
2055 35
2056 40
2057 20
2058 46
2059 24
2060 28
2061 38
2062 28
2063 34
2064 46
2065 36
2066 32
2067 35
2068 32
2069 38
2070 32
2071 38
2072 34
2073 32
2074 25
2075 54
2076 42
2077 27
2078 29
2079 26
2080 24
2081 40
2082 35
2083 32
2084 33
2085 33
2086 36
2087 33
2088 44
2089 38
2090 24
2091 34
2092 32
2093 25
2094 38
2095 26
2096 34
2097 33
2098 41
2099 37
2100 45
2101 31
2102 34
2103 25
2104 35
2105 46
2106 32
2107 24
2108 37
2109 34
2110 32
2111 29
2112 35
2113 39
2114 33
2115 40
2116 30
2117 30
2118 39
2119 34
2120 30
2121 37
2122 33
2123 35
2124 23
2125 29
2126 31
2127 44
2128 24
2129 21
2130 39
2131 42
2132 30
2133 43
2134 25
2135 26
2136 37
2137 46
2138 35
2139 27
2140 42
2141 29
2142 36
2143 29
2144 46
2145 36
2146 34
2147 25
2148 36
2149 25
2150 35
2151 23
2152 28
2153 39
2154 31
2155 31
2156 37
2157 27
2158 28
2159 26
2160 31
2161 32
2162 32
2163 30
2164 40
2165 27
2166 37
2167 41
2168 24
2169 35
2170 25
2171 26
2172 34
2173 46
2174 30
2175 26
2176 20
2177 36
2178 39
2179 27
2180 34
2181 29
2182 38
2183 29
2184 32
2185 38
2186 31
2187 37
2188 22
2189 37
2190 28
2191 35
2192 27
2193 29
2194 26
2195 21
2196 44
2197 26
2198 32
2199 34
2200 27
2201 21
2202 21
2203 22
2204 28
2205 24
2206 24
2207 33
2208 34
2209 29
2210 29
2211 25
2212 34
2213 31
2214 17
2215 23
2216 33
2217 33
2218 30
2219 31
2220 25
2221 28
2222 30
2223 26
2224 30
2225 33
2226 30
2227 29
2228 24
2229 35
2230 34
2231 29
2232 34
2233 21
2234 30
2235 24
2236 32
2237 36
2238 23
2239 35
2240 32
2241 36
2242 29
2243 34
2244 37
2245 26
2246 27
2247 36
2248 27
2249 35
2250 25
2251 22
2252 28
2253 33
2254 23
2255 26
2256 22
2257 24
2258 36
2259 26
2260 22
2261 33
2262 19
2263 34
2264 30
2265 29
2266 32
2267 21
2268 40
2269 23
2270 27
2271 26
2272 28
2273 26
2274 31
2275 26
2276 44
2277 27
2278 26
2279 22
2280 29
2281 23
2282 26
2283 20
2284 25
2285 15
2286 19
2287 27
2288 34
2289 27
2290 23
2291 31
2292 27
2293 29
2294 26
2295 28
2296 25
2297 40
2298 26
2299 33
2300 28
2301 28
2302 34
2303 25
2304 29
2305 29
2306 24
2307 34
2308 19
2309 27
2310 29
2311 21
2312 30
2313 34
2314 30
2315 33
2316 21
2317 25
2318 23
2319 27
2320 29
2321 26
2322 29
2323 24
2324 26
2325 28
2326 28
2327 28
2328 30
2329 25
2330 26
2331 19
2332 35
2333 27
2334 23
2335 18
2336 19
2337 21
2338 21
2339 25
2340 23
2341 23
2342 31
2343 30
2344 33
2345 23
2346 32
2347 34
2348 23
2349 28
2350 27
2351 25
2352 29
2353 29
2354 28
2355 26
2356 29
2357 27
2358 33
2359 24
2360 22
2361 24
2362 29
2363 25
2364 37
2365 26
2366 24
2367 21
2368 25
2369 22
2370 26
2371 24
2372 29
2373 24
2374 22
2375 20
2376 33
2377 27
2378 28
2379 27
2380 18
2381 17
2382 27
2383 24
2384 31
2385 24
2386 26
2387 25
2388 31
2389 21
2390 24
2391 32
2392 27
2393 28
2394 21
2395 23
2396 19
2397 15
2398 27
2399 22
2400 23
2401 21
2402 22
2403 27
2404 23
2405 32
2406 20
2407 34
2408 21
2409 27
2410 20
2411 14
2412 21
2413 29
2414 27
2415 27
2416 21
2417 20
2418 29
2419 22
2420 21
2421 15
2422 21
2423 22
2424 22
2425 20
2426 16
2427 22
2428 24
2429 28
2430 17
2431 19
2432 30
2433 15
2434 19
2435 24
2436 26
2437 24
2438 22
2439 23
2440 15
2441 22
2442 23
2443 28
2444 21
2445 29
2446 33
2447 20
2448 30
2449 26
2450 25
2451 22
2452 22
2453 29
2454 30
2455 21
2456 23
2457 18
2458 15
2459 25
2460 24
2461 24
2462 22
2463 24
2464 23
2465 19
2466 19
2467 20
2468 19
2469 27
2470 24
2471 20
2472 21
2473 27
2474 23
2475 19
2476 24
2477 20
2478 27
2479 27
2480 22
2481 17
2482 29
2483 23
2484 22
2485 23
2486 21
2487 19
2488 18
2489 21
2490 21
2491 23
2492 20
2493 20
2494 17
2495 17
2496 30
2497 21
2498 23
2499 16
2500 17
2501 25
2502 9
2503 25
2504 24
2505 25
2506 24
2507 22
2508 20
2509 21
2510 19
2511 15
2512 17
2513 19
2514 21
2515 14
2516 21
2517 23
2518 16
2519 25
2520 19
2521 23
2522 16
2523 16
2524 15
2525 24
2526 24
2527 24
2528 16
2529 17
2530 11
2531 13
2532 19
2533 26
2534 19
2535 19
2536 20
2537 20
2538 12
2539 16
2540 22
2541 22
2542 17
2543 15
2544 17
2545 16
2546 21
2547 17
2548 18
2549 13
2550 17
2551 14
2552 18
2553 23
2554 17
2555 14
2556 15
2557 16
2558 14
2559 13
2560 14
2561 17
2562 21
2563 16
2564 21
2565 18
2566 17
2567 14
2568 16
2569 16
2570 16
2571 10
2572 19
2573 15
2574 16
2575 16
2576 22
2577 16
2578 12
2579 19
2580 19
2581 18
2582 13
2583 14
2584 11
2585 17
2586 18
2587 14
2588 19
2589 15
2590 13
2591 15
2592 16
2593 12
2594 16
2595 15
2596 19
2597 19
2598 15
2599 12
2600 19
2601 11
2602 22
2603 18
2604 10
2605 13
2606 20
2607 19
2608 13
2609 13
2610 9
2611 17
2612 15
2613 7
2614 14
2615 14
2616 11
2617 12
2618 10
2619 7
2620 12
2621 12
2622 20
2623 10
2624 9
2625 14
2626 7
2627 15
2628 10
2629 12
2630 15
2631 10
2632 13
2633 8
2634 12
2635 12
2636 10
2637 12
2638 8
2639 14
2640 16
2641 17
2642 7
2643 1
2644 5
2645 10
2646 10
2647 6
2648 18
2649 11
2650 11
2651 10
2652 14
2653 7
2654 12
2655 13
2656 10
2657 10
2658 17
2659 8
2660 12
2661 14
2662 13
2663 8
2664 17
2665 7
2666 4
2667 10
2668 9
2669 6
2670 11
2671 9
2672 8
2673 9
2674 8
2675 14
2676 7
2677 9
2678 8
2679 9
2680 11
2681 14
2682 8
2683 11
2684 9
2685 10
2686 9
2687 8
2688 9
2689 4
2690 11
2691 14
2692 8
2693 7
2694 10
2695 6
2696 8
2697 6
2698 6
2699 8
2700 8
2701 8
2702 6
2703 6
2704 8
2705 6
2706 4
2707 9
2708 7
2709 5
2710 8
2711 5
2712 4
2713 7
2714 9
2715 6
2716 3
2717 3
2718 7
2719 9
2720 10
2721 11
2722 3
2723 3
2724 6
2725 4
2726 5
2727 11
2728 7
2729 4
2730 3
2731 5
2732 6
2733 5
2734 8
2735 7
2736 3
2737 3
2738 5
2739 2
2740 2
2741 3
2742 4
2743 3
2744 1
2745 0
2746 4
2747 6
2748 4
2749 3
2750 1
2751 4
2752 3
2753 3
2754 6
2755 6
2756 3
2757 1
2758 4
2759 7
2760 5
2761 2
2762 5
2763 6
2764 4
2765 6
2766 8
2767 2
2768 2
2769 4
2770 3
2771 1
2772 1
2773 1
2774 3
2775 5
2776 5
2777 6
2778 4
2779 5
2780 1
2781 3
2782 0
2783 4
2784 1
2785 1
2786 4
2787 0
2788 4
2789 3
2790 5
2791 0
2792 0
2793 2
2794 4
2795 2
2796 3
2797 2
2798 1
2799 1
2800 1
2801 0
2802 1
2803 1
2804 2
2805 2
2806 3
2807 1
2808 1
2809 1
2810 2
2811 3
2812 2
2813 1
2814 1
2815 4
2816 2
2817 3
2818 0
2819 3
2820 0
2821 0
2822 1
2823 1
2824 1
2825 3
2826 1
2827 0
2828 1
2829 1
2830 3
2831 1
2832 0
2833 2
2834 1
2835 0
2836 0
2837 1
2838 0
2839 0
2840 0
2841 1
2842 1
2843 0
2844 0
2845 1
2846 2
2847 1
2848 1
2849 0
2850 0
2851 0
2852 0
2853 2
2854 1
2855 0
2856 0
2857 0
2858 1
2859 1
2860 1
2861 0
2862 0
2863 0
2864 0
2865 0
2866 1
2867 1
2868 0
2869 0
2870 2
2871 0
2872 0
2873 0
2874 0
2875 0
2876 1
2877 0
2878 0
2879 0
2880 0
2881 0
2882 1
2883 1
2884 0
2885 0
2886 0
2887 1
2888 1
2889 0
2890 1
2891 0
2892 1
2893 0
2894 0
2895 0
2896 0
2897 0
2898 0
2899 0
2900 0
2901 0
2902 0
2903 0
2904 0
2905 1
2906 0
2907 0
2908 0
2909 0
2910 0
2911 0
2912 0
2913 0
2914 0
2915 0
2916 0
2917 1
2918 0
2919 0
2920 0
2921 0
2922 0
2923 0
2924 0
2925 0
2926 0
2927 1
