2 0.6595900439238653
3 0.5779569892473119
4 0.5913555992141454
5 0.5844504021447721
6 0.6072727272727273
7 0.6262135922330098
8 0.6568047337278107
9 0.6710526315789473
10 0.5675675675675675
11 0.5806451612903226
12 0.5882352941176471
13 0.47619047619047616
14 0.5625
15 0.5070422535211268
16 0.4696969696969697
17 0.56
18 0.5423728813559322
19 0.5
20 0.5294117647058824
21 0.5490196078431373
22 0.5
23 0.4
24 0.52
25 0.55
26 0.625
27 0.5128205128205128
28 0.6052631578947368
29 0.4444444444444444
30 0.4827586206896552
31 0.5454545454545454
32 0.5714285714285714
33 0.4117647058823529
34 0.5833333333333334
35 0.4166666666666667
36 0.4444444444444444
37 0.631578947368421
38 0.4375
39 0.5
40 0.6428571428571429
41 0.6923076923076923
42 0.4
43 0.6666666666666666
44 0.8571428571428571
45 0.25
46 1.0
47 0.6666666666666666
48 0.0
49 1.0
50 0.8
51 0.6
52 0.4444444444444444
53 0.625
54 0.6666666666666666
55 0.5294117647058824
56 0.3333333333333333
57 0.7272727272727273
58 0.2857142857142857
59 0.16666666666666666
60 0.2
61 0.0
62 0.25
63 0.6
64 0.3333333333333333
65 0.8333333333333334
66 0.8333333333333334
67 0.3333333333333333
68 0.0
69 1.0
70 0.7
71 0.14285714285714285
72 0.0
73 1.0
74 1.0
75 1.0
76 0.3333333333333333
77 1.0
78 0.3333333333333333
79 1.0
80 1.0
81 1.0
82 0.5
83 0.3333333333333333
84 0.6
85 0.5
86 0.0
87 1.0
88 1.0
89 0.6666666666666666
90 0.6
91 0.25
92 0.5
93 0.5
94 0.7142857142857143
95 0.16666666666666666
96 0.5
97 0.5
98 0.75
