0 0.7537
1 0.7537
2 0.7537
3 0.7537
4 0.7537
5 0.7537
6 0.7537
7 0.7537
8 0.7537
9 0.7537
10 0.7537
11 0.7537
12 0.7537
13 0.7537
14 0.7537
15 0.7537
16 0.7537
17 0.7537
18 0.7537
19 0.7537
20 0.7537
21 0.7537
22 0.7537
23 0.7537
24 0.7537
25 0.7537
26 0.7537
27 0.7537
28 0.7537
29 0.7537
30 0.7537
31 0.7537
32 0.7537
33 0.7537
34 0.7537
35 0.7537
36 0.7537
37 0.7537
38 0.7537
39 0.7537
40 0.7537
41 0.7537
42 0.7537
43 0.7537
44 0.7537
45 0.7537
46 0.7537
47 0.7537
48 0.7537
49 0.7537
50 0.7537
51 0.7537
52 0.7537
53 0.7537
54 0.7537
55 0.7537
56 0.7537
57 0.7537
58 0.7537
59 0.7537
60 0.7537
61 0.7537
62 0.7537
63 0.7537
64 0.7537
65 0.7537
66 0.7537
67 0.7537
68 0.7537
69 0.7537
70 0.7537
71 0.7537
72 0.7537
73 0.7537
74 0.7537
75 0.7537
76 0.7537
77 0.7537
78 0.7537
79 0.7537
80 0.7537
81 0.7537
82 0.7537
83 0.7537
84 0.7537
85 0.7537
86 0.7537
87 0.7537
88 0.7537
89 0.7537
90 0.7537
91 0.7537
92 0.7537
93 0.7537
94 0.7537
95 0.7537
96 0.7537
97 0.7537
98 0.7537
99 0.7537
100 0.7537
101 0.7537
102 0.7537
103 0.7537
