0 0.5956
1 0.5808
2 0.5926
3 0.5978
4 0.5859
5 0.5918
6 0.5902
7 0.5923
8 0.5876
9 0.5879
10 0.5926
11 0.5892
12 0.5901
13 0.597
14 0.5941
15 0.5852
16 0.5895
17 0.5933
18 0.5962
19 0.5938
20 0.5922
21 0.5937
22 0.6014
23 0.6013
24 0.5965
25 0.5916
26 0.5822
27 0.5912
28 0.5864
29 0.5832
30 0.5931
31 0.5968
32 0.591
33 0.5981
34 0.5912
35 0.5864
36 0.592
37 0.589
38 0.5984
39 0.6018
40 0.5959
41 0.5931
42 0.5916
43 0.5963
44 0.5888
45 0.5953
46 0.5828
47 0.5844
48 0.5946
49 0.5954
50 0.5883
51 0.5956
52 0.5996
53 0.5905
54 0.5924
55 0.5896
56 0.5955
57 0.5928
58 0.5952
59 0.5932
60 0.6023
61 0.5906
62 0.5949
63 0.5967
64 0.5925
65 0.5832
66 0.583
67 0.5896
68 0.5967
69 0.5976
70 0.5985
71 0.5983
72 0.5924
73 0.5942
74 0.5767
75 0.6067
76 0.5972
77 0.5923
78 0.599
79 0.594
80 0.5949
81 0.6059
82 0.5947
83 0.601
84 0.5979
85 0.5827
86 0.6028
87 0.5978
88 0.6005
89 0.5963
90 0.5863
91 0.5945
92 0.5846
93 0.5866
94 0.6001
95 0.5795
96 0.597
97 0.5846
98 0.5886
99 0.5924
100 0.5937
101 0.5849
102 0.601
103 0.5883
104 0.5886
105 0.6041
106 0.5951
107 0.5984
108 0.5894
109 0.5886
110 0.5894
