-1359 1
-1358 0
-1357 0
-1356 0
-1355 0
-1354 0
-1353 0
-1352 0
-1351 0
-1350 0
-1349 0
-1348 0
-1347 0
-1346 0
-1345 0
-1344 1
-1343 0
-1342 0
-1341 0
-1340 0
-1339 0
-1338 0
-1337 0
-1336 0
-1335 0
-1334 0
-1333 0
-1332 0
-1331 0
-1330 0
-1329 0
-1328 0
-1327 0
-1326 0
-1325 0
-1324 0
-1323 0
-1322 0
-1321 0
-1320 0
-1319 0
-1318 0
-1317 0
-1316 0
-1315 0
-1314 0
-1313 0
-1312 0
-1311 0
-1310 0
-1309 0
-1308 0
-1307 0
-1306 0
-1305 0
-1304 0
-1303 0
-1302 1
-1301 0
-1300 0
-1299 0
-1298 0
-1297 0
-1296 0
-1295 0
-1294 0
-1293 0
-1292 0
-1291 0
-1290 0
-1289 0
-1288 0
-1287 0
-1286 0
-1285 0
-1284 0
-1283 0
-1282 0
-1281 0
-1280 0
-1279 0
-1278 0
-1277 0
-1276 0
-1275 0
-1274 0
-1273 0
-1272 0
-1271 0
-1270 0
-1269 0
-1268 0
-1267 0
-1266 0
-1265 0
-1264 0
-1263 0
-1262 0
-1261 0
-1260 0
-1259 0
-1258 0
-1257 0
-1256 0
-1255 0
-1254 0
-1253 0
-1252 0
-1251 0
-1250 0
-1249 0
-1248 0
-1247 0
-1246 0
-1245 0
-1244 0
-1243 0
-1242 0
-1241 0
-1240 0
-1239 0
-1238 0
-1237 0
-1236 0
-1235 0
-1234 0
-1233 0
-1232 0
-1231 0
-1230 0
-1229 0
-1228 0
-1227 0
-1226 0
-1225 0
-1224 0
-1223 0
-1222 0
-1221 0
-1220 0
-1219 0
-1218 0
-1217 0
-1216 0
-1215 0
-1214 1
-1213 0
-1212 0
-1211 0
-1210 0
-1209 0
-1208 0
-1207 0
-1206 0
-1205 0
-1204 0
-1203 0
-1202 0
-1201 0
-1200 0
-1199 0
-1198 0
-1197 0
-1196 0
-1195 0
-1194 0
-1193 0
-1192 0
-1191 0
-1190 0
-1189 0
-1188 0
-1187 0
-1186 0
-1185 0
-1184 0
-1183 0
-1182 0
-1181 1
-1180 0
-1179 0
-1178 0
-1177 0
-1176 0
-1175 0
-1174 0
-1173 0
-1172 0
-1171 1
-1170 0
-1169 0
-1168 0
-1167 0
-1166 1
-1165 0
-1164 0
-1163 0
-1162 0
-1161 0
-1160 0
-1159 0
-1158 0
-1157 0
-1156 1
-1155 0
-1154 0
-1153 0
-1152 0
-1151 0
-1150 0
-1149 0
-1148 0
-1147 0
-1146 0
-1145 0
-1144 0
-1143 0
-1142 0
-1141 0
-1140 0
-1139 0
-1138 0
-1137 0
-1136 0
-1135 0
-1134 0
-1133 0
-1132 0
-1131 0
-1130 0
-1129 0
-1128 0
-1127 0
-1126 0
-1125 1
-1124 0
-1123 1
-1122 0
-1121 0
-1120 1
-1119 0
-1118 1
-1117 0
-1116 0
-1115 0
-1114 0
-1113 0
-1112 0
-1111 0
-1110 0
-1109 0
-1108 0
-1107 0
-1106 0
-1105 0
-1104 0
-1103 0
-1102 1
-1101 0
-1100 0
-1099 0
-1098 0
-1097 0
-1096 0
-1095 0
-1094 1
-1093 0
-1092 0
-1091 0
-1090 1
-1089 1
-1088 0
-1087 0
-1086 0
-1085 1
-1084 0
-1083 0
-1082 0
-1081 0
-1080 0
-1079 0
-1078 0
-1077 0
-1076 0
-1075 1
-1074 0
-1073 0
-1072 0
-1071 0
-1070 0
-1069 0
-1068 0
-1067 0
-1066 0
-1065 0
-1064 0
-1063 0
-1062 0
-1061 0
-1060 0
-1059 0
-1058 0
-1057 0
-1056 0
-1055 0
-1054 0
-1053 0
-1052 0
-1051 0
-1050 0
-1049 0
-1048 0
-1047 1
-1046 1
-1045 0
-1044 0
-1043 0
-1042 0
-1041 0
-1040 0
-1039 0
-1038 0
-1037 0
-1036 2
-1035 0
-1034 0
-1033 0
-1032 0
-1031 0
-1030 0
-1029 0
-1028 0
-1027 0
-1026 0
-1025 1
-1024 0
-1023 1
-1022 1
-1021 1
-1020 0
-1019 0
-1018 0
-1017 0
-1016 0
-1015 0
-1014 0
-1013 0
-1012 0
-1011 0
-1010 0
-1009 0
-1008 0
-1007 0
-1006 0
-1005 0
-1004 0
-1003 0
-1002 0
-1001 0
-1000 1
-999 0
-998 0
-997 0
-996 1
-995 0
-994 0
-993 0
-992 0
-991 0
-990 0
-989 0
-988 2
-987 0
-986 0
-985 0
-984 1
-983 0
-982 0
-981 0
-980 1
-979 0
-978 0
-977 0
-976 0
-975 0
-974 0
-973 0
-972 0
-971 0
-970 1
-969 0
-968 0
-967 0
-966 0
-965 0
-964 0
-963 1
-962 0
-961 0
-960 0
-959 0
-958 1
-957 0
-956 0
-955 0
-954 0
-953 1
-952 0
-951 1
-950 0
-949 1
-948 0
-947 0
-946 0
-945 0
-944 0
-943 0
-942 1
-941 0
-940 0
-939 0
-938 1
-937 0
-936 0
-935 0
-934 1
-933 0
-932 0
-931 0
-930 0
-929 1
-928 0
-927 1
-926 0
-925 0
-924 0
-923 0
-922 0
-921 0
-920 0
-919 0
-918 1
-917 0
-916 0
-915 0
-914 1
-913 0
-912 0
-911 0
-910 0
-909 1
-908 0
-907 1
-906 1
-905 0
-904 0
-903 0
-902 0
-901 0
-900 0
-899 0
-898 0
-897 0
-896 0
-895 1
-894 0
-893 0
-892 0
-891 0
-890 0
-889 0
-888 0
-887 1
-886 0
-885 0
-884 1
-883 0
-882 0
-881 1
-880 1
-879 1
-878 0
-877 2
-876 1
-875 1
-874 1
-873 1
-872 0
-871 1
-870 1
-869 1
-868 0
-867 0
-866 1
-865 1
-864 1
-863 0
-862 0
-861 0
-860 1
-859 1
-858 0
-857 0
-856 1
-855 0
-854 0
-853 2
-852 0
-851 1
-850 1
-849 0
-848 0
-847 2
-846 0
-845 0
-844 1
-843 0
-842 0
-841 1
-840 1
-839 0
-838 0
-837 0
-836 2
-835 0
-834 2
-833 2
-832 1
-831 0
-830 0
-829 3
-828 0
-827 1
-826 0
-825 0
-824 1
-823 0
-822 0
-821 1
-820 0
-819 0
-818 1
-817 2
-816 1
-815 1
-814 3
-813 1
-812 2
-811 0
-810 0
-809 0
-808 0
-807 3
-806 2
-805 3
-804 0
-803 0
-802 0
-801 0
-800 0
-799 1
-798 0
-797 0
-796 0
-795 0
-794 1
-793 0
-792 0
-791 0
-790 0
-789 0
-788 0
-787 0
-786 3
-785 0
-784 0
-783 0
-782 0
-781 0
-780 1
-779 0
-778 1
-777 0
-776 1
-775 0
-774 0
-773 0
-772 0
-771 1
-770 2
-769 1
-768 1
-767 0
-766 0
-765 1
-764 2
-763 2
-762 0
-761 0
-760 1
-759 1
-758 0
-757 2
-756 0
-755 1
-754 1
-753 0
-752 1
-751 1
-750 0
-749 2
-748 1
-747 1
-746 0
-745 0
-744 1
-743 4
-742 1
-741 0
-740 1
-739 1
-738 0
-737 1
-736 2
-735 1
-734 0
-733 0
-732 2
-731 4
-730 2
-729 1
-728 2
-727 1
-726 1
-725 1
-724 0
-723 1
-722 1
-721 1
-720 0
-719 2
-718 1
-717 2
-716 4
-715 2
-714 0
-713 1
-712 4
-711 2
-710 2
-709 0
-708 3
-707 0
-706 2
-705 2
-704 1
-703 3
-702 2
-701 1
-700 1
-699 0
-698 0
-697 3
-696 0
-695 3
-694 2
-693 1
-692 4
-691 0
-690 3
-689 2
-688 3
-687 2
-686 1
-685 1
-684 3
-683 1
-682 4
-681 3
-680 1
-679 2
-678 3
-677 0
-676 0
-675 3
-674 1
-673 0
-672 4
-671 1
-670 4
-669 2
-668 2
-667 1
-666 1
-665 2
-664 5
-663 5
-662 1
-661 1
-660 1
-659 2
-658 2
-657 1
-656 1
-655 3
-654 4
-653 0
-652 2
-651 2
-650 4
-649 6
-648 0
-647 3
-646 1
-645 4
-644 1
-643 3
-642 2
-641 2
-640 3
-639 2
-638 1
-637 3
-636 4
-635 2
-634 4
-633 2
-632 1
-631 0
-630 1
-629 2
-628 1
-627 1
-626 4
-625 3
-624 1
-623 3
-622 2
-621 6
-620 1
-619 6
-618 4
-617 4
-616 3
-615 4
-614 1
-613 4
-612 1
-611 3
-610 1
-609 2
-608 2
-607 4
-606 2
-605 3
-604 1
-603 5
-602 2
-601 1
-600 6
-599 0
-598 3
-597 0
-596 2
-595 4
-594 0
-593 4
-592 5
-591 2
-590 4
-589 3
-588 3
-587 5
-586 2
-585 0
-584 1
-583 1
-582 5
-581 3
-580 2
-579 1
-578 2
-577 5
-576 0
-575 6
-574 2
-573 3
-572 2
-571 3
-570 0
-569 7
-568 5
-567 4
-566 3
-565 2
-564 5
-563 4
-562 2
-561 7
-560 5
-559 5
-558 7
-557 3
-556 6
-555 3
-554 5
-553 3
-552 3
-551 6
-550 6
-549 3
-548 3
-547 2
-546 6
-545 3
-544 2
-543 6
-542 3
-541 5
-540 2
-539 2
-538 3
-537 7
-536 6
-535 5
-534 4
-533 4
-532 4
-531 4
-530 4
-529 3
-528 8
-527 5
-526 4
-525 4
-524 6
-523 4
-522 7
-521 6
-520 4
-519 5
-518 4
-517 4
-516 5
-515 5
-514 5
-513 5
-512 7
-511 4
-510 5
-509 9
-508 4
-507 3
-506 3
-505 3
-504 5
-503 3
-502 5
-501 6
-500 5
-499 8
-498 5
-497 5
-496 5
-495 4
-494 5
-493 4
-492 6
-491 8
-490 5
-489 4
-488 2
-487 3
-486 4
-485 13
-484 5
-483 5
-482 7
-481 8
-480 6
-479 11
-478 4
-477 6
-476 9
-475 3
-474 8
-473 7
-472 5
-471 6
-470 6
-469 7
-468 5
-467 4
-466 5
-465 4
-464 8
-463 6
-462 6
-461 10
-460 7
-459 9
-458 11
-457 9
-456 5
-455 3
-454 6
-453 9
-452 7
-451 8
-450 10
-449 7
-448 5
-447 8
-446 5
-445 9
-444 10
-443 8
-442 5
-441 9
-440 8
-439 11
-438 8
-437 9
-436 11
-435 9
-434 11
-433 8
-432 15
-431 7
-430 8
-429 15
-428 12
-427 11
-426 10
-425 10
-424 8
-423 10
-422 12
-421 15
-420 6
-419 13
-418 7
-417 12
-416 13
-415 4
-414 10
-413 10
-412 15
-411 8
-410 12
-409 13
-408 9
-407 7
-406 9
-405 7
-404 12
-403 9
-402 8
-401 14
-400 8
-399 6
-398 16
-397 14
-396 11
-395 11
-394 12
-393 10
-392 16
-391 11
-390 13
-389 14
-388 10
-387 11
-386 17
-385 16
-384 6
-383 16
-382 11
-381 18
-380 14
-379 17
-378 17
-377 15
-376 15
-375 18
-374 18
-373 14
-372 16
-371 13
-370 16
-369 12
-368 10
-367 15
-366 15
-365 15
-364 20
-363 20
-362 18
-361 10
-360 21
-359 13
-358 17
-357 12
-356 12
-355 12
-354 19
-353 12
-352 17
-351 22
-350 20
-349 21
-348 16
-347 12
-346 12
-345 18
-344 9
-343 23
-342 24
-341 21
-340 24
-339 20
-338 21
-337 16
-336 13
-335 23
-334 17
-333 21
-332 18
-331 20
-330 22
-329 26
-328 20
-327 24
-326 23
-325 14
-324 16
-323 18
-322 22
-321 26
-320 23
-319 30
-318 14
-317 19
-316 25
-315 16
-314 19
-313 25
-312 24
-311 20
-310 25
-309 22
-308 25
-307 18
-306 21
-305 29
-304 19
-303 26
-302 22
-301 27
-300 26
-299 23
-298 25
-297 30
-296 24
-295 32
-294 29
-293 39
-292 23
-291 21
-290 38
-289 22
-288 21
-287 22
-286 21
-285 34
-284 28
-283 24
-282 39
-281 26
-280 32
-279 29
-278 28
-277 19
-276 36
-275 27
-274 33
-273 36
-272 38
-271 34
-270 27
-269 36
-268 35
-267 40
-266 41
-265 42
-264 29
-263 35
-262 29
-261 34
-260 40
-259 32
-258 27
-257 45
-256 35
-255 26
-254 46
-253 39
-252 30
-251 35
-250 49
-249 42
-248 49
-247 39
-246 33
-245 38
-244 56
-243 53
-242 51
-241 38
-240 42
-239 45
-238 48
-237 38
-236 41
-235 47
-234 37
-233 42
-232 43
-231 45
-230 53
-229 58
-228 53
-227 53
-226 49
-225 51
-224 51
-223 49
-222 54
-221 52
-220 42
-219 58
-218 53
-217 55
-216 49
-215 49
-214 46
-213 52
-212 60
-211 69
-210 53
-209 58
-208 46
-207 51
-206 76
-205 52
-204 59
-203 58
-202 57
-201 66
-200 62
-199 72
-198 66
-197 70
-196 67
-195 79
-194 73
-193 65
-192 58
-191 88
-190 54
-189 78
-188 81
-187 78
-186 98
-185 83
-184 77
-183 78
-182 73
-181 79
-180 86
-179 90
-178 72
-177 75
-176 84
-175 81
-174 78
-173 72
-172 95
-171 88
-170 92
-169 90
-168 91
-167 112
-166 99
-165 79
-164 105
-163 91
-162 76
-161 115
-160 84
-159 94
-158 93
-157 96
-156 107
-155 110
-154 117
-153 107
-152 106
-151 125
-150 113
-149 106
-148 116
-147 125
-146 119
-145 133
-144 138
-143 130
-142 120
-141 118
-140 120
-139 130
-138 147
-137 148
-136 169
-135 157
-134 148
-133 135
-132 174
-131 154
-130 161
-129 172
-128 185
-127 143
-126 142
-125 170
-124 161
-123 180
-122 164
-121 177
-120 197
-119 168
-118 190
-117 170
-116 183
-115 161
-114 189
-113 201
-112 212
-111 214
-110 228
-109 233
-108 219
-107 233
-106 234
-105 199
-104 229
-103 232
-102 248
-101 236
-100 261
-99 252
-98 231
-97 265
-96 255
-95 262
-94 279
-93 277
-92 279
-91 305
-90 308
-89 281
-88 299
-87 302
-86 318
-85 332
-84 322
-83 335
-82 341
-81 383
-80 358
-79 361
-78 384
-77 379
-76 415
-75 420
-74 416
-73 435
-72 459
-71 459
-70 412
-69 455
-68 462
-67 496
-66 535
-65 530
-64 531
-63 532
-62 535
-61 583
-60 602
-59 571
-58 574
-57 657
-56 644
-55 656
-54 656
-53 709
-52 775
-51 714
-50 798
-49 844
-48 836
-47 917
-46 895
-45 900
-44 969
-43 972
-42 1003
-41 1063
-40 1191
-39 1166
-38 1194
-37 1244
-36 1288
-35 1337
-34 1470
-33 1503
-32 1627
-31 1760
-30 1682
-29 1889
-28 1929
-27 2002
-26 2059
-25 2192
-24 2440
-23 2557
-22 2678
-21 2932
-20 3170
-19 3379
-18 3661
-17 4044
-16 4489
-15 4840
-14 5222
-13 5971
-12 6442
-11 7401
-10 8459
-9 9697
-8 11370
-7 13640
-6 16973
-5 21357
-4 28740
-3 41052
-2 67820
-1 153546
0 967207
1 7048799
2 992465
3 135100
4 63543
5 39698
6 28394
7 21090
8 16789
9 13532
10 11239
11 9674
12 8498
13 7422
14 6458
15 5866
16 5242
17 4784
18 4378
19 4025
20 3669
21 3462
22 3188
23 2893
24 2864
25 2512
26 2331
27 2347
28 2071
29 1973
30 1908
31 1815
32 1733
33 1670
34 1612
35 1506
36 1398
37 1397
38 1327
39 1163
40 1209
41 1225
42 1147
43 1083
44 1009
45 1004
46 935
47 916
48 859
49 886
50 843
51 790
52 755
53 750
54 758
55 745
56 708
57 655
58 638
59 638
60 635
61 590
62 579
63 542
64 559
65 547
66 546
67 520
68 490
69 471
70 475
71 470
72 466
73 466
74 443
75 413
76 416
77 417
78 391
79 420
80 365
81 370
82 382
83 374
84 329
85 331
86 326
87 308
88 325
89 341
90 306
91 309
92 283
93 259
94 271
95 277
96 286
97 260
98 282
99 264
100 278
101 245
102 230
103 234
104 253
105 214
106 222
107 243
108 243
109 220
110 205
111 205
112 225
113 195
114 196
115 186
116 185
117 205
118 195
119 180
120 170
121 173
122 172
123 174
124 177
125 160
126 148
127 168
128 153
129 171
130 149
131 162
132 168
133 165
134 153
135 161
136 164
137 142
138 126
139 142
140 123
141 134
142 122
143 128
144 122
145 111
146 105
147 134
148 124
149 121
150 128
151 98
152 111
153 120
154 123
155 121
156 101
157 93
158 112
159 108
160 115
161 100
162 78
163 91
164 115
165 88
166 111
167 93
168 99
169 93
170 85
171 98
172 89
173 82
174 82
175 85
176 70
177 68
178 76
179 83
180 79
181 80
182 82
183 91
184 82
185 91
186 84
187 95
188 65
189 70
190 63
191 86
192 84
193 85
194 74
195 70
196 82
197 75
198 69
199 74
200 79
201 62
202 67
203 48
204 58
205 59
206 61
207 64
208 51
209 51
210 55
211 58
212 40
213 52
214 54
215 64
216 69
217 59
218 45
219 64
220 51
221 69
222 48
223 68
224 53
225 50
226 64
227 57
228 45
229 55
230 48
231 55
232 50
233 45
234 36
235 51
236 46
237 44
238 51
239 52
240 41
241 35
242 41
243 41
244 41
245 49
246 39
247 34
248 32
249 45
250 39
251 36
252 42
253 32
254 41
255 43
256 34
257 41
258 41
259 27
260 38
261 35
262 33
263 37
264 35
265 35
266 32
267 31
268 34
269 34
270 33
271 39
272 33
273 34
274 33
275 27
276 30
277 40
278 29
279 30
280 34
281 28
282 19
283 27
284 30
285 30
286 33
287 21
288 31
289 36
290 29
291 25
292 29
293 34
294 31
295 27
296 19
297 27
298 28
299 17
300 25
301 25
302 24
303 25
304 27
305 27
306 23
307 25
308 20
309 21
310 25
311 16
312 16
313 21
314 26
315 24
316 18
317 27
318 27
319 20
320 26
321 27
322 24
323 18
324 17
325 29
326 20
327 18
328 24
329 18
330 20
331 24
332 15
333 23
334 29
335 12
336 14
337 17
338 20
339 20
340 21
341 15
342 19
343 22
344 20
345 14
346 19
347 11
348 15
349 11
350 19
351 23
352 14
353 19
354 18
355 12
356 18
357 23
358 17
359 16
360 13
361 10
362 12
363 16
364 18
365 13
366 19
367 18
368 15
369 17
370 20
371 19
372 10
373 11
374 14
375 15
376 16
377 8
378 17
379 20
380 14
381 12
382 7
383 14
384 12
385 6
386 13
387 7
388 11
389 6
390 15
391 8
392 14
393 11
394 16
395 13
396 12
397 9
398 9
399 7
400 9
401 10
402 8
403 11
404 16
405 12
406 8
407 9
408 6
409 9
410 15
411 12
412 11
413 9
414 11
415 9
416 9
417 11
418 15
419 6
420 7
421 8
422 7
423 12
424 8
425 10
426 10
427 12
428 5
429 7
430 11
431 11
432 12
433 9
434 7
435 11
436 4
437 8
438 7
439 8
440 12
441 8
442 9
443 6
444 6
445 4
446 12
447 9
448 8
449 8
450 4
451 9
452 8
453 9
454 10
455 8
456 11
457 9
458 10
459 6
460 4
461 9
462 8
463 2
464 7
465 3
466 6
467 5
468 5
469 8
470 13
471 9
472 4
473 7
474 7
475 5
476 11
477 5
478 11
479 6
480 6
481 5
482 1
483 11
484 11
485 5
486 8
487 5
488 7
489 4
490 6
491 8
492 7
493 7
494 5
495 8
496 7
497 4
498 1
499 3
500 5
501 3
502 8
503 5
504 10
505 5
506 4
507 6
508 6
509 1
510 7
511 5
512 7
513 3
514 4
515 2
516 7
517 6
518 3
519 8
520 2
521 7
522 7
523 4
524 7
525 6
526 6
527 1
528 6
529 6
530 2
531 4
532 4
533 5
534 4
535 4
536 5
537 1
538 2
539 4
540 7
541 5
542 7
543 4
544 1
545 7
546 4
547 0
548 0
549 1
550 4
551 2
552 8
553 4
554 2
555 8
556 3
557 4
558 3
559 4
560 5
561 1
562 2
563 2
564 1
565 0
566 2
567 2
568 3
569 2
570 1
571 1
572 8
573 3
574 2
575 3
576 1
577 4
578 5
579 2
580 4
581 1
582 7
583 4
584 1
585 2
586 2
587 1
588 3
589 6
590 1
591 7
592 3
593 4
594 0
595 3
596 3
597 2
598 4
599 1
600 4
601 3
602 7
603 3
604 1
605 3
606 3
607 4
608 4
609 4
610 5
611 0
612 1
613 3
614 3
615 3
616 1
617 1
618 0
619 6
620 1
621 3
622 2
623 3
624 0
625 0
626 2
627 3
628 4
629 0
630 2
631 2
632 3
633 4
634 3
635 2
636 1
637 0
638 4
639 3
640 0
641 1
642 5
643 4
644 0
645 5
646 1
647 0
648 3
649 3
650 1
651 3
652 5
653 1
654 5
655 1
656 5
657 4
658 2
659 1
660 3
661 0
662 1
663 5
664 4
665 0
666 1
667 1
668 2
669 1
670 4
671 3
672 2
673 1
674 3
675 1
676 1
677 1
678 0
679 3
680 4
681 2
682 2
683 4
684 2
685 2
686 3
687 2
688 2
689 2
690 2
691 4
692 1
693 2
694 5
695 1
696 0
697 1
698 1
699 2
700 1
701 1
702 0
703 2
704 1
705 2
706 5
707 2
708 2
709 3
710 0
711 2
712 2
713 0
714 1
715 1
716 1
717 0
718 0
719 2
720 3
721 1
722 2
723 0
724 2
725 0
726 3
727 0
728 3
729 1
730 1
731 3
732 0
733 0
734 1
735 0
736 1
737 1
738 1
739 1
740 0
741 1
742 2
743 1
744 2
745 0
746 0
747 0
748 1
749 0
750 0
751 0
752 1
753 0
754 1
755 3
756 0
757 2
758 2
759 1
760 1
761 1
762 2
763 1
764 1
765 0
766 1
767 1
768 0
769 2
770 2
771 2
772 0
773 2
774 1
775 0
776 1
777 1
778 0
779 0
780 0
781 2
782 0
783 2
784 2
785 0
786 1
787 1
788 3
789 0
790 2
791 1
792 1
793 0
794 0
795 1
796 2
797 0
798 0
799 0
800 2
801 0
802 3
803 2
804 0
805 0
806 1
807 0
808 1
809 1
810 1
811 1
812 1
813 0
814 1
815 0
816 0
817 1
818 0
819 1
820 1
821 2
822 1
823 2
824 1
825 0
826 1
827 0
828 2
829 3
830 3
831 0
832 1
833 0
834 0
835 1
836 1
837 1
838 1
839 2
840 0
841 0
842 1
843 0
844 1
845 1
846 2
847 2
848 0
849 0
850 1
851 1
852 1
853 1
854 0
855 0
856 0
857 0
858 1
859 0
860 1
861 0
862 1
863 0
864 0
865 1
866 0
867 1
868 0
869 0
870 0
871 0
872 1
873 0
874 1
875 1
876 1
877 0
878 1
879 1
880 0
881 0
882 1
883 0
884 0
885 0
886 1
887 0
888 0
889 0
890 0
891 1
892 0
893 2
894 1
895 0
896 1
897 1
898 1
899 0
900 0
901 0
902 1
903 0
904 0
905 0
906 1
907 0
908 0
909 0
910 2
911 0
912 0
913 0
914 0
915 0
916 0
917 0
918 0
919 0
920 2
921 0
922 1
923 0
924 0
925 0
926 0
927 0
928 0
929 0
930 0
931 1
932 1
933 0
934 0
935 0
936 1
937 1
938 1
939 0
940 0
941 1
942 0
943 0
944 0
945 0
946 0
947 0
948 0
949 0
950 0
951 0
952 0
953 0
954 0
955 0
956 0
957 0
958 0
959 0
960 0
961 0
962 0
963 1
964 0
965 0
966 0
967 0
968 0
969 0
970 2
971 1
972 0
973 1
974 0
975 0
976 1
977 1
978 0
979 0
980 0
981 0
982 0
983 1
984 0
985 0
986 1
987 1
988 0
989 0
990 1
991 0
992 0
993 0
994 0
995 0
996 1
997 0
998 2
999 0
1000 0
1001 0
1002 1
1003 0
1004 0
1005 0
1006 0
1007 1
1008 0
1009 0
1010 1
1011 0
1012 0
1013 0
1014 0
1015 0
1016 0
1017 0
1018 0
1019 1
1020 0
1021 0
1022 0
1023 0
1024 0
1025 0
1026 0
1027 0
1028 0
1029 0
1030 0
1031 0
1032 0
1033 0
1034 0
1035 0
1036 0
1037 2
1038 1
1039 1
1040 1
1041 0
1042 0
1043 0
1044 0
1045 0
1046 0
1047 1
1048 0
1049 0
1050 0
1051 0
1052 0
1053 0
1054 0
1055 0
1056 0
1057 0
1058 0
1059 0
1060 0
1061 0
1062 0
1063 0
1064 0
1065 0
1066 0
1067 0
1068 0
1069 0
1070 0
1071 0
1072 0
1073 0
1074 0
1075 0
1076 0
1077 0
1078 0
1079 0
1080 0
1081 0
1082 0
1083 0
1084 0
1085 0
1086 0
1087 0
1088 0
1089 0
1090 0
1091 0
1092 0
1093 0
1094 0
1095 0
1096 0
1097 0
1098 0
1099 0
1100 0
1101 0
1102 2
1103 0
1104 0
1105 0
1106 0
1107 0
1108 0
1109 0
1110 0
1111 0
1112 0
1113 0
1114 0
1115 0
1116 0
1117 0
1118 0
1119 0
1120 0
1121 0
1122 1
1123 0
1124 0
1125 0
1126 0
1127 0
1128 0
1129 1
1130 0
1131 0
1132 0
1133 0
1134 0
1135 0
1136 0
1137 0
1138 0
1139 0
1140 0
1141 0
1142 0
1143 0
1144 0
1145 0
1146 0
1147 0
1148 0
1149 0
1150 0
1151 0
1152 0
1153 0
1154 0
1155 0
1156 0
1157 0
1158 0
1159 0
1160 0
1161 0
1162 0
1163 0
1164 0
1165 0
1166 0
1167 0
1168 0
1169 0
1170 0
1171 0
1172 1
1173 0
1174 0
1175 0
1176 0
1177 0
1178 0
1179 1
1180 0
1181 0
1182 0
1183 0
1184 0
1185 0
1186 0
1187 0
1188 0
1189 0
1190 0
1191 0
1192 0
1193 0
1194 0
1195 0
1196 0
1197 0
1198 0
1199 0
1200 0
1201 0
1202 0
1203 0
1204 0
1205 0
1206 0
1207 0
1208 0
1209 0
1210 0
1211 0
1212 0
1213 0
1214 0
1215 0
1216 0
1217 0
1218 0
1219 0
1220 0
1221 0
1222 0
1223 0
1224 0
1225 0
1226 0
1227 1
1228 0
1229 0
1230 0
1231 0
1232 0
1233 0
1234 0
1235 1
1236 0
1237 0
1238 0
1239 0
1240 0
1241 0
1242 0
1243 0
1244 0
1245 0
1246 0
1247 1
1248 0
1249 0
1250 0
1251 0
1252 0
1253 0
1254 0
1255 0
1256 0
1257 0
1258 0
1259 0
1260 0
1261 0
1262 0
1263 0
1264 0
1265 0
1266 0
1267 0
1268 0
1269 0
1270 0
1271 0
1272 0
1273 0
1274 0
1275 0
1276 0
1277 0
1278 0
1279 0
1280 0
1281 0
1282 0
1283 0
1284 0
1285 0
1286 0
1287 0
1288 0
1289 0
1290 0
1291 0
1292 0
1293 0
1294 0
1295 0
1296 0
1297 0
1298 0
1299 0
1300 0
1301 0
1302 0
1303 0
1304 0
1305 0
1306 0
1307 0
1308 0
1309 0
1310 0
1311 0
1312 0
1313 0
1314 0
1315 0
1316 0
1317 0
1318 0
1319 0
1320 0
1321 0
1322 0
1323 0
1324 0
1325 0
1326 1
1327 0
1328 0
1329 0
1330 0
1331 0
1332 0
1333 0
1334 0
1335 0
1336 0
1337 0
1338 0
1339 0
1340 0
1341 0
1342 0
1343 0
1344 0
1345 0
1346 0
1347 0
1348 0
1349 0
1350 0
1351 0
1352 0
1353 0
1354 0
1355 0
1356 0
1357 0
1358 0
1359 0
1360 0
1361 0
1362 0
1363 0
1364 0
1365 0
1366 0
1367 0
1368 0
1369 0
1370 0
1371 0
1372 0
1373 0
1374 0
1375 0
1376 0
1377 0
1378 0
1379 0
1380 0
1381 0
1382 0
1383 0
1384 0
1385 0
1386 0
1387 0
1388 0
1389 0
1390 0
1391 0
1392 0
1393 0
1394 0
1395 0
1396 0
1397 0
1398 0
1399 0
1400 0
1401 0
1402 0
1403 0
1404 0
1405 0
1406 0
1407 0
1408 0
1409 0
1410 0
1411 0
1412 0
1413 0
1414 0
1415 0
1416 0
1417 0
1418 0
1419 0
1420 0
1421 0
1422 0
1423 0
1424 0
1425 0
1426 0
1427 0
1428 0
1429 0
1430 0
1431 0
1432 0
1433 0
1434 0
1435 0
1436 0
1437 0
1438 0
1439 0
1440 0
1441 0
1442 0
1443 0
1444 0
1445 0
1446 0
1447 0
1448 0
1449 0
1450 0
1451 0
1452 0
1453 0
1454 0
1455 0
1456 0
1457 0
1458 0
1459 1
1460 0
1461 0
1462 0
1463 0
1464 0
1465 0
1466 0
1467 0
1468 0
1469 0
1470 0
1471 0
1472 0
1473 0
1474 0
1475 0
1476 0
1477 0
1478 0
1479 0
1480 0
1481 0
1482 0
1483 0
1484 0
1485 0
1486 0
1487 0
1488 0
1489 0
1490 0
1491 0
1492 0
1493 0
1494 0
1495 0
1496 0
1497 0
1498 0
1499 0
1500 0
1501 0
1502 0
1503 0
1504 0
1505 0
1506 0
1507 0
1508 0
1509 0
1510 0
1511 0
1512 0
1513 0
1514 0
1515 0
1516 0
1517 0
1518 0
1519 0
1520 0
1521 0
1522 0
1523 0
1524 0
1525 0
1526 0
1527 0
1528 0
1529 0
1530 0
1531 0
1532 0
1533 0
1534 0
1535 0
1536 0
1537 1
