2 0.4336489206335207
3 0.4114805356309943
4 0.403301371472998
5 0.4002710446256439
6 0.40030815592793884
7 0.40112948884123434
8 0.4028519458462675
9 0.40505295582872763
10 0.40722090489094204
11 0.4100281617563213
12 0.4119895380306383
13 0.4137835043211188
14 0.41667683783445053
15 0.41859211659232093
16 0.42139427555206077
17 0.42318210055950733
18 0.42585160012983797
19 0.42674896393616085
20 0.42861133356309805
21 0.4296194275762767
22 0.43142922271511847
23 0.43270771475008757
24 0.4346504170365217
25 0.4362971812912076
26 0.43679452284979065
27 0.43919973646078025
28 0.44078405845296803
29 0.44100531353467476
30 0.4423877496596348
31 0.4445896457931286
32 0.445771859672622
33 0.44576453048808556
34 0.44688888125002385
35 0.44751163696762153
36 0.44998750838253276
37 0.4493012819610107
38 0.45175931876606684
39 0.4499018732319802
40 0.4532013553473219
41 0.45468673762581996
42 0.4530029694434688
43 0.45345361555122227
44 0.45381225397912034
45 0.45282506133232686
46 0.45541005543873064
47 0.45846810441152996
48 0.45599232641170934
49 0.4568265131941011
50 0.46006246776877197
51 0.4587296403641262
52 0.4608095548409841
53 0.4573460246360582
54 0.4617851541468667
55 0.461422624877571
56 0.46318745552505847
57 0.46487892471414616
58 0.46246857580063394
59 0.46353920769131723
60 0.4635331530299878
61 0.46816079686944145
62 0.4641168266995816
63 0.4628096403311769
64 0.46395087926805934
65 0.46321876586179395
66 0.4663494988623329
67 0.4682752630055014
68 0.4661868792006186
69 0.46582137784821853
70 0.4656642248211455
71 0.46743320483849526
72 0.46680912976266253
73 0.4688755258716992
74 0.46630773728318065
75 0.4676134221440241
76 0.472103890739163
77 0.47064594823928724
78 0.47111878718096334
79 0.468302312464749
80 0.47064965197215775
81 0.4702721956721779
82 0.46534290514739574
83 0.4725595406194107
84 0.4741293372351031
85 0.4660414610069102
86 0.47141553128909025
87 0.4756642532996155
88 0.4764621968616263
89 0.46651695320840847
90 0.4748594922862208
91 0.4705223736535269
92 0.4667856434661908
93 0.4772421112789321
94 0.47749825009264213
95 0.470717577910271
96 0.4713242049083512
97 0.4742467106740312
98 0.4689087165408373
99 0.4761881970037812
100 0.4786829268292683
101 0.47731648319099573
102 0.4701976837060703
103 0.47754467754467755
104 0.4725181981221648
105 0.4751150825886813
106 0.4696877590494612
107 0.4740682088117188
108 0.47631793320144306
109 0.4757599191005889
110 0.4753328112764291
111 0.4769774958833933
112 0.4759043764229699
113 0.4768671727986503
114 0.47518717286159146
115 0.4803934963792868
116 0.48001673990374555
117 0.47644940329072805
118 0.47399256930551587
119 0.4849686396078149
120 0.4790610056513549
121 0.484655211225332
122 0.4800549157196247
123 0.47578589634664403
124 0.474327820020381
125 0.48172916169094815
126 0.46960374107802116
127 0.48161457462811297
128 0.47959616526681936
129 0.46874726811784245
130 0.4843568945538818
131 0.4724113221067718
132 0.4832970225127088
133 0.4774422073079791
134 0.4796080261315912
135 0.4872015281757402
136 0.4771450706953322
137 0.478135845314824
138 0.4770595946354744
139 0.4807987711213518
140 0.47721694589691604
141 0.4787491741907069
142 0.4766376033981668
143 0.481452773779205
144 0.4887912087912088
145 0.48024523160762944
146 0.48448154244063013
147 0.4827911362564828
148 0.47495765787563515
149 0.4750152718387294
150 0.47767014718832557
151 0.47295405371006743
152 0.4820671037408407
153 0.4821661025774538
154 0.48562682991748735
155 0.48239579117766085
156 0.4930365920262152
157 0.4836881393419961
158 0.4867195104992352
159 0.4857021517553794
160 0.4862965565706254
161 0.475736568457539
162 0.4791040288634997
163 0.47368421052631576
164 0.4816090154953827
165 0.48223583460949465
166 0.4897547345544862
167 0.4652833200319234
168 0.48622950819672134
169 0.48371788577974145
170 0.48116325181758096
171 0.4908474576271186
172 0.4779399429625902
173 0.4809730668983493
174 0.48388239461565713
175 0.4790655884995508
176 0.4773692961389248
177 0.4857090171491794
178 0.4816169745747211
179 0.47969730527870064
180 0.4721323949020354
181 0.47995418098510884
182 0.48553557466770914
183 0.48894642501493724
184 0.4926587301587302
185 0.4863355276281668
186 0.4730514096185738
187 0.4816010329244674
188 0.4874700370451079
189 0.4772111913357401
190 0.46480773555205757
191 0.4856302330844082
192 0.4898876404494382
193 0.4831588529813382
194 0.4864990689013035
195 0.4842080817464004
196 0.48400752587017876
197 0.4706028280823617
198 0.4988836516993302
199 0.47633136094674555
200 0.49464774707493153
201 0.4717076884039584
202 0.48625792811839325
203 0.4828049435787211
204 0.4900935608145294
205 0.48597868760515983
206 0.4802686817800168
207 0.48597081930415265
208 0.4800228310502283
209 0.48765256883338065
210 0.4761769710720363
211 0.46695652173913044
212 0.4792235365483773
213 0.4781789638932496
214 0.48464912280701755
215 0.4799363057324841
216 0.4902543772712256
217 0.5038474406155905
218 0.4990059642147117
219 0.48602794411177647
220 0.477891156462585
221 0.48305972755850507
222 0.46591323368574555
223 0.4819364161849711
224 0.49309245483528164
225 0.4795630725863284
226 0.49547265483520464
227 0.47624309392265196
228 0.49794699514744306
229 0.493125232255667
230 0.4860527321360336
231 0.5051851851851852
232 0.48578811369509045
233 0.4953632148377125
234 0.492442322991249
235 0.4710877476748888
236 0.4698544698544699
237 0.48028673835125446
238 0.4886260236578708
239 0.4835409252669039
240 0.4873873873873874
241 0.48713235294117646
242 0.4817888427846934
243 0.4979310344827586
244 0.48722627737226276
245 0.47776309995596655
246 0.49707602339181284
247 0.45588235294117646
248 0.4814264487369985
249 0.472790813779331
250 0.4960707269155206
251 0.48330058939096265
252 0.48225152129817445
253 0.481672689726381
254 0.4896265560165975
255 0.49117341640706125
256 0.4776595744680851
257 0.47652838427947597
258 0.4963948973932335
259 0.4774520856820744
260 0.47985781990521326
261 0.4856486796785304
262 0.4865023474178404
263 0.4835680751173709
264 0.4651449722393584
265 0.4855889724310777
266 0.4911727616645649
267 0.471278567016677
268 0.47971667739858337
269 0.48318462594371997
270 0.49861687413554634
271 0.49107780157030695
272 0.4792375765827093
273 0.47050359712230216
274 0.4750902527075812
275 0.5029850746268657
276 0.4944237918215613
277 0.48778625954198473
278 0.46744186046511627
279 0.4992211838006231
280 0.4738095238095238
281 0.5105421686746988
282 0.47737556561085975
283 0.47881996974281393
284 0.49487785657998423
285 0.4570970328789094
286 0.47738693467336685
287 0.49274193548387096
288 0.4785373608903021
289 0.4870967741935484
290 0.4728171334431631
291 0.5016806722689076
292 0.4928390901432182
293 0.4575273338940286
294 0.4639443961772372
295 0.5069252077562327
296 0.4654028436018957
297 0.47534516765285995
298 0.5199619771863118
299 0.48390064397424104
300 0.4795158286778399
301 0.46236559139784944
302 0.4762845849802372
303 0.5014778325123153
304 0.49075975359342916
305 0.48869752421959095
306 0.4763819095477387
307 0.45482866043613707
308 0.4583795782463929
309 0.46300448430493274
310 0.4972375690607735
311 0.4649321266968326
312 0.4700460829493088
313 0.48568019093078757
314 0.4963235294117647
315 0.44871794871794873
316 0.5083870967741936
317 0.467843631778058
318 0.4895833333333333
319 0.4669312169312169
320 0.4603825136612022
321 0.466484268125855
322 0.4759887005649718
323 0.48905109489051096
324 0.47653958944281527
325 0.47540983606557374
326 0.4645799011532125
327 0.47627416520210897
328 0.4983108108108108
329 0.46256239600665555
330 0.47466216216216217
331 0.5042301184433164
332 0.4750830564784053
333 0.4710017574692443
334 0.46511627906976744
335 0.4755877034358047
336 0.4840989399293286
337 0.48722627737226276
338 0.4868913857677903
339 0.489247311827957
340 0.43843283582089554
341 0.49423076923076925
342 0.4867924528301887
343 0.4709193245778612
344 0.47283702213279677
345 0.47713717693836977
346 0.4856512141280353
347 0.5238095238095238
348 0.48625792811839325
349 0.5204301075268817
350 0.47544642857142855
351 0.48552338530066813
352 0.4727272727272727
353 0.5339366515837104
354 0.4700460829493088
355 0.501123595505618
356 0.48660714285714285
357 0.5
358 0.5059952038369304
359 0.49160671462829736
360 0.49295774647887325
361 0.4894613583138173
362 0.47229551451187335
363 0.4945945945945946
364 0.5284974093264249
365 0.4483695652173913
366 0.5072886297376094
367 0.47619047619047616
368 0.5183098591549296
369 0.4689265536723164
370 0.4415954415954416
371 0.5030120481927711
372 0.4482758620689655
373 0.5245901639344263
374 0.5
375 0.502906976744186
376 0.46855345911949686
377 0.5349544072948328
378 0.48725212464589235
379 0.4441176470588235
380 0.5049833887043189
381 0.48
382 0.49642857142857144
383 0.49242424242424243
384 0.46923076923076923
385 0.4830188679245283
386 0.3724696356275304
387 0.49344978165938863
388 0.46923076923076923
389 0.44635193133047213
390 0.5526315789473685
391 0.4380952380952381
392 0.4577114427860697
393 0.46116504854368934
394 0.48205128205128206
395 0.5
396 0.4635416666666667
397 0.45652173913043476
398 0.5248868778280543
399 0.4292237442922374
400 0.5069767441860465
401 0.497737556561086
402 0.4485981308411215
403 0.5056179775280899
404 0.514792899408284
405 0.5175879396984925
406 0.5
407 0.5113636363636364
408 0.526595744680851
409 0.4550561797752809
410 0.5056818181818182
411 0.4723926380368098
412 0.44242424242424244
413 0.4657534246575342
414 0.569620253164557
415 0.4864864864864865
416 0.5
417 0.5254237288135594
418 0.4648648648648649
419 0.47928994082840237
420 0.49444444444444446
421 0.41916167664670656
422 0.4338235294117647
423 0.47368421052631576
424 0.5233644859813084
425 0.42574257425742573
426 0.5208333333333334
427 0.45871559633027525
428 0.4482758620689655
429 0.5615384615384615
430 0.4852941176470588
431 0.4672131147540984
432 0.4959349593495935
433 0.5043478260869565
434 0.40816326530612246
435 0.5211267605633803
436 0.4647887323943662
437 0.5666666666666667
438 0.49
439 0.5057471264367817
440 0.5277777777777778
441 0.4666666666666667
442 0.42696629213483145
443 0.4578313253012048
444 0.49382716049382713
445 0.5604395604395604
446 0.45555555555555555
447 0.5609756097560976
448 0.3875
449 0.5694444444444444
450 0.41025641025641024
451 0.36619718309859156
452 0.3728813559322034
453 0.49122807017543857
454 0.37254901960784315
455 0.58
456 0.5409836065573771
457 0.4594594594594595
458 0.417910447761194
459 0.4727272727272727
460 0.46153846153846156
461 0.45454545454545453
462 0.5283018867924528
463 0.46153846153846156
464 0.5714285714285714
465 0.4883720930232558
466 0.5660377358490566
467 0.5161290322580645
468 0.6081081081081081
469 0.46153846153846156
470 0.4444444444444444
471 0.3
472 0.43902439024390244
473 0.3055555555555556
474 0.5454545454545454
475 0.46938775510204084
476 0.5238095238095238
477 0.47619047619047616
478 0.5897435897435898
479 0.52
480 0.4883720930232558
481 0.47368421052631576
482 0.43902439024390244
483 0.5555555555555556
484 0.375
485 0.5128205128205128
486 0.3888888888888889
487 0.4666666666666667
488 0.44
489 0.42857142857142855
490 0.4117647058823529
491 0.4166666666666667
492 0.5238095238095238
493 0.45
494 0.4782608695652174
495 0.25
496 0.3076923076923077
497 0.3
498 0.7241379310344828
