0 917288
1 74130
2 16679
3 7278
4 3531
5 1997
6 1182
7 717
8 481
9 342
10 253
11 198
12 135
13 116
14 72
15 72
16 58
17 46
18 48
19 34
20 18
21 28
22 15
23 6
24 10
25 12
26 13
27 10
28 7
29 9
30 5
31 7
32 9
33 1
34 1
35 2
36 3
37 4
38 4
39 3
40 1
41 1
42 2
43 5
44 1
45 2
46 1
47 1
48 2
49 2
50 2
51 2
52 2
53 0
54 0
55 0
56 0
57 3
58 2
59 1
60 0
61 1
62 0
63 1
64 0
65 0
66 1
67 0
68 0
69 0
70 1
71 0
72 1
73 1
74 0
75 0
76 1
77 0
78 0
79 0
80 0
81 1
82 1
83 0
84 0
85 1
86 0
87 0
88 1
89 0
90 0
91 0
92 0
93 0
94 0
95 0
96 0
97 0
98 0
99 0
100 0
101 0
102 0
103 0
104 0
105 0
106 0
107 0
108 0
109 0
110 0
111 0
112 0
113 0
114 0
115 0
116 0
117 0
118 0
119 0
120 0
121 1
122 0
123 0
124 0
125 0
126 0
127 0
128 0
129 0
130 0
131 0
132 0
133 0
134 0
135 0
136 0
137 0
138 0
139 0
140 0
141 0
142 0
143 0
144 0
145 0
146 0
147 0
148 0
149 0
150 0
151 0
152 0
153 0
154 0
155 0
156 0
157 0
158 0
159 0
160 0
161 0
162 0
163 0
164 0
165 0
166 0
167 0
168 0
169 0
170 0
171 0
172 0
173 0
174 0
175 0
176 0
177 0
178 0
179 0
180 0
181 0
182 1
183 0
184 0
185 0
186 0
187 0
188 0
189 1
