0 0.5017
1 0.499
2 0.4953
3 0.505
4 0.5005
5 0.504
6 0.5044
7 0.5067
8 0.4947
9 0.496
10 0.4955
11 0.5009
12 0.5017
13 0.5004
14 0.507
15 0.5038
16 0.4971
17 0.4984
18 0.4999
19 0.5063
20 0.5079
21 0.4963
22 0.509
23 0.5053
24 0.5062
25 0.4988
26 0.5021
27 0.5055
28 0.5047
29 0.4922
30 0.5034
31 0.5023
32 0.4979
33 0.5016
34 0.4923
35 0.5035
36 0.5036
37 0.5018
38 0.4905
39 0.489
40 0.4986
41 0.5111
42 0.4977
43 0.4936
44 0.4981
45 0.5022
46 0.5027
47 0.4982
48 0.4938
49 0.4975
50 0.4939
51 0.5031
52 0.4958
53 0.4957
54 0.4962
55 0.4989
56 0.5004
57 0.5083
58 0.4949
59 0.5013
60 0.4984
61 0.4967
62 0.4961
63 0.502
64 0.5021
65 0.4942
66 0.5022
67 0.4967
68 0.5009
69 0.5065
70 0.496
71 0.5082
72 0.5044
73 0.5001
74 0.5097
75 0.5058
76 0.4993
77 0.5031
78 0.4987
79 0.5002
80 0.4983
81 0.5007
82 0.5052
83 0.5057
84 0.4941
85 0.4988
86 0.5011
87 0.4946
88 0.4987
89 0.5032
90 0.4878
91 0.5015
92 0.498
93 0.5039
94 0.4961
95 0.5026
96 0.5002
97 0.5006
98 0.5007
99 0.4996
100 0.5038
101 0.498
102 0.499
103 0.5027
104 0.4988
105 0.5026
106 0.4976
107 0.5025
108 0.5022
109 0.5013
110 0.4999
