2 0.7501007930979378
3 0.7059229844906093
4 0.6767227387845592
5 0.6545758924800633
6 0.6380399814698625
7 0.624371791509529
8 0.6131943136149619
9 0.6034540484231511
10 0.5953258497829643
11 0.588093586307991
12 0.5816775000346753
13 0.5762110880585548
14 0.5710018570240465
15 0.5662856962662615
16 0.5620591406585945
17 0.5584686057845978
18 0.5552581659469908
19 0.5515290352104179
20 0.5489105556909918
21 0.5459182195684151
22 0.5436650920187407
23 0.5415344688046503
24 0.5391085467959533
25 0.5370624387509495
26 0.5351012411250022
27 0.5329431709625704
28 0.5310114449566555
29 0.5295666854794367
30 0.5282627738136431
31 0.5266206969017501
32 0.5249985696815004
33 0.5239068415266775
34 0.5221171018189296
35 0.5210914333711251
36 0.5199808935241583
37 0.5191167822711683
38 0.5177137835290522
39 0.516751759852175
40 0.5154745511233516
41 0.5146872599074775
42 0.5145403211133281
43 0.5124796382152255
44 0.5118637619230457
45 0.5107065639144284
46 0.5106425941828137
47 0.509862762243183
48 0.509098946694235
49 0.5075266093964467
50 0.5073627862358326
51 0.5071909542421306
52 0.5064620731332569
53 0.5056327088944371
54 0.5052129279334767
55 0.5042172983805574
56 0.5035141538771595
57 0.5027921163155713
58 0.5021817592901366
59 0.5023700653516828
60 0.5021802065976949
61 0.5012127379104053
62 0.5008438242509826
63 0.5000127508627735
64 0.49937537364901696
65 0.4989401645846798
66 0.49874470024903494
67 0.49848253131947046
68 0.49782013563095656
69 0.4970665502566277
70 0.49686517724998236
71 0.4966210649341097
72 0.49616968978616327
73 0.49546135116222373
74 0.494839548480556
75 0.4947437682745553
76 0.4942912641475227
77 0.49466149069631266
78 0.49453421493688715
79 0.4940817846046567
80 0.49349997354800595
81 0.4935617347934827
82 0.49253064685143805
83 0.49226284983056473
84 0.4918405483536877
85 0.49196399487891107
86 0.4920961468262506
87 0.4914689945335543
88 0.49032671276616974
89 0.49063516883432845
90 0.490970313085256
91 0.49072901957815995
92 0.490828805245971
93 0.48972566689128255
94 0.4893705929509028
95 0.4901232680878611
96 0.48894815737184477
97 0.48813052678694246
98 0.4884644263504661
99 0.4885283988631502
100 0.4889163962396708
101 0.48713370872440764
102 0.48730154120790103
103 0.4873219975858817
104 0.48706531008530213
105 0.4868335549960324
106 0.4867569721373925
107 0.48731814138208845
108 0.4864098235251963
109 0.48604886890375093
110 0.4869119997257891
111 0.4855593048305396
112 0.4851155467090313
113 0.4857467379560628
114 0.48582070561855956
115 0.4847516620573622
116 0.485141797373743
117 0.48575053476794
118 0.484777376654633
119 0.4848575264806803
120 0.48387679274872764
121 0.4852855083314748
122 0.4836290866764237
123 0.4834439930781409
124 0.4837001221244673
125 0.4832259083728278
126 0.4829706974851052
127 0.4825334494119994
128 0.4834281322059954
129 0.48238997974122555
130 0.4818729518811725
131 0.4829434125043222
132 0.48278240973462067
133 0.4827725170951035
134 0.48172214044917144
135 0.4835012999995194
136 0.48241400408464635
137 0.4811831444666447
138 0.4816486481410766
139 0.48187165606103777
140 0.48142141169320873
141 0.4810124281580283
142 0.4810324028689246
143 0.4808882883772969
144 0.4811729058584449
145 0.4812201500090268
146 0.48099919576250033
147 0.4800671328357308
148 0.4814755945606113
149 0.48043517340063707
150 0.47940717605979516
151 0.4801336338420911
152 0.48054841730661174
153 0.4810711591804954
154 0.48008898228815555
155 0.47881482174750617
156 0.4790867305364588
157 0.4801343346985885
158 0.47901970412216266
159 0.48085185173047745
160 0.47794485175067875
161 0.4793984516398664
162 0.4794138243006323
163 0.4790137470264228
164 0.47835515219661073
165 0.47872949256009156
166 0.4785178865256871
167 0.47875055360734176
168 0.4794579863906972
169 0.47850448475630214
170 0.47861047720090377
171 0.4781094707824005
172 0.47908625078769823
173 0.47903531944036787
174 0.47753204342566163
175 0.4776281898616884
176 0.4773139782763171
177 0.47883949031780254
178 0.47719179490160984
179 0.4776581525800103
180 0.47685632862053834
181 0.47680120220490596
182 0.476236992713072
183 0.4777174526516619
184 0.47703986608084514
185 0.47821704863255005
186 0.47567208153251783
187 0.47626540354856856
188 0.47637760072286095
189 0.47636223201748845
190 0.476050892155492
191 0.47609727251846096
192 0.4779423931324197
193 0.4765096818793253
194 0.47566176489176404
195 0.4761315911673931
196 0.47631044333109335
197 0.4758382953698161
198 0.47812964511952777
199 0.47498781108665844
200 0.47605832690436145
201 0.4765176252370319
202 0.4762642877056036
203 0.47632480297729474
204 0.47416399463400544
205 0.4759547567669336
206 0.47614649132294096
207 0.4770400996057764
208 0.4740365793613623
209 0.4759757708247939
210 0.47580514000767166
211 0.4743524789650853
212 0.4746912742570227
213 0.4759114019471042
214 0.4751824367514739
215 0.47472077083996994
216 0.4749663544090641
217 0.4749499738117941
218 0.47487689422942764
219 0.47596664295801505
220 0.47417980563242373
221 0.4744989105990654
222 0.4746334482672907
223 0.472811030101368
224 0.4762428084322837
225 0.4756506349048655
226 0.4746269661156994
227 0.472663566431185
228 0.47533338442673206
229 0.47299683413841115
230 0.47387143585519864
231 0.47417566268697026
232 0.4752698799149883
233 0.47496711541272185
234 0.47471472603862674
235 0.47393761601697165
236 0.47480310670170717
237 0.47563531458147723
238 0.47464452427560394
239 0.4741749200127456
240 0.47464453611353574
241 0.4723931336250421
242 0.47355755014398343
243 0.4735097822006976
244 0.4733451150105061
245 0.4729064965208117
246 0.4750705906877144
247 0.47264749276667495
248 0.4727566055300752
249 0.47475215097982243
250 0.4739971539173442
251 0.47182147787436096
252 0.47404333181704345
253 0.47468083460139787
254 0.46974568075485507
255 0.4736354982018193
256 0.47109323536185005
257 0.47346766422330255
258 0.4707285389922278
259 0.470697237049534
260 0.47170202861485483
261 0.4741914101670717
262 0.4723076658704655
263 0.4745997679814385
264 0.4724642436529188
265 0.47317642320722086
266 0.4698072573271091
267 0.4720478380417062
268 0.4716186553544123
269 0.473195370307093
270 0.4735079573513612
271 0.4732772981014992
272 0.47358087317016645
273 0.47241372575825635
274 0.47135702863310014
275 0.47354577033512035
276 0.47427783187276856
277 0.4732537910439583
278 0.4732296107635236
279 0.47273909668757474
280 0.472229293957909
281 0.4710947992903879
282 0.4719182707318313
283 0.4742821867673969
284 0.46999027995221593
285 0.47507048411657393
286 0.4711380255941499
287 0.4703564960294732
288 0.4733823839209781
289 0.47135882703839754
290 0.4705606063018453
291 0.4710839684816062
292 0.4701546454519625
293 0.47087374647284813
294 0.4715167467701765
295 0.4700645807344043
296 0.4732081969448991
297 0.4711535972805784
298 0.47307336001817835
299 0.4710668122424541
300 0.4717961560132724
301 0.4711230237064672
302 0.4709152529851229
303 0.4732676782777695
304 0.47197178316798066
305 0.4727697834888893
306 0.4723814636578024
307 0.471077508395287
308 0.4723526827124933
309 0.46962110826329695
310 0.4683840279380626
311 0.46855521774939757
312 0.469138974828093
313 0.47070690264750537
314 0.4699237801659523
315 0.4701105273857545
316 0.4728708123636521
317 0.47164667393675025
318 0.47262174841963833
319 0.4723358497677564
320 0.47309807980021823
321 0.4703937241308537
322 0.46627096834026965
323 0.47135792898504764
324 0.47324629080118696
325 0.4746631919955052
326 0.4716354170415422
327 0.46825251601097895
328 0.4696999801311345
329 0.4697672081307554
330 0.4701789138191561
331 0.4698671721894173
332 0.46841164585815676
333 0.4698804665870652
334 0.47239492002763167
335 0.4694023121542872
336 0.47244828984723536
337 0.4697166445686792
338 0.46940333731293554
339 0.4688212927756654
340 0.47317611754381
341 0.4663506973281022
342 0.4684819151402736
343 0.46650862132434145
344 0.4687795577041452
345 0.4688648025017458
346 0.4718558081546584
347 0.46873601185423003
348 0.46941139636819035
349 0.4690325855887299
350 0.4716996301656215
351 0.4676261319534282
352 0.4683143115198292
353 0.468476415565394
354 0.47019723403542846
355 0.4709613042890001
356 0.47013840179289346
357 0.47535602639805485
358 0.46994334227928924
359 0.46936137816256795
360 0.46915351506456243
361 0.4696627576662539
362 0.469369302874857
363 0.469477588176897
364 0.469216488595893
365 0.4723818950093266
366 0.46970310781873953
367 0.4714500595807857
368 0.47088757396449704
369 0.46907486501732615
370 0.46991333565530946
371 0.4715846881649348
372 0.46950011470042335
373 0.4706054279749478
374 0.46846256317002516
375 0.4664414462571361
376 0.4674582894934616
377 0.4689149239023322
378 0.46974592776203966
379 0.468346209830926
380 0.4711671780884191
381 0.47272350612282477
382 0.47182305198537694
383 0.468527717530726
384 0.46683551562649334
385 0.47327617437507546
386 0.4762343806866432
387 0.46935274367080854
388 0.47067372829166154
389 0.46753117455260473
390 0.4664569964744972
391 0.47264218862491003
392 0.4697104560448191
393 0.46853460797000024
394 0.4707973051827489
395 0.46389337641357026
396 0.465809404457037
397 0.46693735498839906
398 0.470505932393105
399 0.4718518309700335
400 0.4658349710900339
401 0.47240231797578747
402 0.4677179150240911
403 0.4729829537061656
404 0.46489241223103056
405 0.4689833080424886
406 0.47097975757945837
407 0.4691441580015997
408 0.46713811606339756
409 0.46550582000567803
410 0.4735066353908936
411 0.4672915382869004
412 0.46699250570218315
413 0.4690658448487259
414 0.47180344308875144
415 0.4688072771705926
416 0.46852668649776047
417 0.4655052021506878
418 0.46413174075906427
419 0.4730319923303625
420 0.4648656416151746
421 0.46360460037851214
422 0.468070252792475
423 0.47191879068741033
424 0.47204233430781184
425 0.4678523086178373
426 0.4703307578122026
427 0.4643593070289247
428 0.4661349976883957
429 0.4701142231262713
430 0.46628077548269437
431 0.4671768022553363
432 0.4634306329944244
433 0.4706276150627615
434 0.46979412757340533
435 0.47021822849807443
436 0.4720158922093626
437 0.4721653971708379
438 0.46911137492854943
439 0.4668232791099685
440 0.46385431918008785
441 0.4637634358998016
442 0.47349906191369606
443 0.47175860443187173
444 0.470797620720341
445 0.4657092753211053
446 0.47316438620158024
447 0.46911065852002715
448 0.4667783086243412
449 0.47070536114291406
450 0.4599409549017612
451 0.47000051237382795
452 0.46613710218187443
453 0.46932483277591974
454 0.4652533010679152
455 0.46955214262700035
456 0.4708308460411353
457 0.4583630283427444
458 0.4650452488687783
459 0.46825487290550555
460 0.4681846715745021
461 0.4674106886038083
462 0.46953093291586945
463 0.4687682088334693
464 0.46557971014492755
465 0.4688443103142198
466 0.4582360337704329
467 0.4648269064925465
468 0.4647341787967764
469 0.4727999500343514
470 0.46985381767990464
471 0.4590341488277268
472 0.4684074790457769
473 0.4670875254816861
474 0.4656468240771533
475 0.47001207567422515
476 0.4694788075441087
477 0.4680198896532934
478 0.4725289895085588
479 0.46644388749651905
480 0.45626511164841416
481 0.4660385626643295
482 0.4723736555179019
483 0.462938402593575
484 0.46632933998065335
485 0.4630071599045346
486 0.4642451759364359
487 0.46178172001542617
488 0.46008386739457235
489 0.47118751989812163
490 0.464963503649635
491 0.4650413223140496
492 0.4726056043496445
493 0.46174474147322553
494 0.46942850012478166
495 0.46381105561669345
496 0.4640034737299175
497 0.466608921611087
498 0.4647497805092186
