-524 1
-523 0
-522 0
-521 0
-520 0
-519 0
-518 0
-517 0
-516 0
-515 0
-514 0
-513 0
-512 0
-511 0
-510 0
-509 0
-508 0
-507 0
-506 0
-505 0
-504 0
-503 0
-502 0
-501 1
-500 0
-499 0
-498 0
-497 0
-496 0
-495 0
-494 1
-493 0
-492 0
-491 0
-490 0
-489 0
-488 0
-487 0
-486 0
-485 0
-484 0
-483 0
-482 0
-481 0
-480 0
-479 0
-478 0
-477 0
-476 0
-475 0
-474 0
-473 0
-472 0
-471 0
-470 0
-469 0
-468 0
-467 0
-466 1
-465 0
-464 0
-463 0
-462 0
-461 0
-460 0
-459 0
-458 0
-457 0
-456 0
-455 0
-454 0
-453 0
-452 0
-451 0
-450 0
-449 0
-448 0
-447 0
-446 0
-445 0
-444 1
-443 0
-442 0
-441 0
-440 0
-439 0
-438 0
-437 0
-436 0
-435 0
-434 0
-433 1
-432 0
-431 0
-430 0
-429 0
-428 0
-427 0
-426 0
-425 0
-424 0
-423 0
-422 0
-421 0
-420 0
-419 0
-418 0
-417 0
-416 0
-415 0
-414 0
-413 0
-412 0
-411 0
-410 1
-409 1
-408 0
-407 0
-406 0
-405 0
-404 0
-403 0
-402 1
-401 0
-400 1
-399 0
-398 1
-397 2
-396 0
-395 0
-394 0
-393 0
-392 0
-391 0
-390 0
-389 0
-388 0
-387 0
-386 0
-385 0
-384 0
-383 0
-382 0
-381 0
-380 0
-379 0
-378 0
-377 0
-376 1
-375 1
-374 0
-373 0
-372 1
-371 0
-370 0
-369 0
-368 0
-367 0
-366 1
-365 1
-364 0
-363 1
-362 0
-361 0
-360 0
-359 1
-358 2
-357 0
-356 0
-355 1
-354 0
-353 2
-352 0
-351 0
-350 0
-349 0
-348 0
-347 0
-346 2
-345 1
-344 1
-343 0
-342 0
-341 0
-340 0
-339 1
-338 0
-337 0
-336 0
-335 0
-334 0
-333 1
-332 1
-331 3
-330 1
-329 0
-328 0
-327 1
-326 0
-325 1
-324 0
-323 2
-322 0
-321 3
-320 1
-319 0
-318 1
-317 2
-316 3
-315 4
-314 2
-313 1
-312 0
-311 1
-310 0
-309 2
-308 5
-307 0
-306 0
-305 3
-304 3
-303 0
-302 1
-301 2
-300 1
-299 4
-298 1
-297 3
-296 1
-295 0
-294 3
-293 2
-292 3
-291 2
-290 3
-289 2
-288 3
-287 4
-286 3
-285 5
-284 4
-283 3
-282 1
-281 4
-280 5
-279 5
-278 4
-277 6
-276 0
-275 7
-274 3
-273 5
-272 3
-271 5
-270 7
-269 4
-268 6
-267 4
-266 3
-265 5
-264 4
-263 5
-262 4
-261 7
-260 9
-259 7
-258 7
-257 6
-256 5
-255 8
-254 7
-253 4
-252 4
-251 13
-250 7
-249 12
-248 8
-247 8
-246 10
-245 9
-244 10
-243 9
-242 13
-241 14
-240 7
-239 17
-238 11
-237 2
-236 14
-235 10
-234 8
-233 13
-232 13
-231 26
-230 12
-229 20
-228 15
-227 20
-226 23
-225 16
-224 20
-223 27
-222 20
-221 13
-220 20
-219 21
-218 29
-217 21
-216 20
-215 28
-214 19
-213 23
-212 29
-211 31
-210 27
-209 44
-208 32
-207 31
-206 33
-205 35
-204 37
-203 32
-202 34
-201 38
-200 41
-199 35
-198 44
-197 44
-196 39
-195 40
-194 52
-193 61
-192 51
-191 62
-190 46
-189 59
-188 61
-187 65
-186 62
-185 67
-184 55
-183 52
-182 67
-181 66
-180 68
-179 73
-178 65
-177 66
-176 67
-175 78
-174 75
-173 99
-172 92
-171 93
-170 95
-169 112
-168 92
-167 112
-166 104
-165 107
-164 118
-163 123
-162 106
-161 131
-160 119
-159 130
-158 120
-157 131
-156 116
-155 167
-154 147
-153 171
-152 159
-151 149
-150 186
-149 158
-148 169
-147 197
-146 218
-145 209
-144 188
-143 223
-142 195
-141 241
-140 210
-139 236
-138 243
-137 256
-136 265
-135 275
-134 281
-133 335
-132 316
-131 315
-130 316
-129 302
-128 342
-127 312
-126 364
-125 399
-124 350
-123 402
-122 399
-121 396
-120 446
-119 472
-118 457
-117 458
-116 476
-115 524
-114 596
-113 542
-112 563
-111 582
-110 596
-109 655
-108 669
-107 697
-106 711
-105 757
-104 771
-103 720
-102 819
-101 826
-100 866
-99 855
-98 951
-97 966
-96 1026
-95 1096
-94 1111
-93 1125
-92 1150
-91 1276
-90 1291
-89 1282
-88 1293
-87 1386
-86 1465
-85 1477
-84 1529
-83 1639
-82 1763
-81 1810
-80 1849
-79 2008
-78 1949
-77 2045
-76 2159
-75 2285
-74 2285
-73 2505
-72 2447
-71 2675
-70 2771
-69 2947
-68 3084
-67 3177
-66 3207
-65 3374
-64 3604
-63 3745
-62 3904
-61 3951
-60 4254
-59 4443
-58 4585
-57 4928
-56 5187
-55 5301
-54 5644
-53 5795
-52 6260
-51 6381
-50 6744
-49 7124
-48 7448
-47 7865
-46 8390
-45 8575
-44 9182
-43 9635
-42 10270
-41 10903
-40 11496
-39 12096
-38 12800
-37 13583
-36 14561
-35 15643
-34 16298
-33 17643
-32 18657
-31 19933
-30 21565
-29 22708
-28 24439
-27 26464
-26 28616
-25 30675
-24 33474
-23 35971
-22 38830
-21 42545
-20 46550
-19 51196
-18 56479
-17 62982
-16 69696
-15 78282
-14 87977
-13 99792
-12 114371
-11 132351
-10 154819
-9 183929
-8 223024
-7 275946
-6 352328
-5 469562
-4 665730
-3 1040865
-2 1957682
-1 5225842
0 39127179
1 1007667105
2 42225777
3 3178430
4 1350150
5 828331
6 567851
7 416810
8 322086
9 256708
10 209473
11 174181
12 148193
13 126918
14 110132
15 97118
16 85436
17 75690
18 68118
19 61293
20 55706
21 50654
22 45450
23 41691
24 38174
25 35477
26 32589
27 30546
28 28252
29 25908
30 24187
31 22629
32 21063
33 19785
34 18633
35 17559
36 16309
37 15366
38 14304
39 13510
40 12725
41 12208
42 11280
43 10843
44 10152
45 9508
46 9216
47 8678
48 8293
49 7750
50 7469
51 6959
52 6559
53 6344
54 6256
55 5773
56 5670
57 5376
58 5077
59 4829
60 4556
61 4284
62 4291
63 4039
64 3886
65 3636
66 3537
67 3476
68 3312
69 3041
70 2918
71 2869
72 2791
73 2601
74 2512
75 2442
76 2312
77 2230
78 2200
79 2042
80 1950
81 1931
82 1849
83 1739
84 1727
85 1664
86 1496
87 1562
88 1381
89 1434
90 1359
91 1290
92 1296
93 1223
94 1199
95 1158
96 1100
97 1039
98 1014
99 946
100 911
101 886
102 904
103 888
104 797
105 769
106 770
107 738
108 755
109 708
110 615
111 637
112 624
113 542
114 593
115 555
116 545
117 515
118 474
119 504
120 455
121 469
122 420
123 410
124 391
125 409
126 391
127 359
128 359
129 327
130 309
131 338
132 279
133 333
134 297
135 314
136 297
137 254
138 250
139 229
140 246
141 243
142 249
143 199
144 202
145 181
146 226
147 206
148 186
149 197
150 175
151 191
152 173
153 181
154 158
155 158
156 157
157 162
158 150
159 159
160 134
161 135
162 119
163 123
164 122
165 125
166 94
167 116
168 121
169 103
170 111
171 101
172 107
173 92
174 69
175 99
176 80
177 74
178 68
179 70
180 71
181 68
182 67
183 67
184 54
185 46
186 56
187 62
188 63
189 62
190 67
191 55
192 52
193 53
194 53
195 42
196 59
197 48
198 33
199 41
200 44
201 46
202 40
203 43
204 34
205 33
206 30
207 35
208 36
209 48
210 22
211 28
212 21
213 30
214 20
215 27
216 28
217 24
218 15
219 19
220 21
221 21
222 30
223 25
224 21
225 22
226 22
227 15
228 17
229 15
230 22
231 13
232 12
233 16
234 23
235 10
236 10
237 14
238 19
239 16
240 14
241 13
242 10
243 15
244 7
245 6
246 9
247 7
248 13
249 8
250 8
251 7
252 18
253 14
254 9
255 7
256 7
257 4
258 10
259 5
260 4
261 6
262 5
263 5
264 4
265 4
266 3
267 3
268 6
269 8
270 6
271 8
272 4
273 3
274 6
275 5
276 3
277 1
278 7
279 5
280 4
281 4
282 6
283 7
284 4
285 1
286 5
287 3
288 1
289 6
290 0
291 4
292 2
293 5
294 2
295 2
296 4
297 1
298 3
299 1
300 1
301 3
302 4
303 1
304 2
305 0
306 1
307 1
308 2
309 3
310 2
311 0
312 4
313 1
314 0
315 3
316 2
317 2
318 0
319 2
320 2
321 1
322 2
323 0
324 2
325 3
326 2
327 4
328 0
329 0
330 0
331 0
332 0
333 1
334 0
335 0
336 0
337 0
338 0
339 1
340 0
341 2
342 0
343 1
344 0
345 0
346 0
347 0
348 0
349 2
350 0
351 0
352 1
353 1
354 1
355 1
356 1
357 0
358 0
359 1
360 0
361 2
362 0
363 0
364 0
365 1
366 1
367 0
368 1
369 0
370 0
371 0
372 0
373 0
374 0
375 0
376 0
377 0
378 0
379 0
380 0
381 0
382 0
383 0
384 0
385 0
386 0
387 0
388 1
389 1
390 0
391 0
392 0
393 0
394 0
395 1
396 0
397 1
398 1
399 0
400 1
401 0
402 0
403 0
404 1
405 0
406 0
407 1
408 1
409 0
410 0
411 0
412 0
413 0
414 1
415 0
416 0
417 0
418 0
419 0
420 0
421 0
422 0
423 0
424 0
425 0
426 0
427 0
428 0
429 0
430 0
431 0
432 0
433 0
434 0
435 0
436 0
437 0
438 0
439 0
440 0
441 0
442 0
443 0
444 0
445 0
446 0
447 0
448 0
449 0
450 0
451 0
452 0
453 0
454 0
455 0
456 0
457 0
458 0
459 0
460 0
461 0
462 0
463 0
464 1
465 0
466 0
467 0
468 1
469 0
470 0
471 0
472 0
473 0
474 0
475 0
476 1
477 0
478 0
479 0
480 0
481 0
482 0
483 0
484 0
485 0
486 0
487 0
488 0
489 0
490 0
491 0
492 0
493 0
494 0
495 0
496 0
497 0
498 0
499 0
500 0
501 0
502 0
503 0
504 0
505 0
506 0
507 0
508 0
509 0
510 0
511 0
512 0
513 0
514 0
515 0
516 0
517 0
518 0
519 0
520 0
521 0
522 0
523 0
524 0
525 0
526 0
527 0
528 0
529 1
