2 0.599026771371602
3 0.5890667246676616
4 0.5830007677728748
5 0.5775108194528139
6 0.5725074416203066
7 0.5692605531347456
8 0.564502020769805
9 0.5615117299320056
10 0.5591066613173779
11 0.5552072378338726
12 0.5535428641740934
13 0.5511167516045662
14 0.5491189582891878
15 0.5474789602499202
16 0.5461764293225154
17 0.5445626344136586
18 0.5428981523648428
19 0.5421481176601566
20 0.5396346536318154
21 0.5384568282549225
22 0.5378367935323752
23 0.5372470139746942
24 0.5360761201112973
25 0.5354163563612856
26 0.5339464078607912
27 0.5328233061342654
28 0.5322711261592297
29 0.5321927726084708
30 0.531538633135185
31 0.530806158980187
32 0.5298602472045804
33 0.5294691409808072
34 0.5278921442721671
35 0.5290716263110695
36 0.5282023772851361
37 0.5271150440075733
38 0.5263544309419256
39 0.5261711857386825
40 0.5258179636866287
41 0.5262484127218499
42 0.5240608001013436
43 0.5261782724572702
44 0.5242958138106808
45 0.5232195523664824
46 0.5238685840311856
47 0.5226837854628288
48 0.5221917503425979
49 0.5217482454994742
50 0.5218786341791484
51 0.5209803041315718
52 0.521351428809827
53 0.521783680794027
54 0.5207759200845173
55 0.5216308365247787
56 0.5201264587097563
57 0.5184875883218745
58 0.5195664286076077
59 0.5209596256084172
60 0.5194612343923201
61 0.5175618180692567
62 0.519862934770083
63 0.5183239146875751
64 0.5184452223960411
65 0.5186479150571232
66 0.5194189354861095
67 0.5184905447943593
68 0.5186771761480466
69 0.5186544047633397
70 0.5175529257325352
71 0.5175864393960127
72 0.5184421835464592
73 0.5174277325933478
74 0.5180773320369267
75 0.5169975889010395
76 0.5162507122811992
77 0.5149654538461749
78 0.5157590503003835
79 0.515702670200272
80 0.5144300890037324
81 0.5179570149045261
82 0.5164098971548329
83 0.5158914485384889
84 0.51742652514271
85 0.5143837270806645
86 0.5156756555330593
87 0.515486795204657
88 0.514016306636214
89 0.5133837185877399
90 0.5159777094997796
91 0.515142542509906
92 0.5140465744178198
93 0.5166674073643583
94 0.5158697814494515
95 0.5134584499288154
96 0.5129900263441589
97 0.5149393039803105
98 0.5139897436649353
99 0.5137043112137679
100 0.5141134350857358
101 0.5136670773421896
102 0.5128944610487909
103 0.5135481732556259
104 0.5130073007300731
105 0.5135845073281637
106 0.5126842371563615
107 0.5122039874993733
108 0.5128894458533199
109 0.5122571732564525
110 0.5123001364018669
111 0.5133430223569065
112 0.5133011882365033
113 0.5119304085955181
114 0.5124647515990738
115 0.5116988715124339
116 0.5129013707411807
117 0.512247879899152
118 0.5123657474600871
119 0.5120717102201758
120 0.5106180823280686
121 0.5133007860817586
122 0.5130338437768415
123 0.5106906962605747
124 0.5105860805860806
125 0.5141938515307819
126 0.5109194513888519
127 0.5099622989503377
128 0.5132092645800891
129 0.5125533684502357
130 0.5127485890889546
131 0.5128583830343755
132 0.5111894333424583
133 0.5105872004536959
134 0.5099942318332176
135 0.5091833260663111
136 0.5096619675610126
137 0.5102384153941559
138 0.5130421255677929
139 0.5104266742017519
140 0.508544878185955
141 0.5123905383698637
142 0.5096145035669873
143 0.5113447556258557
144 0.5116685411311054
145 0.5105879160023069
146 0.5100461766807762
147 0.5094911147011308
148 0.510431832638349
149 0.5090291999026193
150 0.5114564567823526
151 0.5113586366702843
152 0.5113125184965966
153 0.5106614284214788
154 0.5104036003983549
155 0.510365820848483
156 0.5082695515268663
157 0.5105735874162429
158 0.5101412907969185
159 0.5107783273453737
160 0.5087226119761747
161 0.5085192647314877
162 0.510194004117775
163 0.5113908266774508
164 0.5082319621926876
165 0.506398648355933
166 0.5116945232839273
167 0.5090793415157862
168 0.5093895452918009
169 0.5069926890481213
170 0.5084759877856945
171 0.5142926266423493
172 0.5069174293097497
173 0.5073988538191772
174 0.5082389638570557
175 0.5088960258506886
176 0.5077472824454987
177 0.5093122991290947
178 0.5091940952907793
179 0.5103917734810631
180 0.5092027101798783
181 0.5114972110465666
182 0.5070851922668367
183 0.5082872328885997
184 0.5093771706413521
185 0.5071404663617093
186 0.5096606628648862
187 0.5088712335617918
188 0.5107578676942839
189 0.5091144030642853
190 0.5079407869290545
191 0.509059183478344
192 0.5079267186649737
193 0.5100212069578435
194 0.5092719907837526
195 0.510387751291467
196 0.5073260073260073
197 0.508479747768822
198 0.5085336569495726
199 0.5082785123428646
200 0.5088613900322471
201 0.5068284476706449
202 0.5075002016183231
203 0.5067911133040034
204 0.5048009629919937
205 0.5097199574618929
206 0.5062156278643446
207 0.5062307793211002
208 0.5081626944988297
209 0.5048063267106188
210 0.5114719271623672
211 0.510144397733504
212 0.5110487063806279
213 0.5078770501911456
214 0.506140625
215 0.5064317319848294
216 0.5093282985055522
217 0.5046946836754517
218 0.5073650563500955
219 0.5038380784412531
220 0.5120070351078942
221 0.5076917840854945
222 0.5102138416342147
223 0.5093265941169391
224 0.5060004555090314
225 0.5051203049030258
226 0.5080347448425624
227 0.5089173023102672
228 0.5094678389634428
229 0.5068913857677902
230 0.5107504534461911
231 0.506856098118382
232 0.5060273549184762
233 0.5046051727185248
234 0.5049615653389238
235 0.508011005016993
236 0.504915542967387
237 0.5065759162303665
238 0.5100805601248471
239 0.5079068185682707
240 0.5068047590516135
241 0.5078513563408118
242 0.5061952714535902
243 0.5078636232559172
244 0.5077961994929666
245 0.5082205468253247
246 0.5048429500484295
247 0.5066277399759848
248 0.5048436864639892
249 0.5091154300026491
250 0.5044624401157559
251 0.5107871290773875
252 0.5038205938721159
253 0.5088980583753133
254 0.5087075142150488
255 0.5048695473883849
256 0.507938163142939
257 0.5093680533502699
258 0.5071173900222502
259 0.5044343793225028
260 0.5090512118950888
261 0.5060116028138225
262 0.5067343910512498
263 0.5046056083483939
264 0.5121114369501466
265 0.5059184568171854
266 0.5040756827512346
267 0.5098813038500933
268 0.5069486588178177
269 0.5103753433018005
270 0.5030845157310302
271 0.5078105551406522
272 0.508783994998437
273 0.5087603201613411
274 0.5012236748889032
275 0.5100570497147514
276 0.4992878672452055
277 0.5083618847315038
278 0.5088323557495567
279 0.5019840585211001
280 0.5071383360292566
281 0.5063787680672863
282 0.5062921429344103
283 0.5059916226552541
284 0.5037577365163572
285 0.5138378097254727
286 0.501383798339442
287 0.4998263419905067
288 0.5085179210764449
289 0.5040599380222022
290 0.5064297867289201
291 0.5086951331131362
292 0.5090772157919772
293 0.5082797972946012
294 0.5042783338714886
295 0.5077328068443567
296 0.5056423973919585
297 0.5101716199246547
298 0.507337703531402
299 0.5110233210144004
300 0.49965448734559903
301 0.5072240331248348
302 0.501693857537666
303 0.5057507841978451
304 0.5015034463616598
305 0.5102203096496563
306 0.5038972081817752
307 0.5086012746178542
308 0.508255459255314
309 0.5047544740820208
310 0.5031520882584712
311 0.5086271567891973
312 0.5038328573575831
313 0.5041406289691612
314 0.5061129739489296
315 0.5056278852637585
316 0.5061303281682058
317 0.5059771446626995
318 0.506207191780822
319 0.5107307651035519
320 0.5020174482006543
321 0.5076181505900604
322 0.506961598922075
323 0.5007996344528216
324 0.503931504455705
325 0.5024528636444234
326 0.5050547347012023
327 0.5062819356777878
328 0.49856893977103034
329 0.5071419542409303
330 0.5037864202284688
331 0.5119368502117828
332 0.5091584475470732
333 0.5054980387113369
334 0.5086520947176685
335 0.5059681697612732
336 0.5113146551724138
337 0.5052603000067875
338 0.5080257922897516
339 0.5096022882048488
340 0.5080491132332878
341 0.5004879408894465
342 0.5055630359294168
343 0.5102026356808842
344 0.5052277284445718
345 0.5141645096347426
346 0.5013682846031975
347 0.5106909090909091
348 0.4994445678738058
349 0.5049958050491953
350 0.5102516309412861
351 0.5024055524883666
352 0.5017345703912868
353 0.5100704110037662
354 0.5088762282222773
355 0.5092400762409878
356 0.5034696095644177
357 0.511033969749566
358 0.5029654036243822
359 0.5032161055885056
360 0.5009788067069538
361 0.5072514415516337
362 0.4993371630578878
363 0.5009448393773058
364 0.5077399380804953
365 0.5016459400146306
366 0.5066764895478405
367 0.502045370026032
368 0.5126942023493748
369 0.5063027201213155
370 0.5089124011057097
371 0.5029739063699156
372 0.5074424898511503
373 0.5064090114585357
374 0.5045916855929693
375 0.5077813248204309
376 0.5049239033124441
377 0.5077107951131584
378 0.4920554084334895
379 0.5035676810073453
380 0.5061275793442966
381 0.5041278577476714
382 0.5122959508161967
383 0.5076315508592165
384 0.5017068604779209
385 0.49728260869565216
386 0.5130696275734443
387 0.5007544979686593
388 0.5071184845275915
389 0.49486628462273163
390 0.5058061361691725
391 0.5062938755749213
392 0.501833292593498
393 0.504
394 0.5018839487565938
395 0.5107802874743327
396 0.5004460303300624
397 0.5033696215655781
398 0.5057814733012862
399 0.5089628681177977
400 0.5030279603143925
401 0.49834019386535655
402 0.5117886178861789
403 0.5074220345907667
404 0.5087913609303614
405 0.4952149692901014
406 0.5048926537169564
407 0.5122552574329224
408 0.5049292756108016
409 0.5058198016956459
410 0.49920920201294033
411 0.49748520710059174
412 0.49984917043740573
413 0.5077806315153346
414 0.4990032203649747
415 0.5092205175887184
416 0.4986819661963095
417 0.49927849927849927
418 0.5081037277147488
419 0.4956507193041151
420 0.5059698909845994
421 0.5070251517779705
422 0.5086625086625086
423 0.5150680213535388
424 0.49607843137254903
425 0.5047084389713872
426 0.4999075956385141
427 0.50744861399208
428 0.5044876589379207
429 0.5018975332068312
430 0.5096623072418505
431 0.5241299750048067
432 0.5064565134827194
433 0.5051187946687271
434 0.507183625270616
435 0.5006837272904864
436 0.5009854158454868
437 0.5044973016190286
438 0.504050222762252
439 0.4901513580758864
440 0.5096760165253316
441 0.5163620909477263
442 0.509639564124057
443 0.4998945814885094
444 0.49730312837108953
445 0.5061488673139158
446 0.5075179777729353
447 0.48730622332060214
448 0.5065666041275797
449 0.5150115473441108
450 0.5006880733944954
451 0.5041628122109159
452 0.5001160900859066
453 0.4912776991984913
454 0.4904658460053102
455 0.48960681192086153
456 0.4937271301620491
457 0.5081664910432033
458 0.5100795755968169
459 0.5015657620041754
460 0.5116889939584975
461 0.5099846390168971
462 0.5071428571428571
463 0.4931362196409715
464 0.508414766558089
465 0.5014965986394558
466 0.5076357466063348
467 0.5154755205402364
468 0.5089869281045751
469 0.49387186629526464
470 0.5008537279453614
471 0.4983932223196027
472 0.4894957983193277
473 0.5085765874210051
474 0.5035949670461354
475 0.5172205438066465
476 0.5036101083032491
477 0.5003075030750308
478 0.5119693584423874
479 0.5072138505931388
480 0.506066411238825
481 0.4890583554376658
482 0.5035199463627221
483 0.5135665250081726
484 0.5040756439517444
485 0.49731363331094697
486 0.5140990371389271
487 0.49947238832219487
488 0.47419235053843295
489 0.48756415317804974
490 0.5083981974600573
491 0.5149501661129569
492 0.5198675496688742
493 0.5243610223642172
494 0.5046838407494145
495 0.49337748344370863
496 0.5117914770376499
497 0.510811913504692
498 0.5107113985448666
