0.000 0.0000 0.0000
0.010 0.0000 0.0000
0.020 0.0000 0.0000
0.030 0.0000 0.0000
0.040 0.0000 0.0000
0.050 0.0000 0.0000
0.060 0.0000 0.0000
0.070 0.0000 0.0000
0.080 0.0000 0.0000
0.090 0.0000 0.0000
0.100 0.0000 0.0000
0.110 0.0000 0.0000
0.120 0.0000 0.0000
0.130 0.0000 0.0000
0.140 0.0000 0.0000
0.150 0.0000 0.0000
0.160 0.0000 0.0000
0.170 0.0000 0.0000
0.180 0.0000 0.0000
0.190 0.0000 0.0000
0.200 0.0000 0.0000
0.210 0.0000 0.0000
0.220 0.0000 0.0000
0.230 0.0000 0.0000
0.240 0.0000 0.0000
0.250 0.0000 0.0000
0.260 0.0000 0.0000
0.270 0.0000 0.0000
0.280 0.0000 0.0000
0.290 0.0000 0.0000
0.300 0.0000 0.0000
0.310 0.0000 0.0000
0.320 0.0000 0.0000
0.330 0.0000 0.0000
0.340 0.0000 0.0000
0.350 0.0000 0.0000
0.360 0.0000 0.0000
0.370 0.0000 0.0000
0.380 0.0000 0.0000
0.390 0.0000 0.0000
0.400 0.0000 0.0000
0.410 0.0000 0.0000
0.420 0.0000 0.0000
0.430 0.0000 0.0000
0.440 0.0000 0.0000
0.450 0.0000 0.0000
0.460 0.0000 0.0000
0.470 0.0000 0.0000
0.480 0.0000 0.0000
0.490 0.0003 0.0000
0.500 0.0648 0.0000
0.510 0.2482 0.0000
0.520 0.3548 0.0000
0.530 0.4283 0.0000
0.532 0.4405 0.0000
0.534 0.4526 0.0000
0.536 0.4635 0.0000
0.538 0.4757 0.0000
0.540 0.4850 0.0000
0.542 0.4956 0.0000
0.544 0.5049 0.0090
0.546 0.5142 0.0270
0.548 0.5233 0.0991
0.550 0.5313 0.1892
0.552 0.5402 0.3874
0.554 0.5475 0.7207
0.556 0.5555 0.8649
0.558 0.5629 0.9459
0.560 0.5703 0.9730
0.562 0.5765 1.0000
0.564 0.5837 1.0000
0.566 0.5909 1.0000
0.568 0.5974 1.0000
0.570 0.6029 1.0000
0.572 0.6092 1.0000
0.574 0.6157 1.0000
0.576 0.6212 1.0000
0.578 0.6268 1.0000
0.580 0.6323 1.0000
0.590 0.6579 1.0000
0.600 0.6807 1.0000
0.610 0.7011 1.0000
0.620 0.7197 1.0000
0.630 0.7368 1.0000
0.640 0.7529 1.0000
0.650 0.7674 1.0000
0.660 0.7811 1.0000
0.670 0.7939 1.0000
0.680 0.8056 1.0000
0.690 0.8170 1.0000
0.700 0.8276 1.0000
0.710 0.8373 1.0000
0.720 0.8470 1.0000
0.730 0.8557 1.0000
0.740 0.8643 1.0000
0.750 0.8729 1.0000
0.760 0.8802 1.0000
0.770 0.8876 1.0000
0.780 0.8948 1.0000
0.790 0.9014 1.0000
0.800 0.9081 1.0000
0.810 0.9142 1.0000
0.820 0.9205 1.0000
0.830 0.9262 1.0000
0.840 0.9318 1.0000
0.850 0.9372 1.0000
0.860 0.9422 1.0000
0.870 0.9475 1.0000
0.880 0.9524 1.0000
0.890 0.9570 1.0000
0.900 0.9615 1.0000
0.910 0.9659 1.0000
0.920 0.9702 1.0000
0.930 0.9742 1.0000
0.940 0.9783 1.0000
0.950 0.9821 1.0000
0.960 0.9859 1.0000
0.970 0.9896 1.0000
0.980 0.9931 1.0000
0.990 0.9966 1.0000
