0 1.0 0.0 48227769
1 0.02681693235390151 1.444896225379239 87040940
2 0.23908361245751986 1.8704398301429352 56459039
3 0.1082001507243228 2.9058707871069216 48530986
4 0.08262794242830329 3.703750590888316 40275068
5 0.03623417372424135 4.582523055564239 33404653
6 -0.0013674988936276588 5.378815663116638 27777719
7 -0.06562478654287114 6.303089976961223 23248228
8 -0.12025512783012714 7.125142513342628 19552081
9 -0.19109130343831318 8.061310863389089 16525807
10 -0.25417667209201844 8.888810001290821 14000321
11 -0.3293049527474313 9.793528301467402 11889724
12 -0.39615166625354825 10.602672515768393 10122199
13 -0.47101974049236905 11.489698962859428 8633118
14 -0.5384516105591751 12.294254147499169 7376258
15 -0.6139420507772014 13.203457233099243 6310076
16 -0.6859085171300672 13.97862268840729 5403569
17 -0.7592620917123708 14.861012811170989 4635427
18 -0.8261764009750112 15.668243936597674 3975749
19 -0.9038311100493374 16.54435189444231 3415668
20 -0.971960040749713 17.34380743935267 2934990
21 -1.0405723587173983 18.21164249585272 2526178
22 -1.1089082365948038 19.04433486850239 2170800
23 -1.1819388698566076 20.086863615477757 1871090
24 -1.2530893101341776 20.80738832679951 1612415
25 -1.3180442250973186 21.65931275643893 1390794
26 -1.3784648888763091 22.564811669411146 1201229
27 -1.4537865649208002 23.594665489870962 1037880
28 -1.5167043936573943 24.438228483557015 894585
29 -1.5810767451308152 25.510646280724274 772922
30 -1.6451165392616056 26.260076317288352 666771
31 -1.7102252214724096 27.432418841835794 576144
32 -1.762683904320585 28.198497050974165 498289
33 -1.836136948806569 29.289460282789104 431110
34 -1.8926804904377528 30.40459736657075 372402
35 -1.965590096798213 31.639362620202412 322320
36 -2.0164164228761545 32.59193709199394 278928
37 -2.0824827220664783 33.8227941457881 241493
38 -2.139806651901671 34.58373173780194 209053
39 -2.20792652336665 35.90038008089243 181391
40 -2.284690050034187 37.15996555045533 156493
41 -2.2959599401472612 37.963208466433734 134998
42 -2.392147015763849 39.37220723532661 117484
43 -2.4510139622752902 40.88728707782542 101631
44 -2.4686983681506462 41.598996443061885 88366
45 -2.506944626088776 42.49462232744933 76462
46 -2.6591884717481986 44.67398781319405 65925
47 -2.6558646603277647 45.29755689653904 56687
48 -2.7266537358063605 46.83519009156184 49494
49 -2.8247518538320278 48.3671355500228 43019
50 -2.7870484017290145 49.402887915416905 37478
51 -2.8731633065142432 51.0331187530955 32191
52 -2.901180207167864 52.58373087692944 27707
53 -3.0376839384717997 53.73204109047851 23989
54 -2.9563590416484424 54.68041067305401 20577
55 -3.262318600673178 58.41609763131978 18123
56 -3.1540311352993293 57.98412151731802 15802
57 -3.1238815741616355 60.77486212840773 13747
58 -3.2632589994153514 60.14384094494279 11973
59 -3.38441483198146 61.83532682057397 10356
60 -3.3291662015849983 63.76540784368188 8959
61 -3.435651171724933 66.15570684003161 7809
62 -3.389940828402367 66.47013549946057 6760
63 -3.4475277497477297 68.25128298989605 5946
64 -3.3885692366705027 69.19423834417076 5214
65 -3.715415913200723 74.757845532259 4424
66 -3.4921915668922434 72.87253142816361 3842
67 -3.6714370900417412 75.24386513811055 3354
68 -3.7052922864060878 76.26458285299846 2891
69 -3.992825827022718 82.86244354917679 2509
70 -3.579792256846081 76.25590892756959 2118
71 -3.6085333333333334 76.55822051555542 1875
72 -4.014276846679081 86.85826916978685 1611
73 -3.9863013698630136 87.06758451768242 1387
74 -3.78494623655914 77.53798126951082 1116
75 -4.118561710398445 97.1132511869102 1029
76 -3.934408602150538 89.98602034917357 930
77 -4.249406175771972 101.68839038371516 842
78 -4.155913978494624 100.58321771303008 744
79 -4.037037037037037 93.84430727023332 648
80 -4.710801393728223 110.55747914870851 574
81 -3.7124463519313307 89.0503601097827 466
82 -4.614485981308412 99.72754716569163 428
83 -4.177285318559557 84.78297434795621 361
84 -4.300675675675675 97.63594548940841 296
85 -4.9381818181818184 118.5307239669424 275
86 -3.875 95.34085648148148 216
87 -4.239024390243903 102.60140392623427 205
88 -4.654545454545454 109.08672176308536 165
89 -3.7666666666666666 96.96555555555565 150
90 -6.097014925373134 129.9682000445535 134
91 -6.008196721311475 157.51632625638268 122
92 -5.348314606741573 126.31687918192145 89
93 -6.5 174.4391891891892 74
94 -4.603448275862069 106.4461950059453 58
95 -7.790322580645161 196.26248699271588 62
96 -7.754385964912281 225.69405971068045 57
97 -5.925925925925926 139.58710562414262 54
98 -8.825 257.14437499999997 40
99 -5.6 116.28999999999999 40
100 -4.333333333333333 109.88888888888886 24
101 -6.714285714285714 273.63265306122446 21
102 -4.896551724137931 99.33412604042806 29
103 -4.285714285714286 169.84693877551015 28
104 -8.833333333333334 223.47222222222217 18
105 -9.153846153846153 226.59171597633136 13
106 -3.4 42.64 5
107 -9.142857142857142 200.12244897959184 7
108 1.25 12.1875 4
109 -6.8 432.96000000000004 5
110 -0.6363636363636364 25.867768595041323 11
111 -3.9166666666666665 114.40972222222223 12
112 -1.2727272727272727 20.016528925619834 11
113 0.1 3.4900000000000007 10
114 0.1111111111111111 67.4320987654321 9
115 -1.6666666666666667 28.22222222222223 9
116 -3.0 18.333333333333332 6
117 -4.0 54.4 5
118 -0.25 48.6875 4
119 -8.0 0.0 1
120 -10.0 0.0 1
121 -55.0 0.0 1
122 -0.5 2.25 2
123 -1.0 0.0 1
127 -17.0 0.0 1
128 3.0 0.0 1
129 -1.0 0.0 1
131 1.0 0.0 1
132 -18.666666666666668 421.5555555555556 3
133 -1.0 0.0 1
