-54 1
-53 0
-52 0
-51 2
-50 1
-49 0
-48 0
-47 3
-46 7
-45 3
-44 3
-43 10
-42 11
-41 11
-40 16
-39 24
-38 44
-37 38
-36 56
-35 86
-34 90
-33 122
-32 215
-31 246
-30 372
-29 542
-28 736
-27 965
-26 1305
-25 1699
-24 2501
-23 3599
-22 4877
-21 6729
-20 9404
-19 13341
-18 18681
-17 26775
-16 37599
-15 53245
-14 76166
-13 109881
-12 159711
-11 234745
-10 345474
-9 515144
-8 780216
-7 1200670
-6 1888059
-5 3048942
-4 5132272
-3 9232413
-2 18708251
-1 40509917
0 166958056
1 611834196
2 166951609
3 40522205
4 18705466
5 9226443
6 5133982
7 3048283
8 1887194
9 1199903
10 780873
11 516839
12 345856
13 234569
14 158907
15 110768
16 76400
17 53364
18 37434
19 26726
20 18516
21 13294
22 9410
23 6863
24 4831
25 3511
26 2524
27 1805
28 1327
29 951
30 726
31 513
32 396
33 285
34 197
35 137
36 111
37 77
38 69
39 44
40 25
41 30
42 17
43 9
44 6
45 8
46 8
47 4
48 2
49 3
50 4
51 1
52 1
53 0
54 0
55 1
56 1
