2 0.732940583148525
3 0.6868419121331082
4 0.6566362358172192
5 0.6349980080643534
6 0.6186493740943966
7 0.6060379577457543
8 0.5958365977258149
9 0.5875029601617839
10 0.5805216632357182
11 0.5749122487789725
12 0.5693549995650061
13 0.5655144731997632
14 0.5614812749167591
15 0.5578161469975453
16 0.555011162993239
17 0.5524641676493665
18 0.5497284049364656
19 0.5480245708752207
20 0.5459370703849427
21 0.5441660174026226
22 0.5421632687400095
23 0.5411708431419323
24 0.5397703800408526
25 0.538389341579679
26 0.5379620035813731
27 0.5366923167933346
28 0.5353453929335085
29 0.5347570148416112
30 0.533861911438183
31 0.5332829177071662
32 0.5315701246036717
33 0.5311407688188591
34 0.5305568776248585
35 0.5298727720703716
36 0.5300393081571652
37 0.5294204461314405
38 0.5286672926734306
39 0.5284609381797616
40 0.5274930978414104
41 0.5271923778812623
42 0.5273304465820066
43 0.5262270877939242
44 0.5261615251481704
45 0.5261397838422186
46 0.5246662909532062
47 0.5254226803185852
48 0.5240871285787908
49 0.5242081263265925
50 0.5250461163565022
51 0.5237271842122057
52 0.5235583381997696
53 0.5220051524259339
54 0.5229829716509898
55 0.5212707085973377
56 0.521905808964998
57 0.5218670211850974
58 0.5198264960738237
59 0.520712798263517
60 0.519953973881243
61 0.5197134628125872
62 0.5206072322420624
63 0.5197157616793129
64 0.5202440819874234
65 0.5198129587664604
66 0.5203510223945716
67 0.5200487316464198
68 0.519021954955466
69 0.5191330472958826
70 0.5182436674135282
71 0.5184222069051946
72 0.519299031847315
73 0.5185053627116668
74 0.5190612885859532
75 0.5185527346274627
76 0.5186038305083431
77 0.5185332376370938
78 0.5176887387924192
79 0.5164351913980804
80 0.5175176397285418
81 0.5170605082218671
82 0.5182011114514505
83 0.5168723271560941
84 0.5165968176087772
85 0.51766518743377
86 0.5180746723811094
87 0.5168936996254376
88 0.515607535836311
89 0.5166397399074517
90 0.5163554539718578
91 0.5161976887750094
92 0.5149567101270238
93 0.5151002451000045
94 0.5171171710791413
95 0.5159400372007793
96 0.5157977593391433
97 0.5156807554624295
98 0.5161623997931213
99 0.5158699481574809
100 0.5174021438793235
101 0.5154323992163639
102 0.515189928342962
103 0.5156897927263439
104 0.5135052867670619
105 0.5138095393555548
106 0.5144136886112797
107 0.5156939536413395
108 0.5139232431808851
109 0.5153327110465096
110 0.513248083274667
111 0.5130046466718967
112 0.5133151929072135
113 0.5147618768672017
114 0.5139677712684286
115 0.5122971693308332
116 0.5143032253121887
117 0.5142614489089168
118 0.5152676100567212
119 0.5130702305996226
120 0.5137693111110215
121 0.5133773049355741
122 0.513271878704479
123 0.5123298033282905
124 0.514481053105693
125 0.5135669369839838
126 0.5141433580259932
127 0.5147762179796896
128 0.5153194716835486
129 0.5154465642793947
130 0.5117342021935661
131 0.5159287987828214
132 0.5129049584440549
133 0.514679314536311
134 0.5125918001503499
135 0.5131571218795888
136 0.5149383496680366
137 0.5140761508999424
138 0.5129111900353135
139 0.5154811844066443
140 0.5139718435568655
141 0.5112313597181148
142 0.5133818535718442
143 0.5131352652850633
144 0.5133542387543253
145 0.5140217082084163
146 0.513181272243224
147 0.5132739400993866
148 0.5127928439585404
149 0.5146194807949146
150 0.5121054581664081
151 0.5127850277960991
152 0.5153197382419895
153 0.5114633693379582
154 0.5114081249886192
155 0.5148784897796573
156 0.5115775806102575
157 0.5134457198261033
158 0.5131473853023489
159 0.5132346943977163
160 0.5134343161121631
161 0.5120603472963474
162 0.5133585273359318
163 0.5115208905498773
164 0.5132900374933048
165 0.511978398278359
166 0.5141216453767725
167 0.5118626394633485
168 0.5142570055369741
169 0.5133473411081184
170 0.5137893408074627
171 0.5110836191054969
172 0.5119831254318653
173 0.5132045810162569
174 0.5125265771592548
175 0.51236664162284
176 0.5108708845395236
177 0.5128722558551948
178 0.5108120240232803
179 0.511435012437811
180 0.511531754736186
181 0.5114332364302497
182 0.5114393584923926
183 0.5126579706611403
184 0.5140770360698548
185 0.5115223348410314
186 0.5101370502517589
187 0.5137762554777615
188 0.5088320253585215
189 0.5125555183285654
190 0.5109338933337961
191 0.5115266482845275
192 0.5099666031368572
193 0.5073290336336016
194 0.5109591380069556
195 0.5120996311974275
196 0.5133201483763363
197 0.5113987919858574
198 0.5110128483230435
199 0.5124456179585241
200 0.5124578934492557
201 0.50932685279236
202 0.5138887557170664
203 0.512446990407558
204 0.5119121406988456
205 0.5094441076980232
206 0.5121203732995887
207 0.5106066801639623
208 0.5110331093856861
209 0.5059743205476123
210 0.5120808602679624
211 0.5086208668132591
212 0.51002528431852
213 0.5098674552241936
214 0.5098163796937544
215 0.5129141831699032
216 0.5127454264504069
217 0.51031090507438
218 0.5111752061765222
219 0.5107294718984776
220 0.5101735818978878
221 0.5098087544954457
222 0.5121130248789824
223 0.5103538365422843
224 0.5099010467311103
225 0.5076451178138216
226 0.5106818743599704
227 0.5103324135807586
228 0.5117709337044836
229 0.5084664113495676
230 0.5088178929238532
231 0.5107796379209656
232 0.5078179525168053
233 0.5114270512392195
234 0.5150456342791774
235 0.5116264587562741
236 0.509315835037577
237 0.510689015853797
238 0.5065133904079002
239 0.5083292692317565
240 0.5110522351229903
241 0.5094741240842551
242 0.5065356447575786
243 0.511006900247873
244 0.5090675653988124
245 0.5122162396168728
246 0.5072691283871408
247 0.5119688891331831
248 0.5092476880779805
249 0.5100542566282582
250 0.5100631496040843
251 0.512133997847879
252 0.5103702240532761
253 0.5090215471564818
254 0.5098462329941694
255 0.5139630242428602
256 0.5090126016908598
257 0.5080939638987035
258 0.5106351463443536
259 0.5114300665321073
260 0.5093267597589022
261 0.5074188468992248
262 0.5092641931702266
263 0.507914153629489
264 0.5131880024737168
265 0.5123655747357981
266 0.5120464125176925
267 0.5140910304115052
268 0.5091929096737695
269 0.5053984003561831
270 0.5094042880986006
271 0.505390574564235
272 0.509487434239458
273 0.509475123730138
274 0.5122023320742323
275 0.5044154300711421
276 0.5084147939131312
277 0.5148332940026296
278 0.5122082374094675
279 0.5093444483979735
280 0.5074075347174481
281 0.5158461991648039
282 0.5103858080834329
283 0.5097404856327837
284 0.5079613356766257
285 0.5115683974837403
286 0.5131002824858757
287 0.5111519520376847
288 0.5089720331219801
289 0.5106526576921674
290 0.5150702310829179
291 0.5077003534588473
292 0.5065178603939846
293 0.5085910016663581
294 0.5087177760317282
295 0.5101288100052422
296 0.5084437712987505
297 0.5089336519858882
298 0.5090123527284494
299 0.5092168127043076
300 0.5098569095575084
301 0.5062379195220523
302 0.51224686217124
303 0.5095122384875245
304 0.5125967849703258
305 0.5070324328631763
306 0.5109573471056252
307 0.5057705500181591
308 0.5122778345250255
309 0.5115557017724226
310 0.5124901936496139
311 0.5102717583998999
312 0.5146464646464647
313 0.510917122867832
314 0.511453121371419
315 0.5087885169109115
316 0.5063914113368612
317 0.5135901934030711
318 0.5143356040355265
319 0.5100052314935914
320 0.5140575501583949
321 0.5084421159222489
322 0.5097712265724005
323 0.5107831755670655
324 0.5126927269895655
325 0.5127770592695
326 0.5062926120487314
327 0.5069364030606452
328 0.5115789949794202
329 0.50208
330 0.5114431972086404
331 0.5071780194619347
332 0.5078614880673842
333 0.5142709118311982
334 0.5069983713739467
335 0.5106953776026211
336 0.5099797787557987
337 0.5088881977175396
338 0.5084206177549879
339 0.5088343558282209
340 0.5123791385877527
341 0.5115009264978382
342 0.5099063846649166
343 0.5067582760774516
344 0.5094838660923449
345 0.5097729817774611
346 0.5097277252870059
347 0.508154376012966
348 0.5083207261724659
349 0.5108600545576201
350 0.5091293785753468
351 0.5093352858114115
352 0.5073459715639811
353 0.5104604696110951
354 0.5019628507443025
355 0.5082950282664976
356 0.5067616036557826
357 0.5100520819278409
358 0.5091869232653727
359 0.5176894518453811
360 0.5081776333604116
361 0.5030351088264245
362 0.5078518108930052
363 0.5048207249252439
364 0.5080260670860721
365 0.5096871188267665
366 0.5100551042435948
367 0.5143046472096574
368 0.5092979674210754
369 0.509126034428073
370 0.5071174377224199
371 0.5102831853287437
372 0.510933008101751
373 0.5071705654167157
374 0.5084790908283761
375 0.5080989171613519
376 0.511372501950429
377 0.5061169415292354
378 0.5093364150599112
379 0.509603384774602
380 0.5078968229770108
381 0.5092555517910494
382 0.5096788114172985
383 0.508411272648702
384 0.5098283155013685
385 0.507641071928787
386 0.5069440080437378
387 0.5091875138366172
388 0.5047712958839621
389 0.5070971064405034
390 0.5092088197146563
391 0.5124106015986538
392 0.5055922558702335
393 0.5084110899301026
394 0.5089050021719518
395 0.5069368200419203
396 0.5122762234239076
397 0.5053943017468854
398 0.5063642913507393
399 0.5099299265082892
400 0.5123779397606931
401 0.5119035314384152
402 0.510715771951727
403 0.5115793866054663
404 0.5150719462241361
405 0.5149756775538569
406 0.5113924931297179
407 0.5102745761517042
408 0.5125572803808035
409 0.5105155077184534
410 0.5101146805328015
411 0.5108969134271236
412 0.5073474470734745
413 0.5102365047842571
414 0.506546438232642
415 0.4991967871485944
416 0.5107905707012949
417 0.5100144385620673
418 0.5075429037399459
419 0.506289779108948
420 0.5058146099130632
421 0.5168254688445251
422 0.5122961623921968
423 0.5116367220074293
424 0.5035816893315457
425 0.5106021397396778
426 0.5081478614282949
427 0.5143144537294955
428 0.50968720821662
429 0.5107894018027861
430 0.5042496261902888
431 0.51150512214342
432 0.5087427802832503
433 0.5142182890855457
434 0.5108313932841416
435 0.5030626044069684
436 0.5088332128804304
437 0.5085141499939616
438 0.5097067826647333
439 0.5075525040387722
440 0.5088956433637285
441 0.5050488532766445
442 0.5093103305271016
443 0.5087507292274356
444 0.5081495685522531
445 0.5116926272066459
446 0.5073517126148706
447 0.49908739759752113
448 0.5125214408233276
449 0.5050565393641988
450 0.5096589452089922
451 0.5039417567742214
452 0.5116605295458531
453 0.5045952244844114
454 0.5089820359281437
455 0.509558598363883
456 0.5015492209631728
457 0.5101707629175308
458 0.5058771542200619
459 0.5090301003344482
460 0.5076627496537242
461 0.5083886596088283
462 0.507489187343501
463 0.509806598407281
464 0.5084683862131933
465 0.5092327578247623
466 0.5132428940568475
467 0.5088110847631004
468 0.5050281954887218
469 0.5113679068019541
470 0.5105888909530002
471 0.5102730087250211
472 0.5044410847585751
473 0.5073952537214058
474 0.5071963154864709
475 0.5095027463179896
476 0.5075657411488174
477 0.5087143836287085
478 0.5106789458214951
479 0.5114597077652349
480 0.5099539840155001
481 0.5050627981696038
482 0.507561948864476
483 0.5085351329892814
484 0.5067374643089716
485 0.5025105442860012
486 0.5093754763961583
487 0.5060805936308358
488 0.5128786317741603
489 0.5069939160730071
490 0.5094574932446477
491 0.5099122354155912
492 0.5062477126574999
493 0.5102146904402973
494 0.5082112507168552
495 0.5090642355653359
496 0.4998142151918892
497 0.5062405853238648
498 0.5114569358733566
