2 0.7579097931068907
3 0.7188463052715893
4 0.688752167656717
5 0.6663625055080467
6 0.6463549766256248
7 0.6311244708637305
8 0.6181071785199157
9 0.6083304942898194
10 0.598817126810964
11 0.589721733391993
12 0.5835576266420279
13 0.5770168209589804
14 0.5727460459004083
15 0.5666466300999323
16 0.5589396503102086
17 0.5540515403436976
18 0.5502342370017663
19 0.5497690046199076
20 0.5490518117168981
21 0.5412693076664484
22 0.5361865254268676
23 0.5363521277631708
24 0.5347282531860319
25 0.5304701589565072
26 0.5338710735130172
27 0.5255630221576462
28 0.5252878726976096
29 0.5232520487209505
30 0.5235252092263727
31 0.5156324141930722
32 0.517403906059539
33 0.5127784421146305
34 0.5133478576615832
35 0.5147737488762362
36 0.5090187700289943
37 0.5091099211001616
38 0.5115643194904622
39 0.5128935139734275
40 0.505179870587052
41 0.5024169709615719
42 0.5062848164547922
43 0.5027995927865038
44 0.5026578937585964
45 0.5022026431718062
46 0.5103926096997691
47 0.49687722349592855
48 0.5020416496529195
49 0.4966440172356646
50 0.4994173751672349
51 0.5029567655175434
52 0.49871088193456614
53 0.49730464326160817
54 0.49822817432923744
55 0.49902741756206004
56 0.4908380046163267
57 0.5010350970102547
58 0.4949714060343128
59 0.4881613855934325
60 0.49173595619549787
61 0.4908696997833488
62 0.4876451953537487
63 0.4954452898939021
64 0.4924333151878062
65 0.4936281028368794
66 0.4925846258349372
67 0.4923578332209485
68 0.48980753900466917
69 0.4879549850536311
70 0.4886983632112237
71 0.4863437727603787
72 0.49278375733855184
73 0.488260602335587
74 0.48488814108556116
75 0.4807048569443567
76 0.482837528604119
77 0.48533628779979143
78 0.4845870109340008
79 0.4798628387010018
80 0.48515188666394227
81 0.4861473048964477
82 0.48636683063949404
83 0.48817615406400455
84 0.4860431654676259
85 0.48527637834385867
86 0.4825515682396157
87 0.48098969670584824
88 0.4743886936364316
89 0.4798368477758966
90 0.48489997682860897
91 0.4790628891656289
92 0.4733196914843381
93 0.4744333996023857
94 0.4834832444479822
95 0.4748960665174288
96 0.47802153323079416
97 0.47442434210526313
98 0.47904241219350563
