2 0.6080740511016415
3 0.5899931543631615
4 0.5762685502021995
5 0.5660269174880875
6 0.5565318941341367
7 0.5496255931959653
8 0.5437938792735978
9 0.5388626168958258
10 0.5340815213937636
11 0.5296902706316677
12 0.5277848281832581
13 0.5235263439082097
14 0.5200082296060076
15 0.5180461976761049
16 0.5156528804486362
17 0.5143798707510773
18 0.5113103068498179
19 0.5099297952964819
20 0.5080434061708448
21 0.5074682570799529
22 0.5044689429610624
23 0.5037137273890637
24 0.5023383705346828
25 0.5021449660173976
26 0.49994174654451096
27 0.5014451602685566
28 0.4991110519822936
29 0.4990764541004146
30 0.4962705770141286
31 0.4958484404992168
32 0.4960391977402913
33 0.4951989372078162
34 0.49656346610511226
35 0.49149082306254055
36 0.49425122749590833
37 0.49170462116495733
38 0.4937561271649316
39 0.4920126610450308
40 0.4887868574006741
41 0.49134125636672327
42 0.48902977095788097
43 0.4899579710609901
44 0.48822185859412287
45 0.4904078261974336
46 0.4906086820980438
47 0.486968791500664
48 0.488769032716296
49 0.48501523274212976
50 0.48743122507697745
51 0.48865480275583223
52 0.4870428539376262
53 0.4841508074683316
54 0.48652200391038175
55 0.4850366831598703
56 0.4799068989344292
57 0.48708588475427855
58 0.48497010744596347
59 0.47929413851201563
60 0.4847666429755982
61 0.48290968366359327
62 0.4833880781864197
63 0.48663349149404006
64 0.4845551513656822
65 0.4770383023454438
66 0.48235622947383133
67 0.4869662086891942
68 0.4894113983182809
69 0.48424612339161993
70 0.493342555766903
71 0.48087785906102415
72 0.482391563867887
73 0.49071338117349095
74 0.48601083032490977
75 0.4843416370106762
76 0.48283638185918315
77 0.4786893979754928
78 0.47961081699813995
79 0.4778558338423946
80 0.4757935235652453
81 0.47575809491176974
82 0.48234863727821475
83 0.4772018706157444
84 0.4837962962962963
85 0.48831985624438456
86 0.4819734345351044
87 0.48580597383362134
88 0.4759288330716902
89 0.483249581239531
90 0.4721145243065911
91 0.47217754905114184
92 0.47372109320252276
93 0.47569573283858996
94 0.48413017276014464
95 0.4786253143336127
96 0.4912126537785589
97 0.4824976348155156
98 0.4877927254608869
99 0.4897186147186147
100 0.4770857814336075
101 0.48634590377113135
102 0.48239895697522817
103 0.49431009957325744
104 0.4836552748885587
105 0.4872813990461049
106 0.48469809760132343
107 0.4942426926483614
108 0.49264705882352944
109 0.48148148148148145
110 0.48468848996832103
111 0.45017182130584193
112 0.49269588313413015
113 0.5195154777927322
114 0.48641655886157825
115 0.4664764621968616
116 0.4500818330605565
117 0.4595959595959596
118 0.48128342245989303
119 0.49825783972125437
120 0.4741532976827095
121 0.45131086142322097
122 0.46122448979591835
123 0.43675417661097854
124 0.4540540540540541
125 0.4380664652567976
126 0.48736462093862815
127 0.5055350553505535
128 0.44061302681992337
129 0.5220883534136547
130 0.41630901287553645
131 0.4634146341463415
132 0.4634146341463415
133 0.509090909090909
134 0.5341614906832298
135 0.49044585987261147
136 0.39855072463768115
137 0.5338345864661654
138 0.4263565891472868
139 0.45132743362831856
140 0.48
141 0.42990654205607476
142 0.38392857142857145
143 0.4077669902912621
144 0.4387755102040816
145 0.4
146 0.44155844155844154
147 0.46987951807228917
148 0.45
149 0.4819277108433735
150 0.49473684210526314
151 0.4536082474226804
152 0.48936170212765956
153 0.5192307692307693
154 0.45454545454545453
155 0.4772727272727273
156 0.4431818181818182
157 0.4375
158 0.36538461538461536
159 0.5
160 0.358974358974359
161 0.5135135135135135
162 0.47619047619047616
163 0.4375
164 0.5
165 0.5
166 0.47619047619047616
167 0.5121951219512195
168 0.5869565217391305
169 0.35555555555555557
170 0.32142857142857145
171 0.5833333333333334
172 0.5641025641025641
173 0.5348837209302325
174 0.34210526315789475
175 0.5666666666666667
176 0.4722222222222222
177 0.5151515151515151
178 0.5416666666666666
179 0.36585365853658536
180 0.4857142857142857
181 0.45161290322580644
182 0.5357142857142857
183 0.5
184 0.3888888888888889
185 0.625
186 0.5555555555555556
187 0.3684210526315789
188 0.3888888888888889
189 0.7142857142857143
190 0.5
191 0.6
192 0.5333333333333333
193 0.38461538461538464
194 0.38461538461538464
195 0.6666666666666666
196 0.7
197 0.631578947368421
198 0.375
199 0.6
200 0.5384615384615384
201 0.2222222222222222
202 0.16666666666666666
203 0.0
204 0.5
205 0.3333333333333333
206 0.5
207 0.0
208 0
209 0
210 0
211 0
212 0
213 0
214 0
215 0
216 0.0
217 0.0
218 0.5
219 0.6666666666666666
220 0.0
221 0
222 0
223 0
224 0
225 0
226 0
227 0
228 0
229 0
230 0
231 0
232 0
233 0
234 0
235 0
236 0
237 0
238 0
239 0
240 0
241 0
242 0
243 0
244 0
245 0
246 0
247 0
248 0
249 0
250 0
251 0
252 0
253 0
254 0
255 0
256 0
257 0
258 0
259 0
260 0
261 0
262 0
263 0
264 0
265 0
266 0
267 0
268 0
269 0
270 0
271 0
272 0
273 0
274 0
275 0
276 0
277 0
278 0
279 0
280 0
281 0
282 0
283 0
284 0
285 0
286 0
287 0
288 0
289 0
290 0
291 0
292 0
293 0
294 0
295 0
296 0
297 0
298 0
299 0
300 0
301 0
302 0
303 0
304 0
305 0
306 0
307 0
308 0
309 0
310 0
311 0
312 0
313 0
314 0
315 0
316 0
317 0
318 0
319 0
320 0
321 0
322 0
323 0
324 0
325 0
326 0
327 0
328 0
329 0
330 0
331 0
332 0
333 0
334 0
335 0
336 0
337 0
338 0
339 0
340 0
341 0
342 0
343 0
344 0
345 0
346 0
347 0
348 0
349 0
350 0
351 0
352 0
353 0
354 0
355 0
356 0
357 0
358 0
359 0
360 0
361 0
362 0
363 0
364 0
365 0
366 0
367 0
368 0
369 0
370 0
371 0
372 0
373 0
374 0
375 0
376 0
377 0
378 0
379 0
380 0
381 0
382 0
383 0
384 0
385 0
386 0
387 0
388 0
389 0
390 0
391 0
392 0
393 0
394 0
395 0
396 0
397 0
398 0
399 0
400 0
401 0
402 0
403 0
404 0
405 0
406 0
407 0
408 0
409 0
410 0
411 0
412 0
413 0
414 0
415 0
416 0
417 0
418 0
419 0
420 0
421 0
422 0
423 0
424 0
425 0
426 0
427 0
428 0
429 0
430 0
431 0
432 0
433 0
434 0
435 0
436 0
437 0
438 0
439 0
440 0
441 0
442 0
443 0
444 0
445 0
446 0
447 0
448 0
449 0
450 0
451 0
452 0
453 0
454 0
455 0
456 0
457 0
458 0
459 0
460 0
461 0
462 0
463 0
464 0
465 0
466 0
467 0
468 0
469 0
470 0
471 0
472 0
473 0
474 0
475 0
476 0
477 0
478 0
479 0
480 0
481 0
482 0
483 0
484 0
485 0
486 0
487 0
488 0
489 0
490 0
491 0
492 0
493 0
494 0
495 0
496 0
497 0
498 0
