2 0.6130005166552769
3 0.5934863906317527
4 0.5802431739282888
5 0.5688333573856479
6 0.5609102929556058
7 0.5533716650103596
8 0.5470599933858372
9 0.5417746456039165
10 0.5375973466109476
11 0.5333560066031094
12 0.5289452543340936
13 0.5267903841229731
14 0.522589025957917
15 0.5203857379292168
16 0.5187616735151289
17 0.5166496166239583
18 0.5140279275726578
19 0.5128329739088175
20 0.512167647642084
21 0.5100487574550537
22 0.508666963340341
23 0.508099416397992
24 0.5057260459542542
25 0.5040014493584186
26 0.5045358959552382
27 0.5025768775439345
28 0.502116554879403
29 0.5005205099817527
30 0.5000276270845891
31 0.49930494527442676
32 0.49954131557488446
33 0.4991207590879901
34 0.4983464807758478
35 0.4988905225672431
36 0.496142124008765
37 0.49556988660274565
38 0.49461062901486
39 0.4933909984374066
40 0.4945098804011121
41 0.49480555167210616
42 0.49285451046230705
43 0.4941823738074541
44 0.4921486566619532
45 0.49199649260726275
46 0.49069246044455833
47 0.49127204064444263
48 0.49054111295382913
49 0.48976842742545784
50 0.49243590977636603
51 0.48899123030210506
52 0.4909508143818855
53 0.4903153771183634
54 0.48832381940840686
55 0.48980868753711715
56 0.4891799224326907
57 0.48857251690315207
58 0.48989359697498835
59 0.48641408850402473
60 0.4835759480292547
61 0.48578195477379355
62 0.4903905471456366
63 0.48452229725212276
64 0.48687515477411825
65 0.48782406713622056
66 0.4854250133217549
67 0.48729777814555836
68 0.4863565857601643
69 0.49015988740973165
70 0.48729047928239905
71 0.4903836343230283
72 0.4847141505608866
73 0.4872950235277342
74 0.4850418947941559
75 0.4813765439959251
76 0.4858568490610566
77 0.4825400236381218
78 0.4824991449093604
79 0.4846593654372685
80 0.48421322837340636
81 0.48180007243752265
82 0.49151500827227607
83 0.4844659236611106
84 0.49115113547376665
85 0.4821049191044288
86 0.4888914670224491
87 0.48443579766536965
88 0.4828652409172894
89 0.48453398453398455
90 0.48025751072961376
91 0.4787887986643394
92 0.4790204211869815
93 0.4752675486643634
94 0.4821000266500844
95 0.48548372136165474
96 0.4877881314369789
97 0.474971380996982
98 0.47217537942664417
99 0.48193202146690517
100 0.48284466625077976
101 0.4803191489361702
102 0.48502080443828016
103 0.48696648524778
104 0.47579529737206083
105 0.48710924911376086
106 0.47872523686477175
107 0.48474945533769065
108 0.47227121301195374
109 0.4845978912549101
110 0.47168583206769366
111 0.47406899702992916
112 0.4753538311371401
113 0.47633824670287045
114 0.4912572855953372
115 0.4782358028250216
116 0.4898399014778325
117 0.4978138663335415
118 0.4812054439403759
119 0.482990906028966
120 0.4646291208791209
121 0.476782449725777
122 0.47247524752475245
123 0.4768637532133676
124 0.5
125 0.4858807709547288
126 0.49016786570743404
127 0.48059701492537316
128 0.4656732304417243
129 0.481651376146789
130 0.47892486255345146
131 0.478539397821909
132 0.49457562220804085
133 0.4612272420768712
134 0.47380410022779046
135 0.477491961414791
136 0.47377472055030095
137 0.49821109123434704
138 0.45610859728506786
139 0.4609297725024728
140 0.47914438502673795
141 0.49162011173184356
142 0.4734939759036145
143 0.4784263959390863
144 0.4918648310387985
145 0.49603174603174605
146 0.46808510638297873
147 0.4957865168539326
148 0.4675141242937853
149 0.4766214177978884
150 0.4701130856219709
151 0.5008264462809917
152 0.49322033898305084
153 0.48175182481751827
154 0.46601941747572817
155 0.4684317718940937
156 0.46120689655172414
157 0.4646017699115044
158 0.4406779661016949
159 0.475
160 0.5036674816625917
161 0.4722222222222222
162 0.45604395604395603
163 0.47230320699708456
164 0.5070028011204482
165 0.4697406340057637
166 0.46496815286624205
167 0.48134328358208955
168 0.4942084942084942
169 0.5114503816793893
170 0.5367647058823529
171 0.45555555555555555
172 0.4863636363636364
173 0.47639484978540775
174 0.4072164948453608
175 0.5459770114942529
176 0.46153846153846156
177 0.4
178 0.5118110236220472
179 0.4666666666666667
180 0.5594405594405595
181 0.46496815286624205
182 0.4965986394557823
183 0.44525547445255476
184 0.5178571428571429
185 0.4957983193277311
186 0.5172413793103449
187 0.4270833333333333
188 0.5324675324675324
189 0.5428571428571428
190 0.5168539325842697
191 0.5333333333333333
192 0.5
193 0.5747126436781609
194 0.45454545454545453
195 0.3584905660377358
196 0.5471698113207547
197 0.4
198 0.425531914893617
199 0.43902439024390244
200 0.3333333333333333
201 0.34782608695652173
202 0.47368421052631576
203 0.375
204 0.5185185185185185
205 0.4
206 0.575
207 0.37209302325581395
208 0.3448275862068966
209 0.5517241379310345
210 0.3793103448275862
211 0.42857142857142855
212 0.5416666666666666
213 0.6296296296296297
214 0.38461538461538464
215 0.3157894736842105
216 0.6
217 0.42105263157894735
218 0.4666666666666667
219 0.3076923076923077
220 0.5
221 0.36363636363636365
222 0.4444444444444444
223 0.25
224 0.5
225 0.7142857142857143
226 0.8571428571428571
227 0.5
228 0.42857142857142855
229 0.0
230 0
231 1.0
232 0.6666666666666666
233 0.3333333333333333
234 0.4
235 0.3333333333333333
236 0.75
237 0.3333333333333333
238 0.25
239 1.0
240 0.0
241 0.6666666666666666
242 0.0
243 0.5
244 0.0
245 0.3333333333333333
246 1.0
247 0.5714285714285714
248 0.625
249 0.25
250 1.0
251 0.75
252 0.5
253 0.2857142857142857
254 0.3333333333333333
255 0.0
256 0
257 0
258 0
259 0
260 1.0
261 0.75
262 0.6
263 0.25
264 0.5
265 0.4444444444444444
266 0.4
267 0.375
268 0.8461538461538461
269 0.38461538461538464
270 0.7
271 0.6666666666666666
272 0.3
273 0.4
274 0.3333333333333333
275 0.6666666666666666
276 0.0
277 0
278 0
279 0
280 1.0
281 0.6666666666666666
282 1.0
283 0.6666666666666666
284 0.0
285 1.0
286 0.0
287 0.5
288 0.0
289 0.0
290 0
291 0
292 0
293 1.0
294 0.4
295 0.5714285714285714
296 0.42857142857142855
297 0.6
298 0.0
299 0.0
300 0
301 0.0
302 0
303 0
304 0
305 0
306 0
307 0
308 0
309 0
310 0
311 0
312 0
313 0
314 0
315 0
316 0
317 0
318 0
319 0
320 0
321 0
322 0
323 0
324 0
325 0
326 0
327 0
328 0
329 0
330 0
331 0
332 0
333 0
334 0
335 0
336 0
337 0
338 0
339 0
340 0
341 0
342 0
343 0
344 0
345 1.0
346 1.0
347 0
348 0
349 1.0
350 1.0
351 0.5
352 1.0
353 0.5
354 1.0
355 1.0
356 1.0
357 0.0
358 0
359 0
360 0
361 0
362 0
363 0
364 0
365 0
366 0
367 0
368 0
369 0
370 0
371 0
372 0
373 0
374 0
375 0
376 0
377 0
378 0
379 0
380 0
381 0
382 0
383 0
384 0
385 0
386 0
387 0
388 0
389 0
390 0
391 0
392 0
393 0
394 0
395 0
396 0
397 0
398 0
399 0
400 0
401 0
402 0
403 0
404 0
405 0
406 0
407 0
408 0
409 0
410 0
411 0
412 0
413 0
414 0
415 0
416 0
417 0
418 0
419 0
420 0
421 0
422 0
423 0
424 0
425 0
426 0
427 0
428 0
429 0
430 0
431 0
432 0
433 0
434 0
435 0
436 0
437 0
438 0
439 0
440 0
441 0
442 0
443 0
444 0
445 0
446 0
447 0
448 0
449 0
450 0
451 0
452 0
453 0
454 0
455 0
456 0
457 0
458 0
459 0
460 0
461 0
462 0
463 0
464 0
465 0
466 0
467 0
468 0
469 0
470 0
471 0
472 0
473 0
474 0
475 0
476 0
477 0
478 0
479 0
480 0
481 0
482 0
483 0
484 0
485 0
486 0
487 0
488 0
489 0
490 0
491 0
492 0
493 0
494 0
495 0
496 0
497 0
498 0
