0 1059889.0
1 3685.0
2 1429.0
3 881.0
4 608.0
5 465.0
6 327.0
7 288.0
8 225.0
9 192.0
10 157.0
11 145.0
12 132.0
13 102.0
14 94.0
15 100.0
16 73.0
17 60.0
18 71.0
19 38.0
20 47.0
21 40.0
22 37.0
23 38.0
24 34.0
25 28.0
26 28.0
27 30.0
28 25.0
29 18.0
30 17.0
31 12.0
32 13.0
33 18.0
34 12.0
35 13.0
36 11.0
37 13.0
38 10.0
39 3.0
40 3.0
41 4.0
42 1.0
43 4.0
44 5.0
45 2.0
46 2.0
47 2.0
48 4.0
49 3.0
50 2.0
51 3.0
52 2.0
53 1.0
54 3.0
55 2.0
56 3.0
57 0.0
58 1.0
59 1.0
60 3.0
61 0.0
62 1.0
63 1.0
64 0.0
65 0.0
66 0.0
67 0.0
68 0.0
69 1.0
70 0.0
71 1.0
72 1.0
73 0.0
74 0.0
75 0.0
76 0.0
77 0.0
78 0.0
79 0.0
80 0.0
81 0.0
82 0.0
83 1.0
84 0.0
85 0.0
86 1.0
87 2.0
88 0.0
89 0.0
90 0.0
91 0.0
92 0.0
93 0.0
94 0.0
95 0.0
96 0.0
97 0.0
98 1.0
99 0.0
100 0.0
101 1.0
102 0.0
103 0.0
104 1.0
105 0.0
106 0.0
107 0.0
108 0.0
109 0.0
110 0.0
111 0.0
112 0.0
113 0.0
114 0.0
115 0.0
116 0.0
117 0.0
118 0.0
119 1.0
120 0.0
121 0.0
122 0.0
123 0.0
124 0.0
125 0.0
126 0.0
127 0.0
128 1.0
