-131 1
-130 0
-129 0
-128 0
-127 0
-126 0
-125 0
-124 0
-123 0
-122 0
-121 0
-120 0
-119 0
-118 1
-117 0
-116 0
-115 0
-114 0
-113 0
-112 0
-111 0
-110 0
-109 0
-108 1
-107 0
-106 0
-105 0
-104 0
-103 1
-102 0
-101 0
-100 0
-99 1
-98 0
-97 1
-96 0
-95 0
-94 1
-93 0
-92 0
-91 3
-90 0
-89 2
-88 3
-87 0
-86 2
-85 4
-84 2
-83 5
-82 2
-81 0
-80 2
-79 5
-78 2
-77 4
-76 11
-75 7
-74 4
-73 7
-72 6
-71 15
-70 11
-69 8
-68 13
-67 15
-66 16
-65 14
-64 27
-63 34
-62 23
-61 31
-60 29
-59 38
-58 41
-57 51
-56 52
-55 81
-54 63
-53 79
-52 85
-51 102
-50 124
-49 132
-48 144
-47 154
-46 227
-45 207
-44 307
-43 301
-42 350
-41 403
-40 451
-39 505
-38 571
-37 704
-36 745
-35 928
-34 1081
-33 1270
-32 1378
-31 1687
-30 1895
-29 2218
-28 2615
-27 3094
-26 3517
-25 4111
-24 4955
-23 5853
-22 6643
-21 7970
-20 9204
-19 11153
-18 13196
-17 15829
-16 19218
-15 22958
-14 28156
-13 34294
-12 42370
-11 53126
-10 66334
-9 85278
-8 109584
-7 144962
-6 196159
-5 276344
-4 409664
-3 659942
-2 1247745
-1 3020226
0 15489019
1 1065996469
2 17211551
3 1898781
4 884683
5 535221
6 356118
7 247134
8 180582
9 135234
10 103536
11 80312
12 64004
13 51074
14 41102
15 33540
16 26948
17 22632
18 18550
19 15551
20 12840
21 10734
22 9076
23 7756
24 6596
25 5648
26 4735
27 4094
28 3481
29 2920
30 2607
31 2146
32 1834
33 1605
34 1402
35 1157
36 1060
37 891
38 775
39 708
40 595
41 492
42 466
43 358
44 365
45 315
46 251
47 231
48 205
49 197
50 147
51 113
52 105
53 113
54 85
55 73
56 69
57 76
58 41
59 45
60 36
61 38
62 34
63 28
64 25
65 19
66 13
67 21
68 12
69 15
70 13
71 8
72 14
73 8
74 13
75 6
76 11
77 4
78 3
79 2
80 5
81 2
82 4
83 2
84 1
85 6
86 1
87 1
88 2
89 1
90 3
91 1
92 0
93 1
94 0
95 0
96 1
97 0
98 1
99 1
100 1
101 1
102 0
103 1
104 2
105 1
106 0
107 0
108 0
109 0
110 0
111 0
112 0
113 0
114 1
115 0
116 0
117 0
118 0
119 0
120 0
121 0
122 0
123 0
124 0
125 0
126 0
127 0
128 0
129 0
130 0
131 1
