2 0.6393606628383383
3 0.6184344585310566
4 0.6040522624878895
5 0.5922790405306906
6 0.5830454820418277
7 0.5753912591716406
8 0.5685407575899051
9 0.5632199088120201
10 0.5587402166573228
11 0.5543029436738217
12 0.5502616594459472
13 0.5470752191898784
14 0.5440491000738029
15 0.5413603868445657
16 0.5388859504563263
17 0.5367918565039587
18 0.5349553011292346
19 0.5330635462090879
20 0.5307876009918773
21 0.529350382445181
22 0.5283993787284854
23 0.5270740831635647
24 0.524987262971867
25 0.5241397680679624
26 0.5226916131070094
27 0.5215572975143732
28 0.5209056343631325
29 0.5203628763157807
30 0.518922589989595
31 0.5179871986159559
32 0.5173662149048591
33 0.5163275954858503
34 0.5158791783113221
35 0.5148891203458013
36 0.5144452824918782
37 0.5128831006008714
38 0.512819969159599
39 0.5129453429159498
40 0.5120949428598552
41 0.511168071077029
42 0.5111831654081344
43 0.5102084464406166
44 0.5094774554594309
45 0.5086479185316395
46 0.5087507662452181
47 0.508300351849427
48 0.5081131418216629
49 0.5073435550136413
50 0.507443110481201
51 0.5065182965165475
52 0.5067294692056336
53 0.5058255624137376
54 0.5057575454799225
55 0.5052759852073201
56 0.5061948018903007
57 0.5042253709829947
58 0.5041802892886776
59 0.5049612822642874
60 0.5045043514971237
61 0.5029701015196072
62 0.5029136666095738
63 0.5027399237137452
64 0.5035166934398472
65 0.5026634052025553
66 0.5019073233178528
67 0.5016183188080673
68 0.5024649832733278
69 0.5018513363678351
70 0.5015695504028459
71 0.5016615002896344
72 0.5017513989319999
73 0.5000025964359589
74 0.49956638726692204
75 0.5013608260971946
76 0.499720668825333
77 0.5007486163537687
78 0.4986351461695338
79 0.49960302757635106
80 0.4995524434086077
81 0.49853532446468196
82 0.4989723580810024
83 0.4995765632249666
84 0.49768188590766815
85 0.49829531425098295
86 0.4984069185252617
87 0.4989573331733077
88 0.49704255892428695
89 0.49769916254252405
90 0.49652730896148717
91 0.49777790099668695
92 0.4974812840468034
93 0.4968471718006606
94 0.49611875500334307
95 0.49610318314576596
96 0.49676219278793077
97 0.49755578550598645
98 0.4974623835681872
99 0.4959250356155627
100 0.4962571278289251
101 0.4968337551413445
102 0.49591866696028775
103 0.49592585047871257
104 0.4961105507831067
105 0.4949162478066788
106 0.4945346626553601
107 0.49484846709463587
108 0.49485549033741805
109 0.4955431154656312
110 0.4957931099541352
111 0.4964831366169715
112 0.4935030395136778
113 0.4945318374002793
114 0.4942983359885816
115 0.49667952069152926
116 0.497568016241422
117 0.4949349786323632
118 0.4955673807954904
119 0.4964140359219069
120 0.4948029637855941
121 0.4922301054421971
122 0.4941148488766375
123 0.4931950826557671
124 0.49286651626124
125 0.4952133270528292
126 0.49356732281329646
127 0.4954150746787079
128 0.49555725884290014
129 0.4956885629267092
130 0.49335443740153695
131 0.49244671626123865
132 0.49326283204613486
133 0.494216419412224
134 0.49362414171138425
135 0.49253794195428435
136 0.4940988284120877
137 0.4929180229000186
138 0.49189567557248437
139 0.4961517342788806
140 0.4940145625077132
141 0.49581254194753277
142 0.49490855263811484
143 0.4948593321717156
144 0.49245664920810467
145 0.49166666666666664
146 0.49061774319580026
147 0.489859400273734
148 0.49125293311339824
149 0.492663172939495
150 0.48995543867338737
151 0.4933884815441499
152 0.4949907472401251
153 0.4931430061269717
154 0.49425456294593945
155 0.4889283034313391
156 0.49001138744007533
157 0.48993481733024447
158 0.4915234143449911
159 0.4946402149953196
160 0.4907492919591183
161 0.4934273704759056
162 0.49026848343142787
163 0.49000804721030045
164 0.4909370518203653
165 0.4939055582014782
166 0.49414957672052773
167 0.4903182974956663
168 0.49271175811018836
169 0.4890565152817947
170 0.4948233982399554
171 0.48851983494709317
172 0.48898501793627347
173 0.48861409848913656
174 0.4936276588621298
175 0.49132434647964296
176 0.4923483583750696
177 0.48964776119402986
178 0.4931085795135755
179 0.49311116637652325
180 0.49244904693012514
181 0.4889156752790734
182 0.49226804123711343
183 0.49370173613012763
184 0.4880746243646316
185 0.48986144456336234
186 0.49119530416221985
187 0.495877253918874
188 0.4901811539047039
189 0.48473830255477945
190 0.49028807664544916
191 0.48790295556598084
192 0.48973040146363356
193 0.490534600113443
194 0.4911307394700343
195 0.48639964130922136
196 0.49110702238577125
197 0.49104068857589983
198 0.49224852782117534
199 0.48687438665358196
200 0.48956189356071744
201 0.4878515807837964
202 0.4910444493102693
203 0.4970030635350531
204 0.500338401840906
205 0.4936778449697636
206 0.48529273564514613
207 0.4877311088345773
208 0.4854437392968671
209 0.48923841059602646
210 0.4893180383077247
211 0.48589307870744997
212 0.48953904676661447
213 0.4845156541923796
214 0.48946752486834405
215 0.4800605143721634
216 0.4917561828628529
217 0.4965253865898704
218 0.4870978018477222
219 0.4892109923263593
220 0.48708611504484456
221 0.4890469817567092
222 0.4899513893927302
223 0.4923439340400471
224 0.48657793819084144
225 0.4877954877954878
226 0.49084423305588587
227 0.4895292207792208
228 0.4903806113100691
229 0.4917702384951293
230 0.4889502762430939
231 0.4966431249455053
232 0.4813142047467233
233 0.48847926267281105
234 0.4910697499529987
235 0.48515339844135347
236 0.493605359317905
237 0.4910427669048359
238 0.4821882951653944
239 0.4873031179684989
240 0.48414539829853054
241 0.4910764395555057
242 0.48800367351624385
243 0.4764100744945016
244 0.4856218100336114
245 0.48948834853090173
246 0.48617421783720627
247 0.5010983331179739
248 0.49459986987638255
249 0.49566377585056703
250 0.489181046288688
251 0.48457094546991686
252 0.49037208628927176
253 0.4850823808816981
254 0.4850391284333282
255 0.4904369460426061
256 0.4929532858273951
257 0.49038461538461536
258 0.490298385781836
259 0.4936560934891486
260 0.48222996515679445
261 0.47946461312797944
262 0.49399922570654275
263 0.4878428321338261
264 0.49059592159968324
265 0.49780701754385964
266 0.4855421686746988
267 0.4885386819484241
268 0.49651782056534205
269 0.48359276398822043
270 0.4851177254553532
271 0.4778699861687414
272 0.49383009017560514
273 0.4824120603015075
274 0.4985754985754986
275 0.48497957221821675
276 0.49623304871923657
277 0.47629083245521603
278 0.48580786026200873
279 0.4909596662030598
280 0.4838709677419355
281 0.4833620195065978
282 0.493801652892562
283 0.46995515695067264
284 0.4732171156893819
285 0.4894308943089431
286 0.4819639278557114
287 0.4829001367989056
288 0.4910139030179722
289 0.4964467005076142
290 0.4873746108612937
291 0.49558459908159663
292 0.4906810035842294
293 0.4851408722500965
294 0.49193548387096775
295 0.4945188794153471
296 0.49837000814995924
297 0.4932378679395386
298 0.46998420221169035
299 0.46434494195688225
300 0.4663167104111986
301 0.4691358024691358
302 0.47220902612826604
303 0.4815749621403332
304 0.4956477214541731
305 0.5059554634904194
306 0.5031746031746032
307 0.4975315414152496
308 0.4913552704963748
309 0.4766460326392797
310 0.4701670644391408
311 0.49144254278728605
312 0.4780645161290323
313 0.5152519893899205
314 0.4957874270900843
315 0.4802890932982917
316 0.44344205412907706
317 0.5011372251705838
318 0.47124719940253923
319 0.5023400936037441
320 0.5012345679012346
321 0.4659182036888532
322 0.5056
323 0.4906832298136646
324 0.45714285714285713
325 0.47965367965367967
326 0.5065616797900262
327 0.48095659875996455
328 0.4964221824686941
329 0.5031847133757962
330 0.47992351816443596
331 0.5295829291949563
332 0.4801110083256244
333 0.4758220502901354
334 0.503177966101695
335 0.5149948293691831
336 0.49841938883034775
337 0.5031847133757962
338 0.4859913793103448
339 0.49840595111583424
340 0.5176470588235295
341 0.4902597402597403
342 0.49035187287173665
343 0.47285886610373945
344 0.5149156939040207
345 0.487468671679198
346 0.4863102998696219
347 0.4593437945791726
348 0.5014970059880239
349 0.5022222222222222
350 0.4546875
351 0.4841930116472546
352 0.5008460236886633
353 0.4784853700516351
354 0.48299319727891155
355 0.4804964539007092
356 0.4589285714285714
357 0.488929889298893
358 0.5259515570934256
359 0.4900181488203267
360 0.5207207207207207
361 0.3969465648854962
362 0.4906976744186046
363 0.47651006711409394
364 0.46261682242990654
365 0.49370277078085645
366 0.4605911330049261
367 0.5185185185185185
368 0.4988066825775656
369 0.4804597701149425
370 0.5048309178743962
371 0.4502487562189055
372 0.4945945945945946
373 0.4636118598382749
374 0.5067750677506775
375 0.5224274406332454
376 0.4596100278551532
377 0.5059880239520959
378 0.49707602339181284
379 0.42671009771986973
380 0.551622418879056
381 0.4732142857142857
382 0.5031446540880503
383 0.5396825396825397
384 0.47692307692307695
385 0.4340836012861736
386 0.47619047619047616
387 0.48905109489051096
388 0.4929078014184397
389 0.5076335877862596
390 0.45228215767634855
391 0.5019762845849802
392 0.468503937007874
393 0.4385245901639344
394 0.5022421524663677
395 0.4678111587982833
396 0.4362745098039216
397 0.48677248677248675
398 0.47368421052631576
399 0.4807692307692308
400 0.5085714285714286
401 0.46285714285714286
402 0.4444444444444444
403 0.5253164556962026
404 0.4036144578313253
405 0.43506493506493504
406 0.4788732394366197
407 0.4900662251655629
408 0.48299319727891155
409 0.43795620437956206
410 0.4117647058823529
411 0.4485981308411215
412 0.4351851851851852
413 0.4864864864864865
414 0.5045871559633027
415 0.5298507462686567
416 0.4676258992805755
417 0.4076923076923077
418 0.48739495798319327
419 0.43548387096774194
420 0.36470588235294116
421 0.5333333333333333
422 0.5232558139534884
423 0.5436893203883495
424 0.4842105263157895
425 0.48148148148148145
426 0.549618320610687
427 0.45
428 0.5057471264367817
429 0.5280898876404494
430 0.4948453608247423
431 0.43333333333333335
432 0.5466666666666666
433 0.4393939393939394
434 0.5538461538461539
435 0.45454545454545453
436 0.5373134328358209
437 0.49230769230769234
438 0.4307692307692308
439 0.5806451612903226
440 0.4936708860759494
441 0.475
442 0.5507246376811594
443 0.43859649122807015
444 0.6206896551724138
445 0.4722222222222222
446 0.5714285714285714
447 0.4126984126984127
448 0.4523809523809524
449 0.45454545454545453
450 0.5192307692307693
451 0.5074626865671642
452 0.5441176470588235
453 0.5294117647058824
454 0.5
455 0.5625
456 0.3148148148148148
457 0.4418604651162791
458 0.5111111111111111
459 0.39473684210526316
460 0.5806451612903226
461 0.6190476190476191
462 0.4
463 0.5714285714285714
464 0.4666666666666667
465 0.5813953488372093
466 0.5
467 0.3953488372093023
468 0.5
469 0.5588235294117647
470 0.4473684210526316
471 0.41379310344827586
472 0.5
473 0.425
474 0.5
475 0.5333333333333333
476 0.5
477 0.45161290322580644
478 0.5151515151515151
479 0.4
480 0.56
481 0.46875
482 0.5882352941176471
483 0.475
484 0.4878048780487805
485 0.4090909090909091
486 0.37142857142857144
487 0.25806451612903225
488 0.65
489 0.6086956521739131
490 0.43478260869565216
491 0.5294117647058824
492 0.4666666666666667
493 0.6111111111111112
494 0.4444444444444444
495 0.47368421052631576
496 0.3684210526315789
497 0.23529411764705882
498 0.5833333333333334
