1 0.13148530457689192
2 0.08129396831432263
3 0.053318986660875214
4 0.03895171391036141
5 0.030294066613946888
6 0.025372707847495186
7 0.019815529507669658
8 0.0162741294773569
9 0.013833820443426716
10 0.011809308685484066
11 0.009834234285947426
12 0.009156765454815549
13 0.00789231398299366
14 0.007472769740064811
15 0.00631096535106404
16 0.006518613910178842
17 0.004968790500021502
18 0.005485068941297463
19 0.004309932739589949
20 0.00464773087834671
21 0.00378167174822734
22 0.003337363839468554
23 0.003757598662077741
24 0.0032140579025602928
25 0.003366313815372764
26 0.00299861399344911
27 0.003187111976272007
28 0.002254777630865173
29 0.002256832695989067
30 0.00206971234610258
31 0.002313345470389527
32 0.0016524640363616205
33 0.0019592240092044843
34 0.0018484768600256674
35 0.0018015473185172127
36 0.0018384936894387685
37 0.0012246812465860817
38 0.0014723462834376987
39 0.0014243207776881738
40 0.0013753794347094047
41 0.0013294564882197306
42 0.0013113212545745867
43 0.0013193603449138253
44 0.0014911223127658144
45 0.001182424693263219
46 0.0011929681614964542
47 0.0013423067049619726
48 0.0008310364049082581
49 0.0007654698457224905
50 0.0011334965642909474
51 0.0010930480240351707
52 0.0009794540966906544
53 0.001011733326993503
54 0.000968889705362824
55 0.0005477921992338389
56 0.0008735954927279706
57 0.0007629236687272595
58 0.0007854848988664812
59 0.0009233234988313262
60 0.0007717153295019008
61 0.0006237581675958251
62 0.000762385895358667
63 0.0007596951991069727
64 0.0007196571910648093
65 0.0008174297236886347
66 0.0005617514151265783
67 0.0006140076488386008
68 0.00047441436433181205
69 0.0004413645343514293
70 0.0005148295254564459
71 0.0007468139155384922
72 0.0005512394703453778
73 0.00039487532418107336
74 0.0005500868196958784
75 0.0005093465002939697
76 0.0006168799208591489
77 0.000419573671179613
78 0.0008804441243700858
79 0.00042745806372849034
80 0.0005918667905259908
81 0.0003190834229290957
82 0.00014318034740301426
83 0.00045563318725925513
84 0.0003841280256635383
85 0.00024352222712699975
86 0.0002810894469572913
87 0.00039402964981089254
88 0.0004636253276769832
89 0.00031577719037550843
90 0.0002944962771418502
91 0.00011582401964797745
92 0.0002458977780366627
93 0.00032695311070833437
94 0.0004234953431896015
95 0.000268231212411399
96 0.00034128091288840784
97 0.00038664377137512967
98 0.00030599223274542194
99 7.681420979787327e-05
100 0.0003397612866036523
101 0.00039227522131446137
102 0.00017652696176985843
103 0.0002581907416645309
104 0.0005422204956983703
105 0.0003678271014796261
106 0.00046860887814033424
107 0.00027665647729210706
108 0.0002918059526540965
109 0.00037007717002942176
110 0.00024582767154461804
111 0.0001982289239378942
112 0.0004421625675368216
113 0.0003992131325783732
114 0.0004584580782481476
115 0.00022648122829072162
116 0.0002785495859958196
117 0.00030598912500056096
118 0.00014764235553788873
119 0.00031310600873586463
120 0.00015062095750451872
121 7.940765536639866e-05
122 0.0002443696302161296
123 7.566796654646197e-05
124 0.000190808234235802
125 0.00010217675796034006
126 0.00025087051346838103
127 0.000126303449600164
128 0.00035542447565649587
129 0.00019818173410992058
130 0.00014201482442286888
131 0.00014799874733863034
132 0.00019416180074260478
133 0.00024668910137303407
134 0.00021603911538180097
135 0.0002499891272364926
136 0.00012246672717927017
137 0.00026722787213315636
138 0.000202820511471331
139 0.00031192861319623077
140 0.00016976399564321793
141 9.726848996174119e-05
142 9.352045067968137e-05
143 0.00020260046670423439
144 7.073890890011797e-05
145 9.927067945030376e-05
146 0.00016960410257915671
147 0.00017569919613781568
148 0.0001713616811376965
149 0.0001449801825598223
150 0.00014796056783675894
151 0.0002189510001222631
152 0.00024305216381605575
153 0.0001272096642872793
154 0.00019792932178646424
155 2.5778511033202723e-05
156 4.5376032465267e-05
157 0.00014962958153949557
158 0.00013064501983217812
159 0.00017400369558860854
160 7.296618636359287e-05
161 0.0001255416942698417
162 5.159410571231127e-05
163 0.00010099335259478815
164 0.0001240031406706107
165 2.5040064102564102e-05
166 0.00014743069261818035
167 0.00020191787273628694
168 9.881863195781654e-05
169 7.613350414498089e-05
170 0.00012179568266935917
171 7.500559098737682e-05
172 0.00012399296325589707
173 2.564102564102564e-05
174 7.219086627958814e-05
175 0.00016816810108931818
176 4.8674600462654535e-05
177 0.00014651235917225822
178 0.00010106992660421487
179 2.311390532544379e-05
180 7.593791292787407e-05
181 7.550994847015837e-05
182 5.5935494765282e-05
183 0.00012782211849716194
184 7.795211451216824e-05
185 2.35094978371262e-05
186 7.998244303125199e-05
187 7.248595411206657e-05
188 7.915801673694601e-05
189 7.553323977200676e-05
190 0.0001020745066514515
191 7.486912150428605e-05
192 7.181066072249396e-05
193 0.00010121873010597999
194 7.576612609258915e-05
195 6.993630823156483e-05
196 0.00010184920842034524
197 2.3452157598499062e-05
198 4.630281752923262e-05
199 9.89485275648981e-05
200 9.96957963358275e-05
201 5.0688833870986705e-05
202 0.00012535969475848302
203 4.826404465532326e-05
204 4.8000015321700656e-05
205 8.576861967819414e-05
206 2.2893772893772897e-05
207 0.00010109849912641133
208 0.00014400717370161
209 0.00012145246651995812
210 2.2948411969891684e-05
211 5.279765454184059e-05
212 7.832165279360099e-05
213 2.38004569687738e-05
214 0.0
215 7.493352719065976e-05
216 9.498949188911602e-05
217 2.38004569687738e-05
218 2.3452157598499062e-05
219 7.897657559490366e-05
220 4.6914362294217594e-05
221 0.0001280676885711518
222 0.0
223 0.00010365250859149055
224 0.0
225 2.4718212378880757e-05
226 0.0
227 0.0
228 2.4159257827599538e-05
229 7.918445095215973e-05
230 2.2206430982412506e-05
231 4.749757000086316e-05
232 7.24463051713229e-05
233 6.881282694282896e-05
234 7.396063703032242e-05
235 5.056602048475338e-05
236 5.087825560266505e-05
237 5.068310517345648e-05
238 2.4718212378880757e-05
239 5.162855162855162e-05
240 0.00010400297764075658
241 7.361637744180625e-05
242 5.027806526854263e-05
243 2.2731405710129114e-05
244 2.20031684562577e-05
245 2.2731405710129114e-05
246 7.152881238423053e-05
247 0.0
248 7.008465021017193e-05
249 2.385951517465165e-05
250 2.564102564102564e-05
251 2.2206430982412506e-05
252 0.0
253 4.819741661846925e-05
254 7.70387796938493e-05
255 7.884597126700989e-05
256 7.616717473309723e-05
257 5.049672341208348e-05
258 2.564102564102564e-05
259 5.1618855159688965e-05
260 5.524170027137387e-05
261 4.814493450857087e-05
262 0.0
263 2.7316433566433566e-05
264 7.121259243900753e-05
265 0.00012266370713231086
266 0.0
267 0.0
268 5.080864270449639e-05
269 2.523722996163941e-05
270 7.274739762334138e-05
271 7.519230023059503e-05
272 5.290455465280641e-05
273 0.0
274 7.327547511352255e-05
275 2.5040064102564102e-05
276 4.8321867045384e-05
277 4.82853315342352e-05
278 0.0
279 0.0
280 0.0
281 2.459177650993508e-05
282 2.205363443895554e-05
283 0.0
284 9.626058163216729e-05
285 2.7316433566433566e-05
286 2.170515714533773e-05
287 2.510544286001205e-05
288 9.81380862638338e-05
289 2.6561835954101147e-05
290 2.339509638779712e-05
291 7.450923220239447e-05
292 2.550499897980004e-05
293 2.3625023625023624e-05
294 2.598752598752599e-05
295 7.385993022349253e-05
296 7.308003178882831e-05
297 4.757413096352611e-05
298 2.612876254180602e-05
299 2.6488662852299217e-05
300 2.7009507346586e-05
301 0.0
302 2.4718212378880757e-05
303 0.0
304 4.9554645142880436e-05
305 0.0
306 2.564102564102564e-05
307 2.6635414447048795e-05
308 2.550499897980004e-05
309 4.796180278967853e-05
310 5.055134847880962e-05
311 4.875493096646942e-05
312 2.828054298642534e-05
313 2.4845955078513218e-05
314 2.6858616244091105e-05
315 0.0
316 0.0
317 2.3452157598499062e-05
318 2.598752598752599e-05
319 2.510544286001205e-05
320 2.6488662852299217e-05
321 4.864433811802233e-05
322 4.844375503327568e-05
323 2.8532298561972153e-05
324 2.4718212378880757e-05
325 4.946172437158848e-05
326 4.714131811747154e-05
327 0.0
328 5.12538423319884e-05
329 5.027216263652585e-05
330 2.557283142389525e-05
331 4.898721718873398e-05
332 0.0
333 2.491032283778398e-05
334 2.491032283778398e-05
335 2.5040064102564102e-05
336 0.0
337 4.8577727553532414e-05
338 0.0
339 2.4845955078513218e-05
340 0.0
341 0.0
342 0.0
343 7.500133846802345e-05
344 5.0999646904819315e-05
345 0.0
346 2.4098708309234624e-05
347 0.0
348 0.0
349 0.0
350 0.0
351 2.6415891800507187e-05
352 4.754214737713088e-05
353 0.0
354 2.564102564102564e-05
355 0.0
356 0.0
357 4.7470389467653485e-05
358 0.0
359 0.0
360 0.0
361 2.459177650993508e-05
362 0.0
363 0.0
364 0.0
365 0.0
366 7.03195224521221e-05
367 2.3338312173263628e-05
368 5.1769788182831656e-05
369 5.141514187566819e-05
370 2.922609305588029e-05
371 2.3625023625023624e-05
372 2.205363443895554e-05
373 0.0
374 4.805652455214439e-05
375 2.6343519494204427e-05
376 2.356711915535445e-05
377 2.3918867202449293e-05
378 0.0
379 2.6343519494204427e-05
380 4.823640468992915e-05
381 2.605795288722118e-05
382 0.0
383 0.0
384 0.0
385 2.3741690408357073e-05
386 0.0
387 0.0
388 0.0
389 0.0
390 0.0
391 2.7162103433289875e-05
392 2.5040064102564102e-05
393 5.129518284886059e-05
394 0.0
395 0.0
396 2.5303643724696355e-05
397 2.38004569687738e-05
398 4.692217967944597e-05
399 7.853726758898974e-05
400 0.0
401 5.205691744153283e-05
402 0.0
403 2.205363443895554e-05
404 2.6488662852299217e-05
405 2.491032283778398e-05
406 0.0
407 0.0
408 9.827211457356236e-05
409 0.0
410 0.0
411 0.0
412 0.0
413 0.0
414 5.054506308236414e-05
415 0.0
416 0.0
417 5.172589281393863e-05
418 0.0
419 0.0
420 0.0
421 6.993286736134469e-05
422 0.0
423 2.262443438914027e-05
424 2.311390532544379e-05
425 2.6858616244091105e-05
426 0.0
427 0.0
428 0.0
429 0.0
430 0.0
431 0.0
432 0.0
433 0.0
434 5.020303466885608e-05
435 0.0
436 0.0
437 0.0
438 0.0
439 2.38004569687738e-05
440 2.385951517465165e-05
441 0.0
442 0.0
443 0.0
444 0.0
445 2.2948411969891684e-05
446 0.0
447 2.3169601482854498e-05
448 0.0
449 2.385951517465165e-05
450 2.7316433566433566e-05
451 0.0
452 2.670940170940171e-05
453 0.0
454 0.0
455 2.385951517465165e-05
456 0.0
457 0.0
458 0.0
459 0.0
460 2.3625023625023624e-05
461 0.0
462 0.0
463 0.0
464 0.0
465 2.564102564102564e-05
466 0.0
467 0.0
468 0.0
469 2.4718212378880757e-05
470 4.990639318997528e-05
471 2.6635414447048795e-05
472 2.605795288722118e-05
473 0.0
474 0.0
475 0.0
476 2.4718212378880757e-05
477 0.0
478 0.0
479 0.0
480 0.0
481 0.0
482 0.0
483 0.0
484 0.0
485 0.0
486 0.0
487 2.828054298642534e-05
488 0.0
489 0.0
490 2.7162103433289875e-05
491 0.0
492 0.0
493 0.0
494 0.0
495 0.0
496 0.0
497 0.0
498 0.0
499 2.6415891800507187e-05
500 0.0
501 0.0
502 0.0
503 0.0
504 0.0
505 0.0
506 0.0
507 0.0
508 0.0
509 0.0
510 0.0
511 5.177980554177545e-05
512 0.0
513 0.0
514 2.2571325388226798e-05
515 0.0
516 0.0
517 0.0
518 0.0
519 0.0
520 0.0
521 0.0
522 0.0
523 0.0
524 0.0
525 0.0
526 0.0
527 0.0
528 0.0
529 0.0
530 0.0
531 2.3281802942819892e-05
532 0.0
533 0.0
534 0.0
535 0.0
536 0.0
537 2.5040064102564102e-05
538 0.0
539 0.0
540 0.0
541 0.0
542 0.0
543 0.0
544 0.0
545 0.0
546 0.0
547 0.0
548 2.5778511033202723e-05
549 0.0
550 0.0
551 0.0
552 0.0
553 0.0
554 0.0
555 0.0
556 2.7085590465872156e-05
557 0.0
558 5.029131028940589e-05
559 0.0
560 0.0
561 2.5709584533113943e-05
562 0.0
563 0.0
564 2.6858616244091105e-05
565 2.3169601482854498e-05
566 0.0
567 0.0
568 0.0
569 0.0
570 0.0
571 0.0
572 0.0
573 0.0
574 0.0
575 0.0
576 0.0
577 0.0
578 0.0
579 0.0
580 0.0
581 0.0
582 0.0
583 0.0
584 0.0
585 2.2677793904209e-05
586 0.0
587 0.0
588 2.4718212378880757e-05
589 0.0
590 2.4098708309234624e-05
591 0.0
592 0.0
593 0.0
594 0.0
595 0.0
596 0.0
597 0.0
598 2.5040064102564102e-05
599 0.0
600 0.0
601 0.0
602 0.0
603 2.612876254180602e-05
604 0.0
605 0.0
606 0.0
607 0.0
608 0.0
609 0.0
610 0.0
611 0.0
612 0.0
613 0.0
614 0.0
615 2.550499897980004e-05
616 0.0
617 0.0
618 0.0
619 0.0
620 0.0
621 0.0
622 0.0
623 0.0
624 0.0
625 0.0
626 0.0
627 0.0
628 0.0
629 0.0
630 0.0
631 0.0
632 0.0
633 0.0
634 0.0
635 0.0
636 0.0
637 0.0
638 0.0
639 0.0
640 0.0
641 0.0
642 0.0
643 0.0
644 0.0
645 0.0
646 0.0
647 0.0
648 0.0
649 0.0
650 0.0
651 0.0
652 0.0
653 0.0
654 0.0
655 0.0
656 0.0
657 0.0
658 0.0
659 0.0
660 2.478191911181602e-05
661 0.0
662 0.0
663 0.0
664 0.0
665 0.0
666 0.0
667 0.0
668 0.0
669 0.0
670 0.0
671 2.6933850463262227e-05
672 0.0
673 0.0
674 0.0
675 0.0
676 2.4159257827599538e-05
677 0.0
678 0.0
679 0.0
680 0.0
681 0.0
682 0.0
683 0.0
684 0.0
685 0.0
686 0.0
687 0.0
688 0.0
689 0.0
690 0.0
691 0.0
692 0.0
693 0.0
694 0.0
695 0.0
696 0.0
697 0.0
698 0.0
699 0.0
700 0.0
701 0.0
702 0.0
703 0.0
704 0.0
705 0.0
706 0.0
707 0.0
708 0.0
709 0.0
710 0.0
711 0.0
712 0.0
713 0.0
714 0.0
715 0.0
716 0.0
717 0.0
718 0.0
719 0.0
720 0.0
721 0.0
722 0.0
723 0.0
724 0.0
725 0.0
726 0.0
727 0.0
728 0.0
729 0.0
730 0.0
731 0.0
732 0.0
733 0.0
734 0.0
735 0.0
736 0.0
737 2.564102564102564e-05
738 0.0
739 0.0
740 0.0
741 0.0
742 0.0
743 2.5040064102564102e-05
744 0.0
745 0.0
746 0.0
747 0.0
748 0.0
749 0.0
750 0.0
751 0.0
752 2.6635414447048795e-05
753 0.0
754 0.0
755 0.0
756 0.0
757 0.0
758 0.0
759 0.0
760 0.0
761 2.6199958080067072e-05
762 0.0
763 0.0
764 0.0
765 2.6488662852299217e-05
766 0.0
767 0.0
768 0.0
769 2.7316433566433566e-05
770 0.0
771 0.0
772 0.0
773 0.0
774 0.0
775 0.0
776 0.0
777 0.0
778 0.0
779 0.0
780 0.0
781 0.0
782 0.0
783 0.0
784 0.0
785 0.0
786 2.8532298561972153e-05
787 0.0
788 0.0
789 0.0
790 0.0
791 0.0
792 0.0
793 0.0
794 0.0
795 0.0
796 2.3978515250335697e-05
797 0.0
798 0.0
799 0.0
800 0.0
801 0.0
802 0.0
803 0.0
804 0.0
805 0.0
806 0.0
807 0.0
808 0.0
809 0.0
810 0.0
811 0.0
812 0.0
813 0.0
814 0.0
815 0.0
816 0.0
817 0.0
818 0.0
819 0.0
820 0.0
821 0.0
822 0.0
823 0.0
824 0.0
825 0.0
826 0.0
827 0.0
828 0.0
829 0.0
830 0.0
831 0.0
832 0.0
833 0.0
834 0.0
835 0.0
836 0.0
837 0.0
838 0.0
839 0.0
840 0.0
841 0.0
842 0.0
843 0.0
844 0.0
845 0.0
846 0.0
847 0.0
848 0.0
849 0.0
850 0.0
851 0.0
852 0.0
853 0.0
854 0.0
855 0.0
856 0.0
857 0.0
858 0.0
859 0.0
860 0.0
861 0.0
862 0.0
863 0.0
864 0.0
865 0.0
866 0.0
867 0.0
868 0.0
869 0.0
870 0.0
871 0.0
872 0.0
873 0.0
874 0.0
875 0.0
876 0.0
877 0.0
878 0.0
879 0.0
880 0.0
881 0.0
882 0.0
883 0.0
884 0.0
885 0.0
886 0.0
887 0.0
888 0.0
889 0.0
890 0.0
891 0.0
892 0.0
893 0.0
894 0.0
895 0.0
896 0.0
897 2.670940170940171e-05
898 0.0
899 0.0
900 0.0
901 0.0
902 0.0
903 0.0
904 0.0
905 0.0
906 0.0
907 0.0
908 0.0
909 0.0
910 0.0
911 0.0
912 0.0
913 0.0
914 0.0
915 0.0
916 0.0
917 0.0
918 0.0
919 0.0
920 0.0
921 0.0
922 0.0
923 2.550499897980004e-05
924 0.0
925 0.0
926 0.0
927 0.0
928 0.0
929 0.0
930 0.0
931 0.0
932 0.0
933 0.0
934 0.0
935 0.0
936 0.0
937 0.0
938 0.0
939 0.0
940 0.0
941 0.0
942 0.0
943 0.0
944 0.0
945 0.0
946 0.0
947 0.0
948 0.0
949 0.0
950 0.0
951 0.0
952 0.0
953 0.0
954 0.0
955 0.0
956 0.0
957 0.0
958 0.0
959 0.0
960 0.0
961 0.0
962 0.0
963 0.0
964 0.0
965 0.0
966 0.0
967 0.0
968 0.0
969 0.0
970 0.0
971 0.0
972 0.0
973 0.0
974 0.0
975 0.0
976 0.0
977 0.0
978 0.0
979 0.0
980 0.0
981 0.0
982 0.0
983 0.0
984 0.0
985 0.0
986 0.0
987 0.0
988 0.0
989 0.0
990 0.0
991 0.0
992 0.0
993 0.0
994 0.0
995 0.0
996 0.0
997 0.0
998 0.0
999 0.0
1000 0.0
1001 0.0
1002 0.0
1003 0.0
1004 0.0
1005 0.0
1006 0.0
1007 0.0
1008 0.0
1009 0.0
1010 0.0
1011 0.0
1012 0.0
1013 0.0
1014 0.0
1015 0.0
1016 0.0
1017 0.0
1018 0.0
1019 0.0
1020 0.0
1021 0.0
1022 0.0
1023 0.0
1024 0.0
1025 0.0
1026 0.0
1027 0.0
1028 0.0
1029 0.0
1030 0.0
1031 0.0
1032 0.0
1033 0.0
1034 0.0
1035 0.0
1036 0.0
1037 0.0
1038 0.0
1039 0.0
1040 0.0
1041 0.0
1042 0.0
1043 0.0
1044 0.0
1045 0.0
1046 0.0
1047 0.0
1048 0.0
1049 0.0
1050 0.0
1051 0.0
1052 0.0
1053 0.0
1054 0.0
1055 0.0
1056 0.0
1057 0.0
1058 0.0
1059 0.0
1060 0.0
1061 0.0
1062 0.0
1063 0.0
1064 0.0
1065 0.0
1066 0.0
1067 0.0
1068 0.0
1069 0.0
1070 0.0
1071 0.0
1072 0.0
1073 0.0
1074 0.0
1075 0.0
1076 0.0
1077 0.0
1078 0.0
1079 0.0
1080 0.0
1081 0.0
1082 0.0
1083 0.0
1084 0.0
1085 0.0
1086 0.0
1087 0.0
1088 0.0
1089 0.0
1090 0.0
1091 0.0
1092 0.0
1093 0.0
1094 0.0
1095 0.0
1096 0.0
1097 0.0
1098 0.0
1099 0.0
1100 0.0
1101 0.0
1102 0.0
1103 0.0
1104 0.0
1105 0.0
1106 0.0
1107 0.0
1108 0.0
1109 0.0
1110 0.0
1111 0.0
1112 0.0
1113 0.0
1114 0.0
1115 0.0
1116 0.0
1117 0.0
1118 0.0
1119 0.0
1120 0.0
1121 0.0
1122 0.0
1123 0.0
1124 0.0
1125 0.0
1126 0.0
1127 0.0
1128 0.0
1129 0.0
1130 0.0
1131 0.0
1132 0.0
1133 0.0
1134 0.0
1135 0.0
1136 0.0
1137 0.0
1138 0.0
1139 0.0
1140 0.0
1141 0.0
1142 0.0
1143 0.0
1144 0.0
1145 0.0
1146 0.0
1147 0.0
1148 0.0
1149 2.557283142389525e-05
1150 0.0
1151 0.0
1152 0.0
1153 0.0
1154 0.0
1155 0.0
1156 0.0
1157 0.0
1158 0.0
1159 0.0
1160 0.0
1161 0.0
1162 0.0
1163 0.0
1164 0.0
1165 0.0
1166 0.0
1167 0.0
1168 0.0
1169 0.0
1170 0.0
1171 0.0
1172 0.0
1173 0.0
1174 0.0
1175 0.0
1176 0.0
1177 0.0
1178 0.0
1179 0.0
1180 0.0
1181 0.0
1182 0.0
1183 0.0
1184 0.0
1185 0.0
1186 0.0
1187 0.0
1188 0.0
1189 0.0
1190 0.0
1191 0.0
1192 0.0
1193 0.0
1194 0.0
1195 0.0
1196 0.0
1197 0.0
1198 0.0
1199 2.4718212378880757e-05
