-2442 1
-2441 0
-2440 1
-2439 0
-2438 0
-2437 0
-2436 0
-2435 0
-2434 0
-2433 0
-2432 0
-2431 0
-2430 0
-2429 0
-2428 0
-2427 0
-2426 0
-2425 0
-2424 0
-2423 0
-2422 0
-2421 0
-2420 0
-2419 0
-2418 0
-2417 0
-2416 0
-2415 0
-2414 0
-2413 0
-2412 0
-2411 0
-2410 0
-2409 0
-2408 0
-2407 0
-2406 0
-2405 0
-2404 0
-2403 0
-2402 0
-2401 0
-2400 0
-2399 0
-2398 0
-2397 0
-2396 0
-2395 0
-2394 0
-2393 0
-2392 0
-2391 0
-2390 0
-2389 0
-2388 0
-2387 0
-2386 0
-2385 0
-2384 0
-2383 0
-2382 0
-2381 0
-2380 0
-2379 0
-2378 0
-2377 0
-2376 0
-2375 0
-2374 0
-2373 0
-2372 0
-2371 0
-2370 0
-2369 0
-2368 0
-2367 0
-2366 0
-2365 0
-2364 0
-2363 0
-2362 0
-2361 0
-2360 0
-2359 0
-2358 0
-2357 0
-2356 0
-2355 0
-2354 0
-2353 0
-2352 0
-2351 0
-2350 1
-2349 0
-2348 0
-2347 0
-2346 0
-2345 0
-2344 0
-2343 0
-2342 0
-2341 0
-2340 0
-2339 0
-2338 0
-2337 0
-2336 0
-2335 0
-2334 0
-2333 0
-2332 0
-2331 0
-2330 0
-2329 0
-2328 0
-2327 0
-2326 0
-2325 0
-2324 0
-2323 0
-2322 0
-2321 1
-2320 0
-2319 1
-2318 0
-2317 0
-2316 0
-2315 0
-2314 0
-2313 0
-2312 0
-2311 0
-2310 1
-2309 0
-2308 0
-2307 0
-2306 0
-2305 1
-2304 0
-2303 0
-2302 1
-2301 1
-2300 1
-2299 0
-2298 0
-2297 0
-2296 0
-2295 0
-2294 2
-2293 0
-2292 0
-2291 0
-2290 0
-2289 1
-2288 0
-2287 0
-2286 0
-2285 0
-2284 0
-2283 1
-2282 1
-2281 0
-2280 0
-2279 0
-2278 0
-2277 0
-2276 0
-2275 0
-2274 0
-2273 0
-2272 0
-2271 0
-2270 0
-2269 0
-2268 0
-2267 0
-2266 0
-2265 0
-2264 0
-2263 0
-2262 0
-2261 0
-2260 0
-2259 0
-2258 0
-2257 0
-2256 0
-2255 0
-2254 0
-2253 1
-2252 0
-2251 0
-2250 0
-2249 0
-2248 0
-2247 0
-2246 0
-2245 0
-2244 0
-2243 0
-2242 0
-2241 0
-2240 0
-2239 0
-2238 0
-2237 0
-2236 0
-2235 0
-2234 0
-2233 0
-2232 0
-2231 0
-2230 0
-2229 0
-2228 0
-2227 0
-2226 0
-2225 0
-2224 0
-2223 0
-2222 0
-2221 0
-2220 0
-2219 0
-2218 0
-2217 0
-2216 0
-2215 0
-2214 0
-2213 0
-2212 0
-2211 1
-2210 1
-2209 0
-2208 0
-2207 0
-2206 0
-2205 0
-2204 0
-2203 0
-2202 0
-2201 0
-2200 0
-2199 0
-2198 0
-2197 0
-2196 0
-2195 0
-2194 0
-2193 0
-2192 0
-2191 0
-2190 0
-2189 0
-2188 0
-2187 0
-2186 0
-2185 0
-2184 0
-2183 0
-2182 0
-2181 0
-2180 0
-2179 0
-2178 0
-2177 0
-2176 0
-2175 0
-2174 0
-2173 0
-2172 0
-2171 0
-2170 0
-2169 0
-2168 0
-2167 0
-2166 0
-2165 0
-2164 0
-2163 0
-2162 0
-2161 0
-2160 0
-2159 0
-2158 0
-2157 0
-2156 0
-2155 0
-2154 0
-2153 0
-2152 0
-2151 0
-2150 0
-2149 0
-2148 0
-2147 0
-2146 0
-2145 0
-2144 0
-2143 0
-2142 1
-2141 0
-2140 0
-2139 0
-2138 0
-2137 0
-2136 0
-2135 0
-2134 0
-2133 0
-2132 0
-2131 0
-2130 1
-2129 0
-2128 1
-2127 1
-2126 0
-2125 0
-2124 0
-2123 0
-2122 0
-2121 0
-2120 0
-2119 0
-2118 0
-2117 1
-2116 0
-2115 0
-2114 0
-2113 0
-2112 0
-2111 0
-2110 0
-2109 0
-2108 0
-2107 0
-2106 0
-2105 0
-2104 1
-2103 0
-2102 0
-2101 0
-2100 0
-2099 0
-2098 0
-2097 0
-2096 0
-2095 0
-2094 0
-2093 0
-2092 0
-2091 0
-2090 0
-2089 0
-2088 0
-2087 0
-2086 0
-2085 0
-2084 0
-2083 0
-2082 1
-2081 1
-2080 1
-2079 0
-2078 3
-2077 0
-2076 0
-2075 1
-2074 0
-2073 0
-2072 0
-2071 0
-2070 0
-2069 0
-2068 0
-2067 0
-2066 1
-2065 0
-2064 0
-2063 0
-2062 0
-2061 0
-2060 1
-2059 1
-2058 1
-2057 0
-2056 3
-2055 0
-2054 0
-2053 1
-2052 1
-2051 1
-2050 0
-2049 3
-2048 0
-2047 1
-2046 1
-2045 1
-2044 0
-2043 0
-2042 0
-2041 0
-2040 2
-2039 1
-2038 0
-2037 1
-2036 0
-2035 1
-2034 0
-2033 1
-2032 1
-2031 1
-2030 1
-2029 0
-2028 0
-2027 1
-2026 1
-2025 0
-2024 2
-2023 1
-2022 2
-2021 0
-2020 3
-2019 0
-2018 2
-2017 0
-2016 4
-2015 0
-2014 1
-2013 1
-2012 0
-2011 0
-2010 0
-2009 2
-2008 3
-2007 0
-2006 2
-2005 0
-2004 1
-2003 0
-2002 0
-2001 1
-2000 1
-1999 0
-1998 0
-1997 2
-1996 1
-1995 2
-1994 0
-1993 4
-1992 0
-1991 6
-1990 4
-1989 2
-1988 3
-1987 2
-1986 0
-1985 2
-1984 3
-1983 2
-1982 0
-1981 0
-1980 1
-1979 3
-1978 2
-1977 1
-1976 1
-1975 3
-1974 2
-1973 1
-1972 0
-1971 0
-1970 1
-1969 1
-1968 0
-1967 2
-1966 2
-1965 2
-1964 5
-1963 2
-1962 3
-1961 0
-1960 2
-1959 1
-1958 0
-1957 2
-1956 2
-1955 0
-1954 2
-1953 1
-1952 1
-1951 2
-1950 2
-1949 0
-1948 0
-1947 1
-1946 0
-1945 1
-1944 0
-1943 0
-1942 0
-1941 0
-1940 2
-1939 1
-1938 0
-1937 1
-1936 0
-1935 1
-1934 3
-1933 1
-1932 3
-1931 0
-1930 0
-1929 1
-1928 0
-1927 1
-1926 0
-1925 0
-1924 1
-1923 0
-1922 1
-1921 0
-1920 1
-1919 1
-1918 2
-1917 1
-1916 4
-1915 1
-1914 1
-1913 0
-1912 0
-1911 2
-1910 0
-1909 1
-1908 3
-1907 1
-1906 1
-1905 1
-1904 0
-1903 4
-1902 3
-1901 1
-1900 1
-1899 0
-1898 1
-1897 2
-1896 0
-1895 3
-1894 2
-1893 3
-1892 3
-1891 4
-1890 1
-1889 3
-1888 1
-1887 2
-1886 1
-1885 0
-1884 2
-1883 1
-1882 1
-1881 2
-1880 1
-1879 0
-1878 1
-1877 1
-1876 0
-1875 3
-1874 1
-1873 1
-1872 0
-1871 1
-1870 0
-1869 0
-1868 0
-1867 0
-1866 3
-1865 0
-1864 2
-1863 2
-1862 4
-1861 3
-1860 1
-1859 1
-1858 3
-1857 3
-1856 3
-1855 2
-1854 2
-1853 2
-1852 2
-1851 6
-1850 4
-1849 1
-1848 3
-1847 1
-1846 1
-1845 1
-1844 1
-1843 1
-1842 1
-1841 0
-1840 2
-1839 3
-1838 1
-1837 2
-1836 3
-1835 2
-1834 3
-1833 3
-1832 0
-1831 0
-1830 2
-1829 3
-1828 2
-1827 2
-1826 1
-1825 3
-1824 3
-1823 5
-1822 1
-1821 6
-1820 2
-1819 2
-1818 2
-1817 0
-1816 1
-1815 1
-1814 6
-1813 4
-1812 4
-1811 1
-1810 3
-1809 2
-1808 2
-1807 3
-1806 0
-1805 2
-1804 1
-1803 1
-1802 4
-1801 1
-1800 1
-1799 3
-1798 0
-1797 0
-1796 1
-1795 4
-1794 2
-1793 2
-1792 3
-1791 1
-1790 4
-1789 4
-1788 2
-1787 2
-1786 2
-1785 3
-1784 0
-1783 3
-1782 4
-1781 4
-1780 2
-1779 3
-1778 2
-1777 6
-1776 8
-1775 3
-1774 3
-1773 5
-1772 1
-1771 4
-1770 0
-1769 2
-1768 1
-1767 2
-1766 3
-1765 1
-1764 5
-1763 4
-1762 3
-1761 4
-1760 1
-1759 1
-1758 2
-1757 5
-1756 4
-1755 2
-1754 4
-1753 4
-1752 1
-1751 3
-1750 2
-1749 3
-1748 6
-1747 1
-1746 0
-1745 2
-1744 0
-1743 0
-1742 2
-1741 3
-1740 0
-1739 3
-1738 1
-1737 0
-1736 1
-1735 3
-1734 2
-1733 3
-1732 1
-1731 2
-1730 6
-1729 2
-1728 0
-1727 4
-1726 1
-1725 2
-1724 1
-1723 4
-1722 3
-1721 2
-1720 4
-1719 1
-1718 4
-1717 4
-1716 3
-1715 4
-1714 2
-1713 1
-1712 6
-1711 3
-1710 2
-1709 4
-1708 4
-1707 7
-1706 3
-1705 4
-1704 4
-1703 4
-1702 2
-1701 2
-1700 3
-1699 5
-1698 0
-1697 4
-1696 4
-1695 2
-1694 3
-1693 6
-1692 3
-1691 6
-1690 4
-1689 1
-1688 5
-1687 4
-1686 2
-1685 5
-1684 4
-1683 0
-1682 4
-1681 2
-1680 4
-1679 5
-1678 2
-1677 1
-1676 3
-1675 6
-1674 6
-1673 7
-1672 7
-1671 2
-1670 3
-1669 5
-1668 3
-1667 5
-1666 5
-1665 4
-1664 4
-1663 8
-1662 7
-1661 7
-1660 3
-1659 6
-1658 4
-1657 2
-1656 10
-1655 4
-1654 5
-1653 6
-1652 1
-1651 3
-1650 6
-1649 5
-1648 6
-1647 4
-1646 4
-1645 6
-1644 5
-1643 3
-1642 3
-1641 5
-1640 0
-1639 6
-1638 7
-1637 11
-1636 6
-1635 4
-1634 3
-1633 7
-1632 3
-1631 5
-1630 2
-1629 5
-1628 5
-1627 6
-1626 4
-1625 3
-1624 2
-1623 7
-1622 4
-1621 7
-1620 5
-1619 4
-1618 7
-1617 6
-1616 11
-1615 4
-1614 7
-1613 8
-1612 6
-1611 9
-1610 4
-1609 7
-1608 5
-1607 4
-1606 6
-1605 2
-1604 5
-1603 6
-1602 3
-1601 4
-1600 3
-1599 4
-1598 7
-1597 4
-1596 12
-1595 6
-1594 8
-1593 5
-1592 7
-1591 8
-1590 6
-1589 9
-1588 4
-1587 7
-1586 6
-1585 8
-1584 4
-1583 6
-1582 8
-1581 4
-1580 4
-1579 5
-1578 8
-1577 7
-1576 9
-1575 4
-1574 2
-1573 7
-1572 4
-1571 7
-1570 11
-1569 5
-1568 9
-1567 4
-1566 3
-1565 3
-1564 4
-1563 7
-1562 4
-1561 5
-1560 4
-1559 6
-1558 8
-1557 8
-1556 4
-1555 7
-1554 5
-1553 6
-1552 8
-1551 10
-1550 11
-1549 7
-1548 9
-1547 5
-1546 11
-1545 9
-1544 10
-1543 3
-1542 6
-1541 6
-1540 2
-1539 7
-1538 6
-1537 10
-1536 5
-1535 18
-1534 3
-1533 9
-1532 13
-1531 10
-1530 8
-1529 8
-1528 11
-1527 10
-1526 8
-1525 6
-1524 3
-1523 15
-1522 7
-1521 10
-1520 8
-1519 3
-1518 9
-1517 5
-1516 10
-1515 8
-1514 11
-1513 6
-1512 13
-1511 9
-1510 9
-1509 7
-1508 8
-1507 6
-1506 8
-1505 9
-1504 9
-1503 10
-1502 18
-1501 16
-1500 6
-1499 3
-1498 9
-1497 10
-1496 8
-1495 3
-1494 9
-1493 9
-1492 6
-1491 14
-1490 12
-1489 8
-1488 14
-1487 8
-1486 10
-1485 4
-1484 10
-1483 11
-1482 9
-1481 12
-1480 9
-1479 7
-1478 11
-1477 9
-1476 8
-1475 16
-1474 14
-1473 15
-1472 14
-1471 16
-1470 10
-1469 13
-1468 13
-1467 7
-1466 9
-1465 13
-1464 12
-1463 4
-1462 17
-1461 11
-1460 14
-1459 11
-1458 19
-1457 7
-1456 19
-1455 12
-1454 9
-1453 13
-1452 13
-1451 11
-1450 13
-1449 7
-1448 14
-1447 14
-1446 10
-1445 15
-1444 15
-1443 9
-1442 10
-1441 13
-1440 18
-1439 8
-1438 13
-1437 15
-1436 16
-1435 13
-1434 17
-1433 16
-1432 14
-1431 19
-1430 16
-1429 16
-1428 13
-1427 11
-1426 12
-1425 18
-1424 20
-1423 19
-1422 10
-1421 15
-1420 13
-1419 17
-1418 15
-1417 12
-1416 17
-1415 18
-1414 12
-1413 9
-1412 18
-1411 20
-1410 15
-1409 22
-1408 12
-1407 21
-1406 13
-1405 20
-1404 10
-1403 14
-1402 19
-1401 17
-1400 19
-1399 14
-1398 16
-1397 12
-1396 15
-1395 7
-1394 23
-1393 11
-1392 13
-1391 9
-1390 13
-1389 8
-1388 11
-1387 17
-1386 15
-1385 27
-1384 22
-1383 13
-1382 15
-1381 17
-1380 17
-1379 14
-1378 12
-1377 12
-1376 12
-1375 21
-1374 12
-1373 19
-1372 13
-1371 11
-1370 12
-1369 16
-1368 15
-1367 22
-1366 23
-1365 16
-1364 21
-1363 16
-1362 23
-1361 11
-1360 19
-1359 18
-1358 11
-1357 14
-1356 14
-1355 16
-1354 20
-1353 24
-1352 20
-1351 18
-1350 15
-1349 21
-1348 14
-1347 16
-1346 16
-1345 24
-1344 17
-1343 17
-1342 21
-1341 15
-1340 20
-1339 9
-1338 17
-1337 17
-1336 21
-1335 18
-1334 21
-1333 20
-1332 16
-1331 25
-1330 14
-1329 19
-1328 21
-1327 24
-1326 19
-1325 20
-1324 36
-1323 15
-1322 25
-1321 24
-1320 27
-1319 17
-1318 13
-1317 17
-1316 31
-1315 26
-1314 26
-1313 16
-1312 20
-1311 28
-1310 34
-1309 24
-1308 27
-1307 22
-1306 21
-1305 24
-1304 27
-1303 30
-1302 17
-1301 33
-1300 16
-1299 21
-1298 21
-1297 17
-1296 37
-1295 31
-1294 33
-1293 23
-1292 23
-1291 25
-1290 16
-1289 33
-1288 18
-1287 31
-1286 19
-1285 26
-1284 25
-1283 21
-1282 27
-1281 21
-1280 26
-1279 25
-1278 27
-1277 28
-1276 29
-1275 29
-1274 21
-1273 29
-1272 27
-1271 29
-1270 37
-1269 36
-1268 24
-1267 27
-1266 24
-1265 28
-1264 41
-1263 26
-1262 22
-1261 26
-1260 31
-1259 18
-1258 31
-1257 31
-1256 24
-1255 29
-1254 38
-1253 26
-1252 17
-1251 25
-1250 20
-1249 27
-1248 28
-1247 28
-1246 30
-1245 30
-1244 34
-1243 37
-1242 30
-1241 26
-1240 36
-1239 37
-1238 34
-1237 40
-1236 29
-1235 33
-1234 37
-1233 25
-1232 37
-1231 27
-1230 38
-1229 46
-1228 32
-1227 40
-1226 45
-1225 32
-1224 38
-1223 44
-1222 41
-1221 40
-1220 30
-1219 21
-1218 48
-1217 44
-1216 39
-1215 36
-1214 36
-1213 33
-1212 44
-1211 41
-1210 45
-1209 41
-1208 34
-1207 46
-1206 37
-1205 42
-1204 50
-1203 43
-1202 47
-1201 36
-1200 30
-1199 46
-1198 48
-1197 44
-1196 37
-1195 36
-1194 36
-1193 37
-1192 38
-1191 28
-1190 40
-1189 31
-1188 30
-1187 27
-1186 31
-1185 44
-1184 39
-1183 41
-1182 39
-1181 38
-1180 50
-1179 33
-1178 46
-1177 46
-1176 43
-1175 59
-1174 46
-1173 42
-1172 55
-1171 43
-1170 47
-1169 35
-1168 47
-1167 39
-1166 51
-1165 43
-1164 56
-1163 43
-1162 48
-1161 44
-1160 56
-1159 45
-1158 46
-1157 51
-1156 45
-1155 51
-1154 46
-1153 57
-1152 46
-1151 43
-1150 63
-1149 46
-1148 63
-1147 52
-1146 52
-1145 67
-1144 61
-1143 53
-1142 64
-1141 54
-1140 38
-1139 58
-1138 45
-1137 49
-1136 56
-1135 42
-1134 57
-1133 57
-1132 66
-1131 64
-1130 53
-1129 52
-1128 53
-1127 70
-1126 42
-1125 59
-1124 47
-1123 38
-1122 58
-1121 59
-1120 49
-1119 51
-1118 50
-1117 56
-1116 63
-1115 46
-1114 48
-1113 65
-1112 63
-1111 61
-1110 61
-1109 62
-1108 57
-1107 62
-1106 66
-1105 67
-1104 50
-1103 58
-1102 49
-1101 48
-1100 61
-1099 53
-1098 46
-1097 56
-1096 66
-1095 68
-1094 71
-1093 65
-1092 64
-1091 59
-1090 71
-1089 76
-1088 68
-1087 60
-1086 73
-1085 76
-1084 77
-1083 58
-1082 81
-1081 63
-1080 62
-1079 80
-1078 82
-1077 64
-1076 69
-1075 78
-1074 71
-1073 61
-1072 68
-1071 62
-1070 56
-1069 83
-1068 67
-1067 70
-1066 70
-1065 68
-1064 62
-1063 72
-1062 66
-1061 88
-1060 69
-1059 78
-1058 71
-1057 73
-1056 62
-1055 83
-1054 64
-1053 76
-1052 83
-1051 82
-1050 75
-1049 75
-1048 81
-1047 68
-1046 82
-1045 90
-1044 93
-1043 92
-1042 96
-1041 75
-1040 86
-1039 87
-1038 88
-1037 76
-1036 83
-1035 99
-1034 95
-1033 75
-1032 82
-1031 69
-1030 99
-1029 78
-1028 81
-1027 91
-1026 91
-1025 82
-1024 98
-1023 92
-1022 98
-1021 84
-1020 76
-1019 92
-1018 94
-1017 92
-1016 90
-1015 117
-1014 108
-1013 84
-1012 111
-1011 78
-1010 101
-1009 88
-1008 90
-1007 100
-1006 109
-1005 112
-1004 102
-1003 97
-1002 111
-1001 102
-1000 112
-999 92
-998 111
-997 116
-996 108
-995 126
-994 112
-993 123
-992 125
-991 99
-990 108
-989 113
-988 109
-987 127
-986 122
-985 110
-984 118
-983 109
-982 101
-981 132
-980 104
-979 125
-978 102
-977 101
-976 121
-975 109
-974 128
-973 101
-972 115
-971 91
-970 97
-969 121
-968 131
-967 123
-966 100
-965 118
-964 122
-963 121
-962 123
-961 131
-960 139
-959 133
-958 132
-957 136
-956 142
-955 140
-954 141
-953 140
-952 117
-951 134
-950 128
-949 141
-948 129
-947 125
-946 151
-945 131
-944 152
-943 138
-942 121
-941 121
-940 128
-939 134
-938 133
-937 166
-936 117
-935 168
-934 144
-933 142
-932 164
-931 155
-930 136
-929 170
-928 155
-927 130
-926 150
-925 149
-924 149
-923 158
-922 154
-921 153
-920 153
-919 157
-918 173
-917 159
-916 152
-915 165
-914 175
-913 148
-912 166
-911 148
-910 177
-909 173
-908 160
-907 150
-906 158
-905 157
-904 154
-903 170
-902 155
-901 158
-900 186
-899 148
-898 176
-897 170
-896 189
-895 169
-894 172
-893 182
-892 176
-891 177
-890 188
-889 176
-888 193
-887 200
-886 178
-885 170
-884 198
-883 196
-882 167
-881 178
-880 183
-879 175
-878 181
-877 184
-876 192
-875 189
-874 201
-873 169
-872 185
-871 175
-870 181
-869 173
-868 188
-867 176
-866 190
-865 178
-864 198
-863 172
-862 203
-861 186
-860 174
-859 187
-858 199
-857 200
-856 192
-855 184
-854 227
-853 189
-852 217
-851 215
-850 207
-849 196
-848 193
-847 202
-846 218
-845 194
-844 206
-843 223
-842 204
-841 223
-840 203
-839 198
-838 211
-837 202
-836 206
-835 206
-834 229
-833 225
-832 219
-831 219
-830 213
-829 243
-828 219
-827 224
-826 243
-825 211
-824 231
-823 236
-822 239
-821 228
-820 257
-819 246
-818 251
-817 256
-816 212
-815 253
-814 234
-813 259
-812 268
-811 232
-810 247
-809 268
-808 269
-807 291
-806 271
-805 274
-804 254
-803 278
-802 279
-801 267
-800 274
-799 290
-798 293
-797 276
-796 296
-795 267
-794 293
-793 272
-792 309
-791 303
-790 286
-789 309
-788 287
-787 285
-786 285
-785 276
-784 301
-783 275
-782 272
-781 283
-780 327
-779 296
-778 309
-777 318
-776 312
-775 345
-774 326
-773 303
-772 338
-771 341
-770 334
-769 315
-768 322
-767 327
-766 321
-765 293
-764 329
-763 348
-762 335
-761 319
-760 339
-759 338
-758 344
-757 342
-756 328
-755 307
-754 339
-753 359
-752 354
-751 374
-750 327
-749 322
-748 356
-747 340
-746 335
-745 326
-744 355
-743 360
-742 379
-741 347
-740 385
-739 343
-738 385
-737 348
-736 349
-735 357
-734 379
-733 358
-732 385
-731 352
-730 395
-729 376
-728 406
-727 361
-726 403
-725 415
-724 388
-723 374
-722 386
-721 383
-720 344
-719 361
-718 398
-717 415
-716 392
-715 404
-714 360
-713 406
-712 367
-711 405
-710 430
-709 416
-708 418
-707 417
-706 429
-705 407
-704 412
-703 443
-702 386
-701 407
-700 419
-699 438
-698 442
-697 466
-696 462
-695 478
-694 481
-693 456
-692 442
-691 445
-690 478
-689 480
-688 436
-687 403
-686 469
-685 438
-684 467
-683 494
-682 448
-681 484
-680 503
-679 482
-678 489
-677 509
-676 483
-675 506
-674 493
-673 510
-672 454
-671 521
-670 491
-669 512
-668 516
-667 479
-666 476
-665 523
-664 466
-663 492
-662 503
-661 479
-660 503
-659 531
-658 563
-657 555
-656 547
-655 554
-654 572
-653 561
-652 568
-651 534
-650 566
-649 555
-648 579
-647 590
-646 595
-645 630
-644 614
-643 580
-642 619
-641 618
-640 563
-639 580
-638 554
-637 593
-636 625
-635 627
-634 565
-633 565
-632 617
-631 591
-630 611
-629 616
-628 630
-627 618
-626 648
-625 622
-624 611
-623 680
-622 651
-621 633
-620 622
-619 654
-618 670
-617 635
-616 633
-615 670
-614 643
-613 705
-612 693
-611 665
-610 651
-609 647
-608 615
-607 672
-606 629
-605 690
-604 673
-603 659
-602 740
-601 695
-600 702
-599 701
-598 708
-597 660
-596 729
-595 707
-594 747
-593 758
-592 676
-591 756
-590 756
-589 724
-588 723
-587 733
-586 741
-585 714
-584 768
-583 747
-582 766
-581 782
-580 795
-579 789
-578 766
-577 748
-576 783
-575 772
-574 815
-573 813
-572 815
-571 849
-570 891
-569 838
-568 804
-567 819
-566 820
-565 832
-564 872
-563 858
-562 888
-561 845
-560 826
-559 928
-558 910
-557 901
-556 859
-555 836
-554 910
-553 927
-552 845
-551 917
-550 950
-549 934
-548 966
-547 974
-546 928
-545 893
-544 986
-543 930
-542 1042
-541 977
-540 948
-539 968
-538 994
-537 1031
-536 1007
-535 1015
-534 977
-533 947
-532 1031
-531 950
-530 1045
-529 1038
-528 1034
-527 1003
-526 1117
-525 1079
-524 1075
-523 1024
-522 1015
-521 1034
-520 1074
-519 1075
-518 1052
-517 1058
-516 1016
-515 1065
-514 1045
-513 1107
-512 1134
-511 1118
-510 1103
-509 1130
-508 1163
-507 1137
-506 1074
-505 1113
-504 1181
-503 1136
-502 1186
-501 1192
-500 1217
-499 1165
-498 1176
-497 1159
-496 1213
-495 1247
-494 1172
-493 1232
-492 1186
-491 1265
-490 1266
-489 1290
-488 1293
-487 1248
-486 1288
-485 1237
-484 1247
-483 1229
-482 1274
-481 1288
-480 1312
-479 1332
-478 1278
-477 1334
-476 1288
-475 1273
-474 1346
-473 1372
-472 1328
-471 1363
-470 1360
-469 1372
-468 1360
-467 1434
-466 1412
-465 1409
-464 1427
-463 1421
-462 1516
-461 1485
-460 1452
-459 1413
-458 1479
-457 1387
-456 1442
-455 1477
-454 1465
-453 1509
-452 1487
-451 1604
-450 1551
-449 1530
-448 1582
-447 1564
-446 1485
-445 1581
-444 1528
-443 1648
-442 1624
-441 1556
-440 1605
-439 1624
-438 1608
-437 1578
-436 1643
-435 1528
-434 1613
-433 1624
-432 1609
-431 1662
-430 1642
-429 1677
-428 1655
-427 1623
-426 1695
-425 1673
-424 1741
-423 1726
-422 1701
-421 1807
-420 1653
-419 1857
-418 1768
-417 1771
-416 1695
-415 1816
-414 1825
-413 1829
-412 1811
-411 1806
-410 1832
-409 1902
-408 1947
-407 1926
-406 1936
-405 1920
-404 1932
-403 1971
-402 1987
-401 1933
-400 1908
-399 1898
-398 2004
-397 2107
-396 2072
-395 2129
-394 2002
-393 2005
-392 2059
-391 2137
-390 2101
-389 2101
-388 2082
-387 2135
-386 2099
-385 2117
-384 2239
-383 2199
-382 2179
-381 2200
-380 2231
-379 2257
-378 2275
-377 2283
-376 2190
-375 2251
-374 2288
-373 2210
-372 2380
-371 2296
-370 2339
-369 2230
-368 2314
-367 2343
-366 2274
-365 2345
-364 2327
-363 2384
-362 2420
-361 2462
-360 2508
-359 2445
-358 2417
-357 2483
-356 2416
-355 2447
-354 2554
-353 2580
-352 2648
-351 2496
-350 2585
-349 2647
-348 2589
-347 2713
-346 2690
-345 2661
-344 2769
-343 2650
-342 2766
-341 2742
-340 2775
-339 2730
-338 2767
-337 2773
-336 2775
-335 2818
-334 2908
-333 2861
-332 2807
-331 2898
-330 2854
-329 2999
-328 2886
-327 2936
-326 2865
-325 3014
-324 2962
-323 3062
-322 3020
-321 3111
-320 3006
-319 3030
-318 3000
-317 3068
-316 3188
-315 3090
-314 3115
-313 3181
-312 3198
-311 3279
-310 3169
-309 3274
-308 3172
-307 3276
-306 3319
-305 3346
-304 3323
-303 3326
-302 3429
-301 3459
-300 3477
-299 3528
-298 3420
-297 3640
-296 3526
-295 3591
-294 3580
-293 3562
-292 3539
-291 3619
-290 3598
-289 3524
-288 3683
-287 3761
-286 3697
-285 3863
-284 3762
-283 3790
-282 3790
-281 3770
-280 3855
-279 3776
-278 3853
-277 3745
-276 3841
-275 4007
-274 3910
-273 3957
-272 3995
-271 4076
-270 3994
-269 4080
-268 4250
-267 4271
-266 4204
-265 4354
-264 4293
-263 4298
-262 4319
-261 4334
-260 4324
-259 4430
-258 4276
-257 4392
-256 4463
-255 4366
-254 4510
-253 4412
-252 4601
-251 4628
-250 4551
-249 4594
-248 4683
-247 4660
-246 4796
-245 4716
-244 4729
-243 4796
-242 4827
-241 4891
-240 4874
-239 4910
-238 4912
-237 4868
-236 4950
-235 4997
-234 5125
-233 5125
-232 5178
-231 5217
-230 5199
-229 5218
-228 5300
-227 5194
-226 5315
-225 5369
-224 5483
-223 5296
-222 5539
-221 5434
-220 5689
-219 5567
-218 5605
-217 5605
-216 5759
-215 5740
-214 5763
-213 5819
-212 5822
-211 6008
-210 6024
-209 6007
-208 6082
-207 5976
-206 6115
-205 5924
-204 6088
-203 6102
-202 6209
-201 6318
-200 6231
-199 6331
-198 6484
-197 6573
-196 6401
-195 6413
-194 6481
-193 6494
-192 6675
-191 6507
-190 6590
-189 6705
-188 6731
-187 6755
-186 6863
-185 7062
-184 6821
-183 7064
-182 6945
-181 7125
-180 7193
-179 7129
-178 7236
-177 7250
-176 7341
-175 7278
-174 7466
-173 7513
-172 7558
-171 7718
-170 7641
-169 7743
-168 7717
-167 7925
-166 7968
-165 7958
-164 7950
-163 8116
-162 8217
-161 8242
-160 8236
-159 8266
-158 8425
-157 8537
-156 8413
-155 8564
-154 8705
-153 8675
-152 8863
-151 8854
-150 9022
-149 9056
-148 9106
-147 9125
-146 9129
-145 9397
-144 9466
-143 9429
-142 9704
-141 9764
-140 9810
-139 9802
-138 9936
-137 10061
-136 10142
-135 9987
-134 10233
-133 10275
-132 10463
-131 10284
-130 10654
-129 10626
-128 10720
-127 10615
-126 10989
-125 11062
-124 11058
-123 11066
-122 11382
-121 11257
-120 11371
-119 11826
-118 11677
-117 11801
-116 11829
-115 11837
-114 12027
-113 12056
-112 12290
-111 12349
-110 12641
-109 12570
-108 12876
-107 12696
-106 13094
-105 12992
-104 13194
-103 13519
-102 13536
-101 13587
-100 13885
-99 13733
-98 13636
-97 14225
-96 14103
-95 14730
-94 14707
-93 14866
-92 15154
-91 15159
-90 15391
-89 15626
-88 15450
-87 15632
-86 15838
-85 16040
-84 16171
-83 16609
-82 16842
-81 16844
-80 16926
-79 16767
-78 17509
-77 17508
-76 17609
-75 18028
-74 18060
-73 17998
-72 18456
-71 18774
-70 19110
-69 19089
-68 19641
-67 19729
-66 19833
-65 20259
-64 20603
-63 20926
-62 21178
-61 21164
-60 21681
-59 21719
-58 22253
-57 22564
-56 22871
-55 23057
-54 23573
-53 23721
-52 24030
-51 24643
-50 25023
-49 25462
-48 25517
-47 26428
-46 26745
-45 27208
-44 27571
-43 28068
-42 28499
-41 28983
-40 29315
-39 30294
-38 30829
-37 31222
-36 32231
-35 32425
-34 33516
-33 33968
-32 34914
-31 35776
-30 36553
-29 37345
-28 38005
-27 38759
-26 40148
-25 41737
-24 42527
-23 43621
-22 44988
-21 46618
-20 48056
-19 49629
-18 51454
-17 53812
-16 55898
-15 57835
-14 60277
-13 63038
-12 66281
-11 69650
-10 73047
-9 77082
-8 82046
-7 87782
-6 94015
-5 101559
-4 108932
-3 116218
-2 114659
-1 97640
0 8941103
1 83861646
