0 0.2233
1 0.2036
2 0.2258
3 0.2084
4 0.2288
5 0.2071
6 0.218
7 0.2278
8 0.2122
9 0.2041
10 0.2043
11 0.2059
12 0.202
13 0.2008
14 0.2087
15 0.2002
16 0.2006
17 0.1996
18 0.1986
19 0.226
20 0.2128
21 0.2113
22 0.2237
23 0.1969
24 0.2234
25 0.2127
26 0.1931
27 0.2142
28 0.2055
29 0.234
30 0.2135
31 0.1936
32 0.2191
33 0.1888
34 0.2116
35 0.2076
36 0.2102
37 0.2013
38 0.1867
39 0.2093
40 0.2065
41 0.2038
42 0.1927
43 0.2126
44 0.2153
45 0.221
46 0.2166
47 0.218
48 0.2101
49 0.1971
50 0.2101
51 0.1915
52 0.2048
53 0.2126
54 0.2051
55 0.2121
56 0.2085
57 0.2168
58 0.2142
59 0.2082
60 0.2028
61 0.2065
62 0.2016
63 0.2099
64 0.2124
65 0.2013
66 0.2134
67 0.2098
68 0.2157
69 0.2213
70 0.2177
71 0.1999
72 0.2168
73 0.1983
74 0.1982
75 0.1877
76 0.21
77 0.2079
78 0.2189
79 0.2181
80 0.1904
81 0.2111
82 0.1968
83 0.194
84 0.2173
85 0.228
86 0.1894
87 0.2135
88 0.1985
89 0.2151
90 0.2098
91 0.1991
92 0.2124
93 0.2121
94 0.2088
95 0.2077
96 0.1817
97 0.2086
98 0.22
99 0.2037
100 0.1991
101 0.217
102 0.2155
103 0.1997
104 0.2051
105 0.2058
106 0.2111
107 0.1902
108 0.1885
109 0.2123
110 0.2021
