-75 2
-74 1
-73 1
-72 3
-71 0
-70 0
-69 2
-68 1
-67 1
-66 3
-65 3
-64 6
-63 5
-62 7
-61 10
-60 11
-59 10
-58 11
-57 17
-56 22
-55 15
-54 28
-53 42
-52 47
-51 50
-50 57
-49 66
-48 96
-47 99
-46 134
-45 152
-44 197
-43 230
-42 277
-41 341
-40 405
-39 516
-38 580
-37 739
-36 888
-35 1067
-34 1269
-33 1577
-32 1932
-31 2373
-30 2785
-29 3365
-28 4248
-27 5209
-26 6525
-25 7932
-24 9945
-23 12001
-22 15050
-21 18394
-20 23668
-19 29457
-18 36393
-17 46187
-16 58479
-15 73871
-14 95074
-13 121696
-12 157856
-11 206234
-10 270809
-9 360548
-8 490574
-7 673960
-6 948414
-5 1375277
-4 2083918
-3 3383657
-2 6235658
-1 13835076
0 53424386
1 941940267
2 58822815
3 10112626
4 5159055
5 3073094
6 1960619
7 1313060
8 914049
9 653980
10 475566
11 350919
12 264690
13 202024
14 153937
15 119645
16 93045
17 72868
18 57475
19 44937
20 35686
21 28681
22 23224
23 18371
24 14848
25 12070
26 9687
27 7905
28 6324
29 5202
30 4211
31 3429
32 2802
33 2313
34 1876
35 1466
36 1330
37 1044
38 927
39 669
40 570
41 481
42 371
43 307
44 266
45 215
46 207
47 139
48 130
49 94
50 91
51 77
52 73
53 50
54 40
55 31
56 27
57 25
58 17
59 26
60 12
61 23
62 7
63 9
64 7
65 9
66 2
67 2
68 1
69 0
70 3
71 2
72 0
73 5
74 3
75 1
76 1
77 0
78 1
