0 1.0 0.0 380189
1 0.16004122567607482 1.3159263642943886 15651411
2 0.24505959865524612 1.5912658027741737 14134631
3 0.15533497965062387 2.5158584037134593 13371663
4 0.15606539702079422 3.1618795277764993 11960973
5 0.13814422390019016 3.9031458335848623 10679187
6 0.1283324195971791 4.603267848707424 9506756
7 0.1015083247655137 5.42822620740468 8493993
8 0.0845359386142103 6.17230385772739 7610491
9 0.05653748149040102 7.02243805686801 6843071
10 0.030397465238650695 7.771062382320565 6161369
11 -0.0003946049808276965 8.623215519446697 5565059
12 -0.02749949590415921 9.390794237369125 5033765
13 -0.06040013171689287 10.248969171416515 4561298
14 -0.09097398825649908 11.00560932998174 4142206
15 -0.12517082201721955 11.845597264051449 3760493
16 -0.1553951284512648 12.661150188882505 3422115
17 -0.19613750942159067 13.464266798487344 3111205
18 -0.22782018007942337 14.266402819670041 2836193
19 -0.25927033007146816 15.09603159897577 2586046
20 -0.2955340878942225 15.850495211740563 2359518
21 -0.3353290858080803 16.67601252668657 2156079
22 -0.3762077862414642 17.389608042819745 1967753
23 -0.4062996725817085 18.323412532435196 1797395
24 -0.44187020916252895 19.03384313108736 1644415
25 -0.48147406515477087 19.79490123643409 1503190
26 -0.5193553824936894 20.593697483542 1376258
27 -0.5611048390421494 21.38909547963159 1261324
28 -0.5898238737389564 22.100634192963938 1155194
29 -0.6259818736829965 22.900491458826533 1057799
30 -0.6651298852057268 23.78402297609619 969125
31 -0.7094666710153843 24.58705563654101 889151
32 -0.7368796792688034 25.30006042790663 816634
33 -0.772927134001463 26.22369833994493 749156
34 -0.8098928540317664 26.90928161409282 688780
35 -0.8443629485896104 27.78535830069345 632343
36 -0.8824118428035801 28.52081157706774 582227
37 -0.9190801320528211 29.257812719232117 533120
38 -0.9564374063351151 30.382202852081384 489778
39 -0.9872425757889371 30.987487117898294 449307
40 -1.038404741039136 31.81948693743816 413074
41 -1.0643342908220625 32.53160105530435 379813
42 -1.090620465744372 33.60034429598282 348045
43 -1.117391399578834 34.043614851887604 319589
44 -1.1685247971328792 35.063284131658705 294651
45 -1.190560758316144 36.19200138094193 271971
46 -1.2412924280418012 36.67388589842327 250041
47 -1.256651058038878 37.616462050338136 230001
48 -1.2922892949846487 38.861789282503715 210733
49 -1.3429235371445725 39.53143718166589 193218
50 -1.3559492016271706 40.282887400903185 177486
51 -1.3684056092819679 41.178057214846454 163586
52 -1.4359359591239715 42.399670676075274 151091
53 -1.4198203747206783 42.74176638036425 139624
54 -1.5444816105424095 43.89774082971041 128851
55 -1.5365453561523372 45.48726620930679 118264
56 -1.5569343998831178 45.73740790069784 109512
57 -1.6164984205124118 46.33908982867151 100349
58 -1.61213460267949 47.84117755022784 92331
59 -1.6637967636929754 49.042980027236624 84788
60 -1.6623530319792121 49.48415758552776 77738
61 -1.6977777777777778 50.103102689719684 71775
62 -1.7593954371477654 52.034647342568405 66362
63 -1.7770033697706913 52.73291407438201 60835
64 -1.8229471555531904 53.98130018906108 56373
65 -1.8362759286058852 54.91341632907653 51825
66 -1.881807961359094 56.14694419962728 48032
67 -1.916426966292135 56.8427009413181 44500
68 -1.9133264816718054 56.12746543332443 40866
69 -1.9334993641373464 58.09705074723808 37744
70 -2.0944481761630795 61.450616354618 34241
71 -1.9668229925850815 59.99062880008719 31558
72 -2.0407925806782794 61.86849783524313 29221
73 -2.1277606621877436 65.22052810958303 26941
74 -2.164217199785929 64.48346867521728 24291
75 -2.0340000883119176 65.39152293601462 22647
76 -2.143147832670831 65.24862662343583 21132
77 -2.175228134932841 68.6936875953392 19506
78 -2.168146996780282 68.1907229236554 18014
79 -2.3504891535516803 73.56981093530243 16457
80 -2.285592943482522 72.30242883005528 15305
81 -2.325724817466506 73.44526082539969 14107
82 -2.3091794793728115 79.3709935267744 13138
83 -2.289753241321623 74.16213256144118 11955
84 -2.3711058480597558 73.65914690973749 10978
85 -2.3918757467144562 77.01130795111122 10044
86 -2.4811259000654595 79.27342731624668 9166
87 -2.3373935666982026 75.66915990470693 8456
88 -2.5546154817527467 85.56511286830936 7919
89 -2.62312543798178 82.33603143695517 7135
90 -2.506754633993088 83.87892075883539 6366
91 -2.6360319666435026 87.48340635338815 5756
92 -2.6843998485422187 89.1092189601581 5282
93 -2.7509984025559104 89.99890076038558 5008
94 -2.8093211321557776 94.19092396986372 4699
95 -2.796287809349221 93.78961958353266 4364
96 -2.6356275303643724 90.76551205559979 3952
97 -2.709936340990866 97.25104159573058 3613
98 -2.4358440011908304 91.79872711588725 3359
99 -2.4871392722710164 89.0716664711923 3188
100 -2.954679802955665 101.956566769395 3045
101 -2.7533482142857144 98.86587420612757 2688
102 -3.062372604973502 104.70503750160601 2453
103 -2.9770797962648556 99.68792967274979 2356
104 -2.440443213296399 83.7090568672734 2166
105 -2.7331995987963893 99.47445445664916 1994
106 -2.947049089906233 109.19851997387362 1813
107 -3.0617283950617282 119.78396150412792 1701
108 -3.390635022450289 131.12193923754367 1559
109 -3.36 115.60864561403503 1425
110 -3.121466768525592 117.55820227945374 1309
111 -3.0170648464163823 116.18230264767078 1172
112 -2.640838650865998 102.20099400951734 1097
113 -3.1370143149284253 122.31865039038803 978
114 -4.248568155784651 155.86833987422074 873
115 -2.4561855670103094 89.49550297587349 776
116 -3.744599745870394 144.79499942683526 787
117 -3.6035182679296347 118.74537327808264 739
118 -3.511177347242921 145.2454041280115 671
119 -2.311349693251534 105.7113435771014 652
120 -3.2417218543046356 118.35216657164166 604
121 -3.2007233273056057 104.70654558891381 553
122 -3.03690036900369 121.79199629634697 542
123 -3.4485436893203882 129.5560901121687 515
124 -2.8734177215189876 108.00507397318782 474
125 -3.6103603603603602 144.01259536563578 444
126 -3.1231884057971016 127.19980046208832 414
127 -3.474934036939314 135.9485801407671 379
128 -3.894578313253012 151.44370554507216 332
129 -3.9794520547945207 152.65026271345496 292
130 -3.153558052434457 118.90151355749131 267
131 -2.0130434782608697 84.01287334593563 230
132 -4.581081081081081 150.92811054297553 222
133 -3.1921182266009853 125.95816447863332 203
134 -1.5497076023391814 117.4639034232756 171
135 -3.0177514792899407 95.99376772521994 169
136 -3.1222222222222222 130.20728395061712 180
137 -2.1595092024539877 96.57578380819757 163
138 -2.8895705521472395 117.73013662539039 163
139 -4.456375838926174 178.14071438223522 149
140 -4.419354838709677 150.46930280957324 124
141 -3.06140350877193 189.81201908279462 114
142 -2.3783783783783785 114.5054784514246 111
143 -6.780701754385965 277.2062942443828 114
144 -2.6 118.77333333333316 105
145 -3.9875 180.98734375000004 80
146 -1.6933333333333334 108.159288888889 75
147 -2.6666666666666665 71.43434343434338 66
148 -1.75 84.1875 52
149 -5.530612244897959 236.53477717617665 49
150 -6.447368421052632 228.56301939058176 38
151 -2.742857142857143 70.19102040816321 35
152 -6.771428571428571 312.23346938775506 35
153 -1.2413793103448276 38.45897740784781 29
154 -5.904761904761905 288.6575963718823 42
155 -0.972972972972973 88.78305332359383 37
156 -8.96 396.8384 25
157 -10.2 322.65999999999997 20
158 -0.8 24.693333333333335 15
159 -8.7 331.71 20
160 -2.4705882352941178 101.19031141868514 17
161 -1.5714285714285714 65.3877551020408 21
162 -6.625 348.234375 16
163 -5.1 210.89000000000004 20
164 -2.066666666666667 57.92888888888889 15
165 -0.16666666666666666 1.4722222222222223 6
166 -6.333333333333333 624.2222222222223 9
167 -7.75 385.9375 16
168 -4.111111111111111 67.65432098765432 9
169 -0.625 11.984375 8
170 -4.916666666666667 188.24305555555554 12
171 -9.666666666666666 327.1555555555555 15
172 -5.230769230769231 396.7928994082841 13
173 -14.142857142857142 663.265306122449 7
174 -5.0 32.0 6
175 0.6 10.240000000000004 5
176 -4.0 27.0 4
177 -13.5 472.5833333333333 6
178 0.0 1.0 6
179 -1.75 0.1875 4
180 0.16666666666666666 1.4722222222222223 6
181 -1.75 10.9375 8
182 2.4285714285714284 53.673469387755105 7
183 -1.0 0.0 3
184 2.3333333333333335 3.555555555555556 3
185 0.2 2.16 5
186 -2.5 0.25 2
187 -0.5 2.25 2
188 -16.0 512.6666666666666 3
189 -5.0 32.0 3
193 5.0 0.0 1
195 -0.5 2.25 2
196 -0.3333333333333333 0.888888888888889 3
197 0.0 1.0 2
198 -0.6666666666666666 1.5555555555555554 3
199 2.6666666666666665 14.888888888888891 3
200 -1.0 0.0 1
201 -3.3333333333333335 169.55555555555557 3
202 1.0 8.0 3
203 1.0 0.0 2
204 -1.8 4.16 5
205 -1.0 0.0 2
206 -1.0 0.0 1
207 -0.6666666666666666 9.555555555555555 3
208 0.0 1.0 2
209 -2.0 9.0 2
210 1.0 0.0 1
211 -2.0 9.0 2
212 1.0 0.0 1
213 1.0 0.0 1
214 -6.0 0.0 1
