-125 1
-124 0
-123 1
-122 0
-121 1
-120 1
-119 1
-118 0
-117 1
-116 0
-115 2
-114 0
-113 1
-112 0
-111 0
-110 1
-109 3
-108 3
-107 2
-106 2
-105 3
-104 3
-103 5
-102 7
-101 5
-100 3
-99 6
-98 10
-97 5
-96 9
-95 13
-94 10
-93 13
-92 16
-91 24
-90 23
-89 23
-88 21
-87 29
-86 40
-85 30
-84 37
-83 46
-82 59
-81 57
-80 69
-79 83
-78 65
-77 102
-76 113
-75 114
-74 155
-73 162
-72 151
-71 190
-70 214
-69 225
-68 278
-67 375
-66 360
-65 396
-64 476
-63 584
-62 632
-61 742
-60 775
-59 933
-58 1031
-57 1162
-56 1368
-55 1532
-54 1703
-53 1962
-52 2270
-51 2504
-50 2927
-49 3491
-48 3901
-47 4550
-46 5207
-45 5740
-44 6621
-43 7619
-42 8830
-41 10047
-40 11661
-39 13236
-38 15368
-37 17901
-36 20308
-35 23358
-34 26920
-33 31552
-32 36419
-31 42491
-30 49372
-29 56716
-28 66216
-27 77727
-26 90688
-25 105550
-24 124697
-23 146119
-22 171918
-21 202622
-20 240126
-19 285318
-18 340922
-17 407780
-16 489615
-15 590116
-14 716143
-13 876492
-12 1075531
-11 1335484
-10 1667002
-9 2108199
-8 2712661
-7 3540896
-6 4730746
-5 6503729
-4 9361486
-3 14407733
-2 25159398
-1 53903773
0 213561429
1 2946395209
2 232056648
3 41158614
4 21545427
5 13364351
6 8934038
7 6286510
8 4602595
9 3453214
10 2656547
11 2070368
12 1640289
13 1312297
14 1059411
15 863258
16 706358
17 583232
18 483267
19 402459
20 335292
21 281977
22 237217
23 200794
24 169827
25 144077
26 122958
27 104320
28 89021
29 76815
30 65414
31 56571
32 48504
33 41797
34 35749
35 31273
36 26972
37 23283
38 20131
39 17572
40 15235
41 13060
42 11488
43 10050
44 8535
45 7469
46 6474
47 5786
48 4905
49 4557
50 3842
51 3292
52 2941
53 2557
54 2216
55 1967
56 1743
57 1525
58 1364
59 1188
60 1033
61 938
62 801
63 759
64 606
65 487
66 453
67 401
68 342
69 323
70 257
71 253
72 216
73 207
74 161
75 124
76 143
77 110
78 116
79 104
80 100
81 69
82 68
83 61
84 53
85 42
86 40
87 24
88 36
89 22
90 26
91 26
92 27
93 14
94 14
95 11
96 11
97 7
98 11
99 8
100 11
101 5
102 2
103 6
104 1
105 6
106 3
107 1
108 2
109 0
110 1
111 1
112 0
113 0
114 0
115 1
116 0
117 0
118 2
119 1
120 1
121 0
122 2
123 2
124 0
125 0
126 1
127 1
128 0
129 0
130 0
131 1
132 0
133 0
134 0
135 0
136 0
137 0
138 0
139 0
140 0
141 0
142 0
143 0
144 0
145 0
146 0
147 0
148 0
149 0
150 0
151 0
152 1
