0 5302489.0
1 145030.0
2 61574.0
3 39444.0
4 27605.0
5 19985.0
6 14912.0
7 11805.0
8 9550.0
9 7872.0
10 6636.0
11 5470.0
12 4765.0
13 4106.0
14 3556.0
15 3041.0
16 2706.0
17 2376.0
18 2065.0
19 1854.0
20 1573.0
21 1497.0
22 1393.0
23 1147.0
24 1098.0
25 957.0
26 901.0
27 824.0
28 720.0
29 691.0
30 584.0
31 542.0
32 457.0
33 446.0
34 398.0
35 354.0
36 348.0
37 292.0
38 278.0
39 274.0
40 240.0
41 195.0
42 197.0
43 203.0
44 187.0
45 167.0
46 164.0
47 149.0
48 122.0
49 114.0
50 86.0
51 109.0
52 93.0
53 78.0
54 74.0
55 89.0
56 80.0
57 65.0
58 68.0
59 59.0
60 38.0
61 47.0
62 36.0
63 41.0
64 40.0
65 33.0
66 36.0
67 38.0
68 30.0
69 39.0
70 23.0
71 21.0
72 23.0
73 16.0
74 20.0
75 18.0
76 17.0
77 18.0
78 14.0
79 17.0
80 7.0
81 13.0
82 16.0
83 9.0
84 11.0
85 13.0
86 8.0
87 9.0
88 10.0
89 6.0
90 8.0
91 5.0
92 8.0
93 4.0
94 4.0
95 6.0
96 1.0
97 7.0
98 4.0
99 3.0
100 2.0
101 2.0
102 4.0
103 2.0
104 1.0
105 3.0
106 2.0
107 2.0
108 3.0
109 5.0
110 2.0
111 2.0
112 1.0
113 2.0
114 0.0
115 0.0
116 1.0
117 0.0
118 1.0
119 0.0
120 0.0
121 1.0
122 0.0
123 0.0
124 0.0
125 1.0
126 1.0
127 1.0
128 2.0
129 1.0
130 1.0
131 1.0
132 1.0
133 0.0
134 0.0
135 1.0
136 1.0
137 0.0
138 1.0
139 0.0
140 0.0
141 1.0
142 1.0
143 0.0
144 1.0
