0.000 0.0000 0.0000
0.001 0.0000 0.0000
0.002 0.0000 0.0000
0.003 0.0000 0.0000
0.004 0.0000 0.0000
0.005 0.0000 0.0000
0.006 0.0000 0.0000
0.007 0.0000 0.0000
0.008 0.0000 0.0000
0.009 0.0000 0.0000
0.010 0.0000 0.0000
0.011 0.0000 0.0000
0.012 0.0000 0.0000
0.013 0.0000 0.0000
0.014 0.0000 0.0000
0.015 0.0000 0.0000
0.016 0.0000 0.0000
0.017 0.0000 0.0000
0.018 0.0000 0.0000
0.019 0.0000 0.0000
0.020 0.0000 0.0000
0.021 0.0000 0.0000
0.022 0.0000 0.0000
0.023 0.0000 0.0000
0.024 0.0000 0.0000
0.025 0.0000 0.0000
0.026 0.0000 0.0000
0.027 0.0000 0.0000
0.028 0.0000 0.0000
0.029 0.0000 0.0000
0.030 0.0000 0.0000
0.031 0.0000 0.0000
0.032 0.0000 0.0000
0.033 0.0000 0.0000
0.034 0.0000 0.0000
0.035 0.0000 0.0000
0.036 0.0000 0.0000
0.037 0.0000 0.0000
0.038 0.0000 0.0000
0.039 0.0000 0.0000
0.040 0.0000 0.0000
0.041 0.0000 0.0000
0.042 0.0000 0.0000
0.043 0.0000 0.0000
0.044 0.0000 0.0000
0.045 0.0000 0.0000
0.046 0.0000 0.0000
0.047 0.0000 0.0000
0.048 0.0000 0.0000
0.049 0.0000 0.0000
0.050 0.0000 0.0000
0.051 0.0000 0.0000
0.052 0.0000 0.0000
0.053 0.0000 0.0000
0.054 0.0000 0.0000
0.055 0.0000 0.0000
0.056 0.0000 0.0000
0.057 0.0000 0.0000
0.058 0.0000 0.0000
0.059 0.0000 0.0000
0.060 0.0000 0.0000
0.061 0.0000 0.0000
0.062 0.0000 0.0000
0.063 0.0000 0.0000
0.064 0.0000 0.0000
0.065 0.0000 0.0000
0.066 0.0000 0.0000
0.067 0.0000 0.0000
0.068 0.0000 0.0000
0.069 0.0000 0.0000
0.070 0.0000 0.0000
0.071 0.0000 0.0000
0.072 0.0000 0.0000
0.073 0.0000 0.0000
0.074 0.0000 0.0000
0.075 0.0000 0.0000
0.076 0.0000 0.0000
0.077 0.0000 0.0000
0.078 0.0000 0.0000
0.079 0.0000 0.0000
0.080 0.0000 0.0000
0.081 0.0000 0.0000
0.082 0.0000 0.0000
0.083 0.0000 0.0000
0.084 0.0000 0.0000
0.085 0.0000 0.0000
0.086 0.0000 0.0000
0.087 0.0000 0.0000
0.088 0.0000 0.0000
0.089 0.0000 0.0000
0.090 0.0000 0.0000
0.091 0.0000 0.0000
0.092 0.0000 0.0000
0.093 0.0000 0.0000
0.094 0.0000 0.0000
0.095 0.0000 0.0000
0.096 0.0000 0.0000
0.097 0.0000 0.0000
0.098 0.0000 0.0000
0.099 0.0000 0.0000
0.100 0.0000 0.0000
0.101 0.0000 0.0000
0.102 0.0000 0.0000
0.103 0.0000 0.0000
0.104 0.0000 0.0000
0.105 0.0000 0.0000
0.106 0.0000 0.0000
0.107 0.0000 0.0000
0.108 0.0000 0.0000
0.109 0.0000 0.0000
0.110 0.0000 0.0000
0.111 0.0000 0.0000
0.112 0.0000 0.0000
0.113 0.0000 0.0000
0.114 0.0000 0.0000
0.115 0.0000 0.0000
0.116 0.0000 0.0000
0.117 0.0000 0.0000
0.118 0.0000 0.0000
0.119 0.0000 0.0000
0.120 0.0000 0.0000
0.121 0.0000 0.0000
0.122 0.0000 0.0000
0.123 0.0000 0.0000
0.124 0.0000 0.0000
0.125 0.0000 0.0000
0.126 0.0000 0.0000
0.127 0.0000 0.0000
0.128 0.0000 0.0000
0.129 0.0000 0.0000
0.130 0.0000 0.0000
0.131 0.0000 0.0000
0.132 0.0000 0.0000
0.133 0.0000 0.0000
0.134 0.0000 0.0000
0.135 0.0000 0.0000
0.136 0.0000 0.0000
0.137 0.0000 0.0000
0.138 0.0000 0.0000
0.139 0.0000 0.0000
0.140 0.0000 0.0000
0.141 0.0000 0.0000
0.142 0.0000 0.0000
0.143 0.0000 0.0000
0.144 0.0000 0.0000
0.145 0.0000 0.0000
0.146 0.0000 0.0000
0.147 0.0000 0.0000
0.148 0.0000 0.0000
0.149 0.0000 0.0000
0.150 0.0000 0.0000
0.151 0.0000 0.0000
0.152 0.0000 0.0000
0.153 0.0000 0.0000
0.154 0.0000 0.0000
0.155 0.0000 0.0000
0.156 0.0000 0.0000
0.157 0.0000 0.0000
0.158 0.0000 0.0000
0.159 0.0000 0.0000
0.160 0.0000 0.0000
0.161 0.0000 0.0000
0.162 0.0000 0.0000
0.163 0.0000 0.0000
0.164 0.0000 0.0000
0.165 0.0000 0.0000
0.166 0.0000 0.0000
0.167 0.0000 0.0000
0.168 0.0000 0.0000
0.169 0.0000 0.0000
0.170 0.0000 0.0000
0.171 0.0000 0.0000
0.172 0.0000 0.0000
0.173 0.0000 0.0000
0.174 0.0000 0.0000
0.175 0.0000 0.0000
0.176 0.0000 0.0000
0.177 0.0000 0.0000
0.178 0.0000 0.0000
0.179 0.0000 0.0000
0.180 0.0000 0.0000
0.181 0.0000 0.0000
0.182 0.0000 0.0000
0.183 0.0000 0.0000
0.184 0.0000 0.0000
0.185 0.0000 0.0000
0.186 0.0000 0.0000
0.187 0.0000 0.0000
0.188 0.0000 0.0000
0.189 0.0000 0.0000
0.190 0.0000 0.0000
0.191 0.0000 0.0000
0.192 0.0000 0.0000
0.193 0.0000 0.0000
0.194 0.0000 0.0000
0.195 0.0000 0.0000
0.196 0.0000 0.0000
0.197 0.0000 0.0000
0.198 0.0000 0.0000
0.199 0.0000 0.0000
0.200 0.0000 0.0000
0.201 0.0000 0.0000
0.202 0.0000 0.0000
0.203 0.0000 0.0000
0.204 0.0000 0.0000
0.205 0.0000 0.0000
0.206 0.0000 0.0000
0.207 0.0000 0.0000
0.208 0.0000 0.0000
0.209 0.0000 0.0000
0.210 0.0000 0.0000
0.211 0.0000 0.0000
0.212 0.0000 0.0000
0.213 0.0000 0.0000
0.214 0.0000 0.0000
0.215 0.0000 0.0000
0.216 0.0000 0.0000
0.217 0.0000 0.0000
0.218 0.0000 0.0000
0.219 0.0000 0.0000
0.220 0.0000 0.0000
0.221 0.0000 0.0000
0.222 0.0000 0.0000
0.223 0.0000 0.0000
0.224 0.0000 0.0000
0.225 0.0000 0.0000
0.226 0.0000 0.0000
0.227 0.0000 0.0000
0.228 0.0000 0.0000
0.229 0.0000 0.0000
0.230 0.0000 0.0000
0.231 0.0000 0.0000
0.232 0.0000 0.0000
0.233 0.0000 0.0000
0.234 0.0000 0.0000
0.235 0.0000 0.0000
0.236 0.0000 0.0000
0.237 0.0000 0.0000
0.238 0.0000 0.0000
0.239 0.0000 0.0000
0.240 0.0000 0.0000
0.241 0.0000 0.0000
0.242 0.0000 0.0000
0.243 0.0000 0.0000
0.244 0.0000 0.0000
0.245 0.0000 0.0000
0.246 0.0000 0.0000
0.247 0.0000 0.0000
0.248 0.0000 0.0000
0.249 0.0000 0.0000
0.250 0.0000 0.0000
0.251 0.0000 0.0000
0.252 0.0000 0.0000
0.253 0.0000 0.0000
0.254 0.0000 0.0000
0.255 0.0000 0.0000
0.256 0.0000 0.0000
0.257 0.0000 0.0000
0.258 0.0000 0.0000
0.259 0.0000 0.0000
0.260 0.0000 0.0000
0.261 0.0000 0.0000
0.262 0.0000 0.0000
0.263 0.0000 0.0000
0.264 0.0000 0.0000
0.265 0.0000 0.0000
0.266 0.0000 0.0000
0.267 0.0000 0.0000
0.268 0.0000 0.0000
0.269 0.0000 0.0000
0.270 0.0000 0.0000
0.271 0.0000 0.0000
0.272 0.0000 0.0000
0.273 0.0000 0.0000
0.274 0.0000 0.0000
0.275 0.0000 0.0000
0.276 0.0001 0.0000
0.277 0.0003 0.0000
0.278 0.0008 0.0000
0.279 0.0026 0.0000
0.280 0.0134 0.0000
0.281 0.0335 0.0000
0.282 0.0878 0.0000
0.283 0.1666 0.0000
0.284 0.2824 0.1263
0.285 0.4002 0.4421
0.286 0.5022 0.8947
0.287 0.5788 0.9684
0.288 0.6197 1.0000
0.289 0.6553 1.0000
0.290 0.6695 1.0000
0.291 0.6915 1.0000
0.292 0.7072 1.0000
0.293 0.7152 1.0000
0.294 0.7219 1.0000
0.295 0.7331 1.0000
0.296 0.7385 1.0000
0.297 0.7465 1.0000
0.298 0.7522 1.0000
0.299 0.7562 1.0000
0.300 0.7668 1.0000
0.301 0.7709 1.0000
0.302 0.7764 1.0000
0.303 0.7792 1.0000
0.304 0.7848 1.0000
0.305 0.7860 1.0000
0.306 0.7904 1.0000
0.307 0.7935 1.0000
0.308 0.7992 1.0000
0.309 0.7985 1.0000
0.310 0.8033 1.0000
0.311 0.8061 1.0000
0.312 0.8089 1.0000
0.313 0.8137 1.0000
0.314 0.8148 1.0000
0.315 0.8182 1.0000
0.316 0.8201 1.0000
0.317 0.8224 1.0000
0.318 0.8250 1.0000
0.319 0.8263 1.0000
0.320 0.8277 1.0000
0.321 0.8324 1.0000
0.322 0.8317 1.0000
0.323 0.8349 1.0000
0.324 0.8375 1.0000
0.325 0.8392 1.0000
0.326 0.8409 1.0000
0.327 0.8423 1.0000
0.328 0.8434 1.0000
0.329 0.8464 1.0000
0.330 0.8470 1.0000
0.331 0.8485 1.0000
0.332 0.8517 1.0000
0.333 0.8519 1.0000
0.334 0.8526 1.0000
0.335 0.8552 1.0000
0.336 0.8553 1.0000
0.337 0.8571 1.0000
0.338 0.8584 1.0000
0.339 0.8594 1.0000
0.340 0.8622 1.0000
0.341 0.8639 1.0000
0.342 0.8636 1.0000
0.343 0.8655 1.0000
0.344 0.8662 1.0000
0.345 0.8679 1.0000
0.346 0.8691 1.0000
0.347 0.8700 1.0000
0.348 0.8698 1.0000
0.349 0.8721 1.0000
0.350 0.8731 1.0000
0.351 0.8742 1.0000
0.352 0.8739 1.0000
0.353 0.8765 1.0000
0.354 0.8784 1.0000
0.355 0.8787 1.0000
0.356 0.8792 1.0000
0.357 0.8798 1.0000
0.358 0.8808 1.0000
0.359 0.8818 1.0000
0.360 0.8825 1.0000
0.361 0.8840 1.0000
0.362 0.8855 1.0000
0.363 0.8861 1.0000
0.364 0.8865 1.0000
0.365 0.8871 1.0000
0.366 0.8889 1.0000
0.367 0.8900 1.0000
0.368 0.8910 1.0000
0.369 0.8896 1.0000
0.370 0.8919 1.0000
0.371 0.8920 1.0000
0.372 0.8923 1.0000
0.373 0.8945 1.0000
0.374 0.8954 1.0000
0.375 0.8959 1.0000
0.376 0.8961 1.0000
0.377 0.8978 1.0000
0.378 0.8975 1.0000
0.379 0.8985 1.0000
0.380 0.8994 1.0000
0.381 0.8992 1.0000
0.382 0.9006 1.0000
0.383 0.9008 1.0000
0.384 0.9007 1.0000
0.385 0.9020 1.0000
0.386 0.9032 1.0000
0.387 0.9030 1.0000
0.388 0.9047 1.0000
0.389 0.9053 1.0000
0.390 0.9064 1.0000
0.391 0.9067 1.0000
0.392 0.9059 1.0000
0.393 0.9078 1.0000
0.394 0.9068 1.0000
0.395 0.9083 1.0000
0.396 0.9097 1.0000
0.397 0.9093 1.0000
0.398 0.9098 1.0000
0.399 0.9110 1.0000
0.400 0.9113 1.0000
0.401 0.9116 1.0000
0.402 0.9117 1.0000
0.403 0.9128 1.0000
0.404 0.9138 1.0000
0.405 0.9144 1.0000
0.406 0.9143 1.0000
0.407 0.9155 1.0000
0.408 0.9152 1.0000
0.409 0.9159 1.0000
0.410 0.9159 1.0000
0.411 0.9173 1.0000
0.412 0.9176 1.0000
0.413 0.9167 1.0000
0.414 0.9189 1.0000
0.415 0.9187 1.0000
0.416 0.9194 1.0000
0.417 0.9206 1.0000
0.418 0.9205 1.0000
0.419 0.9214 1.0000
0.420 0.9218 1.0000
0.421 0.9216 1.0000
0.422 0.9223 1.0000
0.423 0.9235 1.0000
0.424 0.9232 1.0000
0.425 0.9233 1.0000
0.426 0.9237 1.0000
0.427 0.9243 1.0000
0.428 0.9248 1.0000
0.429 0.9245 1.0000
0.430 0.9263 1.0000
0.431 0.9266 1.0000
0.432 0.9267 1.0000
0.433 0.9270 1.0000
0.434 0.9283 1.0000
0.435 0.9285 1.0000
0.436 0.9281 1.0000
0.437 0.9289 1.0000
0.438 0.9289 1.0000
0.439 0.9296 1.0000
0.440 0.9297 1.0000
0.441 0.9301 1.0000
0.442 0.9307 1.0000
0.443 0.9315 1.0000
0.444 0.9319 1.0000
0.445 0.9322 1.0000
0.446 0.9322 1.0000
0.447 0.9327 1.0000
0.448 0.9331 1.0000
0.449 0.9331 1.0000
0.450 0.9329 1.0000
0.451 0.9339 1.0000
0.452 0.9348 1.0000
0.453 0.9355 1.0000
0.454 0.9359 1.0000
0.455 0.9354 1.0000
0.456 0.9361 1.0000
0.457 0.9358 1.0000
0.458 0.9370 1.0000
0.459 0.9368 1.0000
0.460 0.9369 1.0000
0.461 0.9377 1.0000
0.462 0.9377 1.0000
0.463 0.9380 1.0000
0.464 0.9384 1.0000
0.465 0.9392 1.0000
0.466 0.9392 1.0000
0.467 0.9399 1.0000
0.468 0.9395 1.0000
0.469 0.9403 1.0000
0.470 0.9403 1.0000
0.471 0.9410 1.0000
0.472 0.9413 1.0000
0.473 0.9415 1.0000
0.474 0.9423 1.0000
0.475 0.9416 1.0000
0.476 0.9420 1.0000
0.477 0.9427 1.0000
0.478 0.9430 1.0000
0.479 0.9433 1.0000
0.480 0.9436 1.0000
0.481 0.9433 1.0000
0.482 0.9440 1.0000
0.483 0.9441 1.0000
0.484 0.9444 1.0000
0.485 0.9443 1.0000
0.486 0.9443 1.0000
0.487 0.9453 1.0000
0.488 0.9454 1.0000
0.489 0.9460 1.0000
0.490 0.9462 1.0000
0.491 0.9467 1.0000
0.492 0.9466 1.0000
0.493 0.9471 1.0000
0.494 0.9468 1.0000
0.495 0.9476 1.0000
0.496 0.9481 1.0000
0.497 0.9482 1.0000
0.498 0.9481 1.0000
0.499 0.9481 1.0000
0.500 0.9486 1.0000
0.501 0.9486 1.0000
0.502 0.9491 1.0000
0.503 0.9496 1.0000
0.504 0.9497 1.0000
0.505 0.9501 1.0000
0.506 0.9498 1.0000
0.507 0.9505 1.0000
0.508 0.9506 1.0000
0.509 0.9509 1.0000
0.510 0.9512 1.0000
0.511 0.9511 1.0000
0.512 0.9518 1.0000
0.513 0.9523 1.0000
0.514 0.9519 1.0000
0.515 0.9523 1.0000
0.516 0.9528 1.0000
0.517 0.9534 1.0000
0.518 0.9534 1.0000
0.519 0.9531 1.0000
0.520 0.9536 1.0000
0.521 0.9538 1.0000
0.522 0.9546 1.0000
0.523 0.9544 1.0000
0.524 0.9539 1.0000
0.525 0.9549 1.0000
0.526 0.9549 1.0000
0.527 0.9551 1.0000
0.528 0.9554 1.0000
0.529 0.9553 1.0000
0.530 0.9558 1.0000
0.531 0.9559 1.0000
0.532 0.9559 1.0000
0.533 0.9566 1.0000
0.534 0.9564 1.0000
0.535 0.9569 1.0000
0.536 0.9569 1.0000
0.537 0.9570 1.0000
0.538 0.9573 1.0000
0.539 0.9577 1.0000
0.540 0.9572 1.0000
0.541 0.9577 1.0000
0.542 0.9581 1.0000
0.543 0.9586 1.0000
0.544 0.9587 1.0000
0.545 0.9586 1.0000
0.546 0.9593 1.0000
0.547 0.9595 1.0000
0.548 0.9596 1.0000
0.549 0.9597 1.0000
0.550 0.9599 1.0000
0.551 0.9604 1.0000
0.552 0.9601 1.0000
0.553 0.9608 1.0000
0.554 0.9607 1.0000
0.555 0.9606 1.0000
0.556 0.9605 1.0000
0.557 0.9611 1.0000
0.558 0.9612 1.0000
0.559 0.9613 1.0000
0.560 0.9617 1.0000
0.561 0.9622 1.0000
0.562 0.9621 1.0000
0.563 0.9623 1.0000
0.564 0.9628 1.0000
0.565 0.9631 1.0000
0.566 0.9627 1.0000
0.567 0.9630 1.0000
0.568 0.9632 1.0000
0.569 0.9630 1.0000
0.570 0.9631 1.0000
0.571 0.9639 1.0000
0.572 0.9638 1.0000
0.573 0.9635 1.0000
0.574 0.9646 1.0000
0.575 0.9641 1.0000
0.576 0.9648 1.0000
0.577 0.9645 1.0000
0.578 0.9647 1.0000
0.579 0.9651 1.0000
0.580 0.9656 1.0000
0.581 0.9652 1.0000
0.582 0.9657 1.0000
0.583 0.9659 1.0000
0.584 0.9656 1.0000
0.585 0.9660 1.0000
0.586 0.9665 1.0000
0.587 0.9663 1.0000
0.588 0.9662 1.0000
0.589 0.9668 1.0000
0.590 0.9668 1.0000
0.591 0.9670 1.0000
0.592 0.9669 1.0000
0.593 0.9672 1.0000
0.594 0.9672 1.0000
0.595 0.9671 1.0000
0.596 0.9682 1.0000
0.597 0.9680 1.0000
0.598 0.9684 1.0000
0.599 0.9682 1.0000
0.600 0.9681 1.0000
0.601 0.9684 1.0000
0.602 0.9686 1.0000
0.603 0.9686 1.0000
0.604 0.9689 1.0000
0.605 0.9693 1.0000
0.606 0.9691 1.0000
0.607 0.9693 1.0000
0.608 0.9695 1.0000
0.609 0.9694 1.0000
0.610 0.9696 1.0000
0.611 0.9699 1.0000
0.612 0.9704 1.0000
0.613 0.9705 1.0000
0.614 0.9704 1.0000
0.615 0.9702 1.0000
0.616 0.9710 1.0000
0.617 0.9708 1.0000
0.618 0.9712 1.0000
0.619 0.9709 1.0000
0.620 0.9709 1.0000
0.621 0.9713 1.0000
0.622 0.9713 1.0000
0.623 0.9715 1.0000
0.624 0.9718 1.0000
0.625 0.9720 1.0000
0.626 0.9721 1.0000
0.627 0.9722 1.0000
0.628 0.9723 1.0000
0.629 0.9726 1.0000
0.630 0.9725 1.0000
0.631 0.9725 1.0000
0.632 0.9727 1.0000
0.633 0.9729 1.0000
0.634 0.9730 1.0000
0.635 0.9730 1.0000
0.636 0.9733 1.0000
0.637 0.9734 1.0000
0.638 0.9733 1.0000
0.639 0.9736 1.0000
0.640 0.9736 1.0000
0.641 0.9738 1.0000
0.642 0.9741 1.0000
0.643 0.9740 1.0000
0.644 0.9743 1.0000
0.645 0.9743 1.0000
0.646 0.9748 1.0000
0.647 0.9747 1.0000
0.648 0.9745 1.0000
0.649 0.9750 1.0000
0.650 0.9750 1.0000
0.651 0.9751 1.0000
0.652 0.9750 1.0000
0.653 0.9752 1.0000
0.654 0.9753 1.0000
0.655 0.9755 1.0000
0.656 0.9757 1.0000
0.657 0.9761 1.0000
0.658 0.9762 1.0000
0.659 0.9760 1.0000
0.660 0.9759 1.0000
0.661 0.9766 1.0000
0.662 0.9766 1.0000
0.663 0.9762 1.0000
0.664 0.9767 1.0000
0.665 0.9769 1.0000
0.666 0.9767 1.0000
0.667 0.9770 1.0000
0.668 0.9770 1.0000
0.669 0.9774 1.0000
0.670 0.9775 1.0000
0.671 0.9777 1.0000
0.672 0.9778 1.0000
0.673 0.9779 1.0000
0.674 0.9780 1.0000
0.675 0.9780 1.0000
0.676 0.9779 1.0000
0.677 0.9780 1.0000
0.678 0.9781 1.0000
0.679 0.9780 1.0000
0.680 0.9785 1.0000
0.681 0.9786 1.0000
0.682 0.9787 1.0000
0.683 0.9787 1.0000
0.684 0.9790 1.0000
0.685 0.9789 1.0000
0.686 0.9793 1.0000
0.687 0.9791 1.0000
0.688 0.9792 1.0000
0.689 0.9791 1.0000
0.690 0.9799 1.0000
0.691 0.9798 1.0000
0.692 0.9794 1.0000
0.693 0.9799 1.0000
0.694 0.9800 1.0000
0.695 0.9803 1.0000
0.696 0.9803 1.0000
0.697 0.9801 1.0000
0.698 0.9803 1.0000
0.699 0.9803 1.0000
0.700 0.9804 1.0000
0.701 0.9806 1.0000
0.702 0.9808 1.0000
0.703 0.9808 1.0000
0.704 0.9808 1.0000
0.705 0.9813 1.0000
0.706 0.9813 1.0000
0.707 0.9812 1.0000
0.708 0.9815 1.0000
0.709 0.9813 1.0000
0.710 0.9817 1.0000
0.711 0.9817 1.0000
0.712 0.9818 1.0000
0.713 0.9818 1.0000
0.714 0.9820 1.0000
0.715 0.9822 1.0000
0.716 0.9820 1.0000
0.717 0.9822 1.0000
0.718 0.9824 1.0000
0.719 0.9825 1.0000
0.720 0.9825 1.0000
0.721 0.9828 1.0000
0.722 0.9825 1.0000
0.723 0.9826 1.0000
0.724 0.9829 1.0000
0.725 0.9827 1.0000
0.726 0.9826 1.0000
0.727 0.9832 1.0000
0.728 0.9838 1.0000
0.729 0.9831 1.0000
0.730 0.9835 1.0000
0.731 0.9835 1.0000
0.732 0.9834 1.0000
0.733 0.9837 1.0000
0.734 0.9836 1.0000
0.735 0.9838 1.0000
0.736 0.9838 1.0000
0.737 0.9838 1.0000
0.738 0.9840 1.0000
0.739 0.9844 1.0000
0.740 0.9843 1.0000
0.741 0.9845 1.0000
0.742 0.9844 1.0000
0.743 0.9847 1.0000
0.744 0.9848 1.0000
0.745 0.9848 1.0000
0.746 0.9849 1.0000
0.747 0.9852 1.0000
0.748 0.9850 1.0000
0.749 0.9851 1.0000
0.750 0.9854 1.0000
0.751 0.9851 1.0000
0.752 0.9855 1.0000
0.753 0.9854 1.0000
0.754 0.9856 1.0000
0.755 0.9855 1.0000
0.756 0.9856 1.0000
0.757 0.9858 1.0000
0.758 0.9859 1.0000
0.759 0.9859 1.0000
0.760 0.9861 1.0000
0.761 0.9860 1.0000
0.762 0.9860 1.0000
0.763 0.9862 1.0000
0.764 0.9863 1.0000
0.765 0.9862 1.0000
0.766 0.9866 1.0000
0.767 0.9864 1.0000
0.768 0.9866 1.0000
0.769 0.9868 1.0000
0.770 0.9868 1.0000
0.771 0.9867 1.0000
0.772 0.9869 1.0000
0.773 0.9871 1.0000
0.774 0.9872 1.0000
0.775 0.9872 1.0000
0.776 0.9872 1.0000
0.777 0.9873 1.0000
0.778 0.9876 1.0000
0.779 0.9875 1.0000
0.780 0.9877 1.0000
0.781 0.9876 1.0000
0.782 0.9877 1.0000
0.783 0.9878 1.0000
0.784 0.9879 1.0000
0.785 0.9878 1.0000
0.786 0.9877 1.0000
0.787 0.9880 1.0000
0.788 0.9884 1.0000
0.789 0.9883 1.0000
0.790 0.9883 1.0000
0.791 0.9886 1.0000
0.792 0.9884 1.0000
0.793 0.9886 1.0000
0.794 0.9885 1.0000
0.795 0.9885 1.0000
0.796 0.9887 1.0000
0.797 0.9890 1.0000
0.798 0.9891 1.0000
0.799 0.9889 1.0000
0.800 0.9890 1.0000
0.801 0.9889 1.0000
0.802 0.9892 1.0000
0.803 0.9894 1.0000
0.804 0.9893 1.0000
0.805 0.9894 1.0000
0.806 0.9894 1.0000
0.807 0.9895 1.0000
0.808 0.9896 1.0000
0.809 0.9896 1.0000
0.810 0.9897 1.0000
0.811 0.9898 1.0000
0.812 0.9899 1.0000
0.813 0.9901 1.0000
0.814 0.9904 1.0000
0.815 0.9900 1.0000
0.816 0.9901 1.0000
0.817 0.9903 1.0000
0.818 0.9902 1.0000
0.819 0.9904 1.0000
0.820 0.9905 1.0000
0.821 0.9905 1.0000
0.822 0.9904 1.0000
0.823 0.9908 1.0000
0.824 0.9907 1.0000
0.825 0.9907 1.0000
0.826 0.9908 1.0000
0.827 0.9909 1.0000
0.828 0.9910 1.0000
0.829 0.9911 1.0000
0.830 0.9911 1.0000
0.831 0.9910 1.0000
0.832 0.9914 1.0000
0.833 0.9914 1.0000
0.834 0.9914 1.0000
0.835 0.9914 1.0000
0.836 0.9916 1.0000
0.837 0.9915 1.0000
0.838 0.9917 1.0000
0.839 0.9916 1.0000
0.840 0.9917 1.0000
0.841 0.9917 1.0000
0.842 0.9918 1.0000
0.843 0.9919 1.0000
0.844 0.9920 1.0000
0.845 0.9920 1.0000
0.846 0.9922 1.0000
0.847 0.9921 1.0000
0.848 0.9922 1.0000
0.849 0.9922 1.0000
0.850 0.9924 1.0000
0.851 0.9923 1.0000
0.852 0.9926 1.0000
0.853 0.9926 1.0000
0.854 0.9925 1.0000
0.855 0.9927 1.0000
0.856 0.9928 1.0000
0.857 0.9928 1.0000
0.858 0.9929 1.0000
0.859 0.9928 1.0000
0.860 0.9929 1.0000
0.861 0.9929 1.0000
0.862 0.9933 1.0000
0.863 0.9931 1.0000
0.864 0.9931 1.0000
0.865 0.9931 1.0000
0.866 0.9931 1.0000
0.867 0.9934 1.0000
0.868 0.9935 1.0000
0.869 0.9935 1.0000
0.870 0.9936 1.0000
0.871 0.9937 1.0000
0.872 0.9938 1.0000
0.873 0.9939 1.0000
0.874 0.9939 1.0000
0.875 0.9939 1.0000
0.876 0.9940 1.0000
0.877 0.9940 1.0000
0.878 0.9940 1.0000
0.879 0.9941 1.0000
0.880 0.9942 1.0000
0.881 0.9942 1.0000
0.882 0.9944 1.0000
0.883 0.9944 1.0000
0.884 0.9944 1.0000
0.885 0.9945 1.0000
0.886 0.9945 1.0000
0.887 0.9946 1.0000
0.888 0.9946 1.0000
0.889 0.9946 1.0000
0.890 0.9947 1.0000
0.891 0.9947 1.0000
0.892 0.9948 1.0000
0.893 0.9948 1.0000
0.894 0.9949 1.0000
0.895 0.9950 1.0000
0.896 0.9951 1.0000
0.897 0.9951 1.0000
0.898 0.9951 1.0000
0.899 0.9952 1.0000
0.900 0.9953 1.0000
0.901 0.9953 1.0000
0.902 0.9953 1.0000
0.903 0.9953 1.0000
0.904 0.9955 1.0000
0.905 0.9956 1.0000
0.906 0.9956 1.0000
0.907 0.9956 1.0000
0.908 0.9956 1.0000
0.909 0.9958 1.0000
0.910 0.9958 1.0000
0.911 0.9959 1.0000
0.912 0.9960 1.0000
0.913 0.9959 1.0000
0.914 0.9960 1.0000
0.915 0.9960 1.0000
0.916 0.9961 1.0000
0.917 0.9962 1.0000
0.918 0.9961 1.0000
0.919 0.9963 1.0000
0.920 0.9963 1.0000
0.921 0.9963 1.0000
0.922 0.9964 1.0000
0.923 0.9965 1.0000
0.924 0.9964 1.0000
0.925 0.9966 1.0000
0.926 0.9966 1.0000
0.927 0.9966 1.0000
0.928 0.9966 1.0000
0.929 0.9968 1.0000
0.930 0.9969 1.0000
0.931 0.9969 1.0000
0.932 0.9968 1.0000
0.933 0.9969 1.0000
0.934 0.9970 1.0000
0.935 0.9972 1.0000
0.936 0.9971 1.0000
0.937 0.9972 1.0000
0.938 0.9973 1.0000
0.939 0.9973 1.0000
0.940 0.9973 1.0000
0.941 0.9974 1.0000
0.942 0.9975 1.0000
0.943 0.9974 1.0000
0.944 0.9975 1.0000
0.945 0.9976 1.0000
0.946 0.9976 1.0000
0.947 0.9976 1.0000
0.948 0.9977 1.0000
0.949 0.9977 1.0000
0.950 0.9977 1.0000
0.951 0.9979 1.0000
0.952 0.9979 1.0000
0.953 0.9979 1.0000
0.954 0.9980 1.0000
0.955 0.9980 1.0000
0.956 0.9980 1.0000
0.957 0.9981 1.0000
0.958 0.9982 1.0000
0.959 0.9982 1.0000
0.960 0.9983 1.0000
0.961 0.9983 1.0000
0.962 0.9983 1.0000
0.963 0.9983 1.0000
0.964 0.9984 1.0000
0.965 0.9985 1.0000
0.966 0.9985 1.0000
0.967 0.9986 1.0000
0.968 0.9986 1.0000
0.969 0.9986 1.0000
0.970 0.9988 1.0000
0.971 0.9987 1.0000
0.972 0.9988 1.0000
0.973 0.9988 1.0000
0.974 0.9989 1.0000
0.975 0.9990 1.0000
0.976 0.9990 1.0000
0.977 0.9991 1.0000
0.978 0.9991 1.0000
0.979 0.9991 1.0000
0.980 0.9991 1.0000
0.981 0.9993 1.0000
0.982 0.9992 1.0000
0.983 0.9993 1.0000
0.984 0.9993 1.0000
0.985 0.9994 1.0000
0.986 0.9994 1.0000
0.987 0.9994 1.0000
0.988 0.9995 1.0000
0.989 0.9995 1.0000
0.990 0.9996 1.0000
0.991 0.9996 1.0000
0.992 0.9996 1.0000
0.993 0.9997 1.0000
0.994 0.9997 1.0000
0.995 0.9998 1.0000
0.996 0.9998 1.0000
0.997 0.9999 1.0000
0.998 0.9999 1.0000
0.999 1.0000 1.0000
