-38 1
-37 0
-36 0
-35 0
-34 0
-33 0
-32 1
-31 1
-30 1
-29 2
-28 7
-27 10
-26 10
-25 14
-24 25
-23 32
-22 70
-21 84
-20 118
-19 191
-18 275
-17 404
-16 577
-15 886
-14 1328
-13 1982
-12 3007
-11 4775
-10 7488
-9 11869
-8 19052
-7 31448
-6 53201
-5 95182
-4 178677
-3 383275
-2 933498
-1 3570349
0 1099419764
1 4042998
2 597642
3 281357
4 149779
5 83537
6 48611
7 29167
8 17894
9 11139
10 7167
11 4538
12 2910
13 1881
14 1241
15 823
16 541
17 370
18 231
19 196
20 125
21 89
22 51
23 41
24 24
25 14
26 8
27 6
28 5
29 4
30 3
31 2
32 1
33 0
34 1
