2 0.7340664452672951
3 0.708546723200864
4 0.6901214968287788
5 0.676427031866071
6 0.66408553698626
7 0.6546015051762517
8 0.6459183339462684
9 0.6388620598346992
10 0.6326049532100319
11 0.6273855685145672
12 0.6215190129333003
13 0.6166234887062403
14 0.6128047473914808
15 0.6085770913497655
16 0.6048153972818041
17 0.6021347880552167
18 0.5988407720001853
19 0.5962991172320793
20 0.5946192262055097
21 0.5911580941858445
22 0.59044835122369
23 0.5871215221507418
24 0.5854361625083426
25 0.5842021146170913
26 0.5813044564050002
27 0.5808807303912152
28 0.5775308333223645
29 0.5774254825965915
30 0.575437083317994
31 0.575545832595681
32 0.5736320849412238
33 0.5721651857649279
34 0.5708090607238654
35 0.5677397828153121
36 0.5686056861398525
37 0.5678868197894916
38 0.5657663179092063
39 0.5643541223437117
40 0.5644957973528153
41 0.5645658125196632
42 0.5624778268915459
43 0.5612852810480572
44 0.561559461227805
45 0.5609484018042866
46 0.5582773112531989
47 0.5575039036418917
48 0.5570831491270657
49 0.5569946751037551
50 0.5565002270784732
51 0.5559194315512005
52 0.5563489635682967
53 0.555190324739551
54 0.5539049466069998
55 0.5522327116432574
56 0.5512851789992556
57 0.5516337535036335
58 0.5533344119074584
59 0.5530804322357269
60 0.5502535914389655
61 0.551782505049279
62 0.548713786171018
63 0.5483589032891576
64 0.5503908524642234
65 0.5479022252047089
66 0.549583610444438
67 0.5481059262698758
68 0.5487440423948184
69 0.5477321296909679
70 0.5461468018892659
71 0.5452949844541997
72 0.5461237851341932
73 0.5462247230246658
74 0.5459951800680226
75 0.5448594158012996
76 0.5431724726033855
77 0.5451307545910266
78 0.5439609570209673
79 0.5434148492351525
80 0.5438729068269643
81 0.5411268924613704
82 0.542242555300661
83 0.5417750397244587
84 0.5419675029504019
85 0.5439421976301753
86 0.5409066174016033
87 0.5389827835701829
88 0.540931137093184
89 0.541201100780114
90 0.5409331133271158
91 0.5390098358753155
92 0.5400658991431162
93 0.5382847072838163
94 0.5415014656928504
95 0.5404965547632401
96 0.5402917119948427
97 0.5388071522129825
98 0.5396967955165972
99 0.5388247179312726
100 0.5368761922583126
101 0.5359535035811103
102 0.5375159914712153
103 0.5349268560184514
104 0.5380461303230424
105 0.5368872562378051
106 0.5361437175767167
107 0.5363234715316004
108 0.5351638330843809
109 0.53655635783576
110 0.5372639420401767
111 0.5339357452701697
112 0.5346409693797799
113 0.5362603884583061
114 0.5353134458432948
115 0.5354000366870418
116 0.5328840052341943
117 0.5329184666042353
118 0.5327780320366132
119 0.5341286999552912
120 0.5347235460879511
121 0.5352438535336398
122 0.5322857997308478
123 0.5328449712327475
124 0.5319698273679947
125 0.533830267910705
126 0.5325188668366497
127 0.5329869962247104
128 0.5328730266783364
129 0.5332945224296498
130 0.533965099719774
131 0.5322873538170989
132 0.5318165541571067
133 0.5317661709862945
134 0.5324019164405133
135 0.5319815630938423
136 0.533912643304774
137 0.53052063405302
138 0.5344450651383803
139 0.5329930959981719
140 0.5292083929422985
141 0.5317285103733266
142 0.5324832597236073
143 0.53074711410548
144 0.5309742799317204
145 0.5315139136355077
146 0.5304314301717428
147 0.5296613274323314
148 0.5282606116334945
149 0.5305978567399887
150 0.5274151240350746
151 0.52947590813058
152 0.527961854272352
153 0.5280959047684622
154 0.5287952474759912
155 0.5304668666527141
156 0.5343158803976462
157 0.5285791757049891
158 0.5303329261799618
159 0.5299473229027439
160 0.5300114411961968
161 0.5290746911284003
162 0.5308729257190973
163 0.5299195761792302
164 0.5279604077742986
165 0.5298131285839873
166 0.5298015921121753
167 0.52878792811564
168 0.5258493231699304
169 0.529994296247923
170 0.5279159619275031
171 0.5301333244505884
172 0.5274993542796678
173 0.5269204303240858
174 0.5272280985879852
175 0.5283609888249238
176 0.5279266536583703
177 0.5276893861630055
178 0.5283585945573545
179 0.5283770617301135
180 0.5292509042618253
181 0.5298357504805172
182 0.5279895657349942
183 0.5257504648897547
184 0.5280830824589843
185 0.5280771158527854
186 0.5288519487995971
187 0.5260582334230487
188 0.5292864361871636
189 0.527458411529982
190 0.5286722983451623
191 0.5281476055306291
192 0.5240775771823174
193 0.5291630899306805
194 0.5248461247427723
195 0.5270720900638137
196 0.525824119811312
197 0.5266487765788934
198 0.5258257779611277
199 0.5260812928316563
200 0.5247342619546562
201 0.5255628405913286
202 0.526474427891261
203 0.525028430446599
204 0.5242270688201839
205 0.5261957007204303
206 0.5238434302546746
207 0.5242196543132369
208 0.522659560869608
209 0.5246773416688784
210 0.5244710895307932
211 0.5266338428618131
212 0.5232343483266505
213 0.5256868338087374
214 0.5275517158434894
215 0.5258513372419886
216 0.523156175652244
217 0.5257243392216087
218 0.5235139260215318
219 0.5250829208815962
220 0.5270296978207729
221 0.5272499739284597
222 0.5278337243827994
223 0.5262889865826915
224 0.5221743405225614
225 0.5255806604518881
226 0.5242323695159846
227 0.5240319230809779
228 0.526694749733422
229 0.5237260944822054
230 0.5240458541447948
231 0.5239573333333334
232 0.5221079498536146
233 0.5238136148369291
234 0.5238976920427144
235 0.5212608305299252
236 0.524692696251653
237 0.5235952138823377
238 0.5220713904703846
239 0.5229008892161927
240 0.5246211493185662
241 0.5245720474311795
242 0.5229333421900428
243 0.5229083443058314
244 0.5225388397025571
245 0.521729340238685
246 0.522668569874932
247 0.5218902252052741
248 0.5236832219654627
249 0.5234424594177927
250 0.5234416773797199
251 0.5250350319559793
252 0.5213099377745242
253 0.5228372028745163
254 0.5219058431027292
255 0.524695809971384
256 0.526391616029
257 0.5210223065531284
258 0.5203693327730308
259 0.5209615294283433
260 0.5224975199584297
261 0.5231503010791152
262 0.5213321568253363
263 0.5203835491497354
264 0.5246070785842831
265 0.5202044440178528
266 0.5196176516676511
267 0.5256978049163117
268 0.5228527956486839
269 0.5196
270 0.5246727455467964
271 0.5208227403694826
272 0.5236121913280186
273 0.5195971792772204
274 0.5190867986064784
275 0.5238378211080161
276 0.5179948266427896
277 0.5211565673641635
278 0.52164154775936
279 0.5191678974009417
280 0.5204843362518347
281 0.5235784072093934
282 0.5225459525335142
283 0.5199692683602655
284 0.524232287920324
285 0.5217435275080906
286 0.5209677419354839
287 0.5189946573512791
288 0.5213369797982405
289 0.5211030187610984
290 0.5206454858558105
291 0.5207431061007615
292 0.5214025913509456
293 0.5184783035282113
294 0.5210209815918699
295 0.5205996463353479
296 0.5223252562293071
297 0.5201829782746256
298 0.520292272257962
299 0.522346627186083
300 0.5206996234021111
301 0.5214505617528288
302 0.5239454360293724
303 0.5214852903761432
304 0.5205586667566291
305 0.5216787927782269
306 0.5188565384250281
307 0.5238257132754917
308 0.5193205482435247
309 0.5243134700966027
310 0.5202193932827736
311 0.5201870298841228
312 0.516731623931624
313 0.5212936146738381
314 0.5231201084100777
315 0.5217090612335228
316 0.5187479261143679
317 0.5198795013465863
318 0.5186022012142718
319 0.5230254910154618
320 0.5184795420104394
321 0.5193178259260314
322 0.5213187126174879
323 0.5257513458522318
324 0.5227925037987506
325 0.5222568158869068
326 0.5198157593568532
327 0.5194064251771334
328 0.520943606763755
329 0.5200743494423792
330 0.5180108064838903
331 0.5197027728765905
332 0.5163623787771806
333 0.5206135590767672
334 0.5184992183428869
335 0.5234183246224481
336 0.5179355994912707
337 0.522647627633741
338 0.5200360459877037
339 0.5168648916192334
340 0.516308088870663
341 0.5188044978127477
342 0.5195786446795088
343 0.517736049758447
344 0.5196100187889279
345 0.518547071905115
346 0.5202451791866136
347 0.5204008696429103
348 0.5191014258810869
349 0.5228735971647962
350 0.5160057475521057
351 0.5178303415981269
352 0.5206500783226895
353 0.5207121821416292
354 0.515006811071359
355 0.5207264054103014
356 0.5214570255915016
357 0.5159130500643793
358 0.5197361388935546
359 0.5169438174643389
360 0.5175084693563289
361 0.522306087383407
362 0.5179849499609189
363 0.5198513262375402
364 0.5154463483407182
365 0.5231010058740565
366 0.5182351480538829
367 0.518298575392001
368 0.5206214513009296
369 0.5206349699445488
370 0.5212901819087964
371 0.5180730419569496
372 0.5198731135853264
373 0.519430092375137
374 0.5183966497158241
375 0.519858866161255
376 0.5195870704624748
377 0.5219389621336217
378 0.5201537948237238
379 0.5197013028280902
380 0.5187777261735078
381 0.5220706708143894
382 0.5197306633132233
383 0.5203369203177043
384 0.5187808029092301
385 0.5177836377669154
386 0.5184278350515464
387 0.5201391461195304
388 0.5189191795795024
389 0.519407937121505
390 0.521591219089494
391 0.5193994710701154
392 0.5188562022946958
393 0.5168800741909767
394 0.5180797902842631
395 0.518823277212539
396 0.5187039032070937
397 0.5182433328910707
398 0.5210657675079751
399 0.5185442514474773
400 0.5225461113965166
401 0.5153694139528705
402 0.5177691353471686
403 0.5191151637960149
404 0.5200910547171402
405 0.5155878133175795
406 0.5183807439824946
407 0.5171645416924958
408 0.5167406757053371
409 0.5175779253960143
410 0.5173294918625988
411 0.5191209849370658
412 0.5188415790380969
413 0.5204264407013193
414 0.5213531669865643
415 0.5183217358516437
416 0.5181112659817941
417 0.516311296955455
418 0.5197156233743714
419 0.5192755096765299
420 0.5181363244176014
421 0.5163258232235702
422 0.5168362530158397
423 0.5185263491727893
424 0.5193663519524588
425 0.5195770721186723
426 0.5160867513675049
427 0.5213588318813651
428 0.5173310527785535
429 0.518261051822612
430 0.5173366922081103
431 0.5188505141049301
432 0.5157512116316639
433 0.5141899322430735
434 0.5200285612281328
435 0.5210365102277928
436 0.5155841650149966
437 0.5165786694825766
438 0.5136946335425692
439 0.5171322954432359
440 0.513255947262826
441 0.5187718173398874
442 0.5181395182999661
443 0.514889943892965
444 0.5160727272727272
445 0.5197518059573849
446 0.5215934812132187
447 0.5203476815208355
448 0.5146078840811287
449 0.5149079642792054
450 0.5146023444214838
451 0.5217144323096093
452 0.5136576102833772
453 0.515672972625154
454 0.5149710504549214
455 0.519909008189263
456 0.5146092370428356
457 0.5185232615576005
458 0.5193256654376021
459 0.5195074506349556
460 0.5168288314901316
461 0.5205117714880797
462 0.5212200855096337
463 0.518216532310133
464 0.512249650675361
465 0.5119761041498375
466 0.5169602645231173
467 0.5155696226522374
468 0.515995069688063
469 0.5155791159757447
470 0.5153376595867594
471 0.517004048582996
472 0.5215371865785264
473 0.5147546006395894
474 0.5181849472234971
475 0.5144764017440526
476 0.5175286093651491
477 0.5162392836003284
478 0.5204277540989901
479 0.5197760485860695
480 0.5187997176703992
481 0.518897457433
482 0.5151132778893032
483 0.5181250600326578
484 0.5171269453768691
485 0.5136185280888124
486 0.511742892459827
487 0.5158510430883213
488 0.5161132717074791
489 0.5147228807084223
490 0.5188751547546525
491 0.5187048098082364
492 0.5168421257467551
493 0.5143113224090564
494 0.5139983103793788
495 0.5149500346294648
496 0.5178543244949495
497 0.5128846039397726
498 0.5159207747180489
