-2848 1
-2847 0
-2846 0
-2845 0
-2844 0
-2843 0
-2842 0
-2841 0
-2840 0
-2839 0
-2838 0
-2837 0
-2836 0
-2835 0
-2834 0
-2833 0
-2832 0
-2831 0
-2830 0
-2829 0
-2828 0
-2827 0
-2826 0
-2825 0
-2824 0
-2823 0
-2822 0
-2821 0
-2820 0
-2819 0
-2818 0
-2817 0
-2816 0
-2815 0
-2814 0
-2813 0
-2812 0
-2811 0
-2810 0
-2809 0
-2808 0
-2807 0
-2806 0
-2805 0
-2804 0
-2803 0
-2802 0
-2801 0
-2800 0
-2799 0
-2798 0
-2797 0
-2796 0
-2795 0
-2794 0
-2793 0
-2792 0
-2791 0
-2790 0
-2789 0
-2788 0
-2787 0
-2786 0
-2785 0
-2784 0
-2783 0
-2782 0
-2781 0
-2780 0
-2779 0
-2778 0
-2777 0
-2776 0
-2775 0
-2774 0
-2773 0
-2772 0
-2771 0
-2770 0
-2769 0
-2768 0
-2767 0
-2766 0
-2765 0
-2764 0
-2763 0
-2762 0
-2761 0
-2760 0
-2759 0
-2758 0
-2757 0
-2756 0
-2755 0
-2754 0
-2753 1
-2752 0
-2751 0
-2750 0
-2749 0
-2748 0
-2747 0
-2746 0
-2745 0
-2744 0
-2743 0
-2742 0
-2741 1
-2740 0
-2739 0
-2738 0
-2737 0
-2736 0
-2735 0
-2734 0
-2733 0
-2732 0
-2731 0
-2730 0
-2729 0
-2728 0
-2727 0
-2726 0
-2725 0
-2724 0
-2723 0
-2722 1
-2721 0
-2720 0
-2719 0
-2718 0
-2717 0
-2716 0
-2715 0
-2714 0
-2713 0
-2712 0
-2711 0
-2710 0
-2709 0
-2708 1
-2707 0
-2706 0
-2705 0
-2704 0
-2703 0
-2702 0
-2701 0
-2700 0
-2699 0
-2698 0
-2697 0
-2696 0
-2695 0
-2694 0
-2693 0
-2692 0
-2691 0
-2690 0
-2689 1
-2688 0
-2687 0
-2686 1
-2685 0
-2684 0
-2683 0
-2682 0
-2681 1
-2680 0
-2679 0
-2678 0
-2677 0
-2676 0
-2675 0
-2674 0
-2673 0
-2672 1
-2671 0
-2670 0
-2669 1
-2668 0
-2667 0
-2666 0
-2665 0
-2664 1
-2663 1
-2662 0
-2661 1
-2660 0
-2659 0
-2658 0
-2657 0
-2656 0
-2655 1
-2654 0
-2653 0
-2652 2
-2651 0
-2650 1
-2649 0
-2648 0
-2647 1
-2646 0
-2645 0
-2644 1
-2643 1
-2642 0
-2641 1
-2640 1
-2639 1
-2638 1
-2637 0
-2636 1
-2635 0
-2634 0
-2633 1
-2632 2
-2631 0
-2630 0
-2629 0
-2628 0
-2627 1
-2626 2
-2625 1
-2624 3
-2623 1
-2622 1
-2621 0
-2620 0
-2619 1
-2618 1
-2617 0
-2616 1
-2615 1
-2614 0
-2613 2
-2612 1
-2611 1
-2610 2
-2609 1
-2608 2
-2607 2
-2606 2
-2605 0
-2604 0
-2603 2
-2602 0
-2601 1
-2600 1
-2599 1
-2598 0
-2597 1
-2596 1
-2595 0
-2594 1
-2593 1
-2592 1
-2591 0
-2590 0
-2589 1
-2588 0
-2587 1
-2586 0
-2585 0
-2584 0
-2583 0
-2582 1
-2581 4
-2580 0
-2579 3
-2578 1
-2577 1
-2576 2
-2575 0
-2574 2
-2573 1
-2572 0
-2571 1
-2570 4
-2569 2
-2568 2
-2567 3
-2566 2
-2565 4
-2564 1
-2563 2
-2562 2
-2561 4
-2560 0
-2559 3
-2558 2
-2557 4
-2556 2
-2555 3
-2554 1
-2553 1
-2552 1
-2551 3
-2550 1
-2549 0
-2548 0
-2547 2
-2546 4
-2545 2
-2544 1
-2543 2
-2542 5
-2541 2
-2540 5
-2539 2
-2538 1
-2537 4
-2536 2
-2535 3
-2534 1
-2533 2
-2532 1
-2531 3
-2530 5
-2529 2
-2528 3
-2527 5
-2526 3
-2525 3
-2524 3
-2523 6
-2522 3
-2521 3
-2520 2
-2519 1
-2518 2
-2517 6
-2516 2
-2515 2
-2514 7
-2513 7
-2512 6
-2511 6
-2510 6
-2509 8
-2508 5
-2507 4
-2506 3
-2505 4
-2504 7
-2503 6
-2502 2
-2501 5
-2500 11
-2499 9
-2498 3
-2497 6
-2496 4
-2495 4
-2494 5
-2493 5
-2492 8
-2491 5
-2490 7
-2489 6
-2488 5
-2487 10
-2486 7
-2485 8
-2484 6
-2483 7
-2482 7
-2481 6
-2480 7
-2479 10
-2478 9
-2477 8
-2476 6
-2475 11
-2474 6
-2473 6
-2472 8
-2471 7
-2470 6
-2469 4
-2468 8
-2467 6
-2466 10
-2465 5
-2464 11
-2463 8
-2462 10
-2461 12
-2460 6
-2459 7
-2458 13
-2457 5
-2456 6
-2455 6
-2454 12
-2453 8
-2452 6
-2451 5
-2450 9
-2449 10
-2448 12
-2447 6
-2446 8
-2445 9
-2444 8
-2443 6
-2442 8
-2441 4
-2440 7
-2439 5
-2438 7
-2437 5
-2436 10
-2435 12
-2434 7
-2433 6
-2432 7
-2431 12
-2430 12
-2429 12
-2428 14
-2427 15
-2426 10
-2425 7
-2424 17
-2423 6
-2422 14
-2421 10
-2420 13
-2419 14
-2418 9
-2417 7
-2416 11
-2415 12
-2414 16
-2413 13
-2412 11
-2411 14
-2410 18
-2409 14
-2408 16
-2407 10
-2406 17
-2405 18
-2404 10
-2403 14
-2402 14
-2401 14
-2400 13
-2399 14
-2398 11
-2397 17
-2396 15
-2395 18
-2394 14
-2393 9
-2392 16
-2391 15
-2390 19
-2389 16
-2388 15
-2387 15
-2386 13
-2385 9
-2384 8
-2383 13
-2382 13
-2381 19
-2380 16
-2379 17
-2378 15
-2377 13
-2376 15
-2375 14
-2374 10
-2373 25
-2372 24
-2371 15
-2370 24
-2369 24
-2368 21
-2367 20
-2366 13
-2365 17
-2364 12
-2363 20
-2362 25
-2361 18
-2360 15
-2359 24
-2358 24
-2357 19
-2356 22
-2355 19
-2354 18
-2353 24
-2352 10
-2351 20
-2350 24
-2349 17
-2348 18
-2347 19
-2346 18
-2345 22
-2344 12
-2343 18
-2342 20
-2341 25
-2340 22
-2339 25
-2338 21
-2337 24
-2336 20
-2335 15
-2334 21
-2333 15
-2332 18
-2331 22
-2330 22
-2329 14
-2328 28
-2327 18
-2326 31
-2325 20
-2324 20
-2323 26
-2322 26
-2321 25
-2320 26
-2319 20
-2318 30
-2317 23
-2316 29
-2315 31
-2314 32
-2313 23
-2312 23
-2311 18
-2310 28
-2309 26
-2308 22
-2307 28
-2306 20
-2305 26
-2304 17
-2303 26
-2302 22
-2301 20
-2300 26
-2299 21
-2298 21
-2297 30
-2296 23
-2295 33
-2294 25
-2293 33
-2292 32
-2291 33
-2290 26
-2289 41
-2288 34
-2287 30
-2286 38
-2285 28
-2284 28
-2283 27
-2282 23
-2281 33
-2280 33
-2279 36
-2278 26
-2277 27
-2276 18
-2275 24
-2274 29
-2273 29
-2272 40
-2271 27
-2270 34
-2269 29
-2268 40
-2267 30
-2266 36
-2265 39
-2264 43
-2263 34
-2262 31
-2261 29
-2260 34
-2259 30
-2258 43
-2257 25
-2256 32
-2255 33
-2254 32
-2253 39
-2252 26
-2251 45
-2250 38
-2249 31
-2248 43
-2247 28
-2246 36
-2245 35
-2244 37
-2243 26
-2242 37
-2241 31
-2240 36
-2239 40
-2238 43
-2237 30
-2236 40
-2235 37
-2234 47
-2233 26
-2232 44
-2231 32
-2230 41
-2229 35
-2228 24
-2227 51
-2226 35
-2225 31
-2224 46
-2223 36
-2222 50
-2221 37
-2220 37
-2219 45
-2218 43
-2217 54
-2216 43
-2215 34
-2214 43
-2213 46
-2212 53
-2211 49
-2210 38
-2209 38
-2208 40
-2207 50
-2206 48
-2205 42
-2204 43
-2203 44
-2202 43
-2201 59
-2200 44
-2199 44
-2198 34
-2197 48
-2196 39
-2195 47
-2194 47
-2193 38
-2192 47
-2191 46
-2190 47
-2189 41
-2188 47
-2187 57
-2186 52
-2185 46
-2184 39
-2183 53
-2182 39
-2181 58
-2180 39
-2179 40
-2178 42
-2177 55
-2176 50
-2175 47
-2174 48
-2173 55
-2172 40
-2171 51
-2170 41
-2169 47
-2168 59
-2167 49
-2166 58
-2165 51
-2164 58
-2163 38
-2162 47
-2161 46
-2160 43
-2159 49
-2158 36
-2157 56
-2156 53
-2155 47
-2154 46
-2153 51
-2152 44
-2151 56
-2150 38
-2149 56
-2148 61
-2147 57
-2146 48
-2145 59
-2144 50
-2143 60
-2142 48
-2141 45
-2140 47
-2139 46
-2138 61
-2137 56
-2136 51
-2135 57
-2134 60
-2133 50
-2132 63
-2131 57
-2130 41
-2129 52
-2128 48
-2127 66
-2126 53
-2125 54
-2124 53
-2123 50
-2122 64
-2121 63
-2120 47
-2119 49
-2118 58
-2117 49
-2116 56
-2115 61
-2114 60
-2113 55
-2112 63
-2111 65
-2110 45
-2109 54
-2108 58
-2107 69
-2106 55
-2105 55
-2104 74
-2103 45
-2102 69
-2101 69
-2100 62
-2099 59
-2098 73
-2097 51
-2096 61
-2095 65
-2094 48
-2093 76
-2092 74
-2091 64
-2090 76
-2089 57
-2088 72
-2087 77
-2086 53
-2085 59
-2084 62
-2083 53
-2082 69
-2081 69
-2080 62
-2079 73
-2078 57
-2077 76
-2076 59
-2075 68
-2074 56
-2073 62
-2072 54
-2071 61
-2070 66
-2069 73
-2068 76
-2067 75
-2066 62
-2065 60
-2064 64
-2063 67
-2062 76
-2061 75
-2060 63
-2059 70
-2058 69
-2057 86
-2056 70
-2055 67
-2054 72
-2053 82
-2052 61
-2051 76
-2050 68
-2049 72
-2048 96
-2047 76
-2046 74
-2045 57
-2044 76
-2043 67
-2042 72
-2041 74
-2040 75
-2039 67
-2038 76
-2037 92
-2036 77
-2035 82
-2034 72
-2033 54
-2032 87
-2031 79
-2030 66
-2029 87
-2028 86
-2027 85
-2026 74
-2025 72
-2024 78
-2023 77
-2022 90
-2021 87
-2020 62
-2019 69
-2018 80
-2017 62
-2016 79
-2015 78
-2014 87
-2013 91
-2012 68
-2011 72
-2010 86
-2009 71
-2008 88
-2007 80
-2006 85
-2005 63
-2004 84
-2003 90
-2002 82
-2001 77
-2000 83
-1999 71
-1998 78
-1997 73
-1996 86
-1995 81
-1994 76
-1993 68
-1992 68
-1991 98
-1990 97
-1989 75
-1988 79
-1987 93
-1986 86
-1985 81
-1984 94
-1983 71
-1982 79
-1981 80
-1980 87
-1979 93
-1978 83
-1977 90
-1976 89
-1975 105
-1974 67
-1973 88
-1972 87
-1971 91
-1970 86
-1969 84
-1968 86
-1967 75
-1966 95
-1965 92
-1964 85
-1963 86
-1962 86
-1961 86
-1960 75
-1959 85
-1958 83
-1957 90
-1956 83
-1955 82
-1954 87
-1953 80
-1952 82
-1951 83
-1950 98
-1949 76
-1948 79
-1947 60
-1946 78
-1945 93
-1944 97
-1943 111
-1942 91
-1941 98
-1940 90
-1939 84
-1938 95
-1937 87
-1936 78
-1935 92
-1934 94
-1933 78
-1932 82
-1931 91
-1930 91
-1929 101
-1928 94
-1927 89
-1926 91
-1925 82
-1924 84
-1923 73
-1922 96
-1921 84
-1920 95
-1919 96
-1918 101
-1917 72
-1916 88
-1915 88
-1914 117
-1913 100
-1912 105
-1911 87
-1910 85
-1909 96
-1908 107
-1907 78
-1906 101
-1905 81
-1904 98
-1903 102
-1902 111
-1901 104
-1900 100
-1899 100
-1898 107
-1897 106
-1896 103
-1895 91
-1894 102
-1893 108
-1892 86
-1891 96
-1890 101
-1889 97
-1888 106
-1887 98
-1886 118
-1885 97
-1884 86
-1883 99
-1882 95
-1881 109
-1880 101
-1879 121
-1878 89
-1877 115
-1876 89
-1875 106
-1874 92
-1873 92
-1872 102
-1871 107
-1870 101
-1869 110
-1868 107
-1867 92
-1866 89
-1865 106
-1864 114
-1863 107
-1862 99
-1861 106
-1860 105
-1859 101
-1858 113
-1857 100
-1856 113
-1855 94
-1854 110
-1853 121
-1852 102
-1851 129
-1850 109
-1849 91
-1848 116
-1847 107
-1846 107
-1845 104
-1844 112
-1843 124
-1842 110
-1841 109
-1840 122
-1839 103
-1838 110
-1837 106
-1836 130
-1835 89
-1834 112
-1833 109
-1832 116
-1831 97
-1830 111
-1829 100
-1828 121
-1827 101
-1826 133
-1825 129
-1824 96
-1823 131
-1822 108
-1821 124
-1820 115
-1819 108
-1818 93
-1817 111
-1816 121
-1815 119
-1814 115
-1813 102
-1812 96
-1811 132
-1810 109
-1809 105
-1808 113
-1807 100
-1806 95
-1805 125
-1804 125
-1803 103
-1802 126
-1801 128
-1800 94
-1799 92
-1798 117
-1797 132
-1796 120
-1795 115
-1794 131
-1793 130
-1792 102
-1791 127
-1790 123
-1789 125
-1788 116
-1787 130
-1786 97
-1785 127
-1784 135
-1783 138
-1782 119
-1781 130
-1780 117
-1779 122
-1778 121
-1777 117
-1776 121
-1775 146
-1774 141
-1773 126
-1772 150
-1771 130
-1770 131
-1769 121
-1768 122
-1767 130
-1766 115
-1765 102
-1764 128
-1763 121
-1762 131
-1761 134
-1760 130
-1759 101
-1758 138
-1757 134
-1756 130
-1755 136
-1754 133
-1753 129
-1752 144
-1751 132
-1750 127
-1749 134
-1748 138
-1747 135
-1746 120
-1745 133
-1744 119
-1743 135
-1742 131
-1741 143
-1740 117
-1739 116
-1738 122
-1737 125
-1736 121
-1735 127
-1734 129
-1733 124
-1732 123
-1731 119
-1730 144
-1729 132
-1728 122
-1727 128
-1726 120
-1725 126
-1724 125
-1723 127
-1722 129
-1721 150
-1720 131
-1719 117
-1718 141
-1717 153
-1716 144
-1715 150
-1714 141
-1713 137
-1712 158
-1711 117
-1710 135
-1709 149
-1708 130
-1707 147
-1706 141
-1705 134
-1704 140
-1703 136
-1702 156
-1701 118
-1700 113
-1699 122
-1698 136
-1697 131
-1696 139
-1695 127
-1694 133
-1693 135
-1692 109
-1691 130
-1690 139
-1689 150
-1688 147
-1687 145
-1686 139
-1685 143
-1684 154
-1683 153
-1682 143
-1681 125
-1680 115
-1679 151
-1678 149
-1677 144
-1676 154
-1675 148
-1674 132
-1673 148
-1672 136
-1671 125
-1670 126
-1669 129
-1668 136
-1667 143
-1666 138
-1665 148
-1664 117
-1663 145
-1662 144
-1661 127
-1660 138
-1659 133
-1658 149
-1657 145
-1656 138
-1655 152
-1654 136
-1653 131
-1652 132
-1651 151
-1650 173
-1649 152
-1648 161
-1647 148
-1646 162
-1645 140
-1644 150
-1643 125
-1642 134
-1641 139
-1640 145
-1639 149
-1638 144
-1637 142
-1636 180
-1635 125
-1634 149
-1633 138
-1632 146
-1631 135
-1630 153
-1629 155
-1628 144
-1627 163
-1626 164
-1625 165
-1624 141
-1623 157
-1622 152
-1621 154
-1620 142
-1619 157
-1618 158
-1617 157
-1616 170
-1615 134
-1614 160
-1613 156
-1612 152
-1611 141
-1610 162
-1609 146
-1608 152
-1607 159
-1606 133
-1605 151
-1604 154
-1603 134
-1602 146
-1601 156
-1600 144
-1599 167
-1598 140
-1597 150
-1596 171
-1595 155
-1594 163
-1593 163
-1592 160
-1591 154
-1590 156
-1589 145
-1588 171
-1587 163
-1586 160
-1585 155
-1584 158
-1583 164
-1582 158
-1581 171
-1580 158
-1579 163
-1578 155
-1577 138
-1576 159
-1575 149
-1574 145
-1573 151
-1572 171
-1571 191
-1570 141
-1569 157
-1568 164
-1567 163
-1566 175
-1565 168
-1564 174
-1563 165
-1562 163
-1561 181
-1560 167
-1559 193
-1558 169
-1557 151
-1556 168
-1555 178
-1554 168
-1553 163
-1552 173
-1551 165
-1550 184
-1549 186
-1548 190
-1547 175
-1546 179
-1545 155
-1544 172
-1543 162
-1542 165
-1541 180
-1540 182
-1539 151
-1538 178
-1537 159
-1536 191
-1535 153
-1534 187
-1533 159
-1532 190
-1531 212
-1530 183
-1529 181
-1528 144
-1527 171
-1526 168
-1525 174
-1524 169
-1523 175
-1522 172
-1521 149
-1520 171
-1519 194
-1518 174
-1517 173
-1516 182
-1515 196
-1514 180
-1513 156
-1512 193
-1511 169
-1510 175
-1509 182
-1508 155
-1507 180
-1506 211
-1505 168
-1504 168
-1503 178
-1502 168
-1501 177
-1500 177
-1499 174
-1498 146
-1497 173
-1496 174
-1495 190
-1494 171
-1493 185
-1492 165
-1491 159
-1490 162
-1489 209
-1488 187
-1487 182
-1486 174
-1485 179
-1484 174
-1483 155
-1482 192
-1481 183
-1480 185
-1479 184
-1478 189
-1477 183
-1476 173
-1475 183
-1474 180
-1473 184
-1472 193
-1471 170
-1470 166
-1469 168
-1468 196
-1467 200
-1466 174
-1465 173
-1464 197
-1463 197
-1462 171
-1461 161
-1460 194
-1459 180
-1458 190
-1457 182
-1456 192
-1455 209
-1454 194
-1453 183
-1452 193
-1451 202
-1450 188
-1449 211
-1448 200
-1447 189
-1446 194
-1445 170
-1444 187
-1443 198
-1442 187
-1441 195
-1440 193
-1439 207
-1438 197
-1437 180
-1436 180
-1435 179
-1434 230
-1433 173
-1432 214
-1431 186
-1430 184
-1429 183
-1428 204
-1427 207
-1426 193
-1425 229
-1424 196
-1423 181
-1422 208
-1421 198
-1420 199
-1419 165
-1418 203
-1417 214
-1416 202
-1415 206
-1414 215
-1413 190
-1412 205
-1411 218
-1410 214
-1409 218
-1408 218
-1407 205
-1406 219
-1405 209
-1404 188
-1403 188
-1402 236
-1401 194
-1400 220
-1399 238
-1398 191
-1397 208
-1396 206
-1395 201
-1394 199
-1393 211
-1392 207
-1391 210
-1390 195
-1389 221
-1388 209
-1387 208
-1386 189
-1385 204
-1384 264
-1383 189
-1382 219
-1381 197
-1380 240
-1379 196
-1378 215
-1377 213
-1376 225
-1375 201
-1374 198
-1373 213
-1372 233
-1371 226
-1370 223
-1369 217
-1368 227
-1367 216
-1366 208
-1365 232
-1364 227
-1363 214
-1362 217
-1361 224
-1360 224
-1359 208
-1358 219
-1357 236
-1356 218
-1355 228
-1354 199
-1353 206
-1352 213
-1351 179
-1350 240
-1349 209
-1348 217
-1347 213
-1346 189
-1345 231
-1344 212
-1343 209
-1342 229
-1341 221
-1340 248
-1339 237
-1338 231
-1337 235
-1336 216
-1335 239
-1334 259
-1333 235
-1332 223
-1331 241
-1330 240
-1329 234
-1328 211
-1327 218
-1326 221
-1325 215
-1324 219
-1323 233
-1322 209
-1321 240
-1320 242
-1319 253
-1318 214
-1317 208
-1316 243
-1315 225
-1314 220
-1313 239
-1312 258
-1311 236
-1310 223
-1309 228
-1308 214
-1307 249
-1306 208
-1305 239
-1304 255
-1303 225
-1302 242
-1301 253
-1300 254
-1299 268
-1298 221
-1297 253
-1296 229
-1295 240
-1294 242
-1293 235
-1292 229
-1291 239
-1290 232
-1289 253
-1288 243
-1287 259
-1286 247
-1285 245
-1284 213
-1283 280
-1282 273
-1281 252
-1280 242
-1279 240
-1278 259
-1277 242
-1276 242
-1275 269
-1274 235
-1273 243
-1272 254
-1271 238
-1270 243
-1269 249
-1268 257
-1267 241
-1266 290
-1265 238
-1264 246
-1263 254
-1262 268
-1261 260
-1260 228
-1259 239
-1258 258
-1257 268
-1256 274
-1255 273
-1254 235
-1253 251
-1252 239
-1251 243
-1250 263
-1249 260
-1248 242
-1247 254
-1246 271
-1245 272
-1244 236
-1243 272
-1242 269
-1241 243
-1240 256
-1239 274
-1238 260
-1237 267
-1236 266
-1235 279
-1234 277
-1233 256
-1232 215
-1231 272
-1230 270
-1229 244
-1228 255
-1227 267
-1226 252
-1225 290
-1224 271
-1223 230
-1222 305
-1221 272
-1220 281
-1219 275
-1218 280
-1217 286
-1216 296
-1215 284
-1214 250
-1213 240
-1212 266
-1211 271
-1210 277
-1209 270
-1208 298
-1207 254
-1206 248
-1205 290
-1204 296
-1203 266
-1202 323
-1201 279
-1200 237
-1199 305
-1198 306
-1197 276
-1196 296
-1195 274
-1194 297
-1193 284
-1192 265
-1191 272
-1190 277
-1189 268
-1188 286
-1187 288
-1186 285
-1185 297
-1184 301
-1183 281
-1182 277
-1181 289
-1180 290
-1179 258
-1178 283
-1177 287
-1176 272
-1175 302
-1174 288
-1173 290
-1172 293
-1171 284
-1170 284
-1169 304
-1168 319
-1167 264
-1166 284
-1165 313
-1164 267
-1163 293
-1162 335
-1161 268
-1160 306
-1159 307
-1158 311
-1157 291
-1156 299
-1155 278
-1154 283
-1153 314
-1152 283
-1151 283
-1150 256
-1149 304
-1148 280
-1147 293
-1146 305
-1145 302
-1144 278
-1143 338
-1142 277
-1141 306
-1140 301
-1139 285
-1138 332
-1137 291
-1136 309
-1135 287
-1134 292
-1133 333
-1132 286
-1131 318
-1130 325
-1129 320
-1128 283
-1127 338
-1126 305
-1125 337
-1124 298
-1123 328
-1122 319
-1121 273
-1120 338
-1119 328
-1118 304
-1117 307
-1116 333
-1115 335
-1114 327
-1113 295
-1112 288
-1111 334
-1110 327
-1109 315
-1108 311
-1107 312
-1106 346
-1105 292
-1104 320
-1103 276
-1102 303
-1101 325
-1100 336
-1099 343
-1098 305
-1097 319
-1096 333
-1095 314
-1094 320
-1093 307
-1092 331
-1091 322
-1090 339
-1089 349
-1088 354
-1087 341
-1086 360
-1085 353
-1084 344
-1083 345
-1082 296
-1081 333
-1080 331
-1079 343
-1078 342
-1077 333
-1076 351
-1075 348
-1074 343
-1073 355
-1072 340
-1071 367
-1070 300
-1069 331
-1068 312
-1067 332
-1066 325
-1065 340
-1064 365
-1063 347
-1062 308
-1061 348
-1060 358
-1059 338
-1058 343
-1057 343
-1056 364
-1055 329
-1054 365
-1053 382
-1052 377
-1051 368
-1050 347
-1049 325
-1048 327
-1047 385
-1046 386
-1045 356
-1044 360
-1043 347
-1042 361
-1041 368
-1040 326
-1039 341
-1038 374
-1037 366
-1036 382
-1035 355
-1034 396
-1033 346
-1032 330
-1031 347
-1030 358
-1029 382
-1028 333
-1027 374
-1026 363
-1025 355
-1024 391
-1023 372
-1022 342
-1021 341
-1020 367
-1019 328
-1018 407
-1017 357
-1016 352
-1015 378
-1014 369
-1013 350
-1012 356
-1011 374
-1010 356
-1009 380
-1008 361
-1007 387
-1006 338
-1005 398
-1004 372
-1003 383
-1002 364
-1001 360
-1000 404
-999 368
-998 400
-997 417
-996 358
-995 366
-994 391
-993 408
-992 365
-991 410
-990 402
-989 357
-988 406
-987 358
-986 424
-985 397
-984 371
-983 394
-982 399
-981 394
-980 377
-979 365
-978 431
-977 363
-976 393
-975 387
-974 415
-973 386
-972 373
-971 386
-970 422
-969 425
-968 392
-967 385
-966 401
-965 415
-964 418
-963 415
-962 371
-961 397
-960 385
-959 405
-958 441
-957 386
-956 399
-955 400
-954 407
-953 399
-952 430
-951 417
-950 413
-949 413
-948 405
-947 410
-946 420
-945 446
-944 421
-943 410
-942 444
-941 420
-940 394
-939 414
-938 422
-937 414
-936 458
-935 446
-934 415
-933 397
-932 383
-931 433
-930 396
-929 414
-928 461
-927 417
-926 415
-925 409
-924 419
-923 454
-922 429
-921 419
-920 413
-919 469
-918 416
-917 456
-916 438
-915 412
-914 410
-913 455
-912 436
-911 448
-910 449
-909 442
-908 431
-907 412
-906 415
-905 418
-904 442
-903 451
-902 480
-901 486
-900 480
-899 447
-898 412
-897 454
-896 433
-895 428
-894 465
-893 454
-892 453
-891 470
-890 463
-889 466
-888 453
-887 459
-886 458
-885 441
-884 456
-883 468
-882 489
-881 461
-880 464
-879 453
-878 476
-877 456
-876 423
-875 463
-874 482
-873 498
-872 464
-871 476
-870 443
-869 472
-868 513
-867 517
-866 497
-865 464
-864 475
-863 486
-862 498
-861 495
-860 514
-859 467
-858 516
-857 523
-856 491
-855 492
-854 498
-853 487
-852 487
-851 464
-850 523
-849 510
-848 510
-847 482
-846 468
-845 497
-844 485
-843 493
-842 519
-841 484
-840 487
-839 524
-838 498
-837 539
-836 534
-835 489
-834 498
-833 486
-832 517
-831 511
-830 497
-829 522
-828 520
-827 504
-826 528
-825 520
-824 502
-823 527
-822 513
-821 465
-820 503
-819 532
-818 508
-817 545
-816 502
-815 540
-814 471
-813 517
-812 502
-811 537
-810 539
-809 526
-808 559
-807 514
-806 514
-805 559
-804 564
-803 531
-802 567
-801 550
-800 583
-799 544
-798 507
-797 529
-796 572
-795 575
-794 519
-793 598
-792 596
-791 546
-790 537
-789 538
-788 568
-787 574
-786 544
-785 602
-784 543
-783 543
-782 556
-781 540
-780 599
-779 557
-778 568
-777 556
-776 538
-775 591
-774 624
-773 520
-772 572
-771 564
-770 591
-769 574
-768 597
-767 573
-766 591
-765 599
-764 638
-763 560
-762 575
-761 578
-760 599
-759 593
-758 575
-757 591
-756 582
-755 587
-754 595
-753 572
-752 561
-751 562
-750 558
-749 599
-748 625
-747 626
-746 636
-745 602
-744 627
-743 611
-742 589
-741 635
-740 590
-739 618
-738 599
-737 589
-736 626
-735 633
-734 569
-733 636
-732 615
-731 623
-730 604
-729 593
-728 631
-727 608
-726 627
-725 635
-724 632
-723 630
-722 601
-721 642
-720 677
-719 666
-718 664
-717 650
-716 630
-715 640
-714 602
-713 612
-712 653
-711 706
-710 676
-709 657
-708 657
-707 671
-706 678
-705 643
-704 655
-703 631
-702 601
-701 660
-700 631
-699 663
-698 644
-697 637
-696 650
-695 639
-694 682
-693 662
-692 690
-691 639
-690 702
-689 702
-688 712
-687 668
-686 685
-685 652
-684 696
-683 685
-682 675
-681 671
-680 696
-679 727
-678 668
-677 721
-676 735
-675 684
-674 676
-673 710
-672 686
-671 718
-670 667
-669 700
-668 683
-667 716
-666 706
-665 702
-664 696
-663 734
-662 735
-661 686
-660 742
-659 704
-658 684
-657 694
-656 698
-655 751
-654 788
-653 756
-652 707
-651 717
-650 740
-649 714
-648 691
-647 761
-646 761
-645 736
-644 750
-643 729
-642 775
-641 774
-640 756
-639 753
-638 767
-637 724
-636 799
-635 764
-634 750
-633 795
-632 781
-631 827
-630 738
-629 769
-628 778
-627 782
-626 779
-625 795
-624 753
-623 769
-622 770
-621 789
-620 784
-619 743
-618 801
-617 858
-616 816
-615 792
-614 804
-613 778
-612 782
-611 822
-610 828
-609 743
-608 823
-607 798
-606 772
-605 816
-604 785
-603 867
-602 809
-601 859
-600 838
-599 867
-598 825
-597 930
-596 858
-595 832
-594 851
-593 843
-592 745
-591 848
-590 824
-589 887
-588 859
-587 891
-586 874
-585 818
-584 881
-583 920
-582 891
-581 838
-580 863
-579 913
-578 905
-577 883
-576 915
-575 849
-574 921
-573 849
-572 838
-571 942
-570 907
-569 922
-568 900
-567 847
-566 863
-565 909
-564 915
-563 920
-562 935
-561 925
-560 907
-559 897
-558 947
-557 922
-556 867
-555 935
-554 925
-553 916
-552 926
-551 976
-550 959
-549 948
-548 949
-547 972
-546 949
-545 942
-544 999
-543 988
-542 952
-541 968
-540 960
-539 1001
-538 1008
-537 978
-536 976
-535 1037
-534 984
-533 974
-532 1011
-531 934
-530 1090
-529 986
-528 1081
-527 1052
-526 1033
-525 1011
-524 1070
-523 1020
-522 1001
-521 1034
-520 1014
-519 1074
-518 1063
-517 1087
-516 1096
-515 1022
-514 1031
-513 1099
-512 1054
-511 1096
-510 1009
-509 1061
-508 1037
-507 1112
-506 1046
-505 1094
-504 1037
-503 1091
-502 1105
-501 1063
-500 1142
-499 1108
-498 1112
-497 1108
-496 1121
-495 1127
-494 1168
-493 1123
-492 1106
-491 1071
-490 1203
-489 1113
-488 1169
-487 1137
-486 1166
-485 1116
-484 1180
-483 1140
-482 1143
-481 1117
-480 1189
-479 1178
-478 1135
-477 1210
-476 1186
-475 1185
-474 1198
-473 1158
-472 1205
-471 1158
-470 1116
-469 1232
-468 1177
-467 1213
-466 1233
-465 1257
-464 1190
-463 1247
-462 1238
-461 1239
-460 1198
-459 1235
-458 1176
-457 1258
-456 1260
-455 1294
-454 1302
-453 1268
-452 1284
-451 1299
-450 1305
-449 1295
-448 1227
-447 1325
-446 1316
-445 1311
-444 1346
-443 1276
-442 1292
-441 1317
-440 1304
-439 1350
-438 1364
-437 1355
-436 1304
-435 1380
-434 1355
-433 1322
-432 1371
-431 1431
-430 1381
-429 1435
-428 1442
-427 1316
-426 1431
-425 1343
-424 1420
-423 1405
-422 1425
-421 1488
-420 1463
-419 1471
-418 1509
-417 1417
-416 1443
-415 1462
-414 1550
-413 1443
-412 1461
-411 1462
-410 1472
-409 1503
-408 1495
-407 1455
-406 1529
-405 1473
-404 1512
-403 1507
-402 1518
-401 1558
-400 1515
-399 1582
-398 1488
-397 1564
-396 1542
-395 1638
-394 1640
-393 1607
-392 1616
-391 1588
-390 1640
-389 1568
-388 1691
-387 1651
-386 1684
-385 1648
-384 1637
-383 1623
-382 1652
-381 1648
-380 1706
-379 1680
-378 1676
-377 1666
-376 1662
-375 1760
-374 1768
-373 1707
-372 1735
-371 1695
-370 1717
-369 1776
-368 1744
-367 1794
-366 1788
-365 1777
-364 1794
-363 1766
-362 1715
-361 1798
-360 1784
-359 1836
-358 1853
-357 1930
-356 1926
-355 1872
-354 1894
-353 1930
-352 1846
-351 1896
-350 1938
-349 1986
-348 1815
-347 1861
-346 1943
-345 1902
-344 1925
-343 1986
-342 1956
-341 1956
-340 1927
-339 1985
-338 1942
-337 1975
-336 2056
-335 1959
-334 2024
-333 1996
-332 2031
-331 2014
-330 2019
-329 2122
-328 2065
-327 2093
-326 2057
-325 2155
-324 2184
-323 2191
-322 2129
-321 2123
-320 2217
-319 2191
-318 2233
-317 2307
-316 2127
-315 2220
-314 2279
-313 2254
-312 2245
-311 2253
-310 2291
-309 2288
-308 2285
-307 2291
-306 2311
-305 2283
-304 2282
-303 2374
-302 2331
-301 2427
-300 2394
-299 2422
-298 2394
-297 2428
-296 2433
-295 2506
-294 2461
-293 2450
-292 2515
-291 2498
-290 2493
-289 2514
-288 2560
-287 2565
-286 2660
-285 2431
-284 2594
-283 2666
-282 2600
-281 2617
-280 2644
-279 2621
-278 2635
-277 2691
-276 2682
-275 2644
-274 2810
-273 2753
-272 2785
-271 2845
-270 2881
-269 2762
-268 2889
-267 2927
-266 2888
-265 2870
-264 2871
-263 2961
-262 2992
-261 2841
-260 2929
-259 2949
-258 3020
-257 3090
-256 2982
-255 3009
-254 3062
-253 3239
-252 3176
-251 3235
-250 3080
-249 3259
-248 3302
-247 3197
-246 3251
-245 3233
-244 3188
-243 3210
-242 3375
-241 3348
-240 3366
-239 3446
-238 3434
-237 3428
-236 3487
-235 3484
-234 3588
-233 3494
-232 3448
-231 3663
-230 3652
-229 3650
-228 3548
-227 3733
-226 3705
-225 3679
-224 3823
-223 3775
-222 3800
-221 3871
-220 3825
-219 3950
-218 3990
-217 3910
-216 3983
-215 3976
-214 4082
-213 3993
-212 4130
-211 4086
-210 4111
-209 4309
-208 4173
-207 4143
-206 4196
-205 4240
-204 4347
-203 4357
-202 4285
-201 4515
-200 4476
-199 4468
-198 4555
-197 4502
-196 4620
-195 4713
-194 4715
-193 4767
-192 4827
-191 4688
-190 4859
-189 4863
-188 4858
-187 4949
-186 5016
-185 5033
-184 5088
-183 5104
-182 5217
-181 5199
-180 5265
-179 5275
-178 5340
-177 5438
-176 5435
-175 5611
-174 5463
-173 5596
-172 5723
-171 5746
-170 5755
-169 5722
-168 5844
-167 5940
-166 5925
-165 6154
-164 6138
-163 6134
-162 6255
-161 6380
-160 6290
-159 6519
-158 6415
-157 6520
-156 6666
-155 6524
-154 6774
-153 6771
-152 6736
-151 6817
-150 7099
-149 7152
-148 7095
-147 7162
-146 7321
-145 7329
-144 7552
-143 7584
-142 7588
-141 7637
-140 7915
-139 7953
-138 8093
-137 8247
-136 8306
-135 8293
-134 8557
-133 8449
-132 8653
-131 8619
-130 8952
-129 8868
-128 8927
-127 9147
-126 9180
-125 9286
-124 9500
-123 9684
-122 9665
-121 9817
-120 9981
-119 10113
-118 10138
-117 10502
-116 10556
-115 10522
-114 10743
-113 11000
-112 11088
-111 11343
-110 11261
-109 11421
-108 11702
-107 11938
-106 12157
-105 12329
-104 12497
-103 12682
-102 12814
-101 13016
-100 13274
-99 13607
-98 13759
-97 14051
-96 14112
-95 14365
-94 14654
-93 14911
-92 15133
-91 15387
-90 15525
-89 16140
-88 16250
-87 16500
-86 16716
-85 17171
-84 17412
-83 17657
-82 18309
-81 18407
-80 18844
-79 19299
-78 19557
-77 20206
-76 20477
-75 20630
-74 21389
-73 21693
-72 22168
-71 22885
-70 23088
-69 23774
-68 24145
-67 24896
-66 25561
-65 26108
-64 26709
-63 27131
-62 27986
-61 28427
-60 29168
-59 30564
-58 31348
-57 31707
-56 33017
-55 33769
-54 35288
-53 36167
-52 37413
-51 38474
-50 39205
-49 40619
-48 42166
-47 43189
-46 44832
-45 46203
-44 48488
-43 50215
-42 51872
-41 53483
-40 56034
-39 57898
-38 60856
-37 63453
-36 66350
-35 68818
-34 71543
-33 75499
-32 79777
-31 83602
-30 88487
-29 92770
-28 97418
-27 103759
-26 110028
-25 116719
-24 124496
-23 132195
-22 143014
-21 153445
-20 165372
-19 178570
-18 194301
-17 211722
-16 233226
-15 257322
-14 287093
-13 321330
-12 363505
-11 415848
-10 480060
-9 562504
-8 673053
-7 821540
-6 1037073
-5 1360309
-4 1893157
-3 2878901
-2 5146743
-1 14252305
0 148158394
1 739504587
2 151675493
3 11728266
4 4552210
5 2690675
6 1809131
7 1319536
8 1012215
9 806908
10 662847
11 556217
12 474227
13 412349
14 359999
15 319235
16 284734
17 256895
18 230834
19 211274
20 193749
21 177798
22 164450
23 152398
24 142187
25 132011
26 124092
27 116802
28 109954
29 103487
30 97147
31 92099
32 87764
33 83373
34 79514
35 75607
36 72068
37 68760
38 66264
39 62983
40 60574
41 57906
42 55636
43 53576
44 51722
45 50133
46 48073
47 46547
48 44764
49 43449
50 41673
51 40672
52 39210
53 38481
54 37270
55 36317
56 34828
57 33810
58 32708
59 31965
60 31136
61 30476
62 29382
63 28871
64 27860
65 27104
66 26572
67 25970
68 25530
69 24817
70 24466
71 23424
72 23207
73 22741
74 22429
75 21668
76 21343
77 20637
78 20459
79 19894
80 19539
81 19228
82 18757
83 18492
84 18058
85 17523
86 17478
87 17157
88 16829
89 16768
90 16419
91 16101
92 15676
93 15263
94 15130
95 14735
96 14684
97 14426
98 14263
99 14068
100 13743
101 13446
102 13280
103 13032
104 12893
105 12701
106 12589
107 12405
108 12133
109 11923
110 11609
111 11552
112 11449
113 11417
114 11102
115 11056
116 10794
117 10755
118 10568
119 10465
120 10204
121 10120
122 9939
123 9870
124 9548
125 9478
126 9342
127 9299
128 9387
129 9079
130 9133
131 8887
132 8952
133 8653
134 8558
135 8348
136 8321
137 8358
138 8417
139 7948
140 8121
141 7889
142 7712
143 7771
144 7687
145 7347
146 7455
147 7475
148 7293
149 7132
150 7108
151 7180
152 6980
153 6898
154 6799
155 6848
156 6676
157 6712
158 6661
159 6430
160 6466
161 6527
162 6315
163 6285
164 6359
165 6215
166 6003
167 6194
168 6013
169 5863
170 5901
171 5795
172 5651
173 5692
174 5761
175 5625
176 5552
177 5406
178 5538
179 5388
180 5385
181 5317
182 5345
183 5210
184 5406
185 5164
186 5055
187 5079
188 4973
189 4925
190 4940
191 4813
192 4951
193 4782
194 4802
195 4649
196 4649
197 4522
198 4690
199 4592
200 4568
201 4564
202 4372
203 4413
204 4372
205 4299
206 4331
207 4261
208 4217
209 4179
210 4193
211 4208
212 4057
213 4017
214 4088
215 4003
216 3925
217 3971
218 4031
219 4032
220 3889
221 3945
222 3891
223 3851
224 3861
225 3877
226 3712
227 3696
228 3606
229 3688
230 3564
231 3594
232 3650
233 3534
234 3457
235 3574
236 3531
237 3544
238 3530
239 3484
240 3407
241 3324
242 3321
243 3454
244 3328
245 3376
246 3272
247 3238
248 3278
249 3229
250 3138
251 3165
252 3191
253 3185
254 3101
255 3081
256 3162
257 3139
258 3059
259 3058
260 2946
261 3009
262 2985
263 2934
264 2985
265 2862
266 2940
267 2795
268 2842
269 2969
270 2939
271 2804
272 2810
273 2740
274 2777
275 2783
276 2711
277 2720
278 2654
279 2695
280 2658
281 2642
282 2599
283 2652
284 2573
285 2513
286 2670
287 2621
288 2666
289 2461
290 2537
291 2495
292 2600
293 2516
294 2471
295 2415
296 2468
297 2435
298 2371
299 2476
300 2443
301 2363
302 2381
303 2432
304 2393
305 2283
306 2331
307 2330
308 2291
309 2311
310 2189
311 2280
312 2273
313 2336
314 2204
315 2129
316 2209
317 2192
318 2247
319 2163
320 2203
321 2132
322 2243
323 2148
324 2054
325 2160
326 2167
327 2187
328 2082
329 2103
330 2154
331 2006
332 2060
333 2085
334 2007
335 1985
336 1946
337 2020
338 2094
339 2052
340 1997
341 1937
342 1968
343 1939
344 1997
345 1952
346 1977
347 1910
348 1981
349 2031
350 1875
351 1953
352 1928
353 1895
354 1907
355 1864
356 1788
357 1883
358 1900
359 1850
360 1814
361 1784
362 1745
363 1818
364 1671
365 1845
366 1793
367 1766
368 1827
369 1770
370 1754
371 1726
372 1742
373 1709
374 1757
375 1692
376 1725
377 1736
378 1723
379 1696
380 1676
381 1620
382 1650
383 1615
384 1768
385 1682
386 1628
387 1628
388 1619
389 1667
390 1551
391 1641
392 1647
393 1630
394 1576
395 1593
396 1576
397 1557
398 1569
399 1484
400 1552
401 1587
402 1565
403 1511
404 1497
405 1503
406 1461
407 1459
408 1455
409 1562
410 1478
411 1512
412 1501
413 1445
414 1443
415 1527
416 1479
417 1414
418 1498
419 1453
420 1480
421 1428
422 1436
423 1437
424 1461
425 1416
426 1369
427 1404
428 1449
429 1398
430 1359
431 1307
432 1411
433 1383
434 1355
435 1334
436 1383
437 1333
438 1289
439 1353
440 1373
441 1364
442 1313
443 1317
444 1350
445 1325
446 1308
447 1344
448 1395
449 1396
450 1196
451 1294
452 1304
453 1292
454 1262
455 1299
456 1282
457 1332
458 1239
459 1321
460 1318
461 1237
462 1301
463 1237
464 1290
465 1273
466 1163
467 1186
468 1190
469 1222
470 1165
471 1222
472 1205
473 1211
474 1189
475 1110
476 1214
477 1146
478 1226
479 1145
480 1191
481 1184
482 1141
483 1146
484 1149
485 1171
486 1196
487 1176
488 1094
489 1156
490 1093
491 1120
492 1159
493 1092
494 1133
495 1092
496 1116
497 1120
498 1136
499 1089
500 1127
501 1058
502 1067
503 1084
504 1060
505 1100
506 1055
507 1033
508 1062
509 1056
510 1038
511 1123
512 1089
513 1116
514 1099
515 1095
516 1046
517 1043
518 1118
519 1059
520 1021
521 1056
522 1034
523 1047
524 1021
525 1037
526 967
527 1008
528 1037
529 1014
530 1033
531 1042
532 983
533 1014
534 1065
535 1013
536 953
537 926
538 987
539 955
540 1005
541 959
542 943
543 970
544 964
545 956
546 972
547 987
548 969
549 927
550 1002
551 946
552 975
553 933
554 937
555 930
556 942
557 896
558 882
559 954
560 875
561 923
562 908
563 953
564 923
565 956
566 946
567 998
568 872
569 924
570 871
571 922
572 878
573 872
574 889
575 932
576 896
577 931
578 868
579 867
580 859
581 837
582 925
583 831
584 941
585 880
586 860
587 835
588 825
589 891
590 886
591 829
592 867
593 822
594 851
595 851
596 888
597 858
598 841
599 831
600 869
601 863
602 859
603 854
604 818
605 840
606 829
607 836
608 775
609 811
610 821
611 813
612 806
613 772
614 800
615 778
616 732
617 824
618 768
619 801
620 759
621 757
622 785
623 845
624 767
625 783
626 755
627 797
628 777
629 752
630 736
631 768
632 739
633 787
634 763
635 753
636 742
637 740
638 755
639 791
640 765
641 788
642 741
643 731
644 759
645 746
646 782
647 726
648 764
649 718
650 762
651 782
652 720
653 711
654 739
655 724
656 734
657 743
658 733
659 706
660 732
661 710
662 760
663 651
664 708
665 735
666 713
667 710
668 714
669 719
670 738
671 669
672 666
673 713
674 742
675 681
676 683
677 736
678 695
679 679
680 688
681 715
682 747
683 682
684 725
685 675
686 676
687 669
688 686
689 649
690 676
691 646
692 696
693 705
694 650
695 671
696 704
697 631
698 646
699 624
700 674
701 693
702 676
703 605
704 636
705 687
706 658
707 685
708 700
709 706
710 634
711 654
712 632
713 683
714 646
715 634
716 655
717 635
718 634
719 616
720 657
721 675
722 667
723 621
724 600
725 674
726 630
727 625
728 655
729 585
730 590
731 612
732 664
733 594
734 620
735 634
736 618
737 619
738 606
739 610
740 597
741 597
742 623
743 599
744 597
745 611
746 638
747 616
748 664
749 602
750 586
751 604
752 572
753 583
754 591
755 580
756 603
757 589
758 599
759 590
760 599
761 577
762 560
763 600
764 505
765 607
766 592
767 572
768 575
769 576
770 568
771 558
772 557
773 570
774 570
775 553
776 573
777 540
778 583
779 613
780 579
781 544
782 562
783 585
784 558
785 534
786 537
787 550
788 579
789 519
790 584
791 569
792 537
793 586
794 530
795 556
796 552
797 529
798 540
799 574
800 549
801 513
802 503
803 549
804 484
805 538
806 566
807 517
808 535
809 520
810 522
811 512
812 537
813 544
814 519
815 546
816 507
817 525
818 528
819 491
820 511
821 495
822 531
823 541
824 509
825 500
826 468
827 538
828 538
829 502
830 492
831 479
832 494
833 525
834 509
835 498
836 501
837 525
838 481
839 513
840 536
841 517
842 515
843 464
844 539
845 498
846 511
847 449
848 504
849 465
850 516
851 472
852 461
853 524
854 495
855 489
856 471
857 472
858 500
859 481
860 470
861 495
862 494
863 491
864 495
865 492
866 474
867 458
868 477
869 489
870 465
871 451
872 466
873 457
874 500
875 473
876 430
877 453
878 444
879 462
880 491
881 446
882 473
883 484
884 476
885 448
886 492
887 429
888 432
889 472
890 407
891 506
892 472
893 470
894 462
895 419
896 482
897 444
898 430
899 441
900 455
901 443
902 462
903 446
904 461
905 488
906 422
907 470
908 428
909 434
910 481
911 435
912 427
913 457
914 442
915 429
916 405
917 430
918 394
919 399
920 437
921 430
922 434
923 451
924 420
925 408
926 436
927 424
928 392
929 448
930 453
931 449
932 474
933 432
934 442
935 468
936 401
937 424
938 430
939 438
940 388
941 430
942 417
943 449
944 448
945 430
946 436
947 381
948 432
949 372
950 418
951 418
952 376
953 420
954 410
955 398
956 365
957 414
958 417
959 414
960 408
961 408
962 402
963 438
964 405
965 402
966 387
967 401
968 424
969 381
970 353
971 357
972 357
973 391
974 407
975 377
976 411
977 372
978 423
979 375
980 415
981 394
982 364
983 376
984 389
985 417
986 410
987 388
988 381
989 400
990 376
991 354
992 358
993 371
994 404
995 386
996 362
997 359
998 361
999 397
1000 397
1001 367
1002 370
1003 371
1004 365
1005 373
1006 402
1007 362
1008 382
1009 373
1010 379
1011 348
1012 380
1013 381
1014 399
1015 383
1016 382
1017 380
1018 377
1019 385
1020 340
1021 359
1022 373
1023 360
1024 364
1025 345
1026 387
1027 360
1028 375
1029 334
1030 358
1031 365
1032 343
1033 375
1034 349
1035 344
1036 414
1037 365
1038 358
1039 344
1040 345
1041 342
1042 360
1043 336
1044 345
1045 363
1046 346
1047 341
1048 377
1049 371
1050 378
1051 319
1052 354
1053 341
1054 351
1055 338
1056 346
1057 321
1058 344
1059 365
1060 356
1061 345
1062 348
1063 330
1064 373
1065 359
1066 339
1067 340
1068 328
1069 348
1070 346
1071 336
1072 316
1073 320
1074 333
1075 333
1076 336
1077 348
1078 326
1079 324
1080 329
1081 359
1082 317
1083 326
1084 337
1085 319
1086 349
1087 331
1088 352
1089 322
1090 377
1091 318
1092 346
1093 314
1094 326
1095 324
1096 331
1097 302
1098 316
1099 325
1100 327
1101 328
1102 344
1103 321
1104 300
1105 318
1106 308
1107 290
1108 344
1109 314
1110 328
1111 330
1112 320
1113 328
1114 330
1115 352
1116 299
1117 310
1118 348
1119 296
1120 312
1121 305
1122 324
1123 330
1124 294
1125 321
1126 314
1127 319
1128 341
1129 311
1130 317
1131 307
1132 299
1133 321
1134 302
1135 299
1136 297
1137 300
1138 316
1139 311
1140 307
1141 295
1142 273
1143 306
1144 300
1145 277
1146 305
1147 302
1148 290
1149 314
1150 325
1151 307
1152 280
1153 307
1154 296
1155 297
1156 322
1157 273
1158 298
1159 309
1160 279
1161 309
1162 299
1163 263
1164 279
1165 291
1166 289
1167 285
1168 296
1169 309
1170 297
1171 283
1172 290
1173 274
1174 282
1175 307
1176 291
1177 291
1178 286
1179 315
1180 301
1181 271
1182 294
1183 280
1184 285
1185 282
1186 296
1187 301
1188 284
1189 295
1190 297
1191 265
1192 259
1193 279
1194 300
1195 303
1196 271
1197 258
1198 286
1199 270
1200 272
1201 299
1202 272
1203 305
1204 265
1205 276
1206 261
1207 286
1208 288
1209 317
1210 277
1211 287
1212 287
1213 259
1214 275
1215 281
1216 271
1217 273
1218 281
1219 281
1220 264
1221 291
1222 275
1223 282
1224 278
1225 291
1226 280
1227 258
1228 259
1229 243
1230 262
1231 281
1232 263
1233 253
1234 277
1235 239
1236 272
1237 264
1238 259
1239 280
1240 243
1241 282
1242 260
1243 253
1244 269
1245 255
1246 265
1247 263
1248 255
1249 265
1250 272
1251 247
1252 267
1253 267
1254 244
1255 242
1256 257
1257 244
1258 246
1259 255
1260 254
1261 237
1262 276
1263 240
1264 239
1265 259
1266 216
1267 243
1268 242
1269 234
1270 281
1271 262
1272 282
1273 257
1274 252
1275 259
1276 288
1277 269
1278 256
1279 238
1280 222
1281 230
1282 254
1283 281
1284 256
1285 262
1286 258
1287 251
1288 209
1289 231
1290 257
1291 248
1292 248
1293 233
1294 238
1295 241
1296 255
1297 249
1298 213
1299 263
1300 215
1301 244
1302 252
1303 221
1304 229
1305 234
1306 247
1307 247
1308 224
1309 258
1310 243
1311 244
1312 241
1313 239
1314 226
1315 240
1316 255
1317 230
1318 208
1319 237
1320 227
1321 231
1322 235
1323 248
1324 210
1325 253
1326 222
1327 234
1328 226
1329 243
1330 226
1331 227
1332 224
1333 208
1334 237
1335 224
1336 211
1337 220
1338 246
1339 211
1340 222
1341 229
1342 251
1343 241
1344 231
1345 218
1346 205
1347 225
1348 237
1349 212
1350 226
1351 228
1352 243
1353 255
1354 196
1355 206
1356 210
1357 222
1358 210
1359 229
1360 205
1361 176
1362 201
1363 187
1364 214
1365 232
1366 227
1367 230
1368 192
1369 208
1370 204
1371 236
1372 234
1373 244
1374 239
1375 222
1376 200
1377 203
1378 204
1379 235
1380 204
1381 203
1382 186
1383 229
1384 230
1385 203
1386 207
1387 188
1388 204
1389 231
1390 178
1391 190
1392 194
1393 245
1394 196
1395 245
1396 229
1397 218
1398 212
1399 242
1400 198
1401 217
1402 190
1403 214
1404 199
1405 182
1406 232
1407 180
1408 193
1409 223
1410 208
1411 210
1412 204
1413 205
1414 217
1415 215
1416 198
1417 184
1418 196
1419 181
1420 176
1421 181
1422 209
1423 198
1424 195
1425 221
1426 211
1427 213
1428 172
1429 200
1430 180
1431 181
1432 196
1433 203
1434 195
1435 201
1436 185
1437 180
1438 175
1439 219
1440 190
1441 186
1442 208
1443 204
1444 219
1445 179
1446 199
1447 196
1448 189
1449 174
1450 206
1451 199
1452 186
1453 182
1454 206
1455 197
1456 179
1457 188
1458 189
1459 173
1460 183
1461 211
1462 207
1463 193
1464 188
1465 184
1466 189
1467 180
1468 196
1469 194
1470 183
1471 179
1472 194
1473 161
1474 181
1475 192
1476 205
1477 187
1478 184
1479 196
1480 178
1481 187
1482 188
1483 177
1484 146
1485 170
1486 177
1487 182
1488 178
1489 177
1490 163
1491 182
1492 177
1493 173
1494 187
1495 181
1496 183
1497 184
1498 178
1499 167
1500 166
1501 190
1502 173
1503 183
1504 171
1505 161
1506 177
1507 170
1508 177
1509 172
1510 198
1511 190
1512 165
1513 195
1514 165
1515 172
1516 198
1517 180
1518 181
1519 203
1520 180
1521 165
1522 195
1523 185
1524 156
1525 150
1526 169
1527 187
1528 150
1529 176
1530 175
1531 179
1532 169
1533 168
1534 178
1535 167
1536 205
1537 182
1538 183
1539 171
1540 168
1541 163
1542 159
1543 178
1544 178
1545 181
1546 191
1547 175
1548 182
1549 170
1550 182
1551 149
1552 175
1553 177
1554 187
1555 156
1556 173
1557 188
1558 155
1559 162
1560 167
1561 166
1562 151
1563 159
1564 161
1565 174
1566 182
1567 170
1568 157
1569 177
1570 182
1571 170
1572 155
1573 156
1574 182
1575 169
1576 135
1577 142
1578 156
1579 144
1580 159
1581 167
1582 180
1583 153
1584 150
1585 179
1586 158
1587 170
1588 173
1589 149
1590 171
1591 151
1592 159
1593 152
1594 190
1595 153
1596 167
1597 175
1598 129
1599 147
1600 180
1601 140
1602 148
1603 151
1604 153
1605 146
1606 177
1607 161
1608 141
1609 163
1610 157
1611 122
1612 155
1613 146
1614 154
1615 186
1616 130
1617 142
1618 145
1619 148
1620 141
1621 172
1622 145
1623 164
1624 151
1625 159
1626 173
1627 157
1628 171
1629 164
1630 159
1631 165
1632 146
1633 156
1634 135
1635 147
1636 136
1637 140
1638 153
1639 144
1640 143
1641 145
1642 144
1643 148
1644 118
1645 135
1646 126
1647 135
1648 146
1649 137
1650 127
1651 143
1652 162
1653 134
1654 146
1655 138
1656 131
1657 140
1658 152
1659 146
1660 143
1661 138
1662 163
1663 123
1664 167
1665 135
1666 172
1667 126
1668 150
1669 131
1670 137
1671 148
1672 137
1673 127
1674 140
1675 139
1676 141
1677 141
1678 115
1679 155
1680 153
1681 159
1682 131
1683 158
1684 145
1685 118
1686 155
1687 136
1688 130
1689 128
1690 136
1691 125
1692 135
1693 126
1694 114
1695 135
1696 111
1697 124
1698 158
1699 143
1700 144
1701 138
1702 155
1703 114
1704 122
1705 112
1706 130
1707 143
1708 138
1709 113
1710 137
1711 138
1712 129
1713 153
1714 147
1715 137
1716 135
1717 121
1718 128
1719 129
1720 143
1721 153
1722 141
1723 133
1724 141
1725 144
1726 125
1727 117
1728 110
1729 152
1730 133
1731 132
1732 151
1733 131
1734 133
1735 127
1736 130
1737 125
1738 114
1739 119
1740 121
1741 129
1742 113
1743 113
1744 129
1745 131
1746 122
1747 132
1748 140
1749 142
1750 113
1751 122
1752 118
1753 130
1754 138
1755 129
1756 119
1757 130
1758 131
1759 101
1760 138
1761 112
1762 119
1763 130
1764 119
1765 114
1766 127
1767 124
1768 117
1769 124
1770 140
1771 137
1772 116
1773 127
1774 109
1775 114
1776 118
1777 121
1778 120
1779 144
1780 132
1781 131
1782 126
1783 116
1784 130
1785 132
1786 107
1787 116
1788 124
1789 131
1790 108
1791 110
1792 114
1793 115
1794 103
1795 119
1796 121
1797 127
1798 110
1799 113
1800 123
1801 122
1802 115
1803 105
1804 103
1805 128
1806 125
1807 116
1808 131
1809 127
1810 121
1811 122
1812 100
1813 124
1814 123
1815 104
1816 133
1817 107
1818 125
1819 120
1820 100
1821 90
1822 113
1823 128
1824 101
1825 118
1826 117
1827 105
1828 105
1829 114
1830 118
1831 97
1832 105
1833 124
1834 114
1835 98
1836 110
1837 119
1838 114
1839 116
1840 105
1841 95
1842 124
1843 110
1844 123
1845 102
1846 93
1847 115
1848 108
1849 107
1850 125
1851 92
1852 101
1853 97
1854 113
1855 108
1856 113
1857 116
1858 112
1859 110
1860 100
1861 92
1862 102
1863 108
1864 97
1865 91
1866 104
1867 112
1868 113
1869 107
1870 101
1871 103
1872 80
1873 95
1874 98
1875 105
1876 123
1877 113
1878 98
1879 111
1880 99
1881 103
1882 86
1883 103
1884 107
1885 98
1886 101
1887 111
1888 92
1889 92
1890 108
1891 92
1892 107
1893 109
1894 90
1895 118
1896 86
1897 95
1898 97
1899 93
1900 90
1901 81
1902 103
1903 89
1904 114
1905 92
1906 111
1907 86
1908 89
1909 104
1910 91
1911 86
1912 90
1913 104
1914 94
1915 94
1916 87
1917 112
1918 84
1919 94
1920 98
1921 95
1922 94
1923 98
1924 85
1925 117
1926 82
1927 98
1928 79
1929 96
1930 88
1931 83
1932 96
1933 86
1934 95
1935 90
1936 84
1937 91
1938 96
1939 91
1940 78
1941 72
1942 88
1943 94
1944 95
1945 99
1946 104
1947 81
1948 86
1949 97
1950 92
1951 84
1952 84
1953 87
1954 77
1955 76
1956 90
1957 91
1958 88
1959 82
1960 71
1961 71
1962 79
1963 83
1964 77
1965 89
1966 87
1967 75
1968 87
1969 94
1970 89
1971 93
1972 85
1973 90
1974 97
1975 84
1976 75
1977 80
1978 81
1979 82
1980 63
1981 76
1982 79
1983 72
1984 75
1985 75
1986 75
1987 76
1988 83
1989 78
1990 65
1991 84
1992 79
1993 94
1994 74
1995 81
1996 89
1997 84
1998 81
1999 84
2000 77
2001 78
2002 87
2003 101
2004 73
2005 74
2006 82
2007 85
2008 73
2009 88
2010 79
2011 64
2012 75
2013 83
2014 74
2015 82
2016 76
2017 77
2018 69
2019 92
2020 84
2021 98
2022 69
2023 85
2024 79
2025 66
2026 79
2027 71
2028 87
2029 84
2030 93
2031 79
2032 71
2033 63
2034 73
2035 73
2036 76
2037 87
2038 78
2039 74
2040 70
2041 73
2042 83
2043 78
2044 73
2045 74
2046 80
2047 75
2048 70
2049 71
2050 75
2051 75
2052 66
2053 50
2054 90
2055 75
2056 79
2057 69
2058 68
2059 80
2060 68
2061 57
2062 84
2063 83
2064 62
2065 70
2066 74
2067 58
2068 66
2069 72
2070 66
2071 68
2072 64
2073 57
2074 61
2075 73
2076 47
2077 52
2078 62
2079 60
2080 74
2081 68
2082 80
2083 54
2084 35
2085 62
2086 65
2087 66
2088 55
2089 74
2090 63
2091 69
2092 61
2093 62
2094 69
2095 39
2096 61
2097 75
2098 53
2099 64
2100 69
2101 55
2102 66
2103 66
2104 46
2105 57
2106 48
2107 69
2108 65
2109 67
2110 53
2111 54
2112 48
2113 48
2114 65
2115 50
2116 52
2117 63
2118 56
2119 55
2120 51
2121 60
2122 58
2123 67
2124 61
2125 65
2126 48
2127 57
2128 62
2129 56
2130 56
2131 53
2132 57
2133 65
2134 62
2135 49
2136 68
2137 49
2138 63
2139 46
2140 57
2141 45
2142 65
2143 55
2144 53
2145 46
2146 49
2147 55
2148 49
2149 42
2150 56
2151 60
2152 53
2153 51
2154 49
2155 45
2156 53
2157 48
2158 60
2159 61
2160 46
2161 42
2162 50
2163 51
2164 55
2165 48
2166 46
2167 51
2168 70
2169 45
2170 40
2171 38
2172 52
2173 48
2174 57
2175 56
2176 46
2177 50
2178 46
2179 52
2180 54
2181 54
2182 38
2183 49
2184 43
2185 43
2186 43
2187 40
2188 49
2189 49
2190 54
2191 52
2192 47
2193 53
2194 51
2195 41
2196 56
2197 48
2198 47
2199 40
2200 46
2201 53
2202 44
2203 46
2204 42
2205 36
2206 33
2207 40
2208 37
2209 54
2210 48
2211 45
2212 44
2213 47
2214 49
2215 30
2216 50
2217 38
2218 41
2219 44
2220 37
2221 47
2222 41
2223 41
2224 46
2225 44
2226 39
2227 34
2228 40
2229 31
2230 35
2231 45
2232 35
2233 37
2234 32
2235 53
2236 35
2237 36
2238 38
2239 39
2240 25
2241 38
2242 36
2243 40
2244 40
2245 35
2246 29
2247 31
2248 35
2249 38
2250 38
2251 39
2252 31
2253 40
2254 27
2255 32
2256 37
2257 26
2258 29
2259 26
2260 39
2261 40
2262 37
2263 33
2264 28
2265 31
2266 37
2267 32
2268 31
2269 33
2270 35
2271 26
2272 27
2273 19
2274 31
2275 33
2276 38
2277 30
2278 29
2279 43
2280 35
2281 27
2282 30
2283 30
2284 34
2285 35
2286 32
2287 27
2288 27
2289 31
2290 42
2291 28
2292 26
2293 22
2294 37
2295 26
2296 23
2297 24
2298 34
2299 21
2300 23
2301 21
2302 17
2303 26
2304 23
2305 26
2306 14
2307 24
2308 29
2309 28
2310 26
2311 33
2312 13
2313 17
2314 22
2315 23
2316 29
2317 18
2318 26
2319 27
2320 17
2321 26
2322 21
2323 12
2324 21
2325 21
2326 23
2327 21
2328 18
2329 31
2330 24
2331 26
2332 25
2333 28
2334 21
2335 15
2336 15
2337 23
2338 24
2339 24
2340 18
2341 18
2342 20
2343 27
2344 25
2345 23
2346 18
2347 20
2348 18
2349 13
2350 16
2351 13
2352 21
2353 18
2354 10
2355 19
2356 17
2357 20
2358 25
2359 25
2360 23
2361 23
2362 16
2363 18
2364 13
2365 20
2366 14
2367 24
2368 19
2369 20
2370 18
2371 21
2372 22
2373 16
2374 12
2375 15
2376 22
2377 21
2378 10
2379 16
2380 18
2381 16
2382 13
2383 21
2384 14
2385 18
2386 10
2387 17
2388 24
2389 9
2390 21
2391 12
2392 14
2393 11
2394 10
2395 9
2396 17
2397 15
2398 22
2399 19
2400 16
2401 11
2402 13
2403 20
2404 9
2405 17
2406 11
2407 18
2408 9
2409 10
2410 10
2411 15
2412 9
2413 12
2414 13
2415 5
2416 8
2417 8
2418 10
2419 7
2420 11
2421 12
2422 12
2423 15
2424 13
2425 11
2426 10
2427 10
2428 7
2429 14
2430 14
2431 15
2432 11
2433 7
2434 7
2435 13
2436 8
2437 16
2438 11
2439 10
2440 7
2441 10
2442 7
2443 3
2444 9
2445 11
2446 8
2447 7
2448 7
2449 9
2450 11
2451 13
2452 7
2453 3
2454 7
2455 8
2456 8
2457 7
2458 7
2459 8
2460 7
2461 6
2462 6
2463 6
2464 10
2465 14
2466 12
2467 6
2468 11
2469 8
2470 10
2471 8
2472 8
2473 9
2474 9
2475 3
2476 5
2477 8
2478 9
2479 15
2480 5
2481 5
2482 6
2483 6
2484 3
2485 8
2486 4
2487 7
2488 5
2489 8
2490 3
2491 6
2492 2
2493 2
2494 4
2495 5
2496 5
2497 11
2498 6
2499 6
2500 8
2501 4
2502 5
2503 5
2504 1
2505 5
2506 3
2507 7
2508 2
2509 4
2510 5
2511 6
2512 5
2513 6
2514 3
2515 2
2516 4
2517 5
2518 2
2519 2
2520 8
2521 3
2522 5
2523 0
2524 2
2525 2
2526 5
2527 2
2528 4
2529 3
2530 0
2531 3
2532 1
2533 2
2534 1
2535 5
2536 2
2537 4
2538 4
2539 4
2540 0
2541 3
2542 5
2543 3
2544 4
2545 2
2546 3
2547 6
2548 6
2549 3
2550 1
2551 1
2552 3
2553 4
2554 3
2555 1
2556 1
2557 3
2558 1
2559 2
2560 0
2561 3
2562 1
2563 2
2564 1
2565 4
2566 1
2567 0
2568 1
2569 2
2570 2
2571 1
2572 2
2573 2
2574 2
2575 0
2576 2
2577 1
2578 1
2579 0
2580 1
2581 0
2582 2
2583 0
2584 0
2585 3
2586 0
2587 2
2588 2
2589 0
2590 0
2591 1
2592 3
2593 1
2594 0
2595 0
2596 0
2597 0
2598 0
2599 3
2600 4
2601 0
2602 3
2603 0
2604 3
2605 3
2606 0
2607 0
2608 2
2609 1
2610 1
2611 1
2612 1
2613 0
2614 1
2615 2
2616 1
2617 0
2618 1
2619 0
2620 1
2621 0
2622 0
2623 0
2624 3
2625 1
2626 2
2627 1
2628 2
2629 1
2630 2
2631 1
2632 0
2633 0
2634 0
2635 1
2636 3
2637 0
2638 1
2639 1
2640 0
2641 0
2642 1
2643 0
2644 1
2645 1
2646 1
2647 2
2648 0
2649 0
2650 0
2651 1
2652 1
2653 0
2654 1
2655 0
2656 1
2657 0
2658 1
2659 0
2660 1
2661 0
2662 0
2663 2
2664 0
2665 0
2666 1
2667 0
2668 0
2669 0
2670 0
2671 3
2672 0
2673 0
2674 1
2675 0
2676 0
2677 0
2678 0
2679 0
2680 0
2681 0
2682 0
2683 0
2684 0
2685 0
2686 0
2687 0
2688 1
2689 0
2690 0
2691 0
2692 1
2693 0
2694 0
2695 0
2696 2
2697 0
2698 0
2699 0
2700 0
2701 0
2702 0
2703 0
2704 0
2705 0
2706 0
2707 0
2708 0
2709 0
2710 0
2711 0
2712 0
2713 0
2714 1
2715 0
2716 0
2717 0
2718 0
2719 0
2720 0
2721 0
2722 0
2723 1
2724 0
2725 0
2726 0
2727 0
2728 0
2729 0
2730 0
2731 0
2732 0
2733 0
2734 0
2735 0
2736 0
2737 0
2738 0
2739 0
2740 0
2741 0
2742 0
2743 0
2744 0
2745 0
2746 0
2747 0
2748 0
2749 0
2750 0
2751 0
2752 0
2753 1
