0 0.5535
1 0.5523
2 0.5634
3 0.5551
4 0.5763
5 0.5704
6 0.5903
7 0.5881
8 0.5854
9 0.5642
10 0.5638
11 0.5707
12 0.5778
13 0.5757
14 0.5501
15 0.5764
16 0.5688
17 0.5798
18 0.5711
19 0.5806
20 0.5709
21 0.5606
22 0.5646
23 0.5555
24 0.57
25 0.5637
26 0.5722
27 0.562
28 0.5702
29 0.5621
30 0.5853
31 0.5735
32 0.5446
33 0.5836
34 0.5779
35 0.5741
36 0.5739
37 0.56
38 0.5607
39 0.5636
40 0.5706
41 0.5627
42 0.56
43 0.5618
44 0.5748
45 0.5823
46 0.5714
47 0.5649
48 0.5677
49 0.5852
50 0.5683
51 0.5822
52 0.5753
53 0.5583
54 0.5819
55 0.5713
56 0.5513
57 0.5657
58 0.5515
59 0.5801
60 0.5631
61 0.5851
62 0.5762
63 0.5669
64 0.5833
65 0.5736
66 0.5796
67 0.5662
68 0.5647
69 0.5832
70 0.5742
71 0.574
72 0.5709
73 0.5778
74 0.5819
75 0.5792
76 0.5701
77 0.564
78 0.564
79 0.5717
80 0.5771
81 0.5646
82 0.5932
83 0.5665
84 0.5656
85 0.5648
86 0.5703
87 0.5578
88 0.5737
89 0.568
90 0.5619
91 0.591
92 0.5701
93 0.5827
94 0.5664
95 0.5683
96 0.5551
97 0.5542
98 0.5607
99 0.5791
100 0.5413
101 0.573
102 0.5916
103 0.5611
104 0.5558
105 0.5742
106 0.571
107 0.563
108 0.5588
109 0.5617
110 0.5773
