0 0.0897
1 0.0899
2 0.0885
3 0.0907
4 0.0846
5 0.0835
6 0.0855
7 0.084
8 0.0847
9 0.0854
10 0.085
11 0.0874
12 0.0854
13 0.0876
14 0.0847
15 0.0884
16 0.0872
17 0.0858
18 0.0898
19 0.0847
20 0.0856
21 0.0877
22 0.0876
23 0.087
24 0.0868
25 0.0877
26 0.0883
27 0.0864
28 0.0883
29 0.0891
30 0.0879
31 0.0887
32 0.0886
33 0.0882
34 0.084
35 0.085
36 0.0875
37 0.0886
38 0.0861
39 0.0901
40 0.0869
41 0.0846
42 0.0913
43 0.0863
44 0.0879
45 0.088
46 0.0874
47 0.0883
48 0.0862
49 0.0878
50 0.088
51 0.0873
52 0.0835
53 0.0856
54 0.0885
55 0.0885
56 0.0868
57 0.0917
58 0.0859
59 0.086
60 0.0886
61 0.0878
62 0.0869
63 0.0898
64 0.0879
65 0.0886
66 0.0884
67 0.0907
68 0.0912
69 0.0885
70 0.0906
71 0.0861
72 0.0865
73 0.0848
74 0.0866
75 0.0854
76 0.0884
77 0.0888
78 0.0852
79 0.0888
80 0.0845
81 0.0909
82 0.0889
83 0.0868
84 0.0888
85 0.0871
86 0.0869
87 0.0846
88 0.0861
89 0.0898
90 0.0871
91 0.09
92 0.0886
93 0.0859
94 0.0915
95 0.0878
96 0.085
97 0.0868
98 0.0906
99 0.0896
100 0.0894
101 0.0883
102 0.085
103 0.0854
104 0.0854
105 0.0859
106 0.0874
107 0.0893
108 0.0875
109 0.0873
110 0.0865
