2 0.45229681978798586
3 0.44875525379890074
4 0.4592917123037605
5 0.49443757725587145
6 0.4694814134924277
7 0.48206967213114754
8 0.4857630979498861
9 0.508695652173913
10 0.4746450304259635
11 0.4975643702157272
12 0.4662668665667166
13 0.49879903923138513
14 0.5108695652173914
15 0.4875
16 0.48509485094850946
17 0.4912621359223301
18 0.4882292732855681
19 0.524390243902439
20 0.49733759318423854
21 0.49033816425120774
22 0.5281602002503129
23 0.5034965034965035
24 0.5018820577164367
25 0.48957055214723927
26 0.4691823899371069
27 0.5
28 0.46311475409836067
29 0.49390243902439024
30 0.5166163141993958
31 0.48861911987860396
32 0.5
33 0.47425897035881437
34 0.4868421052631579
35 0.5393442622950819
36 0.5234375
37 0.4992248062015504
38 0.4826388888888889
39 0.47771836007130125
40 0.4857142857142857
41 0.49264705882352944
42 0.4990328820116054
43 0.4774436090225564
44 0.5141903171953256
45 0.48853615520282184
46 0.4745762711864407
47 0.49490835030549896
48 0.5105973025048169
49 0.5010141987829615
50 0.50625
51 0.49019607843137253
52 0.5469483568075117
53 0.5035799522673031
54 0.5258426966292135
55 0.5011135857461024
56 0.47921225382932164
57 0.5275229357798165
58 0.4923747276688453
59 0.503370786516854
60 0.46786632390745503
61 0.5062972292191436
62 0.522673031026253
63 0.5276497695852534
64 0.42610837438423643
65 0.49076517150395776
66 0.49627791563275436
67 0.49504950495049505
68 0.4929906542056075
69 0.44963144963144963
70 0.51010101010101
71 0.4904632152588556
72 0.5
73 0.43804034582132567
74 0.47277936962750716
75 0.4878048780487805
76 0.5566037735849056
77 0.541095890410959
78 0.5062893081761006
79 0.4854368932038835
80 0.4662576687116564
81 0.5233644859813084
82 0.5046728971962616
83 0.4884488448844885
84 0.5265017667844523
85 0.506896551724138
86 0.516245487364621
87 0.5296167247386759
88 0.5400696864111498
89 0.5097402597402597
90 0.53125
91 0.4880546075085324
92 0.5036496350364964
93 0.5478927203065134
94 0.45126353790613716
95 0.4645669291338583
96 0.5128205128205128
97 0.5529411764705883
98 0.5229793977812995
