2 0.6198380453235679
3 0.5911049191118409
4 0.5698234419488104
5 0.5533962037800167
6 0.5415863890005261
7 0.5322237016770204
8 0.523666784738294
9 0.516853613105913
10 0.510887238031836
11 0.5059033471215069
12 0.5016533429039748
13 0.4982643133036718
14 0.49537229565256957
15 0.4912614517981214
16 0.48908647946129774
17 0.4870895619427075
18 0.4845082938805124
19 0.48236874580189637
20 0.4803922758974768
21 0.48037312856922365
22 0.476948246364414
23 0.4767372491604019
24 0.4761641745900238
25 0.47377114607579524
26 0.47317758367373297
27 0.4710264782116825
28 0.4716507399677638
29 0.47154467978718273
30 0.47029200025277196
31 0.4700889117969203
32 0.4675485468526
33 0.4667266246085775
34 0.46786649214659687
35 0.4631670184505991
36 0.46625183341481846
37 0.465235815741976
38 0.4623398395401748
39 0.46438794409833306
40 0.46225334860064443
41 0.4634013405023201
42 0.4618468680507085
43 0.4615936698185994
44 0.46322951077552305
45 0.45670333485213394
46 0.46087232277894324
47 0.459542148627251
48 0.4582377305640812
49 0.4670181262000065
50 0.45384753363228697
51 0.4594930616828427
52 0.4611212377184013
53 0.45673383340687357
54 0.45904575801986647
55 0.45454002032398827
56 0.4536643653744025
57 0.45978021978021977
58 0.4522055847834885
59 0.45949321912919344
60 0.4536102868447082
61 0.45043956043956046
62 0.45402578448066166
63 0.4420328215987295
64 0.45405887600356826
65 0.4586540036024234
66 0.45311942959001783
67 0.44462088130210403
68 0.4462212486308872
69 0.4294389118290017
70 0.4507927829414981
71 0.4475187969924812
72 0.42963464140730717
73 0.45836487509462526
74 0.45068097399917456
75 0.4540954095409541
76 0.4588467225234105
77 0.4572784810126582
78 0.4434017595307918
79 0.4751819986763733
80 0.46359048305695744
81 0.4442748091603053
82 0.44585448392554994
83 0.43166823751178135
84 0.45253863134657835
85 0.47694174757281554
86 0.4652605459057072
87 0.4259776536312849
88 0.42948717948717946
89 0.473967684021544
90 0.47855917667238423
91 0.43875685557586835
92 0.41702127659574467
93 0.46384039900249374
94 0.45325779036827196
95 0.5076923076923077
96 0.42424242424242425
97 0.49429657794676807
98 0.39148936170212767
99 0.441747572815534
100 0.49748743718592964
101 0.42934782608695654
102 0.4423076923076923
103 0.39416058394160586
104 0.44881889763779526
105 0.43609022556390975
106 0.4700854700854701
107 0.49166666666666664
108 0.4174757281553398
109 0.4594594594594595
110 0.4153846153846154
111 0.45
112 0.42857142857142855
113 0.4126984126984127
114 0.3829787234042553
115 0.4090909090909091
116 0.3902439024390244
117 0.4883720930232558
118 0.5
119 0.52
120 0.48
121 0.38461538461538464
122 0.4883720930232558
123 0.55
124 0.36585365853658536
125 0.43333333333333335
126 0.5
127 0.45454545454545453
128 0.42105263157894735
129 0.29411764705882354
130 0.2222222222222222
131 0.4444444444444444
132 0.4444444444444444
133 0.5714285714285714
134 0.23076923076923078
135 0.25
136 0.5
137 0.2
138 0.5
139 0.0
140 0.0
141 0.5
142 0.3333333333333333
143 0.0
144 0.0
145 0.0
146 0.0
147 0
148 0.0
149 0
150 0
151 0
152 0
153 0
154 0
155 0
156 0.75
157 0.25
158 0.0
159 0
160 0
161 0
162 0
163 0
164 0
165 0
166 0
167 0
168 0
169 0
170 0
171 0
172 0
173 0
174 0
175 0
176 0
177 0
178 0
179 0
180 0
181 0
182 0
183 0
184 0
185 0
186 0
187 0
188 0
189 0
190 0
191 0
192 0
193 0
194 0
195 0
196 0
197 0
198 0
199 0
200 0
201 0
202 0
203 0
204 0
205 0
206 0
207 0
208 0
209 0
210 0
211 0
212 0
213 0
214 0
215 0
216 0
217 0
218 0
219 0
220 0
221 0
222 0
223 0
224 0
225 0
226 0
227 0
228 0
229 0
230 0
231 0
232 0
233 0
234 0
235 0
236 0
237 0
238 0
239 0
240 0
241 0
242 0
243 0
244 0
245 0
246 0
247 0
248 0
249 0
250 0
251 0
252 0
253 0
254 0
255 0
256 0
257 0
258 0
259 0
260 0
261 0
262 0
263 0
264 0
265 0
266 0
267 0
268 0
269 0
270 0
271 0
272 0
273 0
274 0
275 0
276 0
277 0
278 0
279 0
280 0
281 0
282 0
283 0
284 0
285 0
286 0
287 0
288 0
289 0
290 0
291 0
292 0
293 0
294 0
295 0
296 0
297 0
298 0
299 0
300 0
301 0
302 0
303 0
304 0
305 0
306 0
307 0
308 0
309 0
310 0
311 0
312 0
313 0
314 0
315 0
316 0
317 0
318 0
319 0
320 0
321 0
322 0
323 0
324 0
325 0
326 0
327 0
328 0
329 0
330 0
331 0
332 0
333 0
334 0
335 0
336 0
337 0
338 0
339 0
340 0
341 0
342 0
343 0
344 0
345 0
346 0
347 0
348 0
349 0
350 0
351 0
352 0
353 0
354 0
355 0
356 0
357 0
358 0
359 0
360 0
361 0
362 0
363 0
364 0
365 0
366 0
367 0
368 0
369 0
370 0
371 0
372 0
373 0
374 0
375 0
376 0
377 0
378 0
379 0
380 0
381 0
382 0
383 0
384 0
385 0
386 0
387 0
388 0
389 0
390 0
391 0
392 0
393 0
394 0
395 0
396 0
397 0
398 0
399 0
400 0
401 0
402 0
403 0
404 0
405 0
406 0
407 0
408 0
409 0
410 0
411 0
412 0
413 0
414 0
415 0
416 0
417 0
418 0
419 0
420 0
421 0
422 0
423 0
424 0
425 0
426 0
427 0
428 0
429 0
430 0
431 0
432 0
433 0
434 0
435 0
436 0
437 0
438 0
439 0
440 0
441 0
442 0
443 0
444 0
445 0
446 0
447 0
448 0
449 0
450 0
451 0
452 0
453 0
454 0
455 0
456 0
457 0
458 0
459 0
460 0
461 0
462 0
463 0
464 0
465 0
466 0
467 0
468 0
469 0
470 0
471 0
472 0
473 0
474 0
475 0
476 0
477 0
478 0
479 0
480 0
481 0
482 0
483 0
484 0
485 0
486 0
487 0
488 0
489 0
490 0
491 0
492 0
493 0
494 0
495 0
496 0
497 0
498 0
