-59 1
-58 0
-57 0
-56 1
-55 3
-54 4
-53 2
-52 2
-51 2
-50 5
-49 1
-48 5
-47 9
-46 8
-45 7
-44 9
-43 17
-42 15
-41 24
-40 37
-39 31
-38 45
-37 49
-36 64
-35 87
-34 115
-33 161
-32 180
-31 257
-30 325
-29 405
-28 461
-27 614
-26 772
-25 1069
-24 1329
-23 1628
-22 2162
-21 2726
-20 3654
-19 4724
-18 6112
-17 7932
-16 10330
-15 13762
-14 18585
-13 24759
-12 33339
-11 45802
-10 62886
-9 88020
-8 126423
-7 184295
-6 277920
-5 438892
-4 749750
-3 1473283
-2 3484515
-1 14960557
0 1065957522
1 16817314
2 2249390
3 1077345
4 622881
5 387380
6 253138
7 170629
8 118600
9 83466
10 59513
11 43617
12 32047
13 23916
14 17729
15 13330
16 10019
17 7745
18 5918
19 4508
20 3453
21 2651
22 2135
23 1636
24 1279
25 1018
26 777
27 580
28 451
29 386
30 285
31 232
32 204
33 161
34 126
35 99
36 66
37 60
38 52
39 34
40 27
41 24
42 21
43 14
44 15
45 8
46 0
47 4
48 5
49 4
50 2
51 1
52 2
53 0
54 2
55 3
56 0
57 0
58 1
59 1
60 2
