700 0.430978 0.000000
710 0.439595 0.000000
720 0.448027 0.000000
730 0.456839 0.000000
740 0.465411 0.000000
750 0.474228 0.000000
760 0.482610 0.000000
770 0.490948 0.000000
780 0.499913 0.000000
790 0.508113 0.000000
800 0.516883 0.000000
810 0.525414 0.000000
820 0.534198 0.021053
830 0.542639 0.000000
840 0.550841 0.021053
850 0.559787 0.063158
860 0.568494 0.115789
870 0.576678 0.115789
880 0.585375 0.189474
890 0.594236 0.336842
900 0.602458 0.326316
910 0.611241 0.484211
920 0.619829 0.589474
930 0.628517 0.684211
940 0.636929 0.789474
950 0.645732 0.852632
960 0.654260 0.863158
970 0.662933 0.947368
980 0.671436 0.978947
990 0.680131 0.989474
