700 0.431155 0.000000
710 0.439585 0.000000
720 0.448078 0.000000
730 0.456659 0.000000
740 0.465332 0.000000
750 0.474086 0.000000
760 0.482449 0.000000
770 0.490913 0.000000
780 0.499687 0.000000
790 0.508470 0.000000
800 0.516914 0.000000
810 0.525570 0.000000
820 0.533942 0.010526
830 0.542476 0.000000
840 0.551355 0.010526
850 0.559610 0.031579
860 0.568261 0.073684
870 0.576930 0.115789
880 0.585581 0.210526
890 0.594096 0.305263
900 0.602875 0.410526
910 0.611328 0.578947
920 0.619692 0.621053
930 0.628485 0.747368
940 0.637091 0.800000
950 0.645681 0.894737
960 0.654243 0.978947
970 0.662706 0.926316
980 0.671695 0.989474
990 0.680158 1.000000
