700 0.430872 0.000000
710 0.439352 0.000000
720 0.448120 0.000000
730 0.456683 0.000000
740 0.465108 0.000000
750 0.473922 0.000000
760 0.482542 0.000000
770 0.491144 0.000000
780 0.499710 0.000000
790 0.508055 0.000000
800 0.516907 0.000000
810 0.525552 0.000000
820 0.533821 0.021053
830 0.542437 0.000000
840 0.551204 0.010526
850 0.559851 0.042105
860 0.568451 0.063158
870 0.576737 0.073684
880 0.585580 0.178947
890 0.594411 0.305263
900 0.602663 0.431579
910 0.611133 0.547368
920 0.619790 0.600000
930 0.628634 0.778947
940 0.637069 0.884211
950 0.645546 0.915789
960 0.654296 0.936842
970 0.662776 1.000000
980 0.671430 0.989474
990 0.679925 0.989474
