700 0.430801 0.000000
710 0.439706 0.000000
720 0.448049 0.000000
730 0.456950 0.000000
740 0.465326 0.000000
750 0.473838 0.000000
760 0.482821 0.000000
770 0.491072 0.000000
780 0.499888 0.000000
790 0.508428 0.000000
800 0.516835 0.000000
810 0.525612 0.000000
820 0.533762 0.000000
830 0.542659 0.000000
840 0.551439 0.000000
850 0.559514 0.000000
860 0.568310 0.010526
870 0.576993 0.052632
880 0.585494 0.126316
890 0.594196 0.284211
900 0.602995 0.463158
910 0.611304 0.589474
920 0.619898 0.778947
930 0.628513 0.905263
940 0.636919 0.926316
950 0.645688 0.957895
960 0.654103 0.978947
970 0.662740 0.989474
980 0.671480 1.000000
990 0.680022 1.000000
