700 0.454034 0.000000
710 0.460018 0.000000
720 0.465893 0.000000
730 0.471559 0.000000
740 0.477325 0.000000
750 0.483001 0.010526
760 0.488671 0.021053
770 0.494055 0.136842
780 0.499771 0.410526
790 0.505443 0.463158
800 0.510961 0.705263
810 0.516745 0.894737
820 0.522342 0.947368
830 0.528083 1.000000
840 0.533863 1.000000
850 0.539517 1.000000
860 0.545470 1.000000
870 0.551596 1.000000
880 0.557444 1.000000
890 0.563603 1.000000
900 0.569716 1.000000
910 0.576051 1.000000
920 0.582260 1.000000
930 0.588666 1.000000
940 0.594880 1.000000
950 0.601425 1.000000
960 0.607676 1.000000
970 0.614036 1.000000
980 0.620271 1.000000
990 0.626610 1.000000
