700 0.475327 0.021053
710 0.478496 0.094737
720 0.481462 0.084211
730 0.484714 0.126316
740 0.487671 0.200000
750 0.490620 0.263158
760 0.493664 0.463158
770 0.496694 0.494737
780 0.499548 0.642105
790 0.503104 0.684211
800 0.505885 0.821053
810 0.508839 0.894737
820 0.511745 0.968421
830 0.515206 0.968421
840 0.518327 0.989474
850 0.521290 1.000000
860 0.524052 1.000000
870 0.527553 1.000000
880 0.530615 1.000000
890 0.533853 1.000000
900 0.537366 1.000000
910 0.540599 1.000000
920 0.544205 1.000000
930 0.547949 1.000000
940 0.551617 1.000000
950 0.555324 1.000000
960 0.558779 1.000000
970 0.562386 1.000000
980 0.566030 1.000000
990 0.569620 1.000000
1000 0.573000 1.000000
1010 0.576957 1.000000
1020 0.580574 1.000000
1030 0.583886 1.000000
1040 0.587033 1.000000
1050 0.590860 1.000000
1060 0.594150 1.000000
1070 0.597867 1.000000
1080 0.600733 1.000000
1090 0.604135 1.000000
1100 0.607392 1.000000
1110 0.610737 1.000000
1120 0.613854 1.000000
1130 0.616533 1.000000
1140 0.619101 1.000000
1150 0.622302 1.000000
1160 0.624952 1.000000
1170 0.627512 1.000000
1180 0.630082 1.000000
1190 0.632449 1.000000
