2 0.6074260061731869
3 0.5969119774516117
4 0.5896976692437291
5 0.5840867923701992
6 0.5795858635907954
7 0.5747018406122706
8 0.5710884147171479
9 0.5669331010797751
10 0.5640280291383684
11 0.5616793724144611
12 0.5590215124732827
13 0.5566374068250233
14 0.5549368594459453
15 0.5527417300645685
16 0.5511896998246596
17 0.5493228519665766
18 0.5479725882847408
19 0.5466404226051265
20 0.544802858228422
21 0.5436273483430901
22 0.54284723820836
23 0.541498897054437
24 0.5414231434104665
25 0.5406995350656508
26 0.5381102416072182
27 0.5382482699265954
28 0.5375834263520297
29 0.5371539275720799
30 0.5361846381452317
31 0.535309661677785
32 0.5341847238030999
33 0.5342245418442491
34 0.5325112046073858
35 0.5322701716581923
36 0.5316494278766427
37 0.5318335721745889
38 0.5315493708352443
39 0.5312995556988424
40 0.5311216487921934
41 0.5305768932481514
42 0.5293914081524448
43 0.5286122609364992
44 0.5289098146023627
45 0.526900849277713
46 0.5288753351935063
47 0.5270643219465208
48 0.5275653585427931
49 0.5272668251060936
50 0.5264036966619335
51 0.5254188935211543
52 0.5261885335615212
53 0.5261121077137041
54 0.5252367097976163
55 0.5245921403153986
56 0.5246890516173
57 0.5236224782707379
58 0.5239666153410715
59 0.5245231083664813
60 0.5241663872770854
61 0.524836747655602
62 0.5235745301619502
63 0.5235907123611494
64 0.5228901671702149
65 0.5215362235366223
66 0.5219678555669401
67 0.5205660735288539
68 0.521478986007095
69 0.5225040515232326
70 0.5210868006190159
71 0.5202323733894578
72 0.5207875733837841
73 0.5213799567600049
74 0.52046651331987
75 0.5209293080466758
76 0.5209950978486974
77 0.5205807334970004
78 0.5196659976024238
79 0.518860131194825
80 0.5197727192142679
81 0.5188324187148505
82 0.5191690222512141
83 0.5183420274543467
84 0.5191120400654888
85 0.5185378052092797
86 0.5188005486449416
87 0.5176276025079236
88 0.5188187159450078
89 0.5189580273089479
90 0.5172875947031562
91 0.5186293858991355
92 0.5188487944108718
93 0.5170068165964339
94 0.5186120953869888
95 0.5176029931424464
96 0.5163361638151872
97 0.517989447210563
98 0.5163265963270257
99 0.516519665958805
100 0.5169922333119236
101 0.5173179268457162
102 0.5161393416426974
103 0.5165626576251557
104 0.5168677721767295
105 0.5160628403583764
106 0.5163532678581412
107 0.5155564767229888
108 0.5162010668328193
109 0.5161235279980774
110 0.5166928286968402
111 0.5147661286579422
112 0.5154051647373108
113 0.515613394985008
114 0.5146615094874547
115 0.5161102097014428
116 0.515687376858089
117 0.5156739200024985
118 0.5153390021901606
119 0.5158380843183151
120 0.5150805380228035
121 0.513935128965866
122 0.5172457141920163
123 0.5162956856279197
124 0.5147669839049451
125 0.5146279730169598
126 0.5154733026864119
127 0.5152633315884106
128 0.5156266125425711
129 0.5145568741758623
130 0.5149393992622519
131 0.5142758410887858
132 0.5146798873936876
133 0.5136620711381809
134 0.5140453857791225
135 0.5137767032376627
136 0.5126954751549921
137 0.5140633121379907
138 0.5135517907330936
139 0.5128185614672616
140 0.5131593253727144
141 0.5134452427747527
142 0.5133456104040025
143 0.5136547138446925
144 0.5140209639974819
145 0.5122396378038824
146 0.5135699160476342
147 0.5132844190340227
148 0.5131847738021869
149 0.5125361350066845
150 0.5143457976956245
151 0.5134077055943357
152 0.5124945025630673
153 0.5144323887929505
154 0.5120497329992476
155 0.5133397348302988
156 0.512836820083682
157 0.5129628105049658
158 0.5131014392388293
159 0.5116261415481784
160 0.5103903640758976
161 0.511433590349459
162 0.5132636420165898
163 0.5130242235218696
164 0.5140955116923296
165 0.5125946886898185
166 0.5116324723661174
167 0.510265190859517
168 0.5131560052353228
169 0.5127644898953811
170 0.5136532316041872
171 0.5120777604064063
172 0.513307518144692
173 0.5132030185649431
174 0.5125802122937705
175 0.5116094437358462
176 0.5124353488860958
177 0.5124817808400689
178 0.5096956132497762
179 0.5113354451257812
180 0.5119417489016328
181 0.5132300149652494
182 0.5126066307004196
183 0.5096141305360437
184 0.5111920825595336
185 0.510039741136587
186 0.5130563641682533
187 0.512562983678488
188 0.5118733254016617
189 0.509152966107902
190 0.511382732646646
191 0.5108502579344231
192 0.5111955550845533
193 0.5110418264079661
194 0.511405335967368
195 0.5115585768663414
196 0.5102972807281871
197 0.5111187010666807
198 0.5102091805544481
199 0.5110336196476516
200 0.5122070733178254
201 0.5111026863084922
202 0.5097409524851602
203 0.5121356014366613
204 0.5113463945156325
205 0.5103277426266278
206 0.5100609807693393
207 0.5101137043686416
208 0.5116289790931932
209 0.511042638627765
210 0.5129156233622547
211 0.5087136152432673
212 0.5112625402233579
213 0.5092404798229082
214 0.5118345336759437
215 0.5113439530318409
216 0.5120626337312316
217 0.5110278253794089
218 0.511236199657907
219 0.5117883410089296
220 0.5120190041665881
221 0.5096138023569322
222 0.5089266330374816
223 0.5111215579196826
224 0.50945978375784
225 0.5108969259061208
226 0.5099759258648551
227 0.5110319954386942
228 0.5079969688637933
229 0.508233543062039
230 0.5092467298150654
231 0.510290810818245
232 0.5105165962332533
233 0.5113398476892582
234 0.5110436570661221
235 0.5083575889450929
236 0.5118860763106076
237 0.5099269968508445
238 0.5104320352364571
239 0.5099964518207952
240 0.5112161338095653
241 0.5093008525478148
242 0.5098165218932813
243 0.5105931572521811
244 0.5083448607686294
245 0.5115573019586466
246 0.508468635951512
247 0.5102610648739289
248 0.5101355543147837
249 0.5098749872795447
250 0.5092372083455309
251 0.511339320515778
252 0.5095452466356918
253 0.5107451246725526
254 0.5080092279348828
255 0.5084807256235828
256 0.509111855011729
257 0.5114405034997941
258 0.510522272777154
259 0.5096543080232381
260 0.5107304184777977
261 0.509001720728356
262 0.5080362411913771
263 0.5088000420300515
264 0.5087231934319485
265 0.5073155045822392
266 0.5072742369271313
267 0.5091026304559033
268 0.5085439119468012
269 0.5108236682462707
270 0.5092198186660727
271 0.5071343582825075
272 0.5085056862262759
273 0.5112191792509172
274 0.5086419283343004
275 0.5076890586902683
276 0.509837957351073
277 0.50928747501019
278 0.5078954559650218
279 0.5081740913841725
280 0.5098676042628845
281 0.510334946446642
282 0.5114531425815785
283 0.5072596388482187
284 0.507395624599748
285 0.5091630968550831
286 0.5071104036432253
287 0.5092056421677803
288 0.5093268882689892
289 0.503969322576128
290 0.5074648149976415
291 0.5097542913355365
292 0.5078026525672344
293 0.5088192944564435
294 0.5090102327266142
295 0.5092910120424277
296 0.5080909132820064
297 0.5086117789159496
298 0.5090458314329486
299 0.509531635168447
300 0.5080839882586876
301 0.50972976197578
302 0.5081971162532976
303 0.5095900074190292
304 0.5106896213939365
305 0.5064657291769102
306 0.5086751279783776
307 0.512396694214876
308 0.5082293452820507
309 0.5093878065695732
310 0.5093059178040567
311 0.5073878425968458
312 0.5089700309133005
313 0.5083158320397595
314 0.5089194095824453
315 0.5121677620291921
316 0.5079308524676696
317 0.5095778810186233
318 0.5087414938540574
319 0.509551286402824
320 0.5082564550466728
321 0.5063472591694118
322 0.5076506771930314
323 0.5069417009989277
324 0.5092994026351838
325 0.5100814736096352
326 0.5081499650613921
327 0.5063691965124854
328 0.5060212824966792
329 0.5072865655790902
330 0.5066837739452169
331 0.5081002575312931
332 0.5078149871897882
333 0.5072913956940215
334 0.5110731226513892
335 0.5064289573203674
336 0.505467080532202
337 0.5074883882587128
338 0.5089879575723741
339 0.5106052353336965
340 0.508541286919491
341 0.5080141751739385
342 0.5065302319499159
343 0.5090482133473463
344 0.5086097516766358
345 0.5078785262423829
346 0.5105734616994558
347 0.5084031488630042
348 0.5101063109425785
349 0.507261535296034
350 0.5096719496158904
351 0.5085546341975439
352 0.5087132079481458
353 0.5057890222984562
354 0.5078293687514742
355 0.5104807974201114
356 0.5074938166783566
357 0.5085684352316097
358 0.5088733986435569
359 0.5084691231855258
360 0.511315498225394
361 0.5079740219814004
362 0.5093401191371234
363 0.5107984104739782
364 0.5080575622281411
365 0.5043483302411874
366 0.5071772214040255
367 0.505649661809075
368 0.5044235331966059
369 0.5073358292016594
370 0.5093562647610973
371 0.5038855887378957
372 0.5062245803827652
373 0.5114415050458906
374 0.5059481422527542
375 0.5076811315513963
376 0.5109620069233728
377 0.5082591578226635
378 0.5090005143151037
379 0.5007289739963007
380 0.5080636265360602
381 0.5035913629389135
382 0.5078015783540023
383 0.507514973443327
384 0.5084795988146797
385 0.5069476396429557
386 0.5110074929825782
387 0.507910618169956
388 0.512124765478424
389 0.5072337417530631
390 0.5071893267961531
391 0.5038118835469576
392 0.5082030403045122
393 0.5111282026630775
394 0.507764423076923
395 0.5061397524607738
396 0.5079622530227071
397 0.5010962180477353
398 0.5086324743050985
399 0.5057327761924174
400 0.5062832472438517
401 0.5102681558495034
402 0.5049556193877287
403 0.5051169398332062
404 0.5077405086619978
405 0.5072747473678642
406 0.5049399766280676
407 0.5073771820785818
408 0.5070097266749987
409 0.5056434642398404
410 0.5099849747302281
411 0.5099568989033771
412 0.5088652482269503
413 0.5072988694984085
414 0.5054802820004406
415 0.5056871774954225
416 0.5062489444350616
417 0.5040749334993492
418 0.507007466973004
419 0.5040371768806273
420 0.5094988824844136
421 0.5099934953580509
422 0.5039402860796384
423 0.5059505829758956
424 0.5103924685169337
425 0.5042706260523496
426 0.5047365488205064
427 0.511668375749666
428 0.5081091100058694
429 0.5078585765014667
430 0.5080050983927628
431 0.5069180430040511
432 0.5118120130686102
433 0.5093943100906496
434 0.5104071543281796
435 0.5085432223769143
436 0.5072968226089734
437 0.5104877107193412
438 0.5082795942836774
439 0.5047947209309885
440 0.5116011945784517
441 0.5027760438910608
442 0.498573203075167
443 0.5044926734863147
444 0.5111757286995515
445 0.509683780547926
446 0.5072720195335999
447 0.5074387241785294
448 0.5082242123666465
449 0.5109444742010355
450 0.5068737725406177
451 0.5066004206861536
452 0.5052546185331318
453 0.5043182412980896
454 0.5084828283584885
455 0.5042567618473593
456 0.5099938968568813
457 0.515552689477278
458 0.5101932550208412
459 0.5102716274823099
460 0.5088269010317157
461 0.5078594544613962
462 0.5033022533022533
463 0.508865736190289
464 0.5087552491878615
465 0.5037563938618926
466 0.5109418450006045
467 0.5023054637450525
468 0.5144068853685917
469 0.5089701818781704
470 0.5060652799199633
471 0.5081731784582894
472 0.505348847120999
473 0.5084352865421764
474 0.5053350036718649
475 0.5086192035855887
476 0.5077593722755013
477 0.5042310929954367
478 0.5145215395480226
479 0.5086581035465345
480 0.5112986898795393
481 0.5088815060908084
482 0.5073155359474182
483 0.5043158277303289
484 0.5131434830230011
485 0.5035918554106612
486 0.5044000558737254
487 0.5092044707429323
488 0.5088433464345873
489 0.5087187616560984
490 0.5018805046417519
491 0.510307795570045
492 0.5011242545703393
493 0.5107192947305149
494 0.5073315255599076
495 0.5051020408163265
496 0.5072694580015412
497 0.507486575795126
498 0.5107056655679842
