2 0.6519836906345039
3 0.6009458275278752
4 0.5684787139988955
5 0.545290911238432
6 0.528040607371339
7 0.5142451558820411
8 0.5033999344773292
9 0.4939913836131164
10 0.4860696343496083
11 0.4795730196496189
12 0.4736805287307178
13 0.4688036006220992
14 0.4637974529595982
15 0.46001667197642077
16 0.45633409356042237
17 0.45295667419299285
18 0.4500405354774179
19 0.4474573382239653
20 0.4452304201385229
21 0.4424973197180871
22 0.4404377988803675
23 0.4385652631384795
24 0.4361953707190308
25 0.43436190175102235
26 0.4333205388864585
27 0.43175029786327845
28 0.43017611847062925
29 0.4280181478179915
30 0.427767183181614
31 0.42596369770728126
32 0.4254851051676184
33 0.42431262433708666
34 0.4231625568179872
35 0.422053890730231
36 0.42076612491403903
37 0.42000467832783195
38 0.419996059777872
39 0.4193241485726882
40 0.41856895409215805
41 0.41718300989307694
42 0.41742836743213124
43 0.4162316842436761
44 0.4163782584281796
45 0.4141237973711051
46 0.41402676033480146
47 0.4133293688619927
48 0.41330204693720646
49 0.4119598987727963
50 0.4125535304685823
51 0.4108949913194658
52 0.41140307970288165
53 0.40948312068241394
54 0.40731818642864387
55 0.4084383614577547
56 0.40905622264616764
57 0.40955324643634217
58 0.4077659169902097
59 0.40792449736444875
60 0.40713230595162014
61 0.408598352343296
62 0.40655058299570096
63 0.40581271632705285
64 0.4064701832510583
65 0.40532015477391725
66 0.40550720649444466
67 0.40671533935681187
68 0.4049122878506958
69 0.40286070612645825
70 0.4036825135154792
71 0.4038582594554897
72 0.4052577188238792
73 0.4049756426361102
74 0.4037150675843768
75 0.4022212976864497
76 0.3992613547068993
77 0.40755818910393043
78 0.40282284231018817
79 0.40176920385826376
80 0.4007600434310532
81 0.40690265486725663
82 0.40045730255009687
83 0.3980015213332411
84 0.39883076455849975
85 0.404133372380036
86 0.402377972465582
87 0.404352472554163
88 0.4069435637285986
89 0.4025915237933571
90 0.3968498123423368
91 0.3958069883527454
92 0.41127574990964944
93 0.3990814976259049
94 0.3910794539133384
95 0.4067230012071687
96 0.3989729409441043
97 0.39656661628158063
98 0.3992970123022847
99 0.3996911594389396
100 0.40118932374498684
101 0.3927927927927928
102 0.3841371198117963
103 0.39575324913051435
104 0.3951391611132889
105 0.39528342708784076
106 0.38739789964994165
107 0.40508905852417304
108 0.4109171515655306
109 0.4176646706586826
110 0.39846252402306215
111 0.4073550212164074
112 0.40573613766730404
113 0.4015304067660089
114 0.376779359430605
115 0.40665342601787485
116 0.3917098445595855
117 0.3834080717488789
118 0.38341346153846156
119 0.3831967213114754
120 0.3953823953823954
121 0.38592420726991494
122 0.4211802748585287
123 0.3970988213961922
124 0.389
125 0.3905579399141631
126 0.3895631067961165
127 0.4205955334987593
128 0.3866120218579235
129 0.39176829268292684
130 0.39903846153846156
131 0.38761061946902653
132 0.3533834586466165
133 0.38247011952191234
134 0.4
135 0.4228187919463087
136 0.3638676844783715
137 0.38461538461538464
138 0.39869281045751637
139 0.36177474402730375
140 0.404
141 0.42105263157894735
142 0.350253807106599
143 0.46153846153846156
144 0.3744075829383886
145 0.4473684210526316
146 0.3942857142857143
147 0.453416149068323
148 0.3522727272727273
149 0.38028169014084506
150 0.41732283464566927
151 0.43283582089552236
152 0.3813559322033898
153 0.4077669902912621
154 0.4105263157894737
155 0.34146341463414637
156 0.5194805194805194
157 0.3218390804597701
158 0.4594594594594595
159 0.44776119402985076
160 0.41379310344827586
161 0.375
162 0.4146341463414634
163 0.32558139534883723
164 0.38461538461538464
165 0.5
166 0.4444444444444444
167 0.41935483870967744
168 0.32142857142857145
169 0.2692307692307692
170 0.15384615384615385
171 0.5714285714285714
172 0.42105263157894735
173 0.5263157894736842
174 0.23529411764705882
175 0.5
176 0.5
177 0.2777777777777778
178 0.46153846153846156
179 0.3076923076923077
180 0.3333333333333333
181 0.3333333333333333
182 0.5384615384615384
183 0.4
184 0.16666666666666666
185 0.2857142857142857
186 0.0
187 0.375
188 0.3
189 0.4
190 0.25
191 0.42857142857142855
192 0.0
193 0.0
194 0
195 0
196 0
197 0
198 0
199 0.0
200 0.0
201 0.0
202 0.0
203 0
204 0
205 0
206 1.0
207 0.0
208 0.0
209 0.0
210 0
211 0
212 0
213 0
214 0
215 0
216 0
217 0
218 0
219 0
220 0
221 0
222 0
223 0
224 0
225 0
226 0
227 0
228 0
229 0
230 0
231 0
232 0
233 0
234 0
235 0
236 0
237 0
238 0
239 0
240 0
241 0
242 0
243 0
244 0
245 0
246 0
247 0
248 0
249 0
250 0
251 0
252 0
253 0
254 0
255 0
256 0
257 0
258 0
259 0
260 0
261 0
262 0
263 0
264 0
265 0
266 0
267 0
268 0
269 0
270 0
271 0
272 0
273 0
274 0
275 0
276 0
277 0
278 0
279 0
280 0
281 0
282 0
283 0
284 0
285 0
286 0
287 0
288 0
289 0
290 0
291 0
292 0
293 0
294 0
295 0
296 0
297 0
298 0
299 0
300 0
301 0
302 0
303 0
304 0
305 0
306 0
307 0
308 0
309 0
310 0
311 0
312 0
313 0
314 0
315 0
316 0
317 0
318 0
319 0
320 0
321 0
322 0
323 0
324 0
325 0
326 0
327 0
328 0
329 0
330 0
331 0
332 0
333 0
334 0
335 0
336 0
337 0
338 0
339 0
340 0
341 0
342 0
343 0
344 0
345 0
346 0
347 0
348 0
349 0
350 0
351 0
352 0
353 0
354 0
355 0
356 0
357 0
358 0
359 0
360 0
361 0
362 0
363 0
364 0
365 0
366 0
367 0
368 0
369 0
370 0
371 0
372 0
373 0
374 0
375 0
376 0
377 0
378 0
379 0
380 0
381 0
382 0
383 0
384 0
385 0
386 0
387 0
388 0
389 0
390 0
391 0
392 0
393 0
394 0
395 0
396 0
397 0
398 0
399 0
400 0
401 0
402 0
403 0
404 0
405 0
406 0
407 0
408 0
409 0
410 0
411 0
412 0
413 0
414 0
415 0
416 0
417 0
418 0
419 0
420 0
421 0
422 0
423 0
424 0
425 0
426 0
427 0
428 0
429 0
430 0
431 0
432 0
433 0
434 0
435 0
436 0
437 0
438 0
439 0
440 0
441 0
442 0
443 0
444 0
445 0
446 0
447 0
448 0
449 0
450 0
451 0
452 0
453 0
454 0
455 0
456 0
457 0
458 0
459 0
460 0
461 0
462 0
463 0
464 0
465 0
466 0
467 0
468 0
469 0
470 0
471 0
472 0
473 0
474 0
475 0
476 0
477 0
478 0
479 0
480 0
481 0
482 0
483 0
484 0
485 0
486 0
487 0
488 0
489 0
490 0
491 0
492 0
493 0
494 0
495 0
496 0
497 0
498 0
