0 676294.0
1 61417.0
2 17942.0
3 11018.0
4 7459.0
5 5165.0
6 3760.0
7 2898.0
8 2357.0
9 1793.0
10 1479.0
11 1246.0
12 1009.0
13 849.0
14 758.0
15 573.0
16 490.0
17 441.0
18 406.0
19 315.0
20 297.0
21 258.0
22 212.0
23 177.0
24 164.0
25 166.0
26 137.0
27 112.0
28 119.0
29 69.0
30 95.0
31 85.0
32 55.0
33 57.0
34 50.0
35 50.0
36 42.0
37 37.0
38 38.0
39 21.0
40 30.0
41 23.0
42 20.0
43 16.0
44 9.0
45 21.0
46 17.0
47 13.0
48 12.0
49 10.0
50 9.0
51 8.0
52 3.0
53 9.0
54 1.0
55 6.0
56 6.0
57 3.0
58 2.0
59 3.0
60 3.0
61 4.0
62 2.0
63 3.0
64 4.0
65 4.0
66 2.0
67 1.0
68 3.0
69 0.0
70 3.0
71 3.0
72 0.0
73 0.0
74 1.0
75 0.0
76 0.0
77 1.0
78 0.0
79 0.0
80 0.0
81 1.0
82 0.0
83 0.0
84 0.0
85 0.0
86 0.0
87 0.0
88 0.0
89 0.0
90 0.0
91 0.0
92 0.0
93 0.0
94 0.0
95 0.0
96 0.0
97 0.0
98 1.0
