2 0.7914968363458066
3 0.7577692788089789
4 0.7326765345015264
5 0.7131631119513969
6 0.6971458880743345
7 0.6838173090984482
8 0.6736535061791347
9 0.6641294950306665
10 0.6558302979872177
11 0.6481494043328953
12 0.6424962065905122
13 0.6371455117941973
14 0.6320625472411187
15 0.6270223662305955
16 0.6227159050397072
17 0.6197599059119372
18 0.6163696471656515
19 0.6117519146053244
20 0.6096868618330694
21 0.6067705384380458
22 0.6042632680283526
23 0.6018672088918972
24 0.5992764479750996
25 0.5973481013675296
26 0.594737022813795
27 0.5934848936855358
28 0.5913097710782321
29 0.5896737694864332
30 0.5874172703481757
31 0.586329342989502
32 0.584933602517963
33 0.5826198486664862
34 0.5822906271589775
35 0.5802064707576754
36 0.5793033286647017
37 0.578926024611817
38 0.576849703456408
39 0.5750163239752503
40 0.5749713429824695
41 0.5729681683483064
42 0.5709670354615372
43 0.5718536788284349
44 0.5705694579034373
45 0.570676726350562
46 0.5696406411357857
47 0.5675000928255569
48 0.5678898636092451
49 0.5668512049913224
50 0.564294790343075
51 0.564592973827307
52 0.5634049259257113
53 0.5623752053271956
54 0.5633896485274852
55 0.562457653155692
56 0.5624541209418238
57 0.5608212175737551
58 0.5602288613996864
59 0.5602947379294316
60 0.5603763242433442
61 0.5583789263075888
62 0.5589144762696069
63 0.5578834126506573
64 0.5568000591691359
65 0.5568820785516655
66 0.5577333504451447
67 0.5536333011933473
68 0.5554808503355623
69 0.5542611258822571
70 0.5533786215583948
71 0.5533129031523382
72 0.5530031206256661
73 0.5533412038810661
74 0.5533935218183258
75 0.553058729850146
76 0.5506357972895313
77 0.5518837018837018
78 0.5511778683147084
79 0.5505348426050505
80 0.5503831100046923
81 0.5483493253715015
82 0.5499158825737926
83 0.5487342432711375
84 0.548269917497845
85 0.54942795615069
86 0.549760501380288
87 0.5467048209482686
88 0.5461224589299699
89 0.5465127382158798
90 0.546871320020329
91 0.5456375754998937
92 0.5472198484499705
93 0.544468546637744
94 0.5459005471973921
95 0.5460540033361134
96 0.5459072660465207
97 0.5452045048042241
98 0.5438008153795382
99 0.5452192463627448
100 0.5434242839504497
101 0.5439951180930562
102 0.5424591361393644
103 0.5420428893905191
104 0.5434118344565321
105 0.5426179145834589
106 0.5427568875784423
107 0.5421798736721217
108 0.5422687730430185
109 0.5415375610469901
110 0.5420785515402408
111 0.5406062721392555
112 0.5411042622754132
113 0.5415698867251174
114 0.5414962786498441
115 0.5395581469990371
116 0.5398576800070813
117 0.5407225562020374
118 0.5382135310674994
119 0.5389091994329628
120 0.5397900333066985
121 0.5386250264172612
122 0.5407392256418895
123 0.5384534912728238
124 0.5382630847802227
125 0.5376259433000204
126 0.5382886035921043
127 0.5388542845183776
128 0.5386733771346912
129 0.538831715956488
130 0.5371500487788397
131 0.5371012098868445
132 0.5385344728176612
133 0.5381393468706728
134 0.5369429393617297
135 0.5374144320906911
136 0.5370668903480604
137 0.5366959328656034
138 0.5367664053193948
139 0.5363044208170118
140 0.5369854284188466
141 0.5360455948277804
142 0.5360768113310332
143 0.5347791855866413
144 0.5355720550403281
145 0.5339608932381723
146 0.5335114787619667
147 0.5341520325355623
148 0.5366802815840988
149 0.5336420363102465
150 0.5338296692620834
151 0.5341487303217792
152 0.5327886589758263
153 0.535056154743974
154 0.5345058446381797
155 0.5352041862326835
156 0.5337472126992858
157 0.5318605111947692
158 0.534166471581485
159 0.5336469881628669
160 0.5345110784052722
161 0.5340578323446171
162 0.5325991189427313
163 0.5311780531009592
164 0.533432278205686
165 0.5328983198890201
166 0.5331324524154727
167 0.5326542279507303
168 0.533163385486733
169 0.5337670807780104
170 0.5328881028429638
171 0.5298904106682509
172 0.5306484729232612
173 0.5334030955190253
174 0.5303929353191124
175 0.5324312795952637
176 0.5326581153506419
177 0.5315607952018915
178 0.5290806856942627
179 0.5326543595818662
180 0.5299850322467038
181 0.5297586000133248
182 0.5320683663263995
183 0.5304239764445091
184 0.5286959372385883
185 0.5320770960415498
186 0.5311960514623061
187 0.5329966827228938
188 0.5309100224872619
189 0.5326507485920974
190 0.5313851817763461
191 0.5312807910324922
192 0.5309477587141683
193 0.5292662578977767
194 0.5280553465283003
195 0.5286086823132382
196 0.5306091043071149
197 0.529693599905359
198 0.5282940492297468
199 0.5271629297458894
200 0.5281830498268855
201 0.5295442437157941
202 0.5295565753882625
203 0.5299989671241699
204 0.5290358737565409
205 0.5287537882266508
206 0.527067904453948
207 0.5284343581569301
208 0.5286850008099587
209 0.5297815995264354
210 0.529123601691734
211 0.5272335239523764
212 0.5249564730950301
213 0.5299943048788205
214 0.5276970335486982
215 0.5291178596789774
216 0.5279751474656449
217 0.5256480827888121
218 0.528728253610079
219 0.5293835109628341
220 0.5254535995317682
221 0.5277165632377079
222 0.5273704213354302
223 0.5277262800931577
224 0.5290045990589516
225 0.52916915720263
226 0.5273064793005708
227 0.5281454739938495
228 0.5272644154167815
229 0.5284032182883084
230 0.5285524389174162
231 0.527374919128747
232 0.5269808858628406
233 0.5269215351899285
234 0.5271381298400027
235 0.5291551757092537
236 0.527269991724968
237 0.5276977772878226
238 0.5282486070265096
239 0.5271472170743974
240 0.5275305799296092
241 0.5280755787798042
242 0.5253497171022944
243 0.5238314497000139
244 0.5246793790077624
245 0.5247015610651974
246 0.5265058019122195
247 0.5272001082166327
248 0.5260036919041815
249 0.5246473314868763
250 0.5268287419981299
251 0.5268290218270008
252 0.5230612689875718
253 0.5263027132094499
254 0.5262992471310577
255 0.5273019895714993
256 0.5266441401907437
257 0.5244629285222663
258 0.522944112955633
259 0.5247553402236254
260 0.52561942995377
261 0.5246965785334876
262 0.5250229106596035
263 0.5229885487333299
264 0.5243198928977038
265 0.5252520664910528
266 0.5243641567893058
267 0.525289462280575
268 0.5232770996483179
269 0.5250824350274274
270 0.5254523281766516
271 0.5258637922285608
272 0.5253620120247269
273 0.52574790432977
274 0.5238231584160714
275 0.5237874467805621
276 0.5223455005982627
277 0.5232437654354651
278 0.5232380078820338
279 0.5219968531414061
280 0.5236222648631148
281 0.5250757903854483
282 0.5240833819150109
283 0.5238942110088842
284 0.5212081030130683
285 0.5258887048480602
286 0.5242475584610713
287 0.5259757867704529
288 0.5221798426256831
289 0.5262797865748156
290 0.5233799186435217
291 0.5245971778229843
292 0.5244875175950944
293 0.5227300406778009
294 0.5216109301513293
295 0.5213854953399504
296 0.5219095295338153
297 0.521758880712274
298 0.5232894314166399
299 0.5217437910221313
300 0.5241025641025641
301 0.523195706028076
302 0.5221244824317808
303 0.5190740601157425
304 0.5256499701597922
305 0.5226330902728361
306 0.5229303106633082
307 0.5223230152148527
308 0.5236591994868073
309 0.5227944529838014
310 0.5240215787062955
311 0.5215862256888859
312 0.5252965985461527
313 0.5224150490637186
314 0.5241335409336855
315 0.5247704059737361
316 0.5236741285412407
317 0.5230554862682023
318 0.5194968770488975
319 0.5220481666305056
320 0.520237805090352
321 0.5219403765690377
322 0.5238545607398066
323 0.5213764793222412
324 0.5247927722468313
325 0.5210340341748119
326 0.520701963638915
327 0.5204160417461684
328 0.5194464285714285
329 0.5245758793612405
330 0.5216484926234766
331 0.522423169117384
332 0.5222335097756153
333 0.5218240867966951
334 0.5195288282703038
335 0.5217093277053232
336 0.520925299806927
337 0.5213323421152835
338 0.5215729457695913
339 0.5219689763664301
340 0.5211787047825249
341 0.5250945058171542
342 0.5202781208544898
343 0.5216090853871781
344 0.5201422459298772
345 0.5229951082122739
346 0.5213348275894006
347 0.5204521140518164
348 0.5208878749345501
349 0.5244445687020055
350 0.5200179014302497
351 0.521418726971001
352 0.5231274527334155
353 0.5220494087519771
354 0.5233923071144166
355 0.5192923304225939
356 0.5244213259050814
357 0.5228322798265257
358 0.5198165831521225
359 0.5227339646476639
360 0.5212655011566613
361 0.5201829181155623
362 0.5220387913316955
363 0.5220630482246141
364 0.5204797705110558
365 0.5221028753126393
366 0.5220485300979935
367 0.5214942854628823
368 0.5200027314141897
369 0.5205995079251498
370 0.5199702985774581
371 0.5224113088515908
372 0.5218655772784748
373 0.5182560032758435
374 0.5186440344015684
375 0.5198472753889829
376 0.5192017291919581
377 0.5193917025224016
378 0.521277753053454
379 0.5189890981169475
380 0.5222947686917748
381 0.5210295413807104
382 0.5181609785981068
383 0.51876355640952
384 0.516252542575679
385 0.5208182984524096
386 0.51748469962957
387 0.5202674045200251
388 0.5214346264077827
389 0.5206258602542304
390 0.5212312724629488
391 0.5174653843807819
392 0.5180426378449328
393 0.5206783909273945
394 0.5218073005267365
395 0.5189167050632263
396 0.5220854304839421
397 0.5202495397831868
398 0.5204776929322412
399 0.5207880392783176
400 0.5190150110329538
401 0.520238566930119
402 0.5216914758136914
403 0.5194993632434916
404 0.5204324778250145
405 0.521429920070489
406 0.5167466621953009
407 0.5179348341357043
408 0.5207555550855076
409 0.5209933571360463
410 0.5240332337447082
411 0.5191164692492518
412 0.5203325615659861
413 0.5189984277890916
414 0.5162843086208545
415 0.5195187822244046
416 0.5199257979914284
417 0.5169779558264168
418 0.5171389007243289
419 0.5165914378531377
420 0.5198992117844683
421 0.5220073161050859
422 0.5186755761158228
423 0.5199449645816986
424 0.516936100550356
425 0.5203723369671225
426 0.5210660501696087
427 0.518079813925441
428 0.5204503179478306
429 0.5176501379513408
430 0.5196910439793884
431 0.5219729580274757
432 0.5202065778744224
433 0.5186999158203146
434 0.5209766611512671
435 0.5198052690619589
436 0.5172549405171566
437 0.5158417800839911
438 0.5158048845411592
439 0.5159413779549666
440 0.5197728087470873
441 0.5167518138016612
442 0.5201402031377731
443 0.5193894251645012
444 0.518848120770897
445 0.5161210679295678
446 0.5210752542983167
447 0.5166491293574557
448 0.5179351287416978
449 0.5189399542573649
450 0.5208659363588941
451 0.5189576695493855
452 0.5172354714912281
453 0.5196529075298891
454 0.5176408636124276
455 0.5188961454146876
456 0.5166821930096953
457 0.5157821793613212
458 0.522170717399556
459 0.5158093710619773
460 0.5184903748733536
461 0.5184932299502373
462 0.5178293859598623
463 0.5205146880310755
464 0.5214339778435285
465 0.5164688717070873
466 0.516411883472743
467 0.518139718886717
468 0.5196884516280159
469 0.5211864406779662
470 0.5175454969668689
471 0.5156328824336849
472 0.5193272142316427
473 0.5218819153444135
474 0.5154780771262546
475 0.5196610727212899
476 0.5180255130338325
477 0.51804327553032
478 0.5172279195202442
479 0.5204248074198426
480 0.5180213948285914
481 0.518076593312375
482 0.5175447006375533
483 0.5190885967623078
484 0.5192355718346038
485 0.5163148252367895
486 0.5173181265865425
487 0.5179845708775314
488 0.5185802906132636
489 0.5191506630223315
490 0.5170496753013347
491 0.516138325071119
492 0.5181098933004282
493 0.5159940825532328
494 0.5195105699921255
495 0.5159466705487014
496 0.5164829782023023
497 0.518926325576843
498 0.5173876321974148
