0 1.0 0.0 72349683
1 -0.32063722526857413 1.055100545020767 105559593
2 -0.3292306399776327 1.1643945396154893 40112105
3 -0.6400259284408394 1.64098863104824 18464666
4 -0.7973118037749853 1.8466194711110622 8159449
5 -0.9700954679589526 2.1481639314924545 3591362
6 -1.1122955433132644 2.382919316439952 1583037
7 -1.274453172032222 2.791098929127922 697660
8 -1.397364836224442 3.1113480102644306 309051
9 -1.5501436006589593 3.590494381141598 137186
10 -1.683982683982684 4.0250838627458405 60984
11 -1.8152242460214416 4.57753577806903 26957
12 -1.9435301979784478 5.1811733701309715 11971
13 -2.0714550853749074 5.793520748354083 5388
14 -2.1856832971800433 6.178970737009573 2305
15 -2.327902240325866 7.039119631990885 982
16 -2.4558823529411766 7.120602652825845 408
17 -3.0789473684210527 8.820083102493076 190
18 -2.8372093023255816 9.438615467820446 86
19 -3.3714285714285714 8.404897959183671 35
20 -3.7142857142857144 14.918367346938776 14
21 -1.8333333333333333 2.8055555555555554 6
22 -8.0 0.0 1
23 -7.0 0.0 1
