0 0.5927
1 0.5917
2 0.5996
3 0.5935
4 0.6035
5 0.5895
6 0.5928
7 0.5873
8 0.595
9 0.5933
10 0.5974
11 0.5857
12 0.593
13 0.5915
14 0.6021
15 0.5952
16 0.6079
17 0.5952
18 0.5978
19 0.5953
20 0.5918
21 0.5935
22 0.5962
23 0.6057
24 0.5855
25 0.5896
26 0.5955
27 0.5987
28 0.593
29 0.5827
30 0.603
31 0.5946
32 0.5858
33 0.5978
34 0.5953
35 0.5899
36 0.5971
37 0.5976
38 0.6004
39 0.5986
40 0.5952
41 0.5935
42 0.5765
43 0.5938
44 0.6036
45 0.5914
46 0.5803
47 0.5906
48 0.5843
49 0.5889
50 0.5895
51 0.5865
52 0.5835
53 0.5945
54 0.5983
55 0.5814
56 0.5976
57 0.5954
58 0.6107
59 0.5854
60 0.5969
61 0.5904
62 0.5931
63 0.5944
64 0.6053
65 0.5911
66 0.5955
67 0.5865
68 0.6004
69 0.595
70 0.5887
71 0.597
72 0.603
73 0.5684
74 0.5967
75 0.5951
76 0.5934
77 0.5911
78 0.6001
79 0.5862
80 0.5958
81 0.5959
82 0.5915
83 0.6039
84 0.5958
85 0.5944
86 0.5911
87 0.5872
88 0.5983
89 0.5969
90 0.6026
91 0.6003
92 0.5957
93 0.5886
94 0.5993
95 0.5932
96 0.5974
97 0.5967
98 0.5844
99 0.5933
100 0.5914
101 0.5949
102 0.5888
103 0.6004
104 0.5964
105 0.6045
106 0.5922
107 0.5935
108 0.5935
109 0.5858
110 0.5871
