-234 1
-233 0
-232 0
-231 0
-230 0
-229 0
-228 0
-227 0
-226 0
-225 0
-224 0
-223 0
-222 0
-221 0
-220 0
-219 0
-218 0
-217 0
-216 1
-215 1
-214 0
-213 0
-212 0
-211 2
-210 1
-209 0
-208 0
-207 1
-206 1
-205 1
-204 1
-203 0
-202 0
-201 1
-200 0
-199 0
-198 0
-197 0
-196 0
-195 2
-194 0
-193 0
-192 1
-191 1
-190 2
-189 4
-188 0
-187 1
-186 0
-185 0
-184 1
-183 0
-182 1
-181 0
-180 1
-179 1
-178 2
-177 2
-176 1
-175 1
-174 1
-173 2
-172 4
-171 0
-170 4
-169 1
-168 0
-167 4
-166 5
-165 3
-164 3
-163 1
-162 3
-161 2
-160 2
-159 3
-158 2
-157 3
-156 5
-155 5
-154 6
-153 5
-152 2
-151 4
-150 4
-149 8
-148 5
-147 4
-146 5
-145 11
-144 10
-143 8
-142 12
-141 12
-140 15
-139 8
-138 13
-137 12
-136 12
-135 7
-134 12
-133 14
-132 14
-131 21
-130 18
-129 20
-128 19
-127 31
-126 23
-125 25
-124 23
-123 25
-122 25
-121 33
-120 33
-119 42
-118 48
-117 57
-116 52
-115 49
-114 38
-113 56
-112 43
-111 83
-110 88
-109 88
-108 82
-107 71
-106 92
-105 90
-104 98
-103 102
-102 132
-101 140
-100 126
-99 155
-98 159
-97 173
-96 187
-95 197
-94 197
-93 225
-92 235
-91 253
-90 244
-89 287
-88 302
-87 365
-86 332
-85 402
-84 433
-83 453
-82 455
-81 489
-80 530
-79 535
-78 632
-77 693
-76 766
-75 779
-74 779
-73 894
-72 955
-71 1065
-70 1089
-69 1154
-68 1334
-67 1357
-66 1487
-65 1603
-64 1696
-63 1917
-62 1993
-61 2126
-60 2348
-59 2451
-58 2690
-57 3044
-56 3228
-55 3405
-54 3851
-53 4013
-52 4490
-51 4795
-50 5068
-49 5625
-48 6123
-47 6499
-46 7219
-45 7708
-44 8507
-43 9137
-42 10035
-41 10726
-40 12078
-39 12855
-38 14151
-37 15355
-36 16683
-35 18476
-34 20169
-33 22386
-32 24540
-31 26802
-30 29956
-29 32757
-28 36506
-27 40318
-26 44370
-25 49846
-24 55659
-23 62266
-22 69073
-21 77489
-20 87116
-19 98631
-18 112367
-17 126922
-16 145159
-15 166321
-14 192523
-13 223366
-12 262170
-11 309148
-10 370894
-9 448220
-8 552487
-7 694889
-6 895225
-5 1196847
-4 1686188
-3 2591084
-2 4667050
-1 11109420
0 60887027
1 934708686
2 66418810
3 7517306
4 3541655
5 2204420
6 1517797
7 1107419
8 842316
9 664431
10 532469
11 433890
12 358976
13 302365
14 256303
15 217920
16 188917
17 163746
18 142774
19 124921
20 109500
21 97186
22 86038
23 76381
24 68366
25 61177
26 54812
27 49261
28 43960
29 39631
30 35961
31 32720
32 29328
33 26826
34 24072
35 22220
36 20263
37 18121
38 16859
39 15389
40 14111
41 13013
42 11966
43 10654
44 9959
45 8981
46 8437
47 7866
48 7206
49 6420
50 6054
51 5547
52 5092
53 4724
54 4320
55 4107
56 3698
57 3423
58 3195
59 2954
60 2715
61 2407
62 2340
63 2161
64 2021
65 1827
66 1651
67 1556
68 1508
69 1374
70 1266
71 1130
72 1063
73 1020
74 967
75 882
76 791
77 795
78 730
79 685
80 588
81 603
82 536
83 494
84 506
85 435
86 392
87 406
88 364
89 323
90 316
91 289
92 274
93 254
94 243
95 187
96 197
97 219
98 172
99 182
100 150
101 148
102 120
103 117
104 113
105 110
106 92
107 91
108 84
109 74
110 82
111 82
112 79
113 68
114 58
115 62
116 54
117 40
118 44
119 47
120 40
121 36
122 34
123 35
124 26
125 31
126 35
127 19
128 22
129 20
130 19
131 13
132 18
133 20
134 22
135 19
136 16
137 8
138 19
139 7
140 14
141 13
142 9
143 12
144 11
145 6
146 7
147 8
148 3
149 8
150 5
151 7
152 3
153 6
154 6
155 2
156 2
157 3
158 5
159 3
160 2
161 1
162 0
163 2
164 1
165 2
166 4
167 11
168 4
169 1
170 1
171 1
172 2
173 0
174 2
175 2
176 0
177 2
178 2
179 2
180 1
181 0
182 0
183 1
184 0
185 1
186 0
187 0
188 0
189 2
190 0
191 0
192 2
193 0
194 0
195 0
196 0
197 1
198 1
199 2
200 1
201 1
202 1
203 0
204 0
205 0
206 1
207 0
208 0
209 0
210 0
211 1
212 1
213 3
214 0
215 0
216 0
217 0
218 0
219 0
220 0
221 1
222 1
223 0
224 0
225 1
226 0
227 0
228 0
229 0
230 0
231 0
232 0
233 0
234 0
235 0
236 0
237 0
238 0
239 0
240 0
241 0
242 0
243 0
244 0
245 0
246 0
247 0
248 0
249 0
250 0
251 0
252 0
253 0
254 0
255 0
256 0
257 0
258 0
259 0
260 0
261 0
262 0
263 0
264 0
265 0
266 0
267 0
268 0
269 0
270 0
271 0
272 0
273 0
274 0
275 0
276 0
277 0
278 0
279 0
280 1
