0 0.1945
1 0.2203
2 0.2441
3 0.2257
4 0.1741
5 0.23
6 0.2198
7 0.2221
8 0.2209
9 0.2193
10 0.2511
11 0.2293
12 0.2072
13 0.1989
14 0.2493
15 0.2149
16 0.2101
17 0.2131
18 0.2148
19 0.2122
20 0.2138
21 0.1879
22 0.2083
23 0.2107
24 0.2142
25 0.2496
26 0.2173
27 0.2594
28 0.2454
29 0.2581
30 0.2407
31 0.2534
32 0.1934
33 0.1949
34 0.2441
35 0.2366
36 0.2
37 0.2083
38 0.1929
39 0.2071
40 0.2134
41 0.1985
42 0.2025
43 0.2145
44 0.2411
45 0.2169
46 0.2386
47 0.1722
48 0.2294
49 0.2071
50 0.2098
51 0.206
52 0.2242
53 0.2162
54 0.229
55 0.2392
56 0.2067
57 0.2021
58 0.2236
59 0.2301
60 0.21
61 0.2491
62 0.1893
63 0.1956
64 0.1898
65 0.2538
66 0.2234
67 0.2335
68 0.208
69 0.2351
70 0.2291
71 0.2429
72 0.2405
73 0.2263
74 0.2303
75 0.242
76 0.2234
77 0.1975
78 0.2269
79 0.1801
80 0.216
81 0.2366
82 0.2187
83 0.2278
84 0.2356
85 0.21
86 0.2018
87 0.2295
88 0.1943
89 0.2375
90 0.215
91 0.2049
92 0.2278
93 0.2048
94 0.2037
95 0.2136
96 0.2017
97 0.1997
98 0.1788
99 0.195
100 0.1616
101 0.2318
102 0.2108
103 0.2485
104 0.2356
105 0.2032
106 0.2427
107 0.1862
108 0.2085
109 0.2123
110 0.2109
