2 0.726233126896343
3 0.6881298073581834
4 0.6598554242425478
5 0.6390743912393193
6 0.6228136846446222
7 0.6097089591692129
8 0.5987179407481774
9 0.5899573511799021
10 0.5820191738788557
11 0.5754910374297799
12 0.56987600102184
13 0.564526489107621
14 0.5604519965736691
15 0.5559788675289328
16 0.5528876946148225
17 0.5489482715317746
18 0.5464694129793348
19 0.5436903138033948
20 0.5406432193945164
21 0.5381234302809821
22 0.5359980241111838
23 0.5338360063798679
24 0.5324464314328934
25 0.5305909357096712
26 0.5292436019723101
27 0.5277633108153749
28 0.5255950114397112
29 0.5245388448008513
30 0.5234043863056178
31 0.5218583455351887
32 0.5204256104716967
33 0.5196394629333476
34 0.5183602460994111
35 0.5170355259811917
36 0.5167651755065658
37 0.5164145868843559
38 0.5153217878753331
39 0.5133132743222134
40 0.5131056937696442
41 0.5119822436376367
42 0.5116238638820961
43 0.5109481676918144
44 0.5100720898050128
45 0.5095626743015773
46 0.5097089875175408
47 0.5084569834014502
48 0.5073598063512189
49 0.5062314269863816
50 0.5067107547592179
51 0.5055063905383843
52 0.5055645971661963
53 0.5044368386694648
54 0.5050122549712585
55 0.5033514517811041
56 0.5036490011546014
57 0.5039266549868686
58 0.5029216923406912
59 0.5018873766060563
60 0.5011790831930174
61 0.5010019776259127
62 0.5011757721575065
63 0.500485934515191
64 0.5006733342549289
65 0.4995093283152865
66 0.5002140650465835
67 0.4993171413628916
68 0.4987201779505789
69 0.4991518918970141
70 0.4988763451973103
71 0.4979905379044373
72 0.49819599909639906
73 0.49669653844321043
74 0.49687788632284496
75 0.49709509268083946
76 0.4967270576466572
77 0.49678199209243284
78 0.49563675003581503
79 0.4964185863813859
80 0.4954402453533903
81 0.49533406400462393
82 0.49569078552601753
83 0.4945288109221922
84 0.4949351130028453
85 0.4943308707820171
86 0.49425500036645925
87 0.4939245988150822
88 0.4941635454901599
89 0.49319947856728213
90 0.4940561929296635
91 0.4932369862018402
92 0.49326107167231825
93 0.4917239989637007
94 0.4921714263350926
95 0.4933105555017297
96 0.4916178760646211
97 0.49272746340836543
98 0.4912568815058778
99 0.4903949418518252
100 0.49116334814301565
101 0.4905703003439685
102 0.49057785174695406
103 0.4906274147085638
104 0.49090596770608086
105 0.4901632016222539
106 0.4914200022668422
107 0.4907421201608956
108 0.4909006995285196
109 0.491217505322166
110 0.49003118651183364
111 0.49009743921039456
112 0.48920249642479635
113 0.4885398872100826
114 0.48920008632669815
115 0.48912292782296657
116 0.48871884236812596
117 0.48964908521125117
118 0.4889156824005453
119 0.48866726112299536
120 0.4888325964549205
121 0.48899910569254074
122 0.4883539543629146
123 0.4880748548176453
124 0.48909797897364504
125 0.4878310805531682
126 0.4882771741701883
127 0.48739181049754515
128 0.4883576993400676
129 0.48844531200805996
130 0.48810060530717536
131 0.4884770245924768
132 0.48791704138551256
133 0.4876157771682928
134 0.48630986398445536
135 0.48775368815714404
136 0.48642906181198364
137 0.48825718202497703
138 0.4869439931332577
139 0.4871590912635654
140 0.4886634447261615
141 0.48720098818627183
142 0.4877110248726892
143 0.4863589524689279
144 0.4861286490791574
145 0.48708669815633093
146 0.4874167205464819
147 0.4853669164446286
148 0.4863255556324863
149 0.4866710818900609
150 0.4839249504368343
151 0.4852208134605703
152 0.4856305743461588
153 0.4853840816098646
154 0.48519434071424816
155 0.48448963300978065
156 0.48588405736242046
157 0.48688249533576117
158 0.48527482234953295
159 0.4855697432951884
160 0.48657610008859775
161 0.4838875916669707
162 0.4852329865375258
163 0.4851573887570699
164 0.4843078718986518
165 0.48608106722397737
166 0.48666858652261125
167 0.48586623010751606
168 0.4842074080127485
169 0.48396261760053283
170 0.4848648705959689
171 0.4849392237224056
172 0.48505110639322374
173 0.48318053046019316
174 0.48606068170471567
175 0.48281239210992705
176 0.4860873175038443
177 0.48359109323712923
178 0.4834073466235459
179 0.4849876390605686
180 0.4860932551503559
181 0.48695363773782263
182 0.48448847007365003
183 0.4837892172591957
184 0.4852401468007021
185 0.48416078211004515
186 0.48101283280121915
187 0.4817273878182585
188 0.48400143420580855
189 0.4828049278916331
190 0.4818209593644974
191 0.48350641185871945
192 0.4830625489022875
193 0.48319967515988227
194 0.4855388131114761
195 0.4849454964544683
196 0.4831474365744088
197 0.48199583785890177
198 0.48469121240205576
199 0.48275979994015306
200 0.4834707867905488
201 0.4814145085032813
202 0.4810325901131926
203 0.48391305146721053
204 0.48255813953488375
205 0.4820426593111787
206 0.48057044779573416
207 0.48255550521069324
208 0.4845649112644688
209 0.48401290701085364
210 0.4827444956477214
211 0.48146799679603874
212 0.48455561671677183
213 0.48517935673018886
214 0.4800759429769208
215 0.48188511200125317
216 0.4787466187802605
217 0.48352245780846953
218 0.48145964051516726
219 0.4828199336825412
220 0.48206678075956744
221 0.48406223202254073
222 0.4819490090628423
223 0.479412026273329
224 0.47808542661407516
225 0.4792035749226579
226 0.4831192192555005
227 0.48141614702986546
228 0.48343350499007537
229 0.4818281473986002
230 0.47954220314735335
231 0.4805047538743349
232 0.4794794197886075
233 0.48234044167868256
234 0.4813583217126132
235 0.481091192517537
236 0.4838608142773957
237 0.48111792121560365
238 0.48098007591678477
239 0.4830729382855435
240 0.4803063457330416
241 0.484479087974727
242 0.4796646139929722
243 0.4828601845280341
244 0.4824146699616776
245 0.4784538900405423
246 0.48209397173026425
247 0.4820032187825428
248 0.47779870828848225
249 0.4773558698671675
250 0.4843439955552028
251 0.4808870031621503
252 0.47930617845221274
253 0.48318892251565027
254 0.4779547747141896
255 0.4825056312345811
256 0.48021551348049907
257 0.4814986840068122
258 0.4827942729990335
259 0.47947220817433683
260 0.48038141421677194
261 0.4853511010301484
262 0.4799807738524393
263 0.4784308903098869
264 0.48237356034051077
265 0.48202352821607336
266 0.48104216305811665
267 0.48238390576953144
268 0.4807098154163036
269 0.4812078380982975
270 0.4805431093007468
271 0.4806214362449384
272 0.4821113383576612
273 0.47786004028025986
274 0.47965993500464255
275 0.47970906931868784
276 0.480668976947416
277 0.4802326998050682
278 0.47615331793495225
279 0.47701332653191353
280 0.478510856996017
281 0.4812365626425174
282 0.4806139738861756
283 0.47369672270334523
284 0.4839042509286009
285 0.48072665940475773
286 0.47691651562000215
287 0.48016029196035637
288 0.47942492481478766
289 0.48087165253919434
290 0.4820269500854052
291 0.4789948206407059
292 0.4818199646989606
293 0.480332677086263
294 0.47747045305318453
295 0.4817867699096624
296 0.4747093269965204
297 0.47668730248062685
298 0.4793598040930558
299 0.4770407035842136
300 0.47802024746906635
301 0.48093171957067826
302 0.4827058605341246
303 0.4803880020718557
304 0.48303639120545866
305 0.4865867167557675
306 0.48083946048595216
307 0.48562049875067365
308 0.4788753421249067
309 0.4778392648626694
310 0.4806185460017643
311 0.47940976401025587
312 0.4824509856295742
313 0.4782608695652174
314 0.4803452115812918
315 0.47704871867079696
316 0.48477964561562925
317 0.473503177286772
318 0.47624992568812796
319 0.48196801070364287
320 0.4851570696784546
321 0.47611995557201037
322 0.4817757598688359
323 0.48285913440212913
324 0.4779882345335833
325 0.47830095488969376
326 0.4676008202323992
327 0.48139306277208255
328 0.47681323342287574
329 0.4837495475931958
330 0.48038783605112384
331 0.47667357819905215
332 0.4830683156654888
333 0.48089904309769305
334 0.4787883354683144
335 0.47129002463054187
336 0.4749763182822861
337 0.47800916619763606
338 0.4813704843674064
339 0.47879187984815974
340 0.4822700980803085
341 0.48104731753230084
342 0.47902582769977464
343 0.48765760966080623
344 0.47964444444444443
345 0.48236244502288844
346 0.47993492407809113
347 0.47612437534702945
348 0.4794908062234795
349 0.48921403113862316
350 0.4697502136955076
351 0.4783634933123525
352 0.47700513233370234
353 0.4757072570725707
354 0.4892236869638
355 0.482923781757601
356 0.48434391035710544
357 0.47886421861656703
358 0.477175697865353
359 0.4907200357781753
360 0.4816492976891708
361 0.4878133704735376
362 0.4705813132501765
363 0.47537447573397246
364 0.4766309039339006
365 0.47446083995459704
366 0.4866881028938907
367 0.4825793031721269
368 0.48109412711182625
369 0.4815418023887079
370 0.4689626440772115
371 0.4770771617999718
372 0.46940534329215744
373 0.4770842426887822
374 0.4691594288237892
375 0.47064150943396227
376 0.4798096115461385
377 0.4733663672963766
378 0.47573872472783824
379 0.4807932542161149
380 0.4768222506393862
381 0.4718842486024334
382 0.4732469258889997
383 0.49247062717193446
384 0.482884679295447
385 0.4765770336546592
386 0.4720181881776845
387 0.4698969444946664
388 0.48269581056466304
389 0.47326445531992023
390 0.4795880149812734
391 0.47935016637306715
392 0.4753073977020762
393 0.484149855907781
394 0.48039825762289984
395 0.48595108146351323
396 0.46787479406919275
397 0.4812366737739872
398 0.475512405609493
399 0.4853982300884956
400 0.4749774571686204
401 0.4870939029817534
402 0.48169773186615766
403 0.4825256290773532
404 0.4833138856476079
405 0.48301085417649836
406 0.4716073147256978
407 0.4827414949093618
408 0.4730238393977415
409 0.4735772357723577
410 0.46054054054054056
411 0.484304932735426
412 0.4856828193832599
413 0.4680011277135608
414 0.4819960306209243
415 0.461160843199538
416 0.46987951807228917
417 0.4742489270386266
418 0.4815045073049425
419 0.49477244772447726
420 0.48227383863080686
421 0.46951602765556255
422 0.48368704466265444
423 0.4787692307692308
424 0.4764447236180904
425 0.481266149870801
426 0.47896440129449835
427 0.4794880210042665
428 0.4748968363136176
429 0.4833096590909091
430 0.4782608695652174
431 0.47107129525942515
432 0.49401645474943906
433 0.48385926731955026
434 0.4661144578313253
435 0.468418987838368
436 0.4735376044568245
437 0.4842105263157895
438 0.4844591794446747
439 0.47145790554414785
440 0.4862728785357737
441 0.46087332468655423
442 0.45783684692942256
443 0.4755927475592748
444 0.47373358348968103
445 0.48068669527896996
446 0.4819451131439576
447 0.4714285714285714
448 0.4959473150962513
449 0.4935864545920985
450 0.4857997010463378
451 0.46217616580310883
452 0.49638802889576883
453 0.47885888945491595
454 0.49162303664921464
455 0.4832325453545904
456 0.49252934898612594
457 0.47096430474160894
458 0.4626614261650758
459 0.48699095022624433
460 0.4877913429522753
461 0.45735981308411217
462 0.47619047619047616
463 0.4849600982197667
464 0.45552731893265563
465 0.47631754503002
466 0.46298882681564246
467 0.46007326007326005
468 0.4822076978939724
469 0.47411242603550297
470 0.4839939024390244
471 0.4841328413284133
472 0.46860986547085204
473 0.45931558935361216
474 0.45608380338436744
475 0.4682274247491639
476 0.4748936170212766
477 0.4688026981450253
478 0.444141689373297
479 0.45719489981785066
480 0.48761061946902656
481 0.46944198405668736
482 0.47666971637694416
483 0.5039787798408488
484 0.46601941747572817
485 0.4872495446265938
486 0.49517966695880805
487 0.48697214734950584
488 0.47830101569713757
489 0.4739249771271729
490 0.4836852207293666
491 0.48377862595419846
492 0.48514851485148514
493 0.4649033570701933
494 0.480546792849632
495 0.4770053475935829
496 0.4884453781512605
497 0.4471718249733191
498 0.47796222095020036
