0 0.4075
1 0.4021
2 0.4124
3 0.4089
4 0.4137
5 0.3887
6 0.3993
7 0.411
8 0.4093
9 0.4016
10 0.4075
11 0.4089
12 0.3965
13 0.3963
14 0.4129
15 0.4189
16 0.4004
17 0.4168
18 0.3961
19 0.3951
20 0.4005
21 0.4113
22 0.4049
23 0.4185
24 0.4029
25 0.4033
26 0.4202
27 0.4274
28 0.4102
29 0.4103
30 0.4124
31 0.3998
32 0.4135
33 0.4252
34 0.401
35 0.4028
36 0.4104
37 0.405
38 0.4115
39 0.3895
40 0.3968
41 0.4159
42 0.4098
43 0.4206
44 0.4016
45 0.4066
46 0.4233
47 0.4157
48 0.403
49 0.4241
50 0.4106
51 0.4129
52 0.3971
53 0.407
54 0.4007
55 0.3985
56 0.4162
57 0.4185
58 0.3976
59 0.4116
60 0.4166
61 0.4236
62 0.4179
63 0.4086
64 0.4291
65 0.4135
66 0.3981
67 0.4167
68 0.399
69 0.4064
70 0.3996
71 0.4166
72 0.4209
73 0.3991
74 0.4164
75 0.4139
76 0.4147
77 0.4014
78 0.4121
79 0.4152
80 0.4068
81 0.4198
82 0.4232
83 0.4021
84 0.4127
85 0.4012
86 0.4098
87 0.4019
88 0.4118
89 0.3904
90 0.4008
91 0.389
92 0.4097
93 0.4234
94 0.4168
95 0.413
96 0.4081
97 0.4118
98 0.4109
99 0.4076
100 0.418
101 0.4136
102 0.4063
103 0.4121
104 0.4073
105 0.4033
106 0.4027
107 0.4122
108 0.4223
109 0.4157
110 0.4092
