-422 1
-421 0
-420 0
-419 0
-418 0
-417 0
-416 0
-415 0
-414 0
-413 0
-412 0
-411 0
-410 1
-409 0
-408 0
-407 0
-406 0
-405 0
-404 0
-403 0
-402 0
-401 1
-400 0
-399 0
-398 0
-397 0
-396 0
-395 0
-394 0
-393 0
-392 0
-391 0
-390 0
-389 0
-388 0
-387 0
-386 0
-385 0
-384 0
-383 1
-382 0
-381 0
-380 0
-379 0
-378 0
-377 0
-376 0
-375 0
-374 0
-373 0
-372 0
-371 0
-370 0
-369 0
-368 0
-367 0
-366 0
-365 0
-364 1
-363 0
-362 0
-361 0
-360 0
-359 1
-358 0
-357 0
-356 0
-355 0
-354 0
-353 0
-352 0
-351 0
-350 0
-349 0
-348 1
-347 0
-346 3
-345 0
-344 0
-343 0
-342 1
-341 1
-340 0
-339 0
-338 0
-337 1
-336 0
-335 0
-334 0
-333 0
-332 0
-331 0
-330 0
-329 0
-328 0
-327 0
-326 0
-325 2
-324 1
-323 1
-322 0
-321 2
-320 0
-319 0
-318 1
-317 0
-316 3
-315 0
-314 0
-313 0
-312 0
-311 0
-310 4
-309 1
-308 0
-307 0
-306 2
-305 1
-304 1
-303 0
-302 1
-301 1
-300 0
-299 1
-298 1
-297 2
-296 2
-295 3
-294 1
-293 1
-292 6
-291 2
-290 1
-289 2
-288 2
-287 2
-286 1
-285 1
-284 2
-283 3
-282 5
-281 5
-280 3
-279 4
-278 3
-277 2
-276 3
-275 1
-274 1
-273 4
-272 3
-271 7
-270 0
-269 8
-268 3
-267 3
-266 6
-265 4
-264 6
-263 6
-262 5
-261 6
-260 6
-259 7
-258 6
-257 8
-256 11
-255 9
-254 13
-253 6
-252 11
-251 10
-250 5
-249 13
-248 8
-247 10
-246 10
-245 15
-244 7
-243 8
-242 14
-241 8
-240 10
-239 20
-238 9
-237 11
-236 11
-235 13
-234 15
-233 25
-232 23
-231 17
-230 16
-229 18
-228 27
-227 23
-226 15
-225 30
-224 21
-223 31
-222 29
-221 26
-220 18
-219 36
-218 33
-217 33
-216 16
-215 31
-214 30
-213 36
-212 24
-211 39
-210 32
-209 33
-208 28
-207 36
-206 37
-205 57
-204 41
-203 42
-202 68
-201 56
-200 47
-199 58
-198 74
-197 54
-196 80
-195 88
-194 68
-193 78
-192 74
-191 78
-190 87
-189 69
-188 86
-187 84
-186 91
-185 94
-184 71
-183 99
-182 126
-181 101
-180 113
-179 96
-178 132
-177 150
-176 122
-175 149
-174 158
-173 158
-172 149
-171 188
-170 183
-169 182
-168 204
-167 177
-166 215
-165 217
-164 218
-163 233
-162 243
-161 254
-160 263
-159 242
-158 265
-157 301
-156 279
-155 329
-154 318
-153 355
-152 367
-151 343
-150 410
-149 389
-148 442
-147 430
-146 446
-145 448
-144 474
-143 487
-142 528
-141 545
-140 560
-139 623
-138 610
-137 706
-136 711
-135 674
-134 731
-133 752
-132 737
-131 869
-130 858
-129 936
-128 946
-127 964
-126 958
-125 1074
-124 1118
-123 1147
-122 1199
-121 1290
-120 1301
-119 1408
-118 1417
-117 1474
-116 1552
-115 1691
-114 1688
-113 1726
-112 1796
-111 1961
-110 2012
-109 2069
-108 2223
-107 2358
-106 2401
-105 2499
-104 2569
-103 2779
-102 2845
-101 2985
-100 3101
-99 3236
-98 3388
-97 3545
-96 3800
-95 3871
-94 4008
-93 4148
-92 4460
-91 4766
-90 4784
-89 5150
-88 5416
-87 5579
-86 5927
-85 6244
-84 6511
-83 6661
-82 7107
-81 7576
-80 7960
-79 8093
-78 8442
-77 9071
-76 9497
-75 9758
-74 10204
-73 10623
-72 11516
-71 12050
-70 12642
-69 13261
-68 14013
-67 14639
-66 15538
-65 16286
-64 17185
-63 18300
-62 19136
-61 20066
-60 20945
-59 22152
-58 23466
-57 24985
-56 26543
-55 27441
-54 29276
-53 30729
-52 32139
-51 34954
-50 36240
-49 38846
-48 41118
-47 43610
-46 46774
-45 49169
-44 52266
-43 55688
-42 59066
-41 62973
-40 66902
-39 71719
-38 76666
-37 81627
-36 87297
-35 93739
-34 99920
-33 107457
-32 115283
-31 124138
-30 133560
-29 143565
-28 155517
-27 167653
-26 183074
-25 197961
-24 215664
-23 235281
-22 257233
-21 280620
-20 309253
-19 340757
-18 376836
-17 418343
-16 466482
-15 522672
-14 589308
-13 668197
-12 763974
-11 878896
-10 1023697
-9 1205123
-8 1439008
-7 1750024
-6 2183068
-5 2806520
-4 3775874
-3 5431752
-2 8891333
-1 18847839
0 88108992
1 820237263
2 92455859
3 15793213
4 8101781
5 5207912
6 3678282
7 2756813
8 2154092
9 1731336
10 1421737
11 1194849
12 1016398
13 872063
14 759029
15 663311
16 587270
17 519781
18 464079
19 415176
20 374965
21 339818
22 307115
23 279903
24 255382
25 234211
26 214190
27 196562
28 181767
29 167522
30 154837
31 143192
32 133447
33 124201
34 114782
35 107092
36 99935
37 92828
38 87354
39 81183
40 76401
41 71376
42 66907
43 62559
44 58991
45 55733
46 52070
47 48688
48 45977
49 43537
50 40879
51 38652
52 36172
53 34182
54 32340
55 31036
56 29206
57 27593
58 26261
59 24578
60 23315
61 22094
62 21053
63 19855
64 19368
65 17928
66 17080
67 16258
68 15432
69 14747
70 14119
71 13284
72 12522
73 11870
74 11234
75 10820
76 10421
77 9933
78 9420
79 8998
80 8478
81 8064
82 7841
83 7237
84 7058
85 6855
86 6428
87 6107
88 5702
89 5588
90 5410
91 5086
92 4945
93 4654
94 4425
95 4309
96 4108
97 3872
98 3532
99 3521
100 3390
101 3235
102 3058
103 3018
104 2872
105 2677
106 2616
107 2528
108 2470
109 2240
110 2218
111 2050
112 1951
113 1865
114 1874
115 1781
116 1668
117 1642
118 1559
119 1544
120 1406
121 1324
122 1266
123 1181
124 1217
125 1139
126 1076
127 1119
128 1008
129 1015
130 969
131 912
132 848
133 829
134 807
135 723
136 728
137 733
138 664
139 661
140 700
141 596
142 577
143 532
144 577
145 518
146 480
147 474
148 468
149 449
150 443
151 387
152 383
153 391
154 360
155 344
156 325
157 307
158 308
159 290
160 268
161 268
162 253
163 257
164 234
165 236
166 209
167 219
168 225
169 185
170 163
171 180
172 193
173 187
174 155
175 176
176 138
177 135
178 136
179 134
180 130
181 123
182 112
183 105
184 108
185 107
186 113
187 95
188 90
189 83
190 73
191 88
192 83
193 88
194 76
195 63
196 67
197 64
198 46
199 48
200 66
201 49
202 45
203 46
204 51
205 48
206 36
207 49
208 49
209 37
210 47
211 36
212 43
213 40
214 42
215 36
216 41
217 31
218 36
219 37
220 28
221 14
222 26
223 23
224 22
225 18
226 18
227 21
228 14
229 18
230 20
231 21
232 12
233 20
234 12
235 12
236 11
237 20
238 18
239 13
240 18
241 8
242 12
243 19
244 12
245 13
246 9
247 4
248 10
249 7
250 12
251 12
252 10
253 6
254 15
255 5
256 6
257 8
258 9
259 6
260 5
261 4
262 8
263 2
264 6
265 9
266 5
267 6
268 3
269 7
270 2
271 4
272 2
273 6
274 2
275 6
276 4
277 5
278 2
279 2
280 1
281 4
282 5
283 4
284 1
285 4
286 2
287 4
288 5
289 3
290 4
291 2
292 0
293 2
294 1
295 2
296 0
297 2
298 2
299 3
300 0
301 2
302 2
303 2
304 0
305 1
306 1
307 0
308 2
309 3
310 1
311 0
312 1
313 0
314 1
315 1
316 1
317 3
318 6
319 1
320 3
321 0
322 1
323 1
324 0
325 0
326 0
327 1
328 0
329 0
330 0
331 0
332 0
333 1
334 1
335 0
336 0
337 1
338 0
339 1
340 1
341 0
342 0
343 0
344 0
345 1
346 0
347 0
348 0
349 0
350 0
351 0
352 0
353 1
354 0
355 0
356 0
357 0
358 0
359 0
360 0
361 0
362 0
363 0
364 0
365 0
366 0
367 0
368 1
369 0
370 0
371 0
372 0
373 0
374 1
375 0
376 0
377 0
378 0
379 0
380 0
381 0
382 0
383 0
384 0
385 0
386 0
387 0
388 0
389 0
390 0
391 0
392 0
393 0
394 0
395 0
396 0
397 0
398 0
399 0
400 0
401 0
402 1
403 0
404 0
405 0
406 0
407 0
408 0
409 1
410 0
411 0
412 0
413 0
414 0
415 0
416 0
417 0
418 0
419 0
420 0
421 0
422 0
423 0
424 0
425 0
426 0
427 0
428 0
429 0
430 0
431 0
432 0
433 1
