2 0.7557832634684055
3 0.7229437229437229
4 0.6918892783754381
5 0.6795764432840151
6 0.6462130078582177
7 0.6372786579683132
8 0.6191564512777893
9 0.6132011714350079
10 0.6087393269713711
11 0.6028784648187633
12 0.6063454759106933
13 0.5923006971809639
14 0.5760527969830296
15 0.5855110817069137
16 0.5861358956760466
17 0.5950413223140496
18 0.5523952095808383
19 0.584942084942085
20 0.5589292848581702
21 0.5545263157894736
22 0.5511669658886894
23 0.5551470588235294
24 0.5465867158671587
25 0.5518774703557312
26 0.5618374558303887
27 0.5404298874104401
28 0.5699088145896657
29 0.5352760736196319
30 0.5637126376507604
31 0.5453074433656958
32 0.5310229178311906
33 0.5305240410588871
34 0.5371024734982333
35 0.5427574171029669
36 0.5510331872260489
37 0.5450479233226837
38 0.5545212765957447
39 0.5346666666666666
40 0.5454545454545454
41 0.5355191256830601
42 0.5174777244688142
43 0.5551700208188758
44 0.5265042979942693
45 0.531317494600432
46 0.557909604519774
47 0.510146955913226
48 0.5225618631732168
49 0.5518796992481203
50 0.5466568699485672
51 0.5240174672489083
52 0.52660406885759
53 0.5261464199517297
54 0.532590051457976
55 0.532258064516129
56 0.5400175901495162
57 0.4927927927927928
58 0.5454545454545454
59 0.5413533834586466
60 0.5617566331198536
61 0.5134408602150538
62 0.5054249547920434
63 0.5300970873786408
64 0.5239410681399632
65 0.5192135835567471
66 0.49660523763336567
67 0.5129932627526468
68 0.5298013245033113
69 0.5151209677419355
70 0.5331196581196581
71 0.5413687436159347
72 0.5444664031620553
73 0.5200803212851406
74 0.5275827482447342
75 0.534010152284264
76 0.4928571428571429
77 0.4978858350951374
78 0.5244831338411317
79 0.5134831460674157
80 0.5137931034482759
81 0.5548245614035088
82 0.5270988310308182
83 0.5032258064516129
84 0.49130434782608695
85 0.5173572228443449
86 0.5242825607064018
87 0.5275229357798165
88 0.5267958950969214
89 0.504093567251462
90 0.47953216374269003
91 0.49936948297604034
92 0.528178243774574
93 0.5287356321839081
94 0.5120967741935484
95 0.5488126649076517
96 0.5182849936948297
97 0.49612403100775193
98 0.5050709939148073
