-596 1
-595 0
-594 0
-593 0
-592 0
-591 0
-590 0
-589 0
-588 0
-587 0
-586 0
-585 0
-584 0
-583 0
-582 0
-581 0
-580 0
-579 0
-578 0
-577 0
-576 0
-575 0
-574 0
-573 0
-572 0
-571 0
-570 0
-569 0
-568 0
-567 0
-566 0
-565 0
-564 0
-563 0
-562 0
-561 0
-560 0
-559 0
-558 0
-557 0
-556 0
-555 0
-554 0
-553 0
-552 0
-551 0
-550 0
-549 0
-548 0
-547 0
-546 0
-545 0
-544 0
-543 0
-542 0
-541 0
-540 0
-539 0
-538 0
-537 0
-536 0
-535 0
-534 0
-533 0
-532 0
-531 0
-530 0
-529 0
-528 0
-527 0
-526 0
-525 0
-524 0
-523 0
-522 0
-521 0
-520 0
-519 0
-518 0
-517 0
-516 0
-515 0
-514 0
-513 0
-512 0
-511 0
-510 0
-509 0
-508 0
-507 0
-506 0
-505 0
-504 0
-503 0
-502 0
-501 0
-500 0
-499 0
-498 0
-497 0
-496 0
-495 0
-494 0
-493 0
-492 0
-491 0
-490 0
-489 1
-488 0
-487 0
-486 0
-485 0
-484 0
-483 0
-482 0
-481 0
-480 0
-479 0
-478 0
-477 0
-476 0
-475 0
-474 0
-473 0
-472 0
-471 0
-470 0
-469 0
-468 0
-467 1
-466 1
-465 0
-464 0
-463 0
-462 0
-461 0
-460 0
-459 0
-458 0
-457 0
-456 0
-455 0
-454 0
-453 1
-452 0
-451 0
-450 0
-449 0
-448 0
-447 0
-446 0
-445 0
-444 0
-443 1
-442 0
-441 0
-440 0
-439 1
-438 1
-437 0
-436 0
-435 0
-434 0
-433 0
-432 0
-431 0
-430 0
-429 1
-428 0
-427 0
-426 0
-425 0
-424 0
-423 1
-422 0
-421 0
-420 0
-419 0
-418 0
-417 0
-416 0
-415 0
-414 0
-413 0
-412 0
-411 0
-410 0
-409 0
-408 0
-407 0
-406 1
-405 0
-404 0
-403 1
-402 1
-401 1
-400 0
-399 2
-398 0
-397 0
-396 0
-395 0
-394 0
-393 0
-392 0
-391 0
-390 0
-389 0
-388 1
-387 0
-386 0
-385 0
-384 1
-383 1
-382 0
-381 0
-380 0
-379 0
-378 0
-377 0
-376 0
-375 1
-374 0
-373 0
-372 0
-371 0
-370 0
-369 0
-368 0
-367 0
-366 1
-365 0
-364 1
-363 1
-362 0
-361 0
-360 0
-359 0
-358 0
-357 0
-356 0
-355 1
-354 1
-353 0
-352 0
-351 0
-350 0
-349 1
-348 0
-347 0
-346 0
-345 0
-344 0
-343 0
-342 0
-341 0
-340 1
-339 1
-338 1
-337 0
-336 0
-335 2
-334 1
-333 1
-332 0
-331 0
-330 0
-329 1
-328 1
-327 1
-326 0
-325 0
-324 0
-323 0
-322 0
-321 0
-320 1
-319 0
-318 0
-317 0
-316 1
-315 1
-314 2
-313 1
-312 0
-311 1
-310 1
-309 0
-308 1
-307 0
-306 0
-305 0
-304 0
-303 0
-302 0
-301 2
-300 1
-299 0
-298 1
-297 1
-296 2
-295 0
-294 1
-293 1
-292 0
-291 1
-290 0
-289 0
-288 1
-287 0
-286 1
-285 2
-284 0
-283 1
-282 1
-281 0
-280 0
-279 2
-278 2
-277 1
-276 1
-275 0
-274 0
-273 3
-272 1
-271 3
-270 1
-269 0
-268 1
-267 1
-266 2
-265 0
-264 0
-263 0
-262 1
-261 1
-260 2
-259 4
-258 2
-257 2
-256 1
-255 1
-254 3
-253 2
-252 2
-251 1
-250 0
-249 2
-248 2
-247 0
-246 0
-245 0
-244 2
-243 1
-242 2
-241 3
-240 1
-239 3
-238 0
-237 2
-236 5
-235 0
-234 2
-233 4
-232 0
-231 0
-230 3
-229 2
-228 2
-227 2
-226 0
-225 5
-224 5
-223 3
-222 3
-221 4
-220 4
-219 1
-218 2
-217 0
-216 3
-215 0
-214 3
-213 3
-212 1
-211 3
-210 2
-209 1
-208 1
-207 2
-206 2
-205 0
-204 4
-203 2
-202 6
-201 2
-200 4
-199 3
-198 3
-197 0
-196 0
-195 5
-194 3
-193 2
-192 2
-191 5
-190 6
-189 5
-188 3
-187 1
-186 5
-185 2
-184 7
-183 6
-182 2
-181 3
-180 2
-179 7
-178 4
-177 3
-176 5
-175 5
-174 2
-173 3
-172 5
-171 7
-170 3
-169 6
-168 5
-167 4
-166 3
-165 7
-164 5
-163 0
-162 5
-161 3
-160 6
-159 5
-158 5
-157 8
-156 6
-155 5
-154 7
-153 13
-152 7
-151 10
-150 7
-149 11
-148 4
-147 8
-146 9
-145 8
-144 10
-143 10
-142 7
-141 5
-140 2
-139 8
-138 12
-137 11
-136 11
-135 9
-134 10
-133 18
-132 12
-131 9
-130 10
-129 8
-128 15
-127 8
-126 14
-125 13
-124 13
-123 14
-122 5
-121 12
-120 12
-119 17
-118 14
-117 10
-116 17
-115 12
-114 18
-113 15
-112 21
-111 13
-110 14
-109 13
-108 18
-107 16
-106 16
-105 22
-104 17
-103 19
-102 16
-101 15
-100 16
-99 20
-98 22
-97 18
-96 33
-95 19
-94 23
-93 16
-92 23
-91 25
-90 15
-89 23
-88 30
-87 24
-86 24
-85 24
-84 34
-83 33
-82 34
-81 25
-80 32
-79 43
-78 28
-77 41
-76 39
-75 43
-74 29
-73 34
-72 48
-71 47
-70 33
-69 50
-68 47
-67 37
-66 33
-65 31
-64 53
-63 41
-62 61
-61 60
-60 51
-59 46
-58 46
-57 62
-56 53
-55 66
-54 59
-53 66
-52 65
-51 68
-50 84
-49 67
-48 104
-47 99
-46 78
-45 97
-44 80
-43 97
-42 92
-41 104
-40 105
-39 111
-38 120
-37 134
-36 133
-35 177
-34 140
-33 160
-32 153
-31 173
-30 171
-29 185
-28 190
-27 190
-26 198
-25 224
-24 230
-23 271
-22 270
-21 294
-20 338
-19 353
-18 374
-17 432
-16 522
-15 514
-14 585
-13 616
-12 700
-11 838
-10 857
-9 1096
-8 1244
-7 1533
-6 1876
-5 2277
-4 3308
-3 4547
-2 7291
-1 16276
0 90871
1 712198
2 93812
3 14135
4 6774
5 4406
6 3143
7 2401
8 1831
9 1504
10 1251
11 1090
12 925
13 842
14 685
15 612
16 512
17 505
18 504
19 424
20 375
21 378
22 309
23 286
24 299
25 275
26 233
27 238
28 222
29 193
30 183
31 189
32 170
33 164
34 132
35 169
36 145
37 151
38 136
39 124
40 111
41 112
42 116
43 92
44 85
45 106
46 80
47 103
48 86
49 86
50 82
51 82
52 81
53 68
54 76
55 84
56 66
57 67
58 64
59 58
60 53
61 46
62 60
63 43
64 46
65 40
66 48
67 48
68 47
69 34
70 51
71 44
72 43
73 46
74 46
75 39
76 32
77 35
78 31
79 24
80 31
81 34
82 25
83 31
84 38
85 29
86 32
87 34
88 30
89 29
90 31
91 18
92 12
93 27
94 23
95 23
96 25
97 17
98 35
99 17
100 15
101 19
102 19
103 26
104 22
105 14
106 17
107 16
108 14
109 16
110 12
111 17
112 10
113 21
114 11
115 13
116 16
117 10
118 16
119 9
120 13
121 12
122 11
123 11
124 15
125 11
126 15
127 3
128 13
129 9
130 10
131 15
132 6
133 15
134 10
135 13
136 9
137 13
138 14
139 9
140 6
141 7
142 10
143 11
144 7
145 8
146 8
147 8
148 4
149 8
150 3
151 6
152 9
153 6
154 10
155 9
156 5
157 4
158 13
159 10
160 6
161 12
162 6
163 4
164 6
165 6
166 4
167 7
168 3
169 9
170 5
171 1
172 7
173 6
174 4
175 2
176 5
177 3
178 6
179 6
180 2
181 4
182 5
183 6
184 1
185 3
186 3
187 4
188 4
189 2
190 3
191 6
192 1
193 4
194 4
195 2
196 2
197 6
198 5
199 2
200 1
201 5
202 2
203 1
204 2
205 1
206 2
207 2
208 2
209 1
210 6
211 5
212 7
213 2
214 2
215 1
216 3
217 3
218 3
219 1
220 4
221 0
222 0
223 1
224 4
225 1
226 0
227 3
228 3
229 3
230 2
231 1
232 1
233 1
234 2
235 1
236 0
237 2
238 1
239 1
240 4
241 4
242 2
243 0
244 1
245 1
246 0
247 1
248 1
249 1
250 1
251 1
252 3
253 1
254 2
255 2
256 0
257 1
258 3
259 0
260 0
261 1
262 1
263 0
264 0
265 0
266 2
267 3
268 1
269 1
270 2
271 0
272 2
273 1
274 0
275 1
276 0
277 1
278 4
279 0
280 1
281 1
282 0
283 0
284 0
285 0
286 1
287 1
288 1
289 1
290 0
291 0
292 0
293 0
294 1
295 1
296 0
297 1
298 0
299 2
300 0
301 0
302 2
303 1
304 0
305 0
306 1
307 0
308 1
309 0
310 2
311 0
312 0
313 0
314 3
315 2
316 1
317 0
318 1
319 0
320 1
321 1
322 2
323 0
324 1
325 0
326 0
327 1
328 1
329 0
330 0
331 2
332 0
333 1
334 0
335 2
336 1
337 1
338 1
339 1
340 0
341 1
342 0
343 0
344 0
345 0
346 0
347 0
348 1
349 0
350 0
351 2
352 1
353 0
354 0
355 0
356 0
357 0
358 1
359 1
360 0
361 0
362 0
363 0
364 0
365 0
366 0
367 0
368 0
369 1
370 0
371 0
372 0
373 0
374 0
375 0
376 0
377 0
378 0
379 0
380 0
381 1
382 0
383 0
384 1
385 0
386 0
387 0
388 0
389 0
390 0
391 0
392 0
393 0
394 0
395 0
396 0
397 1
398 1
399 0
400 0
401 0
402 0
403 1
404 1
405 0
406 1
407 0
408 0
409 0
410 1
411 0
412 0
413 0
414 1
415 0
416 0
417 0
418 0
419 0
420 0
421 0
422 0
423 0
424 1
425 0
426 0
427 0
428 0
429 0
430 0
431 1
432 0
433 0
434 0
435 1
436 0
437 0
438 1
439 0
440 0
441 0
442 0
443 0
444 0
445 0
446 0
447 0
448 0
449 0
450 0
451 1
452 0
453 0
454 0
455 0
456 0
457 0
458 0
459 0
460 0
461 0
462 0
463 0
464 0
465 0
466 0
467 0
468 0
469 0
470 0
471 0
472 0
473 0
474 0
475 0
476 0
477 0
478 0
479 0
480 0
481 0
482 0
483 0
484 0
485 0
486 0
487 0
488 0
489 0
490 0
491 0
492 1
493 0
494 1
495 0
496 0
497 0
498 0
499 0
500 0
501 0
502 0
503 0
504 0
505 0
506 0
507 0
508 0
509 0
510 0
511 0
512 0
513 0
514 0
515 0
516 0
517 0
518 0
519 0
520 0
521 0
522 0
523 0
524 0
525 0
526 0
527 0
528 0
529 0
530 0
531 0
532 0
533 0
534 0
535 0
536 0
537 0
538 0
539 0
540 0
541 0
542 0
543 0
544 0
545 0
546 0
547 0
548 0
549 0
550 0
551 0
552 0
553 0
554 0
555 0
556 0
557 0
558 0
559 0
560 0
561 0
562 0
563 0
564 0
565 0
566 1
567 0
568 0
569 0
570 0
571 0
572 1
573 0
574 0
575 0
576 0
577 0
578 0
579 0
580 0
581 0
582 0
583 0
584 0
585 0
586 0
587 0
588 0
589 0
590 0
591 0
592 0
593 0
594 0
595 0
596 0
597 0
598 0
599 0
600 0
601 0
602 0
603 0
604 0
605 0
606 0
607 0
608 0
609 0
610 0
611 0
612 0
613 0
614 0
615 0
616 0
617 0
618 0
619 0
620 0
621 0
622 0
623 0
624 0
625 0
626 0
627 0
628 0
629 0
630 0
631 0
632 0
633 0
634 0
635 0
636 0
637 0
638 0
639 0
640 0
641 0
642 0
643 0
644 0
645 0
646 0
647 0
648 0
649 0
650 1
