0 1.0 0.0 48992637
1 -0.6134492989026644 0.6701188063683252 60166824
2 -0.6633813472746115 0.628166547261126 12224991
3 -1.0017480748270386 0.9258314593348098 2924932
4 -1.1585069865297193 1.0577921308114284 668286
5 -1.34087248188682 1.3105677188565472 150857
6 -1.4813506432335364 1.5206934449790421 33969
7 -1.647700394218134 1.921745697358495 7610
8 -1.8132875143184422 2.259525618366476 1746
9 -2.1409921671018277 2.4866486239595345 383
10 -2.2439024390243905 2.7697798929208814 82
11 -2.7333333333333334 4.4622222222222225 15
12 -1.3333333333333333 0.2222222222222222 3
