2 0.6912219266482948
3 0.6525990275939065
4 0.6236685915579899
5 0.6029239511607464
6 0.5869331503825687
7 0.5743569214607561
8 0.5637929647579256
9 0.5554307578259227
10 0.5478746417245147
11 0.5418537234494498
12 0.5365341432694847
13 0.5315127641604245
14 0.5273530068143985
15 0.5238691911647523
16 0.5201834973804953
17 0.5171263886599975
18 0.5144514774794701
19 0.5117903532971925
20 0.5099894725096664
21 0.5081285452945216
22 0.5055194428996744
23 0.5034322772210105
24 0.5017913231694823
25 0.5006781392062422
26 0.4994207601554789
27 0.4977467483506785
28 0.4964266634965643
29 0.4953260340117326
30 0.4937430198319665
31 0.4925399472968868
32 0.4918515001198211
33 0.4905189520689293
34 0.4903147646595884
35 0.48914336119104895
36 0.48854629527253923
37 0.48688979741444577
38 0.4863858372434979
39 0.48589812174905156
40 0.48497401973975635
41 0.483934183445969
42 0.48351227745108194
43 0.4830652379949452
44 0.48278627239686234
45 0.4805760727886114
46 0.48186476069578976
47 0.4808798643405604
48 0.4809786553714926
49 0.48039832754232326
50 0.47899886555595217
51 0.4792263439258197
52 0.4785998716035673
53 0.4782524673422545
54 0.4783222016823785
55 0.4757000631487548
56 0.4782317292020166
57 0.4766132997830756
58 0.4759655766112942
59 0.47622425912061234
60 0.4751432129893079
61 0.474609766257222
62 0.47575599842186056
63 0.4753866895790538
64 0.47365034054937294
65 0.47334592580932894
66 0.4732821739666245
67 0.4726252451090302
68 0.4721611479921418
69 0.47323858079653336
70 0.4721915225963347
71 0.4718830879609009
72 0.4719913715657055
73 0.4710368716482691
74 0.4707409251565191
75 0.4712150185970784
76 0.4713214442506437
77 0.47121261252914565
78 0.471024514502216
79 0.47163969271452244
80 0.4688647112497997
81 0.46944401955000037
82 0.4712202667270292
83 0.47038891239286107
84 0.46805560667967266
85 0.4702649506013471
86 0.46907385137763946
87 0.46874511642444133
88 0.4681569829744497
89 0.4699301260137743
90 0.46826955040305823
91 0.468271997576859
92 0.4679447861391376
93 0.467403841627042
94 0.4673999730071286
95 0.4682203931392347
96 0.46798655161119984
97 0.468313551729646
98 0.4692533575160858
99 0.46986948276503177
100 0.4658065213530688
101 0.4634045485871813
102 0.4690282666126487
103 0.4661274809827752
104 0.46483587643534013
105 0.4655079276325142
106 0.4655158745887669
107 0.4647717307196286
108 0.46754624766886027
109 0.4628231015517799
110 0.4645316644176632
111 0.4676448321857313
112 0.4640541618871877
113 0.46365846718915704
114 0.46192325324272576
115 0.4637069859258944
116 0.4645412084663592
117 0.46625362307727697
118 0.4646537378392217
119 0.46380447604964525
120 0.46645312094190977
121 0.4653843408750268
122 0.4618631405946511
123 0.46469061603606066
124 0.4660147094479916
125 0.463979688987623
126 0.46455968088370664
127 0.4641018632408546
128 0.4653621662998756
129 0.4643939207330591
130 0.46501506528289255
131 0.46156113507864627
132 0.4605392363156861
133 0.46195604588039574
134 0.46488223347176333
135 0.4663993232870704
136 0.46830389933893274
137 0.46245112128605326
138 0.46177940451889915
139 0.4616846336561301
140 0.4654342678175846
141 0.46140733399405354
142 0.46252399632751856
143 0.465190705830776
144 0.46708993742292054
145 0.46261332834844376
146 0.46604102167182665
147 0.46047450782433114
148 0.4548570825862251
149 0.4627627462817628
150 0.46335227272727275
151 0.45811866859623734
152 0.4567000361838138
153 0.4604778243741263
154 0.45839697191048545
155 0.4652545268192689
156 0.463241555492478
157 0.4586903076808463
158 0.4645590936925903
159 0.46106090373280945
160 0.4558545215173208
161 0.464406485736582
162 0.4661176259958822
163 0.4587672389529975
164 0.46459700323180886
165 0.4616937518926012
166 0.46598390636430137
167 0.4602986999032986
168 0.45514247551202136
169 0.4645427728613569
170 0.46106483158275985
171 0.453437771975631
172 0.4525794684731631
173 0.4535428728977116
174 0.45415809579782546
175 0.46766320927394756
176 0.4506464837590665
177 0.4683046683046683
178 0.45738295318127253
179 0.46262014951940195
180 0.4679463962332488
181 0.4616818944620548
182 0.4625663195126744
183 0.4563621533442088
184 0.4565767284991568
185 0.4799912530067789
186 0.4416454818581003
187 0.45803056877975445
188 0.4730110002558199
189 0.4499871432244793
190 0.4607764390896921
191 0.4522669670515348
192 0.4607142857142857
193 0.45473621103117506
194 0.4557823129251701
195 0.46166185434712864
196 0.4500491320013102
197 0.45546984572230015
198 0.45302636464909024
199 0.4479166666666667
200 0.4890539483971853
201 0.44673267326732674
202 0.4582108357832843
203 0.46940522036799315
204 0.456778889899909
205 0.4788397527341893
206 0.45624385447394294
207 0.46064581231079715
208 0.46763335059554634
209 0.447354064375341
210 0.45798553144129106
211 0.4631456761462565
212 0.4595719381688466
213 0.4342857142857143
214 0.4540270848182466
215 0.4770575382374363
216 0.4781021897810219
217 0.4542635658914729
218 0.4632
219 0.4355590062111801
220 0.45174371451743717
221 0.4303460514640639
222 0.4628344895936571
223 0.4789156626506024
224 0.4667328699106256
225 0.4552083333333333
226 0.48120300751879697
227 0.4336569579288026
228 0.4551645856980704
229 0.474390243902439
230 0.4867149758454106
231 0.42216687422166876
232 0.43283582089552236
233 0.44877344877344877
234 0.4283646888567294
235 0.45819397993311034
236 0.47186932849364793
237 0.5124113475177305
238 0.46337308347529815
239 0.44712430426716143
240 0.4547069271758437
241 0.4448742746615087
242 0.4779874213836478
243 0.44370860927152317
244 0.47619047619047616
245 0.4289044289044289
246 0.46601941747572817
247 0.43658536585365854
248 0.4625668449197861
249 0.4146341463414634
250 0.4696969696969697
251 0.49079754601226994
252 0.43543543543543545
253 0.44776119402985076
254 0.5089820359281437
255 0.4583333333333333
256 0.4492307692307692
257 0.43870967741935485
258 0.4007936507936508
259 0.4266666666666667
260 0.44549763033175355
261 0.4368932038834951
262 0.45054945054945056
263 0.48598130841121495
264 0.5
265 0.44933920704845814
266 0.45893719806763283
267 0.4263959390862944
268 0.39766081871345027
269 0.41830065359477125
270 0.4931506849315068
271 0.4195804195804196
272 0.49696969696969695
273 0.475
274 0.49673202614379086
275 0.41843971631205673
276 0.4566929133858268
277 0.4444444444444444
278 0.4666666666666667
279 0.515625
280 0.45528455284552843
281 0.512
282 0.4180327868852459
283 0.47115384615384615
284 0.5268817204301075
285 0.5168539325842697
286 0.5047619047619047
287 0.4
288 0.3717948717948718
289 0.5373134328358209
290 0.5609756097560976
291 0.43373493975903615
292 0.4125
293 0.5072463768115942
294 0.39705882352941174
295 0.47674418604651164
296 0.3373493975903614
297 0.41379310344827586
298 0.4807692307692308
299 0.4827586206896552
300 0.4107142857142857
301 0.5272727272727272
302 0.56
303 0.5576923076923077
304 0.5102040816326531
305 0.5
306 0.5
307 0.4857142857142857
308 0.5
309 0.5588235294117647
310 0.35294117647058826
311 0.3181818181818182
312 0.4444444444444444
313 0.4827586206896552
314 0.4642857142857143
315 0.34615384615384615
316 0.34782608695652173
317 0.23529411764705882
318 0.42857142857142855
319 0.25
320 0.4
321 0.7272727272727273
322 0.16666666666666666
323 0.0
324 0.25
325 0.25
326 0.5
327 0.0
328 0.5
329 0.6666666666666666
330 0.8571428571428571
331 0.2857142857142857
332 0.7777777777777778
333 0.45454545454545453
334 0.8333333333333334
335 0.0
336 0.5714285714285714
337 0.5
338 0.5714285714285714
339 0.375
340 0.36363636363636365
341 0.4166666666666667
342 0.45454545454545453
343 0.42857142857142855
344 0.4
345 0.5
346 0.8333333333333334
347 0.5
348 0.5555555555555556
349 0.6666666666666666
350 0.5
351 0.0
352 0.3333333333333333
353 0.3333333333333333
354 0.5
355 0.6666666666666666
356 0.7
357 0.14285714285714285
358 0.6666666666666666
359 0.5
360 0.5
361 0.6666666666666666
362 0.6666666666666666
363 0.0
364 0
365 0
366 0.0
367 0
368 0
369 0
370 1.0
371 1.0
372 0.3333333333333333
373 1.0
374 0
375 0
376 1.0
377 0.5
378 0.75
379 0.3333333333333333
380 0.0
381 0.0
382 1.0
383 0.0
384 0.5
385 0.0
386 0.5
387 0.0
388 0.0
389 0
390 0.0
391 1.0
392 0.5
393 0.0
394 0
395 0
396 0
397 0
398 0
399 0
400 0
401 0
402 0
403 0
404 0
405 0
406 0
407 0
408 0
409 0
410 0
411 0
412 0
413 0
414 0
415 0
416 0
417 0
418 0
419 0
420 0
421 0
422 0
423 0
424 0
425 0
426 0
427 0
428 0
429 0
430 0
431 0
432 0
433 0
434 0
435 0
436 0
437 0
438 0
439 0
440 0
441 0
442 0
443 0
444 0
445 0
446 0
447 0
448 0
449 0
450 0
451 0
452 0
453 0
454 0
455 0
456 0
457 0
458 0
459 0
460 0
461 0
462 0
463 0
464 0
465 0
466 0
467 0
468 0
469 0
470 0
471 0
472 0
473 0
474 0
475 0
476 0
477 0
478 0
479 0
480 0
481 0
482 0
483 0
484 0
485 0
486 0
487 0
488 0
489 0
490 0
491 0
492 0
493 0
494 0
495 0
496 0
497 0
498 0
