-43 1
-42 1
-41 2
-40 3
-39 3
-38 4
-37 6
-36 6
-35 6
-34 12
-33 15
-32 33
-31 32
-30 46
-29 71
-28 89
-27 124
-26 146
-25 265
-24 314
-23 428
-22 609
-21 815
-20 1089
-19 1553
-18 2296
-17 2946
-16 4255
-15 6235
-14 8978
-13 12842
-12 18466
-11 26544
-10 39534
-9 58395
-8 88203
-7 134872
-6 212867
-5 344772
-4 580920
-3 1048722
-2 2146697
-1 5090531
0 19376393
1 1051586318
2 21879492
3 3362890
4 1629749
5 898703
6 524004
7 318057
8 199820
9 128325
10 84218
11 55504
12 37920
13 25508
14 17696
15 12114
16 8645
17 6069
18 4263
19 2955
20 2100
21 1550
22 1121
23 747
24 560
25 395
26 292
27 246
28 146
29 107
30 101
31 63
32 44
33 39
34 27
35 12
36 16
37 6
38 8
39 8
40 6
41 4
42 1
43 1
44 5
45 2
46 2
