2 0.6254303700018132
3 0.5853776040710815
4 0.5562460201936974
5 0.5356307973483062
6 0.5201181991440506
7 0.5079249458041761
8 0.4982478115352215
9 0.49084499795938896
10 0.48382275356965354
11 0.47810427830585056
12 0.4733877161705598
13 0.46913106280264966
14 0.46580186934326373
15 0.46233579276261466
16 0.4592661962825
17 0.457568552253116
18 0.45425756145691626
19 0.4520133258806858
20 0.45083195596643705
21 0.44868774351298546
22 0.44805973848591835
23 0.4451158229058812
24 0.44405433749434425
25 0.44389147405913054
26 0.44219133126357696
27 0.4405177265053461
28 0.44004828077125435
29 0.44122448688609905
30 0.43965263708254365
31 0.43854573373407113
32 0.43684537451538974
33 0.43389044560716145
34 0.4316255860971308
35 0.4357339708470299
36 0.4333371372056754
37 0.432203573832425
38 0.4345429029671211
39 0.4294601645595023
40 0.4333498923662858
41 0.4327217703801778
42 0.4271921010092184
43 0.43158749492488835
44 0.4331413947536788
45 0.4309296264118158
46 0.4281150159744409
47 0.4254005191085653
48 0.42031667694838576
49 0.4207527009379081
50 0.4299340720998738
51 0.42570661613769145
52 0.42401603498542273
53 0.4300764304895683
54 0.4233055885850178
55 0.4227508887065901
56 0.4172753255001588
57 0.43661971830985913
58 0.43209876543209874
59 0.4141958670260557
60 0.42649434571890144
61 0.4154124021673691
62 0.43783422459893045
63 0.4234503360716953
64 0.3955479452054795
65 0.42371020856201974
66 0.39090909090909093
67 0.4076809453471196
68 0.417910447761194
69 0.41838649155722324
70 0.43863636363636366
71 0.3954659949622166
72 0.43243243243243246
73 0.4119601328903654
74 0.44656488549618323
75 0.4340425531914894
76 0.4411764705882353
77 0.4143646408839779
78 0.3184713375796178
79 0.35185185185185186
80 0.3978494623655914
81 0.44554455445544555
82 0.3717948717948718
83 0.45161290322580644
84 0.36538461538461536
85 0.37254901960784315
86 0.4642857142857143
87 0.36363636363636365
88 0.35714285714285715
89 0.391304347826087
90 0.23529411764705882
91 0.45454545454545453
92 0.3333333333333333
93 0.42857142857142855
94 0.4444444444444444
95 0.0
96 0.5555555555555556
97 0.5833333333333334
98 0.15384615384615385
99 0.6
100 0.14285714285714285
101 0.75
102 0.3333333333333333
103 0.0
104 0
105 0.0
106 0
107 0
108 0
109 0
110 0
111 0
112 0
113 0
114 0
115 0
116 0
117 0
118 0
119 0
120 0
121 0
122 0
123 0
124 0
125 0
126 0
127 0
128 0
129 0
130 0
131 0
132 0
133 0
134 0
135 0
136 0
137 0
138 0
139 0
140 0
141 0
142 0
143 0
144 0
145 0
146 0
147 0
148 0
149 0
150 0
151 0
152 0
153 0
154 0
155 0
156 0
157 0
158 0
159 0
160 0
161 0
162 0
163 0
164 0
165 0
166 0
167 0
168 0
169 0
170 0
171 0
172 0
173 0
174 0
175 0
176 0
177 0
178 0
179 0
180 0
181 0
182 0
183 0
184 0
185 0
186 0
187 0
188 0
189 0
190 0
191 0
192 0
193 0
194 0
195 0
196 0
197 0
198 0
199 0
200 0
201 0
202 0
203 0
204 0
205 0
206 0
207 0
208 0
209 0
210 0
211 0
212 0
213 0
214 0
215 0
216 0
217 0
218 0
219 0
220 0
221 0
222 0
223 0
224 0
225 0
226 0
227 0
228 0
229 0
230 0
231 0
232 0
233 0
234 0
235 0
236 0
237 0
238 0
239 0
240 0
241 0
242 0
243 0
244 0
245 0
246 0
247 0
248 0
249 0
250 0
251 0
252 0
253 0
254 0
255 0
256 0
257 0
258 0
259 0
260 0
261 0
262 0
263 0
264 0
265 0
266 0
267 0
268 0
269 0
270 0
271 0
272 0
273 0
274 0
275 0
276 0
277 0
278 0
279 0
280 0
281 0
282 0
283 0
284 0
285 0
286 0
287 0
288 0
289 0
290 0
291 0
292 0
293 0
294 0
295 0
296 0
297 0
298 0
299 0
300 0
301 0
302 0
303 0
304 0
305 0
306 0
307 0
308 0
309 0
310 0
311 0
312 0
313 0
314 0
315 0
316 0
317 0
318 0
319 0
320 0
321 0
322 0
323 0
324 0
325 0
326 0
327 0
328 0
329 0
330 0
331 0
332 0
333 0
334 0
335 0
336 0
337 0
338 0
339 0
340 0
341 0
342 0
343 0
344 0
345 0
346 0
347 0
348 0
349 0
350 0
351 0
352 0
353 0
354 0
355 0
356 0
357 0
358 0
359 0
360 0
361 0
362 0
363 0
364 0
365 0
366 0
367 0
368 0
369 0
370 0
371 0
372 0
373 0
374 0
375 0
376 0
377 0
378 0
379 0
380 0
381 0
382 0
383 0
384 0
385 0
386 0
387 0
388 0
389 0
390 0
391 0
392 0
393 0
394 0
395 0
396 0
397 0
398 0
399 0
400 0
401 0
402 0
403 0
404 0
405 0
406 0
407 0
408 0
409 0
410 0
411 0
412 0
413 0
414 0
415 0
416 0
417 0
418 0
419 0
420 0
421 0
422 0
423 0
424 0
425 0
426 0
427 0
428 0
429 0
430 0
431 0
432 0
433 0
434 0
435 0
436 0
437 0
438 0
439 0
440 0
441 0
442 0
443 0
444 0
445 0
446 0
447 0
448 0
449 0
450 0
451 0
452 0
453 0
454 0
455 0
456 0
457 0
458 0
459 0
460 0
461 0
462 0
463 0
464 0
465 0
466 0
467 0
468 0
469 0
470 0
471 0
472 0
473 0
474 0
475 0
476 0
477 0
478 0
479 0
480 0
481 0
482 0
483 0
484 0
485 0
486 0
487 0
488 0
489 0
490 0
491 0
492 0
493 0
494 0
495 0
496 0
497 0
498 0
