2 0.607357605785799
3 0.5890138371854042
4 0.5763218689781359
5 0.5661238523613937
6 0.5575486043296056
7 0.5491328919435047
8 0.5434649688503845
9 0.5369430945811905
10 0.5336015122818317
11 0.5306441828711891
12 0.5260298391619277
13 0.5219137451410254
14 0.5199412540761208
15 0.5171255642402993
16 0.514162998208461
17 0.5127866016082053
18 0.5107822833856637
19 0.5109601994326485
20 0.5072491503107872
21 0.5060264729209387
22 0.5052320050734594
23 0.5041693936839925
24 0.5038304726430765
25 0.49994068610005715
26 0.5018767159787305
27 0.4989226806676903
28 0.49897146473970144
29 0.49739235042281427
30 0.49623733719247465
31 0.4972788120999448
32 0.4972003219413409
33 0.4942995542785575
34 0.49316448694140425
35 0.4909605058303943
36 0.49052916245298667
37 0.48898085116802975
38 0.48968605155004663
39 0.49508320726172467
40 0.4898955427621817
41 0.49148445399393326
42 0.49096924479254583
43 0.48850224215246635
44 0.4867043329026784
45 0.4899836132732487
46 0.4885063780270929
47 0.4932457698420118
48 0.4878450458422437
49 0.48681884153582267
50 0.4844523166891588
51 0.48518474088291746
52 0.48288547664747283
53 0.4809507406131588
54 0.48735376044568246
55 0.4873375212358263
56 0.48400538765889384
57 0.4830341113105925
58 0.48485139022051776
59 0.4806771985797355
60 0.4877955758962624
61 0.48878639377342176
62 0.47768130121071295
63 0.4840309462408252
64 0.48398676708664745
65 0.48891385767790263
66 0.48247700602600696
67 0.48467755514396366
68 0.4928871790283618
69 0.48143273479364485
70 0.4751121991024072
71 0.4848518354710305
72 0.4755244755244755
73 0.477038895859473
74 0.47794610537605575
75 0.47819110138584975
76 0.4631595881595882
77 0.48520499108734405
78 0.4870118074477747
79 0.47408123791102513
80 0.4914731867680296
81 0.48341536486197306
82 0.4900502952110212
83 0.4715086408220458
84 0.47756653992395437
85 0.4812415654520918
86 0.47497123130034524
87 0.4807807807807808
88 0.4827028774652441
89 0.49021663172606567
90 0.48074723598932523
91 0.4942434210526316
92 0.47868712702472294
93 0.4904160822814399
94 0.4972650422675286
95 0.4684931506849315
96 0.4851720047449585
97 0.5018382352941176
98 0.48007590132827327
99 0.49801324503311256
100 0.4869215291750503
101 0.5164681149264191
102 0.48577524893314367
103 0.47987371744277824
104 0.4900260190806591
105 0.45751633986928103
106 0.4620187304890739
107 0.4666666666666667
108 0.48595848595848595
109 0.4440203562340967
110 0.471004243281471
111 0.4808823529411765
112 0.4881516587677725
113 0.4896
114 0.5172932330827068
115 0.46919431279620855
116 0.44778761061946903
117 0.47704590818363274
118 0.44849785407725323
119 0.5
120 0.4838709677419355
121 0.5364431486880467
122 0.486404833836858
123 0.4912891986062718
124 0.46875
125 0.5055762081784386
126 0.48221343873517786
127 0.44549763033175355
128 0.4869109947643979
129 0.5181347150259067
130 0.520618556701031
131 0.4945054945054945
132 0.4873417721518987
133 0.48344370860927155
134 0.4429530201342282
135 0.4418604651162791
136 0.4642857142857143
137 0.41
138 0.4318181818181818
139 0.5319148936170213
140 0.34177215189873417
141 0.5
142 0.4339622641509434
143 0.4230769230769231
144 0.4423076923076923
145 0.34146341463414637
146 0.34146341463414637
147 0.4166666666666667
148 0.4864864864864865
149 0.41025641025641024
150 0.34375
151 0.4827586206896552
152 0.37037037037037035
153 0.3684210526315789
154 0.4
155 0.14285714285714285
156 0.5
157 0.7142857142857143
158 0.625
159 0.5
160 0.6111111111111112
161 0.16666666666666666
162 0.5
163 0.375
164 0.6666666666666666
165 0.5
166 0.375
167 0.4666666666666667
168 0.5625
169 0.2727272727272727
170 0.0
171 0
172 1.0
173 0.0
174 0.75
175 0.6666666666666666
176 0.5454545454545454
177 0.25
178 0.36363636363636365
179 0.4444444444444444
180 0.5454545454545454
181 0.7857142857142857
182 0.4666666666666667
183 0.6923076923076923
184 0.46153846153846156
185 0.3
186 0.5555555555555556
187 0.3333333333333333
188 0.5555555555555556
189 0.14285714285714285
190 0.0
191 0
192 0
193 0
194 0
195 0
196 0
197 0
198 0
199 0
200 1.0
201 0.5
202 0.0
203 0
204 0
205 0
206 0
207 0
208 0
209 0
210 0
211 0
212 0
213 0
214 0
215 0
216 0
217 0
218 0
219 0
220 0
221 0
222 0
223 0
224 0
225 0
226 0
227 0
228 0
229 0
230 0
231 0
232 0
233 0
234 0
235 0
236 0
237 0
238 0
239 0
240 0
241 0
242 0
243 0
244 0
245 0
246 0
247 0
248 0
249 0
250 0
251 0
252 0
253 0
254 0
255 0
256 0
257 0
258 0
259 0
260 0
261 0
262 0
263 0
264 0
265 0
266 0
267 0
268 0
269 0
270 0
271 0
272 0
273 0
274 0
275 0
276 0
277 0
278 0
279 0
280 0
281 0
282 0
283 0
284 0
285 0
286 0
287 0
288 0
289 0
290 0
291 0
292 0
293 0
294 0
295 0
296 0
297 0
298 0
299 0
300 0
301 0
302 0
303 0
304 0
305 0
306 0
307 0
308 0
309 0
310 0
311 0
312 0
313 0
314 0
315 0
316 0
317 0
318 0
319 0
320 0
321 0
322 0
323 0
324 0
325 0
326 0
327 0
328 0
329 0
330 0
331 0
332 0
333 0
334 0
335 0
336 0
337 0
338 0
339 0
340 0
341 0
342 0
343 0
344 0
345 0
346 0
347 0
348 0
349 0
350 0
351 0
352 0
353 0
354 0
355 0
356 0
357 0
358 0
359 0
360 0
361 0
362 0
363 0
364 0
365 0
366 0
367 0
368 0
369 0
370 0
371 0
372 0
373 0
374 0
375 0
376 0
377 0
378 0
379 0
380 0
381 0
382 0
383 0
384 0
385 0
386 0
387 0
388 0
389 0
390 0
391 0
392 0
393 0
394 0
395 0
396 0
397 0
398 0
399 0
400 0
401 0
402 0
403 0
404 0
405 0
406 0
407 0
408 0
409 0
410 0
411 0
412 0
413 0
414 0
415 0
416 0
417 0
418 0
419 0
420 0
421 0
422 0
423 0
424 0
425 0
426 0
427 0
428 0
429 0
430 0
431 0
432 0
433 0
434 0
435 0
436 0
437 0
438 0
439 0
440 0
441 0
442 0
443 0
444 0
445 0
446 0
447 0
448 0
449 0
450 0
451 0
452 0
453 0
454 0
455 0
456 0
457 0
458 0
459 0
460 0
461 0
462 0
463 0
464 0
465 0
466 0
467 0
468 0
469 0
470 0
471 0
472 0
473 0
474 0
475 0
476 0
477 0
478 0
479 0
480 0
481 0
482 0
483 0
484 0
485 0
486 0
487 0
488 0
489 0
490 0
491 0
492 0
493 0
494 0
495 0
496 0
497 0
498 0
