-92 1
-91 0
-90 0
-89 0
-88 0
-87 0
-86 0
-85 0
-84 0
-83 0
-82 0
-81 0
-80 0
-79 0
-78 0
-77 0
-76 1
-75 0
-74 1
-73 2
-72 0
-71 2
-70 0
-69 2
-68 4
-67 5
-66 1
-65 2
-64 3
-63 2
-62 3
-61 2
-60 3
-59 2
-58 2
-57 9
-56 11
-55 8
-54 5
-53 16
-52 12
-51 14
-50 15
-49 19
-48 20
-47 26
-46 31
-45 42
-44 42
-43 44
-42 64
-41 73
-40 77
-39 105
-38 120
-37 139
-36 156
-35 178
-34 206
-33 282
-32 298
-31 344
-30 411
-29 485
-28 570
-27 735
-26 846
-25 1036
-24 1218
-23 1469
-22 1832
-21 2157
-20 2545
-19 2995
-18 3823
-17 4614
-16 5530
-15 6750
-14 8412
-13 10738
-12 12959
-11 16537
-10 21277
-9 27428
-8 36392
-7 48498
-6 66664
-5 94431
-4 142549
-3 232867
-2 445029
-1 1084664
0 5503845
1 1094439288
2 6124863
3 670062
4 310576
5 186152
6 121902
7 84238
8 60791
9 44878
10 34147
11 26093
12 20470
13 15780
14 12675
15 10137
16 8115
17 6465
18 5256
19 4403
20 3685
21 2995
22 2512
23 2047
24 1777
25 1431
26 1237
27 987
28 834
29 687
30 603
31 496
32 377
33 355
34 307
35 254
36 204
37 184
38 144
39 127
40 104
41 94
42 85
43 72
44 54
45 61
46 30
47 40
48 28
49 39
50 20
51 22
52 9
53 22
54 11
55 16
56 15
57 2
58 8
59 8
60 3
61 2
62 2
63 2
64 1
65 0
66 2
67 4
68 2
69 0
70 0
71 1
72 3
73 0
74 1
75 0
76 1
77 0
78 1
79 0
80 0
81 0
82 0
83 0
84 0
85 1
