0 0.3668
1 0.3716
2 0.4105
3 0.3516
4 0.4139
5 0.3742
6 0.3764
7 0.3986
8 0.3642
9 0.4024
10 0.3823
11 0.3864
12 0.3621
13 0.4014
14 0.4042
15 0.3565
16 0.3509
17 0.3682
18 0.4126
19 0.4017
20 0.3997
21 0.3382
22 0.4033
23 0.3845
24 0.3946
25 0.3921
26 0.3902
27 0.3365
28 0.3823
29 0.3938
30 0.4071
31 0.426
32 0.396
33 0.3674
34 0.4068
35 0.3853
36 0.3805
37 0.3824
38 0.3676
39 0.4011
40 0.3697
41 0.4099
42 0.4551
43 0.3718
44 0.3736
45 0.3481
46 0.4106
47 0.3906
48 0.3824
49 0.4247
50 0.3929
51 0.4091
52 0.4037
53 0.4001
54 0.4285
55 0.3565
56 0.3747
57 0.3488
58 0.3932
59 0.3993
60 0.4097
61 0.3994
62 0.4036
63 0.375
64 0.3513
65 0.4434
66 0.3563
67 0.3936
68 0.3818
69 0.3916
70 0.342
71 0.3854
72 0.3611
73 0.3908
74 0.3539
75 0.3742
76 0.3461
77 0.3874
78 0.4095
79 0.4106
80 0.4192
81 0.3543
82 0.3498
83 0.3965
84 0.3859
85 0.338
86 0.4178
87 0.3567
88 0.3345
89 0.3862
90 0.3626
91 0.4202
92 0.3821
93 0.4415
94 0.3229
95 0.3357
96 0.3701
97 0.3605
98 0.3951
99 0.3809
100 0.3671
101 0.3725
102 0.3835
103 0.3737
104 0.4405
105 0.4245
106 0.4028
107 0.408
108 0.4368
109 0.3933
110 0.3596
