2 0.4498559944977002
3 0.46098995471815957
4 0.47052996532937097
5 0.4739027708169256
6 0.46721446179129006
7 0.47515758249907303
8 0.4798071127185051
9 0.48050533652798955
10 0.47951114306254494
11 0.48157791954172635
12 0.4803450226244344
13 0.48825301204819277
14 0.48832
15 0.49322951929587
16 0.4823508648076244
17 0.47444149943203334
18 0.48470539930199136
19 0.4951436247158504
20 0.47938931297709925
21 0.4894991922455573
22 0.49092623144001885
23 0.47514222112292853
24 0.48034819308889476
25 0.49223946784922396
26 0.504424778761062
27 0.4944868532654792
28 0.49653179190751445
29 0.4898869720404521
30 0.46788413098236775
31 0.48645970937912814
32 0.4961422341496142
33 0.5093360995850622
34 0.49681978798586574
35 0.49857040743388137
36 0.47543988269794724
37 0.47488755622188905
38 0.4884177463682764
39 0.48914330833004344
40 0.5066559096409843
41 0.4855848434925865
42 0.4982409850483729
43 0.5056556346878928
44 0.470995670995671
45 0.5039929015084295
46 0.4934831460674157
47 0.4766958929395478
48 0.49250120948234155
49 0.48870333988212183
50 0.5057915057915058
51 0.4831789371038518
52 0.5066191446028513
53 0.5132192846034215
54 0.4940445365095805
55 0.46344086021505376
56 0.5093696763202725
57 0.4789590254706534
58 0.5005847953216375
59 0.49764982373678024
60 0.48897911832946633
61 0.48123076923076924
62 0.5059523809523809
63 0.4709379128137384
64 0.5052980132450331
65 0.5009733939000649
66 0.5040053404539386
67 0.5057471264367817
68 0.47880794701986756
69 0.5019582245430809
70 0.4733648010788941
71 0.49715099715099714
72 0.5
73 0.4981357196122297
74 0.49008082292432037
75 0.4873881204231082
76 0.49151103565365023
77 0.5215272136474411
78 0.4925864909390445
79 0.5151515151515151
80 0.5203389830508475
81 0.5245499181669394
82 0.4896265560165975
83 0.5008818342151675
84 0.4873675631621842
85 0.4796264855687606
86 0.49195837275307475
87 0.5139372822299652
88 0.5034843205574913
89 0.49725274725274726
90 0.5004557885141294
91 0.4995260663507109
92 0.49278152069297404
93 0.49909255898366606
94 0.5048975957257347
95 0.5022583559168925
96 0.5
97 0.48450704225352115
98 0.48846153846153845
99 0.5162523900573613
100 0.4918190567853705
101 0.5020449897750511
102 0.506454816285998
103 0.5127942681678608
104 0.49345417925478346
105 0.5166498486377397
106 0.5020491803278688
107 0.5099800399201597
108 0.5126135216952573
109 0.4790174002047083
110 0.5030549898167006
111 0.4758909853249476
112 0.49130434782608695
113 0.4838362068965517
114 0.5042016806722689
115 0.4777142857142857
116 0.49318463444857497
117 0.4865853658536585
118 0.5160098522167488
119 0.5084967320261438
120 0.5121065375302664
121 0.4827175208581645
122 0.49764150943396224
123 0.5096921322690992
124 0.49480968858131485
125 0.4932014833127318
126 0.516548463356974
127 0.49110320284697506
128 0.5120772946859904
129 0.48753117206982544
130 0.46514575411913817
131 0.46433203631647213
132 0.5160051216389244
133 0.5064102564102564
134 0.48143236074270557
135 0.4973190348525469
136 0.5064011379800853
137 0.518467852257182
138 0.5122897800776197
139 0.4860927152317881
140 0.4865229110512129
141 0.5125
142 0.47988505747126436
143 0.47801418439716314
144 0.5064562410329986
145 0.508724832214765
146 0.48032564450474896
147 0.4921985815602837
148 0.49039881831610044
149 0.5014285714285714
150 0.4926900584795322
151 0.47987616099071206
152 0.5215453194650818
153 0.5166666666666667
154 0.5062586926286509
155 0.48226950354609927
156 0.5082458770614693
157 0.5023041474654378
158 0.48875562218890556
159 0.47161572052401746
160 0.5236686390532544
161 0.47277936962750716
162 0.5067669172932331
163 0.4694835680751174
164 0.5105348460291734
165 0.478125
166 0.47324414715719065
167 0.5153473344103393
168 0.4713375796178344
169 0.48925619834710743
170 0.47674418604651164
171 0.4991304347826087
172 0.5248713550600344
173 0.4965034965034965
174 0.5354058721934369
175 0.5198675496688742
176 0.5049668874172185
177 0.47635135135135137
178 0.5043478260869565
179 0.4857142857142857
180 0.46605504587155966
181 0.5193370165745856
182 0.4899817850637523
183 0.47920433996383366
184 0.4695817490494297
185 0.5411764705882353
186 0.5264187866927593
187 0.5072463768115942
188 0.5463510848126233
189 0.486328125
190 0.5206766917293233
191 0.5114638447971781
192 0.49557522123893805
193 0.5088967971530249
194 0.49829351535836175
195 0.47202797202797203
196 0.4982758620689655
197 0.4817391304347826
198 0.4774859287054409
