-2829 1
-2828 0
-2827 0
-2826 0
-2825 0
-2824 0
-2823 0
-2822 0
-2821 0
-2820 0
-2819 0
-2818 0
-2817 0
-2816 0
-2815 0
-2814 0
-2813 0
-2812 0
-2811 0
-2810 0
-2809 0
-2808 0
-2807 0
-2806 0
-2805 0
-2804 0
-2803 0
-2802 0
-2801 0
-2800 0
-2799 0
-2798 0
-2797 0
-2796 0
-2795 0
-2794 0
-2793 0
-2792 0
-2791 0
-2790 0
-2789 0
-2788 0
-2787 0
-2786 0
-2785 0
-2784 0
-2783 0
-2782 0
-2781 0
-2780 0
-2779 0
-2778 0
-2777 0
-2776 0
-2775 0
-2774 0
-2773 0
-2772 0
-2771 0
-2770 0
-2769 0
-2768 0
-2767 0
-2766 0
-2765 0
-2764 0
-2763 0
-2762 0
-2761 0
-2760 0
-2759 0
-2758 0
-2757 0
-2756 0
-2755 0
-2754 0
-2753 0
-2752 0
-2751 0
-2750 0
-2749 0
-2748 0
-2747 0
-2746 0
-2745 0
-2744 0
-2743 0
-2742 0
-2741 0
-2740 0
-2739 0
-2738 0
-2737 0
-2736 0
-2735 0
-2734 0
-2733 0
-2732 0
-2731 0
-2730 0
-2729 0
-2728 0
-2727 0
-2726 0
-2725 0
-2724 0
-2723 0
-2722 0
-2721 0
-2720 0
-2719 0
-2718 0
-2717 0
-2716 0
-2715 0
-2714 0
-2713 0
-2712 0
-2711 0
-2710 0
-2709 0
-2708 0
-2707 0
-2706 0
-2705 0
-2704 0
-2703 0
-2702 0
-2701 0
-2700 0
-2699 0
-2698 0
-2697 0
-2696 0
-2695 0
-2694 0
-2693 0
-2692 0
-2691 0
-2690 0
-2689 0
-2688 0
-2687 0
-2686 0
-2685 0
-2684 0
-2683 0
-2682 0
-2681 0
-2680 0
-2679 0
-2678 0
-2677 0
-2676 0
-2675 0
-2674 0
-2673 0
-2672 0
-2671 0
-2670 0
-2669 0
-2668 0
-2667 0
-2666 0
-2665 0
-2664 0
-2663 0
-2662 0
-2661 0
-2660 0
-2659 0
-2658 0
-2657 0
-2656 0
-2655 0
-2654 0
-2653 0
-2652 0
-2651 0
-2650 0
-2649 0
-2648 0
-2647 0
-2646 0
-2645 0
-2644 0
-2643 0
-2642 0
-2641 0
-2640 0
-2639 0
-2638 1
-2637 0
-2636 0
-2635 0
-2634 0
-2633 0
-2632 0
-2631 0
-2630 0
-2629 0
-2628 0
-2627 0
-2626 0
-2625 0
-2624 0
-2623 0
-2622 0
-2621 0
-2620 0
-2619 0
-2618 0
-2617 0
-2616 0
-2615 0
-2614 0
-2613 1
-2612 0
-2611 0
-2610 0
-2609 0
-2608 0
-2607 1
-2606 0
-2605 0
-2604 0
-2603 0
-2602 0
-2601 0
-2600 0
-2599 0
-2598 0
-2597 0
-2596 0
-2595 0
-2594 0
-2593 0
-2592 0
-2591 0
-2590 0
-2589 0
-2588 0
-2587 0
-2586 0
-2585 0
-2584 0
-2583 0
-2582 1
-2581 0
-2580 0
-2579 1
-2578 1
-2577 0
-2576 0
-2575 0
-2574 0
-2573 0
-2572 0
-2571 0
-2570 0
-2569 0
-2568 0
-2567 0
-2566 0
-2565 0
-2564 0
-2563 0
-2562 0
-2561 0
-2560 0
-2559 0
-2558 0
-2557 0
-2556 0
-2555 1
-2554 0
-2553 0
-2552 0
-2551 0
-2550 1
-2549 0
-2548 0
-2547 0
-2546 0
-2545 0
-2544 0
-2543 0
-2542 0
-2541 0
-2540 0
-2539 0
-2538 0
-2537 0
-2536 0
-2535 0
-2534 0
-2533 0
-2532 1
-2531 0
-2530 1
-2529 0
-2528 0
-2527 1
-2526 0
-2525 2
-2524 0
-2523 0
-2522 0
-2521 0
-2520 0
-2519 0
-2518 0
-2517 0
-2516 0
-2515 0
-2514 0
-2513 0
-2512 0
-2511 0
-2510 1
-2509 1
-2508 0
-2507 0
-2506 0
-2505 0
-2504 1
-2503 0
-2502 0
-2501 0
-2500 0
-2499 0
-2498 1
-2497 0
-2496 0
-2495 1
-2494 0
-2493 0
-2492 0
-2491 0
-2490 0
-2489 1
-2488 0
-2487 0
-2486 0
-2485 0
-2484 0
-2483 0
-2482 0
-2481 0
-2480 1
-2479 0
-2478 2
-2477 0
-2476 0
-2475 0
-2474 0
-2473 0
-2472 0
-2471 0
-2470 0
-2469 1
-2468 0
-2467 0
-2466 0
-2465 0
-2464 0
-2463 0
-2462 0
-2461 0
-2460 0
-2459 0
-2458 0
-2457 1
-2456 0
-2455 1
-2454 1
-2453 0
-2452 0
-2451 1
-2450 0
-2449 0
-2448 0
-2447 0
-2446 0
-2445 0
-2444 0
-2443 1
-2442 0
-2441 0
-2440 0
-2439 0
-2438 0
-2437 0
-2436 0
-2435 0
-2434 0
-2433 1
-2432 0
-2431 0
-2430 0
-2429 0
-2428 1
-2427 0
-2426 0
-2425 1
-2424 0
-2423 0
-2422 0
-2421 1
-2420 1
-2419 0
-2418 0
-2417 0
-2416 0
-2415 0
-2414 0
-2413 0
-2412 0
-2411 0
-2410 0
-2409 0
-2408 1
-2407 0
-2406 0
-2405 0
-2404 0
-2403 0
-2402 0
-2401 0
-2400 0
-2399 0
-2398 0
-2397 0
-2396 0
-2395 0
-2394 0
-2393 0
-2392 1
-2391 0
-2390 0
-2389 0
-2388 1
-2387 0
-2386 3
-2385 1
-2384 0
-2383 1
-2382 0
-2381 1
-2380 1
-2379 1
-2378 0
-2377 0
-2376 2
-2375 0
-2374 1
-2373 1
-2372 0
-2371 0
-2370 0
-2369 1
-2368 3
-2367 0
-2366 1
-2365 0
-2364 1
-2363 0
-2362 0
-2361 2
-2360 1
-2359 1
-2358 0
-2357 0
-2356 0
-2355 0
-2354 0
-2353 0
-2352 0
-2351 0
-2350 0
-2349 0
-2348 0
-2347 0
-2346 0
-2345 0
-2344 1
-2343 0
-2342 1
-2341 1
-2340 0
-2339 0
-2338 1
-2337 2
-2336 0
-2335 0
-2334 1
-2333 0
-2332 0
-2331 0
-2330 0
-2329 1
-2328 0
-2327 0
-2326 0
-2325 0
-2324 0
-2323 0
-2322 1
-2321 0
-2320 0
-2319 0
-2318 2
-2317 1
-2316 0
-2315 0
-2314 0
-2313 0
-2312 1
-2311 0
-2310 0
-2309 1
-2308 0
-2307 0
-2306 2
-2305 1
-2304 0
-2303 0
-2302 0
-2301 0
-2300 0
-2299 0
-2298 1
-2297 1
-2296 0
-2295 0
-2294 1
-2293 0
-2292 0
-2291 0
-2290 1
-2289 2
-2288 0
-2287 0
-2286 2
-2285 0
-2284 1
-2283 0
-2282 1
-2281 1
-2280 1
-2279 0
-2278 1
-2277 0
-2276 1
-2275 0
-2274 2
-2273 0
-2272 0
-2271 0
-2270 0
-2269 0
-2268 1
-2267 0
-2266 0
-2265 1
-2264 0
-2263 1
-2262 1
-2261 0
-2260 0
-2259 1
-2258 0
-2257 0
-2256 0
-2255 0
-2254 1
-2253 1
-2252 0
-2251 0
-2250 0
-2249 0
-2248 0
-2247 1
-2246 2
-2245 0
-2244 0
-2243 0
-2242 1
-2241 0
-2240 0
-2239 1
-2238 0
-2237 2
-2236 0
-2235 1
-2234 0
-2233 0
-2232 1
-2231 1
-2230 0
-2229 0
-2228 0
-2227 0
-2226 1
-2225 0
-2224 0
-2223 0
-2222 1
-2221 0
-2220 0
-2219 0
-2218 0
-2217 1
-2216 0
-2215 1
-2214 0
-2213 0
-2212 0
-2211 0
-2210 0
-2209 0
-2208 1
-2207 0
-2206 0
-2205 0
-2204 1
-2203 0
-2202 0
-2201 1
-2200 0
-2199 0
-2198 0
-2197 1
-2196 0
-2195 0
-2194 0
-2193 0
-2192 0
-2191 0
-2190 1
-2189 0
-2188 0
-2187 1
-2186 0
-2185 0
-2184 3
-2183 1
-2182 0
-2181 0
-2180 0
-2179 0
-2178 0
-2177 1
-2176 0
-2175 1
-2174 1
-2173 0
-2172 0
-2171 1
-2170 0
-2169 0
-2168 0
-2167 0
-2166 0
-2165 1
-2164 1
-2163 1
-2162 1
-2161 1
-2160 1
-2159 1
-2158 1
-2157 0
-2156 0
-2155 2
-2154 1
-2153 0
-2152 0
-2151 1
-2150 0
-2149 0
-2148 0
-2147 0
-2146 1
-2145 0
-2144 0
-2143 2
-2142 2
-2141 2
-2140 1
-2139 1
-2138 3
-2137 2
-2136 1
-2135 2
-2134 0
-2133 0
-2132 0
-2131 1
-2130 0
-2129 1
-2128 1
-2127 0
-2126 1
-2125 0
-2124 2
-2123 1
-2122 0
-2121 1
-2120 1
-2119 2
-2118 1
-2117 0
-2116 1
-2115 0
-2114 0
-2113 1
-2112 2
-2111 1
-2110 2
-2109 0
-2108 1
-2107 0
-2106 1
-2105 0
-2104 1
-2103 0
-2102 1
-2101 0
-2100 1
-2099 1
-2098 1
-2097 0
-2096 0
-2095 1
-2094 1
-2093 1
-2092 1
-2091 0
-2090 2
-2089 1
-2088 0
-2087 0
-2086 1
-2085 0
-2084 1
-2083 1
-2082 1
-2081 3
-2080 0
-2079 1
-2078 0
-2077 1
-2076 2
-2075 2
-2074 2
-2073 0
-2072 0
-2071 0
-2070 0
-2069 1
-2068 0
-2067 0
-2066 0
-2065 2
-2064 1
-2063 1
-2062 1
-2061 0
-2060 0
-2059 0
-2058 0
-2057 0
-2056 2
-2055 2
-2054 0
-2053 0
-2052 1
-2051 0
-2050 0
-2049 1
-2048 1
-2047 3
-2046 0
-2045 0
-2044 0
-2043 2
-2042 1
-2041 2
-2040 1
-2039 1
-2038 1
-2037 0
-2036 2
-2035 0
-2034 1
-2033 1
-2032 0
-2031 2
-2030 1
-2029 2
-2028 0
-2027 0
-2026 0
-2025 1
-2024 1
-2023 0
-2022 0
-2021 1
-2020 2
-2019 1
-2018 0
-2017 1
-2016 3
-2015 0
-2014 2
-2013 0
-2012 1
-2011 0
-2010 1
-2009 1
-2008 0
-2007 2
-2006 0
-2005 0
-2004 0
-2003 0
-2002 0
-2001 0
-2000 2
-1999 0
-1998 1
-1997 0
-1996 0
-1995 2
-1994 1
-1993 0
-1992 0
-1991 3
-1990 0
-1989 0
-1988 0
-1987 1
-1986 0
-1985 0
-1984 1
-1983 2
-1982 1
-1981 1
-1980 1
-1979 1
-1978 2
-1977 1
-1976 1
-1975 1
-1974 1
-1973 1
-1972 0
-1971 0
-1970 1
-1969 1
-1968 0
-1967 0
-1966 2
-1965 0
-1964 1
-1963 1
-1962 3
-1961 1
-1960 1
-1959 1
-1958 0
-1957 1
-1956 1
-1955 1
-1954 1
-1953 0
-1952 1
-1951 0
-1950 2
-1949 1
-1948 0
-1947 2
-1946 2
-1945 0
-1944 0
-1943 1
-1942 1
-1941 3
-1940 0
-1939 0
-1938 0
-1937 1
-1936 1
-1935 0
-1934 2
-1933 1
-1932 1
-1931 1
-1930 0
-1929 2
-1928 1
-1927 1
-1926 2
-1925 2
-1924 0
-1923 0
-1922 0
-1921 0
-1920 0
-1919 1
-1918 0
-1917 0
-1916 1
-1915 0
-1914 0
-1913 2
-1912 0
-1911 2
-1910 0
-1909 0
-1908 1
-1907 1
-1906 1
-1905 0
-1904 1
-1903 0
-1902 2
-1901 1
-1900 1
-1899 3
-1898 1
-1897 0
-1896 3
-1895 1
-1894 0
-1893 2
-1892 1
-1891 0
-1890 0
-1889 0
-1888 0
-1887 0
-1886 0
-1885 0
-1884 1
-1883 1
-1882 0
-1881 1
-1880 1
-1879 0
-1878 0
-1877 1
-1876 1
-1875 0
-1874 3
-1873 1
-1872 1
-1871 1
-1870 1
-1869 0
-1868 1
-1867 1
-1866 2
-1865 1
-1864 1
-1863 1
-1862 1
-1861 0
-1860 1
-1859 2
-1858 0
-1857 0
-1856 1
-1855 1
-1854 0
-1853 1
-1852 0
-1851 1
-1850 1
-1849 1
-1848 1
-1847 0
-1846 2
-1845 0
-1844 1
-1843 0
-1842 2
-1841 0
-1840 1
-1839 1
-1838 1
-1837 0
-1836 1
-1835 1
-1834 1
-1833 1
-1832 0
-1831 1
-1830 3
-1829 1
-1828 0
-1827 1
-1826 2
-1825 2
-1824 1
-1823 1
-1822 0
-1821 1
-1820 2
-1819 1
-1818 0
-1817 2
-1816 0
-1815 1
-1814 3
-1813 1
-1812 1
-1811 0
-1810 0
-1809 0
-1808 0
-1807 0
-1806 3
-1805 0
-1804 1
-1803 2
-1802 0
-1801 2
-1800 0
-1799 2
-1798 2
-1797 0
-1796 0
-1795 2
-1794 1
-1793 2
-1792 0
-1791 1
-1790 1
-1789 2
-1788 0
-1787 4
-1786 1
-1785 1
-1784 0
-1783 0
-1782 0
-1781 1
-1780 1
-1779 1
-1778 2
-1777 0
-1776 3
-1775 2
-1774 2
-1773 0
-1772 2
-1771 1
-1770 2
-1769 0
-1768 2
-1767 3
-1766 1
-1765 0
-1764 3
-1763 0
-1762 0
-1761 2
-1760 1
-1759 1
-1758 1
-1757 0
-1756 1
-1755 3
-1754 0
-1753 3
-1752 1
-1751 1
-1750 1
-1749 1
-1748 0
-1747 2
-1746 0
-1745 2
-1744 0
-1743 1
-1742 1
-1741 1
-1740 0
-1739 1
-1738 2
-1737 4
-1736 0
-1735 0
-1734 0
-1733 3
-1732 0
-1731 2
-1730 0
-1729 1
-1728 0
-1727 1
-1726 1
-1725 1
-1724 1
-1723 0
-1722 0
-1721 1
-1720 2
-1719 2
-1718 1
-1717 2
-1716 1
-1715 0
-1714 0
-1713 0
-1712 1
-1711 1
-1710 2
-1709 2
-1708 0
-1707 3
-1706 1
-1705 0
-1704 0
-1703 2
-1702 3
-1701 0
-1700 1
-1699 1
-1698 0
-1697 1
-1696 1
-1695 1
-1694 1
-1693 3
-1692 3
-1691 1
-1690 2
-1689 0
-1688 0
-1687 0
-1686 0
-1685 1
-1684 2
-1683 2
-1682 0
-1681 0
-1680 1
-1679 0
-1678 1
-1677 2
-1676 0
-1675 0
-1674 0
-1673 0
-1672 2
-1671 1
-1670 1
-1669 2
-1668 1
-1667 0
-1666 2
-1665 1
-1664 0
-1663 0
-1662 1
-1661 2
-1660 1
-1659 0
-1658 3
-1657 0
-1656 2
-1655 2
-1654 4
-1653 0
-1652 0
-1651 2
-1650 2
-1649 5
-1648 1
-1647 1
-1646 0
-1645 1
-1644 0
-1643 1
-1642 1
-1641 1
-1640 1
-1639 1
-1638 1
-1637 1
-1636 5
-1635 0
-1634 1
-1633 1
-1632 0
-1631 0
-1630 2
-1629 0
-1628 2
-1627 1
-1626 4
-1625 0
-1624 0
-1623 0
-1622 0
-1621 1
-1620 1
-1619 2
-1618 2
-1617 1
-1616 0
-1615 1
-1614 0
-1613 0
-1612 1
-1611 2
-1610 0
-1609 1
-1608 1
-1607 0
-1606 1
-1605 3
-1604 1
-1603 2
-1602 1
-1601 1
-1600 3
-1599 0
-1598 3
-1597 3
-1596 1
-1595 2
-1594 1
-1593 0
-1592 1
-1591 0
-1590 0
-1589 1
-1588 1
-1587 0
-1586 3
-1585 1
-1584 3
-1583 0
-1582 0
-1581 1
-1580 2
-1579 0
-1578 1
-1577 1
-1576 0
-1575 1
-1574 2
-1573 2
-1572 2
-1571 0
-1570 1
-1569 2
-1568 1
-1567 0
-1566 0
-1565 1
-1564 1
-1563 2
-1562 1
-1561 3
-1560 1
-1559 0
-1558 1
-1557 1
-1556 2
-1555 0
-1554 0
-1553 3
-1552 1
-1551 1
-1550 1
-1549 1
-1548 1
-1547 2
-1546 0
-1545 1
-1544 1
-1543 2
-1542 1
-1541 2
-1540 0
-1539 3
-1538 2
-1537 0
-1536 3
-1535 1
-1534 2
-1533 0
-1532 0
-1531 4
-1530 1
-1529 1
-1528 2
-1527 4
-1526 2
-1525 1
-1524 1
-1523 0
-1522 0
-1521 1
-1520 1
-1519 1
-1518 0
-1517 1
-1516 3
-1515 1
-1514 1
-1513 2
-1512 2
-1511 2
-1510 0
-1509 2
-1508 2
-1507 2
-1506 3
-1505 1
-1504 1
-1503 1
-1502 2
-1501 0
-1500 1
-1499 0
-1498 0
-1497 0
-1496 1
-1495 2
-1494 2
-1493 2
-1492 1
-1491 2
-1490 2
-1489 2
-1488 2
-1487 2
-1486 1
-1485 1
-1484 2
-1483 3
-1482 2
-1481 0
-1480 1
-1479 0
-1478 0
-1477 1
-1476 1
-1475 0
-1474 1
-1473 3
-1472 0
-1471 1
-1470 1
-1469 0
-1468 2
-1467 1
-1466 1
-1465 2
-1464 0
-1463 1
-1462 1
-1461 1
-1460 0
-1459 0
-1458 1
-1457 0
-1456 1
-1455 0
-1454 1
-1453 0
-1452 1
-1451 1
-1450 0
-1449 2
-1448 1
-1447 0
-1446 1
-1445 0
-1444 0
-1443 1
-1442 1
-1441 0
-1440 2
-1439 0
-1438 0
-1437 0
-1436 2
-1435 2
-1434 2
-1433 1
-1432 1
-1431 3
-1430 2
-1429 3
-1428 0
-1427 2
-1426 3
-1425 1
-1424 1
-1423 1
-1422 3
-1421 1
-1420 0
-1419 1
-1418 0
-1417 2
-1416 2
-1415 2
-1414 0
-1413 2
-1412 2
-1411 2
-1410 4
-1409 1
-1408 2
-1407 5
-1406 1
-1405 3
-1404 0
-1403 0
-1402 0
-1401 1
-1400 0
-1399 2
-1398 0
-1397 4
-1396 1
-1395 1
-1394 2
-1393 0
-1392 3
-1391 0
-1390 1
-1389 2
-1388 0
-1387 1
-1386 0
-1385 1
-1384 0
-1383 1
-1382 0
-1381 2
-1380 2
-1379 3
-1378 2
-1377 1
-1376 0
-1375 4
-1374 3
-1373 1
-1372 1
-1371 0
-1370 1
-1369 2
-1368 2
-1367 4
-1366 1
-1365 1
-1364 2
-1363 1
-1362 3
-1361 2
-1360 1
-1359 1
-1358 3
-1357 2
-1356 0
-1355 1
-1354 0
-1353 0
-1352 2
-1351 4
-1350 2
-1349 0
-1348 1
-1347 2
-1346 3
-1345 1
-1344 0
-1343 5
-1342 2
-1341 2
-1340 2
-1339 2
-1338 2
-1337 2
-1336 1
-1335 2
-1334 2
-1333 1
-1332 0
-1331 0
-1330 3
-1329 2
-1328 1
-1327 0
-1326 1
-1325 0
-1324 0
-1323 2
-1322 1
-1321 1
-1320 1
-1319 0
-1318 1
-1317 0
-1316 2
-1315 3
-1314 2
-1313 0
-1312 3
-1311 2
-1310 1
-1309 0
-1308 1
-1307 1
-1306 3
-1305 0
-1304 1
-1303 2
-1302 3
-1301 2
-1300 1
-1299 0
-1298 1
-1297 2
-1296 2
-1295 0
-1294 4
-1293 0
-1292 2
-1291 0
-1290 1
-1289 4
-1288 4
-1287 3
-1286 2
-1285 1
-1284 1
-1283 5
-1282 2
-1281 1
-1280 0
-1279 1
-1278 1
-1277 0
-1276 2
-1275 2
-1274 0
-1273 1
-1272 1
-1271 1
-1270 2
-1269 1
-1268 0
-1267 0
-1266 0
-1265 1
-1264 1
-1263 0
-1262 1
-1261 0
-1260 0
-1259 2
-1258 3
-1257 0
-1256 2
-1255 4
-1254 2
-1253 2
-1252 1
-1251 5
-1250 1
-1249 1
-1248 1
-1247 1
-1246 4
-1245 0
-1244 2
-1243 1
-1242 1
-1241 1
-1240 1
-1239 3
-1238 0
-1237 3
-1236 2
-1235 2
-1234 2
-1233 1
-1232 1
-1231 1
-1230 3
-1229 3
-1228 1
-1227 7
-1226 1
-1225 0
-1224 2
-1223 3
-1222 2
-1221 0
-1220 0
-1219 1
-1218 1
-1217 2
-1216 1
-1215 2
-1214 1
-1213 1
-1212 0
-1211 5
-1210 2
-1209 0
-1208 2
-1207 0
-1206 3
-1205 5
-1204 0
-1203 1
-1202 2
-1201 3
-1200 0
-1199 3
-1198 2
-1197 2
-1196 0
-1195 0
-1194 2
-1193 2
-1192 1
-1191 4
-1190 5
-1189 1
-1188 4
-1187 3
-1186 0
-1185 1
-1184 4
-1183 2
-1182 0
-1181 0
-1180 2
-1179 4
-1178 2
-1177 2
-1176 3
-1175 2
-1174 2
-1173 7
-1172 0
-1171 3
-1170 2
-1169 3
-1168 1
-1167 2
-1166 0
-1165 2
-1164 2
-1163 3
-1162 4
-1161 2
-1160 2
-1159 4
-1158 2
-1157 2
-1156 0
-1155 1
-1154 1
-1153 2
-1152 5
-1151 0
-1150 5
-1149 0
-1148 3
-1147 2
-1146 4
-1145 1
-1144 3
-1143 1
-1142 2
-1141 2
-1140 1
-1139 2
-1138 0
-1137 0
-1136 5
-1135 3
-1134 1
-1133 3
-1132 2
-1131 4
-1130 3
-1129 2
-1128 3
-1127 5
-1126 1
-1125 3
-1124 2
-1123 2
-1122 0
-1121 1
-1120 0
-1119 4
-1118 4
-1117 2
-1116 1
-1115 2
-1114 4
-1113 2
-1112 2
-1111 2
-1110 2
-1109 0
-1108 2
-1107 0
-1106 1
-1105 0
-1104 2
-1103 0
-1102 1
-1101 2
-1100 4
-1099 1
-1098 1
-1097 1
-1096 0
-1095 1
-1094 1
-1093 2
-1092 4
-1091 2
-1090 2
-1089 2
-1088 6
-1087 1
-1086 1
-1085 4
-1084 3
-1083 0
-1082 2
-1081 2
-1080 3
-1079 1
-1078 3
-1077 2
-1076 2
-1075 1
-1074 3
-1073 3
-1072 4
-1071 5
-1070 2
-1069 1
-1068 4
-1067 2
-1066 1
-1065 5
-1064 1
-1063 2
-1062 5
-1061 5
-1060 0
-1059 2
-1058 1
-1057 1
-1056 5
-1055 3
-1054 2
-1053 4
-1052 4
-1051 2
-1050 5
-1049 7
-1048 1
-1047 2
-1046 0
-1045 5
-1044 3
-1043 0
-1042 2
-1041 2
-1040 1
-1039 6
-1038 2
-1037 5
-1036 1
-1035 3
-1034 1
-1033 3
-1032 5
-1031 4
-1030 4
-1029 5
-1028 1
-1027 2
-1026 2
-1025 0
-1024 3
-1023 3
-1022 4
-1021 6
-1020 2
-1019 3
-1018 2
-1017 2
-1016 2
-1015 3
-1014 6
-1013 3
-1012 4
-1011 2
-1010 3
-1009 2
-1008 1
-1007 1
-1006 2
-1005 5
-1004 2
-1003 0
-1002 3
-1001 3
-1000 1
-999 1
-998 0
-997 0
-996 3
-995 0
-994 1
-993 0
-992 4
-991 2
-990 0
-989 1
-988 2
-987 3
-986 4
-985 5
-984 4
-983 2
-982 1
-981 3
-980 4
-979 4
-978 3
-977 1
-976 2
-975 1
-974 4
-973 4
-972 1
-971 2
-970 1
-969 3
-968 2
-967 0
-966 4
-965 3
-964 2
-963 3
-962 1
-961 1
-960 4
-959 1
-958 2
-957 5
-956 5
-955 6
-954 7
-953 8
-952 0
-951 2
-950 2
-949 1
-948 6
-947 2
-946 1
-945 4
-944 1
-943 0
-942 2
-941 6
-940 2
-939 2
-938 1
-937 3
-936 1
-935 3
-934 0
-933 2
-932 3
-931 1
-930 2
-929 5
-928 5
-927 3
-926 4
-925 3
-924 1
-923 1
-922 1
-921 4
-920 3
-919 5
-918 3
-917 5
-916 2
-915 4
-914 1
-913 4
-912 2
-911 5
-910 2
-909 2
-908 5
-907 5
-906 1
-905 4
-904 3
-903 6
-902 1
-901 3
-900 3
-899 2
-898 3
-897 4
-896 4
-895 1
-894 1
-893 4
-892 4
-891 2
-890 1
-889 1
-888 2
-887 2
-886 2
-885 3
-884 3
-883 2
-882 7
-881 2
-880 1
-879 4
-878 4
-877 3
-876 2
-875 5
-874 5
-873 5
-872 1
-871 3
-870 1
-869 3
-868 2
-867 1
-866 9
-865 3
-864 3
-863 5
-862 2
-861 2
-860 0
-859 2
-858 2
-857 4
-856 9
-855 3
-854 3
-853 3
-852 3
-851 4
-850 5
-849 2
-848 2
-847 3
-846 4
-845 1
-844 4
-843 3
-842 1
-841 5
-840 3
-839 2
-838 1
-837 5
-836 3
-835 3
-834 4
-833 2
-832 2
-831 4
-830 4
-829 2
-828 6
-827 3
-826 1
-825 4
-824 2
-823 6
-822 4
-821 3
-820 3
-819 0
-818 2
-817 5
-816 1
-815 4
-814 5
-813 5
-812 3
-811 3
-810 2
-809 2
-808 2
-807 2
-806 2
-805 3
-804 6
-803 2
-802 2
-801 2
-800 2
-799 1
-798 9
-797 1
-796 7
-795 3
-794 4
-793 3
-792 3
-791 5
-790 4
-789 1
-788 3
-787 3
-786 4
-785 1
-784 3
-783 2
-782 2
-781 5
-780 4
-779 1
-778 9
-777 7
-776 9
-775 4
-774 9
-773 2
-772 5
-771 3
-770 2
-769 8
-768 4
-767 3
-766 7
-765 8
-764 6
-763 4
-762 4
-761 6
-760 8
-759 1
-758 3
-757 2
-756 2
-755 6
-754 5
-753 3
-752 6
-751 5
-750 4
-749 3
-748 2
-747 3
-746 7
-745 6
-744 1
-743 4
-742 4
-741 5
-740 7
-739 4
-738 6
-737 5
-736 2
-735 2
-734 5
-733 4
-732 4
-731 8
-730 2
-729 3
-728 3
-727 3
-726 2
-725 6
-724 3
-723 2
-722 4
-721 3
-720 4
-719 3
-718 4
-717 5
-716 5
-715 8
-714 4
-713 4
-712 4
-711 8
-710 3
-709 7
-708 4
-707 3
-706 3
-705 0
-704 7
-703 4
-702 5
-701 2
-700 2
-699 6
-698 8
-697 4
-696 4
-695 4
-694 5
-693 2
-692 6
-691 5
-690 5
-689 1
-688 7
-687 5
-686 5
-685 2
-684 6
-683 9
-682 4
-681 4
-680 3
-679 6
-678 7
-677 3
-676 4
-675 5
-674 6
-673 3
-672 6
-671 7
-670 1
-669 3
-668 9
-667 7
-666 7
-665 4
-664 3
-663 5
-662 4
-661 5
-660 6
-659 8
-658 6
-657 2
-656 2
-655 7
-654 6
-653 3
-652 6
-651 6
-650 4
-649 4
-648 6
-647 5
-646 5
-645 5
-644 14
-643 7
-642 4
-641 5
-640 6
-639 13
-638 7
-637 8
-636 7
-635 1
-634 5
-633 2
-632 4
-631 5
-630 6
-629 8
-628 7
-627 5
-626 5
-625 0
-624 7
-623 3
-622 4
-621 8
-620 8
-619 5
-618 2
-617 10
-616 7
-615 7
-614 5
-613 4
-612 5
-611 10
-610 5
-609 6
-608 5
-607 10
-606 4
-605 5
-604 10
-603 3
-602 9
-601 7
-600 4
-599 8
-598 9
-597 5
-596 2
-595 4
-594 7
-593 2
-592 5
-591 3
-590 5
-589 5
-588 3
-587 5
-586 4
-585 6
-584 9
-583 5
-582 7
-581 5
-580 10
-579 4
-578 8
-577 5
-576 8
-575 4
-574 3
-573 8
-572 5
-571 9
-570 6
-569 5
-568 12
-567 9
-566 6
-565 9
-564 8
-563 8
-562 6
-561 5
-560 6
-559 5
-558 6
-557 3
-556 6
-555 5
-554 5
-553 7
-552 12
-551 1
-550 9
-549 8
-548 8
-547 12
-546 7
-545 2
-544 3
-543 7
-542 10
-541 8
-540 9
-539 1
-538 13
-537 9
-536 7
-535 5
-534 5
-533 8
-532 3
-531 9
-530 8
-529 7
-528 13
-527 7
-526 5
-525 5
-524 11
-523 7
-522 11
-521 7
-520 5
-519 7
-518 12
-517 8
-516 5
-515 9
-514 8
-513 11
-512 7
-511 9
-510 6
-509 7
-508 9
-507 8
-506 9
-505 5
-504 10
-503 8
-502 13
-501 9
-500 6
-499 6
-498 9
-497 10
-496 7
-495 8
-494 6
-493 5
-492 6
-491 5
-490 10
-489 10
-488 14
-487 8
-486 5
-485 8
-484 9
-483 10
-482 11
-481 11
-480 10
-479 3
-478 7
-477 9
-476 6
-475 9
-474 7
-473 4
-472 10
-471 6
-470 8
-469 7
-468 11
-467 12
-466 11
-465 10
-464 5
-463 10
-462 11
-461 14
-460 15
-459 6
-458 6
-457 8
-456 6
-455 14
-454 11
-453 6
-452 14
-451 9
-450 8
-449 9
-448 8
-447 7
-446 4
-445 8
-444 14
-443 10
-442 12
-441 3
-440 8
-439 9
-438 3
-437 7
-436 6
-435 10
-434 6
-433 6
-432 8
-431 11
-430 11
-429 17
-428 9
-427 11
-426 14
-425 10
-424 8
-423 12
-422 6
-421 7
-420 13
-419 11
-418 16
-417 11
-416 7
-415 9
-414 6
-413 13
-412 15
-411 12
-410 10
-409 11
-408 7
-407 9
-406 8
-405 10
-404 9
-403 13
-402 11
-401 9
-400 10
-399 7
-398 8
-397 9
-396 7
-395 13
-394 11
-393 12
-392 14
-391 15
-390 8
-389 18
-388 11
-387 11
-386 10
-385 14
-384 20
-383 8
-382 8
-381 11
-380 19
-379 16
-378 12
-377 7
-376 14
-375 16
-374 9
-373 17
-372 18
-371 5
-370 12
-369 7
-368 13
-367 14
-366 14
-365 10
-364 18
-363 10
-362 10
-361 13
-360 16
-359 12
-358 5
-357 9
-356 12
-355 12
-354 15
-353 10
-352 11
-351 17
-350 14
-349 15
-348 9
-347 14
-346 12
-345 7
-344 21
-343 16
-342 12
-341 21
-340 27
-339 16
-338 17
-337 12
-336 11
-335 9
-334 14
-333 12
-332 12
-331 11
-330 14
-329 15
-328 17
-327 14
-326 16
-325 13
-324 22
-323 26
-322 21
-321 12
-320 15
-319 19
-318 22
-317 24
-316 17
-315 18
-314 12
-313 11
-312 17
-311 13
-310 8
-309 22
-308 15
-307 21
-306 20
-305 25
-304 20
-303 16
-302 16
-301 13
-300 13
-299 14
-298 16
-297 19
-296 14
-295 20
-294 30
-293 15
-292 21
-291 18
-290 15
-289 21
-288 13
-287 25
-286 17
-285 22
-284 16
-283 11
-282 21
-281 21
-280 32
-279 24
-278 21
-277 25
-276 25
-275 22
-274 15
-273 22
-272 20
-271 27
-270 28
-269 24
-268 20
-267 20
-266 27
-265 19
-264 20
-263 31
-262 28
-261 18
-260 30
-259 23
-258 27
-257 27
-256 29
-255 29
-254 25
-253 22
-252 25
-251 23
-250 26
-249 23
-248 28
-247 27
-246 34
-245 26
-244 30
-243 24
-242 31
-241 32
-240 28
-239 23
-238 25
-237 26
-236 38
-235 31
-234 26
-233 37
-232 31
-231 24
-230 29
-229 34
-228 21
-227 32
-226 29
-225 30
-224 38
-223 46
-222 29
-221 26
-220 36
-219 24
-218 24
-217 25
-216 35
-215 32
-214 23
-213 35
-212 37
-211 27
-210 39
-209 27
-208 41
-207 34
-206 41
-205 27
-204 38
-203 33
-202 27
-201 39
-200 34
-199 25
-198 38
-197 28
-196 35
-195 43
-194 33
-193 41
-192 36
-191 33
-190 32
-189 31
-188 40
-187 37
-186 42
-185 35
-184 57
-183 40
-182 43
-181 52
-180 41
-179 43
-178 56
-177 44
-176 49
-175 51
-174 42
-173 44
-172 44
-171 39
-170 45
-169 52
-168 44
-167 47
-166 50
-165 47
-164 50
-163 57
-162 44
-161 59
-160 51
-159 51
-158 57
-157 46
-156 51
-155 75
-154 55
-153 64
-152 69
-151 60
-150 58
-149 64
-148 63
-147 56
-146 57
-145 69
-144 68
-143 61
-142 59
-141 54
-140 66
-139 69
-138 74
-137 59
-136 55
-135 62
-134 68
-133 64
-132 74
-131 67
-130 74
-129 63
-128 64
-127 85
-126 85
-125 88
-124 83
-123 77
-122 79
-121 79
-120 65
-119 82
-118 75
-117 94
-116 76
-115 83
-114 105
-113 93
-112 96
-111 94
-110 106
-109 104
-108 93
-107 107
-106 97
-105 93
-104 103
-103 107
-102 110
-101 124
-100 130
-99 132
-98 109
-97 108
-96 120
-95 118
-94 131
-93 135
-92 123
-91 131
-90 154
-89 126
-88 163
-87 144
-86 141
-85 135
-84 152
-83 134
-82 152
-81 153
-80 144
-79 157
-78 166
-77 180
-76 162
-75 154
-74 179
-73 188
-72 191
-71 190
-70 184
-69 235
-68 218
-67 211
-66 244
-65 266
-64 233
-63 221
-62 224
-61 257
-60 263
-59 287
-58 262
-57 271
-56 303
-55 319
-54 296
-53 304
-52 369
-51 370
-50 382
-49 402
-48 420
-47 413
-46 447
-45 490
-44 471
-43 482
-42 426
-41 513
-40 530
-39 561
-38 597
-37 606
-36 669
-35 642
-34 657
-33 757
-32 742
-31 796
-30 894
-29 902
-28 929
-27 958
-26 1009
-25 1112
-24 1186
-23 1313
-22 1410
-21 1451
-20 1597
-19 1815
-18 1781
-17 2143
-16 2318
-15 2648
-14 2861
-13 3288
-12 3639
-11 4137
-10 4952
-9 5776
-8 6876
-7 8323
-6 10426
-5 13554
-4 18817
-3 27926
-2 48278
-1 128989
0 1193946
1 6918163
2 1210419
3 116030
4 46032
5 27247
6 18493
7 13519
8 10344
9 8336
10 6820
11 5662
12 4880
13 4177
14 3696
15 3162
16 2887
17 2653
18 2400
19 2089
20 1867
21 1717
22 1643
23 1484
24 1339
25 1285
26 1212
27 1073
28 1019
29 1000
30 942
31 903
32 910
33 782
34 727
35 741
36 680
37 681
38 612
39 588
40 568
41 517
42 585
43 540
44 487
45 477
46 440
47 419
48 454
49 396
50 399
51 387
52 350
53 336
54 346
55 344
56 328
57 319
58 311
59 269
60 284
61 268
62 273
63 247
64 221
65 284
66 227
67 234
68 223
69 220
70 217
71 230
72 211
73 167
74 218
75 181
76 157
77 165
78 178
79 164
80 161
81 159
82 149
83 157
84 176
85 154
86 151
87 125
88 156
89 133
90 141
91 146
92 120
93 123
94 139
95 134
96 129
97 119
98 121
99 117
100 109
101 118
102 122
103 120
104 112
105 120
106 95
107 115
108 107
109 92
110 94
111 107
112 102
113 107
114 79
115 114
116 85
117 98
118 83
119 86
120 86
121 94
122 86
123 76
124 88
125 85
126 75
127 72
128 72
129 68
130 71
131 62
132 93
133 60
134 70
135 73
136 61
137 67
138 75
139 70
140 60
141 59
142 61
143 61
144 65
145 69
146 61
147 54
148 62
149 65
150 61
151 56
152 61
153 61
154 61
155 51
156 47
157 63
158 45
159 54
160 57
161 60
162 63
163 49
164 64
165 51
166 42
167 52
168 44
169 45
170 60
171 45
172 53
173 32
174 46
175 44
176 53
177 45
178 43
179 37
180 56
181 40
182 42
183 42
184 38
185 43
186 41
187 19
188 58
189 50
190 40
191 36
192 42
193 32
194 41
195 37
196 40
197 45
198 38
199 32
200 36
201 34
202 37
203 34
204 23
205 40
206 45
207 24
208 36
209 36
210 36
211 28
212 37
213 32
214 31
215 32
216 35
217 28
218 26
219 24
220 28
221 31
222 26
223 23
224 33
225 30
226 37
227 20
228 27
229 25
230 24
231 40
232 21
233 30
234 29
235 31
236 19
237 19
238 37
239 30
240 25
241 22
242 37
243 25
244 32
245 27
246 31
247 40
248 20
249 18
250 29
251 24
252 29
253 28
254 26
255 30
256 27
257 26
258 19
259 26
260 20
261 21
262 25
263 17
264 29
265 26
266 24
267 13
268 22
269 21
270 23
271 34
272 24
273 16
274 22
275 19
276 33
277 15
278 16
279 21
280 22
281 18
282 26
283 25
284 25
285 20
286 17
287 20
288 21
289 19
290 14
291 15
292 17
293 17
294 19
295 16
296 20
297 25
298 18
299 18
300 17
301 14
302 16
303 15
304 22
305 11
306 13
307 23
308 15
309 20
310 18
311 20
312 11
313 14
314 17
315 15
316 26
317 15
318 19
319 14
320 19
321 26
322 19
323 15
324 20
325 16
326 14
327 23
328 13
329 8
330 18
331 11
332 22
333 12
334 16
335 12
336 20
337 12
338 23
339 21
340 18
341 5
342 18
343 17
344 13
345 11
346 11
347 20
348 15
349 14
350 13
351 8
352 12
353 23
354 23
355 20
356 8
357 11
358 13
359 13
360 11
361 10
362 3
363 15
364 12
365 13
366 13
367 11
368 14
369 16
370 14
371 18
372 6
373 12
374 10
375 7
376 15
377 15
378 14
379 11
380 13
381 17
382 10
383 10
384 11
385 19
386 6
387 14
388 8
389 17
390 10
391 10
392 10
393 16
394 17
395 15
396 16
397 14
398 8
399 11
400 8
401 12
402 9
403 11
404 12
405 8
406 9
407 10
408 16
409 9
410 6
411 5
412 11
413 7
414 9
415 12
416 11
417 14
418 14
419 11
420 8
421 12
422 19
423 10
424 11
425 8
426 13
427 11
428 10
429 7
430 8
431 14
432 13
433 14
434 7
435 6
436 9
437 4
438 8
439 6
440 7
441 14
442 7
443 8
444 9
445 5
446 14
447 10
448 10
449 11
450 8
451 11
452 14
453 6
454 7
455 9
456 11
457 13
458 14
459 7
460 12
461 7
462 16
463 9
464 7
465 10
466 10
467 9
468 5
469 5
470 13
471 10
472 13
473 13
474 9
475 9
476 8
477 4
478 8
479 7
480 9
481 10
482 4
483 9
484 1
485 15
486 7
487 8
488 6
489 8
490 7
491 2
492 6
493 13
494 7
495 11
496 11
497 10
498 7
499 10
500 4
501 9
502 3
503 13
504 13
505 5
506 5
507 7
508 5
509 5
510 7
511 4
512 10
513 12
514 8
515 8
516 7
517 6
518 8
519 7
520 7
521 8
522 10
523 4
524 10
525 14
526 4
527 8
528 15
529 4
530 14
531 3
532 7
533 10
534 4
535 4
536 9
537 9
538 8
539 2
540 5
541 4
542 6
543 7
544 10
545 6
546 10
547 7
548 7
549 5
550 4
551 7
552 3
553 6
554 5
555 2
556 3
557 5
558 5
559 4
560 10
561 4
562 6
563 5
564 4
565 10
566 9
567 11
568 7
569 8
570 7
571 4
572 7
573 12
574 7
575 8
576 8
577 6
578 9
579 7
580 5
581 4
582 4
583 2
584 6
585 6
586 7
587 4
588 5
589 5
590 7
591 4
592 14
593 6
594 0
595 5
596 5
597 3
598 10
599 6
600 5
601 5
602 6
603 6
604 11
605 6
606 13
607 6
608 4
609 3
610 6
611 7
612 2
613 5
614 3
615 3
616 6
617 5
618 6
619 7
620 5
621 7
622 7
623 2
624 9
625 3
626 4
627 4
628 6
629 3
630 10
631 9
632 5
633 2
634 6
635 4
636 4
637 6
638 8
639 8
640 5
641 8
642 7
643 15
644 7
645 5
646 5
647 6
648 3
649 4
650 5
651 7
652 5
653 5
654 3
655 8
656 9
657 4
658 9
659 3
660 5
661 5
662 9
663 6
664 3
665 2
666 7
667 5
668 4
669 7
670 1
671 2
672 11
673 6
674 4
675 6
676 5
677 5
678 1
679 2
680 7
681 6
682 7
683 6
684 3
685 4
686 4
687 3
688 5
689 2
690 5
691 4
692 3
693 2
694 5
695 5
696 4
697 9
698 1
699 5
700 1
701 6
702 8
703 1
704 6
705 1
706 7
707 6
708 2
709 5
710 5
711 5
712 6
713 2
714 4
715 4
716 3
717 6
718 8
719 4
720 2
721 1
722 4
723 6
724 11
725 4
726 7
727 4
728 4
729 4
730 5
731 3
732 4
733 6
734 6
735 2
736 2
737 2
738 6
739 6
740 7
741 2
742 3
743 5
744 4
745 6
746 5
747 2
748 6
749 0
750 2
751 5
752 2
753 7
754 4
755 4
756 2
757 3
758 5
759 3
760 6
761 5
762 10
763 4
764 2
765 4
766 2
767 5
768 6
769 5
770 4
771 1
772 2
773 5
774 4
775 4
776 3
777 5
778 4
779 4
780 2
781 5
782 3
783 3
784 4
785 4
786 5
787 2
788 2
789 5
790 1
791 5
792 2
793 3
794 5
795 4
796 3
797 2
798 6
799 5
800 3
801 4
802 3
803 4
804 1
805 3
806 2
807 1
808 3
809 4
810 3
811 6
812 4
813 2
814 2
815 3
816 5
817 2
818 3
819 1
820 4
821 4
822 2
823 4
824 5
825 3
826 5
827 3
828 8
829 1
830 3
831 2
832 3
833 3
834 6
835 2
836 3
837 5
838 3
839 2
840 3
841 3
842 0
843 2
844 3
845 2
846 5
847 1
848 0
849 4
850 6
851 2
852 4
853 3
854 2
855 3
856 4
857 4
858 4
859 2
860 3
861 2
862 3
863 3
864 1
865 4
866 10
867 7
868 6
869 3
870 7
871 3
872 3
873 5
874 7
875 5
876 1
877 1
878 4
879 4
880 5
881 1
882 0
883 0
884 4
885 5
886 3
887 3
888 5
889 3
890 0
891 1
892 4
893 6
894 3
895 6
896 2
897 3
898 6
899 2
900 4
901 2
902 4
903 3
904 2
905 3
906 4
907 4
908 4
909 2
910 3
911 3
912 3
913 0
914 2
915 3
916 1
917 1
918 1
919 1
920 4
921 6
922 1
923 4
924 0
925 0
926 3
927 3
928 3
929 1
930 2
931 3
932 4
933 2
934 4
935 5
936 4
937 3
938 6
939 3
940 1
941 4
942 3
943 5
944 3
945 1
946 2
947 1
948 4
949 2
950 3
951 2
952 3
953 2
954 2
955 2
956 3
957 3
958 1
959 1
960 3
961 3
962 1
963 1
964 5
965 1
966 3
967 3
968 1
969 2
970 1
971 2
972 3
973 3
974 2
975 2
976 3
977 1
978 4
979 5
980 2
981 2
982 2
983 3
984 2
985 1
986 4
987 0
988 2
989 6
990 1
991 4
992 2
993 4
994 0
995 4
996 4
997 2
998 2
999 2
1000 1
1001 1
1002 3
1003 4
1004 2
1005 2
1006 1
1007 3
1008 2
1009 5
1010 3
1011 1
1012 1
1013 1
1014 4
1015 2
1016 1
1017 3
1018 5
1019 2
1020 3
1021 2
1022 1
1023 5
1024 0
1025 5
1026 2
1027 5
1028 2
1029 5
1030 2
1031 2
1032 3
1033 1
1034 4
1035 1
1036 5
1037 5
1038 1
1039 3
1040 3
1041 0
1042 3
1043 4
1044 4
1045 3
1046 5
1047 1
1048 2
1049 3
1050 1
1051 1
1052 2
1053 3
1054 3
1055 4
1056 2
1057 1
1058 3
1059 1
1060 2
1061 5
1062 5
1063 2
1064 1
1065 5
1066 4
1067 3
1068 0
1069 2
1070 1
1071 4
1072 1
1073 2
1074 3
1075 1
1076 2
1077 4
1078 4
1079 1
1080 0
1081 1
1082 1
1083 5
1084 0
1085 1
1086 2
1087 6
1088 0
1089 4
1090 2
1091 0
1092 2
1093 2
1094 2
1095 1
1096 4
1097 3
1098 0
1099 1
1100 2
1101 0
1102 1
1103 4
1104 2
1105 3
1106 2
1107 1
1108 1
1109 3
1110 0
1111 4
1112 0
1113 4
1114 4
1115 2
1116 2
1117 2
1118 3
1119 4
1120 1
1121 4
1122 2
1123 0
1124 3
1125 2
1126 5
1127 0
1128 1
1129 2
1130 3
1131 3
1132 2
1133 1
1134 1
1135 3
1136 1
1137 0
1138 2
1139 2
1140 0
1141 4
1142 3
1143 1
1144 1
1145 0
1146 2
1147 2
1148 1
1149 4
1150 1
1151 3
1152 4
1153 1
1154 7
1155 2
1156 2
1157 1
1158 4
1159 1
1160 3
1161 2
1162 2
1163 1
1164 4
1165 0
1166 1
1167 3
1168 1
1169 1
1170 3
1171 0
1172 2
1173 4
1174 2
1175 1
1176 0
1177 0
1178 1
1179 4
1180 1
1181 3
1182 2
1183 5
1184 2
1185 2
1186 6
1187 0
1188 3
1189 2
1190 1
1191 1
1192 2
1193 3
1194 4
1195 1
1196 1
1197 2
1198 1
1199 0
1200 5
1201 2
1202 1
1203 3
1204 1
1205 0
1206 0
1207 1
1208 2
1209 3
1210 3
1211 1
1212 0
1213 1
1214 3
1215 1
1216 0
1217 4
1218 2
1219 4
1220 3
1221 3
1222 3
1223 3
1224 1
1225 3
1226 0
1227 2
1228 1
1229 1
1230 1
1231 1
1232 2
1233 1
1234 2
1235 2
1236 3
1237 1
1238 1
1239 3
1240 2
1241 2
1242 5
1243 2
1244 0
1245 1
1246 0
1247 1
1248 3
1249 4
1250 3
1251 3
1252 1
1253 0
1254 0
1255 2
1256 1
1257 1
1258 4
1259 0
1260 2
1261 1
1262 1
1263 1
1264 2
1265 0
1266 1
1267 1
1268 0
1269 3
1270 2
1271 1
1272 1
1273 1
1274 2
1275 0
1276 1
1277 1
1278 2
1279 1
1280 0
1281 1
1282 1
1283 3
1284 3
1285 3
1286 1
1287 0
1288 0
1289 4
1290 1
1291 2
1292 2
1293 1
1294 2
1295 0
1296 2
1297 1
1298 2
1299 3
1300 2
1301 0
1302 3
1303 3
1304 2
1305 1
1306 3
1307 2
1308 2
1309 1
1310 1
1311 2
1312 3
1313 1
1314 2
1315 0
1316 0
1317 2
1318 0
1319 3
1320 2
1321 2
1322 2
1323 0
1324 0
1325 0
1326 0
1327 1
1328 0
1329 1
1330 0
1331 2
1332 3
1333 1
1334 6
1335 2
1336 1
1337 4
1338 0
1339 1
1340 0
1341 0
1342 2
1343 0
1344 1
1345 2
1346 2
1347 3
1348 4
1349 0
1350 1
1351 0
1352 1
1353 5
1354 1
1355 1
1356 1
1357 0
1358 1
1359 2
1360 2
1361 0
1362 1
1363 2
1364 1
1365 1
1366 1
1367 3
1368 2
1369 2
1370 1
1371 1
1372 1
1373 1
1374 2
1375 1
1376 1
1377 1
1378 2
1379 0
1380 4
1381 0
1382 1
1383 1
1384 1
1385 2
1386 3
1387 0
1388 1
1389 3
1390 0
1391 0
1392 0
1393 1
1394 2
1395 2
1396 0
1397 2
1398 1
1399 0
1400 0
1401 1
1402 3
1403 0
1404 2
1405 4
1406 0
1407 0
1408 2
1409 2
1410 1
1411 0
1412 3
1413 2
1414 1
1415 1
1416 0
1417 1
1418 1
1419 2
1420 2
1421 0
1422 2
1423 1
1424 2
1425 1
1426 1
1427 1
1428 3
1429 2
1430 1
1431 6
1432 2
1433 1
1434 1
1435 1
1436 1
1437 0
1438 2
1439 1
1440 2
1441 2
1442 2
1443 0
1444 0
1445 0
1446 0
1447 0
1448 0
1449 1
1450 1
1451 1
1452 2
1453 0
1454 0
1455 0
1456 2
1457 1
1458 1
1459 1
1460 1
1461 1
1462 0
1463 1
1464 0
1465 1
1466 1
1467 0
1468 1
1469 2
1470 2
1471 1
1472 0
1473 1
1474 2
1475 3
1476 0
1477 1
1478 1
1479 0
1480 0
1481 1
1482 4
1483 2
1484 2
1485 1
1486 4
1487 1
1488 3
1489 2
1490 0
1491 0
1492 1
1493 1
1494 1
1495 0
1496 2
1497 0
1498 0
1499 0
1500 1
1501 1
1502 3
1503 0
1504 2
1505 1
1506 0
1507 1
1508 1
1509 0
1510 3
1511 0
1512 1
1513 1
1514 1
1515 1
1516 0
1517 2
1518 1
1519 1
1520 1
1521 1
1522 2
1523 1
1524 0
1525 1
1526 0
1527 1
1528 2
1529 1
1530 2
1531 1
1532 0
1533 1
1534 2
1535 2
1536 1
1537 1
1538 2
1539 2
1540 3
1541 2
1542 1
1543 1
1544 3
1545 2
1546 1
1547 2
1548 0
1549 1
1550 1
1551 2
1552 0
1553 0
1554 1
1555 2
1556 1
1557 1
1558 3
1559 1
1560 0
1561 1
1562 0
1563 0
1564 0
1565 4
1566 0
1567 2
1568 1
1569 0
1570 1
1571 1
1572 2
1573 1
1574 0
1575 2
1576 1
1577 1
1578 1
1579 1
1580 1
1581 2
1582 1
1583 1
1584 1
1585 0
1586 2
1587 1
1588 0
1589 1
1590 1
1591 1
1592 1
1593 0
1594 2
1595 1
1596 0
1597 1
1598 1
1599 3
1600 3
1601 4
1602 0
1603 1
1604 0
1605 2
1606 2
1607 0
1608 0
1609 1
1610 1
1611 1
1612 1
1613 3
1614 0
1615 0
1616 0
1617 0
1618 2
1619 1
1620 0
1621 2
1622 1
1623 1
1624 0
1625 0
1626 1
1627 1
1628 0
1629 2
1630 0
1631 1
1632 2
1633 4
1634 0
1635 0
1636 2
1637 2
1638 1
1639 2
1640 0
1641 4
1642 2
1643 2
1644 2
1645 2
1646 2
1647 3
1648 0
1649 0
1650 3
1651 0
1652 0
1653 0
1654 2
1655 1
1656 3
1657 1
1658 2
1659 1
1660 2
1661 0
1662 0
1663 1
1664 1
1665 1
1666 0
1667 1
1668 0
1669 3
1670 0
1671 1
1672 0
1673 2
1674 1
1675 0
1676 1
1677 1
1678 1
1679 1
1680 4
1681 1
1682 0
1683 0
1684 1
1685 1
1686 0
1687 2
1688 1
1689 1
1690 2
1691 0
1692 0
1693 1
1694 2
1695 0
1696 1
1697 2
1698 0
1699 2
1700 0
1701 0
1702 2
1703 0
1704 2
1705 1
1706 0
1707 2
1708 1
1709 0
1710 0
1711 1
1712 0
1713 0
1714 2
1715 2
1716 1
1717 1
1718 0
1719 0
1720 2
1721 0
1722 1
1723 1
1724 1
1725 0
1726 1
1727 4
1728 2
1729 0
1730 1
1731 3
1732 1
1733 2
1734 2
1735 3
1736 1
1737 0
1738 1
1739 0
1740 1
1741 0
1742 0
1743 0
1744 1
1745 1
1746 3
1747 0
1748 0
1749 1
1750 2
1751 1
1752 0
1753 2
1754 3
1755 1
1756 0
1757 1
1758 1
1759 2
1760 0
1761 2
1762 1
1763 0
1764 0
1765 0
1766 2
1767 0
1768 1
1769 1
1770 4
1771 1
1772 2
1773 0
1774 0
1775 1
1776 2
1777 1
1778 0
1779 1
1780 0
1781 2
1782 1
1783 2
1784 1
1785 0
1786 0
1787 0
1788 0
1789 1
1790 3
1791 1
1792 2
1793 1
1794 2
1795 2
1796 0
1797 0
1798 0
1799 2
1800 0
1801 2
1802 2
1803 1
1804 2
1805 1
1806 1
1807 0
1808 1
1809 0
1810 3
1811 1
1812 1
1813 2
1814 2
1815 0
1816 0
1817 0
1818 3
1819 3
1820 1
1821 1
1822 1
1823 3
1824 1
1825 2
1826 0
1827 0
1828 0
1829 2
1830 0
1831 0
1832 0
1833 1
1834 1
1835 3
1836 1
1837 1
1838 1
1839 0
1840 3
1841 0
1842 0
1843 0
1844 0
1845 2
1846 1
1847 0
1848 0
1849 1
1850 0
1851 1
1852 1
1853 0
1854 2
1855 1
1856 2
1857 1
1858 1
1859 0
1860 1
1861 2
1862 1
1863 0
1864 0
1865 0
1866 0
1867 0
1868 2
1869 0
1870 4
1871 0
1872 0
1873 0
1874 1
1875 1
1876 1
1877 1
1878 0
1879 2
1880 0
1881 0
1882 0
1883 1
1884 3
1885 0
1886 1
1887 1
1888 3
1889 0
1890 1
1891 0
1892 0
1893 1
1894 0
1895 1
1896 0
1897 1
1898 0
1899 3
1900 0
1901 0
1902 0
1903 0
1904 1
1905 0
1906 1
1907 1
1908 0
1909 1
1910 0
1911 2
1912 1
1913 0
1914 1
1915 1
1916 0
1917 3
1918 1
1919 1
1920 2
1921 4
1922 2
1923 0
1924 0
1925 2
1926 0
1927 1
1928 1
1929 0
1930 0
1931 3
1932 0
1933 1
1934 0
1935 0
1936 1
1937 2
1938 3
1939 0
1940 0
1941 0
1942 0
1943 0
1944 2
1945 0
1946 0
1947 0
1948 1
1949 2
1950 1
1951 2
1952 0
1953 0
1954 0
1955 0
1956 0
1957 1
1958 0
1959 2
1960 2
1961 0
1962 1
1963 0
1964 1
1965 0
1966 1
1967 0
1968 1
1969 0
1970 1
1971 0
1972 1
1973 0
1974 0
1975 0
1976 0
1977 2
1978 0
1979 1
1980 3
1981 1
1982 0
1983 1
1984 0
1985 2
1986 1
1987 0
1988 0
1989 1
1990 1
1991 0
1992 1
1993 1
1994 0
1995 2
1996 0
1997 0
1998 0
1999 0
2000 0
2001 1
2002 0
2003 0
2004 0
2005 0
2006 1
2007 0
2008 1
2009 0
2010 3
2011 1
2012 0
2013 1
2014 0
2015 1
2016 0
2017 0
2018 0
2019 2
2020 1
2021 2
2022 1
2023 1
2024 0
2025 1
2026 0
2027 0
2028 2
2029 0
2030 2
2031 2
2032 0
2033 1
2034 2
2035 1
2036 0
2037 2
2038 1
2039 0
2040 0
2041 1
2042 0
2043 0
2044 1
2045 0
2046 0
2047 0
2048 1
2049 1
2050 0
2051 2
2052 2
2053 2
2054 1
2055 1
2056 0
2057 2
2058 3
2059 1
2060 1
2061 0
2062 0
2063 1
2064 0
2065 0
2066 2
2067 0
2068 1
2069 0
2070 0
2071 2
2072 0
2073 0
2074 0
2075 0
2076 0
2077 0
2078 1
2079 1
2080 2
2081 1
2082 0
2083 1
2084 0
2085 1
2086 2
2087 1
2088 2
2089 0
2090 1
2091 1
2092 1
2093 0
2094 1
2095 4
2096 1
2097 1
2098 4
2099 0
2100 1
2101 1
2102 4
2103 0
2104 1
2105 0
2106 2
2107 2
2108 0
2109 1
2110 0
2111 1
2112 1
2113 0
2114 0
2115 1
2116 0
2117 1
2118 0
2119 2
2120 1
2121 1
2122 0
2123 0
2124 2
2125 1
2126 0
2127 0
2128 0
2129 0
2130 1
2131 0
2132 0
2133 0
2134 0
2135 1
2136 1
2137 2
2138 1
2139 1
2140 3
2141 0
2142 1
2143 2
2144 1
2145 2
2146 0
2147 0
2148 0
2149 1
2150 1
2151 0
2152 2
2153 0
2154 2
2155 1
2156 1
2157 1
2158 0
2159 2
2160 1
2161 1
2162 0
2163 1
2164 0
2165 1
2166 0
2167 0
2168 1
2169 0
2170 0
2171 0
2172 2
2173 0
2174 0
2175 0
2176 0
2177 0
2178 1
2179 1
2180 0
2181 0
2182 0
2183 1
2184 1
2185 2
2186 0
2187 0
2188 0
2189 0
2190 0
2191 1
2192 0
2193 1
2194 0
2195 1
2196 1
2197 1
2198 1
2199 1
2200 0
2201 2
2202 0
2203 1
2204 0
2205 0
2206 0
2207 0
2208 0
2209 0
2210 0
2211 1
2212 1
2213 0
2214 2
2215 0
2216 0
2217 0
2218 0
2219 0
2220 0
2221 2
2222 0
2223 2
2224 0
2225 0
2226 0
2227 2
2228 0
2229 2
2230 0
2231 1
2232 0
2233 1
2234 1
2235 2
2236 3
2237 0
2238 1
2239 0
2240 0
2241 1
2242 0
2243 1
2244 0
2245 0
2246 1
2247 1
2248 0
2249 1
2250 0
2251 0
2252 0
2253 0
2254 0
2255 0
2256 0
2257 0
2258 1
2259 2
2260 0
2261 0
2262 0
2263 0
2264 0
2265 1
2266 0
2267 1
2268 0
2269 0
2270 0
2271 0
2272 0
2273 0
2274 0
2275 1
2276 1
2277 1
2278 0
2279 0
2280 0
2281 1
2282 1
2283 1
2284 0
2285 0
2286 0
2287 1
2288 1
2289 0
2290 0
2291 0
2292 0
2293 2
2294 2
2295 0
2296 1
2297 0
2298 0
2299 0
2300 0
2301 2
2302 0
2303 0
2304 0
2305 0
2306 1
2307 0
2308 0
2309 0
2310 0
2311 0
2312 0
2313 0
2314 0
2315 0
2316 0
2317 0
2318 1
2319 1
2320 1
2321 1
2322 0
2323 0
2324 1
2325 0
2326 1
2327 0
2328 0
2329 1
2330 0
2331 0
2332 1
2333 0
2334 0
2335 0
2336 0
2337 0
2338 0
2339 0
2340 1
2341 1
2342 1
2343 0
2344 0
2345 1
2346 0
2347 0
2348 0
2349 0
2350 1
2351 0
2352 0
2353 0
2354 0
2355 0
2356 0
2357 0
2358 0
2359 0
2360 0
2361 0
2362 0
2363 0
2364 1
2365 0
2366 0
2367 0
2368 0
2369 1
2370 2
2371 0
2372 1
2373 1
2374 0
2375 1
2376 0
2377 1
2378 0
2379 0
2380 0
2381 0
2382 1
2383 0
2384 1
2385 0
2386 1
2387 1
2388 0
2389 0
2390 0
2391 0
2392 0
2393 0
2394 1
2395 0
2396 0
2397 0
2398 0
2399 0
2400 0
2401 0
2402 1
2403 0
2404 1
2405 2
2406 1
2407 0
2408 0
2409 0
2410 1
2411 1
2412 0
2413 0
2414 0
2415 0
2416 0
2417 1
2418 0
2419 1
2420 0
2421 1
2422 0
2423 0
2424 0
2425 0
2426 0
2427 0
2428 0
2429 0
2430 2
2431 0
2432 1
2433 2
2434 0
2435 0
2436 0
2437 0
2438 0
2439 0
2440 0
2441 0
2442 0
2443 1
2444 2
2445 0
2446 1
2447 0
2448 0
2449 1
2450 0
2451 0
2452 0
2453 0
2454 0
2455 0
2456 0
2457 0
2458 0
2459 0
2460 0
2461 0
2462 0
2463 0
2464 0
2465 0
2466 0
2467 0
2468 1
2469 0
2470 0
2471 0
2472 0
2473 0
2474 0
2475 0
2476 0
2477 0
2478 1
2479 0
2480 1
2481 0
2482 0
2483 0
2484 1
2485 0
2486 0
2487 0
2488 0
2489 0
2490 0
2491 0
2492 1
2493 0
2494 0
2495 0
2496 0
2497 1
2498 0
2499 1
2500 0
2501 1
2502 1
2503 1
2504 1
2505 0
2506 0
2507 0
2508 0
2509 0
2510 0
2511 0
2512 0
2513 1
2514 0
2515 0
2516 0
2517 0
2518 0
2519 0
2520 0
2521 0
2522 1
2523 0
2524 0
2525 0
2526 0
2527 0
2528 1
2529 0
2530 0
2531 0
2532 1
2533 0
2534 0
2535 0
2536 1
2537 0
2538 0
2539 1
2540 0
2541 0
2542 0
2543 0
2544 0
2545 1
2546 0
2547 0
2548 0
2549 0
2550 0
2551 0
2552 1
2553 0
2554 0
2555 0
2556 0
2557 0
2558 0
2559 0
2560 1
2561 0
2562 0
2563 0
2564 0
2565 0
2566 0
2567 0
2568 0
2569 0
2570 0
2571 0
2572 0
2573 0
2574 0
2575 0
2576 0
2577 0
2578 0
2579 0
2580 0
2581 0
2582 0
2583 0
2584 0
2585 0
2586 0
2587 0
2588 0
2589 0
2590 0
2591 0
2592 0
2593 0
2594 0
2595 0
2596 0
2597 0
2598 0
2599 0
2600 0
2601 0
2602 0
2603 0
2604 0
2605 0
2606 0
2607 0
2608 0
2609 0
2610 0
2611 0
2612 0
2613 0
2614 0
2615 0
2616 0
2617 0
2618 0
2619 0
2620 0
2621 0
2622 0
2623 0
2624 0
2625 0
2626 0
2627 0
2628 0
2629 0
2630 0
2631 0
2632 0
2633 0
2634 0
2635 0
2636 0
2637 0
2638 0
2639 0
2640 1
2641 0
2642 0
2643 0
2644 0
2645 0
2646 0
2647 0
2648 1
