2 0.7053781274057562
3 0.6817810184151686
4 0.6649451953049536
5 0.6514976747050304
6 0.6414242336597397
7 0.6327092843263182
8 0.6248780660628034
9 0.6183941726807873
10 0.6127884970030631
11 0.6080227322566112
12 0.6026927214857011
13 0.5996781759354973
14 0.5950042463014457
15 0.5926618339751364
16 0.5883120470208125
17 0.5864223459569843
18 0.5840339821612007
19 0.5813821302626241
20 0.5782386977539445
21 0.5769998621599217
22 0.5754975204482514
23 0.5739821175504816
24 0.5712193959449605
25 0.5703873195182718
26 0.5684861250402644
27 0.5667428449447656
28 0.5653207149518937
29 0.5648632935782865
30 0.5632155163541127
31 0.5615196826365578
32 0.560695249089493
33 0.5607068133893095
34 0.5583192670185341
35 0.5579317758444559
36 0.5570916279128705
37 0.5557265313322524
38 0.555221180175872
39 0.5547680852164021
40 0.5534055719415572
41 0.5524129450226448
42 0.5513687246126298
43 0.5507130367204197
44 0.5499913011453116
45 0.5502887482759372
46 0.5501107989740189
47 0.5475126938262086
48 0.5471910395378712
49 0.5472331047395225
50 0.546745584087873
51 0.5458324171163983
52 0.545903505562574
53 0.5461182200461202
54 0.5448131678763021
55 0.5447834013645072
56 0.5442175868901623
57 0.542652964014933
58 0.5430988422641572
59 0.5432874076151626
60 0.5423376864386407
61 0.5417919055438445
62 0.5407129445103618
63 0.540814514415141
64 0.5397236386306027
65 0.5406079605390227
66 0.5383426985288703
67 0.5398255526573943
68 0.5396162893650192
69 0.5386534786658463
70 0.538525988069715
71 0.5382149594423581
72 0.5371561729978035
73 0.5369546790280528
74 0.5362295498028191
75 0.5365755269648602
76 0.5363320534526043
77 0.5357979125496762
78 0.5354684784969591
79 0.5361775866084026
80 0.5353478896151505
81 0.5346463109287886
82 0.5352717107270757
83 0.5349804439549777
84 0.5338441708013243
85 0.5353946137030298
86 0.53460507503746
87 0.533296662866052
88 0.5337687305106105
89 0.5329324297211138
90 0.5342933936272161
91 0.5331553725435682
92 0.5330339767228781
93 0.5330261868726339
94 0.5316518535698062
95 0.5316663638858503
96 0.5323117713572737
97 0.5312641768445363
98 0.5310547156867979
99 0.5310102079530263
100 0.5301990281141244
101 0.5308308880402448
102 0.5295809743674307
103 0.5304288059089044
104 0.5291535065235725
105 0.5319428446907201
106 0.5303762214542674
107 0.5293406780480321
108 0.530968344691141
109 0.5295569224752488
110 0.5283697645685752
111 0.5290630649655121
112 0.5296181223318106
113 0.5278304077374398
114 0.5282167836779194
115 0.5292909846380741
116 0.5267991695969344
117 0.5291671789598399
118 0.5281855450103892
119 0.5265475716560509
120 0.5268452024849128
121 0.528016391789437
122 0.5269776370801761
123 0.5284046873187145
124 0.527623292903322
125 0.5274178772411988
126 0.5261266171298896
127 0.5264086422263949
128 0.5268772322593192
129 0.5259317174876206
130 0.5259142646645917
131 0.5261647775987867
132 0.5260787609673627
133 0.5266201896807431
134 0.5255915413815188
135 0.5260480591497227
136 0.52559030721258
137 0.5239896129245891
138 0.5242804945192452
139 0.5260861345332174
140 0.524735421549826
141 0.5263856308533209
142 0.5251007770202784
143 0.5243549908021456
144 0.5253484900914673
145 0.5246860605183298
146 0.524982245657665
147 0.5234675055259156
148 0.5231943937360296
149 0.5230388292497103
150 0.5235085408345372
151 0.5242036531900626
152 0.5233580055794753
153 0.5237523752375237
154 0.5239299563380396
155 0.5234558600754976
156 0.5243682731199013
157 0.5242393113563577
158 0.5222621486937793
159 0.5231616770451534
160 0.5222708687628903
161 0.5227504819246771
162 0.523789953695233
163 0.5231062518154207
164 0.5233385527124255
165 0.5237268337601141
166 0.521290904781351
167 0.5224233227943043
168 0.5233538094907568
169 0.5230723680200172
170 0.5230890863482707
171 0.5220341063880786
172 0.522379821313752
173 0.5225483410158609
174 0.5222804505395551
175 0.5223800240794919
176 0.5215209120958425
177 0.522542009295674
178 0.5204365209803793
179 0.5225424848375668
180 0.5236038343267835
181 0.5213572998961127
182 0.5218295281398159
183 0.521445734637621
184 0.5222023563929766
185 0.5216338258181561
186 0.5222951143117863
187 0.5209793994575387
188 0.5202776286762995
189 0.5191865980925751
190 0.5218698614047451
191 0.5211416191776951
192 0.5195168195139802
193 0.5221936758265664
194 0.5211595806232158
195 0.5216022835152372
196 0.5202145729173664
197 0.5196052614677131
198 0.5212511885001531
199 0.5204449070362804
200 0.5202946394338556
201 0.5205965028990328
202 0.5198309971625589
203 0.5207398291588243
204 0.5201982708782257
205 0.5204749204504945
206 0.5204713487396632
207 0.5203795091637173
208 0.5189464650073969
209 0.5200422365245374
210 0.5185371316014922
211 0.5201275381548262
212 0.5192806507686458
213 0.5184909982071401
214 0.5191988643166231
215 0.5195232124761692
216 0.5193621398470262
217 0.5191931392680276
218 0.5205296274156822
219 0.5190033095943581
220 0.5195254314969324
221 0.5185689116821044
222 0.5191588277160518
223 0.5205294055612191
224 0.518065503951004
225 0.5188912510567851
226 0.520922237187212
227 0.5176909281389278
228 0.5178774302801655
229 0.5203926843927988
230 0.5193624633137912
231 0.5189583662222478
232 0.5183888168323966
233 0.5191612698045565
234 0.5178777142608734
235 0.5181014641879338
236 0.5183660071122458
237 0.5178251877493546
238 0.5188506162949947
239 0.5178208624919972
240 0.5176959284887002
241 0.5184398503905193
242 0.5178803073160397
243 0.517751987804149
244 0.5197297034370767
245 0.5178925064483403
246 0.518369090030456
247 0.517879946508956
248 0.5179674670327795
249 0.5177614387164751
250 0.5176768061996583
251 0.5199532979506805
252 0.5189901509875797
253 0.5179344156641297
254 0.5176963938408554
255 0.5185649224619997
256 0.517154469348134
257 0.515810758986159
258 0.5185395911226709
259 0.5163958641063515
260 0.5167996681160498
261 0.5188839955096048
262 0.518026572910699
263 0.518119664175139
264 0.5178514233292341
265 0.51809969094223
266 0.5152890085069052
267 0.5165773777420889
268 0.5176115357162907
269 0.5179015275219395
270 0.5167853550593442
271 0.5167566038117181
272 0.5183097908261035
273 0.5157748950100319
274 0.5161109931915032
275 0.5178881485143256
276 0.5155992224890152
277 0.5182642603773275
278 0.5165352588270006
279 0.5167642078613819
280 0.5173281911189672
281 0.5169514308521418
282 0.5170303751341547
283 0.5167172239074636
284 0.517940046760187
285 0.5152606753767166
286 0.5179552512142687
287 0.5180049833539229
288 0.5181961362532044
289 0.5170662597165643
290 0.5169346937396534
291 0.5165895241442685
292 0.5170988764807712
293 0.5165876978286044
294 0.5154554115205335
295 0.5170210328455229
296 0.5144222774620203
297 0.5169204955012798
298 0.5144175763675621
299 0.5152163441718777
300 0.5165169465781365
301 0.5155220867809941
302 0.5169971795073307
303 0.5162458975557954
304 0.5163553853417974
305 0.5166833551230646
306 0.514462691754396
307 0.5176793531987007
308 0.5152276863812267
309 0.5170013813622357
310 0.5169939023577846
311 0.5168328289122307
312 0.5144019730925733
313 0.5155105500289958
314 0.5160712767052652
315 0.5167395772232496
316 0.5162401971767869
317 0.5152912206914525
318 0.5151041126643736
319 0.5149744140986672
320 0.5148482437194498
321 0.5152215659328158
322 0.5138074168681294
323 0.516572969514146
324 0.5151418100628182
325 0.5167824950113534
326 0.5142056547003836
327 0.5144242972452846
328 0.5153763351057413
329 0.516764690864021
330 0.515164624559249
331 0.5145049841941831
332 0.5150557047042646
333 0.5154092540061243
334 0.5167745483775437
335 0.5171109645817634
336 0.5160322528988989
337 0.5149055078274601
338 0.5136541767257594
339 0.5143086310120599
340 0.5139163724001131
341 0.5167217828900071
342 0.5129305167882932
343 0.5129616640464385
344 0.5133723015480657
345 0.5148831667760838
346 0.5149736475493683
347 0.5158572964976228
348 0.5140901495979129
349 0.5164966036404269
350 0.5163452285091423
351 0.5154931242948153
352 0.5169434790741634
353 0.5156341141812371
354 0.5122268470343392
355 0.5159011298041344
356 0.5165145170915512
357 0.5130038496937069
358 0.5155693861724762
359 0.51185574470846
360 0.5151512122968678
361 0.5142948714738566
362 0.5138057995911253
363 0.5148066187195092
364 0.5139754209736999
365 0.5158118817375162
366 0.5146602398902317
367 0.5136862842664852
368 0.5133560005293537
369 0.5133695579943874
370 0.5170521144418057
371 0.515433825249433
372 0.5140415015726482
373 0.5142543184012159
374 0.5129085649759463
375 0.5141310852921147
376 0.5137524659416024
377 0.5133617692539203
378 0.5156011323528645
379 0.5133297530098181
380 0.5114470910457726
381 0.5159071096219895
382 0.5146965409712999
383 0.5143365402833625
384 0.5160363356946622
385 0.5128513230775718
386 0.5126641949152543
387 0.5140489453988774
388 0.5127577695798721
389 0.5136906092640499
390 0.5125211884734704
391 0.5163791680202803
392 0.5121203604024034
393 0.5144310398256093
394 0.5132724843450684
395 0.5139314376941664
396 0.5143412212298643
397 0.512775506456613
398 0.514446019499421
399 0.5120897630949793
400 0.5128953426211802
401 0.5134214448320477
402 0.513567861163022
403 0.5145307471704722
404 0.5145091120291936
405 0.5140921631292852
406 0.5112552356307976
407 0.5152070999417857
408 0.5124341156922941
409 0.5133506171198121
410 0.5140944659187329
411 0.5140283742459435
412 0.5147593541072057
413 0.5142693205430308
414 0.5121478794392942
415 0.514030203324053
416 0.5147160557708423
417 0.5137951350896389
418 0.5127734563536159
419 0.5110987228866816
420 0.5134837769321076
421 0.5144860078333428
422 0.5147837899026488
423 0.5127680845896194
424 0.5150258420655498
425 0.5141207003276752
426 0.5128083626876152
427 0.5147704945265823
428 0.5145234380803804
429 0.5125735075395281
430 0.5133349000097439
431 0.513587596756676
432 0.5115080074509374
433 0.5121039588157795
434 0.5128551624515092
435 0.5134893766051832
436 0.512733080362087
437 0.5163816833068956
438 0.5120712528271453
439 0.5142236432202
440 0.5133746969634713
441 0.5137554095963586
442 0.5150472712278739
443 0.5131914140818493
444 0.5118532310283078
445 0.5138876537720468
446 0.513120260150251
447 0.5124321422179801
448 0.5148897585186599
449 0.5133250475040931
450 0.5129473570320859
451 0.5147321080094391
452 0.5133878207436211
453 0.5128602491560649
454 0.5152191254175889
455 0.5124996255803504
456 0.5138642819821388
457 0.5118575173773962
458 0.5122871517027864
459 0.5129179009092506
460 0.5144080265938444
461 0.512264168062957
462 0.5114524190808949
463 0.5094179700600628
464 0.5118802320074302
465 0.5122322932541911
466 0.5139613891954222
467 0.514360813903148
468 0.5133671302916071
469 0.5126153389153965
470 0.5136462442637468
471 0.5140601661543779
472 0.5129045397319114
473 0.5143389635956332
474 0.511634839310666
475 0.5138946909000218
476 0.5143566111308047
477 0.5141930705701501
478 0.5132246693832654
479 0.5140822130623802
480 0.5120717852957948
481 0.5147342692404111
482 0.5126073565866239
483 0.513634623471008
484 0.5106802497535327
485 0.5119088558582655
486 0.5125680690701797
487 0.512905618868552
488 0.5131812445144882
489 0.5152986886838271
490 0.5128067655975745
491 0.513522829549154
492 0.5122753150387002
493 0.512029892070654
494 0.5138222084559393
495 0.5132119068518615
496 0.5121342474057927
497 0.5098724671457241
498 0.5127238883682183
