-2215 1
-2214 0
-2213 0
-2212 0
-2211 0
-2210 0
-2209 0
-2208 0
-2207 0
-2206 0
-2205 0
-2204 0
-2203 0
-2202 0
-2201 0
-2200 0
-2199 0
-2198 0
-2197 0
-2196 0
-2195 0
-2194 0
-2193 0
-2192 0
-2191 0
-2190 0
-2189 0
-2188 0
-2187 0
-2186 0
-2185 0
-2184 0
-2183 0
-2182 0
-2181 0
-2180 0
-2179 0
-2178 0
-2177 0
-2176 0
-2175 0
-2174 0
-2173 0
-2172 0
-2171 0
-2170 0
-2169 0
-2168 0
-2167 0
-2166 0
-2165 0
-2164 0
-2163 0
-2162 0
-2161 0
-2160 0
-2159 0
-2158 0
-2157 0
-2156 0
-2155 0
-2154 0
-2153 0
-2152 0
-2151 0
-2150 0
-2149 0
-2148 0
-2147 0
-2146 0
-2145 0
-2144 0
-2143 0
-2142 0
-2141 0
-2140 0
-2139 0
-2138 0
-2137 0
-2136 0
-2135 0
-2134 0
-2133 0
-2132 0
-2131 0
-2130 0
-2129 0
-2128 0
-2127 0
-2126 0
-2125 0
-2124 0
-2123 0
-2122 0
-2121 0
-2120 0
-2119 0
-2118 0
-2117 0
-2116 0
-2115 0
-2114 0
-2113 0
-2112 0
-2111 0
-2110 0
-2109 0
-2108 0
-2107 0
-2106 0
-2105 0
-2104 0
-2103 0
-2102 0
-2101 0
-2100 0
-2099 0
-2098 0
-2097 0
-2096 0
-2095 0
-2094 0
-2093 0
-2092 0
-2091 0
-2090 0
-2089 0
-2088 0
-2087 0
-2086 0
-2085 0
-2084 0
-2083 0
-2082 0
-2081 0
-2080 0
-2079 0
-2078 0
-2077 0
-2076 0
-2075 0
-2074 0
-2073 0
-2072 0
-2071 0
-2070 0
-2069 0
-2068 0
-2067 0
-2066 0
-2065 0
-2064 0
-2063 0
-2062 0
-2061 0
-2060 0
-2059 1
-2058 0
-2057 0
-2056 0
-2055 0
-2054 1
-2053 0
-2052 0
-2051 0
-2050 0
-2049 0
-2048 0
-2047 0
-2046 1
-2045 0
-2044 0
-2043 0
-2042 0
-2041 0
-2040 0
-2039 0
-2038 0
-2037 0
-2036 0
-2035 0
-2034 0
-2033 0
-2032 0
-2031 0
-2030 0
-2029 0
-2028 0
-2027 0
-2026 0
-2025 0
-2024 0
-2023 0
-2022 0
-2021 0
-2020 0
-2019 0
-2018 0
-2017 0
-2016 0
-2015 0
-2014 0
-2013 0
-2012 0
-2011 0
-2010 0
-2009 0
-2008 0
-2007 0
-2006 0
-2005 0
-2004 0
-2003 0
-2002 0
-2001 0
-2000 1
-1999 0
-1998 0
-1997 0
-1996 0
-1995 0
-1994 0
-1993 0
-1992 0
-1991 0
-1990 0
-1989 0
-1988 0
-1987 0
-1986 0
-1985 0
-1984 0
-1983 0
-1982 0
-1981 0
-1980 0
-1979 0
-1978 0
-1977 0
-1976 0
-1975 0
-1974 0
-1973 0
-1972 0
-1971 0
-1970 0
-1969 0
-1968 0
-1967 0
-1966 0
-1965 0
-1964 0
-1963 0
-1962 1
-1961 0
-1960 0
-1959 0
-1958 0
-1957 1
-1956 0
-1955 0
-1954 0
-1953 1
-1952 1
-1951 0
-1950 0
-1949 0
-1948 0
-1947 1
-1946 0
-1945 0
-1944 1
-1943 1
-1942 0
-1941 0
-1940 1
-1939 0
-1938 0
-1937 0
-1936 0
-1935 0
-1934 0
-1933 0
-1932 0
-1931 1
-1930 1
-1929 1
-1928 1
-1927 0
-1926 0
-1925 0
-1924 1
-1923 0
-1922 1
-1921 0
-1920 0
-1919 3
-1918 0
-1917 0
-1916 1
-1915 0
-1914 0
-1913 0
-1912 2
-1911 2
-1910 0
-1909 3
-1908 0
-1907 0
-1906 0
-1905 1
-1904 0
-1903 1
-1902 1
-1901 2
-1900 1
-1899 2
-1898 0
-1897 0
-1896 0
-1895 1
-1894 0
-1893 1
-1892 0
-1891 1
-1890 0
-1889 0
-1888 0
-1887 0
-1886 0
-1885 0
-1884 0
-1883 1
-1882 1
-1881 0
-1880 0
-1879 0
-1878 1
-1877 0
-1876 0
-1875 2
-1874 0
-1873 1
-1872 0
-1871 1
-1870 0
-1869 2
-1868 0
-1867 0
-1866 0
-1865 1
-1864 0
-1863 3
-1862 4
-1861 1
-1860 3
-1859 1
-1858 1
-1857 2
-1856 2
-1855 1
-1854 1
-1853 1
-1852 3
-1851 0
-1850 1
-1849 3
-1848 0
-1847 0
-1846 2
-1845 0
-1844 1
-1843 0
-1842 0
-1841 1
-1840 1
-1839 1
-1838 2
-1837 1
-1836 1
-1835 0
-1834 1
-1833 1
-1832 2
-1831 0
-1830 0
-1829 0
-1828 2
-1827 1
-1826 1
-1825 1
-1824 2
-1823 0
-1822 0
-1821 5
-1820 0
-1819 5
-1818 2
-1817 0
-1816 4
-1815 1
-1814 2
-1813 0
-1812 2
-1811 0
-1810 0
-1809 2
-1808 0
-1807 1
-1806 1
-1805 2
-1804 1
-1803 1
-1802 1
-1801 3
-1800 2
-1799 0
-1798 5
-1797 1
-1796 1
-1795 1
-1794 0
-1793 2
-1792 1
-1791 0
-1790 1
-1789 4
-1788 1
-1787 1
-1786 3
-1785 2
-1784 1
-1783 1
-1782 0
-1781 0
-1780 1
-1779 2
-1778 1
-1777 2
-1776 0
-1775 3
-1774 0
-1773 3
-1772 2
-1771 1
-1770 4
-1769 1
-1768 3
-1767 0
-1766 1
-1765 3
-1764 1
-1763 2
-1762 3
-1761 3
-1760 5
-1759 0
-1758 3
-1757 1
-1756 2
-1755 3
-1754 3
-1753 2
-1752 1
-1751 3
-1750 1
-1749 4
-1748 4
-1747 1
-1746 3
-1745 2
-1744 0
-1743 2
-1742 5
-1741 2
-1740 2
-1739 1
-1738 3
-1737 1
-1736 4
-1735 3
-1734 2
-1733 2
-1732 2
-1731 1
-1730 3
-1729 2
-1728 3
-1727 5
-1726 5
-1725 3
-1724 3
-1723 1
-1722 2
-1721 4
-1720 0
-1719 1
-1718 3
-1717 2
-1716 0
-1715 5
-1714 2
-1713 1
-1712 3
-1711 2
-1710 5
-1709 1
-1708 5
-1707 4
-1706 2
-1705 4
-1704 0
-1703 1
-1702 0
-1701 3
-1700 3
-1699 8
-1698 2
-1697 7
-1696 5
-1695 7
-1694 3
-1693 1
-1692 0
-1691 3
-1690 1
-1689 4
-1688 7
-1687 6
-1686 6
-1685 3
-1684 5
-1683 4
-1682 5
-1681 6
-1680 5
-1679 2
-1678 3
-1677 4
-1676 4
-1675 2
-1674 5
-1673 4
-1672 5
-1671 3
-1670 2
-1669 6
-1668 7
-1667 3
-1666 4
-1665 4
-1664 4
-1663 2
-1662 11
-1661 5
-1660 8
-1659 5
-1658 4
-1657 2
-1656 8
-1655 8
-1654 4
-1653 6
-1652 5
-1651 2
-1650 4
-1649 5
-1648 7
-1647 2
-1646 3
-1645 5
-1644 7
-1643 5
-1642 3
-1641 5
-1640 6
-1639 5
-1638 0
-1637 5
-1636 10
-1635 4
-1634 3
-1633 6
-1632 5
-1631 3
-1630 4
-1629 7
-1628 8
-1627 6
-1626 2
-1625 6
-1624 8
-1623 10
-1622 4
-1621 5
-1620 4
-1619 5
-1618 5
-1617 5
-1616 7
-1615 7
-1614 3
-1613 5
-1612 7
-1611 8
-1610 5
-1609 6
-1608 9
-1607 8
-1606 3
-1605 5
-1604 7
-1603 7
-1602 8
-1601 11
-1600 12
-1599 5
-1598 9
-1597 9
-1596 8
-1595 7
-1594 9
-1593 4
-1592 8
-1591 9
-1590 11
-1589 9
-1588 8
-1587 7
-1586 4
-1585 8
-1584 8
-1583 9
-1582 7
-1581 16
-1580 8
-1579 9
-1578 11
-1577 11
-1576 7
-1575 7
-1574 10
-1573 5
-1572 13
-1571 7
-1570 8
-1569 12
-1568 8
-1567 11
-1566 11
-1565 11
-1564 11
-1563 9
-1562 7
-1561 5
-1560 5
-1559 11
-1558 8
-1557 5
-1556 8
-1555 14
-1554 12
-1553 14
-1552 10
-1551 10
-1550 8
-1549 10
-1548 13
-1547 16
-1546 10
-1545 7
-1544 15
-1543 17
-1542 5
-1541 9
-1540 9
-1539 7
-1538 13
-1537 14
-1536 12
-1535 11
-1534 13
-1533 8
-1532 13
-1531 9
-1530 7
-1529 11
-1528 13
-1527 9
-1526 15
-1525 9
-1524 13
-1523 11
-1522 13
-1521 7
-1520 15
-1519 8
-1518 10
-1517 7
-1516 11
-1515 10
-1514 10
-1513 15
-1512 19
-1511 12
-1510 13
-1509 14
-1508 9
-1507 11
-1506 13
-1505 11
-1504 12
-1503 10
-1502 16
-1501 14
-1500 12
-1499 14
-1498 9
-1497 12
-1496 16
-1495 7
-1494 15
-1493 11
-1492 12
-1491 17
-1490 11
-1489 17
-1488 11
-1487 17
-1486 14
-1485 17
-1484 15
-1483 15
-1482 18
-1481 7
-1480 16
-1479 21
-1478 15
-1477 17
-1476 8
-1475 18
-1474 12
-1473 14
-1472 20
-1471 10
-1470 12
-1469 17
-1468 30
-1467 13
-1466 21
-1465 17
-1464 16
-1463 18
-1462 23
-1461 14
-1460 11
-1459 14
-1458 16
-1457 10
-1456 20
-1455 18
-1454 15
-1453 15
-1452 16
-1451 11
-1450 17
-1449 17
-1448 17
-1447 22
-1446 24
-1445 29
-1444 17
-1443 19
-1442 28
-1441 18
-1440 17
-1439 15
-1438 15
-1437 21
-1436 15
-1435 21
-1434 17
-1433 26
-1432 20
-1431 28
-1430 17
-1429 23
-1428 14
-1427 22
-1426 16
-1425 13
-1424 23
-1423 17
-1422 19
-1421 31
-1420 22
-1419 20
-1418 20
-1417 21
-1416 29
-1415 24
-1414 28
-1413 28
-1412 18
-1411 32
-1410 23
-1409 23
-1408 18
-1407 26
-1406 25
-1405 29
-1404 19
-1403 28
-1402 14
-1401 30
-1400 19
-1399 20
-1398 21
-1397 28
-1396 25
-1395 33
-1394 25
-1393 24
-1392 31
-1391 27
-1390 22
-1389 30
-1388 24
-1387 24
-1386 24
-1385 24
-1384 26
-1383 38
-1382 29
-1381 30
-1380 22
-1379 33
-1378 26
-1377 24
-1376 25
-1375 31
-1374 26
-1373 35
-1372 38
-1371 26
-1370 25
-1369 35
-1368 39
-1367 31
-1366 27
-1365 41
-1364 28
-1363 31
-1362 27
-1361 34
-1360 34
-1359 47
-1358 41
-1357 22
-1356 41
-1355 44
-1354 27
-1353 33
-1352 31
-1351 38
-1350 19
-1349 34
-1348 30
-1347 31
-1346 44
-1345 49
-1344 37
-1343 31
-1342 33
-1341 36
-1340 37
-1339 28
-1338 31
-1337 35
-1336 19
-1335 38
-1334 33
-1333 31
-1332 28
-1331 39
-1330 39
-1329 41
-1328 41
-1327 32
-1326 32
-1325 37
-1324 38
-1323 32
-1322 47
-1321 44
-1320 37
-1319 28
-1318 30
-1317 35
-1316 36
-1315 34
-1314 39
-1313 29
-1312 27
-1311 38
-1310 33
-1309 44
-1308 51
-1307 34
-1306 38
-1305 37
-1304 37
-1303 43
-1302 34
-1301 45
-1300 40
-1299 37
-1298 40
-1297 38
-1296 34
-1295 44
-1294 38
-1293 45
-1292 40
-1291 43
-1290 34
-1289 37
-1288 51
-1287 43
-1286 45
-1285 42
-1284 55
-1283 40
-1282 40
-1281 59
-1280 47
-1279 46
-1278 48
-1277 49
-1276 45
-1275 42
-1274 44
-1273 49
-1272 46
-1271 60
-1270 44
-1269 56
-1268 46
-1267 45
-1266 49
-1265 43
-1264 47
-1263 48
-1262 33
-1261 38
-1260 48
-1259 40
-1258 47
-1257 49
-1256 44
-1255 47
-1254 55
-1253 61
-1252 56
-1251 35
-1250 66
-1249 47
-1248 51
-1247 46
-1246 59
-1245 54
-1244 59
-1243 60
-1242 39
-1241 60
-1240 60
-1239 56
-1238 56
-1237 65
-1236 53
-1235 48
-1234 50
-1233 64
-1232 40
-1231 47
-1230 49
-1229 56
-1228 58
-1227 56
-1226 52
-1225 60
-1224 54
-1223 57
-1222 56
-1221 55
-1220 54
-1219 50
-1218 53
-1217 54
-1216 59
-1215 71
-1214 65
-1213 66
-1212 67
-1211 66
-1210 72
-1209 69
-1208 68
-1207 40
-1206 77
-1205 84
-1204 60
-1203 64
-1202 63
-1201 56
-1200 51
-1199 61
-1198 65
-1197 75
-1196 61
-1195 71
-1194 63
-1193 61
-1192 71
-1191 64
-1190 68
-1189 62
-1188 63
-1187 68
-1186 73
-1185 70
-1184 81
-1183 63
-1182 78
-1181 71
-1180 79
-1179 72
-1178 64
-1177 75
-1176 77
-1175 65
-1174 69
-1173 70
-1172 74
-1171 73
-1170 76
-1169 84
-1168 73
-1167 93
-1166 83
-1165 88
-1164 65
-1163 71
-1162 78
-1161 68
-1160 92
-1159 67
-1158 54
-1157 75
-1156 78
-1155 101
-1154 92
-1153 82
-1152 76
-1151 84
-1150 91
-1149 96
-1148 84
-1147 79
-1146 85
-1145 88
-1144 94
-1143 59
-1142 108
-1141 80
-1140 61
-1139 80
-1138 80
-1137 91
-1136 63
-1135 93
-1134 91
-1133 78
-1132 98
-1131 101
-1130 83
-1129 91
-1128 81
-1127 80
-1126 90
-1125 84
-1124 91
-1123 75
-1122 96
-1121 99
-1120 92
-1119 93
-1118 98
-1117 80
-1116 98
-1115 90
-1114 83
-1113 101
-1112 89
-1111 111
-1110 104
-1109 100
-1108 109
-1107 106
-1106 85
-1105 106
-1104 95
-1103 104
-1102 98
-1101 98
-1100 92
-1099 92
-1098 104
-1097 103
-1096 103
-1095 99
-1094 110
-1093 98
-1092 108
-1091 107
-1090 96
-1089 101
-1088 92
-1087 123
-1086 87
-1085 102
-1084 89
-1083 106
-1082 104
-1081 101
-1080 132
-1079 127
-1078 101
-1077 105
-1076 123
-1075 98
-1074 133
-1073 122
-1072 139
-1071 114
-1070 111
-1069 115
-1068 123
-1067 110
-1066 113
-1065 122
-1064 127
-1063 132
-1062 100
-1061 122
-1060 143
-1059 141
-1058 116
-1057 119
-1056 120
-1055 113
-1054 123
-1053 123
-1052 122
-1051 113
-1050 116
-1049 133
-1048 111
-1047 129
-1046 138
-1045 133
-1044 129
-1043 140
-1042 139
-1041 120
-1040 134
-1039 130
-1038 129
-1037 144
-1036 136
-1035 139
-1034 128
-1033 134
-1032 136
-1031 152
-1030 133
-1029 141
-1028 137
-1027 140
-1026 132
-1025 151
-1024 147
-1023 167
-1022 133
-1021 138
-1020 155
-1019 147
-1018 137
-1017 159
-1016 143
-1015 136
-1014 168
-1013 140
-1012 143
-1011 141
-1010 154
-1009 142
-1008 157
-1007 186
-1006 169
-1005 164
-1004 151
-1003 140
-1002 175
-1001 159
-1000 175
-999 141
-998 163
-997 168
-996 134
-995 176
-994 165
-993 144
-992 156
-991 137
-990 167
-989 167
-988 174
-987 149
-986 162
-985 157
-984 144
-983 185
-982 170
-981 169
-980 161
-979 153
-978 144
-977 149
-976 198
-975 198
-974 164
-973 178
-972 192
-971 155
-970 198
-969 159
-968 154
-967 199
-966 181
-965 166
-964 184
-963 184
-962 184
-961 204
-960 196
-959 170
-958 198
-957 193
-956 193
-955 202
-954 188
-953 181
-952 162
-951 170
-950 179
-949 187
-948 188
-947 203
-946 201
-945 217
-944 188
-943 194
-942 216
-941 207
-940 214
-939 202
-938 217
-937 206
-936 212
-935 209
-934 206
-933 201
-932 203
-931 196
-930 179
-929 219
-928 225
-927 216
-926 220
-925 179
-924 245
-923 202
-922 212
-921 212
-920 214
-919 241
-918 194
-917 243
-916 232
-915 235
-914 253
-913 197
-912 209
-911 216
-910 250
-909 223
-908 223
-907 224
-906 240
-905 232
-904 250
-903 260
-902 229
-901 217
-900 213
-899 235
-898 245
-897 252
-896 246
-895 227
-894 247
-893 255
-892 225
-891 246
-890 251
-889 267
-888 256
-887 263
-886 250
-885 267
-884 249
-883 248
-882 209
-881 246
-880 280
-879 259
-878 246
-877 263
-876 264
-875 262
-874 258
-873 242
-872 238
-871 262
-870 263
-869 260
-868 278
-867 270
-866 278
-865 277
-864 287
-863 259
-862 273
-861 258
-860 243
-859 265
-858 277
-857 296
-856 307
-855 292
-854 299
-853 271
-852 269
-851 279
-850 286
-849 304
-848 295
-847 272
-846 343
-845 294
-844 321
-843 283
-842 311
-841 289
-840 330
-839 317
-838 279
-837 304
-836 315
-835 307
-834 330
-833 347
-832 318
-831 285
-830 309
-829 309
-828 294
-827 341
-826 300
-825 301
-824 325
-823 327
-822 350
-821 312
-820 297
-819 280
-818 319
-817 341
-816 328
-815 314
-814 345
-813 348
-812 324
-811 316
-810 306
-809 337
-808 319
-807 294
-806 321
-805 327
-804 338
-803 358
-802 334
-801 327
-800 351
-799 344
-798 356
-797 351
-796 359
-795 315
-794 356
-793 338
-792 371
-791 359
-790 371
-789 423
-788 391
-787 363
-786 380
-785 380
-784 421
-783 372
-782 405
-781 349
-780 395
-779 387
-778 408
-777 396
-776 355
-775 377
-774 361
-773 408
-772 390
-771 402
-770 407
-769 411
-768 395
-767 416
-766 393
-765 414
-764 411
-763 406
-762 386
-761 441
-760 398
-759 423
-758 424
-757 443
-756 421
-755 426
-754 441
-753 440
-752 437
-751 429
-750 441
-749 390
-748 380
-747 440
-746 419
-745 450
-744 479
-743 430
-742 437
-741 471
-740 462
-739 435
-738 435
-737 487
-736 463
-735 454
-734 446
-733 453
-732 475
-731 476
-730 436
-729 486
-728 472
-727 523
-726 497
-725 480
-724 495
-723 496
-722 449
-721 484
-720 519
-719 494
-718 466
-717 455
-716 486
-715 463
-714 524
-713 490
-712 466
-711 519
-710 543
-709 514
-708 450
-707 490
-706 527
-705 521
-704 511
-703 478
-702 484
-701 541
-700 540
-699 486
-698 561
-697 548
-696 471
-695 532
-694 569
-693 554
-692 577
-691 537
-690 557
-689 557
-688 587
-687 567
-686 583
-685 531
-684 523
-683 535
-682 571
-681 544
-680 524
-679 608
-678 562
-677 589
-676 581
-675 613
-674 579
-673 625
-672 573
-671 585
-670 598
-669 658
-668 582
-667 580
-666 581
-665 615
-664 597
-663 587
-662 585
-661 637
-660 605
-659 628
-658 636
-657 612
-656 623
-655 622
-654 635
-653 666
-652 613
-651 650
-650 598
-649 690
-648 617
-647 648
-646 654
-645 679
-644 664
-643 675
-642 690
-641 638
-640 682
-639 681
-638 693
-637 680
-636 665
-635 673
-634 675
-633 626
-632 696
-631 758
-630 688
-629 694
-628 692
-627 706
-626 685
-625 723
-624 726
-623 693
-622 750
-621 727
-620 705
-619 696
-618 717
-617 744
-616 685
-615 682
-614 756
-613 743
-612 740
-611 793
-610 723
-609 760
-608 758
-607 702
-606 804
-605 755
-604 796
-603 795
-602 750
-601 788
-600 821
-599 819
-598 783
-597 809
-596 780
-595 823
-594 787
-593 856
-592 839
-591 821
-590 806
-589 793
-588 818
-587 849
-586 827
-585 892
-584 784
-583 852
-582 848
-581 859
-580 828
-579 884
-578 856
-577 846
-576 929
-575 888
-574 931
-573 846
-572 922
-571 867
-570 934
-569 893
-568 907
-567 905
-566 879
-565 901
-564 908
-563 869
-562 932
-561 888
-560 902
-559 937
-558 908
-557 938
-556 950
-555 948
-554 921
-553 937
-552 959
-551 988
-550 933
-549 975
-548 929
-547 965
-546 1004
-545 967
-544 975
-543 997
-542 979
-541 1017
-540 1012
-539 1021
-538 1029
-537 1048
-536 1002
-535 1075
-534 1026
-533 1033
-532 1050
-531 1038
-530 1080
-529 1145
-528 1060
-527 1120
-526 1057
-525 1067
-524 1104
-523 1050
-522 1151
-521 1119
-520 1112
-519 1165
-518 1147
-517 1090
-516 1108
-515 1111
-514 1127
-513 1089
-512 1180
-511 1139
-510 1085
-509 1158
-508 1210
-507 1183
-506 1262
-505 1160
-504 1147
-503 1224
-502 1229
-501 1242
-500 1251
-499 1241
-498 1267
-497 1161
-496 1238
-495 1251
-494 1204
-493 1296
-492 1161
-491 1262
-490 1255
-489 1206
-488 1351
-487 1258
-486 1333
-485 1321
-484 1306
-483 1346
-482 1381
-481 1284
-480 1348
-479 1310
-478 1390
-477 1351
-476 1343
-475 1338
-474 1371
-473 1395
-472 1393
-471 1400
-470 1410
-469 1306
-468 1396
-467 1347
-466 1393
-465 1382
-464 1390
-463 1430
-462 1464
-461 1526
-460 1491
-459 1427
-458 1559
-457 1538
-456 1411
-455 1521
-454 1491
-453 1456
-452 1500
-451 1543
-450 1484
-449 1543
-448 1567
-447 1571
-446 1572
-445 1541
-444 1503
-443 1606
-442 1556
-441 1571
-440 1641
-439 1588
-438 1584
-437 1682
-436 1656
-435 1682
-434 1634
-433 1672
-432 1604
-431 1612
-430 1753
-429 1604
-428 1761
-427 1705
-426 1744
-425 1754
-424 1709
-423 1798
-422 1730
-421 1782
-420 1795
-419 1848
-418 1758
-417 1908
-416 1899
-415 1750
-414 1768
-413 1832
-412 1899
-411 1795
-410 1924
-409 1769
-408 1871
-407 1839
-406 1841
-405 1907
-404 1903
-403 1870
-402 1860
-401 1970
-400 1949
-399 1925
-398 1960
-397 1993
-396 2037
-395 2008
-394 2035
-393 2050
-392 2104
-391 2017
-390 2038
-389 2108
-388 2026
-387 2047
-386 2134
-385 2084
-384 2108
-383 2155
-382 2205
-381 2205
-380 2211
-379 2187
-378 2124
-377 2236
-376 2184
-375 2147
-374 2312
-373 2265
-372 2259
-371 2336
-370 2359
-369 2278
-368 2263
-367 2320
-366 2299
-365 2376
-364 2355
-363 2438
-362 2363
-361 2451
-360 2467
-359 2370
-358 2487
-357 2463
-356 2518
-355 2580
-354 2528
-353 2514
-352 2481
-351 2538
-350 2545
-349 2615
-348 2583
-347 2661
-346 2590
-345 2616
-344 2664
-343 2652
-342 2647
-341 2643
-340 2691
-339 2774
-338 2617
-337 2762
-336 2739
-335 2714
-334 2874
-333 2861
-332 2942
-331 2892
-330 2919
-329 2912
-328 2936
-327 2945
-326 2836
-325 2948
-324 2982
-323 3021
-322 3019
-321 3071
-320 3048
-319 2991
-318 3082
-317 3008
-316 3147
-315 3184
-314 3183
-313 3141
-312 3165
-311 3169
-310 3216
-309 3267
-308 3333
-307 3335
-306 3277
-305 3453
-304 3448
-303 3381
-302 3462
-301 3473
-300 3446
-299 3413
-298 3575
-297 3455
-296 3586
-295 3526
-294 3578
-293 3698
-292 3587
-291 3606
-290 3596
-289 3560
-288 3586
-287 3770
-286 3892
-285 3844
-284 3765
-283 3868
-282 3744
-281 3996
-280 3925
-279 3817
-278 3992
-277 4000
-276 4144
-275 4072
-274 4074
-273 3946
-272 4152
-271 4251
-270 4228
-269 4199
-268 4237
-267 4198
-266 4300
-265 4417
-264 4390
-263 4235
-262 4452
-261 4410
-260 4437
-259 4546
-258 4544
-257 4504
-256 4528
-255 4541
-254 4648
-253 4696
-252 4788
-251 4868
-250 4773
-249 4818
-248 4839
-247 4855
-246 4964
-245 4887
-244 5153
-243 5064
-242 5284
-241 5035
-240 5148
-239 5335
-238 5302
-237 5283
-236 5344
-235 5303
-234 5440
-233 5380
-232 5450
-231 5653
-230 5745
-229 5709
-228 5647
-227 5831
-226 5735
-225 5767
-224 5865
-223 5719
-222 5988
-221 6038
-220 5948
-219 6060
-218 6203
-217 6155
-216 6263
-215 6353
-214 6274
-213 6411
-212 6373
-211 6458
-210 6501
-209 6635
-208 6580
-207 6753
-206 6701
-205 6868
-204 6924
-203 6817
-202 7054
-201 7106
-200 7125
-199 7352
-198 7421
-197 7351
-196 7299
-195 7542
-194 7604
-193 7596
-192 7834
-191 7714
-190 7700
-189 7828
-188 7891
-187 7995
-186 7871
-185 8187
-184 8391
-183 8329
-182 8380
-181 8485
-180 8558
-179 8565
-178 8616
-177 8722
-176 8794
-175 8837
-174 8932
-173 9151
-172 9180
-171 9258
-170 9389
-169 9494
-168 9445
-167 9721
-166 9872
-165 9883
-164 9824
-163 10073
-162 10052
-161 10284
-160 10486
-159 10484
-158 10632
-157 10722
-156 10621
-155 10947
-154 11020
-153 11156
-152 11220
-151 11531
-150 11485
-149 11817
-148 11939
-147 11722
-146 12058
-145 12162
-144 12404
-143 12536
-142 12590
-141 12566
-140 12845
-139 13118
-138 13417
-137 13331
-136 13597
-135 13642
-134 13628
-133 14225
-132 13922
-131 14258
-130 14669
-129 14593
-128 14931
-127 15050
-126 15122
-125 15274
-124 15634
-123 15672
-122 16209
-121 16359
-120 16482
-119 16958
-118 17202
-117 17102
-116 17613
-115 17766
-114 18138
-113 18280
-112 18325
-111 18868
-110 19115
-109 19160
-108 19622
-107 20017
-106 20240
-105 20532
-104 21050
-103 20852
-102 21287
-101 21458
-100 22029
-99 22359
-98 22719
-97 23023
-96 23526
-95 23958
-94 24103
-93 24404
-92 25258
-91 25782
-90 25846
-89 26297
-88 26876
-87 27297
-86 27960
-85 28379
-84 29034
-83 29423
-82 30086
-81 30586
-80 31338
-79 31797
-78 32392
-77 32874
-76 33665
-75 34043
-74 35114
-73 35790
-72 36315
-71 37304
-70 38108
-69 38924
-68 40031
-67 40630
-66 41763
-65 42341
-64 44015
-63 44417
-62 45767
-61 46818
-60 48113
-59 49153
-58 50688
-57 51513
-56 53439
-55 54993
-54 56153
-53 57300
-52 59559
-51 60736
-50 62934
-49 64935
-48 66816
-47 69264
-46 70809
-45 73417
-44 75851
-43 78596
-42 81346
-41 84166
-40 87094
-39 90667
-38 94300
-37 97323
-36 101765
-35 105587
-34 111483
-33 115680
-32 121398
-31 126256
-30 133713
-29 139185
-28 147995
-27 155215
-26 163693
-25 173556
-24 184731
-23 195180
-22 208616
-21 222980
-20 239642
-19 256788
-18 277460
-17 302716
-16 329763
-15 360581
-14 398996
-13 444968
-12 497235
-11 563204
-10 643888
-9 747031
-8 883316
-7 1066889
-6 1321611
-5 1706284
-4 2325224
-3 3455476
-2 6042571
-1 15406632
0 125307079
1 769314224
2 130139541
3 12077559
4 5153901
5 3170980
6 2201487
7 1639084
8 1282798
9 1041887
10 867018
11 735524
12 635902
13 556640
14 493041
15 440209
16 395949
17 357862
18 327136
19 299888
20 276800
21 255810
22 237933
23 222526
24 208107
25 195094
26 183458
27 173566
28 163695
29 154688
30 146505
31 140009
32 132165
33 126477
34 120387
35 115341
36 110709
37 106082
38 101937
39 97487
40 93904
41 90249
42 87087
43 84158
44 81153
45 78503
46 75778
47 73344
48 71098
49 68680
50 67079
51 64805
52 62876
53 61037
54 59519
55 57711
56 56014
57 54437
58 53301
59 51766
60 50239
61 49465
62 47789
63 46761
64 45269
65 44165
66 43326
67 42840
68 41544
69 40587
70 39798
71 38648
72 38121
73 37484
74 36530
75 35822
76 34730
77 34218
78 33314
79 32982
80 32390
81 31747
82 31267
83 30671
84 29798
85 29303
86 28872
87 28347
88 27952
89 27182
90 27006
91 26287
92 25909
93 25666
94 25177
95 24588
96 24056
97 23874
98 23512
99 22971
100 22472
101 22439
102 21944
103 21725
104 21565
105 21053
106 20523
107 20229
108 20518
109 19976
110 19671
111 18992
112 19046
113 18743
114 18685
115 18269
116 18050
117 17708
118 17613
119 17261
120 17271
121 16803
122 16541
123 16201
124 16171
125 15721
126 15654
127 15445
128 15194
129 15033
130 15044
131 14664
132 14541
133 14173
134 14134
135 14104
136 13931
137 13945
138 13812
139 13182
140 13262
141 13145
142 12741
143 12722
144 12601
145 12478
146 12233
147 12101
148 12245
149 12072
150 11848
151 11493
152 11630
153 11421
154 11324
155 10946
156 11011
157 10953
158 10746
159 10734
160 10607
161 10515
162 10152
163 10293
164 10313
165 10097
166 9968
167 9857
168 9847
169 9649
170 9604
171 9485
172 9432
173 9290
174 9178
175 9225
176 8980
177 8828
178 8766
179 8636
180 8669
181 8587
182 8610
183 8374
184 8469
185 8236
186 8144
187 8136
188 8053
189 8131
190 7916
191 7677
192 7709
193 7794
194 7649
195 7667
196 7545
197 7399
198 7221
199 7345
200 7166
201 7315
202 7252
203 7126
204 7063
205 7029
206 6893
207 6948
208 6719
209 6604
210 6645
211 6569
212 6570
213 6462
214 6384
215 6377
216 6076
217 6240
218 6171
219 6068
220 6189
221 6105
222 6039
223 6110
224 5978
225 5833
226 5795
227 5856
228 5831
229 5836
230 5544
231 5660
232 5637
233 5538
234 5472
235 5423
236 5378
237 5387
238 5305
239 5278
240 5265
241 5246
242 5032
243 5162
244 5038
245 5065
246 5027
247 4953
248 4988
249 4994
250 4909
251 4730
252 4860
253 4817
254 4834
255 4739
256 4618
257 4686
258 4597
259 4526
260 4577
261 4556
262 4389
263 4305
264 4367
265 4403
266 4341
267 4264
268 4256
269 4282
270 4280
271 4158
272 4180
273 4132
274 4156
275 4118
276 4017
277 4029
278 4029
279 3917
280 4153
281 4037
282 3912
283 3984
284 3816
285 3784
286 3780
287 3819
288 3798
289 3762
290 3778
291 3690
292 3755
293 3660
294 3559
295 3591
296 3449
297 3595
298 3594
299 3528
300 3444
301 3411
302 3498
303 3479
304 3453
305 3411
306 3319
307 3382
308 3243
309 3282
310 3191
311 3316
312 3239
313 3174
314 3139
315 3202
316 3267
317 3123
318 3177
319 3152
320 3043
321 3106
322 2939
323 3015
324 2913
325 2958
326 3053
327 2932
328 2876
329 2971
330 2927
331 2872
332 2855
333 2899
334 2826
335 2885
336 2770
337 2826
338 2733
339 2774
340 2690
341 2856
342 2643
343 2741
344 2655
345 2584
346 2683
347 2642
348 2652
349 2575
350 2581
351 2586
352 2485
353 2524
354 2547
355 2567
356 2553
357 2554
358 2483
359 2445
360 2410
361 2436
362 2434
363 2352
364 2463
365 2378
366 2407
367 2377
368 2371
369 2292
370 2330
371 2281
372 2249
373 2240
374 2169
375 2317
376 2268
377 2235
378 2192
379 2241
380 2158
381 2166
382 2176
383 2194
384 2161
385 2227
386 2175
387 2086
388 2167
389 2057
390 2079
391 2069
392 2083
393 2006
394 2050
395 2145
396 1976
397 2059
398 2043
399 1920
400 2036
401 1966
402 1973
403 1977
404 1903
405 1962
406 1850
407 1869
408 1883
409 1985
410 1849
411 1827
412 1767
413 1814
414 1826
415 1817
416 1698
417 1816
418 1841
419 1749
420 1836
421 1773
422 1737
423 1784
424 1715
425 1728
426 1720
427 1711
428 1797
429 1685
430 1685
431 1681
432 1691
433 1745
434 1638
435 1664
436 1597
437 1649
438 1639
439 1650
440 1696
441 1654
442 1642
443 1566
444 1632
445 1619
446 1544
447 1616
448 1573
449 1496
450 1490
451 1513
452 1539
453 1496
454 1566
455 1475
456 1441
457 1559
458 1527
459 1509
460 1450
461 1496
462 1401
463 1466
464 1453
465 1372
466 1355
467 1386
468 1365
469 1406
470 1433
471 1462
472 1369
473 1443
474 1386
475 1349
476 1408
477 1360
478 1308
479 1364
480 1320
481 1361
482 1283
483 1345
484 1339
485 1323
486 1319
487 1272
488 1295
489 1244
490 1279
491 1310
492 1246
493 1276
494 1251
495 1227
496 1225
497 1268
498 1197
499 1175
500 1224
501 1245
502 1224
503 1194
504 1186
505 1205
506 1163
507 1207
508 1202
509 1186
510 1127
511 1165
512 1113
513 1216
514 1193
515 1108
516 1118
517 1155
518 1123
519 1142
520 1098
521 1210
522 1117
523 1066
524 1101
525 1075
526 1121
527 1055
528 1048
529 1038
530 1083
531 1045
532 1058
533 975
534 1098
535 1026
536 1033
537 1073
538 1005
539 1064
540 1047
541 1042
542 1022
543 1000
544 1028
545 1009
546 990
547 976
548 1033
549 974
550 1027
551 960
552 975
553 927
554 924
555 965
556 903
557 978
558 888
559 970
560 879
561 923
562 899
563 896
564 931
565 970
566 962
567 942
568 888
569 926
570 884
571 883
572 895
573 905
574 846
575 874
576 872
577 865
578 868
579 868
580 858
581 888
582 899
583 846
584 814
585 774
586 842
587 826
588 792
589 860
590 824
591 819
592 779
593 810
594 843
595 846
596 796
597 798
598 776
599 787
600 827
601 754
602 812
603 783
604 777
605 805
606 790
607 746
608 722
609 739
610 757
611 768
612 723
613 731
614 726
615 763
616 776
617 716
618 748
619 700
620 723
621 708
622 682
623 688
624 691
625 776
626 715
627 695
628 746
629 646
630 727
631 724
632 723
633 730
634 671
635 651
636 681
637 695
638 672
639 693
640 627
641 659
642 687
643 636
644 627
645 645
646 707
647 657
648 658
649 646
650 676
651 645
652 651
653 641
654 621
655 603
656 613
657 644
658 600
659 599
660 611
661 595
662 670
663 621
664 587
665 613
666 626
667 632
668 650
669 596
670 624
671 613
672 577
673 593
674 612
675 546
676 570
677 597
678 553
679 595
680 578
681 598
682 576
683 567
684 544
685 542
686 538
687 542
688 579
689 574
690 565
691 591
692 525
693 546
694 528
695 538
696 544
697 543
698 553
699 529
700 504
701 488
702 501
703 525
704 532
705 527
706 526
707 514
708 485
709 509
710 507
711 535
712 496
713 496
714 465
715 449
716 528
717 476
718 528
719 462
720 479
721 461
722 463
723 512
724 484
725 517
726 510
727 454
728 472
729 488
730 482
731 482
732 475
733 445
734 477
735 466
736 470
737 434
738 391
739 446
740 440
741 439
742 464
743 458
744 422
745 408
746 457
747 431
748 444
749 424
750 406
751 428
752 437
753 459
754 422
755 422
756 405
757 413
758 441
759 450
760 410
761 405
762 399
763 435
764 382
765 438
766 412
767 402
768 394
769 388
770 380
771 412
772 408
773 416
774 412
775 361
776 374
777 403
778 384
779 352
780 363
781 387
782 391
783 380
784 362
785 398
786 352
787 362
788 383
789 367
790 389
791 377
792 342
793 372
794 384
795 319
796 357
797 383
798 359
799 376
800 334
801 365
802 337
803 329
804 368
805 360
806 338
807 335
808 321
809 333
810 360
811 311
812 327
813 327
814 309
815 326
816 336
817 358
818 313
819 293
820 322
821 308
822 314
823 311
824 326
825 337
826 328
827 320
828 299
829 321
830 295
831 293
832 333
833 319
834 308
835 303
836 286
837 293
838 332
839 311
840 290
841 299
842 331
843 319
844 295
845 308
846 315
847 297
848 295
849 283
850 268
851 287
852 301
853 297
854 263
855 282
856 302
857 294
858 296
859 290
860 268
861 299
862 279
863 281
864 264
865 256
866 272
867 258
868 249
869 261
870 266
871 254
872 242
873 267
874 245
875 259
876 248
877 282
878 258
879 256
880 285
881 260
882 255
883 234
884 263
885 258
886 258
887 248
888 244
889 252
890 225
891 275
892 225
893 252
894 225
895 265
896 214
897 272
898 234
899 232
900 256
901 251
902 228
903 234
904 251
905 229
906 243
907 212
908 224
909 229
910 216
911 223
912 231
913 209
914 239
915 198
916 226
917 222
918 206
919 225
920 195
921 206
922 213
923 239
924 219
925 221
926 216
927 232
928 204
929 220
930 218
931 212
932 198
933 197
934 202
935 216
936 216
937 203
938 203
939 180
940 212
941 208
942 201
943 209
944 205
945 183
946 213
947 195
948 187
949 181
950 203
951 163
952 203
953 204
954 205
955 194
956 171
957 219
958 183
959 199
960 188
961 186
962 189
963 196
964 175
965 181
966 195
967 197
968 168
969 175
970 187
971 179
972 184
973 175
974 162
975 183
976 174
977 165
978 157
979 196
980 174
981 152
982 159
983 163
984 167
985 179
986 166
987 173
988 163
989 154
990 165
991 163
992 142
993 154
994 168
995 154
996 171
997 152
998 146
999 161
1000 165
1001 152
1002 162
1003 139
1004 160
1005 142
1006 161
1007 152
1008 144
1009 133
1010 148
1011 187
1012 149
1013 148
1014 137
1015 124
1016 142
1017 130
1018 143
1019 156
1020 143
1021 128
1022 168
1023 138
1024 140
1025 154
1026 146
1027 147
1028 153
1029 141
1030 152
1031 127
1032 133
1033 128
1034 131
1035 127
1036 143
1037 143
1038 147
1039 135
1040 147
1041 134
1042 140
1043 137
1044 130
1045 123
1046 125
1047 116
1048 139
1049 123
1050 146
1051 161
1052 124
1053 128
1054 140
1055 125
1056 112
1057 120
1058 120
1059 153
1060 131
1061 118
1062 122
1063 120
1064 124
1065 108
1066 104
1067 126
1068 121
1069 137
1070 113
1071 115
1072 104
1073 123
1074 112
1075 113
1076 103
1077 120
1078 159
1079 98
1080 116
1081 98
1082 113
1083 110
1084 127
1085 114
1086 92
1087 106
1088 132
1089 117
1090 106
1091 105
1092 102
1093 108
1094 99
1095 91
1096 104
1097 102
1098 105
1099 103
1100 85
1101 99
1102 86
1103 117
1104 114
1105 111
1106 109
1107 90
1108 93
1109 94
1110 111
1111 104
1112 81
1113 81
1114 103
1115 99
1116 95
1117 92
1118 100
1119 79
1120 97
1121 93
1122 93
1123 93
1124 92
1125 94
1126 88
1127 97
1128 83
1129 80
1130 86
1131 83
1132 104
1133 77
1134 89
1135 84
1136 95
1137 85
1138 70
1139 86
1140 83
1141 57
1142 89
1143 77
1144 91
1145 81
1146 82
1147 91
1148 71
1149 87
1150 77
1151 65
1152 88
1153 85
1154 73
1155 81
1156 99
1157 96
1158 85
1159 66
1160 80
1161 91
1162 76
1163 76
1164 77
1165 75
1166 85
1167 66
1168 77
1169 79
1170 79
1171 66
1172 77
1173 81
1174 80
1175 73
1176 84
1177 54
1178 74
1179 75
1180 76
1181 72
1182 74
1183 67
1184 63
1185 56
1186 54
1187 83
1188 80
1189 69
1190 63
1191 55
1192 62
1193 56
1194 56
1195 61
1196 73
1197 72
1198 65
1199 59
1200 82
1201 62
1202 74
1203 71
1204 48
1205 57
1206 84
1207 61
1208 59
1209 68
1210 63
1211 40
1212 66
1213 69
1214 67
1215 67
1216 47
1217 53
1218 62
1219 71
1220 62
1221 58
1222 54
1223 54
1224 55
1225 59
1226 50
1227 60
1228 67
1229 55
1230 53
1231 61
1232 56
1233 43
1234 50
1235 71
1236 45
1237 75
1238 58
1239 53
1240 49
1241 48
1242 54
1243 55
1244 52
1245 44
1246 51
1247 51
1248 52
1249 61
1250 55
1251 44
1252 52
1253 52
1254 48
1255 51
1256 46
1257 44
1258 41
1259 50
1260 54
1261 34
1262 48
1263 43
1264 44
1265 47
1266 42
1267 52
1268 41
1269 61
1270 46
1271 50
1272 37
1273 48
1274 49
1275 43
1276 38
1277 42
1278 39
1279 59
1280 43
1281 52
1282 54
1283 48
1284 36
1285 49
1286 37
1287 56
1288 41
1289 43
1290 44
1291 45
1292 39
1293 47
1294 56
1295 37
1296 30
1297 49
1298 36
1299 42
1300 31
1301 32
1302 42
1303 49
1304 38
1305 35
1306 38
1307 46
1308 32
1309 40
1310 43
1311 45
1312 43
1313 34
1314 44
1315 30
1316 45
1317 25
1318 44
1319 38
1320 46
1321 39
1322 42
1323 30
1324 38
1325 29
1326 29
1327 39
1328 31
1329 29
1330 34
1331 31
1332 38
1333 39
1334 31
1335 35
1336 37
1337 36
1338 44
1339 31
1340 37
1341 39
1342 28
1343 31
1344 24
1345 32
1346 45
1347 41
1348 39
1349 34
1350 28
1351 32
1352 27
1353 36
1354 24
1355 33
1356 33
1357 34
1358 27
1359 37
1360 27
1361 24
1362 27
1363 35
1364 17
1365 42
1366 26
1367 44
1368 42
1369 28
1370 31
1371 16
1372 26
1373 36
1374 32
1375 24
1376 25
1377 37
1378 28
1379 31
1380 35
1381 23
1382 37
1383 30
1384 35
1385 39
1386 26
1387 29
1388 18
1389 23
1390 26
1391 22
1392 28
1393 27
1394 18
1395 26
1396 28
1397 19
1398 26
1399 28
1400 17
1401 19
1402 29
1403 21
1404 20
1405 23
1406 30
1407 29
1408 24
1409 19
1410 25
1411 30
1412 18
1413 23
1414 24
1415 18
1416 25
1417 26
1418 28
1419 16
1420 22
1421 20
1422 21
1423 18
1424 22
1425 21
1426 22
1427 22
1428 19
1429 20
1430 21
1431 24
1432 25
1433 16
1434 20
1435 25
1436 18
1437 19
1438 19
1439 23
1440 13
1441 16
1442 21
1443 23
1444 14
1445 16
1446 14
1447 20
1448 19
1449 19
1450 14
1451 22
1452 23
1453 14
1454 32
1455 21
1456 11
1457 21
1458 24
1459 23
1460 23
1461 24
1462 13
1463 22
1464 17
1465 29
1466 15
1467 14
1468 22
1469 21
1470 20
1471 10
1472 17
1473 17
1474 20
1475 17
1476 17
1477 18
1478 13
1479 10
1480 12
1481 16
1482 17
1483 8
1484 20
1485 10
1486 22
1487 15
1488 15
1489 16
1490 19
1491 15
1492 8
1493 12
1494 15
1495 18
1496 6
1497 19
1498 17
1499 9
1500 10
1501 14
1502 10
1503 14
1504 9
1505 15
1506 15
1507 14
1508 12
1509 19
1510 15
1511 5
1512 15
1513 11
1514 15
1515 18
1516 10
1517 17
1518 12
1519 20
1520 7
1521 10
1522 12
1523 11
1524 15
1525 17
1526 15
1527 20
1528 17
1529 13
1530 21
1531 10
1532 12
1533 13
1534 7
1535 11
1536 16
1537 11
1538 9
1539 17
1540 12
1541 10
1542 7
1543 15
1544 10
1545 10
1546 16
1547 10
1548 12
1549 11
1550 8
1551 10
1552 13
1553 6
1554 12
1555 15
1556 6
1557 6
1558 6
1559 8
1560 6
1561 9
1562 15
1563 6
1564 7
1565 5
1566 13
1567 9
1568 11
1569 10
1570 6
1571 6
1572 10
1573 12
1574 12
1575 8
1576 5
1577 14
1578 9
1579 10
1580 16
1581 13
1582 5
1583 4
1584 12
1585 11
1586 8
1587 9
1588 12
1589 5
1590 11
1591 6
1592 7
1593 6
1594 3
1595 10
1596 11
1597 4
1598 5
1599 4
1600 8
1601 9
1602 7
1603 5
1604 8
1605 9
1606 5
1607 5
1608 8
1609 4
1610 10
1611 6
1612 5
1613 9
1614 6
1615 11
1616 9
1617 4
1618 7
1619 4
1620 5
1621 9
1622 3
1623 5
1624 8
1625 7
1626 3
1627 8
1628 5
1629 10
1630 6
1631 14
1632 4
1633 4
1634 4
1635 3
1636 3
1637 2
1638 3
1639 1
1640 8
1641 10
1642 4
1643 5
1644 3
1645 6
1646 2
1647 3
1648 7
1649 3
1650 6
1651 5
1652 4
1653 4
1654 2
1655 5
1656 3
1657 6
1658 7
1659 4
1660 6
1661 4
1662 7
1663 4
1664 8
1665 2
1666 12
1667 4
1668 4
1669 2
1670 3
1671 4
1672 2
1673 5
1674 4
1675 4
1676 3
1677 4
1678 9
1679 8
1680 2
1681 8
1682 5
1683 5
1684 1
1685 5
1686 6
1687 3
1688 5
1689 5
1690 3
1691 5
1692 3
1693 3
1694 4
1695 5
1696 6
1697 4
1698 3
1699 4
1700 3
1701 4
1702 3
1703 2
1704 5
1705 2
1706 4
1707 2
1708 0
1709 5
1710 1
1711 3
1712 5
1713 3
1714 1
1715 2
1716 3
1717 1
1718 3
1719 0
1720 1
1721 2
1722 1
1723 4
1724 1
1725 0
1726 0
1727 5
1728 4
1729 2
1730 3
1731 1
1732 8
1733 4
1734 2
1735 3
1736 0
1737 1
1738 4
1739 1
1740 1
1741 1
1742 4
1743 2
1744 3
1745 0
1746 1
1747 1
1748 1
1749 0
1750 2
1751 5
1752 2
1753 3
1754 3
1755 2
1756 1
1757 1
1758 2
1759 1
1760 1
1761 3
1762 3
1763 0
1764 1
1765 3
1766 2
1767 1
1768 0
1769 1
1770 1
1771 2
1772 1
1773 2
1774 2
1775 2
1776 0
1777 1
1778 4
1779 1
1780 1
1781 3
1782 1
1783 1
1784 3
1785 1
1786 2
1787 2
1788 0
1789 2
1790 1
1791 3
1792 3
1793 0
1794 1
1795 2
1796 0
1797 2
1798 3
1799 0
1800 5
1801 1
1802 1
1803 0
1804 1
1805 3
1806 1
1807 2
1808 1
1809 3
1810 1
1811 0
1812 1
1813 2
1814 2
1815 1
1816 3
1817 3
1818 3
1819 1
1820 1
1821 0
1822 1
1823 1
1824 0
1825 1
1826 0
1827 2
1828 1
1829 0
1830 0
1831 0
1832 2
1833 1
1834 1
1835 2
1836 0
1837 0
1838 0
1839 1
1840 0
1841 1
1842 2
1843 0
1844 0
1845 0
1846 1
1847 1
1848 1
1849 0
1850 0
1851 0
1852 2
1853 0
1854 0
1855 1
1856 1
1857 2
1858 0
1859 0
1860 2
1861 0
1862 2
1863 0
1864 3
1865 0
1866 0
1867 0
1868 0
1869 2
1870 1
1871 0
1872 0
1873 1
1874 1
1875 0
1876 0
1877 0
1878 0
1879 2
1880 0
1881 1
1882 1
1883 0
1884 0
1885 1
1886 0
1887 2
1888 0
1889 1
1890 0
1891 0
1892 0
1893 1
1894 0
1895 1
1896 1
1897 1
1898 0
1899 1
1900 1
1901 0
1902 0
1903 0
1904 0
1905 0
1906 0
1907 0
1908 1
1909 0
1910 1
1911 1
1912 0
1913 0
1914 0
1915 2
1916 0
1917 0
1918 1
1919 0
1920 0
1921 0
1922 0
1923 0
1924 0
1925 0
1926 0
1927 1
1928 0
1929 0
1930 1
1931 1
1932 0
1933 0
1934 1
1935 0
1936 0
1937 0
1938 1
1939 1
1940 0
1941 0
1942 0
1943 0
1944 0
1945 1
1946 0
1947 0
1948 0
1949 0
1950 0
1951 0
1952 1
1953 1
1954 0
1955 0
1956 0
1957 1
1958 0
1959 0
1960 0
1961 0
1962 0
1963 0
1964 0
1965 0
1966 1
1967 0
1968 0
1969 0
1970 0
1971 1
1972 0
1973 0
1974 0
1975 0
1976 0
1977 0
1978 0
1979 0
1980 0
1981 0
1982 0
1983 1
1984 0
1985 0
1986 0
1987 0
1988 0
1989 0
1990 0
1991 0
1992 0
1993 0
1994 0
1995 0
1996 1
1997 0
1998 0
1999 0
2000 0
2001 0
2002 0
2003 0
2004 0
2005 0
2006 1
2007 0
2008 0
2009 0
2010 0
2011 0
2012 0
2013 0
2014 0
2015 1
2016 0
2017 0
2018 0
2019 0
2020 0
2021 0
2022 0
2023 0
2024 0
2025 0
2026 0
2027 0
2028 0
2029 0
2030 1
