2 0.5504923826420275
3 0.5358374168145256
4 0.5289928365324144
5 0.5247870855347491
6 0.5225341801491743
7 0.5203109702733544
8 0.5189063538068484
9 0.5171956894571217
10 0.516723450671673
11 0.5161382866101517
12 0.5150324133219112
13 0.5145717551866001
14 0.5139553583663634
15 0.514255641076245
16 0.5129885203629009
17 0.5125366751908523
18 0.5124341681443553
19 0.5117026585430241
20 0.5124358439043857
21 0.5117584872927792
22 0.5098880360395095
23 0.5116937145089978
24 0.5105087354695329
25 0.5105414783125783
26 0.5106002260390786
27 0.5101617704636839
28 0.5087152577869312
29 0.511050080990821
30 0.5090147293377445
31 0.5099975262093851
32 0.5102036046406315
33 0.5093041913180912
34 0.5090132292813032
35 0.5082380447886603
36 0.5088452505773258
37 0.5076869673706346
38 0.5077674802874693
39 0.5098950476959357
40 0.5087252254777669
41 0.5081904613610791
42 0.5078938388625592
43 0.5084161943539947
44 0.5081904580915787
45 0.5074060953267812
46 0.5076462793490414
47 0.5084980900677186
48 0.5078230656268881
49 0.5079460131742595
50 0.5069064384856564
51 0.5085677952630743
52 0.507319609066334
53 0.5069205209307572
54 0.5073320871856608
55 0.50665110681239
56 0.5077788557681837
57 0.5084314933309867
58 0.5063429130169493
59 0.5058415001957972
60 0.5086313698452826
61 0.5079980935244093
62 0.5071438852633094
63 0.507734514444371
64 0.5061592086248488
65 0.5056675777130091
66 0.5070339993392609
67 0.5076887673212096
68 0.5078184793999553
69 0.5064930035243052
70 0.5071233679706786
71 0.5045988453115668
72 0.5064471990449979
73 0.5082581137742498
74 0.5069605827316342
75 0.5064112073580537
76 0.5064360313315927
77 0.5071891069938351
78 0.5061384617952955
79 0.5072323913960354
80 0.5067248223808631
81 0.5062587500386979
82 0.5045394462223459
83 0.5051433920697094
84 0.5070777825679542
85 0.504348076376471
86 0.504367941712204
87 0.5063633852104246
88 0.5061894230626512
89 0.5083439780681114
90 0.5064079723652676
91 0.5067722221802552
92 0.5051285182245558
93 0.5060295343023794
94 0.5054979321850236
95 0.5067010512224891
96 0.5062849327630778
97 0.5046388058028117
98 0.5053821595637766
99 0.5051358948796313
100 0.507150814563901
101 0.5066645732276698
102 0.5056464968417899
103 0.504832360412496
104 0.5055639493430211
105 0.5061269230605185
106 0.5056498265385324
107 0.5062710164084061
108 0.5048965604330049
109 0.5055536516138103
110 0.5047109436108939
111 0.5055011127862732
112 0.5035275164383624
113 0.5055602923541991
114 0.5063039059495688
115 0.5074672860658188
116 0.5043810369301762
117 0.505875722529891
118 0.5045074670337155
119 0.503536557056296
120 0.5043252760712713
121 0.5035594902077895
122 0.5035893894147058
123 0.5047365479097408
124 0.5055095739328591
125 0.502650461413348
126 0.5055874297823001
127 0.5015903901118566
128 0.5077799459316625
129 0.5069551070212008
130 0.5048226572739187
131 0.5039914134299323
132 0.5049372567789732
133 0.5030329107547645
134 0.503278949041212
135 0.5042683967901657
136 0.5069732580239312
137 0.5055978864958036
138 0.5041076035283747
139 0.5038733047472532
140 0.5044723308865544
141 0.5050137844542295
142 0.5025188285916269
143 0.5045718102572451
144 0.5055333149918867
145 0.5065788733187011
146 0.502458333097046
147 0.5048446394007765
148 0.5043991811197497
149 0.5036798448404246
150 0.5046429919567932
151 0.5030154915776212
152 0.5048462655248015
153 0.5023946388505733
154 0.5049431655363454
155 0.5040187903981546
156 0.5074915040149168
157 0.5036299934985191
158 0.5036718218072171
159 0.5060395471255664
160 0.504606727108888
161 0.5048234684562434
162 0.503145437558393
163 0.5033297974503983
164 0.504023839350112
165 0.5054605932980466
166 0.5017898545185865
167 0.5034552622579542
168 0.5036157729567472
169 0.5043437932746323
170 0.5042845996997174
171 0.5043577212242402
172 0.5040202599944457
173 0.503507807272655
174 0.5025218953964553
175 0.5044910582224015
176 0.5054019434925191
177 0.5072718608849723
178 0.5047846729748009
179 0.5025046688645726
180 0.5022168343197281
181 0.5033876266082672
182 0.5026437971922942
183 0.5028284659005094
184 0.5031064092685534
185 0.5042591104433808
186 0.5032918337201941
187 0.5042115974391226
188 0.5037379597974267
189 0.5049080887575645
190 0.5022476385569592
191 0.5026782508795864
192 0.5033577002291648
193 0.5050239672143144
194 0.5052967500550216
195 0.5026182631207343
196 0.5025412209680279
197 0.5059690854826495
198 0.5027596737551674
199 0.502206531332745
200 0.5037440230956606
201 0.5037841945288754
202 0.5024805536840816
203 0.5040233919933342
204 0.504938185805515
205 0.5038149036601408
206 0.5027025769478329
207 0.5036960793487415
208 0.5039155280671637
209 0.5028510419550002
210 0.5040719727153922
211 0.5035738011958026
212 0.5058026151731193
213 0.5012494877501988
214 0.5013412624026373
215 0.5034282033931469
216 0.5035557919718483
217 0.500543863407881
218 0.5034208327473382
219 0.5028319382487093
220 0.5030096965117743
221 0.5048883443408497
222 0.5050327232297027
223 0.503672842890034
224 0.5034257914979241
225 0.5043435839060587
226 0.5049132379478145
227 0.503272577347924
228 0.503700441289498
229 0.5059362632784836
230 0.5025564458024809
231 0.5039183029453015
232 0.5013341291296562
233 0.5027004679638296
234 0.5016561702278007
235 0.5008495492917442
236 0.5023916131700563
237 0.5018497915027181
238 0.5032635831328582
239 0.5028063568303177
240 0.5025954865854325
241 0.5038899136183501
242 0.5016216017566587
243 0.5035208342946795
244 0.5039131321748483
245 0.5030526737693763
246 0.5041627689429373
247 0.5054375777297763
248 0.5026757012586573
249 0.502601916212662
250 0.5028249651587631
251 0.5035530205411961
252 0.5054717286098672
253 0.5035057218730298
254 0.5029919480693558
255 0.501977549002501
256 0.5031174077218042
257 0.5033464720574461
258 0.5060548243906238
259 0.5031985433726376
260 0.503017578125
261 0.5063752631989394
262 0.502083048095918
263 0.5002226025703177
264 0.5044456613730274
265 0.5032331343967639
266 0.501732038214653
267 0.5021532116212774
268 0.5001018371420425
269 0.5016203537000649
270 0.5043576134321885
271 0.5014880180843452
272 0.5034131122139163
273 0.5059268363818175
274 0.5032524211313854
275 0.50590779290651
276 0.5008862950792482
277 0.4991360600122216
278 0.5053460650843725
279 0.503866683478334
280 0.5024241978061272
281 0.5009673838346461
282 0.5013959160097126
283 0.5031521903404798
284 0.5018641595072135
285 0.49857559186613837
286 0.5050372558529166
287 0.5054128611779705
288 0.500298118540765
289 0.5049438002970714
290 0.5029160359718636
291 0.5028639058539799
292 0.5057605105525388
293 0.5031230726100364
294 0.5026508627967446
295 0.5038640921073384
296 0.5023034710146564
297 0.5013244583305033
298 0.500575925186748
299 0.502252821774212
300 0.49974014574936193
301 0.5016120053810827
302 0.5033697177788862
303 0.5049479739348836
304 0.5003476729093269
305 0.5015101142536056
306 0.4997757847533632
307 0.5035022416725137
308 0.5035432417699618
309 0.5011317981962337
310 0.5029347683735549
311 0.5041542636492965
312 0.5025439936490371
313 0.5052008436391525
314 0.5031717534410532
315 0.5043828049951969
316 0.5011566543772139
317 0.5000241896468312
318 0.5007425441265977
319 0.5033132014573196
320 0.5048774509803922
321 0.5050624056551674
322 0.5034263850100269
323 0.5042096686583378
324 0.5033574443923272
325 0.5029202217639868
326 0.5007371250882692
327 0.5032518193960729
328 0.4984464657094891
329 0.5010747521747926
330 0.5034492378706028
331 0.5035952097627668
332 0.5011508577387235
333 0.5010757952510404
334 0.5026766318402813
335 0.5000194182298342
336 0.499475753604194
337 0.5024002104294075
338 0.4996679153051194
339 0.5045417229416593
340 0.49715181049249113
341 0.5034413497589716
342 0.4998860757797108
343 0.5009469315388645
344 0.5041917295762518
345 0.5082377169755811
346 0.5031102231102231
347 0.5032923675721789
348 0.4999127505067182
349 0.49924944215295153
350 0.4996089408471576
351 0.5026702546056717
352 0.5033280638988269
353 0.5016379334277227
354 0.5036141557917021
355 0.5038201810946101
356 0.5009552023921591
357 0.501330621002912
358 0.5047800615076328
359 0.5060090135202804
360 0.5011137417520068
361 0.5014594937601353
362 0.5009260175589895
363 0.503613369467028
364 0.5001066173857417
365 0.5027171185638702
366 0.5029712350002871
367 0.5010682381956094
368 0.49991308126901346
369 0.5026804782728712
370 0.503423260692227
371 0.500927942014584
372 0.502300421866502
373 0.5004132597337426
374 0.5028401965268454
375 0.5057240439160963
376 0.4986092101196521
377 0.5015235784864801
378 0.5045080880403076
379 0.49968940424776664
380 0.5039374732207497
381 0.5005337603416066
382 0.5036810544439827
383 0.5027032647119983
384 0.49966395340153835
385 0.5042346157311469
386 0.5015079771993848
387 0.5013691210543737
388 0.5017440016911532
389 0.5043094930455271
390 0.50022774892958
391 0.5020512742302002
392 0.49990813045475424
393 0.5006044449955054
394 0.5017256389528014
395 0.5030735147279082
396 0.5044808573425488
397 0.49924096592954287
398 0.5056137312022675
399 0.5053224011162148
400 0.5041073556154763
401 0.5004165422279507
402 0.4999527648318428
403 0.49943554926621403
404 0.5013135973343585
405 0.5045096910381884
406 0.5006007786090774
407 0.5023670823102724
408 0.500063977479927
409 0.5019457745463863
410 0.5007675775253301
411 0.5001382001463296
412 0.5046636010827381
413 0.5033555956385382
414 0.49837550457812346
415 0.49828550502696584
416 0.4994454340738749
417 0.5036902234354463
418 0.5020745488277956
419 0.5055945700749302
420 0.5016323728841936
421 0.5030098197471079
422 0.5033984921826247
423 0.501968106580541
424 0.4979564841351943
425 0.500720288115246
426 0.5016881759130718
427 0.5003522155215366
428 0.5027399865161547
429 0.500086679148464
430 0.5031378564953629
431 0.49970154494382024
432 0.5004162017604449
433 0.5020648340157033
434 0.503263131901083
435 0.502480798093052
436 0.5007090941322461
437 0.5008018817491714
438 0.5042942825708912
439 0.5007091444172606
440 0.5017676005045212
441 0.5025581395348837
442 0.5048782224754309
443 0.5027607687679184
444 0.5006481629463889
445 0.5007043132500044
446 0.5043021885822414
447 0.5011624579726733
448 0.49965574720974054
449 0.502557357883969
450 0.5010279756222924
451 0.502026902524415
452 0.5015682656826568
453 0.5007968865826539
454 0.504739336492891
455 0.5021606959124497
456 0.502108116247553
457 0.5030090365423434
458 0.4985206539468194
459 0.503868636613004
460 0.5004520965979731
461 0.5015686422739644
462 0.5011478986813396
463 0.5013142356481658
464 0.49765798971051217
465 0.5006277160791888
466 0.5044695952426625
467 0.5016859390775913
468 0.501717032967033
469 0.5013353828417716
470 0.4995080923628928
471 0.5059208626167324
472 0.4993913161098336
473 0.5048919887629565
474 0.4977334189381116
475 0.5008747960447424
476 0.5005309734513275
477 0.5019737880941102
478 0.5020188960716062
479 0.5002093343168723
480 0.5040148239654108
481 0.4995802015032784
482 0.49930827067669176
483 0.5046169253880821
484 0.5027825982885524
485 0.5008821524519829
486 0.5013721850028251
487 0.4990981862397406
488 0.5019001361594895
489 0.5008894432289857
490 0.4988950728433459
491 0.5021281845660354
492 0.49933865167610464
493 0.5030902091353657
494 0.5009806785460919
495 0.5015881029006541
496 0.5041837055677886
497 0.49962009286618825
498 0.5041676842541173
