0.000 0.0000 0.0000
0.001 0.0000 0.0000
0.002 0.0000 0.0000
0.003 0.0000 0.0000
0.004 0.0000 0.0000
0.005 0.0000 0.0000
0.006 0.0000 0.0000
0.007 0.0000 0.0000
0.008 0.0000 0.0000
0.009 0.0000 0.0000
0.010 0.0000 0.0000
0.011 0.0000 0.0000
0.012 0.0000 0.0000
0.013 0.0000 0.0000
0.014 0.0000 0.0000
0.015 0.0000 0.0000
0.016 0.0000 0.0000
0.017 0.0000 0.0000
0.018 0.0000 0.0000
0.019 0.0000 0.0000
0.020 0.0000 0.0000
0.021 0.0000 0.0000
0.022 0.0000 0.0000
0.023 0.0000 0.0000
0.024 0.0000 0.0000
0.025 0.0000 0.0000
0.026 0.0000 0.0000
0.027 0.0000 0.0000
0.028 0.0000 0.0000
0.029 0.0000 0.0000
0.030 0.0000 0.0000
0.031 0.0000 0.0000
0.032 0.0000 0.0000
0.033 0.0000 0.0000
0.034 0.0000 0.0000
0.035 0.0000 0.0000
0.036 0.0000 0.0000
0.037 0.0000 0.0000
0.038 0.0000 0.0000
0.039 0.0000 0.0000
0.040 0.0000 0.0000
0.041 0.0000 0.0000
0.042 0.0000 0.0000
0.043 0.0000 0.0000
0.044 0.0000 0.0000
0.045 0.0000 0.0000
0.046 0.0000 0.0000
0.047 0.0000 0.0000
0.048 0.0000 0.0000
0.049 0.0000 0.0000
0.050 0.0000 0.0000
0.051 0.0000 0.0000
0.052 0.0000 0.0000
0.053 0.0000 0.0000
0.054 0.0000 0.0000
0.055 0.0000 0.0000
0.056 0.0000 0.0000
0.057 0.0000 0.0000
0.058 0.0000 0.0000
0.059 0.0000 0.0000
0.060 0.0000 0.0000
0.061 0.0000 0.0000
0.062 0.0000 0.0000
0.063 0.0000 0.0000
0.064 0.0000 0.0000
0.065 0.0000 0.0000
0.066 0.0000 0.0000
0.067 0.0000 0.0000
0.068 0.0000 0.0000
0.069 0.0000 0.0000
0.070 0.0000 0.0000
0.071 0.0000 0.0000
0.072 0.0000 0.0000
0.073 0.0000 0.0000
0.074 0.0000 0.0000
0.075 0.0000 0.0000
0.076 0.0000 0.0000
0.077 0.0000 0.0000
0.078 0.0000 0.0000
0.079 0.0000 0.0000
0.080 0.0000 0.0000
0.081 0.0000 0.0000
0.082 0.0000 0.0000
0.083 0.0000 0.0000
0.084 0.0000 0.0000
0.085 0.0000 0.0000
0.086 0.0000 0.0000
0.087 0.0000 0.0000
0.088 0.0000 0.0000
0.089 0.0000 0.0000
0.090 0.0000 0.0000
0.091 0.0000 0.0000
0.092 0.0000 0.0000
0.093 0.0000 0.0000
0.094 0.0000 0.0000
0.095 0.0000 0.0000
0.096 0.0000 0.0000
0.097 0.0000 0.0000
0.098 0.0000 0.0000
0.099 0.0000 0.0000
0.100 0.0000 0.0000
0.101 0.0000 0.0000
0.102 0.0000 0.0000
0.103 0.0000 0.0000
0.104 0.0000 0.0000
0.105 0.0000 0.0000
0.106 0.0000 0.0000
0.107 0.0000 0.0000
0.108 0.0000 0.0000
0.109 0.0000 0.0000
0.110 0.0000 0.0000
0.111 0.0000 0.0000
0.112 0.0000 0.0000
0.113 0.0000 0.0000
0.114 0.0000 0.0000
0.115 0.0000 0.0000
0.116 0.0000 0.0000
0.117 0.0000 0.0000
0.118 0.0000 0.0000
0.119 0.0000 0.0000
0.120 0.0000 0.0000
0.121 0.0000 0.0000
0.122 0.0000 0.0000
0.123 0.0000 0.0000
0.124 0.0000 0.0000
0.125 0.0000 0.0000
0.126 0.0000 0.0000
0.127 0.0000 0.0000
0.128 0.0000 0.0000
0.129 0.0000 0.0000
0.130 0.0000 0.0000
0.131 0.0000 0.0000
0.132 0.0000 0.0000
0.133 0.0000 0.0000
0.134 0.0000 0.0000
0.135 0.0000 0.0000
0.136 0.0000 0.0000
0.137 0.0000 0.0000
0.138 0.0000 0.0000
0.139 0.0000 0.0000
0.140 0.0000 0.0000
0.141 0.0000 0.0000
0.142 0.0000 0.0000
0.143 0.0000 0.0000
0.144 0.0000 0.0000
0.145 0.0000 0.0000
0.146 0.0000 0.0000
0.147 0.0000 0.0000
0.148 0.0000 0.0000
0.149 0.0000 0.0000
0.150 0.0000 0.0000
0.151 0.0000 0.0000
0.152 0.0000 0.0000
0.153 0.0000 0.0000
0.154 0.0000 0.0000
0.155 0.0000 0.0000
0.156 0.0000 0.0000
0.157 0.0000 0.0000
0.158 0.0000 0.0000
0.159 0.0000 0.0000
0.160 0.0000 0.0000
0.161 0.0000 0.0000
0.162 0.0000 0.0000
0.163 0.0000 0.0000
0.164 0.0000 0.0000
0.165 0.0000 0.0000
0.166 0.0000 0.0000
0.167 0.0000 0.0000
0.168 0.0000 0.0000
0.169 0.0000 0.0000
0.170 0.0000 0.0000
0.171 0.0000 0.0000
0.172 0.0000 0.0000
0.173 0.0000 0.0000
0.174 0.0000 0.0000
0.175 0.0000 0.0000
0.176 0.0000 0.0000
0.177 0.0000 0.0000
0.178 0.0000 0.0000
0.179 0.0000 0.0000
0.180 0.0000 0.0000
0.181 0.0000 0.0000
0.182 0.0000 0.0000
0.183 0.0000 0.0000
0.184 0.0000 0.0000
0.185 0.0000 0.0000
0.186 0.0000 0.0000
0.187 0.0000 0.0000
0.188 0.0000 0.0000
0.189 0.0000 0.0000
0.190 0.0000 0.0000
0.191 0.0000 0.0000
0.192 0.0000 0.0000
0.193 0.0000 0.0000
0.194 0.0000 0.0000
0.195 0.0000 0.0000
0.196 0.0000 0.0000
0.197 0.0000 0.0000
0.198 0.0000 0.0000
0.199 0.0000 0.0000
0.200 0.0000 0.0000
0.201 0.0000 0.0000
0.202 0.0000 0.0000
0.203 0.0000 0.0000
0.204 0.0000 0.0000
0.205 0.0000 0.0000
0.206 0.0000 0.0000
0.207 0.0000 0.0000
0.208 0.0000 0.0000
0.209 0.0000 0.0000
0.210 0.0000 0.0000
0.211 0.0000 0.0000
0.212 0.0000 0.0000
0.213 0.0000 0.0000
0.214 0.0000 0.0000
0.215 0.0000 0.0000
0.216 0.0000 0.0000
0.217 0.0000 0.0000
0.218 0.0000 0.0000
0.219 0.0000 0.0000
0.220 0.0000 0.0000
0.221 0.0000 0.0000
0.222 0.0000 0.0000
0.223 0.0000 0.0000
0.224 0.0000 0.0000
0.225 0.0000 0.0000
0.226 0.0000 0.0000
0.227 0.0000 0.0000
0.228 0.0000 0.0000
0.229 0.0000 0.0000
0.230 0.0000 0.0000
0.231 0.0000 0.0000
0.232 0.0000 0.0000
0.233 0.0000 0.0000
0.234 0.0000 0.0000
0.235 0.0000 0.0000
0.236 0.0000 0.0000
0.237 0.0000 0.0000
0.238 0.0000 0.0000
0.239 0.0000 0.0000
0.240 0.0000 0.0000
0.241 0.0000 0.0000
0.242 0.0000 0.0000
0.243 0.0000 0.0000
0.244 0.0000 0.0000
0.245 0.0000 0.0000
0.246 0.0000 0.0000
0.247 0.0000 0.0000
0.248 0.0000 0.0000
0.249 0.0000 0.0000
0.250 0.0000 0.0000
0.251 0.0000 0.0000
0.252 0.0000 0.0000
0.253 0.0000 0.0000
0.254 0.0000 0.0000
0.255 0.0000 0.0000
0.256 0.0000 0.0000
0.257 0.0000 0.0000
0.258 0.0000 0.0000
0.259 0.0000 0.0000
0.260 0.0000 0.0000
0.261 0.0000 0.0000
0.262 0.0000 0.0000
0.263 0.0000 0.0000
0.264 0.0000 0.0000
0.265 0.0000 0.0000
0.266 0.0000 0.0000
0.267 0.0000 0.0000
0.268 0.0000 0.0000
0.269 0.0000 0.0000
0.270 0.0000 0.0000
0.271 0.0000 0.0000
0.272 0.0000 0.0000
0.273 0.0000 0.0000
0.274 0.0000 0.0000
0.275 0.0000 0.0000
0.276 0.0000 0.0000
0.277 0.0000 0.0000
0.278 0.0000 0.0000
0.279 0.0000 0.0000
0.280 0.0000 0.0000
0.281 0.0000 0.0000
0.282 0.0000 0.0000
0.283 0.0000 0.0000
0.284 0.0000 0.0000
0.285 0.0000 0.0000
0.286 0.0000 0.0000
0.287 0.0000 0.0000
0.288 0.0000 0.0000
0.289 0.0000 0.0000
0.290 0.0000 0.0000
0.291 0.0000 0.0000
0.292 0.0000 0.0000
0.293 0.0000 0.0000
0.294 0.0000 0.0000
0.295 0.0000 0.0000
0.296 0.0000 0.0000
0.297 0.0000 0.0000
0.298 0.0000 0.0000
0.299 0.0000 0.0000
0.300 0.0000 0.0000
0.301 0.0000 0.0000
0.302 0.0000 0.0000
0.303 0.0000 0.0000
0.304 0.0000 0.0000
0.305 0.0000 0.0000
0.306 0.0000 0.0000
0.307 0.0000 0.0000
0.308 0.0000 0.0000
0.309 0.0000 0.0000
0.310 0.0000 0.0000
0.311 0.0000 0.0000
0.312 0.0000 0.0000
0.313 0.0000 0.0000
0.314 0.0000 0.0000
0.315 0.0000 0.0000
0.316 0.0000 0.0000
0.317 0.0000 0.0000
0.318 0.0000 0.0000
0.319 0.0000 0.0000
0.320 0.0000 0.0000
0.321 0.0000 0.0000
0.322 0.0000 0.0000
0.323 0.0000 0.0000
0.324 0.0000 0.0000
0.325 0.0000 0.0000
0.326 0.0000 0.0000
0.327 0.0000 0.0000
0.328 0.0000 0.0000
0.329 0.0000 0.0000
0.330 0.0000 0.0000
0.331 0.0000 0.0000
0.332 0.0000 0.0000
0.333 0.0000 0.0000
0.334 0.0000 0.0000
0.335 0.0000 0.0000
0.336 0.0000 0.0000
0.337 0.0000 0.0000
0.338 0.0000 0.0000
0.339 0.0000 0.0000
0.340 0.0000 0.0000
0.341 0.0000 0.0000
0.342 0.0000 0.0000
0.343 0.0000 0.0000
0.344 0.0000 0.0000
0.345 0.0000 0.0000
0.346 0.0000 0.0000
0.347 0.0000 0.0000
0.348 0.0000 0.0000
0.349 0.0000 0.0000
0.350 0.0000 0.0000
0.351 0.0000 0.0000
0.352 0.0000 0.0000
0.353 0.0000 0.0000
0.354 0.0000 0.0000
0.355 0.0000 0.0000
0.356 0.0000 0.0000
0.357 0.0000 0.0000
0.358 0.0000 0.0000
0.359 0.0000 0.0000
0.360 0.0000 0.0000
0.361 0.0000 0.0000
0.362 0.0000 0.0000
0.363 0.0000 0.0000
0.364 0.0000 0.0000
0.365 0.0000 0.0000
0.366 0.0000 0.0000
0.367 0.0000 0.0000
0.368 0.0000 0.0000
0.369 0.0000 0.0000
0.370 0.0000 0.0000
0.371 0.0000 0.0000
0.372 0.0000 0.0000
0.373 0.0000 0.0000
0.374 0.0000 0.0000
0.375 0.0000 0.0000
0.376 0.0000 0.0000
0.377 0.0000 0.0000
0.378 0.0000 0.0000
0.379 0.0000 0.0000
0.380 0.0000 0.0000
0.381 0.0000 0.0000
0.382 0.0000 0.0000
0.383 0.0000 0.0000
0.384 0.0000 0.0000
0.385 0.0000 0.0000
0.386 0.0000 0.0000
0.387 0.0000 0.0000
0.388 0.0000 0.0000
0.389 0.0000 0.0000
0.390 0.0000 0.0000
0.391 0.0000 0.0000
0.392 0.0000 0.0000
0.393 0.0000 0.0000
0.394 0.0000 0.0000
0.395 0.0000 0.0000
0.396 0.0000 0.0000
0.397 0.0000 0.0000
0.398 0.0000 0.0000
0.399 0.0000 0.0000
0.400 0.0000 0.0000
0.401 0.0000 0.0000
0.402 0.0000 0.0000
0.403 0.0000 0.0000
0.404 0.0000 0.0000
0.405 0.0000 0.0000
0.406 0.0000 0.0000
0.407 0.0000 0.0000
0.408 0.0000 0.0000
0.409 0.0000 0.0000
0.410 0.0000 0.0000
0.411 0.0000 0.0000
0.412 0.0000 0.0000
0.413 0.0000 0.0000
0.414 0.0000 0.0000
0.415 0.0000 0.0000
0.416 0.0000 0.0000
0.417 0.0000 0.0000
0.418 0.0000 0.0000
0.419 0.0000 0.0000
0.420 0.0000 0.0000
0.421 0.0000 0.0000
0.422 0.0000 0.0000
0.423 0.0000 0.0000
0.424 0.0000 0.0000
0.425 0.0000 0.0000
0.426 0.0000 0.0000
0.427 0.0000 0.0000
0.428 0.0000 0.0000
0.429 0.0000 0.0000
0.430 0.0000 0.0000
0.431 0.0000 0.0000
0.432 0.0000 0.0000
0.433 0.0000 0.0000
0.434 0.0000 0.0000
0.435 0.0000 0.0000
0.436 0.0000 0.0000
0.437 0.0000 0.0000
0.438 0.0000 0.0000
0.439 0.0000 0.0000
0.440 0.0000 0.0000
0.441 0.0000 0.0000
0.442 0.0000 0.0000
0.443 0.0000 0.0000
0.444 0.0000 0.0000
0.445 0.0000 0.0000
0.446 0.0000 0.0000
0.447 0.0000 0.0000
0.448 0.0000 0.0000
0.449 0.0000 0.0000
0.450 0.0000 0.0000
0.451 0.0000 0.0000
0.452 0.0000 0.0000
0.453 0.0000 0.0000
0.454 0.0000 0.0000
0.455 0.0000 0.0000
0.456 0.0001 0.0000
0.457 0.0000 0.0000
0.458 0.0000 0.0000
0.459 0.0001 0.0000
0.460 0.0001 0.0000
0.461 0.0001 0.0000
0.462 0.0001 0.0000
0.463 0.0003 0.0000
0.464 0.0001 0.0000
0.465 0.0006 0.0000
0.466 0.0008 0.0000
0.467 0.0003 0.0000
0.468 0.0009 0.0000
0.469 0.0005 0.0000
0.470 0.0018 0.0000
0.471 0.0019 0.0000
0.472 0.0022 0.0000
0.473 0.0020 0.0000
0.474 0.0028 0.0000
0.475 0.0037 0.0000
0.476 0.0048 0.0000
0.477 0.0060 0.0000
0.478 0.0064 0.0000
0.479 0.0089 0.0000
0.480 0.0093 0.0000
0.481 0.0109 0.0000
0.482 0.0151 0.0000
0.483 0.0153 0.0000
0.484 0.0177 0.0000
0.485 0.0233 0.0000
0.486 0.0250 0.0000
0.487 0.0267 0.0000
0.488 0.0337 0.0000
0.489 0.0396 0.0000
0.490 0.0430 0.0000
0.491 0.0521 0.0000
0.492 0.0537 0.0000
0.493 0.0634 0.0000
0.494 0.0774 0.0000
0.495 0.0839 0.0000
0.496 0.0959 0.0000
0.497 0.0958 0.0000
0.498 0.1084 0.0000
0.499 0.1221 0.0000
0.500 0.1308 0.0000
0.501 0.1479 0.0000
0.502 0.1559 0.0000
0.503 0.1725 0.0000
0.504 0.1799 0.0000
0.505 0.1966 0.0000
0.506 0.2036 0.0000
0.507 0.2153 0.0000
0.508 0.2288 0.0000
0.509 0.2333 0.0000
0.510 0.2585 0.0000
0.511 0.2653 0.0000
0.512 0.2703 0.0000
0.513 0.2816 0.0000
0.514 0.2993 0.0000
0.515 0.3082 0.0000
0.516 0.3140 0.0000
0.517 0.3252 0.0000
0.518 0.3335 0.0000
0.519 0.3482 0.0000
0.520 0.3502 0.0000
0.521 0.3621 0.0000
0.522 0.3655 0.0000
0.523 0.3759 0.0000
0.524 0.3846 0.0000
0.525 0.3948 0.0000
0.526 0.3998 0.0000
0.527 0.4079 0.0000
0.528 0.4164 0.0000
0.529 0.4188 0.0000
0.530 0.4300 0.0000
0.531 0.4348 0.0000
0.532 0.4408 0.0000
0.533 0.4416 0.0000
0.534 0.4528 0.0000
0.535 0.4545 0.0000
0.536 0.4625 0.0000
0.537 0.4668 0.0000
0.538 0.4734 0.0870
0.539 0.4801 0.1304
0.540 0.4841 0.0435
0.541 0.4873 0.1304
0.542 0.4935 0.1304
0.543 0.4991 0.1304
0.544 0.5020 0.0870
0.545 0.5050 0.1304
0.546 0.5114 0.3043
0.547 0.5150 0.1304
0.548 0.5228 0.2609
0.549 0.5258 0.4348
0.550 0.5330 0.5652
0.551 0.5371 0.5652
0.552 0.5367 0.4783
0.553 0.5441 0.6522
0.554 0.5468 0.5217
0.555 0.5546 0.6087
0.556 0.5556 0.6957
0.557 0.5595 0.9130
0.558 0.5647 0.8261
0.559 0.5662 0.7826
0.560 0.5704 0.9130
0.561 0.5698 0.9130
0.562 0.5736 0.9565
0.563 0.5780 1.0000
0.564 0.5842 1.0000
0.565 0.5866 1.0000
0.566 0.5892 1.0000
0.567 0.5964 1.0000
0.568 0.5964 0.9565
0.569 0.5984 0.9565
0.570 0.6050 1.0000
0.571 0.6065 1.0000
0.572 0.6094 1.0000
0.573 0.6155 1.0000
0.574 0.6183 1.0000
0.575 0.6159 1.0000
0.576 0.6196 1.0000
0.577 0.6220 1.0000
0.578 0.6262 1.0000
0.579 0.6287 1.0000
0.580 0.6277 1.0000
0.581 0.6341 1.0000
0.582 0.6379 1.0000
0.583 0.6372 1.0000
0.584 0.6356 1.0000
0.585 0.6446 1.0000
0.586 0.6478 1.0000
0.587 0.6486 1.0000
0.588 0.6498 1.0000
0.589 0.6548 1.0000
0.590 0.6568 1.0000
0.591 0.6576 1.0000
0.592 0.6616 1.0000
0.593 0.6682 1.0000
0.594 0.6674 1.0000
0.595 0.6670 1.0000
0.596 0.6730 1.0000
0.597 0.6740 1.0000
0.598 0.6781 1.0000
0.599 0.6778 1.0000
0.600 0.6793 1.0000
0.601 0.6800 1.0000
0.602 0.6828 1.0000
0.603 0.6883 1.0000
0.604 0.6900 1.0000
0.605 0.6899 1.0000
0.606 0.6914 1.0000
0.607 0.6932 1.0000
0.608 0.6959 1.0000
0.609 0.6971 1.0000
0.610 0.6995 1.0000
0.611 0.7034 1.0000
0.612 0.7049 1.0000
0.613 0.7082 1.0000
0.614 0.7096 1.0000
0.615 0.7076 1.0000
0.616 0.7160 1.0000
0.617 0.7144 1.0000
0.618 0.7170 1.0000
0.619 0.7200 1.0000
0.620 0.7203 1.0000
0.621 0.7202 1.0000
0.622 0.7253 1.0000
0.623 0.7255 1.0000
0.624 0.7280 1.0000
0.625 0.7262 1.0000
0.626 0.7277 1.0000
0.627 0.7320 1.0000
0.628 0.7308 1.0000
0.629 0.7346 1.0000
0.630 0.7332 1.0000
0.631 0.7378 1.0000
0.632 0.7381 1.0000
0.633 0.7416 1.0000
0.634 0.7434 1.0000
0.635 0.7442 1.0000
0.636 0.7454 1.0000
0.637 0.7479 1.0000
0.638 0.7482 1.0000
0.639 0.7514 1.0000
0.640 0.7522 1.0000
0.641 0.7523 1.0000
0.642 0.7560 1.0000
0.643 0.7584 1.0000
0.644 0.7590 1.0000
0.645 0.7605 1.0000
0.646 0.7596 1.0000
0.647 0.7623 1.0000
0.648 0.7651 1.0000
0.649 0.7664 1.0000
0.650 0.7672 1.0000
0.651 0.7688 1.0000
0.652 0.7710 1.0000
0.653 0.7735 1.0000
0.654 0.7708 1.0000
0.655 0.7728 1.0000
0.656 0.7751 1.0000
0.657 0.7771 1.0000
0.658 0.7792 1.0000
0.659 0.7781 1.0000
0.660 0.7796 1.0000
0.661 0.7827 1.0000
0.662 0.7828 1.0000
0.663 0.7855 1.0000
0.664 0.7876 1.0000
0.665 0.7861 1.0000
0.666 0.7890 1.0000
0.667 0.7893 1.0000
0.668 0.7908 1.0000
0.669 0.7898 1.0000
0.670 0.7927 1.0000
0.671 0.7944 1.0000
0.672 0.7931 1.0000
0.673 0.7990 1.0000
0.674 0.7980 1.0000
0.675 0.7995 1.0000
0.676 0.8002 1.0000
0.677 0.8028 1.0000
0.678 0.8031 1.0000
0.679 0.8036 1.0000
0.680 0.8065 1.0000
0.681 0.8071 1.0000
0.682 0.8091 1.0000
0.683 0.8082 1.0000
0.684 0.8087 1.0000
0.685 0.8112 1.0000
0.686 0.8123 1.0000
0.687 0.8126 1.0000
0.688 0.8134 1.0000
0.689 0.8144 1.0000
0.690 0.8170 1.0000
0.691 0.8187 1.0000
0.692 0.8181 1.0000
0.693 0.8209 1.0000
0.694 0.8212 1.0000
0.695 0.8228 1.0000
0.696 0.8226 1.0000
0.697 0.8246 1.0000
0.698 0.8246 1.0000
0.699 0.8261 1.0000
0.700 0.8268 1.0000
0.701 0.8290 1.0000
0.702 0.8293 1.0000
0.703 0.8291 1.0000
0.704 0.8285 1.0000
0.705 0.8315 1.0000
0.706 0.8320 1.0000
0.707 0.8361 1.0000
0.708 0.8351 1.0000
0.709 0.8360 1.0000
0.710 0.8389 1.0000
0.711 0.8377 1.0000
0.712 0.8388 1.0000
0.713 0.8401 1.0000
0.714 0.8414 1.0000
0.715 0.8412 1.0000
0.716 0.8430 1.0000
0.717 0.8437 1.0000
0.718 0.8449 1.0000
0.719 0.8468 1.0000
0.720 0.8468 1.0000
0.721 0.8466 1.0000
0.722 0.8487 1.0000
0.723 0.8502 1.0000
0.724 0.8495 1.0000
0.725 0.8495 1.0000
0.726 0.8525 1.0000
0.727 0.8527 1.0000
0.728 0.8519 1.0000
0.729 0.8558 1.0000
0.730 0.8556 1.0000
0.731 0.8564 1.0000
0.732 0.8574 1.0000
0.733 0.8595 1.0000
0.734 0.8603 1.0000
0.735 0.8590 1.0000
0.736 0.8615 1.0000
0.737 0.8621 1.0000
0.738 0.8621 1.0000
0.739 0.8636 1.0000
0.740 0.8656 1.0000
0.741 0.8638 1.0000
0.742 0.8661 1.0000
0.743 0.8663 1.0000
0.744 0.8668 1.0000
0.745 0.8673 1.0000
0.746 0.8692 1.0000
0.747 0.8711 1.0000
0.748 0.8695 1.0000
0.749 0.8708 1.0000
0.750 0.8731 1.0000
0.751 0.8737 1.0000
0.752 0.8733 1.0000
0.753 0.8749 1.0000
0.754 0.8761 1.0000
0.755 0.8771 1.0000
0.756 0.8779 1.0000
0.757 0.8770 1.0000
0.758 0.8781 1.0000
0.759 0.8783 1.0000
0.760 0.8810 1.0000
0.761 0.8813 1.0000
0.762 0.8813 1.0000
0.763 0.8816 1.0000
0.764 0.8831 1.0000
0.765 0.8833 1.0000
0.766 0.8855 1.0000
0.767 0.8863 1.0000
0.768 0.8874 1.0000
0.769 0.8873 1.0000
0.770 0.8874 1.0000
0.771 0.8889 1.0000
0.772 0.8886 1.0000
0.773 0.8897 1.0000
0.774 0.8890 1.0000
0.775 0.8907 1.0000
0.776 0.8910 1.0000
0.777 0.8919 1.0000
0.778 0.8925 1.0000
0.779 0.8938 1.0000
0.780 0.8940 1.0000
0.781 0.8969 1.0000
0.782 0.8960 1.0000
0.783 0.8977 1.0000
0.784 0.8978 1.0000
0.785 0.8983 1.0000
0.786 0.8985 1.0000
0.787 0.9010 1.0000
0.788 0.8989 1.0000
0.789 0.9004 1.0000
0.790 0.9020 1.0000
0.791 0.9028 1.0000
0.792 0.9024 1.0000
0.793 0.9035 1.0000
0.794 0.9043 1.0000
0.795 0.9041 1.0000
0.796 0.9055 1.0000
0.797 0.9076 1.0000
0.798 0.9063 1.0000
0.799 0.9065 1.0000
0.800 0.9080 1.0000
0.801 0.9075 1.0000
0.802 0.9093 1.0000
0.803 0.9100 1.0000
0.804 0.9109 1.0000
0.805 0.9106 1.0000
0.806 0.9124 1.0000
0.807 0.9111 1.0000
0.808 0.9132 1.0000
0.809 0.9147 1.0000
0.810 0.9155 1.0000
0.811 0.9147 1.0000
0.812 0.9151 1.0000
0.813 0.9171 1.0000
0.814 0.9155 1.0000
0.815 0.9177 1.0000
0.816 0.9186 1.0000
0.817 0.9187 1.0000
0.818 0.9204 1.0000
0.819 0.9193 1.0000
0.820 0.9197 1.0000
0.821 0.9207 1.0000
0.822 0.9216 1.0000
0.823 0.9217 1.0000
0.824 0.9224 1.0000
0.825 0.9231 1.0000
0.826 0.9228 1.0000
0.827 0.9246 1.0000
0.828 0.9242 1.0000
0.829 0.9247 1.0000
0.830 0.9259 1.0000
0.831 0.9276 1.0000
0.832 0.9279 1.0000
0.833 0.9269 1.0000
0.834 0.9281 1.0000
0.835 0.9295 1.0000
0.836 0.9290 1.0000
0.837 0.9303 1.0000
0.838 0.9305 1.0000
0.839 0.9312 1.0000
0.840 0.9304 1.0000
0.841 0.9325 1.0000
0.842 0.9326 1.0000
0.843 0.9339 1.0000
0.844 0.9347 1.0000
0.845 0.9341 1.0000
0.846 0.9353 1.0000
0.847 0.9363 1.0000
0.848 0.9355 1.0000
0.849 0.9368 1.0000
0.850 0.9376 1.0000
0.851 0.9383 1.0000
0.852 0.9380 1.0000
0.853 0.9386 1.0000
0.854 0.9386 1.0000
0.855 0.9396 1.0000
0.856 0.9402 1.0000
0.857 0.9407 1.0000
0.858 0.9416 1.0000
0.859 0.9410 1.0000
0.860 0.9424 1.0000
0.861 0.9426 1.0000
0.862 0.9427 1.0000
0.863 0.9437 1.0000
0.864 0.9444 1.0000
0.865 0.9452 1.0000
0.866 0.9462 1.0000
0.867 0.9458 1.0000
0.868 0.9469 1.0000
0.869 0.9468 1.0000
0.870 0.9467 1.0000
0.871 0.9477 1.0000
0.872 0.9479 1.0000
0.873 0.9484 1.0000
0.874 0.9490 1.0000
0.875 0.9492 1.0000
0.876 0.9505 1.0000
0.877 0.9504 1.0000
0.878 0.9513 1.0000
0.879 0.9521 1.0000
0.880 0.9533 1.0000
0.881 0.9533 1.0000
0.882 0.9525 1.0000
0.883 0.9536 1.0000
0.884 0.9544 1.0000
0.885 0.9548 1.0000
0.886 0.9546 1.0000
0.887 0.9549 1.0000
0.888 0.9561 1.0000
0.889 0.9571 1.0000
0.890 0.9569 1.0000
0.891 0.9575 1.0000
0.892 0.9579 1.0000
0.893 0.9580 1.0000
0.894 0.9584 1.0000
0.895 0.9587 1.0000
0.896 0.9592 1.0000
0.897 0.9595 1.0000
0.898 0.9604 1.0000
0.899 0.9613 1.0000
0.900 0.9623 1.0000
0.901 0.9618 1.0000
0.902 0.9623 1.0000
0.903 0.9626 1.0000
0.904 0.9622 1.0000
0.905 0.9641 1.0000
0.906 0.9644 1.0000
0.907 0.9642 1.0000
0.908 0.9647 1.0000
0.909 0.9659 1.0000
0.910 0.9659 1.0000
0.911 0.9661 1.0000
0.912 0.9661 1.0000
0.913 0.9670 1.0000
0.914 0.9672 1.0000
0.915 0.9690 1.0000
0.916 0.9679 1.0000
0.917 0.9695 1.0000
0.918 0.9695 1.0000
0.919 0.9700 1.0000
0.920 0.9701 1.0000
0.921 0.9702 1.0000
0.922 0.9708 1.0000
0.923 0.9717 1.0000
0.924 0.9718 1.0000
0.925 0.9717 1.0000
0.926 0.9720 1.0000
0.927 0.9729 1.0000
0.928 0.9732 1.0000
0.929 0.9737 1.0000
0.930 0.9741 1.0000
0.931 0.9751 1.0000
0.932 0.9752 1.0000
0.933 0.9759 1.0000
0.934 0.9765 1.0000
0.935 0.9768 1.0000
0.936 0.9766 1.0000
0.937 0.9769 1.0000
0.938 0.9778 1.0000
0.939 0.9779 1.0000
0.940 0.9782 1.0000
0.941 0.9787 1.0000
0.942 0.9792 1.0000
0.943 0.9792 1.0000
0.944 0.9799 1.0000
0.945 0.9803 1.0000
0.946 0.9810 1.0000
0.947 0.9807 1.0000
0.948 0.9814 1.0000
0.949 0.9818 1.0000
0.950 0.9822 1.0000
0.951 0.9829 1.0000
0.952 0.9829 1.0000
0.953 0.9832 1.0000
0.954 0.9839 1.0000
0.955 0.9837 1.0000
0.956 0.9841 1.0000
0.957 0.9846 1.0000
0.958 0.9850 1.0000
0.959 0.9853 1.0000
0.960 0.9855 1.0000
0.961 0.9859 1.0000
0.962 0.9866 1.0000
0.963 0.9875 1.0000
0.964 0.9874 1.0000
0.965 0.9879 1.0000
0.966 0.9879 1.0000
0.967 0.9882 1.0000
0.968 0.9890 1.0000
0.969 0.9892 1.0000
0.970 0.9899 1.0000
0.971 0.9897 1.0000
0.972 0.9904 1.0000
0.973 0.9908 1.0000
0.974 0.9909 1.0000
0.975 0.9914 1.0000
0.976 0.9916 1.0000
0.977 0.9920 1.0000
0.978 0.9925 1.0000
0.979 0.9928 1.0000
0.980 0.9933 1.0000
0.981 0.9932 1.0000
0.982 0.9941 1.0000
0.983 0.9942 1.0000
0.984 0.9946 1.0000
0.985 0.9948 1.0000
0.986 0.9953 1.0000
0.987 0.9955 1.0000
0.988 0.9958 1.0000
0.989 0.9963 1.0000
0.990 0.9968 1.0000
0.991 0.9971 1.0000
0.992 0.9973 1.0000
0.993 0.9977 1.0000
0.994 0.9980 1.0000
0.995 0.9983 1.0000
0.996 0.9986 1.0000
0.997 0.9990 1.0000
0.998 0.9994 1.0000
0.999 0.9996 1.0000
