0.000 0.0000 0.0000
0.001 0.0000 0.0000
0.002 0.0000 0.0000
0.003 0.0000 0.0000
0.004 0.0000 0.0000
0.005 0.0000 0.0000
0.006 0.0000 0.0000
0.007 0.0000 0.0000
0.008 0.0000 0.0000
0.009 0.0000 0.0000
0.010 0.0000 0.0000
0.011 0.0000 0.0000
0.012 0.0000 0.0000
0.013 0.0000 0.0000
0.014 0.0000 0.0000
0.015 0.0000 0.0000
0.016 0.0000 0.0000
0.017 0.0000 0.0000
0.018 0.0000 0.0000
0.019 0.0000 0.0000
0.020 0.0000 0.0000
0.021 0.0000 0.0000
0.022 0.0000 0.0000
0.023 0.0000 0.0000
0.024 0.0000 0.0000
0.025 0.0000 0.0000
0.026 0.0000 0.0000
0.027 0.0000 0.0000
0.028 0.0000 0.0000
0.029 0.0000 0.0000
0.030 0.0000 0.0000
0.031 0.0000 0.0000
0.032 0.0000 0.0000
0.033 0.0000 0.0000
0.034 0.0000 0.0000
0.035 0.0000 0.0000
0.036 0.0000 0.0000
0.037 0.0000 0.0000
0.038 0.0000 0.0000
0.039 0.0000 0.0000
0.040 0.0000 0.0000
0.041 0.0000 0.0000
0.042 0.0000 0.0000
0.043 0.0000 0.0000
0.044 0.0000 0.0000
0.045 0.0000 0.0000
0.046 0.0000 0.0000
0.047 0.0000 0.0000
0.048 0.0000 0.0000
0.049 0.0000 0.0000
0.050 0.0000 0.0000
0.051 0.0000 0.0000
0.052 0.0000 0.0000
0.053 0.0000 0.0000
0.054 0.0000 0.0000
0.055 0.0000 0.0000
0.056 0.0000 0.0000
0.057 0.0000 0.0000
0.058 0.0000 0.0000
0.059 0.0000 0.0000
0.060 0.0000 0.0000
0.061 0.0000 0.0000
0.062 0.0000 0.0000
0.063 0.0000 0.0000
0.064 0.0000 0.0000
0.065 0.0000 0.0000
0.066 0.0000 0.0000
0.067 0.0000 0.0000
0.068 0.0000 0.0000
0.069 0.0000 0.0000
0.070 0.0000 0.0000
0.071 0.0000 0.0000
0.072 0.0000 0.0000
0.073 0.0000 0.0000
0.074 0.0000 0.0000
0.075 0.0000 0.0000
0.076 0.0000 0.0000
0.077 0.0000 0.0000
0.078 0.0000 0.0000
0.079 0.0000 0.0000
0.080 0.0000 0.0000
0.081 0.0000 0.0000
0.082 0.0000 0.0000
0.083 0.0000 0.0000
0.084 0.0000 0.0000
0.085 0.0000 0.0000
0.086 0.0000 0.0000
0.087 0.0000 0.0000
0.088 0.0000 0.0000
0.089 0.0000 0.0000
0.090 0.0000 0.0000
0.091 0.0000 0.0000
0.092 0.0000 0.0000
0.093 0.0000 0.0000
0.094 0.0000 0.0000
0.095 0.0000 0.0000
0.096 0.0000 0.0000
0.097 0.0000 0.0000
0.098 0.0000 0.0000
0.099 0.0000 0.0000
0.100 0.0000 0.0000
0.101 0.0000 0.0000
0.102 0.0000 0.0000
0.103 0.0000 0.0000
0.104 0.0000 0.0000
0.105 0.0000 0.0000
0.106 0.0000 0.0000
0.107 0.0000 0.0000
0.108 0.0000 0.0000
0.109 0.0000 0.0000
0.110 0.0000 0.0000
0.111 0.0000 0.0000
0.112 0.0000 0.0000
0.113 0.0000 0.0000
0.114 0.0000 0.0000
0.115 0.0000 0.0000
0.116 0.0000 0.0000
0.117 0.0000 0.0000
0.118 0.0000 0.0000
0.119 0.0000 0.0000
0.120 0.0000 0.0000
0.121 0.0000 0.0000
0.122 0.0000 0.0000
0.123 0.0000 0.0000
0.124 0.0000 0.0000
0.125 0.0000 0.0000
0.126 0.0000 0.0000
0.127 0.0000 0.0000
0.128 0.0000 0.0000
0.129 0.0000 0.0000
0.130 0.0000 0.0000
0.131 0.0000 0.0000
0.132 0.0000 0.0000
0.133 0.0000 0.0000
0.134 0.0000 0.0000
0.135 0.0000 0.0000
0.136 0.0000 0.0000
0.137 0.0000 0.0000
0.138 0.0000 0.0000
0.139 0.0000 0.0000
0.140 0.0000 0.0000
0.141 0.0000 0.0000
0.142 0.0000 0.0000
0.143 0.0000 0.0000
0.144 0.0000 0.0000
0.145 0.0000 0.0000
0.146 0.0000 0.0000
0.147 0.0000 0.0000
0.148 0.0000 0.0000
0.149 0.0000 0.0000
0.150 0.0000 0.0000
0.151 0.0000 0.0000
0.152 0.0000 0.0000
0.153 0.0000 0.0000
0.154 0.0000 0.0000
0.155 0.0000 0.0000
0.156 0.0000 0.0000
0.157 0.0000 0.0000
0.158 0.0000 0.0000
0.159 0.0000 0.0000
0.160 0.0000 0.0000
0.161 0.0000 0.0000
0.162 0.0000 0.0000
0.163 0.0000 0.0000
0.164 0.0000 0.0000
0.165 0.0000 0.0000
0.166 0.0000 0.0000
0.167 0.0000 0.0000
0.168 0.0000 0.0000
0.169 0.0000 0.0000
0.170 0.0000 0.0000
0.171 0.0000 0.0000
0.172 0.0000 0.0000
0.173 0.0000 0.0000
0.174 0.0000 0.0000
0.175 0.0000 0.0000
0.176 0.0000 0.0000
0.177 0.0000 0.0000
0.178 0.0000 0.0000
0.179 0.0000 0.0000
0.180 0.0000 0.0000
0.181 0.0000 0.0000
0.182 0.0000 0.0000
0.183 0.0000 0.0000
0.184 0.0000 0.0000
0.185 0.0000 0.0000
0.186 0.0000 0.0000
0.187 0.0000 0.0000
0.188 0.0000 0.0000
0.189 0.0000 0.0000
0.190 0.0000 0.0000
0.191 0.0000 0.0000
0.192 0.0000 0.0000
0.193 0.0000 0.0000
0.194 0.0000 0.0000
0.195 0.0000 0.0000
0.196 0.0000 0.0000
0.197 0.0000 0.0000
0.198 0.0000 0.0000
0.199 0.0000 0.0000
0.200 0.0000 0.0000
0.201 0.0000 0.0000
0.202 0.0000 0.0000
0.203 0.0000 0.0000
0.204 0.0000 0.0000
0.205 0.0000 0.0000
0.206 0.0000 0.0000
0.207 0.0000 0.0000
0.208 0.0000 0.0000
0.209 0.0000 0.0000
0.210 0.0000 0.0000
0.211 0.0000 0.0000
0.212 0.0000 0.0000
0.213 0.0000 0.0000
0.214 0.0000 0.0000
0.215 0.0000 0.0000
0.216 0.0000 0.0000
0.217 0.0000 0.0000
0.218 0.0000 0.0000
0.219 0.0000 0.0000
0.220 0.0000 0.0000
0.221 0.0000 0.0000
0.222 0.0000 0.0000
0.223 0.0000 0.0000
0.224 0.0000 0.0000
0.225 0.0000 0.0000
0.226 0.0000 0.0000
0.227 0.0000 0.0000
0.228 0.0000 0.0000
0.229 0.0000 0.0000
0.230 0.0000 0.0000
0.231 0.0000 0.0000
0.232 0.0000 0.0000
0.233 0.0000 0.0000
0.234 0.0000 0.0000
0.235 0.0000 0.0000
0.236 0.0000 0.0000
0.237 0.0000 0.0000
0.238 0.0000 0.0000
0.239 0.0000 0.0000
0.240 0.0000 0.0000
0.241 0.0000 0.0000
0.242 0.0000 0.0000
0.243 0.0000 0.0000
0.244 0.0000 0.0000
0.245 0.0000 0.0000
0.246 0.0000 0.0000
0.247 0.0000 0.0000
0.248 0.0000 0.0000
0.249 0.0000 0.0000
0.250 0.0000 0.0000
0.251 0.0000 0.0000
0.252 0.0000 0.0000
0.253 0.0000 0.0000
0.254 0.0000 0.0000
0.255 0.0000 0.0000
0.256 0.0000 0.0000
0.257 0.0000 0.0000
0.258 0.0000 0.0000
0.259 0.0000 0.0000
0.260 0.0000 0.0000
0.261 0.0000 0.0000
0.262 0.0000 0.0000
0.263 0.0000 0.0000
0.264 0.0000 0.0000
0.265 0.0000 0.0000
0.266 0.0000 0.0000
0.267 0.0000 0.0000
0.268 0.0000 0.0000
0.269 0.0000 0.0000
0.270 0.0000 0.0000
0.271 0.0000 0.0000
0.272 0.0000 0.0000
0.273 0.0000 0.0000
0.274 0.0000 0.0000
0.275 0.0000 0.0000
0.276 0.0000 0.0000
0.277 0.0000 0.0000
0.278 0.0000 0.0000
0.279 0.0000 0.0000
0.280 0.0000 0.0000
0.281 0.0000 0.0000
0.282 0.0000 0.0000
0.283 0.0000 0.0000
0.284 0.0000 0.0000
0.285 0.0000 0.0000
0.286 0.0000 0.0000
0.287 0.0000 0.0000
0.288 0.0000 0.0000
0.289 0.0000 0.0000
0.290 0.0000 0.0000
0.291 0.0000 0.0000
0.292 0.0000 0.0000
0.293 0.0000 0.0000
0.294 0.0000 0.0000
0.295 0.0000 0.0000
0.296 0.0000 0.0000
0.297 0.0000 0.0000
0.298 0.0000 0.0000
0.299 0.0000 0.0000
0.300 0.0000 0.0000
0.301 0.0000 0.0000
0.302 0.0000 0.0000
0.303 0.0000 0.0000
0.304 0.0000 0.0000
0.305 0.0000 0.0000
0.306 0.0000 0.0000
0.307 0.0000 0.0000
0.308 0.0000 0.0000
0.309 0.0000 0.0000
0.310 0.0000 0.0000
0.311 0.0000 0.0000
0.312 0.0000 0.0000
0.313 0.0000 0.0000
0.314 0.0000 0.0000
0.315 0.0000 0.0000
0.316 0.0000 0.0000
0.317 0.0000 0.0000
0.318 0.0000 0.0000
0.319 0.0000 0.0000
0.320 0.0000 0.0000
0.321 0.0000 0.0000
0.322 0.0000 0.0000
0.323 0.0000 0.0000
0.324 0.0000 0.0000
0.325 0.0000 0.0000
0.326 0.0000 0.0000
0.327 0.0000 0.0000
0.328 0.0000 0.0000
0.329 0.0000 0.0000
0.330 0.0000 0.0000
0.331 0.0000 0.0000
0.332 0.0000 0.0000
0.333 0.0000 0.0000
0.334 0.0000 0.0000
0.335 0.0000 0.0000
0.336 0.0000 0.0000
0.337 0.0000 0.0000
0.338 0.0000 0.0000
0.339 0.0000 0.0000
0.340 0.0000 0.0000
0.341 0.0000 0.0000
0.342 0.0000 0.0000
0.343 0.0000 0.0000
0.344 0.0000 0.0000
0.345 0.0000 0.0000
0.346 0.0000 0.0000
0.347 0.0000 0.0000
0.348 0.0000 0.0000
0.349 0.0000 0.0000
0.350 0.0000 0.0000
0.351 0.0000 0.0000
0.352 0.0000 0.0000
0.353 0.0000 0.0000
0.354 0.0000 0.0000
0.355 0.0000 0.0000
0.356 0.0000 0.0000
0.357 0.0000 0.0000
0.358 0.0000 0.0000
0.359 0.0000 0.0000
0.360 0.0000 0.0000
0.361 0.0000 0.0000
0.362 0.0000 0.0000
0.363 0.0000 0.0000
0.364 0.0000 0.0000
0.365 0.0000 0.0000
0.366 0.0000 0.0000
0.367 0.0000 0.0000
0.368 0.0000 0.0000
0.369 0.0000 0.0000
0.370 0.0000 0.0000
0.371 0.0000 0.0000
0.372 0.0000 0.0000
0.373 0.0000 0.0000
0.374 0.0000 0.0000
0.375 0.0000 0.0000
0.376 0.0000 0.0000
0.377 0.0000 0.0000
0.378 0.0000 0.0000
0.379 0.0000 0.0000
0.380 0.0000 0.0000
0.381 0.0000 0.0000
0.382 0.0000 0.0000
0.383 0.0000 0.0000
0.384 0.0000 0.0000
0.385 0.0000 0.0000
0.386 0.0000 0.0000
0.387 0.0000 0.0000
0.388 0.0000 0.0000
0.389 0.0000 0.0000
0.390 0.0000 0.0000
0.391 0.0000 0.0000
0.392 0.0000 0.0000
0.393 0.0000 0.0000
0.394 0.0000 0.0000
0.395 0.0000 0.0000
0.396 0.0000 0.0000
0.397 0.0000 0.0000
0.398 0.0000 0.0000
0.399 0.0000 0.0000
0.400 0.0000 0.0000
0.401 0.0000 0.0000
0.402 0.0000 0.0000
0.403 0.0000 0.0000
0.404 0.0000 0.0000
0.405 0.0000 0.0000
0.406 0.0000 0.0000
0.407 0.0000 0.0000
0.408 0.0000 0.0000
0.409 0.0000 0.0000
0.410 0.0000 0.0000
0.411 0.0000 0.0000
0.412 0.0000 0.0000
0.413 0.0000 0.0000
0.414 0.0000 0.0000
0.415 0.0000 0.0000
0.416 0.0000 0.0000
0.417 0.0000 0.0000
0.418 0.0000 0.0000
0.419 0.0000 0.0000
0.420 0.0000 0.0000
0.421 0.0000 0.0000
0.422 0.0000 0.0000
0.423 0.0000 0.0000
0.424 0.0000 0.0000
0.425 0.0000 0.0000
0.426 0.0000 0.0000
0.427 0.0000 0.0000
0.428 0.0000 0.0000
0.429 0.0000 0.0000
0.430 0.0000 0.0000
0.431 0.0000 0.0000
0.432 0.0000 0.0000
0.433 0.0000 0.0000
0.434 0.0000 0.0000
0.435 0.0000 0.0000
0.436 0.0000 0.0000
0.437 0.0000 0.0000
0.438 0.0000 0.0000
0.439 0.0000 0.0000
0.440 0.0000 0.0000
0.441 0.0000 0.0000
0.442 0.0000 0.0000
0.443 0.0000 0.0000
0.444 0.0000 0.0000
0.445 0.0000 0.0000
0.446 0.0000 0.0000
0.447 0.0000 0.0000
0.448 0.0000 0.0000
0.449 0.0000 0.0000
0.450 0.0000 0.0000
0.451 0.0000 0.0000
0.452 0.0000 0.0000
0.453 0.0000 0.0000
0.454 0.0000 0.0000
0.455 0.0000 0.0000
0.456 0.0000 0.0000
0.457 0.0000 0.0000
0.458 0.0000 0.0000
0.459 0.0000 0.0000
0.460 0.0000 0.0000
0.461 0.0000 0.0000
0.462 0.0000 0.0000
0.463 0.0000 0.0000
0.464 0.0000 0.0000
0.465 0.0000 0.0000
0.466 0.0000 0.0000
0.467 0.0000 0.0000
0.468 0.0000 0.0000
0.469 0.0000 0.0000
0.470 0.0000 0.0000
0.471 0.0000 0.0000
0.472 0.0000 0.0000
0.473 0.0000 0.0000
0.474 0.0000 0.0000
0.475 0.0000 0.0000
0.476 0.0000 0.0000
0.477 0.0000 0.0000
0.478 0.0000 0.0000
0.479 0.0000 0.0000
0.480 0.0000 0.0000
0.481 0.0000 0.0000
0.482 0.0000 0.0000
0.483 0.0000 0.0000
0.484 0.0000 0.0000
0.485 0.0000 0.0000
0.486 0.0000 0.0000
0.487 0.0000 0.0000
0.488 0.0000 0.0000
0.489 0.0000 0.0000
0.490 0.0002 0.0000
0.491 0.0002 0.0000
0.492 0.0008 0.0000
0.493 0.0013 0.0000
0.494 0.0032 0.0000
0.495 0.0061 0.0000
0.496 0.0113 0.0000
0.497 0.0219 0.0000
0.498 0.0286 0.0000
0.499 0.0478 0.0000
0.500 0.0616 0.0000
0.501 0.0813 0.0000
0.502 0.1039 0.0000
0.503 0.1255 0.0000
0.504 0.1457 0.0000
0.505 0.1672 0.0000
0.506 0.1872 0.0000
0.507 0.2023 0.0000
0.508 0.2124 0.0000
0.509 0.2354 0.0000
0.510 0.2478 0.0000
0.511 0.2568 0.0000
0.512 0.2719 0.0000
0.513 0.2803 0.0000
0.514 0.2937 0.0000
0.515 0.3050 0.0000
0.516 0.3124 0.0000
0.517 0.3257 0.0000
0.518 0.3367 0.0000
0.519 0.3408 0.0000
0.520 0.3492 0.0000
0.521 0.3617 0.0000
0.522 0.3709 0.0000
0.523 0.3789 0.0000
0.524 0.3863 0.0000
0.525 0.3929 0.0000
0.526 0.4011 0.0000
0.527 0.4065 0.0000
0.528 0.4135 0.0000
0.529 0.4204 0.0000
0.530 0.4271 0.0000
0.531 0.4341 0.0000
0.532 0.4388 0.0000
0.533 0.4473 0.0000
0.534 0.4511 0.0211
0.535 0.4585 0.0000
0.536 0.4647 0.0105
0.537 0.4685 0.0000
0.538 0.4733 0.0105
0.539 0.4780 0.0316
0.540 0.4834 0.0526
0.541 0.4906 0.0737
0.542 0.4949 0.1158
0.543 0.5002 0.1158
0.544 0.5055 0.1684
0.545 0.5091 0.1474
0.546 0.5120 0.2316
0.547 0.5148 0.2211
0.548 0.5222 0.2947
0.549 0.5280 0.4316
0.550 0.5299 0.3895
0.551 0.5353 0.5158
0.552 0.5402 0.5368
0.553 0.5424 0.5474
0.554 0.5475 0.6316
0.555 0.5485 0.6211
0.556 0.5543 0.7158
0.557 0.5572 0.7368
0.558 0.5618 0.8105
0.559 0.5651 0.8737
0.560 0.5698 0.9053
0.561 0.5723 0.9789
0.562 0.5744 0.9263
0.563 0.5786 0.9263
0.564 0.5824 0.9684
0.565 0.5879 0.9579
0.566 0.5899 0.9895
0.567 0.5910 0.9895
0.568 0.5958 0.9895
0.569 0.6008 0.9895
0.570 0.6022 0.9895
0.571 0.6051 1.0000
0.572 0.6065 1.0000
0.573 0.6143 1.0000
0.574 0.6138 0.9895
0.575 0.6175 1.0000
0.576 0.6209 1.0000
0.577 0.6232 1.0000
0.578 0.6261 1.0000
0.579 0.6289 1.0000
0.580 0.6310 1.0000
0.581 0.6336 1.0000
0.582 0.6368 1.0000
0.583 0.6395 1.0000
0.584 0.6408 1.0000
0.585 0.6448 1.0000
0.586 0.6475 1.0000
0.587 0.6496 1.0000
0.588 0.6526 1.0000
0.589 0.6544 1.0000
0.590 0.6555 1.0000
0.591 0.6586 1.0000
0.592 0.6617 1.0000
0.593 0.6647 1.0000
0.594 0.6661 1.0000
0.595 0.6670 1.0000
0.596 0.6707 1.0000
0.597 0.6752 1.0000
0.598 0.6764 1.0000
0.599 0.6775 1.0000
0.600 0.6781 1.0000
0.601 0.6821 1.0000
0.602 0.6862 1.0000
0.603 0.6859 1.0000
0.604 0.6888 1.0000
0.605 0.6915 1.0000
0.606 0.6925 1.0000
0.607 0.6948 1.0000
0.608 0.6962 1.0000
0.609 0.6994 1.0000
0.610 0.7005 1.0000
0.611 0.7028 1.0000
0.612 0.7037 1.0000
0.613 0.7068 1.0000
0.614 0.7082 1.0000
0.615 0.7098 1.0000
0.616 0.7124 1.0000
0.617 0.7144 1.0000
0.618 0.7163 1.0000
0.619 0.7160 1.0000
0.620 0.7193 1.0000
0.621 0.7212 1.0000
0.622 0.7232 1.0000
0.623 0.7246 1.0000
0.624 0.7274 1.0000
0.625 0.7290 1.0000
0.626 0.7302 1.0000
0.627 0.7319 1.0000
0.628 0.7333 1.0000
0.629 0.7339 1.0000
0.630 0.7362 1.0000
0.631 0.7383 1.0000
0.632 0.7388 1.0000
0.633 0.7407 1.0000
0.634 0.7423 1.0000
0.635 0.7430 1.0000
0.636 0.7466 1.0000
0.637 0.7486 1.0000
0.638 0.7494 1.0000
0.639 0.7506 1.0000
0.640 0.7527 1.0000
0.641 0.7546 1.0000
0.642 0.7545 1.0000
0.643 0.7568 1.0000
0.644 0.7593 1.0000
0.645 0.7604 1.0000
0.646 0.7627 1.0000
0.647 0.7624 1.0000
0.648 0.7641 1.0000
0.649 0.7648 1.0000
0.650 0.7666 1.0000
0.651 0.7693 1.0000
0.652 0.7699 1.0000
0.653 0.7707 1.0000
0.654 0.7725 1.0000
0.655 0.7731 1.0000
0.656 0.7754 1.0000
0.657 0.7771 1.0000
0.658 0.7788 1.0000
0.659 0.7802 1.0000
0.660 0.7806 1.0000
0.661 0.7816 1.0000
0.662 0.7827 1.0000
0.663 0.7846 1.0000
0.664 0.7859 1.0000
0.665 0.7885 1.0000
0.666 0.7884 1.0000
0.667 0.7901 1.0000
0.668 0.7908 1.0000
0.669 0.7924 1.0000
0.670 0.7934 1.0000
0.671 0.7953 1.0000
0.672 0.7960 1.0000
0.673 0.7977 1.0000
0.674 0.7980 1.0000
0.675 0.7986 1.0000
0.676 0.8009 1.0000
0.677 0.8023 1.0000
0.678 0.8025 1.0000
0.679 0.8046 1.0000
0.680 0.8056 1.0000
0.681 0.8071 1.0000
0.682 0.8089 1.0000
0.683 0.8086 1.0000
0.684 0.8108 1.0000
0.685 0.8113 1.0000
0.686 0.8126 1.0000
0.687 0.8128 1.0000
0.688 0.8149 1.0000
0.689 0.8162 1.0000
0.690 0.8174 1.0000
0.691 0.8172 1.0000
0.692 0.8185 1.0000
0.693 0.8201 1.0000
0.694 0.8209 1.0000
0.695 0.8215 1.0000
0.696 0.8227 1.0000
0.697 0.8242 1.0000
0.698 0.8250 1.0000
0.699 0.8264 1.0000
0.700 0.8274 1.0000
0.701 0.8284 1.0000
0.702 0.8290 1.0000
0.703 0.8303 1.0000
0.704 0.8321 1.0000
0.705 0.8329 1.0000
0.706 0.8327 1.0000
0.707 0.8342 1.0000
0.708 0.8357 1.0000
0.709 0.8363 1.0000
0.710 0.8372 1.0000
0.711 0.8383 1.0000
0.712 0.8391 1.0000
0.713 0.8400 1.0000
0.714 0.8412 1.0000
0.715 0.8411 1.0000
0.716 0.8431 1.0000
0.717 0.8444 1.0000
0.718 0.8455 1.0000
0.719 0.8457 1.0000
0.720 0.8464 1.0000
0.721 0.8466 1.0000
0.722 0.8498 1.0000
0.723 0.8503 1.0000
0.724 0.8504 1.0000
0.725 0.8514 1.0000
0.726 0.8531 1.0000
0.727 0.8528 1.0000
0.728 0.8537 1.0000
0.729 0.8554 1.0000
0.730 0.8554 1.0000
0.731 0.8566 1.0000
0.732 0.8571 1.0000
0.733 0.8575 1.0000
0.734 0.8591 1.0000
0.735 0.8597 1.0000
0.736 0.8610 1.0000
0.737 0.8615 1.0000
0.738 0.8625 1.0000
0.739 0.8639 1.0000
0.740 0.8646 1.0000
0.741 0.8647 1.0000
0.742 0.8662 1.0000
0.743 0.8669 1.0000
0.744 0.8675 1.0000
0.745 0.8681 1.0000
0.746 0.8684 1.0000
0.747 0.8701 1.0000
0.748 0.8709 1.0000
0.749 0.8716 1.0000
0.750 0.8723 1.0000
0.751 0.8735 1.0000
0.752 0.8740 1.0000
0.753 0.8739 1.0000
0.754 0.8751 1.0000
0.755 0.8762 1.0000
0.756 0.8776 1.0000
0.757 0.8775 1.0000
0.758 0.8786 1.0000
0.759 0.8795 1.0000
0.760 0.8810 1.0000
0.761 0.8806 1.0000
0.762 0.8817 1.0000
0.763 0.8821 1.0000
0.764 0.8830 1.0000
0.765 0.8839 1.0000
0.766 0.8846 1.0000
0.767 0.8854 1.0000
0.768 0.8865 1.0000
0.769 0.8867 1.0000
0.770 0.8873 1.0000
0.771 0.8882 1.0000
0.772 0.8887 1.0000
0.773 0.8892 1.0000
0.774 0.8905 1.0000
0.775 0.8919 1.0000
0.776 0.8926 1.0000
0.777 0.8930 1.0000
0.778 0.8934 1.0000
0.779 0.8932 1.0000
0.780 0.8948 1.0000
0.781 0.8958 1.0000
0.782 0.8958 1.0000
0.783 0.8970 1.0000
0.784 0.8973 1.0000
0.785 0.8983 1.0000
0.786 0.8985 1.0000
0.787 0.9002 1.0000
0.788 0.8996 1.0000
0.789 0.9004 1.0000
0.790 0.9018 1.0000
0.791 0.9024 1.0000
0.792 0.9027 1.0000
0.793 0.9031 1.0000
0.794 0.9041 1.0000
0.795 0.9050 1.0000
0.796 0.9054 1.0000
0.797 0.9062 1.0000
0.798 0.9070 1.0000
0.799 0.9075 1.0000
0.800 0.9085 1.0000
0.801 0.9088 1.0000
0.802 0.9100 1.0000
0.803 0.9096 1.0000
0.804 0.9103 1.0000
0.805 0.9114 1.0000
0.806 0.9112 1.0000
0.807 0.9125 1.0000
0.808 0.9137 1.0000
0.809 0.9134 1.0000
0.810 0.9145 1.0000
0.811 0.9153 1.0000
0.812 0.9153 1.0000
0.813 0.9169 1.0000
0.814 0.9172 1.0000
0.815 0.9173 1.0000
0.816 0.9175 1.0000
0.817 0.9187 1.0000
0.818 0.9195 1.0000
0.819 0.9194 1.0000
0.820 0.9203 1.0000
0.821 0.9210 1.0000
0.822 0.9213 1.0000
0.823 0.9220 1.0000
0.824 0.9227 1.0000
0.825 0.9234 1.0000
0.826 0.9237 1.0000
0.827 0.9241 1.0000
0.828 0.9248 1.0000
0.829 0.9258 1.0000
0.830 0.9264 1.0000
0.831 0.9271 1.0000
0.832 0.9276 1.0000
0.833 0.9285 1.0000
0.834 0.9282 1.0000
0.835 0.9285 1.0000
0.836 0.9290 1.0000
0.837 0.9306 1.0000
0.838 0.9306 1.0000
0.839 0.9312 1.0000
0.840 0.9320 1.0000
0.841 0.9322 1.0000
0.842 0.9328 1.0000
0.843 0.9331 1.0000
0.844 0.9339 1.0000
0.845 0.9352 1.0000
0.846 0.9353 1.0000
0.847 0.9356 1.0000
0.848 0.9360 1.0000
0.849 0.9366 1.0000
0.850 0.9366 1.0000
0.851 0.9379 1.0000
0.852 0.9382 1.0000
0.853 0.9386 1.0000
0.854 0.9390 1.0000
0.855 0.9395 1.0000
0.856 0.9403 1.0000
0.857 0.9411 1.0000
0.858 0.9414 1.0000
0.859 0.9417 1.0000
0.860 0.9421 1.0000
0.861 0.9427 1.0000
0.862 0.9435 1.0000
0.863 0.9435 1.0000
0.864 0.9444 1.0000
0.865 0.9445 1.0000
0.866 0.9452 1.0000
0.867 0.9452 1.0000
0.868 0.9466 1.0000
0.869 0.9465 1.0000
0.870 0.9474 1.0000
0.871 0.9478 1.0000
0.872 0.9479 1.0000
0.873 0.9489 1.0000
0.874 0.9490 1.0000
0.875 0.9494 1.0000
0.876 0.9499 1.0000
0.877 0.9508 1.0000
0.878 0.9518 1.0000
0.879 0.9520 1.0000
0.880 0.9523 1.0000
0.881 0.9529 1.0000
0.882 0.9534 1.0000
0.883 0.9538 1.0000
0.884 0.9544 1.0000
0.885 0.9543 1.0000
0.886 0.9553 1.0000
0.887 0.9560 1.0000
0.888 0.9556 1.0000
0.889 0.9565 1.0000
0.890 0.9570 1.0000
0.891 0.9572 1.0000
0.892 0.9579 1.0000
0.893 0.9580 1.0000
0.894 0.9590 1.0000
0.895 0.9593 1.0000
0.896 0.9597 1.0000
0.897 0.9603 1.0000
0.898 0.9604 1.0000
0.899 0.9612 1.0000
0.900 0.9616 1.0000
0.901 0.9620 1.0000
0.902 0.9623 1.0000
0.903 0.9628 1.0000
0.904 0.9630 1.0000
0.905 0.9636 1.0000
0.906 0.9642 1.0000
0.907 0.9645 1.0000
0.908 0.9650 1.0000
0.909 0.9657 1.0000
0.910 0.9660 1.0000
0.911 0.9657 1.0000
0.912 0.9671 1.0000
0.913 0.9672 1.0000
0.914 0.9677 1.0000
0.915 0.9680 1.0000
0.916 0.9688 1.0000
0.917 0.9689 1.0000
0.918 0.9692 1.0000
0.919 0.9697 1.0000
0.920 0.9702 1.0000
0.921 0.9705 1.0000
0.922 0.9707 1.0000
0.923 0.9714 1.0000
0.924 0.9718 1.0000
0.925 0.9721 1.0000
0.926 0.9721 1.0000
0.927 0.9729 1.0000
0.928 0.9731 1.0000
0.929 0.9735 1.0000
0.930 0.9740 1.0000
0.931 0.9746 1.0000
0.932 0.9752 1.0000
0.933 0.9754 1.0000
0.934 0.9761 1.0000
0.935 0.9762 1.0000
0.936 0.9764 1.0000
0.937 0.9769 1.0000
0.938 0.9774 1.0000
0.939 0.9780 1.0000
0.940 0.9784 1.0000
0.941 0.9786 1.0000
0.942 0.9789 1.0000
0.943 0.9796 1.0000
0.944 0.9796 1.0000
0.945 0.9802 1.0000
0.946 0.9806 1.0000
0.947 0.9811 1.0000
0.948 0.9814 1.0000
0.949 0.9819 1.0000
0.950 0.9821 1.0000
0.951 0.9825 1.0000
0.952 0.9829 1.0000
0.953 0.9831 1.0000
0.954 0.9837 1.0000
0.955 0.9840 1.0000
0.956 0.9844 1.0000
0.957 0.9846 1.0000
0.958 0.9850 1.0000
0.959 0.9856 1.0000
0.960 0.9859 1.0000
0.961 0.9863 1.0000
0.962 0.9867 1.0000
0.963 0.9870 1.0000
0.964 0.9873 1.0000
0.965 0.9876 1.0000
0.966 0.9881 1.0000
0.967 0.9885 1.0000
0.968 0.9889 1.0000
0.969 0.9892 1.0000
0.970 0.9894 1.0000
0.971 0.9899 1.0000
0.972 0.9904 1.0000
0.973 0.9906 1.0000
0.974 0.9909 1.0000
0.975 0.9913 1.0000
0.976 0.9917 1.0000
0.977 0.9922 1.0000
0.978 0.9923 1.0000
0.979 0.9928 1.0000
0.980 0.9930 1.0000
0.981 0.9936 1.0000
0.982 0.9940 1.0000
0.983 0.9941 1.0000
0.984 0.9945 1.0000
0.985 0.9949 1.0000
0.986 0.9953 1.0000
0.987 0.9956 1.0000
0.988 0.9959 1.0000
0.989 0.9963 1.0000
0.990 0.9965 1.0000
0.991 0.9969 1.0000
0.992 0.9973 1.0000
0.993 0.9978 1.0000
0.994 0.9980 1.0000
0.995 0.9983 1.0000
0.996 0.9987 1.0000
0.997 0.9990 1.0000
0.998 0.9993 1.0000
0.999 0.9997 1.0000
