-314 1
-313 0
-312 0
-311 0
-310 0
-309 0
-308 0
-307 0
-306 0
-305 0
-304 0
-303 0
-302 0
-301 0
-300 0
-299 0
-298 0
-297 0
-296 0
-295 0
-294 0
-293 0
-292 0
-291 0
-290 0
-289 0
-288 0
-287 0
-286 0
-285 0
-284 0
-283 0
-282 0
-281 0
-280 0
-279 0
-278 0
-277 0
-276 0
-275 0
-274 0
-273 0
-272 0
-271 0
-270 0
-269 0
-268 0
-267 1
-266 0
-265 0
-264 0
-263 0
-262 0
-261 0
-260 0
-259 0
-258 0
-257 0
-256 0
-255 0
-254 0
-253 0
-252 0
-251 1
-250 0
-249 0
-248 0
-247 0
-246 0
-245 1
-244 0
-243 0
-242 0
-241 0
-240 0
-239 0
-238 0
-237 0
-236 1
-235 0
-234 0
-233 0
-232 0
-231 0
-230 0
-229 0
-228 1
-227 0
-226 0
-225 1
-224 0
-223 2
-222 0
-221 0
-220 1
-219 0
-218 0
-217 0
-216 1
-215 1
-214 0
-213 1
-212 0
-211 0
-210 1
-209 1
-208 0
-207 0
-206 0
-205 1
-204 3
-203 3
-202 2
-201 0
-200 0
-199 2
-198 0
-197 1
-196 1
-195 0
-194 2
-193 3
-192 4
-191 3
-190 0
-189 0
-188 4
-187 1
-186 4
-185 0
-184 4
-183 4
-182 4
-181 4
-180 2
-179 6
-178 6
-177 7
-176 4
-175 5
-174 4
-173 5
-172 9
-171 9
-170 5
-169 5
-168 11
-167 8
-166 8
-165 7
-164 3
-163 8
-162 12
-161 7
-160 8
-159 8
-158 11
-157 11
-156 15
-155 14
-154 14
-153 17
-152 20
-151 15
-150 18
-149 21
-148 17
-147 26
-146 24
-145 26
-144 23
-143 32
-142 27
-141 43
-140 39
-139 40
-138 32
-137 40
-136 38
-135 45
-134 44
-133 50
-132 55
-131 61
-130 63
-129 51
-128 62
-127 60
-126 78
-125 78
-124 85
-123 87
-122 96
-121 81
-120 95
-119 112
-118 109
-117 126
-116 121
-115 131
-114 147
-113 165
-112 143
-111 175
-110 186
-109 217
-108 240
-107 193
-106 217
-105 281
-104 258
-103 290
-102 312
-101 307
-100 318
-99 353
-98 356
-97 431
-96 418
-95 511
-94 471
-93 527
-92 553
-91 588
-90 585
-89 617
-88 723
-87 737
-86 758
-85 880
-84 863
-83 922
-82 1022
-81 1039
-80 1108
-79 1183
-78 1279
-77 1295
-76 1442
-75 1556
-74 1606
-73 1830
-72 1843
-71 1930
-70 2096
-69 2296
-68 2492
-67 2490
-66 2849
-65 2998
-64 3232
-63 3273
-62 3601
-61 3909
-60 4067
-59 4460
-58 4638
-57 5126
-56 5563
-55 5908
-54 6287
-53 6764
-52 7035
-51 7867
-50 8220
-49 8872
-48 9843
-47 10341
-46 11213
-45 12205
-44 13142
-43 14206
-42 15226
-41 16483
-40 17656
-39 19518
-38 20792
-37 22803
-36 24731
-35 26616
-34 29044
-33 31438
-32 34734
-31 37977
-30 41388
-29 45479
-28 49698
-27 54359
-26 60176
-25 66132
-24 72781
-23 80892
-22 89472
-21 100215
-20 110776
-19 124290
-18 139928
-17 157936
-16 178934
-15 203699
-14 234079
-13 269122
-12 313469
-11 368212
-10 435048
-9 522608
-8 640907
-7 797255
-6 1017748
-5 1350291
-4 1886779
-3 2877886
-2 5136329
-1 12206990
0 68205284
1 913312636
2 74080570
3 8380535
4 3949478
5 2473404
6 1708956
7 1256489
8 962670
9 762517
10 617569
11 506463
12 424833
13 359403
14 307036
15 264629
16 230167
17 201504
18 176123
19 156349
20 138055
21 122992
22 109761
23 98668
24 88440
25 80117
26 71890
27 65557
28 59449
29 53917
30 48819
31 44956
32 40858
33 37389
34 34408
35 31745
36 28771
37 26242
38 24552
39 22691
40 20714
41 19097
42 17679
43 16459
44 15018
45 13883
46 12903
47 12070
48 11147
49 10284
50 9691
51 8969
52 8227
53 7703
54 7063
55 6748
56 6367
57 5803
58 5448
59 4934
60 4728
61 4392
62 4154
63 3803
64 3607
65 3348
66 3116
67 3036
68 2814
69 2623
70 2479
71 2369
72 2089
73 1972
74 1824
75 1732
76 1568
77 1551
78 1412
79 1324
80 1275
81 1240
82 1127
83 1011
84 970
85 913
86 875
87 802
88 743
89 727
90 679
91 630
92 604
93 551
94 592
95 523
96 455
97 458
98 416
99 394
100 385
101 362
102 338
103 327
104 337
105 257
106 275
107 243
108 247
109 226
110 219
111 210
112 175
113 166
114 165
115 144
116 159
117 146
118 130
119 110
120 120
121 100
122 114
123 95
124 86
125 86
126 92
127 73
128 86
129 83
130 66
131 59
132 52
133 62
134 60
135 46
136 42
137 49
138 41
139 41
140 29
141 48
142 24
143 39
144 21
145 26
146 26
147 21
148 22
149 19
150 17
151 27
152 26
153 16
154 13
155 14
156 11
157 21
158 16
159 8
160 14
161 12
162 21
163 5
164 7
165 11
166 5
167 5
168 9
169 9
170 7
171 8
172 12
173 12
174 11
175 3
176 1
177 1
178 8
179 6
180 2
181 4
182 3
183 1
184 1
185 1
186 0
187 4
188 2
189 2
190 1
191 2
192 3
193 0
194 1
195 1
196 2
197 0
198 2
199 2
200 1
201 2
202 2
203 0
204 1
205 1
206 1
207 1
208 2
209 0
210 0
211 1
212 1
213 1
214 2
215 2
216 1
217 0
218 0
219 0
220 1
221 0
222 0
223 0
224 0
225 0
226 0
227 0
228 1
229 1
230 1
231 1
232 1
233 0
234 0
235 0
236 0
237 0
238 0
239 0
240 0
241 0
242 0
243 0
244 0
245 0
246 0
247 0
248 0
249 0
250 0
251 0
252 0
253 0
254 0
255 0
256 0
257 1
258 0
259 1
