0 875732.0
1 20709.0
2 9278.0
3 5946.0
4 3943.0
5 2877.0
6 2159.0
7 1708.0
8 1320.0
9 1100.0
10 860.0
11 666.0
12 608.0
13 476.0
14 389.0
15 359.0
16 320.0
17 277.0
18 225.0
19 204.0
20 161.0
21 140.0
22 156.0
23 112.0
24 99.0
25 80.0
26 89.0
27 69.0
28 66.0
29 54.0
30 48.0
31 40.0
32 40.0
33 34.0
34 32.0
35 38.0
36 25.0
37 23.0
38 18.0
39 17.0
40 17.0
41 14.0
42 16.0
43 14.0
44 18.0
45 10.0
46 8.0
47 8.0
48 6.0
49 9.0
50 6.0
51 0.0
52 7.0
53 3.0
54 3.0
55 2.0
56 3.0
57 7.0
58 6.0
59 1.0
60 1.0
61 4.0
62 0.0
63 1.0
64 2.0
65 3.0
66 1.0
67 1.0
68 0.0
69 0.0
70 3.0
71 0.0
72 0.0
73 0.0
74 0.0
75 1.0
76 1.0
77 0.0
78 1.0
79 1.0
80 0.0
81 0.0
82 0.0
83 1.0
84 0.0
85 0.0
86 1.0
87 1.0
