0 0.1923
1 0.2355
2 0.2162
3 0.2131
4 0.2191
5 0.2246
6 0.2144
7 0.2299
8 0.2127
9 0.2009
10 0.2149
11 0.2132
12 0.2077
13 0.2123
14 0.2094
15 0.2234
16 0.223
17 0.2108
18 0.2241
19 0.2045
20 0.2101
21 0.2096
22 0.2069
23 0.2326
24 0.2182
25 0.2009
26 0.2202
27 0.1993
28 0.2148
29 0.1975
30 0.2322
31 0.1934
32 0.1992
33 0.1971
34 0.2052
35 0.2282
36 0.2168
37 0.2191
38 0.2046
39 0.2031
40 0.1985
41 0.2143
42 0.2092
43 0.2024
44 0.2224
45 0.2253
46 0.2143
47 0.1974
48 0.215
49 0.1808
50 0.2049
51 0.2293
52 0.2031
53 0.2071
54 0.1996
55 0.2345
56 0.2205
57 0.2096
58 0.2028
59 0.2085
60 0.2119
61 0.2213
62 0.2142
63 0.1977
64 0.1917
65 0.2128
66 0.2098
67 0.2061
68 0.2189
69 0.2008
70 0.1985
71 0.2112
72 0.2029
73 0.2251
74 0.2294
75 0.2042
76 0.2317
77 0.2025
78 0.1988
79 0.2127
80 0.188
81 0.2018
82 0.2082
83 0.2165
84 0.2154
85 0.2172
86 0.2105
87 0.223
88 0.2128
89 0.214
90 0.2081
91 0.1963
92 0.2161
93 0.2237
94 0.2275
95 0.2096
96 0.2192
97 0.2129
98 0.1901
99 0.2179
100 0.202
101 0.2335
102 0.1948
103 0.1879
104 0.1872
105 0.2159
106 0.1828
107 0.2037
108 0.2337
109 0.2322
110 0.2032
