0 0.5295
1 0.5403
2 0.521
3 0.5444
4 0.5432
5 0.5337
6 0.5462
7 0.5287
8 0.5273
9 0.5468
10 0.532
11 0.5334
12 0.5213
13 0.528
14 0.5306
15 0.5363
16 0.5469
17 0.5256
18 0.5317
19 0.534
20 0.5376
21 0.5339
22 0.5226
23 0.5066
24 0.5347
25 0.509
26 0.5305
27 0.53
28 0.5221
29 0.5261
30 0.5297
31 0.544
32 0.5158
33 0.5348
34 0.5395
35 0.5316
36 0.5309
37 0.5126
38 0.5183
39 0.5295
40 0.5311
41 0.5137
42 0.5356
43 0.54
44 0.5412
45 0.5148
46 0.5524
47 0.5411
48 0.5593
49 0.5001
50 0.531
51 0.5382
52 0.5043
53 0.5528
54 0.5115
55 0.5298
56 0.5356
57 0.5308
58 0.5457
59 0.5431
60 0.5397
61 0.5483
62 0.5238
63 0.5371
64 0.5518
65 0.5222
66 0.5273
67 0.5239
68 0.533
69 0.512
70 0.5303
71 0.533
72 0.5184
73 0.5386
74 0.513
75 0.5221
76 0.5281
77 0.5506
78 0.5256
79 0.5234
80 0.535
81 0.541
82 0.5346
83 0.5321
84 0.5197
85 0.5122
86 0.5424
87 0.5329
88 0.5469
89 0.5185
90 0.5154
91 0.5295
92 0.5237
93 0.5296
94 0.5232
95 0.5203
96 0.5273
97 0.5244
98 0.5282
99 0.5213
100 0.5486
101 0.5318
102 0.5206
103 0.5391
104 0.5366
105 0.5224
106 0.5394
107 0.5281
108 0.5417
109 0.5308
110 0.534
