-2890 1
-2889 0
-2888 0
-2887 0
-2886 0
-2885 0
-2884 0
-2883 0
-2882 0
-2881 0
-2880 0
-2879 0
-2878 0
-2877 0
-2876 0
-2875 0
-2874 0
-2873 0
-2872 0
-2871 0
-2870 0
-2869 0
-2868 0
-2867 0
-2866 0
-2865 0
-2864 0
-2863 0
-2862 0
-2861 0
-2860 0
-2859 0
-2858 0
-2857 0
-2856 0
-2855 0
-2854 0
-2853 0
-2852 0
-2851 0
-2850 0
-2849 0
-2848 0
-2847 0
-2846 0
-2845 0
-2844 0
-2843 0
-2842 0
-2841 0
-2840 0
-2839 0
-2838 0
-2837 0
-2836 0
-2835 0
-2834 0
-2833 0
-2832 0
-2831 0
-2830 0
-2829 0
-2828 0
-2827 0
-2826 0
-2825 0
-2824 0
-2823 0
-2822 0
-2821 0
-2820 0
-2819 0
-2818 0
-2817 0
-2816 0
-2815 0
-2814 0
-2813 0
-2812 0
-2811 0
-2810 0
-2809 0
-2808 0
-2807 0
-2806 0
-2805 0
-2804 0
-2803 0
-2802 0
-2801 0
-2800 0
-2799 0
-2798 0
-2797 0
-2796 0
-2795 0
-2794 0
-2793 0
-2792 0
-2791 0
-2790 0
-2789 0
-2788 0
-2787 0
-2786 0
-2785 0
-2784 0
-2783 0
-2782 0
-2781 0
-2780 0
-2779 0
-2778 0
-2777 0
-2776 0
-2775 0
-2774 0
-2773 0
-2772 0
-2771 0
-2770 0
-2769 0
-2768 0
-2767 0
-2766 0
-2765 0
-2764 0
-2763 0
-2762 0
-2761 0
-2760 0
-2759 0
-2758 0
-2757 0
-2756 0
-2755 0
-2754 0
-2753 0
-2752 0
-2751 0
-2750 0
-2749 0
-2748 0
-2747 0
-2746 0
-2745 0
-2744 0
-2743 0
-2742 0
-2741 0
-2740 0
-2739 0
-2738 0
-2737 0
-2736 0
-2735 0
-2734 0
-2733 0
-2732 0
-2731 0
-2730 0
-2729 0
-2728 0
-2727 0
-2726 0
-2725 0
-2724 0
-2723 0
-2722 0
-2721 0
-2720 0
-2719 0
-2718 0
-2717 0
-2716 0
-2715 0
-2714 0
-2713 0
-2712 0
-2711 0
-2710 0
-2709 0
-2708 0
-2707 0
-2706 0
-2705 0
-2704 0
-2703 0
-2702 0
-2701 0
-2700 0
-2699 0
-2698 0
-2697 0
-2696 0
-2695 0
-2694 0
-2693 0
-2692 0
-2691 0
-2690 0
-2689 0
-2688 0
-2687 0
-2686 0
-2685 0
-2684 0
-2683 0
-2682 0
-2681 0
-2680 0
-2679 0
-2678 0
-2677 0
-2676 0
-2675 0
-2674 0
-2673 0
-2672 0
-2671 0
-2670 0
-2669 0
-2668 0
-2667 0
-2666 0
-2665 0
-2664 0
-2663 0
-2662 0
-2661 0
-2660 0
-2659 0
-2658 0
-2657 0
-2656 0
-2655 0
-2654 0
-2653 0
-2652 0
-2651 0
-2650 0
-2649 0
-2648 0
-2647 0
-2646 0
-2645 0
-2644 0
-2643 0
-2642 0
-2641 0
-2640 0
-2639 0
-2638 0
-2637 0
-2636 0
-2635 0
-2634 0
-2633 0
-2632 0
-2631 0
-2630 0
-2629 0
-2628 0
-2627 0
-2626 0
-2625 0
-2624 0
-2623 0
-2622 0
-2621 0
-2620 0
-2619 0
-2618 0
-2617 0
-2616 0
-2615 0
-2614 0
-2613 0
-2612 0
-2611 0
-2610 0
-2609 0
-2608 0
-2607 0
-2606 0
-2605 0
-2604 0
-2603 0
-2602 0
-2601 0
-2600 0
-2599 0
-2598 0
-2597 0
-2596 0
-2595 0
-2594 0
-2593 0
-2592 0
-2591 0
-2590 0
-2589 0
-2588 0
-2587 0
-2586 0
-2585 0
-2584 0
-2583 0
-2582 0
-2581 0
-2580 0
-2579 0
-2578 0
-2577 0
-2576 0
-2575 0
-2574 0
-2573 0
-2572 0
-2571 0
-2570 0
-2569 0
-2568 0
-2567 0
-2566 0
-2565 0
-2564 0
-2563 0
-2562 0
-2561 0
-2560 0
-2559 0
-2558 0
-2557 0
-2556 0
-2555 0
-2554 0
-2553 0
-2552 0
-2551 0
-2550 0
-2549 0
-2548 0
-2547 0
-2546 0
-2545 0
-2544 0
-2543 0
-2542 0
-2541 0
-2540 0
-2539 0
-2538 0
-2537 0
-2536 0
-2535 0
-2534 0
-2533 0
-2532 0
-2531 0
-2530 0
-2529 0
-2528 0
-2527 0
-2526 0
-2525 0
-2524 0
-2523 0
-2522 0
-2521 1
-2520 0
-2519 1
-2518 0
-2517 0
-2516 0
-2515 0
-2514 0
-2513 1
-2512 0
-2511 0
-2510 1
-2509 0
-2508 0
-2507 0
-2506 0
-2505 0
-2504 0
-2503 0
-2502 0
-2501 0
-2500 0
-2499 0
-2498 0
-2497 0
-2496 0
-2495 0
-2494 0
-2493 0
-2492 0
-2491 0
-2490 0
-2489 0
-2488 0
-2487 0
-2486 0
-2485 0
-2484 0
-2483 0
-2482 0
-2481 0
-2480 0
-2479 0
-2478 0
-2477 1
-2476 0
-2475 0
-2474 0
-2473 0
-2472 0
-2471 0
-2470 0
-2469 0
-2468 0
-2467 0
-2466 0
-2465 1
-2464 0
-2463 0
-2462 0
-2461 1
-2460 0
-2459 0
-2458 0
-2457 0
-2456 0
-2455 0
-2454 1
-2453 0
-2452 0
-2451 0
-2450 0
-2449 0
-2448 0
-2447 0
-2446 0
-2445 0
-2444 0
-2443 0
-2442 0
-2441 0
-2440 0
-2439 0
-2438 0
-2437 0
-2436 0
-2435 0
-2434 0
-2433 1
-2432 0
-2431 0
-2430 0
-2429 0
-2428 0
-2427 1
-2426 1
-2425 0
-2424 0
-2423 1
-2422 0
-2421 2
-2420 0
-2419 0
-2418 1
-2417 1
-2416 0
-2415 0
-2414 0
-2413 0
-2412 1
-2411 0
-2410 0
-2409 0
-2408 2
-2407 1
-2406 0
-2405 0
-2404 0
-2403 0
-2402 2
-2401 0
-2400 0
-2399 1
-2398 2
-2397 0
-2396 0
-2395 2
-2394 0
-2393 1
-2392 0
-2391 0
-2390 0
-2389 0
-2388 0
-2387 0
-2386 0
-2385 0
-2384 0
-2383 1
-2382 0
-2381 0
-2380 3
-2379 1
-2378 1
-2377 3
-2376 0
-2375 0
-2374 1
-2373 2
-2372 0
-2371 0
-2370 0
-2369 0
-2368 1
-2367 0
-2366 0
-2365 3
-2364 1
-2363 0
-2362 0
-2361 2
-2360 1
-2359 2
-2358 0
-2357 1
-2356 2
-2355 2
-2354 1
-2353 0
-2352 1
-2351 1
-2350 1
-2349 1
-2348 0
-2347 2
-2346 2
-2345 3
-2344 2
-2343 1
-2342 2
-2341 0
-2340 0
-2339 2
-2338 3
-2337 3
-2336 2
-2335 4
-2334 2
-2333 1
-2332 2
-2331 1
-2330 0
-2329 3
-2328 1
-2327 3
-2326 0
-2325 2
-2324 2
-2323 1
-2322 0
-2321 0
-2320 2
-2319 8
-2318 4
-2317 0
-2316 2
-2315 3
-2314 0
-2313 3
-2312 0
-2311 6
-2310 1
-2309 3
-2308 3
-2307 1
-2306 3
-2305 6
-2304 3
-2303 2
-2302 8
-2301 1
-2300 5
-2299 3
-2298 4
-2297 1
-2296 1
-2295 3
-2294 2
-2293 4
-2292 5
-2291 4
-2290 0
-2289 3
-2288 4
-2287 4
-2286 3
-2285 3
-2284 7
-2283 4
-2282 2
-2281 4
-2280 1
-2279 6
-2278 6
-2277 2
-2276 6
-2275 4
-2274 9
-2273 3
-2272 9
-2271 5
-2270 3
-2269 5
-2268 2
-2267 3
-2266 4
-2265 5
-2264 4
-2263 7
-2262 6
-2261 6
-2260 4
-2259 7
-2258 4
-2257 9
-2256 4
-2255 3
-2254 5
-2253 6
-2252 3
-2251 7
-2250 2
-2249 2
-2248 4
-2247 9
-2246 5
-2245 9
-2244 9
-2243 9
-2242 2
-2241 4
-2240 6
-2239 11
-2238 8
-2237 8
-2236 3
-2235 9
-2234 7
-2233 4
-2232 7
-2231 2
-2230 7
-2229 8
-2228 10
-2227 6
-2226 6
-2225 6
-2224 11
-2223 5
-2222 7
-2221 8
-2220 11
-2219 9
-2218 11
-2217 5
-2216 10
-2215 3
-2214 12
-2213 7
-2212 12
-2211 11
-2210 8
-2209 7
-2208 10
-2207 14
-2206 5
-2205 8
-2204 12
-2203 11
-2202 9
-2201 11
-2200 7
-2199 8
-2198 7
-2197 12
-2196 13
-2195 20
-2194 11
-2193 6
-2192 5
-2191 11
-2190 9
-2189 8
-2188 11
-2187 11
-2186 12
-2185 13
-2184 11
-2183 15
-2182 11
-2181 12
-2180 14
-2179 9
-2178 7
-2177 13
-2176 13
-2175 7
-2174 10
-2173 21
-2172 16
-2171 13
-2170 14
-2169 10
-2168 15
-2167 14
-2166 16
-2165 16
-2164 19
-2163 16
-2162 13
-2161 14
-2160 16
-2159 14
-2158 18
-2157 12
-2156 23
-2155 14
-2154 21
-2153 13
-2152 24
-2151 13
-2150 11
-2149 11
-2148 12
-2147 23
-2146 12
-2145 22
-2144 16
-2143 22
-2142 16
-2141 10
-2140 12
-2139 10
-2138 11
-2137 19
-2136 15
-2135 17
-2134 19
-2133 15
-2132 17
-2131 24
-2130 20
-2129 17
-2128 18
-2127 15
-2126 10
-2125 30
-2124 18
-2123 22
-2122 15
-2121 10
-2120 21
-2119 15
-2118 20
-2117 31
-2116 16
-2115 20
-2114 17
-2113 18
-2112 25
-2111 14
-2110 10
-2109 25
-2108 21
-2107 19
-2106 27
-2105 23
-2104 24
-2103 23
-2102 20
-2101 25
-2100 21
-2099 15
-2098 23
-2097 25
-2096 26
-2095 30
-2094 31
-2093 29
-2092 26
-2091 22
-2090 28
-2089 24
-2088 23
-2087 29
-2086 29
-2085 27
-2084 25
-2083 20
-2082 24
-2081 27
-2080 30
-2079 29
-2078 17
-2077 25
-2076 25
-2075 31
-2074 22
-2073 30
-2072 34
-2071 34
-2070 28
-2069 22
-2068 32
-2067 31
-2066 25
-2065 34
-2064 27
-2063 37
-2062 25
-2061 27
-2060 32
-2059 26
-2058 27
-2057 35
-2056 29
-2055 29
-2054 26
-2053 34
-2052 30
-2051 36
-2050 30
-2049 27
-2048 36
-2047 16
-2046 30
-2045 26
-2044 38
-2043 35
-2042 32
-2041 29
-2040 26
-2039 34
-2038 22
-2037 31
-2036 33
-2035 45
-2034 30
-2033 31
-2032 40
-2031 27
-2030 29
-2029 31
-2028 25
-2027 34
-2026 41
-2025 27
-2024 38
-2023 30
-2022 45
-2021 34
-2020 40
-2019 38
-2018 31
-2017 33
-2016 45
-2015 29
-2014 49
-2013 48
-2012 30
-2011 24
-2010 36
-2009 39
-2008 30
-2007 40
-2006 47
-2005 39
-2004 46
-2003 42
-2002 39
-2001 38
-2000 40
-1999 41
-1998 40
-1997 36
-1996 47
-1995 47
-1994 42
-1993 42
-1992 45
-1991 35
-1990 46
-1989 33
-1988 48
-1987 49
-1986 43
-1985 62
-1984 45
-1983 44
-1982 43
-1981 48
-1980 47
-1979 57
-1978 46
-1977 56
-1976 37
-1975 57
-1974 52
-1973 46
-1972 50
-1971 50
-1970 31
-1969 39
-1968 56
-1967 47
-1966 53
-1965 42
-1964 48
-1963 47
-1962 64
-1961 49
-1960 67
-1959 38
-1958 48
-1957 54
-1956 67
-1955 53
-1954 52
-1953 65
-1952 58
-1951 48
-1950 54
-1949 65
-1948 51
-1947 32
-1946 64
-1945 39
-1944 57
-1943 56
-1942 51
-1941 37
-1940 52
-1939 59
-1938 46
-1937 62
-1936 57
-1935 48
-1934 64
-1933 66
-1932 60
-1931 61
-1930 59
-1929 53
-1928 74
-1927 65
-1926 52
-1925 56
-1924 64
-1923 58
-1922 64
-1921 55
-1920 57
-1919 69
-1918 74
-1917 54
-1916 64
-1915 59
-1914 56
-1913 62
-1912 56
-1911 50
-1910 75
-1909 52
-1908 66
-1907 58
-1906 72
-1905 73
-1904 58
-1903 80
-1902 74
-1901 55
-1900 72
-1899 79
-1898 64
-1897 67
-1896 63
-1895 64
-1894 72
-1893 55
-1892 63
-1891 64
-1890 62
-1889 52
-1888 72
-1887 53
-1886 61
-1885 69
-1884 62
-1883 72
-1882 52
-1881 69
-1880 64
-1879 57
-1878 69
-1877 76
-1876 69
-1875 78
-1874 71
-1873 61
-1872 71
-1871 69
-1870 64
-1869 67
-1868 68
-1867 69
-1866 68
-1865 85
-1864 69
-1863 82
-1862 85
-1861 81
-1860 67
-1859 75
-1858 75
-1857 72
-1856 69
-1855 76
-1854 73
-1853 85
-1852 62
-1851 78
-1850 84
-1849 65
-1848 90
-1847 81
-1846 86
-1845 83
-1844 81
-1843 84
-1842 84
-1841 97
-1840 96
-1839 85
-1838 84
-1837 70
-1836 65
-1835 83
-1834 82
-1833 94
-1832 90
-1831 80
-1830 87
-1829 77
-1828 74
-1827 85
-1826 90
-1825 77
-1824 83
-1823 86
-1822 87
-1821 89
-1820 94
-1819 82
-1818 89
-1817 68
-1816 92
-1815 91
-1814 95
-1813 96
-1812 87
-1811 112
-1810 73
-1809 95
-1808 91
-1807 84
-1806 80
-1805 76
-1804 80
-1803 84
-1802 86
-1801 107
-1800 86
-1799 83
-1798 90
-1797 82
-1796 85
-1795 99
-1794 87
-1793 95
-1792 91
-1791 100
-1790 86
-1789 85
-1788 106
-1787 94
-1786 99
-1785 85
-1784 112
-1783 88
-1782 87
-1781 104
-1780 100
-1779 104
-1778 91
-1777 108
-1776 102
-1775 115
-1774 106
-1773 90
-1772 97
-1771 95
-1770 78
-1769 78
-1768 108
-1767 111
-1766 105
-1765 103
-1764 104
-1763 114
-1762 91
-1761 95
-1760 97
-1759 88
-1758 87
-1757 110
-1756 96
-1755 105
-1754 94
-1753 100
-1752 99
-1751 103
-1750 113
-1749 105
-1748 121
-1747 105
-1746 107
-1745 124
-1744 104
-1743 103
-1742 125
-1741 95
-1740 117
-1739 107
-1738 113
-1737 112
-1736 120
-1735 91
-1734 101
-1733 89
-1732 107
-1731 101
-1730 111
-1729 128
-1728 115
-1727 103
-1726 127
-1725 102
-1724 108
-1723 99
-1722 104
-1721 128
-1720 122
-1719 112
-1718 109
-1717 117
-1716 121
-1715 119
-1714 98
-1713 117
-1712 143
-1711 119
-1710 111
-1709 116
-1708 132
-1707 107
-1706 99
-1705 119
-1704 109
-1703 110
-1702 117
-1701 131
-1700 126
-1699 140
-1698 107
-1697 131
-1696 105
-1695 134
-1694 127
-1693 130
-1692 125
-1691 127
-1690 111
-1689 120
-1688 117
-1687 111
-1686 121
-1685 140
-1684 125
-1683 142
-1682 110
-1681 148
-1680 137
-1679 141
-1678 112
-1677 131
-1676 128
-1675 107
-1674 135
-1673 145
-1672 119
-1671 135
-1670 115
-1669 110
-1668 130
-1667 144
-1666 141
-1665 130
-1664 125
-1663 161
-1662 119
-1661 134
-1660 145
-1659 140
-1658 131
-1657 128
-1656 129
-1655 134
-1654 156
-1653 151
-1652 136
-1651 127
-1650 147
-1649 138
-1648 138
-1647 157
-1646 134
-1645 148
-1644 166
-1643 149
-1642 150
-1641 142
-1640 144
-1639 129
-1638 123
-1637 153
-1636 152
-1635 137
-1634 150
-1633 161
-1632 144
-1631 132
-1630 135
-1629 132
-1628 134
-1627 136
-1626 159
-1625 124
-1624 131
-1623 150
-1622 124
-1621 147
-1620 166
-1619 133
-1618 144
-1617 141
-1616 164
-1615 151
-1614 140
-1613 143
-1612 153
-1611 156
-1610 160
-1609 141
-1608 171
-1607 146
-1606 158
-1605 143
-1604 168
-1603 152
-1602 163
-1601 156
-1600 174
-1599 146
-1598 134
-1597 155
-1596 156
-1595 149
-1594 152
-1593 151
-1592 169
-1591 163
-1590 154
-1589 154
-1588 145
-1587 140
-1586 176
-1585 155
-1584 173
-1583 166
-1582 138
-1581 154
-1580 158
-1579 175
-1578 164
-1577 148
-1576 151
-1575 153
-1574 149
-1573 171
-1572 162
-1571 148
-1570 152
-1569 138
-1568 153
-1567 170
-1566 183
-1565 172
-1564 162
-1563 155
-1562 162
-1561 160
-1560 181
-1559 156
-1558 172
-1557 188
-1556 169
-1555 171
-1554 193
-1553 157
-1552 182
-1551 149
-1550 183
-1549 166
-1548 165
-1547 176
-1546 156
-1545 170
-1544 162
-1543 194
-1542 178
-1541 167
-1540 170
-1539 187
-1538 170
-1537 159
-1536 175
-1535 182
-1534 182
-1533 186
-1532 158
-1531 172
-1530 165
-1529 173
-1528 182
-1527 190
-1526 201
-1525 187
-1524 170
-1523 199
-1522 182
-1521 199
-1520 179
-1519 158
-1518 174
-1517 195
-1516 186
-1515 158
-1514 194
-1513 182
-1512 179
-1511 232
-1510 161
-1509 156
-1508 182
-1507 188
-1506 185
-1505 195
-1504 231
-1503 187
-1502 209
-1501 162
-1500 204
-1499 189
-1498 191
-1497 167
-1496 190
-1495 181
-1494 188
-1493 200
-1492 197
-1491 186
-1490 209
-1489 180
-1488 207
-1487 181
-1486 185
-1485 196
-1484 198
-1483 187
-1482 200
-1481 187
-1480 197
-1479 186
-1478 170
-1477 192
-1476 165
-1475 179
-1474 193
-1473 181
-1472 194
-1471 190
-1470 179
-1469 188
-1468 200
-1467 208
-1466 189
-1465 201
-1464 229
-1463 215
-1462 202
-1461 195
-1460 196
-1459 210
-1458 220
-1457 201
-1456 216
-1455 205
-1454 193
-1453 194
-1452 216
-1451 223
-1450 216
-1449 225
-1448 200
-1447 231
-1446 232
-1445 214
-1444 194
-1443 219
-1442 195
-1441 208
-1440 204
-1439 204
-1438 210
-1437 206
-1436 217
-1435 225
-1434 216
-1433 222
-1432 186
-1431 209
-1430 209
-1429 228
-1428 237
-1427 221
-1426 222
-1425 234
-1424 209
-1423 217
-1422 211
-1421 207
-1420 227
-1419 233
-1418 220
-1417 215
-1416 205
-1415 190
-1414 224
-1413 244
-1412 258
-1411 231
-1410 234
-1409 220
-1408 221
-1407 228
-1406 221
-1405 229
-1404 229
-1403 224
-1402 231
-1401 231
-1400 251
-1399 213
-1398 233
-1397 249
-1396 232
-1395 241
-1394 204
-1393 212
-1392 208
-1391 229
-1390 230
-1389 210
-1388 240
-1387 234
-1386 204
-1385 231
-1384 257
-1383 266
-1382 254
-1381 227
-1380 247
-1379 238
-1378 217
-1377 241
-1376 238
-1375 226
-1374 234
-1373 252
-1372 241
-1371 227
-1370 235
-1369 241
-1368 262
-1367 256
-1366 249
-1365 275
-1364 247
-1363 200
-1362 234
-1361 248
-1360 254
-1359 236
-1358 227
-1357 240
-1356 241
-1355 233
-1354 229
-1353 230
-1352 282
-1351 251
-1350 247
-1349 268
-1348 267
-1347 227
-1346 260
-1345 235
-1344 249
-1343 221
-1342 243
-1341 252
-1340 246
-1339 253
-1338 259
-1337 276
-1336 280
-1335 270
-1334 285
-1333 248
-1332 250
-1331 288
-1330 259
-1329 260
-1328 254
-1327 255
-1326 262
-1325 256
-1324 254
-1323 260
-1322 289
-1321 260
-1320 263
-1319 259
-1318 259
-1317 279
-1316 285
-1315 273
-1314 262
-1313 267
-1312 269
-1311 271
-1310 276
-1309 277
-1308 274
-1307 255
-1306 243
-1305 261
-1304 261
-1303 305
-1302 265
-1301 281
-1300 272
-1299 265
-1298 287
-1297 267
-1296 281
-1295 305
-1294 264
-1293 276
-1292 257
-1291 275
-1290 281
-1289 287
-1288 289
-1287 307
-1286 249
-1285 296
-1284 272
-1283 252
-1282 297
-1281 298
-1280 283
-1279 294
-1278 277
-1277 318
-1276 307
-1275 275
-1274 283
-1273 292
-1272 266
-1271 288
-1270 292
-1269 314
-1268 292
-1267 327
-1266 297
-1265 301
-1264 285
-1263 265
-1262 280
-1261 308
-1260 296
-1259 292
-1258 276
-1257 309
-1256 297
-1255 304
-1254 318
-1253 252
-1252 320
-1251 308
-1250 289
-1249 294
-1248 339
-1247 292
-1246 317
-1245 307
-1244 314
-1243 320
-1242 279
-1241 280
-1240 302
-1239 307
-1238 295
-1237 302
-1236 339
-1235 314
-1234 321
-1233 322
-1232 349
-1231 313
-1230 312
-1229 302
-1228 311
-1227 325
-1226 297
-1225 312
-1224 320
-1223 326
-1222 325
-1221 314
-1220 299
-1219 326
-1218 315
-1217 367
-1216 335
-1215 269
-1214 335
-1213 278
-1212 361
-1211 322
-1210 309
-1209 299
-1208 325
-1207 332
-1206 346
-1205 334
-1204 344
-1203 309
-1202 337
-1201 346
-1200 310
-1199 330
-1198 322
-1197 344
-1196 330
-1195 312
-1194 356
-1193 336
-1192 362
-1191 320
-1190 324
-1189 355
-1188 321
-1187 343
-1186 342
-1185 318
-1184 328
-1183 334
-1182 296
-1181 336
-1180 328
-1179 321
-1178 356
-1177 350
-1176 326
-1175 362
-1174 350
-1173 377
-1172 329
-1171 364
-1170 387
-1169 339
-1168 377
-1167 307
-1166 347
-1165 326
-1164 346
-1163 359
-1162 362
-1161 331
-1160 350
-1159 346
-1158 337
-1157 333
-1156 349
-1155 355
-1154 353
-1153 330
-1152 353
-1151 353
-1150 335
-1149 362
-1148 380
-1147 372
-1146 360
-1145 385
-1144 375
-1143 369
-1142 321
-1141 418
-1140 378
-1139 341
-1138 387
-1137 352
-1136 370
-1135 378
-1134 384
-1133 395
-1132 385
-1131 330
-1130 352
-1129 371
-1128 361
-1127 370
-1126 365
-1125 387
-1124 362
-1123 361
-1122 431
-1121 385
-1120 377
-1119 370
-1118 378
-1117 391
-1116 379
-1115 387
-1114 398
-1113 393
-1112 367
-1111 383
-1110 394
-1109 397
-1108 377
-1107 392
-1106 397
-1105 386
-1104 411
-1103 376
-1102 409
-1101 397
-1100 414
-1099 370
-1098 398
-1097 368
-1096 416
-1095 405
-1094 364
-1093 395
-1092 371
-1091 417
-1090 413
-1089 388
-1088 431
-1087 393
-1086 395
-1085 360
-1084 422
-1083 378
-1082 401
-1081 429
-1080 418
-1079 394
-1078 391
-1077 395
-1076 423
-1075 424
-1074 435
-1073 358
-1072 414
-1071 428
-1070 428
-1069 423
-1068 407
-1067 458
-1066 423
-1065 395
-1064 416
-1063 409
-1062 408
-1061 447
-1060 439
-1059 428
-1058 401
-1057 417
-1056 410
-1055 414
-1054 427
-1053 426
-1052 409
-1051 470
-1050 472
-1049 391
-1048 435
-1047 447
-1046 406
-1045 425
-1044 436
-1043 409
-1042 438
-1041 406
-1040 436
-1039 429
-1038 429
-1037 431
-1036 450
-1035 453
-1034 407
-1033 456
-1032 443
-1031 472
-1030 426
-1029 434
-1028 458
-1027 449
-1026 454
-1025 452
-1024 414
-1023 499
-1022 473
-1021 461
-1020 465
-1019 426
-1018 473
-1017 470
-1016 466
-1015 473
-1014 415
-1013 474
-1012 465
-1011 467
-1010 482
-1009 446
-1008 438
-1007 462
-1006 468
-1005 472
-1004 484
-1003 469
-1002 482
-1001 512
-1000 467
-999 457
-998 511
-997 473
-996 464
-995 449
-994 505
-993 438
-992 473
-991 467
-990 486
-989 489
-988 511
-987 455
-986 486
-985 526
-984 515
-983 515
-982 508
-981 480
-980 491
-979 503
-978 477
-977 472
-976 454
-975 488
-974 477
-973 496
-972 508
-971 494
-970 507
-969 469
-968 511
-967 525
-966 519
-965 529
-964 484
-963 505
-962 523
-961 492
-960 494
-959 540
-958 504
-957 517
-956 555
-955 510
-954 540
-953 506
-952 513
-951 514
-950 506
-949 542
-948 533
-947 522
-946 528
-945 529
-944 536
-943 512
-942 531
-941 494
-940 561
-939 563
-938 508
-937 562
-936 552
-935 526
-934 578
-933 551
-932 563
-931 537
-930 538
-929 555
-928 595
-927 536
-926 588
-925 499
-924 527
-923 547
-922 572
-921 550
-920 518
-919 550
-918 570
-917 539
-916 526
-915 540
-914 563
-913 558
-912 551
-911 554
-910 564
-909 544
-908 556
-907 577
-906 569
-905 576
-904 584
-903 554
-902 585
-901 514
-900 570
-899 553
-898 587
-897 585
-896 579
-895 599
-894 568
-893 632
-892 607
-891 580
-890 599
-889 583
-888 604
-887 581
-886 628
-885 615
-884 620
-883 618
-882 585
-881 612
-880 626
-879 587
-878 616
-877 609
-876 561
-875 588
-874 651
-873 561
-872 568
-871 648
-870 612
-869 610
-868 598
-867 641
-866 584
-865 640
-864 608
-863 603
-862 667
-861 596
-860 611
-859 663
-858 635
-857 627
-856 598
-855 650
-854 669
-853 613
-852 620
-851 638
-850 663
-849 657
-848 663
-847 625
-846 665
-845 626
-844 702
-843 619
-842 666
-841 602
-840 661
-839 686
-838 630
-837 670
-836 723
-835 583
-834 660
-833 650
-832 649
-831 675
-830 674
-829 679
-828 695
-827 642
-826 694
-825 700
-824 703
-823 684
-822 717
-821 668
-820 698
-819 639
-818 708
-817 654
-816 680
-815 678
-814 699
-813 719
-812 652
-811 698
-810 681
-809 683
-808 656
-807 686
-806 681
-805 730
-804 712
-803 676
-802 744
-801 749
-800 694
-799 722
-798 713
-797 728
-796 681
-795 710
-794 734
-793 678
-792 710
-791 693
-790 695
-789 721
-788 713
-787 697
-786 723
-785 767
-784 743
-783 693
-782 758
-781 754
-780 749
-779 732
-778 780
-777 738
-776 709
-775 788
-774 751
-773 760
-772 732
-771 835
-770 755
-769 782
-768 795
-767 760
-766 730
-765 757
-764 798
-763 732
-762 774
-761 781
-760 773
-759 764
-758 753
-757 735
-756 764
-755 793
-754 757
-753 836
-752 759
-751 811
-750 837
-749 813
-748 851
-747 769
-746 799
-745 814
-744 831
-743 812
-742 805
-741 793
-740 783
-739 783
-738 839
-737 842
-736 804
-735 824
-734 746
-733 806
-732 807
-731 796
-730 803
-729 823
-728 826
-727 851
-726 837
-725 824
-724 849
-723 794
-722 802
-721 819
-720 865
-719 823
-718 793
-717 787
-716 860
-715 852
-714 821
-713 824
-712 848
-711 848
-710 833
-709 946
-708 880
-707 869
-706 851
-705 928
-704 862
-703 841
-702 835
-701 824
-700 857
-699 883
-698 857
-697 874
-696 914
-695 861
-694 882
-693 926
-692 910
-691 871
-690 861
-689 884
-688 909
-687 945
-686 930
-685 945
-684 938
-683 914
-682 990
-681 938
-680 948
-679 916
-678 912
-677 949
-676 935
-675 917
-674 888
-673 980
-672 908
-671 900
-670 920
-669 896
-668 1003
-667 979
-666 890
-665 958
-664 953
-663 984
-662 982
-661 992
-660 982
-659 990
-658 918
-657 977
-656 973
-655 1015
-654 995
-653 1023
-652 1028
-651 980
-650 958
-649 961
-648 1006
-647 983
-646 1008
-645 936
-644 1042
-643 967
-642 953
-641 970
-640 1040
-639 1011
-638 1038
-637 1015
-636 1005
-635 990
-634 1008
-633 1016
-632 1108
-631 1046
-630 1061
-629 1041
-628 1066
-627 1074
-626 1094
-625 1046
-624 1013
-623 1044
-622 1041
-621 1067
-620 1061
-619 1040
-618 1081
-617 1054
-616 1028
-615 1041
-614 1052
-613 1099
-612 1147
-611 1110
-610 1108
-609 1079
-608 1111
-607 1128
-606 1100
-605 1101
-604 1092
-603 1106
-602 1152
-601 1121
-600 1123
-599 1097
-598 1188
-597 1106
-596 1134
-595 1093
-594 1138
-593 1128
-592 1220
-591 1245
-590 1176
-589 1119
-588 1212
-587 1169
-586 1220
-585 1203
-584 1195
-583 1191
-582 1176
-581 1161
-580 1217
-579 1184
-578 1213
-577 1173
-576 1154
-575 1150
-574 1247
-573 1196
-572 1242
-571 1192
-570 1143
-569 1253
-568 1209
-567 1225
-566 1214
-565 1245
-564 1219
-563 1196
-562 1220
-561 1253
-560 1286
-559 1238
-558 1300
-557 1287
-556 1293
-555 1306
-554 1281
-553 1265
-552 1292
-551 1244
-550 1237
-549 1266
-548 1297
-547 1245
-546 1296
-545 1339
-544 1291
-543 1357
-542 1324
-541 1354
-540 1320
-539 1299
-538 1348
-537 1357
-536 1263
-535 1313
-534 1363
-533 1292
-532 1358
-531 1315
-530 1325
-529 1377
-528 1450
-527 1410
-526 1364
-525 1298
-524 1452
-523 1341
-522 1432
-521 1343
-520 1391
-519 1341
-518 1396
-517 1444
-516 1417
-515 1434
-514 1418
-513 1401
-512 1337
-511 1360
-510 1443
-509 1418
-508 1472
-507 1471
-506 1449
-505 1486
-504 1432
-503 1479
-502 1464
-501 1470
-500 1418
-499 1471
-498 1501
-497 1504
-496 1471
-495 1503
-494 1495
-493 1553
-492 1501
-491 1553
-490 1540
-489 1559
-488 1590
-487 1510
-486 1518
-485 1581
-484 1529
-483 1472
-482 1462
-481 1549
-480 1627
-479 1535
-478 1596
-477 1598
-476 1664
-475 1614
-474 1553
-473 1624
-472 1639
-471 1651
-470 1608
-469 1638
-468 1679
-467 1680
-466 1642
-465 1620
-464 1685
-463 1677
-462 1645
-461 1779
-460 1714
-459 1680
-458 1741
-457 1746
-456 1725
-455 1703
-454 1632
-453 1684
-452 1766
-451 1784
-450 1679
-449 1731
-448 1768
-447 1785
-446 1794
-445 1744
-444 1766
-443 1841
-442 1757
-441 1840
-440 1880
-439 1783
-438 1801
-437 1853
-436 1829
-435 1850
-434 1854
-433 1856
-432 1884
-431 1905
-430 1871
-429 1899
-428 1851
-427 1916
-426 1912
-425 1996
-424 1877
-423 1851
-422 1879
-421 1909
-420 1886
-419 1922
-418 1931
-417 1941
-416 1949
-415 2016
-414 1890
-413 1965
-412 2028
-411 1955
-410 1961
-409 1987
-408 2165
-407 2063
-406 1997
-405 1965
-404 2137
-403 2096
-402 2042
-401 2047
-400 2073
-399 2048
-398 2106
-397 2072
-396 2115
-395 2089
-394 2125
-393 2085
-392 2193
-391 2174
-390 2161
-389 2216
-388 2203
-387 2196
-386 2175
-385 2185
-384 2134
-383 2239
-382 2248
-381 2275
-380 2249
-379 2314
-378 2217
-377 2282
-376 2267
-375 2312
-374 2285
-373 2298
-372 2299
-371 2302
-370 2343
-369 2360
-368 2465
-367 2390
-366 2364
-365 2374
-364 2432
-363 2518
-362 2455
-361 2467
-360 2438
-359 2439
-358 2491
-357 2466
-356 2476
-355 2485
-354 2536
-353 2522
-352 2588
-351 2530
-350 2476
-349 2565
-348 2623
-347 2548
-346 2680
-345 2630
-344 2627
-343 2741
-342 2683
-341 2625
-340 2661
-339 2652
-338 2697
-337 2690
-336 2565
-335 2818
-334 2733
-333 2803
-332 2770
-331 2842
-330 2793
-329 2695
-328 2747
-327 2814
-326 2803
-325 2853
-324 2934
-323 2880
-322 2835
-321 2982
-320 2983
-319 3051
-318 2985
-317 2941
-316 2884
-315 3077
-314 3012
-313 3015
-312 3034
-311 3114
-310 3060
-309 3104
-308 3114
-307 3186
-306 3195
-305 3183
-304 3165
-303 3148
-302 3146
-301 3273
-300 3238
-299 3220
-298 3409
-297 3332
-296 3327
-295 3329
-294 3239
-293 3361
-292 3325
-291 3363
-290 3427
-289 3423
-288 3391
-287 3462
-286 3426
-285 3598
-284 3430
-283 3554
-282 3552
-281 3528
-280 3567
-279 3612
-278 3646
-277 3617
-276 3578
-275 3599
-274 3783
-273 3750
-272 3729
-271 3775
-270 3737
-269 3792
-268 3825
-267 3802
-266 3802
-265 3841
-264 3980
-263 3915
-262 4034
-261 4012
-260 3977
-259 3909
-258 3918
-257 4089
-256 4044
-255 4126
-254 4146
-253 4220
-252 4227
-251 4251
-250 4322
-249 4291
-248 4342
-247 4307
-246 4412
-245 4341
-244 4394
-243 4602
-242 4461
-241 4468
-240 4523
-239 4509
-238 4455
-237 4617
-236 4669
-235 4730
-234 4775
-233 4670
-232 4675
-231 4794
-230 4778
-229 4853
-228 4960
-227 5070
-226 4981
-225 4932
-224 4938
-223 5031
-222 5069
-221 5132
-220 5146
-219 5181
-218 5237
-217 5311
-216 5272
-215 5419
-214 5328
-213 5548
-212 5421
-211 5547
-210 5631
-209 5567
-208 5646
-207 5592
-206 5629
-205 5715
-204 5692
-203 5752
-202 5879
-201 5890
-200 5975
-199 6054
-198 5926
-197 6100
-196 6169
-195 6182
-194 6180
-193 6264
-192 6346
-191 6421
-190 6447
-189 6460
-188 6477
-187 6596
-186 6579
-185 6803
-184 6879
-183 6903
-182 6921
-181 6960
-180 6983
-179 7054
-178 7276
-177 7026
-176 7265
-175 7220
-174 7434
-173 7443
-172 7500
-171 7437
-170 7641
-169 7787
-168 7839
-167 7908
-166 7791
-165 8035
-164 7957
-163 8051
-162 8149
-161 8340
-160 8399
-159 8425
-158 8578
-157 8512
-156 8852
-155 8904
-154 8875
-153 9042
-152 8912
-151 9179
-150 9164
-149 9185
-148 9440
-147 9503
-146 9746
-145 9664
-144 9813
-143 9959
-142 10082
-141 10031
-140 10311
-139 10196
-138 10491
-137 10592
-136 10715
-135 11084
-134 10884
-133 11129
-132 11262
-131 11450
-130 11505
-129 11374
-128 11693
-127 11974
-126 11963
-125 12247
-124 12337
-123 12458
-122 12821
-121 12900
-120 13084
-119 13079
-118 13309
-117 13326
-116 13638
-115 13920
-114 13728
-113 14221
-112 14245
-111 14578
-110 14981
-109 14827
-108 15209
-107 15538
-106 15642
-105 15693
-104 16452
-103 16214
-102 16486
-101 16834
-100 17238
-99 17347
-98 17664
-97 18089
-96 18073
-95 18759
-94 18722
-93 18992
-92 19337
-91 19482
-90 20050
-89 20294
-88 20702
-87 21133
-86 21422
-85 22168
-84 22109
-83 22645
-82 23018
-81 23274
-80 23897
-79 24122
-78 25010
-77 25121
-76 26024
-75 26485
-74 27209
-73 27326
-72 28030
-71 28749
-70 29345
-69 29829
-68 30209
-67 31259
-66 32134
-65 32782
-64 33591
-63 34122
-62 35088
-61 35978
-60 36898
-59 37747
-58 38920
-57 40007
-56 41113
-55 42228
-54 43662
-53 44722
-52 46138
-51 47386
-50 48956
-49 50078
-48 52007
-47 53656
-46 55571
-45 56791
-44 58678
-43 61254
-42 63548
-41 65968
-40 68159
-39 70823
-38 73631
-37 76372
-36 79510
-35 83569
-34 86894
-33 90920
-32 95024
-31 100608
-30 104636
-29 110515
-28 116636
-27 122870
-26 130233
-25 137833
-24 147308
-23 156165
-22 167515
-21 179438
-20 192615
-19 208516
-18 226603
-17 245941
-16 269592
-15 296415
-14 328775
-13 367227
-12 414167
-11 471557
-10 541422
-9 632451
-8 752815
-7 917126
-6 1146636
-5 1496604
-4 2061780
-3 3104844
-2 5501679
-1 14773664
0 138784585
1 751197904
2 142948567
3 11841393
4 4768105
5 2871950
6 1960422
7 1442387
8 1115157
9 897902
10 740226
11 624980
12 534620
13 465721
14 409413
15 364162
16 325849
17 295795
18 268086
19 244887
20 224908
21 207800
22 191910
23 178294
24 167607
25 155783
26 145798
27 137896
28 129501
29 122722
30 116316
31 110487
32 104823
33 99676
34 95353
35 90615
36 86431
37 83459
38 79996
39 75943
40 73652
41 70984
42 68400
43 65752
44 63824
45 61118
46 58886
47 56734
48 55439
49 52973
50 52333
51 50276
52 48966
53 46873
54 45613
55 44364
56 43098
57 42069
58 40836
59 39728
60 39239
61 37829
62 36897
63 36098
64 35102
65 34045
66 33703
67 32618
68 32006
69 31097
70 30376
71 29988
72 29150
73 28476
74 27752
75 27419
76 26604
77 26587
78 25777
79 25557
80 24887
81 24384
82 23872
83 23507
84 22910
85 22696
86 21976
87 21863
88 21678
89 21007
90 20796
91 20387
92 20242
93 19484
94 19344
95 19233
96 18741
97 18398
98 18142
99 17912
100 17553
101 17429
102 16867
103 16914
104 16592
105 16468
106 16057
107 16079
108 15557
109 15380
110 15408
111 14855
112 14843
113 14321
114 14254
115 14029
116 13780
117 13743
118 13499
119 13579
120 13088
121 13182
122 13129
123 12747
124 12756
125 12462
126 12139
127 12093
128 12027
129 12065
130 11858
131 11467
132 11584
133 11263
134 11326
135 11147
136 10858
137 10689
138 10844
139 10521
140 10319
141 10351
142 10353
143 10117
144 9930
145 9986
146 9736
147 9531
148 9668
149 9429
150 9544
151 9318
152 9288
153 9092
154 9053
155 8910
156 9092
157 8816
158 8866
159 8698
160 8477
161 8413
162 8233
163 8344
164 8245
165 7991
166 8008
167 8111
168 7931
169 7756
170 7842
171 7784
172 7640
173 7466
174 7516
175 7460
176 7354
177 7332
178 7292
179 7184
180 7285
181 7257
182 6998
183 6970
184 6855
185 6816
186 6756
187 6597
188 6630
189 6622
190 6595
191 6488
192 6454
193 6425
194 6337
195 6329
196 6292
197 6220
198 6021
199 6017
200 6080
201 5923
202 5973
203 5973
204 5841
205 5793
206 5626
207 5694
208 5711
209 5545
210 5405
211 5678
212 5557
213 5468
214 5493
215 5330
216 5510
217 5374
218 5379
219 5267
220 5175
221 5165
222 5145
223 5145
224 5130
225 5074
226 5077
227 5099
228 5026
229 4993
230 4911
231 4811
232 4779
233 4778
234 4666
235 4855
236 4649
237 4656
238 4456
239 4591
240 4569
241 4629
242 4605
243 4519
244 4445
245 4533
246 4340
247 4370
248 4335
249 4253
250 4295
251 4322
252 4189
253 4147
254 4230
255 4192
256 4115
257 4262
258 4096
259 4045
260 3927
261 4064
262 4062
263 3893
264 3995
265 3964
266 4002
267 3827
268 3795
269 3876
270 3858
271 3769
272 3829
273 3761
274 3842
275 3603
276 3720
277 3644
278 3559
279 3691
280 3694
281 3564
282 3580
283 3508
284 3594
285 3460
286 3495
287 3510
288 3423
289 3462
290 3446
291 3281
292 3445
293 3368
294 3375
295 3224
296 3319
297 3352
298 3310
299 3389
300 3283
301 3160
302 3198
303 3168
304 3251
305 3254
306 3236
307 3145
308 3146
309 3126
310 3071
311 3145
312 3030
313 3034
314 3067
315 3038
316 2998
317 2901
318 2975
319 3045
320 3006
321 2940
322 2981
323 2944
324 2873
325 2894
326 2897
327 2830
328 2795
329 2880
330 2777
331 2754
332 2812
333 2910
334 2762
335 2696
336 2730
337 2683
338 2739
339 2575
340 2683
341 2634
342 2721
343 2650
344 2628
345 2600
346 2653
347 2573
348 2582
349 2674
350 2563
351 2632
352 2519
353 2519
354 2503
355 2481
356 2598
357 2510
358 2515
359 2480
360 2541
361 2338
362 2450
363 2352
364 2389
365 2333
366 2431
367 2474
368 2347
369 2313
370 2427
371 2359
372 2318
373 2356
374 2227
375 2262
376 2298
377 2299
378 2332
379 2326
380 2318
381 2379
382 2253
383 2256
384 2282
385 2254
386 2146
387 2259
388 2242
389 2165
390 2177
391 2147
392 2124
393 2190
394 2176
395 2197
396 2131
397 1989
398 2112
399 2048
400 2152
401 2121
402 2113
403 2032
404 2126
405 2087
406 2122
407 2072
408 2072
409 2032
410 2016
411 2031
412 2013
413 1950
414 1930
415 1939
416 2003
417 2023
418 2006
419 1909
420 2000
421 2033
422 1901
423 2003
424 1865
425 1853
426 1926
427 1910
428 1924
429 1919
430 1887
431 1896
432 1902
433 1844
434 1872
435 1840
436 1818
437 1859
438 1876
439 1865
440 1857
441 1758
442 1826
443 1836
444 1786
445 1793
446 1816
447 1758
448 1833
449 1799
450 1751
451 1754
452 1828
453 1688
454 1774
455 1713
456 1673
457 1664
458 1661
459 1714
460 1702
461 1657
462 1715
463 1677
464 1736
465 1698
466 1658
467 1676
468 1689
469 1602
470 1571
471 1666
472 1625
473 1616
474 1565
475 1551
476 1596
477 1605
478 1632
479 1532
480 1637
481 1560
482 1595
483 1593
484 1556
485 1537
486 1544
487 1628
488 1526
489 1578
490 1576
491 1536
492 1537
493 1525
494 1563
495 1551
496 1501
497 1477
498 1465
499 1519
500 1483
501 1430
502 1482
503 1489
504 1475
505 1475
506 1424
507 1452
508 1464
509 1497
510 1450
511 1457
512 1452
513 1431
514 1443
515 1415
516 1428
517 1390
518 1379
519 1337
520 1389
521 1398
522 1428
523 1292
524 1390
525 1347
526 1445
527 1375
528 1353
529 1364
530 1361
531 1360
532 1377
533 1399
534 1362
535 1300
536 1327
537 1291
538 1361
539 1309
540 1309
541 1348
542 1317
543 1318
544 1256
545 1248
546 1238
547 1369
548 1226
549 1321
550 1317
551 1326
552 1268
553 1261
554 1256
555 1372
556 1207
557 1284
558 1339
559 1195
560 1286
561 1236
562 1255
563 1254
564 1264
565 1212
566 1241
567 1244
568 1165
569 1276
570 1198
571 1191
572 1268
573 1178
574 1220
575 1156
576 1211
577 1244
578 1190
579 1222
580 1154
581 1176
582 1213
583 1201
584 1212
585 1217
586 1217
587 1176
588 1131
589 1203
590 1167
591 1183
592 1169
593 1125
594 1163
595 1105
596 1079
597 1205
598 1114
599 1108
600 1168
601 1104
602 1069
603 1142
604 1104
605 1145
606 1074
607 1163
608 1096
609 1069
610 1123
611 1109
612 1157
613 1139
614 1055
615 1036
616 1051
617 1050
618 1075
619 1095
620 1048
621 1138
622 1093
623 1041
624 1000
625 1027
626 1112
627 1019
628 1076
629 1052
630 1024
631 1067
632 1098
633 1076
634 1057
635 1075
636 1096
637 1034
638 969
639 1017
640 969
641 991
642 979
643 1059
644 985
645 963
646 1021
647 1009
648 1028
649 984
650 993
651 991
652 974
653 954
654 993
655 948
656 997
657 982
658 961
659 954
660 989
661 967
662 978
663 977
664 929
665 955
666 945
667 957
668 904
669 952
670 981
671 908
672 945
673 968
674 943
675 880
676 962
677 912
678 932
679 918
680 928
681 930
682 912
683 942
684 957
685 969
686 935
687 947
688 880
689 860
690 926
691 846
692 868
693 873
694 862
695 926
696 834
697 894
698 839
699 885
700 849
701 869
702 947
703 836
704 857
705 856
706 844
707 873
708 801
709 892
710 862
711 848
712 853
713 845
714 874
715 835
716 826
717 818
718 838
719 859
720 813
721 877
722 846
723 858
724 853
725 814
726 775
727 846
728 816
729 819
730 826
731 856
732 847
733 875
734 777
735 784
736 841
737 740
738 850
739 818
740 805
741 767
742 782
743 783
744 833
745 804
746 796
747 820
748 799
749 747
750 831
751 796
752 806
753 781
754 776
755 767
756 747
757 788
758 755
759 778
760 739
761 747
762 790
763 778
764 813
765 792
766 789
767 799
768 806
769 704
770 722
771 722
772 768
773 697
774 800
775 728
776 721
777 732
778 721
779 741
780 729
781 760
782 762
783 741
784 728
785 739
786 751
787 700
788 747
789 735
790 702
791 728
792 705
793 714
794 702
795 745
796 693
797 697
798 681
799 734
800 722
801 685
802 745
803 677
804 703
805 702
806 679
807 713
808 705
809 676
810 685
811 730
812 677
813 694
814 722
815 674
816 650
817 745
818 683
819 685
820 711
821 679
822 691
823 641
824 659
825 613
826 663
827 670
828 701
829 690
830 685
831 660
832 687
833 635
834 660
835 639
836 678
837 621
838 681
839 632
840 647
841 630
842 646
843 655
844 655
845 690
846 621
847 631
848 665
849 679
850 657
851 672
852 625
853 624
854 623
855 636
856 615
857 595
858 648
859 644
860 596
861 618
862 614
863 611
864 628
865 615
866 555
867 639
868 617
869 586
870 620
871 649
872 607
873 607
874 628
875 641
876 626
877 609
878 611
879 568
880 672
881 583
882 567
883 589
884 578
885 641
886 603
887 629
888 604
889 573
890 581
891 613
892 582
893 575
894 599
895 646
896 569
897 574
898 559
899 574
900 592
901 621
902 581
903 559
904 583
905 605
906 556
907 564
908 523
909 544
910 555
911 566
912 598
913 565
914 570
915 502
916 523
917 585
918 536
919 571
920 500
921 550
922 510
923 532
924 542
925 576
926 529
927 561
928 549
929 527
930 538
931 540
932 541
933 555
934 566
935 527
936 515
937 522
938 543
939 527
940 502
941 564
942 532
943 548
944 521
945 550
946 540
947 547
948 523
949 573
950 510
951 500
952 500
953 504
954 557
955 520
956 557
957 539
958 529
959 484
960 530
961 511
962 549
963 558
964 530
965 503
966 518
967 487
968 535
969 522
970 489
971 561
972 495
973 487
974 501
975 468
976 506
977 480
978 493
979 464
980 472
981 521
982 531
983 481
984 471
985 495
986 498
987 529
988 508
989 475
990 474
991 506
992 473
993 448
994 507
995 505
996 454
997 434
998 486
999 436
1000 451
1001 479
1002 479
1003 454
1004 493
1005 485
1006 473
1007 448
1008 448
1009 422
1010 474
1011 452
1012 447
1013 472
1014 467
1015 481
1016 450
1017 502
1018 434
1019 473
1020 424
1021 440
1022 470
1023 492
1024 491
1025 454
1026 451
1027 435
1028 475
1029 472
1030 478
1031 453
1032 456
1033 445
1034 461
1035 420
1036 469
1037 466
1038 380
1039 407
1040 449
1041 435
1042 435
1043 413
1044 448
1045 458
1046 476
1047 417
1048 429
1049 438
1050 413
1051 423
1052 427
1053 419
1054 422
1055 452
1056 406
1057 450
1058 442
1059 430
1060 424
1061 443
1062 434
1063 414
1064 458
1065 414
1066 405
1067 407
1068 411
1069 425
1070 403
1071 395
1072 420
1073 451
1074 408
1075 413
1076 388
1077 432
1078 395
1079 431
1080 391
1081 418
1082 449
1083 381
1084 396
1085 391
1086 400
1087 404
1088 411
1089 390
1090 376
1091 405
1092 415
1093 408
1094 407
1095 409
1096 364
1097 387
1098 386
1099 407
1100 406
1101 410
1102 388
1103 401
1104 390
1105 383
1106 405
1107 426
1108 403
1109 382
1110 392
1111 388
1112 374
1113 415
1114 428
1115 413
1116 374
1117 350
1118 373
1119 405
1120 362
1121 362
1122 354
1123 368
1124 377
1125 354
1126 382
1127 403
1128 351
1129 370
1130 386
1131 392
1132 382
1133 393
1134 383
1135 357
1136 373
1137 359
1138 351
1139 355
1140 336
1141 347
1142 336
1143 361
1144 358
1145 400
1146 392
1147 392
1148 398
1149 360
1150 355
1151 350
1152 348
1153 374
1154 390
1155 366
1156 360
1157 351
1158 318
1159 388
1160 387
1161 346
1162 367
1163 325
1164 359
1165 328
1166 335
1167 320
1168 335
1169 337
1170 346
1171 335
1172 371
1173 334
1174 361
1175 322
1176 354
1177 346
1178 359
1179 308
1180 338
1181 343
1182 352
1183 344
1184 343
1185 342
1186 345
1187 303
1188 366
1189 344
1190 342
1191 315
1192 338
1193 324
1194 337
1195 341
1196 351
1197 355
1198 317
1199 341
1200 362
1201 314
1202 318
1203 343
1204 316
1205 339
1206 344
1207 330
1208 343
1209 322
1210 288
1211 319
1212 330
1213 326
1214 315
1215 311
1216 305
1217 292
1218 290
1219 316
1220 324
1221 302
1222 313
1223 346
1224 303
1225 338
1226 326
1227 266
1228 297
1229 282
1230 297
1231 306
1232 296
1233 293
1234 322
1235 315
1236 312
1237 314
1238 283
1239 321
1240 308
1241 344
1242 307
1243 331
1244 270
1245 294
1246 337
1247 312
1248 286
1249 327
1250 270
1251 311
1252 295
1253 281
1254 299
1255 273
1256 319
1257 301
1258 283
1259 256
1260 318
1261 316
1262 310
1263 294
1264 289
1265 301
1266 289
1267 304
1268 286
1269 308
1270 285
1271 289
1272 317
1273 306
1274 296
1275 276
1276 284
1277 307
1278 326
1279 254
1280 279
1281 293
1282 298
1283 264
1284 265
1285 272
1286 280
1287 289
1288 303
1289 278
1290 279
1291 269
1292 301
1293 276
1294 292
1295 279
1296 250
1297 303
1298 260
1299 243
1300 277
1301 298
1302 262
1303 248
1304 288
1305 292
1306 284
1307 265
1308 292
1309 294
1310 273
1311 288
1312 264
1313 254
1314 268
1315 258
1316 251
1317 274
1318 256
1319 277
1320 274
1321 252
1322 283
1323 227
1324 282
1325 258
1326 257
1327 290
1328 254
1329 266
1330 285
1331 240
1332 260
1333 247
1334 263
1335 261
1336 248
1337 243
1338 237
1339 259
1340 254
1341 258
1342 242
1343 289
1344 255
1345 249
1346 255
1347 254
1348 284
1349 254
1350 260
1351 231
1352 250
1353 230
1354 253
1355 273
1356 228
1357 260
1358 236
1359 241
1360 249
1361 271
1362 263
1363 232
1364 234
1365 240
1366 246
1367 219
1368 254
1369 233
1370 249
1371 257
1372 248
1373 244
1374 255
1375 243
1376 251
1377 244
1378 256
1379 239
1380 217
1381 269
1382 229
1383 255
1384 238
1385 214
1386 244
1387 233
1388 223
1389 223
1390 225
1391 218
1392 235
1393 242
1394 214
1395 230
1396 250
1397 210
1398 262
1399 223
1400 211
1401 195
1402 212
1403 266
1404 223
1405 248
1406 220
1407 221
1408 223
1409 229
1410 238
1411 255
1412 226
1413 247
1414 215
1415 203
1416 217
1417 222
1418 220
1419 236
1420 234
1421 240
1422 224
1423 235
1424 237
1425 208
1426 231
1427 202
1428 228
1429 219
1430 242
1431 198
1432 228
1433 216
1434 227
1435 225
1436 193
1437 187
1438 206
1439 220
1440 231
1441 205
1442 261
1443 211
1444 237
1445 241
1446 211
1447 210
1448 193
1449 201
1450 198
1451 235
1452 215
1453 202
1454 212
1455 195
1456 222
1457 189
1458 190
1459 213
1460 189
1461 217
1462 231
1463 181
1464 192
1465 205
1466 163
1467 207
1468 203
1469 206
1470 207
1471 205
1472 175
1473 207
1474 182
1475 177
1476 207
1477 208
1478 201
1479 206
1480 177
1481 197
1482 201
1483 190
1484 215
1485 198
1486 193
1487 216
1488 200
1489 206
1490 199
1491 165
1492 199
1493 186
1494 167
1495 186
1496 187
1497 199
1498 184
1499 202
1500 182
1501 188
1502 175
1503 180
1504 177
1505 179
1506 183
1507 188
1508 167
1509 189
1510 182
1511 201
1512 169
1513 161
1514 191
1515 170
1516 183
1517 202
1518 181
1519 169
1520 205
1521 165
1522 187
1523 192
1524 170
1525 178
1526 195
1527 174
1528 165
1529 209
1530 172
1531 183
1532 164
1533 182
1534 193
1535 163
1536 194
1537 180
1538 173
1539 173
1540 181
1541 164
1542 200
1543 172
1544 181
1545 149
1546 156
1547 163
1548 173
1549 161
1550 143
1551 192
1552 172
1553 205
1554 187
1555 199
1556 183
1557 154
1558 135
1559 159
1560 187
1561 153
1562 179
1563 142
1564 155
1565 141
1566 118
1567 166
1568 180
1569 179
1570 168
1571 155
1572 169
1573 138
1574 152
1575 153
1576 173
1577 163
1578 149
1579 168
1580 169
1581 154
1582 160
1583 178
1584 164
1585 138
1586 141
1587 199
1588 181
1589 161
1590 141
1591 153
1592 165
1593 169
1594 178
1595 158
1596 186
1597 142
1598 166
1599 150
1600 149
1601 151
1602 168
1603 166
1604 176
1605 168
1606 142
1607 135
1608 150
1609 151
1610 152
1611 144
1612 134
1613 141
1614 145
1615 129
1616 126
1617 138
1618 148
1619 146
1620 153
1621 138
1622 133
1623 165
1624 136
1625 139
1626 137
1627 137
1628 135
1629 167
1630 136
1631 139
1632 138
1633 144
1634 121
1635 138
1636 140
1637 144
1638 142
1639 168
1640 158
1641 145
1642 143
1643 149
1644 140
1645 140
1646 134
1647 139
1648 163
1649 149
1650 135
1651 150
1652 129
1653 142
1654 136
1655 135
1656 160
1657 119
1658 135
1659 136
1660 141
1661 130
1662 154
1663 138
1664 127
1665 109
1666 147
1667 124
1668 133
1669 108
1670 128
1671 111
1672 147
1673 113
1674 122
1675 144
1676 134
1677 125
1678 114
1679 136
1680 117
1681 121
1682 121
1683 142
1684 119
1685 150
1686 150
1687 135
1688 118
1689 124
1690 118
1691 117
1692 118
1693 130
1694 119
1695 121
1696 124
1697 135
1698 110
1699 126
1700 127
1701 125
1702 107
1703 103
1704 124
1705 117
1706 124
1707 117
1708 139
1709 114
1710 113
1711 127
1712 124
1713 126
1714 114
1715 115
1716 111
1717 121
1718 117
1719 110
1720 128
1721 109
1722 111
1723 114
1724 93
1725 106
1726 110
1727 108
1728 116
1729 116
1730 102
1731 114
1732 111
1733 112
1734 125
1735 91
1736 98
1737 107
1738 127
1739 110
1740 113
1741 108
1742 103
1743 101
1744 131
1745 99
1746 100
1747 126
1748 112
1749 102
1750 89
1751 109
1752 116
1753 113
1754 104
1755 89
1756 111
1757 78
1758 105
1759 91
1760 103
1761 99
1762 91
1763 91
1764 85
1765 116
1766 106
1767 90
1768 115
1769 90
1770 96
1771 99
1772 104
1773 85
1774 92
1775 113
1776 103
1777 89
1778 89
1779 107
1780 100
1781 75
1782 92
1783 92
1784 88
1785 104
1786 99
1787 102
1788 96
1789 98
1790 99
1791 126
1792 85
1793 92
1794 102
1795 110
1796 84
1797 71
1798 75
1799 101
1800 85
1801 100
1802 86
1803 101
1804 88
1805 85
1806 75
1807 78
1808 90
1809 99
1810 100
1811 82
1812 104
1813 94
1814 92
1815 99
1816 86
1817 108
1818 90
1819 90
1820 94
1821 86
1822 86
1823 86
1824 101
1825 79
1826 87
1827 91
1828 94
1829 73
1830 76
1831 73
1832 85
1833 78
1834 87
1835 80
1836 80
1837 71
1838 79
1839 78
1840 78
1841 73
1842 74
1843 73
1844 99
1845 84
1846 82
1847 72
1848 84
1849 73
1850 78
1851 70
1852 88
1853 93
1854 80
1855 71
1856 62
1857 89
1858 73
1859 77
1860 71
1861 72
1862 74
1863 90
1864 62
1865 64
1866 93
1867 71
1868 86
1869 71
1870 75
1871 61
1872 68
1873 54
1874 61
1875 75
1876 69
1877 56
1878 79
1879 65
1880 64
1881 69
1882 73
1883 63
1884 68
1885 65
1886 69
1887 58
1888 81
1889 67
1890 71
1891 68
1892 71
1893 74
1894 68
1895 62
1896 66
1897 62
1898 62
1899 72
1900 70
1901 68
1902 61
1903 59
1904 68
1905 66
1906 67
1907 63
1908 70
1909 68
1910 69
1911 47
1912 62
1913 65
1914 74
1915 62
1916 39
1917 83
1918 47
1919 68
1920 57
1921 63
1922 70
1923 59
1924 60
1925 52
1926 67
1927 66
1928 60
1929 60
1930 65
1931 62
1932 51
1933 50
1934 52
1935 67
1936 60
1937 63
1938 63
1939 52
1940 48
1941 58
1942 45
1943 40
1944 50
1945 55
1946 57
1947 60
1948 50
1949 51
1950 54
1951 54
1952 55
1953 61
1954 46
1955 43
1956 42
1957 39
1958 49
1959 47
1960 55
1961 51
1962 44
1963 41
1964 48
1965 58
1966 32
1967 55
1968 48
1969 45
1970 45
1971 46
1972 52
1973 48
1974 43
1975 48
1976 44
1977 56
1978 49
1979 45
1980 39
1981 47
1982 40
1983 45
1984 49
1985 44
1986 47
1987 31
1988 46
1989 56
1990 50
1991 55
1992 40
1993 47
1994 34
1995 45
1996 37
1997 37
1998 36
1999 39
2000 45
2001 41
2002 30
2003 42
2004 32
2005 39
2006 42
2007 39
2008 36
2009 41
2010 43
2011 32
2012 46
2013 46
2014 33
2015 34
2016 38
2017 37
2018 26
2019 38
2020 40
2021 36
2022 20
2023 21
2024 37
2025 40
2026 38
2027 38
2028 39
2029 30
2030 26
2031 36
2032 28
2033 28
2034 34
2035 27
2036 28
2037 28
2038 35
2039 38
2040 24
2041 26
2042 38
2043 27
2044 34
2045 31
2046 41
2047 40
2048 35
2049 32
2050 28
2051 39
2052 43
2053 34
2054 25
2055 33
2056 42
2057 34
2058 33
2059 26
2060 22
2061 30
2062 22
2063 30
2064 31
2065 25
2066 21
2067 31
2068 30
2069 21
2070 31
2071 30
2072 23
2073 28
2074 26
2075 27
2076 23
2077 26
2078 25
2079 29
2080 35
2081 27
2082 18
2083 32
2084 32
2085 24
2086 22
2087 31
2088 21
2089 34
2090 31
2091 27
2092 20
2093 27
2094 28
2095 28
2096 24
2097 25
2098 23
2099 25
2100 29
2101 22
2102 21
2103 19
2104 23
2105 23
2106 15
2107 28
2108 22
2109 17
2110 16
2111 22
2112 21
2113 20
2114 17
2115 18
2116 24
2117 21
2118 22
2119 24
2120 23
2121 22
2122 16
2123 16
2124 26
2125 16
2126 22
2127 26
2128 17
2129 17
2130 17
2131 16
2132 15
2133 15
2134 24
2135 15
2136 12
2137 17
2138 13
2139 13
2140 12
2141 17
2142 19
2143 14
2144 19
2145 19
2146 21
2147 14
2148 20
2149 15
2150 12
2151 11
2152 12
2153 15
2154 12
2155 12
2156 15
2157 14
2158 15
2159 16
2160 21
2161 19
2162 18
2163 12
2164 13
2165 21
2166 16
2167 7
2168 15
2169 15
2170 18
2171 21
2172 16
2173 12
2174 13
2175 10
2176 11
2177 14
2178 11
2179 12
2180 15
2181 10
2182 13
2183 8
2184 12
2185 10
2186 12
2187 9
2188 17
2189 15
2190 13
2191 10
2192 8
2193 4
2194 9
2195 9
2196 8
2197 6
2198 12
2199 7
2200 8
2201 12
2202 9
2203 9
2204 12
2205 7
2206 7
2207 10
2208 4
2209 9
2210 10
2211 10
2212 11
2213 8
2214 9
2215 11
2216 9
2217 8
2218 4
2219 8
2220 4
2221 11
2222 8
2223 11
2224 11
2225 5
2226 5
2227 10
2228 13
2229 4
2230 8
2231 6
2232 5
2233 5
2234 16
2235 6
2236 8
2237 4
2238 9
2239 7
2240 9
2241 6
2242 5
2243 5
2244 7
2245 9
2246 5
2247 8
2248 6
2249 5
2250 4
2251 3
2252 6
2253 8
2254 7
2255 3
2256 5
2257 4
2258 3
2259 7
2260 4
2261 2
2262 1
2263 7
2264 4
2265 3
2266 2
2267 3
2268 7
2269 6
2270 4
2271 9
2272 5
2273 7
2274 2
2275 8
2276 6
2277 2
2278 7
2279 2
2280 5
2281 3
2282 3
2283 3
2284 3
2285 1
2286 2
2287 2
2288 4
2289 3
2290 0
2291 5
2292 2
2293 0
2294 8
2295 0
2296 3
2297 4
2298 4
2299 0
2300 4
2301 2
2302 2
2303 1
2304 1
2305 3
2306 5
2307 2
2308 2
2309 5
2310 2
2311 4
2312 7
2313 1
2314 3
2315 0
2316 1
2317 2
2318 4
2319 1
2320 3
2321 1
2322 1
2323 2
2324 1
2325 2
2326 1
2327 1
2328 1
2329 4
2330 0
2331 0
2332 3
2333 2
2334 4
2335 3
2336 4
2337 3
2338 0
2339 0
2340 1
2341 0
2342 1
2343 4
2344 1
2345 2
2346 4
2347 1
2348 1
2349 0
2350 0
2351 1
2352 1
2353 2
2354 1
2355 2
2356 3
2357 2
2358 0
2359 1
2360 0
2361 2
2362 2
2363 1
2364 1
2365 1
2366 0
2367 0
2368 1
2369 1
2370 0
2371 2
2372 0
2373 0
2374 3
2375 2
2376 0
2377 0
2378 1
2379 0
2380 1
2381 0
2382 0
2383 0
2384 0
2385 1
2386 0
2387 0
2388 1
2389 0
2390 0
2391 1
2392 1
2393 0
2394 0
2395 3
2396 1
2397 1
2398 0
2399 0
2400 0
2401 0
2402 2
2403 1
2404 1
2405 0
2406 0
2407 0
2408 1
2409 1
2410 1
2411 2
2412 1
2413 0
2414 0
2415 0
2416 0
2417 0
2418 0
2419 0
2420 0
2421 0
2422 0
2423 0
2424 0
2425 0
2426 0
2427 0
2428 0
2429 1
2430 0
2431 0
2432 0
2433 0
2434 1
2435 0
2436 0
2437 0
2438 0
2439 0
2440 0
2441 1
2442 1
2443 0
2444 1
2445 0
2446 0
2447 0
2448 1
2449 0
2450 0
2451 0
2452 0
2453 0
2454 0
2455 0
2456 0
2457 0
2458 0
2459 1
2460 0
2461 0
2462 0
2463 0
2464 0
2465 0
2466 0
2467 0
2468 0
2469 0
2470 0
2471 0
2472 0
2473 0
2474 0
2475 0
2476 0
2477 0
2478 0
2479 0
2480 0
2481 1
2482 0
2483 0
2484 0
2485 0
2486 0
2487 0
2488 0
2489 0
2490 0
2491 0
2492 0
2493 0
2494 0
2495 0
2496 0
2497 0
2498 0
2499 0
2500 0
2501 0
2502 0
2503 0
2504 0
2505 0
2506 0
2507 0
2508 1
2509 0
2510 0
2511 0
2512 0
2513 0
2514 0
2515 0
2516 0
2517 0
2518 0
2519 0
2520 0
2521 0
2522 0
2523 1
