-306 1
-305 0
-304 0
-303 0
-302 0
-301 0
-300 0
-299 0
-298 0
-297 0
-296 0
-295 0
-294 0
-293 0
-292 0
-291 0
-290 0
-289 0
-288 0
-287 0
-286 0
-285 0
-284 0
-283 0
-282 0
-281 0
-280 0
-279 0
-278 0
-277 0
-276 0
-275 0
-274 0
-273 0
-272 0
-271 0
-270 0
-269 0
-268 0
-267 0
-266 0
-265 0
-264 0
-263 0
-262 0
-261 0
-260 0
-259 0
-258 0
-257 0
-256 0
-255 0
-254 0
-253 0
-252 0
-251 0
-250 0
-249 0
-248 0
-247 0
-246 0
-245 0
-244 0
-243 0
-242 0
-241 1
-240 0
-239 0
-238 0
-237 0
-236 1
-235 0
-234 0
-233 0
-232 0
-231 0
-230 0
-229 0
-228 0
-227 0
-226 0
-225 2
-224 2
-223 1
-222 0
-221 1
-220 1
-219 0
-218 0
-217 1
-216 0
-215 1
-214 0
-213 0
-212 0
-211 0
-210 1
-209 2
-208 0
-207 0
-206 0
-205 3
-204 2
-203 0
-202 1
-201 2
-200 3
-199 2
-198 2
-197 2
-196 2
-195 1
-194 3
-193 2
-192 2
-191 1
-190 3
-189 3
-188 5
-187 2
-186 2
-185 1
-184 3
-183 2
-182 3
-181 3
-180 4
-179 9
-178 6
-177 5
-176 3
-175 6
-174 5
-173 5
-172 8
-171 3
-170 5
-169 4
-168 4
-167 6
-166 4
-165 6
-164 6
-163 12
-162 7
-161 14
-160 12
-159 13
-158 12
-157 10
-156 10
-155 12
-154 8
-153 24
-152 16
-151 15
-150 27
-149 19
-148 17
-147 26
-146 16
-145 29
-144 36
-143 29
-142 33
-141 33
-140 36
-139 25
-138 30
-137 28
-136 42
-135 43
-134 55
-133 58
-132 54
-131 55
-130 65
-129 54
-128 51
-127 72
-126 69
-125 88
-124 66
-123 80
-122 80
-121 96
-120 115
-119 93
-118 117
-117 137
-116 125
-115 121
-114 148
-113 153
-112 174
-111 155
-110 187
-109 188
-108 211
-107 213
-106 198
-105 248
-104 282
-103 282
-102 259
-101 302
-100 344
-99 364
-98 370
-97 407
-96 396
-95 441
-94 489
-93 503
-92 527
-91 608
-90 619
-89 660
-88 632
-87 825
-86 782
-85 798
-84 892
-83 936
-82 1023
-81 1073
-80 1135
-79 1213
-78 1285
-77 1391
-76 1440
-75 1580
-74 1719
-73 1808
-72 1932
-71 2010
-70 2164
-69 2283
-68 2491
-67 2622
-66 2835
-65 3038
-64 3268
-63 3372
-62 3684
-61 4001
-60 4207
-59 4441
-58 4875
-57 5283
-56 5558
-55 5987
-54 6361
-53 6800
-52 7453
-51 7781
-50 8383
-49 9061
-48 9853
-47 10623
-46 11302
-45 12518
-44 13271
-43 14315
-42 15456
-41 16714
-40 17863
-39 19439
-38 21070
-37 22889
-36 24639
-35 27192
-34 29127
-33 31958
-32 34815
-31 38285
-30 41178
-29 45814
-28 50423
-27 54932
-26 60582
-25 67055
-24 73704
-23 81813
-22 90068
-21 100288
-20 112289
-19 125153
-18 141366
-17 159104
-16 179968
-15 205914
-14 234929
-13 271711
-12 315435
-11 370625
-10 438691
-9 525907
-8 643806
-7 799316
-6 1023030
-5 1356405
-4 1896772
-3 2885956
-2 5148932
-1 12247631
0 68462694
1 912553621
2 74345584
3 8411562
4 3964284
5 2482509
6 1717133
7 1263247
8 969113
9 765768
10 620315
11 510546
12 427650
13 361056
14 309968
15 266632
16 230746
17 201850
18 177806
19 157203
20 139521
21 124380
22 110823
23 99147
24 88902
25 80337
26 73268
27 65723
28 60081
29 54493
30 49760
31 45255
32 41243
33 38037
34 34908
35 31526
36 29317
37 26760
38 24850
39 22862
40 21121
41 19305
42 17980
43 16649
44 15219
45 13960
46 13194
47 12223
48 11111
49 10510
50 9695
51 9025
52 8438
53 7714
54 7391
55 6803
56 6443
57 5771
58 5456
59 5210
60 4859
61 4552
62 4221
63 3934
64 3662
65 3447
66 3320
67 2970
68 2715
69 2554
70 2423
71 2356
72 2122
73 1995
74 1858
75 1805
76 1630
77 1620
78 1482
79 1346
80 1334
81 1200
82 1116
83 1065
84 1005
85 952
86 902
87 778
88 773
89 718
90 669
91 647
92 646
93 607
94 559
95 490
96 497
97 445
98 389
99 403
100 368
101 373
102 310
103 313
104 288
105 280
106 228
107 226
108 237
109 236
110 228
111 172
112 153
113 179
114 160
115 148
116 150
117 129
118 122
119 118
120 122
121 112
122 114
123 99
124 91
125 67
126 76
127 69
128 72
129 89
130 54
131 60
132 55
133 62
134 48
135 48
136 53
137 50
138 47
139 36
140 45
141 27
142 37
143 22
144 29
145 24
146 35
147 23
148 23
149 21
150 25
151 15
152 18
153 20
154 12
155 12
156 21
157 18
158 13
159 10
160 12
161 7
162 9
163 11
164 10
165 6
166 8
167 10
168 10
169 9
170 1
171 6
172 8
173 8
174 6
175 5
176 6
177 4
178 7
179 4
180 5
181 6
182 2
183 2
184 4
185 3
186 3
187 2
188 2
189 4
190 6
191 3
192 0
193 2
194 0
195 1
196 1
197 1
198 4
199 0
200 1
201 1
202 0
203 0
204 2
205 1
206 0
207 1
208 0
209 0
210 1
211 2
212 1
213 1
214 0
215 0
216 1
217 1
218 0
219 0
220 2
221 2
222 1
223 0
224 0
225 2
226 1
227 0
228 1
229 1
230 2
231 0
232 0
233 0
234 0
235 0
236 0
237 0
238 0
239 0
240 0
241 0
242 0
243 0
244 0
245 0
246 0
247 1
