-953 1
-952 0
-951 0
-950 0
-949 0
-948 0
-947 0
-946 0
-945 0
-944 0
-943 0
-942 0
-941 0
-940 0
-939 0
-938 0
-937 0
-936 0
-935 0
-934 0
-933 0
-932 0
-931 0
-930 0
-929 0
-928 0
-927 0
-926 0
-925 0
-924 0
-923 0
-922 0
-921 0
-920 0
-919 0
-918 0
-917 0
-916 0
-915 0
-914 0
-913 0
-912 0
-911 0
-910 0
-909 0
-908 0
-907 0
-906 0
-905 0
-904 0
-903 0
-902 0
-901 0
-900 0
-899 0
-898 0
-897 0
-896 0
-895 0
-894 0
-893 0
-892 0
-891 0
-890 0
-889 0
-888 0
-887 0
-886 0
-885 0
-884 0
-883 0
-882 0
-881 0
-880 0
-879 0
-878 0
-877 0
-876 0
-875 0
-874 0
-873 0
-872 0
-871 0
-870 0
-869 0
-868 0
-867 0
-866 0
-865 0
-864 0
-863 0
-862 0
-861 0
-860 0
-859 0
-858 0
-857 0
-856 0
-855 0
-854 0
-853 0
-852 0
-851 0
-850 0
-849 0
-848 0
-847 0
-846 0
-845 0
-844 0
-843 0
-842 0
-841 0
-840 0
-839 0
-838 0
-837 0
-836 0
-835 0
-834 1
-833 0
-832 0
-831 0
-830 0
-829 0
-828 0
-827 0
-826 0
-825 0
-824 0
-823 0
-822 0
-821 0
-820 0
-819 0
-818 0
-817 0
-816 0
-815 0
-814 0
-813 0
-812 0
-811 0
-810 0
-809 0
-808 0
-807 0
-806 0
-805 0
-804 0
-803 0
-802 0
-801 0
-800 0
-799 0
-798 0
-797 0
-796 0
-795 0
-794 0
-793 0
-792 0
-791 0
-790 0
-789 0
-788 0
-787 0
-786 0
-785 0
-784 0
-783 0
-782 0
-781 0
-780 0
-779 1
-778 1
-777 0
-776 0
-775 0
-774 0
-773 0
-772 0
-771 0
-770 0
-769 0
-768 1
-767 0
-766 0
-765 0
-764 0
-763 0
-762 0
-761 0
-760 0
-759 0
-758 0
-757 0
-756 0
-755 0
-754 0
-753 0
-752 0
-751 0
-750 1
-749 0
-748 0
-747 0
-746 1
-745 0
-744 0
-743 0
-742 0
-741 0
-740 0
-739 0
-738 0
-737 1
-736 0
-735 0
-734 0
-733 0
-732 0
-731 0
-730 0
-729 0
-728 0
-727 1
-726 0
-725 0
-724 0
-723 0
-722 0
-721 0
-720 0
-719 0
-718 0
-717 0
-716 0
-715 1
-714 0
-713 0
-712 0
-711 0
-710 0
-709 1
-708 0
-707 0
-706 0
-705 3
-704 0
-703 0
-702 0
-701 0
-700 0
-699 0
-698 0
-697 0
-696 1
-695 0
-694 0
-693 0
-692 0
-691 0
-690 0
-689 0
-688 0
-687 0
-686 0
-685 0
-684 0
-683 0
-682 0
-681 0
-680 0
-679 0
-678 0
-677 0
-676 0
-675 0
-674 0
-673 0
-672 0
-671 0
-670 0
-669 0
-668 0
-667 1
-666 0
-665 0
-664 0
-663 2
-662 0
-661 0
-660 0
-659 0
-658 0
-657 0
-656 0
-655 1
-654 1
-653 0
-652 0
-651 0
-650 1
-649 0
-648 0
-647 0
-646 0
-645 0
-644 0
-643 0
-642 0
-641 0
-640 0
-639 0
-638 0
-637 0
-636 0
-635 0
-634 0
-633 1
-632 0
-631 1
-630 1
-629 0
-628 0
-627 1
-626 1
-625 0
-624 0
-623 0
-622 1
-621 1
-620 1
-619 0
-618 2
-617 0
-616 0
-615 0
-614 2
-613 1
-612 1
-611 0
-610 2
-609 0
-608 0
-607 1
-606 2
-605 0
-604 1
-603 1
-602 1
-601 1
-600 1
-599 1
-598 0
-597 0
-596 1
-595 1
-594 3
-593 1
-592 1
-591 1
-590 2
-589 0
-588 0
-587 3
-586 1
-585 1
-584 0
-583 0
-582 1
-581 0
-580 3
-579 1
-578 2
-577 0
-576 0
-575 2
-574 1
-573 0
-572 3
-571 2
-570 2
-569 2
-568 0
-567 0
-566 1
-565 0
-564 0
-563 0
-562 2
-561 1
-560 1
-559 2
-558 1
-557 2
-556 3
-555 0
-554 0
-553 1
-552 2
-551 1
-550 2
-549 0
-548 2
-547 2
-546 1
-545 1
-544 2
-543 1
-542 4
-541 3
-540 2
-539 1
-538 2
-537 0
-536 2
-535 2
-534 1
-533 5
-532 1
-531 2
-530 2
-529 3
-528 6
-527 3
-526 6
-525 2
-524 1
-523 0
-522 6
-521 6
-520 1
-519 5
-518 2
-517 3
-516 3
-515 7
-514 7
-513 5
-512 5
-511 2
-510 3
-509 2
-508 2
-507 2
-506 6
-505 8
-504 5
-503 8
-502 6
-501 4
-500 2
-499 9
-498 4
-497 5
-496 2
-495 1
-494 7
-493 8
-492 3
-491 8
-490 1
-489 4
-488 7
-487 10
-486 7
-485 5
-484 8
-483 9
-482 6
-481 10
-480 5
-479 5
-478 5
-477 9
-476 7
-475 9
-474 14
-473 7
-472 7
-471 4
-470 11
-469 6
-468 9
-467 13
-466 12
-465 10
-464 7
-463 9
-462 10
-461 6
-460 8
-459 7
-458 7
-457 12
-456 12
-455 14
-454 12
-453 9
-452 17
-451 18
-450 15
-449 6
-448 9
-447 18
-446 16
-445 12
-444 8
-443 7
-442 12
-441 5
-440 22
-439 13
-438 13
-437 10
-436 12
-435 12
-434 12
-433 21
-432 13
-431 16
-430 11
-429 16
-428 24
-427 19
-426 15
-425 16
-424 18
-423 17
-422 22
-421 17
-420 20
-419 17
-418 15
-417 21
-416 22
-415 21
-414 24
-413 17
-412 18
-411 22
-410 19
-409 28
-408 27
-407 21
-406 17
-405 27
-404 21
-403 29
-402 18
-401 32
-400 22
-399 30
-398 20
-397 24
-396 32
-395 25
-394 30
-393 35
-392 25
-391 38
-390 37
-389 36
-388 38
-387 31
-386 30
-385 23
-384 24
-383 43
-382 41
-381 35
-380 36
-379 36
-378 33
-377 40
-376 48
-375 39
-374 50
-373 41
-372 42
-371 37
-370 47
-369 36
-368 56
-367 40
-366 50
-365 41
-364 49
-363 61
-362 54
-361 58
-360 58
-359 63
-358 44
-357 42
-356 61
-355 76
-354 64
-353 87
-352 76
-351 63
-350 56
-349 78
-348 61
-347 66
-346 71
-345 80
-344 74
-343 80
-342 86
-341 70
-340 73
-339 99
-338 95
-337 101
-336 91
-335 90
-334 88
-333 96
-332 85
-331 94
-330 104
-329 105
-328 90
-327 99
-326 87
-325 106
-324 112
-323 129
-322 132
-321 121
-320 127
-319 133
-318 137
-317 123
-316 147
-315 103
-314 125
-313 150
-312 133
-311 134
-310 165
-309 135
-308 157
-307 128
-306 151
-305 157
-304 147
-303 152
-302 138
-301 177
-300 177
-299 181
-298 161
-297 188
-296 186
-295 200
-294 189
-293 178
-292 196
-291 198
-290 199
-289 218
-288 205
-287 192
-286 229
-285 229
-284 259
-283 233
-282 244
-281 230
-280 251
-279 237
-278 254
-277 260
-276 267
-275 300
-274 291
-273 283
-272 305
-271 326
-270 299
-269 316
-268 315
-267 334
-266 345
-265 345
-264 345
-263 342
-262 348
-261 389
-260 342
-259 379
-258 385
-257 365
-256 409
-255 451
-254 402
-253 427
-252 454
-251 466
-250 455
-249 466
-248 527
-247 523
-246 511
-245 511
-244 555
-243 490
-242 529
-241 544
-240 535
-239 562
-238 566
-237 591
-236 616
-235 657
-234 624
-233 637
-232 646
-231 651
-230 720
-229 704
-228 713
-227 750
-226 747
-225 768
-224 769
-223 769
-222 779
-221 850
-220 853
-219 867
-218 946
-217 870
-216 913
-215 939
-214 963
-213 1011
-212 948
-211 1029
-210 1070
-209 1024
-208 1034
-207 1044
-206 1161
-205 1151
-204 1205
-203 1161
-202 1211
-201 1204
-200 1274
-199 1371
-198 1376
-197 1312
-196 1411
-195 1443
-194 1479
-193 1545
-192 1591
-191 1597
-190 1584
-189 1604
-188 1703
-187 1724
-186 1808
-185 1779
-184 1799
-183 1860
-182 1875
-181 2047
-180 2000
-179 2104
-178 2075
-177 2200
-176 2254
-175 2253
-174 2309
-173 2359
-172 2484
-171 2383
-170 2517
-169 2565
-168 2535
-167 2557
-166 2684
-165 2771
-164 2810
-163 2933
-162 3037
-161 2997
-160 3082
-159 3125
-158 3305
-157 3331
-156 3369
-155 3556
-154 3627
-153 3605
-152 3846
-151 3849
-150 3967
-149 4095
-148 4107
-147 4224
-146 4214
-145 4488
-144 4556
-143 4584
-142 4805
-141 4914
-140 4983
-139 5074
-138 5166
-137 5219
-136 5572
-135 5635
-134 5827
-133 5914
-132 6129
-131 6163
-130 6452
-129 6566
-128 6768
-127 6750
-126 6968
-125 7193
-124 7450
-123 7424
-122 7809
-121 8104
-120 8301
-119 8414
-118 8651
-117 8842
-116 8884
-115 9203
-114 9493
-113 9637
-112 10301
-111 10380
-110 10683
-109 10945
-108 11232
-107 11693
-106 11809
-105 12283
-104 12467
-103 12822
-102 13183
-101 13720
-100 14088
-99 14296
-98 14896
-97 15109
-96 15760
-95 16018
-94 16770
-93 16911
-92 17534
-91 18366
-90 18682
-89 19163
-88 19806
-87 20489
-86 20955
-85 21567
-84 22314
-83 23173
-82 23933
-81 24759
-80 25565
-79 26234
-78 26696
-77 27595
-76 28376
-75 29306
-74 30807
-73 31353
-72 32990
-71 33809
-70 35196
-69 35783
-68 37338
-67 38608
-66 39810
-65 41274
-64 42911
-63 44224
-62 45866
-61 47343
-60 49269
-59 51186
-58 53408
-57 55224
-56 57729
-55 59448
-54 62395
-53 64602
-52 66921
-51 70075
-50 72676
-49 75416
-48 79361
-47 82716
-46 86520
-45 90491
-44 94287
-43 97855
-42 102739
-41 108219
-40 113494
-39 118796
-38 125024
-37 131209
-36 138171
-35 145267
-34 152894
-33 161536
-32 170700
-31 180125
-30 191788
-29 202329
-28 216106
-27 230028
-26 244858
-25 261981
-24 280379
-23 299991
-22 323019
-21 347758
-20 376781
-19 408843
-18 445007
-17 485864
-16 533356
-15 588292
-14 652682
-13 730161
-12 820171
-11 931325
-10 1068508
-9 1241192
-8 1459388
-7 1749425
-6 2151883
-5 2730255
-4 3627561
-3 5169936
-2 8395252
-1 18118143
0 94138149
1 804046635
2 97946190
3 15404914
4 7719484
5 4981764
6 3545808
7 2690008
8 2128841
9 1732712
10 1446058
11 1231493
12 1060701
13 926982
14 818911
15 726491
16 649945
17 587695
18 530783
19 484509
20 442934
21 408342
22 374503
23 345863
24 321802
25 298677
26 278775
27 261321
28 243674
29 229560
30 215433
31 202337
32 191462
33 179851
34 171519
35 161112
36 152898
37 144329
38 137490
39 130268
40 124862
41 118358
42 113368
43 107827
44 103323
45 98313
46 93640
47 90336
48 85697
49 82926
50 79019
51 75757
52 72693
53 69508
54 66668
55 64294
56 61961
57 60140
58 57391
59 55321
60 53518
61 51408
62 49284
63 47197
64 45823
65 44239
66 42646
67 41099
68 39903
69 38293
70 37076
71 36055
72 34937
73 33549
74 32581
75 31769
76 30547
77 29505
78 28810
79 27454
80 26992
81 25828
82 25049
83 24459
84 23577
85 22889
86 22520
87 21805
88 20908
89 20307
90 19406
91 19034
92 18538
93 18046
94 17249
95 16994
96 16722
97 16256
98 15526
99 14962
100 14918
101 14430
102 13987
103 13659
104 13189
105 13082
106 12349
107 12194
108 11747
109 11616
110 11312
111 10935
112 10668
113 10260
114 10076
115 9986
116 9605
117 9297
118 9056
119 8997
120 8844
121 8440
122 8001
123 7842
124 7642
125 7679
126 7391
127 6947
128 7082
129 6973
130 6769
131 6490
132 6426
133 6097
134 6026
135 5940
136 5726
137 5629
138 5454
139 5476
140 5292
141 5068
142 4876
143 4852
144 4709
145 4653
146 4479
147 4439
148 4299
149 4182
150 4088
151 4096
152 3896
153 3926
154 3821
155 3665
156 3665
157 3529
158 3423
159 3371
160 3235
161 3172
162 3118
163 3016
164 2930
165 2835
166 2794
167 2808
168 2661
169 2556
170 2666
171 2515
172 2405
173 2434
174 2427
175 2392
176 2292
177 2217
178 2154
179 2046
180 2052
181 2009
182 1943
183 2003
184 1940
185 1818
186 1776
187 1679
188 1781
189 1728
190 1640
191 1603
192 1608
193 1506
194 1535
195 1482
196 1551
197 1359
198 1380
199 1431
200 1290
201 1272
202 1291
203 1280
204 1189
205 1152
206 1185
207 1154
208 1172
209 1125
210 1036
211 1086
212 1068
213 1032
214 1021
215 1062
216 965
217 903
218 940
219 930
220 956
221 888
222 844
223 810
224 824
225 793
226 789
227 739
228 759
229 708
230 702
231 731
232 763
233 665
234 637
235 691
236 649
237 632
238 600
239 599
240 579
241 583
242 563
243 539
244 566
245 508
246 490
247 554
248 479
249 501
250 441
251 474
252 474
253 461
254 434
255 408
256 404
257 436
258 387
259 390
260 396
261 376
262 366
263 352
264 383
265 377
266 382
267 314
268 329
269 285
270 343
271 315
272 315
273 298
274 290
275 265
276 289
277 289
278 252
279 273
280 244
281 264
282 253
283 248
284 263
285 244
286 236
287 225
288 223
289 204
290 209
291 194
292 189
293 202
294 212
295 194
296 184
297 184
298 193
299 181
300 179
301 149
302 193
303 180
304 162
305 169
306 166
307 159
308 148
309 166
310 130
311 142
312 134
313 126
314 154
315 122
316 140
317 117
318 123
319 133
320 124
321 125
322 126
323 109
324 110
325 117
326 137
327 117
328 96
329 106
330 110
331 94
332 92
333 110
334 97
335 75
336 88
337 96
338 85
339 99
340 95
341 79
342 104
343 80
344 80
345 70
346 79
347 89
348 78
349 67
350 74
351 80
352 64
353 63
354 58
355 61
356 70
357 58
358 53
359 63
360 64
361 47
362 66
363 54
364 52
365 55
366 56
367 58
368 47
369 50
370 51
371 53
372 52
373 39
374 48
375 52
376 35
377 31
378 41
379 41
380 37
381 46
382 51
383 38
384 46
385 28
386 37
387 31
388 29
389 40
390 30
391 35
392 32
393 26
394 24
395 25
396 39
397 26
398 28
399 18
400 39
401 18
402 26
403 25
404 19
405 34
406 24
407 31
408 28
409 24
410 22
411 19
412 15
413 25
414 14
415 28
416 25
417 20
418 21
419 25
420 24
421 11
422 13
423 16
424 20
425 21
426 19
427 20
428 21
429 11
430 21
431 19
432 12
433 17
434 13
435 10
436 10
437 16
438 13
439 10
440 16
441 11
442 11
443 18
444 15
445 5
446 11
447 15
448 16
449 10
450 14
451 18
452 15
453 13
454 8
455 13
456 8
457 8
458 5
459 5
460 12
461 5
462 11
463 8
464 12
465 11
466 4
467 12
468 8
469 6
470 9
471 2
472 7
473 9
474 3
475 7
476 3
477 4
478 4
479 6
480 7
481 4
482 13
483 7
484 9
485 3
486 7
487 4
488 6
489 2
490 6
491 7
492 6
493 2
494 4
495 6
496 3
497 5
498 3
499 4
500 7
501 2
502 7
503 1
504 5
505 5
506 2
507 2
508 5
509 6
510 4
511 5
512 2
513 8
514 3
515 4
516 2
517 1
518 3
519 2
520 5
521 3
522 1
523 3
524 2
525 3
526 5
527 3
528 2
529 4
530 9
531 1
532 2
533 3
534 3
535 2
536 1
537 3
538 4
539 2
540 1
541 1
542 1
543 3
544 1
545 4
546 3
547 3
548 3
549 1
550 2
551 1
552 1
553 1
554 0
555 2
556 1
557 3
558 3
559 0
560 4
561 1
562 1
563 0
564 0
565 0
566 3
567 1
568 0
569 0
570 0
571 1
572 2
573 0
574 2
575 1
576 3
577 2
578 0
579 2
580 2
581 1
582 0
583 3
584 2
585 3
586 1
587 1
588 3
589 1
590 0
591 0
592 0
593 1
594 0
595 0
596 2
597 0
598 2
599 0
600 0
601 0
602 1
603 2
604 0
605 0
606 1
607 0
608 1
609 0
610 2
611 0
612 0
613 0
614 1
615 1
616 0
617 1
618 0
619 1
620 0
621 2
622 0
623 0
624 0
625 0
626 0
627 0
628 1
629 0
630 0
631 0
632 0
633 1
634 0
635 0
636 1
637 1
638 1
639 1
640 0
641 1
642 0
643 0
644 0
645 0
646 0
647 1
648 0
649 1
650 0
651 1
652 0
653 0
654 0
655 1
656 0
657 0
658 0
659 0
660 0
661 0
662 2
663 0
664 0
665 0
666 0
667 0
668 1
669 0
670 0
671 0
672 0
673 0
674 0
675 0
676 0
677 0
678 0
679 0
680 0
681 0
682 0
683 0
684 0
685 0
686 0
687 0
688 1
689 0
690 0
691 0
692 0
693 0
694 0
695 0
696 0
697 0
698 0
699 0
700 0
701 0
702 0
703 1
704 0
705 0
706 1
707 0
708 1
709 0
710 0
711 0
712 0
713 0
714 0
715 0
716 0
717 0
718 0
719 0
720 0
721 0
722 0
723 0
724 0
725 0
726 1
727 0
728 0
729 0
730 1
731 0
732 0
733 0
734 0
735 0
736 0
737 0
738 0
739 0
740 0
741 0
742 0
743 0
744 0
745 0
746 0
747 0
748 0
749 0
750 0
751 0
752 0
753 0
754 0
755 0
756 0
757 0
758 0
759 0
760 0
761 0
762 1
763 0
764 0
765 0
766 0
767 0
768 0
769 0
770 0
771 0
772 0
773 0
774 0
775 0
776 0
777 0
778 0
779 0
780 1
781 0
782 0
783 0
784 0
785 0
786 0
787 0
788 0
789 0
790 1
791 0
792 0
793 0
794 0
795 0
796 0
797 0
798 0
799 0
800 0
801 0
802 0
803 0
804 0
805 0
806 0
807 0
808 0
809 0
810 0
811 0
812 0
813 0
814 0
815 0
816 0
817 0
818 0
819 0
820 0
821 0
822 0
823 0
824 0
825 0
826 0
827 0
828 0
829 0
830 0
831 0
832 0
833 0
834 0
835 0
836 1
