-44 1
-43 0
-42 1
-41 2
-40 3
-39 3
-38 1
-37 2
-36 9
-35 10
-34 19
-33 14
-32 31
-31 44
-30 79
-29 90
-28 142
-27 228
-26 298
-25 416
-24 681
-23 922
-22 1412
-21 2092
-20 3037
-19 4646
-18 6805
-17 10040
-16 15188
-15 23132
-14 34787
-13 53118
-12 81951
-11 126726
-10 198582
-9 313424
-8 504209
-7 820782
-6 1365747
-5 2335314
-4 4171157
-3 7964134
-2 17114895
-1 38875581
0 167500448
1 626939966
2 167505787
3 38879145
4 17104856
5 7965847
6 4169156
7 2335283
8 1367528
9 820237
10 503471
11 314681
12 197879
13 126645
14 81684
15 53595
16 34992
17 22727
18 15359
19 10093
20 6855
21 4509
22 2983
23 2101
24 1372
25 944
26 676
27 441
28 301
29 216
30 148
31 97
32 51
33 55
34 38
35 32
36 15
37 11
38 5
39 2
40 6
41 4
42 1
43 1
44 0
45 2
