0 1.0 0.0 52623522
1 0.016779674673543434 1.4287517158984835 94521916
2 0.21135758383584202 1.8422017873673069 60390996
3 0.06751748308461865 2.8478144484195913 50554580
4 0.027523530454335615 3.59724983058367 40821035
5 -0.03370273740170045 4.421050276841752 32938096
6 -0.08657620270401829 5.146347846481226 26624672
7 -0.16416500545505197 5.995759993855521 21663405
8 -0.23383995997014811 6.733528583849373 17712781
9 -0.3182803364865192 7.575095190932549 14542752
10 -0.39138071378302197 8.306089864788127 11975516
11 -0.4767992168877501 9.126051826203824 9882619
12 -0.5550186537630675 9.843159653950709 8168057
13 -0.6363985579480915 10.656314369157075 6768411
14 -0.716966303715319 11.367055119808429 5617741
15 -0.8020805811072846 12.163911168551431 4666677
16 -0.877276378027623 12.922547569971302 3880891
17 -0.9588442247466006 13.693621803436114 3229486
18 -1.0364625536222212 14.405553502430813 2694079
19 -1.1096150451272888 15.246608796380727 2248861
20 -1.1922623840625093 16.041654321013713 1877736
21 -1.2655505641620783 16.874438278173898 1568255
22 -1.3336045553113967 17.66142347564978 1313807
23 -1.4139707763272047 18.503301589833967 1098493
24 -1.4809184283462855 19.32727515223387 920050
25 -1.5600297799563192 20.11140263404428 768302
26 -1.636297593787529 21.124257219260606 642836
27 -1.697936122959122 22.020781054451025 538065
28 -1.7758489744796895 22.929736686822377 450308
29 -1.8415537369276942 24.054189306953205 378185
30 -1.9237073466181709 24.954873809390413 317003
31 -1.9721402991362966 25.802159525780613 265832
32 -2.031250560688975 26.792380359517175 222940
33 -2.082597888547374 27.83752878483708 187075
34 -2.187315153721838 29.17851388659128 156549
35 -2.253327679937005 30.011646217173446 132074
36 -2.264880363852086 30.965567445257168 111254
37 -2.350030458805801 31.993991625565187 93569
38 -2.43324776172778 33.64143414723884 78297
39 -2.46463497839436 34.712762657675036 65955
40 -2.505938327251914 35.31446355577245 55908
41 -2.6040195197123412 37.29795310847745 46722
42 -2.67936370797652 37.751129806304334 39353
43 -2.7110760262326936 39.3347279410209 32936
44 -2.80606740759512 40.89447573046188 27623
45 -2.8358254105445115 42.46012535586187 23140
46 -2.9358888257477913 43.33995133712696 19357
47 -2.9639921482026743 44.37638715439984 16302
48 -3.0453450164293536 46.54434762649114 13695
49 -3.034682580868362 48.09004430764992 11562
50 -3.198910081743869 49.90153727361298 9542
51 -3.145853899308983 48.53968419188339 8104
52 -3.2875798026697622 50.60418120010451 6892
53 -3.3019601216627237 53.13981028431823 5918
54 -3.29883865615927 52.74167845219089 4822
55 -3.421929388363998 57.35230875881245 4022
56 -3.6223201174743025 60.64561047608554 3405
57 -3.5876712328767124 63.62382060424043 2920
58 -3.354720065386187 58.24360563271123 2447
59 -3.6627789046653145 59.6514949146066 1972
60 -3.529868578255675 61.31362399706518 1674
61 -3.884642112578179 65.15555982674604 1439
62 -3.568106312292359 68.62243794218551 1204
63 -4.339882121807466 72.63300666586917 1018
64 -4.085612366230678 73.0033720685274 841
65 -3.784844384303112 71.19186773627146 739
66 -3.620031796502385 67.45657805940263 629
67 -4.097560975609756 72.14432800988378 533
68 -3.6902439024390246 70.18453896490172 410
69 -3.9420289855072466 70.24011762234838 345
70 -4.698630136986301 92.6762994933382 292
71 -4.696629213483146 90.83305979884682 267
72 -4.506849315068493 92.72483893163184 219
73 -4.204819277108434 79.63274785890555 166
74 -4.891472868217054 94.60837690042665 129
75 -4.636363636363637 87.9768595041322 110
76 -3.727272727272727 87.38016528925615 110
77 -5.2023809523809526 84.13761337868479 84
78 -2.626865671641791 62.17420360882155 67
79 -3.982456140350877 107.28039396737455 57
80 -5.225806451612903 108.75546305931319 62
81 -5.428571428571429 129.91836734693877 49
82 -2.309090909090909 41.486280991735555 55
83 -7.488372093023256 133.5521903731747 43
84 -6.371428571428571 154.57632653061222 35
85 -4.346153846153846 97.07248520710058 26
86 -5.909090909090909 162.0826446280992 22
87 -4.875 84.359375 16
88 -6.111111111111111 86.43209876543209 18
89 -5.111111111111111 49.43209876543209 9
90 -3.3333333333333335 2.8888888888888893 3
91 -4.8 136.16000000000003 5
92 -14.5 328.9166666666667 6
93 -6.666666666666667 125.55555555555554 6
94 -8.0 79.5 4
95 -1.3333333333333333 0.2222222222222222 3
96 -1.0 0.0 1
97 2.0 0.0 1
98 0.3333333333333333 0.888888888888889 3
99 -1.4 8.639999999999999 5
100 0.0 1.0 4
101 -1.0 0.0 2
107 3.0 0.0 1
108 -1.0 0.0 1
110 -23.0 0.0 1
