2 0.4744344187262979
3 0.480125993700315
4 0.49010156653468756
5 0.4874710871241326
6 0.5045258620689655
7 0.4991019308486753
8 0.49805163175840234
9 0.5094736842105263
10 0.5057150822414274
11 0.4966044142614601
12 0.5031277926720286
13 0.5135640785781104
14 0.5095846645367412
15 0.49609375
16 0.5233644859813084
17 0.5147208121827411
18 0.49517684887459806
19 0.5115486558121923
20 0.49389042175798187
21 0.5219454329774614
22 0.5156808257244938
23 0.49831223628691984
24 0.4944633730834753
25 0.5147569444444444
26 0.516828031350853
27 0.5298861480075902
28 0.5229272811486799
29 0.5063414634146342
30 0.5079601990049751
31 0.48385443362378266
32 0.5215845606907059
33 0.49589322381930184
34 0.5076517150395778
35 0.5105348460291734
36 0.5195094760312151
37 0.4985722444317533
38 0.48413631022326675
39 0.5099875156054932
40 0.5251572327044025
41 0.5031367628607277
42 0.5106642291285801
43 0.4829298572315332
44 0.5019762845849802
45 0.48721399730820997
46 0.5099519560741249
47 0.523776705720193
48 0.5013175230566534
49 0.5229540918163673
50 0.5166780122532335
51 0.5111888111888112
52 0.4993215739484396
53 0.5152374202693125
54 0.5032679738562091
55 0.48564954682779454
56 0.4995983935742972
57 0.518025078369906
58 0.5
59 0.49147034930950445
60 0.5218800648298217
61 0.4886178861788618
62 0.5165394402035624
63 0.4806070826306914
64 0.5103510351035103
65 0.4937388193202147
66 0.5064220183486239
67 0.5070422535211268
68 0.5149863760217984
69 0.4859981933152665
70 0.5279620853080569
71 0.537109375
72 0.5290135396518375
73 0.5164628410159925
74 0.5188323917137476
75 0.4835589941972921
76 0.5290068829891839
77 0.5019762845849802
78 0.49948927477017363
79 0.5020746887966805
80 0.5099800399201597
81 0.505
82 0.48012889366272826
83 0.5139484978540773
84 0.4814410480349345
85 0.500570125427594
86 0.5059588299024919
87 0.4928806133625411
88 0.49942062572421786
89 0.48279952550415184
90 0.48564593301435405
91 0.4724602203182375
92 0.49129852744310576
93 0.5182389937106918
94 0.5237483953786907
95 0.49870801033591733
96 0.503209242618742
97 0.5116883116883116
98 0.5184513006654567
