-738 1
-737 0
-736 0
-735 0
-734 0
-733 0
-732 0
-731 0
-730 0
-729 0
-728 0
-727 0
-726 0
-725 0
-724 0
-723 0
-722 0
-721 0
-720 0
-719 0
-718 0
-717 0
-716 0
-715 0
-714 0
-713 0
-712 0
-711 0
-710 0
-709 0
-708 0
-707 0
-706 0
-705 0
-704 0
-703 0
-702 0
-701 0
-700 0
-699 0
-698 0
-697 0
-696 0
-695 0
-694 0
-693 0
-692 0
-691 0
-690 0
-689 0
-688 0
-687 0
-686 0
-685 0
-684 0
-683 0
-682 0
-681 0
-680 0
-679 0
-678 0
-677 0
-676 0
-675 0
-674 0
-673 0
-672 0
-671 0
-670 0
-669 0
-668 0
-667 0
-666 0
-665 0
-664 0
-663 0
-662 0
-661 0
-660 0
-659 0
-658 0
-657 0
-656 0
-655 0
-654 0
-653 0
-652 0
-651 0
-650 0
-649 0
-648 0
-647 0
-646 0
-645 0
-644 0
-643 0
-642 0
-641 0
-640 0
-639 0
-638 0
-637 0
-636 0
-635 0
-634 0
-633 0
-632 0
-631 0
-630 0
-629 0
-628 0
-627 0
-626 0
-625 0
-624 0
-623 0
-622 0
-621 0
-620 0
-619 0
-618 0
-617 0
-616 0
-615 0
-614 0
-613 0
-612 0
-611 0
-610 0
-609 0
-608 0
-607 0
-606 0
-605 0
-604 0
-603 0
-602 0
-601 0
-600 0
-599 0
-598 0
-597 0
-596 0
-595 0
-594 0
-593 0
-592 0
-591 0
-590 0
-589 0
-588 0
-587 0
-586 0
-585 0
-584 0
-583 0
-582 0
-581 0
-580 0
-579 0
-578 0
-577 0
-576 0
-575 0
-574 0
-573 0
-572 0
-571 0
-570 0
-569 0
-568 0
-567 0
-566 0
-565 0
-564 0
-563 0
-562 0
-561 0
-560 0
-559 0
-558 0
-557 0
-556 0
-555 0
-554 0
-553 0
-552 0
-551 0
-550 0
-549 0
-548 0
-547 0
-546 0
-545 0
-544 0
-543 0
-542 0
-541 0
-540 0
-539 0
-538 0
-537 0
-536 0
-535 0
-534 0
-533 0
-532 0
-531 0
-530 0
-529 0
-528 0
-527 0
-526 0
-525 0
-524 0
-523 0
-522 0
-521 0
-520 0
-519 0
-518 0
-517 0
-516 0
-515 0
-514 0
-513 0
-512 0
-511 0
-510 0
-509 0
-508 0
-507 0
-506 0
-505 0
-504 0
-503 0
-502 0
-501 0
-500 0
-499 0
-498 0
-497 0
-496 0
-495 0
-494 0
-493 0
-492 0
-491 0
-490 0
-489 0
-488 0
-487 0
-486 0
-485 0
-484 0
-483 0
-482 0
-481 0
-480 0
-479 0
-478 0
-477 0
-476 0
-475 0
-474 0
-473 0
-472 0
-471 0
-470 0
-469 0
-468 0
-467 0
-466 0
-465 0
-464 0
-463 0
-462 0
-461 0
-460 0
-459 0
-458 0
-457 0
-456 0
-455 0
-454 0
-453 0
-452 0
-451 0
-450 0
-449 0
-448 0
-447 0
-446 0
-445 0
-444 0
-443 0
-442 0
-441 0
-440 0
-439 0
-438 0
-437 0
-436 0
-435 0
-434 0
-433 0
-432 0
-431 0
-430 0
-429 0
-428 0
-427 0
-426 0
-425 0
-424 0
-423 0
-422 0
-421 0
-420 0
-419 0
-418 0
-417 0
-416 0
-415 0
-414 0
-413 0
-412 0
-411 0
-410 0
-409 0
-408 0
-407 0
-406 0
-405 1
-404 0
-403 0
-402 0
-401 0
-400 0
-399 0
-398 0
-397 0
-396 0
-395 0
-394 0
-393 0
-392 0
-391 0
-390 0
-389 0
-388 0
-387 0
-386 0
-385 0
-384 0
-383 0
-382 0
-381 0
-380 0
-379 0
-378 0
-377 1
-376 0
-375 1
-374 0
-373 0
-372 0
-371 0
-370 0
-369 0
-368 0
-367 0
-366 0
-365 0
-364 0
-363 0
-362 0
-361 0
-360 0
-359 0
-358 0
-357 1
-356 0
-355 0
-354 0
-353 0
-352 1
-351 0
-350 0
-349 0
-348 0
-347 1
-346 0
-345 0
-344 1
-343 0
-342 0
-341 0
-340 0
-339 0
-338 0
-337 0
-336 0
-335 0
-334 0
-333 1
-332 0
-331 0
-330 0
-329 0
-328 0
-327 0
-326 1
-325 1
-324 0
-323 0
-322 1
-321 0
-320 0
-319 0
-318 1
-317 2
-316 0
-315 0
-314 1
-313 0
-312 0
-311 2
-310 0
-309 0
-308 0
-307 0
-306 0
-305 0
-304 0
-303 0
-302 0
-301 0
-300 0
-299 1
-298 0
-297 0
-296 0
-295 0
-294 1
-293 0
-292 1
-291 1
-290 3
-289 2
-288 0
-287 0
-286 0
-285 0
-284 0
-283 1
-282 0
-281 0
-280 0
-279 1
-278 0
-277 0
-276 0
-275 0
-274 1
-273 0
-272 1
-271 0
-270 1
-269 0
-268 0
-267 0
-266 2
-265 0
-264 1
-263 1
-262 1
-261 0
-260 1
-259 0
-258 1
-257 2
-256 1
-255 0
-254 0
-253 0
-252 0
-251 0
-250 1
-249 0
-248 1
-247 2
-246 0
-245 0
-244 1
-243 0
-242 1
-241 2
-240 1
-239 1
-238 0
-237 1
-236 2
-235 2
-234 1
-233 1
-232 2
-231 1
-230 1
-229 0
-228 1
-227 0
-226 0
-225 0
-224 2
-223 1
-222 0
-221 0
-220 2
-219 1
-218 1
-217 0
-216 1
-215 3
-214 2
-213 1
-212 2
-211 0
-210 0
-209 1
-208 2
-207 3
-206 2
-205 2
-204 0
-203 0
-202 3
-201 0
-200 2
-199 0
-198 1
-197 1
-196 1
-195 2
-194 0
-193 0
-192 1
-191 2
-190 3
-189 0
-188 3
-187 2
-186 3
-185 1
-184 3
-183 2
-182 1
-181 3
-180 1
-179 2
-178 0
-177 1
-176 1
-175 0
-174 3
-173 3
-172 2
-171 2
-170 4
-169 1
-168 1
-167 3
-166 6
-165 2
-164 1
-163 3
-162 5
-161 3
-160 3
-159 3
-158 4
-157 5
-156 2
-155 5
-154 3
-153 1
-152 6
-151 4
-150 3
-149 5
-148 7
-147 6
-146 3
-145 4
-144 5
-143 7
-142 5
-141 2
-140 2
-139 6
-138 7
-137 3
-136 4
-135 5
-134 1
-133 3
-132 3
-131 9
-130 5
-129 7
-128 4
-127 2
-126 4
-125 8
-124 10
-123 1
-122 5
-121 3
-120 8
-119 9
-118 5
-117 3
-116 7
-115 8
-114 4
-113 8
-112 6
-111 9
-110 10
-109 9
-108 11
-107 9
-106 8
-105 7
-104 10
-103 7
-102 12
-101 13
-100 3
-99 12
-98 14
-97 12
-96 11
-95 10
-94 12
-93 19
-92 13
-91 13
-90 9
-89 17
-88 24
-87 19
-86 15
-85 17
-84 16
-83 20
-82 18
-81 23
-80 26
-79 19
-78 22
-77 15
-76 19
-75 10
-74 24
-73 33
-72 30
-71 26
-70 22
-69 34
-68 27
-67 23
-66 28
-65 40
-64 28
-63 38
-62 34
-61 29
-60 32
-59 42
-58 45
-57 45
-56 28
-55 59
-54 41
-53 37
-52 52
-51 54
-50 49
-49 81
-48 64
-47 60
-46 62
-45 68
-44 81
-43 79
-42 75
-41 86
-40 87
-39 90
-38 91
-37 108
-36 102
-35 131
-34 139
-33 124
-32 141
-31 136
-30 128
-29 161
-28 176
-27 166
-26 166
-25 185
-24 240
-23 221
-22 239
-21 295
-20 273
-19 327
-18 334
-17 375
-16 448
-15 438
-14 493
-13 553
-12 650
-11 714
-10 851
-9 929
-8 1135
-7 1372
-6 1657
-5 2160
-4 2964
-3 4238
-2 6949
-1 16017
0 87943
1 714755
2 98113
3 13074
4 6158
5 4000
6 2810
7 2058
8 1614
9 1317
10 1107
11 984
12 865
13 705
14 600
15 557
16 514
17 475
18 413
19 375
20 326
21 321
22 300
23 290
24 224
25 241
26 210
27 196
28 170
29 166
30 163
31 161
32 130
33 111
34 132
35 129
36 123
37 108
38 118
39 111
40 92
41 77
42 77
43 77
44 91
45 83
46 85
47 79
48 65
49 62
50 56
51 51
52 72
53 53
54 53
55 41
56 50
57 49
58 49
59 33
60 41
61 42
62 37
63 45
64 37
65 31
66 35
67 31
68 35
69 27
70 29
71 27
72 27
73 23
74 18
75 29
76 17
77 28
78 14
79 25
80 27
81 21
82 21
83 18
84 9
85 15
86 16
87 17
88 12
89 9
90 15
91 17
92 9
93 21
94 14
95 10
96 12
97 16
98 7
99 13
100 14
101 10
102 17
103 7
104 5
105 12
106 2
107 13
108 4
109 10
110 11
111 9
112 10
113 8
114 6
115 5
116 15
117 8
118 7
119 9
120 6
121 9
122 6
123 4
124 7
125 8
126 6
127 0
128 5
129 4
130 7
131 5
132 5
133 5
134 5
135 6
136 6
137 6
138 8
139 1
140 8
141 8
142 9
143 2
144 6
145 3
146 4
147 5
148 4
149 7
150 4
151 7
152 2
153 3
154 3
155 6
156 3
157 2
158 4
159 5
160 3
161 2
162 6
163 4
164 0
165 4
166 4
167 3
168 2
169 2
170 2
171 3
172 1
173 4
174 2
175 0
176 2
177 3
178 4
179 0
180 1
181 1
182 2
183 2
184 1
185 1
186 0
187 1
188 1
189 0
190 1
191 2
192 0
193 4
194 1
195 1
196 2
197 5
198 0
199 0
200 4
201 2
202 1
203 1
204 2
205 1
206 2
207 2
208 0
209 2
210 0
211 2
212 1
213 2
214 1
215 0
216 1
217 0
218 2
219 1
220 0
221 1
222 1
223 1
224 0
225 1
226 1
227 0
228 1
229 2
230 0
231 0
232 1
233 0
234 0
235 2
236 3
237 0
238 1
239 1
240 1
241 2
242 2
243 1
244 1
245 2
246 0
247 0
248 0
249 0
250 0
251 0
252 1
253 0
254 0
255 0
256 0
257 3
258 1
259 1
260 0
261 0
262 0
263 1
264 1
265 0
266 1
267 2
268 1
269 0
270 0
271 0
272 1
273 1
274 1
275 0
276 0
277 0
278 0
279 0
280 1
281 0
282 2
283 0
284 0
285 0
286 0
287 0
288 1
289 1
290 0
291 1
292 0
293 1
294 0
295 0
296 0
297 0
298 0
299 0
300 1
301 0
302 0
303 0
304 0
305 0
306 0
307 1
308 0
309 0
310 0
311 0
312 1
313 0
314 2
315 1
316 1
317 0
318 0
319 0
320 0
321 0
322 1
323 0
324 0
325 0
326 0
327 0
328 1
329 0
330 0
331 0
332 0
333 0
334 0
335 0
336 1
337 0
338 0
339 0
340 0
341 0
342 1
343 0
344 0
345 1
346 0
347 0
348 1
349 0
350 0
351 2
352 0
353 0
354 0
355 0
356 0
357 0
358 0
359 0
360 0
361 0
362 1
363 0
364 0
365 0
366 0
367 0
368 1
369 0
370 0
371 0
372 0
373 0
374 0
375 0
376 0
377 0
378 0
379 0
380 1
381 0
382 0
383 0
384 0
385 0
386 0
387 0
388 0
389 1
390 0
391 0
392 0
393 0
394 1
395 0
396 0
397 0
398 0
399 0
400 0
401 0
402 0
403 0
404 0
405 0
406 0
407 0
408 0
409 0
410 0
411 0
412 0
413 0
414 0
415 0
416 0
417 0
418 0
419 0
420 0
421 0
422 0
423 0
424 0
425 0
426 1
427 0
428 0
429 0
430 0
431 0
432 0
433 0
434 0
435 0
436 0
437 0
438 0
439 0
440 0
441 0
442 0
443 0
444 0
445 0
446 0
447 0
448 0
449 0
450 0
451 0
452 0
453 0
454 1
