0 0.466
1 0.466
2 0.466
3 0.466
4 0.466
5 0.466
6 0.466
7 0.466
8 0.466
9 0.466
10 0.466
11 0.466
12 0.466
13 0.466
14 0.466
15 0.466
16 0.466
17 0.466
18 0.466
19 0.466
20 0.466
21 0.466
22 0.466
23 0.466
24 0.466
25 0.466
26 0.466
27 0.466
28 0.466
29 0.466
30 0.466
31 0.466
32 0.466
33 0.466
34 0.466
35 0.466
36 0.466
37 0.466
38 0.466
39 0.466
40 0.466
41 0.466
42 0.466
43 0.466
44 0.466
45 0.466
46 0.466
47 0.466
48 0.466
49 0.466
50 0.466
51 0.466
52 0.466
53 0.466
54 0.466
55 0.466
56 0.466
57 0.466
58 0.466
59 0.466
60 0.466
61 0.466
62 0.466
63 0.466
64 0.466
65 0.466
66 0.466
67 0.466
68 0.466
69 0.466
70 0.466
71 0.466
72 0.466
73 0.466
74 0.466
75 0.466
76 0.466
77 0.466
78 0.466
79 0.466
80 0.466
81 0.466
82 0.466
83 0.466
84 0.466
85 0.466
86 0.466
87 0.466
88 0.466
89 0.466
90 0.466
91 0.466
