0 0.211
1 0.2011
2 0.2275
3 0.2143
4 0.2074
5 0.2165
6 0.2156
7 0.2106
8 0.196
9 0.1921
10 0.2147
11 0.2064
12 0.2278
13 0.2136
14 0.2124
15 0.198
16 0.209
17 0.2022
18 0.2081
19 0.2123
20 0.206
21 0.2059
22 0.2028
23 0.1956
24 0.211
25 0.201
26 0.2116
27 0.2196
28 0.215
29 0.2133
30 0.1785
31 0.2223
32 0.2028
33 0.2144
34 0.2082
35 0.2212
36 0.2053
37 0.2056
38 0.2102
39 0.2019
40 0.2072
41 0.1959
42 0.215
43 0.2184
44 0.2046
45 0.2299
46 0.2021
47 0.2161
48 0.189
49 0.1988
50 0.2087
51 0.2261
52 0.2186
53 0.2149
54 0.2018
55 0.2045
56 0.2202
57 0.1971
58 0.2043
59 0.2108
60 0.1945
61 0.1867
62 0.2067
63 0.2146
64 0.2151
65 0.21
66 0.1886
67 0.2216
68 0.2218
69 0.2133
70 0.2044
71 0.2023
72 0.2315
73 0.2117
74 0.2169
75 0.2064
76 0.2101
77 0.2262
78 0.2104
79 0.2038
80 0.1944
81 0.2075
82 0.2101
83 0.2168
84 0.2061
85 0.2054
86 0.2173
87 0.2212
88 0.2037
89 0.2096
90 0.2116
91 0.2049
92 0.2214
93 0.2138
94 0.2059
95 0.2224
96 0.2078
97 0.2128
98 0.2063
99 0.2138
100 0.2031
101 0.2228
102 0.21
103 0.2088
104 0.2017
105 0.2217
106 0.2029
107 0.1949
108 0.2101
109 0.2325
110 0.2253
