2 0.6891430864940798
3 0.6660803283494576
4 0.6292722155207077
5 0.626
6 0.6396786155747837
7 0.5911808669656203
8 0.5885078776645042
9 0.619
10 0.5964912280701754
11 0.6050775740479548
12 0.5937961595273265
13 0.5923566878980892
14 0.6259259259259259
15 0.5915492957746479
16 0.5958333333333333
17 0.6192660550458715
18 0.5858823529411765
19 0.5783783783783784
20 0.6054054054054054
21 0.5877437325905293
22 0.5229357798165137
23 0.6048109965635738
24 0.5764705882352941
25 0.5830258302583026
26 0.5754385964912281
27 0.56
28 0.55859375
29 0.5551020408163265
30 0.5535714285714286
31 0.5980861244019139
32 0.5756302521008403
33 0.5619047619047619
34 0.5754716981132075
35 0.5773195876288659
36 0.5991189427312775
37 0.5782608695652174
38 0.5887850467289719
39 0.5579399141630901
40 0.4603960396039604
41 0.4899328859060403
42 0.5644171779141104
43 0.621301775147929
44 0.5069444444444444
45 0.5859872611464968
46 0.6211180124223602
47 0.5714285714285714
48 0.5578231292517006
49 0.5684931506849316
50 0.5193798449612403
51 0.5344827586206896
52 0.5675675675675675
53 0.5377358490566038
54 0.5882352941176471
55 0.5517241379310345
56 0.6115702479338843
57 0.5370370370370371
58 0.5673076923076923
59 0.5544554455445545
60 0.608
61 0.5263157894736842
62 0.5952380952380952
63 0.5158730158730159
64 0.4375
65 0.5421686746987951
66 0.5416666666666666
67 0.6166666666666667
68 0.5737704918032787
69 0.6285714285714286
70 0.55
71 0.5681818181818182
72 0.46511627906976744
73 0.6931818181818182
74 0.47674418604651164
75 0.6962025316455697
76 0.6
77 0.6236559139784946
78 0.5728155339805825
79 0.5227272727272727
80 0.5875
81 0.550561797752809
82 0.5376344086021505
83 0.4827586206896552
84 0.5888888888888889
85 0.5227272727272727
86 0.5421686746987951
87 0.5287356321839081
88 0.5434782608695652
89 0.4777777777777778
90 0.5647058823529412
91 0.4939759036144578
92 0.6
93 0.5238095238095238
94 0.5581395348837209
95 0.5238095238095238
96 0.4714285714285714
97 0.6049382716049383
98 0.5510204081632653
