0 0.1972
1 0.1968
2 0.2033
3 0.1972
4 0.1953
5 0.2063
6 0.2007
7 0.1974
8 0.2089
9 0.1971
10 0.1954
11 0.1958
12 0.1999
13 0.1958
14 0.2036
15 0.1995
16 0.2013
17 0.2012
18 0.2014
19 0.2015
20 0.1939
21 0.1976
22 0.1914
23 0.2033
24 0.2014
25 0.1943
26 0.1934
27 0.2019
28 0.1953
29 0.203
30 0.2037
31 0.2067
32 0.1998
33 0.1984
34 0.2086
35 0.1967
36 0.191
37 0.1966
38 0.1958
39 0.1939
40 0.198
41 0.1959
42 0.193
43 0.2005
44 0.2031
45 0.1948
46 0.1974
47 0.2014
48 0.1951
49 0.1975
50 0.1953
51 0.2019
52 0.196
53 0.2068
54 0.2015
55 0.1979
56 0.1945
57 0.2007
58 0.1989
59 0.2016
60 0.2002
61 0.2057
62 0.1966
63 0.1996
64 0.2019
65 0.201
66 0.202
67 0.1933
68 0.201
69 0.1991
70 0.2015
71 0.1914
72 0.199
73 0.1991
74 0.1972
75 0.1995
76 0.1962
77 0.2018
78 0.2002
79 0.2004
80 0.2075
81 0.2041
82 0.2016
83 0.1984
84 0.2005
85 0.1978
86 0.2052
87 0.1978
88 0.1976
89 0.2024
90 0.202
91 0.1954
92 0.1987
93 0.2107
94 0.2003
95 0.207
96 0.192
97 0.2024
98 0.1935
99 0.1991
100 0.2035
101 0.2015
102 0.2094
103 0.1984
104 0.1978
105 0.2009
106 0.2048
107 0.196
108 0.2006
109 0.1923
110 0.1983
