0 1.0 1.0 2633661
1 -0.006398062416429094 1.4806165956051165 4558255
2 0.32087555800451995 2.050589747889765 2880129
3 0.23008758724510744 3.109432735732859 2688976
4 0.24947369414785656 4.054169380799985 2436321
5 0.2515444810543657 5.049423393739703 2233760
6 0.29033929033929035 6.107169802821977 2042469
7 0.29499554590161936 7.326296264658865 1884781
8 0.30107753788528246 8.432202160351354 1743883
9 0.3341002441881802 9.95071068640874 1629481
10 0.32276494130599737 10.933718179518843 1545899
11 0.30226318613680125 12.308418294877056 1457326
12 0.3461467350197496 13.992873350701739 1368385
13 0.309470702779253 15.297539387502212 1299270
14 0.2999438097021914 16.778160704251732 1227970
15 0.3316624080828571 18.298972088396496 1179187
16 0.27190294799602516 19.74159489897317 1110992
17 0.29425610019434245 21.16136903476571 1065130
18 0.26826050006709307 22.917542604106096 1028422
19 0.31507108109384596 24.566098332782317 973958
20 0.23522526336761887 26.02761935596344 923519
21 0.2776341639954503 27.779909006307516 889732
22 0.26659661601465673 29.36935553400151 853668
23 0.22854240731335704 30.96715760961571 815166
24 0.22241465347697184 33.21252238236416 783541
25 0.21405487804878048 34.76435975609756 754400
26 0.23900639914257793 36.86820288119031 729629
27 0.19117550860208019 37.22604173480735 703202
28 0.1484727934731306 39.6002966758816 682226
29 0.13395276809910955 40.384542286981315 653499
30 0.17085058819217944 42.772748928060984 627601
31 0.12597076290543627 44.91834170854271 604164
32 0.11792675259352405 47.80080949386985 585304
33 0.111634840061236 47.81077270163565 570906
34 0.08577353795105765 48.76433015346329 554530
35 0.05720853573907009 51.0669240111034 530288
36 0.07489678693232812 53.07211452162987 512532
37 0.015757519581035363 55.11859850767021 496271
38 -0.04291824866631422 56.247368674003944 478561
39 0.040927218344965106 60.50613160518445 461380
40 -0.05677147554459515 61.77245170571311 447672
41 -0.11463788816589959 61.14611437337989 434769
42 -0.13912128095739376 64.42301512549172 415127
43 -0.14007577965607695 66.17458466919265 394565
44 -0.11884560229445507 68.45620219885278 384928
45 -0.17564244436247387 69.04518627812615 374118
46 -0.1 74.04664981036663 363860
47 -0.10817544089687274 72.47557857470662 350819
48 -0.26116236783621793 74.23449390531349 341527
49 -0.3382229673093043 74.80413523330539 329268
50 -0.38521288837744533 78.32307249712314 319792
51 -0.4626522126522127 79.15198990198991 309764
52 -0.46634615384615385 80.40651709401709 301392
53 -0.29326432996157764 84.7628009095899 293319
54 -0.33978814961933135 86.84690499834493 277932
55 -0.3497917906008328 92.0936517379111 270641
56 -0.37682449270202917 88.15040939836241 258428
57 -0.5235951008645533 91.97352305475505 255392
58 -0.3885709010339734 94.48956794682422 249136
59 -0.5080143315104658 91.39147652272298 243938
60 -0.6978635829086632 91.40150921207369 234692
61 -0.5086886239644373 103.07749040210143 227654
62 -0.6499691421518207 101.22515943221559 223606
63 -0.4052308343922067 104.85376958915714 217212
64 -0.7811027074427271 100.20651101611313 209829
65 -0.6445487042001787 103.37310098302055 205896
66 -0.6363326128995563 104.91912182914344 202193
67 -0.9216617210682493 108.26575667655786 193775
68 -0.9438010483969279 108.36376935267585 188669
69 -0.7518640752964185 105.13959173695147 188163
70 -0.710479797979798 110.58674242424243 182160
71 -0.650026413100898 111.00977284733227 174156
72 -0.7484519058758773 119.98912893903949 167141
73 -1.0978990370586519 108.7780857893201 157642
74 -0.7724003596044351 122.01453401258615 153502
75 -1.026602176541717 115.26209189842805 152168
76 -0.6293157564344005 129.2445072190835 146556
77 -0.8189600507292327 129.39061509194673 145084
78 -0.9590916680581065 125.95458340290533 137747
79 -1.070553734690357 132.40055200966017 133331
80 -0.9742912484592358 128.50343370311674 130617
81 -0.7397061491021223 129.73444585525124 126799
82 -0.9501488095238095 130.92559523809524 123648
83 -1.1840562719812426 145.12114107073074 117714
84 -1.1445226130653265 129.93849246231156 114425
85 -1.2586350395339159 143.52372034956304 110538
86 -1.2432767894083574 146.1754240794373 111182
87 -1.1828382838283829 141.67744774477447 104535
88 -1.333796940194715 147.16643486323596 99222
89 -1.1010830324909748 155.4245487364621 95565
90 -1.7422982885085574 156.59559902200488 94070
91 -1.532811711256941 138.47778899545685 91126
92 -1.3586086086086087 147.0322822822823 91908
93 -1.2320968572900566 144.35832045337455 89286
94 -1.3796369376479873 163.12654564588266 87423
95 -1.5997308209959624 155.93674293405115 85445
96 -1.4779512462339086 172.00821692686935 83973
97 -1.6794074074074075 169.93955555555556 77625
98 -1.1972434915773353 171.91822358346096 75095
99 -1.30564166150031 154.9944203347799 74198
100 -1.3045669291338582 160.00755905511812 73025
101 -2.096454806771 185.79750878313638 72013
102 -1.5092436974789916 172.98487394957982 68425
103 -1.6672492135616916 176.80321565886055 65803
104 -1.404406538734897 168.51883439943143 64722
105 -1.3897581792318634 161.77098150782362 64676
106 -1.992080633549316 181.01583873290136 63894
107 -1.9647756766777902 178.91397849462365 62031
108 -2.2324595219737855 196.63955281418657 59662
109 -1.3501208702659147 174.35334407735698 57086
110 -1.8384013900955691 196.9721980886186 52946
111 -1.6778761061946903 189.6141592920354 51980
112 -1.6463679860809048 189.70378425402347 52877
113 -1.8051001821493624 192.60109289617486 50508
114 -2.075525812619503 190.45889101338432 48116
115 -2.178781925343811 211.56581532416502 46828
116 -2.0060331825037707 175.49824032176974 45747
117 -1.9852791878172589 181.79035532994925 45310
118 -2.4543589743589744 203.96615384615384 44850
119 -2.0716208939149166 199.5654281098546 42711
120 -1.3021739130434782 208.28369565217392 42320
121 -2.134049773755656 220.03902714932127 40664
122 -1.8554006968641115 174.15389082462252 39606
123 -2.3349084465445955 213.1063201417602 38939
124 -2.450030284675954 210.1992731677771 37973
125 -2.829375 197.521875 36800
126 -2.626865671641791 222.31018818948735 35443
127 -1.9345357381429527 220.05477621910487 34431
128 -2.0430916552667577 201.4028727770178 33626
129 -1.9646569646569647 210.92654192654192 33189
130 -2.0744452397995703 234.39370078740157 32131
131 -3.047794117647059 257.12573529411765 31280
132 -2.2467248908296944 236.0254730713246 31602
133 -2.8910207214121257 282.191097467383 29969
134 -2.8778979907264297 186.68778979907265 29762
135 -2.444353518821604 214.42471358428804 28106
136 -2.5148861646234675 204.46234676007006 26266
137 -2.8726765799256504 251.43029739776952 24748
138 -2.893796992481203 267.015977443609 24472
139 -2.3251184834123224 198.4559241706161 24265
140 -3.3618042226487526 283.52879078694815 23966
141 -2.3086680761099365 232.11627906976744 21758
142 -2.4097859327217126 233.40468909276248 22563
143 -3.268762677484787 238.8367139959432 22678
144 -3.63265306122449 295.2358276643991 20286
145 -2.4110629067245117 221.05097613882864 21206
146 -3.1700975081256773 231.33911159263272 21229
147 -2.467403314917127 245.67403314917127 20815
148 -2.8425584255842558 286.87453874538744 18699
149 -3.900121802679659 282.6504263093788 18883
150 -3.379266750948167 248.99494310998736 18193
151 -3.033422459893048 319.2847593582888 17204
152 -3.557446808510638 356.1475177304965 16215
153 -2.5631500742942053 241.03268945022288 15479
154 -2.672386895475819 280.8939157566303 14743
155 -3.751592356687898 281.5700636942675 14444
156 -1.4691943127962086 325.65876777251185 14559
157 -2.5032154340836015 252.65112540192925 14306
158 -3.384228187919463 264.0822147651007 13708
159 -3.1745513866231647 284.5057096247961 14099
160 -2.741554054054054 216.52195945945945 13616
161 -4.506734006734007 334.7255892255892 13662
162 -3.74017094017094 284.7897435897436 13455
163 -4.017921146953405 308.3763440860215 12834
164 -2.5649717514124295 249.11487758945387 12213
165 -3.3031914893617023 228.8421985815603 12972
166 -2.5965250965250966 334.9054054054054 11914
167 -2.7903225806451615 322.1693548387097 11408
168 -3.5551257253384914 251.40038684719536 11891
169 -2.8562628336755647 267.33264887063655 11201
170 -2.6821052631578945 323.4063157894737 10925
171 -3.4780600461893765 359.4780600461894 9959
172 -4.525547445255475 337.24087591240874 9453
173 -3.0051546391752577 285.4742268041237 8924
174 -4.557788944723618 303.3115577889447 9154
175 -2.3225806451612905 266.9193548387097 8556
176 -3.3342939481268012 416.45244956772336 7981
177 -3.827956989247312 431.1989247311828 8556
178 -3.5502793296089385 292.93575418994413 8234
179 -0.7253731343283583 436.8149253731343 7705
180 -2.0092024539877302 210.53680981595093 7498
181 -3.607361963190184 355.5398773006135 7498
182 -2.9177215189873418 297.77848101265823 7268
183 -2.705084745762712 290.83389830508474 6785
184 -5.053511705685619 345.53511705685617 6877
185 -5.187096774193549 405.68387096774194 7130
186 -3.010452961672474 281.6306620209059 6601
187 -3.9712460063897765 355.26837060702877 7199
188 -2.122112211221122 183.17821782178217 6969
189 -3.1258278145695364 262.5430463576159 6946
190 -3.9184397163120566 293.7482269503546 6486
191 -3.292929292929293 340.92255892255895 6831
192 -2.524822695035461 278.9929078014184 6486
193 -4.66023166023166 424.8532818532818 5957
194 -3.1129032258064515 264.30645161290323 5704
195 -5.262443438914027 473.40723981900453 5083
196 -4.184873949579832 318.47899159663865 5474
197 -2.6234309623430963 342.1548117154812 5497
198 -3.6724890829694323 297.94323144104806 5267
199 -4.662222222222222 401.53333333333336 5175
200 -3.618279569892473 235.29569892473117 4278
201 -2.6989795918367347 170.06632653061226 4508
202 -2.625 239.08152173913044 4232
203 -4.714285714285714 448.7959183673469 4508
204 -2.0730337078651684 306.5 4094
205 -5.914285714285715 380.5314285714286 4025
206 -4.950354609929078 534.7375886524823 3243
207 -5.6503067484662575 465.09815950920245 3749
208 -4.254237288135593 531.8361581920904 4071
209 -4.6923076923076925 282.38461538461536 3588
210 -4.129251700680272 317.53061224489795 3381
211 -2.605839416058394 206.86861313868613 3151
212 -2.4 351.5851851851852 3105
213 -6.7846153846153845 494.2153846153846 2990
214 -6.123893805309734 537.0088495575221 2599
215 -6.989795918367347 613.3367346938776 2254
216 -0.375 138.60416666666666 2208
217 -2.4152542372881354 336.99152542372883 2714
218 -3.4745762711864407 291.7457627118644 2714
219 -3.9747899159663866 596.5966386554621 2737
220 -2.7557251908396947 259.6106870229008 3013
221 -3.9913793103448274 499.11206896551727 2668
222 -2.806201550387597 260.015503875969 2967
223 -4.968503937007874 376.496062992126 2921
224 -4.689655172413793 385.95402298850576 2001
225 -7.966292134831461 614.056179775281 2047
226 -9.378048780487806 706.4024390243902 1886
227 -6.22093023255814 485.1046511627907 1978
228 -4.409638554216867 342.578313253012 1909
229 -6.477777777777778 455.0777777777778 2070
230 -5.6117647058823525 527.9882352941177 1955
231 -4.6911764705882355 545.0735294117648 1564
232 -3.03125 305.875 1472
233 -4.064102564102564 233.9102564102564 1794
234 -4.972602739726027 506.17808219178085 1679
235 -7.819277108433735 638.6144578313254 1909
236 -4.958904109589041 264.16438356164383 1679
237 -5.742424242424242 296.7121212121212 1518
238 -6.125 397.625 1472
239 -4.365079365079365 385.73015873015873 1449
240 -8.168831168831169 713.0519480519481 1771
241 -7.166666666666667 468.8333333333333 1656
242 -4.677966101694915 271.59322033898303 1357
243 -4.433333333333334 319.8333333333333 1380
244 0.5967741935483871 394.7258064516129 1426
245 -4.580645161290323 256.4193548387097 1426
246 -1.0 440.8666666666667 1035
247 -1.2 37.4 1150
248 -4.125 278.51785714285717 1288
249 -1.3478260869565217 199.0 1058
250 -5.2745098039215685 755.7058823529412 1173
251 -3.0925925925925926 645.0185185185185 1242
252 -6.365384615384615 550.2115384615385 1196
253 -2.8679245283018866 329.9622641509434 1219
254 -12.7 1001.94 1150
255 -11.972222222222221 1250.8055555555557 828
256 -6.275 468.575 920
257 -1.75 239.63888888888889 828
258 -11.625 1116.75 736
259 -4.040816326530612 307.59183673469386 1127
260 -5.155555555555556 368.4 1035
261 -5.043478260869565 394.7826086956522 1058
262 -7.416666666666667 700.8611111111111 828
263 -1.0294117647058822 77.44117647058823 782
264 -3.161290322580645 374.4516129032258 713
265 -7.125 964.125 736
266 -12.92 1310.84 575
267 -5.666666666666667 235.38095238095238 483
268 -9.863636363636363 868.2272727272727 506
269 -9.08695652173913 742.9130434782609 529
270 1.8181818181818181 94.18181818181819 506
271 -17.238095238095237 1422.0 483
272 -4.0476190476190474 460.6190476190476 483
273 -18.42105263157895 1892.3157894736842 437
274 -4.375 576.625 368
275 -0.8888888888888888 60.44444444444444 621
276 -4.125 283.0416666666667 552
277 -4.84 521.48 575
278 -6.6923076923076925 770.6153846153846 598
279 -16.941176470588236 1584.9411764705883 391
280 -11.384615384615385 1223.5384615384614 299
281 -12.181818181818182 682.0 253
282 -15.11111111111111 1232.4444444444443 207
283 -9.222222222222221 410.1111111111111 207
284 -20.181818181818183 2492.0 253
285 -1.6363636363636365 42.18181818181818 253
286 -1.75 10.75 184
287 -12.2 1912.2 230
288 -5.428571428571429 644.8571428571429 322
289 0.2727272727272727 16.454545454545453 253
290 -5.25 900.9166666666666 276
291 -0.35714285714285715 75.78571428571429 322
292 -8.733333333333333 423.8 345
293 -5.045454545454546 208.13636363636363 506
294 -5.8125 394.3125 368
295 -8.25 887.25 368
296 -9.625 1174.0416666666667 552
297 -1.1304347826086956 25.217391304347824 529
298 -0.18181818181818182 5.2727272727272725 253
299 -0.8571428571428571 36.0 161
300 -19.333333333333332 1887.3333333333333 138
301 -3.0 116.14285714285714 161
302 -6.0 173.6 115
303 0.875 82.125 184
304 -0.16666666666666666 1.5 138
305 -6.2 590.2 230
306 -1.6 11.2 115
307 -2.6 45.8 115
308 27.666666666666668 4637.333333333333 138
309 -71.66666666666667 8160.333333333333 69
310 -3.2 65.6 115
311 -0.3333333333333333 3.6666666666666665 138
312 -16.285714285714285 2465.4285714285716 161
313 -7.4 429.8 115
314 1.3333333333333333 2.0 69
315 5.0 111.0 92
316 0.3333333333333333 1.0 69
317 -6.5 445.5 92
318 -61.0 7321.0 46
319 -2.2 26.6 115
320 -0.2 1.0 115
321 3.3333333333333335 328.6666666666667 69
323 1.0 1.0 23
324 -19.666666666666668 816.3333333333334 69
325 1.6 8.0 115
326 -17.875 3222.625 184
327 4.833333333333333 380.8333333333333 138
328 1.1666666666666667 4.833333333333333 138
329 -15.166666666666666 1575.8333333333333 138
330 -15.833333333333334 1571.5 138
331 4.875 179.875 184
332 -5.555555555555555 201.11111111111111 207
333 1.8888888888888888 39.0 207
334 -0.6666666666666666 2.0 69
335 1.5 38.5 138
336 -2.857142857142857 25.428571428571427 161
337 1.25 9.75 92
338 -0.3333333333333333 1.0 69
339 -1.0 3.6666666666666665 69
340 4.75 126.75 92
341 -1.0 7.0 92
342 -5.142857142857143 96.0 161
343 0.6363636363636364 52.09090909090909 253
344 -2.25 22.0 184
345 -1.3333333333333333 2.0 69
347 5.0 25.0 23
348 1.0 1.0 23
349 1.5 2.5 46
350 3.3333333333333335 22.0 69
351 -1.3333333333333333 24.0 138
352 1.5 13.0 92
353 0.5 3.0 92
354 -14.2 1163.0 115
355 0.2 1.0 115
356 -0.375 4.375 184
357 2.2857142857142856 52.857142857142854 161
358 14.833333333333334 1104.8333333333333 138
359 -7.666666666666667 385.3333333333333 138
360 -0.2 1.0 115
361 4.666666666666667 122.33333333333333 138
362 -4.0 69.0 138
363 1.8333333333333333 17.5 138
364 -0.5 1.0 92
365 1.0 1.0 92
366 14.875 1718.625 184
367 -1.3333333333333333 2.0 69
370 -12.0 476.6666666666667 69
371 0.3333333333333333 1.0 69
372 3.5 97.83333333333333 138
373 -19.166666666666668 2243.5 138
374 -1.625 62.375 184
375 -1.3333333333333333 2.0 69
376 -1.6666666666666667 3.0 69
380 -7.0 49.0 23
381 -1.0 1.0 23
382 5.0 57.0 69
383 -3.5 43.0 92
384 -1.0 1.0 46
385 0.0 1.0 46
386 -1.0 1.0 23
387 -66.0 8845.0 46
388 0.0 2.0 69
389 0.0 1.0 46
390 0.0 1.0 92
391 0.0 1.0 46
392 1.0 1.0 46
393 0.0 1.0 46
394 -64.0 11912.666666666666 69
395 24.333333333333332 1777.0 69
396 -0.6666666666666666 2.0 69
397 1.0 1.0 46
398 -1.5 2.5 46
399 4.666666666666667 48.666666666666664 69
400 -0.5 1.0 92
401 -1.0 1.0 23
402 1.0 1.0 23
403 -1.0 5.0 46
404 -1.0 1.0 23
406 -10.0 221.0 46
407 -1.5 7.0 92
408 -1.0 1.0 46
410 -1.0 5.0 46
411 0.6666666666666666 2.0 69
412 10.5 266.5 46
413 0.0 1.0 46
414 0.3333333333333333 1.0 69
415 0.3333333333333333 1.0 69
416 -4.5 32.5 46
419 1.0 1.0 23
420 0.6666666666666666 2.0 69
421 -7.0 49.0 23
422 1.0 1.0 23
423 -3.0 9.0 23
435 -24.0 576.0 23
436 3.0 9.0 23
438 -131.0 17161.0 23
439 8.333333333333334 209.0 69
440 1.0 1.0 23
441 -2.0 4.0 23
448 2.0 4.0 23
450 1.0 1.0 23
451 1.0 1.0 23
452 1.0 1.0 23
453 4.0 16.0 23
456 5.0 25.0 23
457 -85.5 14792.5 46
458 0.0 4.0 46
459 -1.0 1.0 23
460 0.0 1.0 46
461 1.5 190.5 92
462 1.0 3.6666666666666665 69
463 0.5 5.5 92
464 1.0 5.0 46
465 -1.3333333333333333 4.666666666666667 69
466 -1.25 4.75 92
467 13.2 485.6 115
468 -1.0 1.0 46
471 -5.0 25.0 23
472 -1.0 1.0 23
474 -2.0 4.0 23
477 -41.0 1681.0 23
478 -1.0 1.0 23
479 -1.0 1.0 23
480 -1.0 1.0 23
481 1.0 1.0 23
482 -1.5 2.5 46
483 -1.0 1.0 23
485 2.0 4.0 23
487 1.0 1.0 69
488 16.0 1057.0 92
489 -13.5 338.5 46
491 -243.0 59049.0 23
492 -0.3333333333333333 3.6666666666666665 69
493 -1.0 1.0 46
494 -2.0 4.0 23
495 2.0 4.0 23
497 96.0 9216.0 23
502 4.0 16.0 23
506 1.0 1.0 23
507 -13.0 169.0 23
509 -7.0 49.0 23
510 -1.0 1.0 23
514 14.0 196.0 23
527 1.0 1.0 23
528 4.0 48.666666666666664 69
529 -1.0 1.0 23
540 13.0 169.0 23
547 1.0 1.0 23
548 1.0 1.0 23
549 -0.5 2.5 46
550 -130.0 16900.0 23
551 1.0 1.0 23
552 0.0 1.0 46
553 1.0 27.0 69
557 51.0 2601.0 23
558 -1.0 1.0 23
559 -1.0 1.0 23
560 -1.0 1.0 23
561 1.0 1.0 23
562 1.0 1.0 23
563 -3.0 9.0 23
583 9.0 81.0 23
590 5.0 25.0 23
591 -1.0 1.0 23
592 -1.0 1.0 23
593 1.0 1.0 23
594 -105.5 22472.5 46
595 8.5 162.5 46
608 -25.0 625.0 23
613 2.0 4.0 23
615 -101.0 10201.0 23
