-1946 1
-1945 0
-1944 0
-1943 0
-1942 0
-1941 0
-1940 0
-1939 0
-1938 0
-1937 0
-1936 0
-1935 0
-1934 0
-1933 0
-1932 0
-1931 0
-1930 0
-1929 0
-1928 0
-1927 0
-1926 0
-1925 1
-1924 0
-1923 0
-1922 0
-1921 0
-1920 1
-1919 0
-1918 0
-1917 0
-1916 0
-1915 0
-1914 0
-1913 0
-1912 0
-1911 1
-1910 0
-1909 0
-1908 0
-1907 0
-1906 0
-1905 0
-1904 0
-1903 0
-1902 0
-1901 0
-1900 0
-1899 0
-1898 0
-1897 0
-1896 0
-1895 0
-1894 0
-1893 0
-1892 0
-1891 0
-1890 0
-1889 0
-1888 0
-1887 0
-1886 0
-1885 0
-1884 0
-1883 0
-1882 0
-1881 0
-1880 0
-1879 0
-1878 0
-1877 0
-1876 0
-1875 0
-1874 0
-1873 0
-1872 0
-1871 0
-1870 0
-1869 0
-1868 0
-1867 0
-1866 0
-1865 0
-1864 0
-1863 0
-1862 0
-1861 0
-1860 0
-1859 0
-1858 0
-1857 0
-1856 0
-1855 0
-1854 0
-1853 0
-1852 0
-1851 0
-1850 0
-1849 0
-1848 0
-1847 0
-1846 0
-1845 0
-1844 0
-1843 0
-1842 0
-1841 0
-1840 0
-1839 0
-1838 0
-1837 0
-1836 0
-1835 0
-1834 0
-1833 0
-1832 0
-1831 0
-1830 0
-1829 0
-1828 0
-1827 0
-1826 0
-1825 0
-1824 0
-1823 0
-1822 0
-1821 0
-1820 0
-1819 0
-1818 0
-1817 0
-1816 0
-1815 0
-1814 0
-1813 0
-1812 0
-1811 0
-1810 0
-1809 0
-1808 0
-1807 0
-1806 0
-1805 0
-1804 0
-1803 0
-1802 0
-1801 0
-1800 0
-1799 0
-1798 0
-1797 0
-1796 0
-1795 0
-1794 0
-1793 0
-1792 0
-1791 0
-1790 0
-1789 0
-1788 0
-1787 0
-1786 0
-1785 0
-1784 0
-1783 0
-1782 0
-1781 0
-1780 0
-1779 0
-1778 0
-1777 0
-1776 0
-1775 0
-1774 0
-1773 0
-1772 0
-1771 0
-1770 0
-1769 0
-1768 0
-1767 0
-1766 0
-1765 0
-1764 0
-1763 0
-1762 0
-1761 0
-1760 0
-1759 0
-1758 1
-1757 0
-1756 0
-1755 0
-1754 0
-1753 0
-1752 0
-1751 0
-1750 0
-1749 0
-1748 0
-1747 0
-1746 0
-1745 0
-1744 0
-1743 0
-1742 0
-1741 0
-1740 0
-1739 0
-1738 0
-1737 0
-1736 0
-1735 0
-1734 0
-1733 0
-1732 0
-1731 0
-1730 0
-1729 0
-1728 0
-1727 0
-1726 0
-1725 0
-1724 0
-1723 0
-1722 0
-1721 0
-1720 0
-1719 0
-1718 0
-1717 0
-1716 0
-1715 0
-1714 0
-1713 0
-1712 0
-1711 0
-1710 0
-1709 0
-1708 0
-1707 0
-1706 0
-1705 0
-1704 0
-1703 0
-1702 0
-1701 0
-1700 0
-1699 0
-1698 0
-1697 0
-1696 0
-1695 0
-1694 0
-1693 0
-1692 0
-1691 0
-1690 0
-1689 0
-1688 0
-1687 0
-1686 0
-1685 1
-1684 0
-1683 0
-1682 0
-1681 0
-1680 0
-1679 0
-1678 0
-1677 0
-1676 0
-1675 0
-1674 0
-1673 0
-1672 0
-1671 0
-1670 0
-1669 0
-1668 0
-1667 0
-1666 0
-1665 0
-1664 0
-1663 0
-1662 0
-1661 0
-1660 0
-1659 0
-1658 0
-1657 0
-1656 0
-1655 0
-1654 1
-1653 0
-1652 0
-1651 0
-1650 0
-1649 0
-1648 0
-1647 0
-1646 0
-1645 0
-1644 0
-1643 0
-1642 0
-1641 0
-1640 0
-1639 0
-1638 0
-1637 0
-1636 0
-1635 1
-1634 1
-1633 0
-1632 0
-1631 0
-1630 0
-1629 0
-1628 0
-1627 0
-1626 0
-1625 0
-1624 0
-1623 0
-1622 0
-1621 0
-1620 0
-1619 0
-1618 0
-1617 0
-1616 0
-1615 0
-1614 0
-1613 0
-1612 0
-1611 0
-1610 0
-1609 0
-1608 0
-1607 0
-1606 0
-1605 0
-1604 0
-1603 0
-1602 0
-1601 0
-1600 0
-1599 0
-1598 0
-1597 0
-1596 0
-1595 0
-1594 0
-1593 0
-1592 0
-1591 0
-1590 0
-1589 0
-1588 0
-1587 0
-1586 0
-1585 0
-1584 0
-1583 0
-1582 0
-1581 1
-1580 0
-1579 0
-1578 0
-1577 1
-1576 1
-1575 0
-1574 0
-1573 0
-1572 0
-1571 0
-1570 0
-1569 0
-1568 0
-1567 0
-1566 0
-1565 0
-1564 0
-1563 0
-1562 0
-1561 0
-1560 0
-1559 0
-1558 0
-1557 0
-1556 0
-1555 0
-1554 0
-1553 0
-1552 0
-1551 0
-1550 0
-1549 0
-1548 1
-1547 0
-1546 0
-1545 0
-1544 0
-1543 0
-1542 0
-1541 0
-1540 1
-1539 0
-1538 0
-1537 0
-1536 0
-1535 0
-1534 0
-1533 0
-1532 0
-1531 0
-1530 0
-1529 0
-1528 1
-1527 0
-1526 0
-1525 0
-1524 0
-1523 0
-1522 1
-1521 0
-1520 0
-1519 0
-1518 0
-1517 0
-1516 0
-1515 0
-1514 0
-1513 0
-1512 0
-1511 0
-1510 0
-1509 0
-1508 0
-1507 0
-1506 1
-1505 0
-1504 0
-1503 0
-1502 0
-1501 0
-1500 1
-1499 0
-1498 0
-1497 0
-1496 0
-1495 0
-1494 0
-1493 1
-1492 0
-1491 0
-1490 0
-1489 0
-1488 0
-1487 2
-1486 0
-1485 1
-1484 0
-1483 0
-1482 0
-1481 0
-1480 0
-1479 0
-1478 0
-1477 0
-1476 0
-1475 0
-1474 0
-1473 0
-1472 0
-1471 0
-1470 0
-1469 0
-1468 0
-1467 0
-1466 0
-1465 1
-1464 1
-1463 0
-1462 0
-1461 1
-1460 0
-1459 1
-1458 0
-1457 1
-1456 0
-1455 0
-1454 0
-1453 0
-1452 0
-1451 0
-1450 1
-1449 0
-1448 0
-1447 0
-1446 0
-1445 0
-1444 0
-1443 0
-1442 0
-1441 0
-1440 0
-1439 0
-1438 0
-1437 0
-1436 0
-1435 0
-1434 0
-1433 0
-1432 0
-1431 0
-1430 0
-1429 0
-1428 0
-1427 0
-1426 0
-1425 0
-1424 0
-1423 0
-1422 1
-1421 0
-1420 0
-1419 0
-1418 0
-1417 0
-1416 0
-1415 0
-1414 1
-1413 0
-1412 0
-1411 0
-1410 0
-1409 0
-1408 0
-1407 0
-1406 0
-1405 0
-1404 0
-1403 0
-1402 0
-1401 1
-1400 1
-1399 0
-1398 1
-1397 0
-1396 0
-1395 1
-1394 0
-1393 1
-1392 0
-1391 0
-1390 0
-1389 0
-1388 0
-1387 0
-1386 1
-1385 0
-1384 0
-1383 0
-1382 0
-1381 0
-1380 0
-1379 0
-1378 1
-1377 0
-1376 0
-1375 0
-1374 0
-1373 0
-1372 0
-1371 0
-1370 0
-1369 0
-1368 0
-1367 0
-1366 0
-1365 0
-1364 0
-1363 0
-1362 0
-1361 0
-1360 0
-1359 0
-1358 0
-1357 0
-1356 0
-1355 0
-1354 0
-1353 0
-1352 0
-1351 0
-1350 0
-1349 0
-1348 0
-1347 0
-1346 0
-1345 0
-1344 0
-1343 0
-1342 0
-1341 0
-1340 0
-1339 0
-1338 0
-1337 0
-1336 0
-1335 0
-1334 0
-1333 1
-1332 0
-1331 0
-1330 0
-1329 0
-1328 0
-1327 0
-1326 0
-1325 0
-1324 0
-1323 0
-1322 0
-1321 0
-1320 0
-1319 0
-1318 0
-1317 0
-1316 0
-1315 0
-1314 0
-1313 0
-1312 0
-1311 0
-1310 0
-1309 1
-1308 0
-1307 0
-1306 1
-1305 0
-1304 0
-1303 0
-1302 0
-1301 0
-1300 0
-1299 0
-1298 0
-1297 2
-1296 0
-1295 0
-1294 0
-1293 1
-1292 1
-1291 1
-1290 1
-1289 0
-1288 0
-1287 0
-1286 0
-1285 0
-1284 0
-1283 0
-1282 0
-1281 0
-1280 0
-1279 0
-1278 0
-1277 0
-1276 0
-1275 0
-1274 0
-1273 0
-1272 0
-1271 0
-1270 0
-1269 0
-1268 1
-1267 0
-1266 0
-1265 0
-1264 1
-1263 0
-1262 0
-1261 0
-1260 0
-1259 0
-1258 1
-1257 0
-1256 0
-1255 0
-1254 1
-1253 0
-1252 0
-1251 0
-1250 0
-1249 0
-1248 0
-1247 0
-1246 0
-1245 0
-1244 0
-1243 0
-1242 1
-1241 0
-1240 1
-1239 0
-1238 0
-1237 0
-1236 0
-1235 0
-1234 0
-1233 0
-1232 0
-1231 0
-1230 0
-1229 0
-1228 0
-1227 1
-1226 0
-1225 0
-1224 0
-1223 0
-1222 0
-1221 0
-1220 0
-1219 0
-1218 0
-1217 0
-1216 0
-1215 0
-1214 0
-1213 0
-1212 0
-1211 0
-1210 0
-1209 0
-1208 1
-1207 0
-1206 0
-1205 0
-1204 0
-1203 0
-1202 0
-1201 0
-1200 0
-1199 1
-1198 0
-1197 0
-1196 0
-1195 0
-1194 0
-1193 0
-1192 0
-1191 0
-1190 0
-1189 0
-1188 0
-1187 0
-1186 0
-1185 0
-1184 2
-1183 0
-1182 0
-1181 0
-1180 0
-1179 0
-1178 0
-1177 0
-1176 0
-1175 0
-1174 0
-1173 0
-1172 0
-1171 0
-1170 0
-1169 0
-1168 0
-1167 0
-1166 0
-1165 0
-1164 0
-1163 0
-1162 0
-1161 0
-1160 0
-1159 0
-1158 0
-1157 0
-1156 0
-1155 0
-1154 0
-1153 0
-1152 0
-1151 0
-1150 1
-1149 1
-1148 0
-1147 0
-1146 0
-1145 0
-1144 1
-1143 0
-1142 0
-1141 0
-1140 0
-1139 1
-1138 0
-1137 0
-1136 0
-1135 0
-1134 2
-1133 0
-1132 0
-1131 0
-1130 0
-1129 0
-1128 0
-1127 0
-1126 0
-1125 1
-1124 1
-1123 0
-1122 0
-1121 0
-1120 0
-1119 0
-1118 0
-1117 0
-1116 0
-1115 0
-1114 1
-1113 0
-1112 0
-1111 0
-1110 0
-1109 1
-1108 0
-1107 0
-1106 1
-1105 0
-1104 0
-1103 0
-1102 0
-1101 0
-1100 0
-1099 0
-1098 0
-1097 0
-1096 0
-1095 0
-1094 0
-1093 0
-1092 2
-1091 0
-1090 0
-1089 0
-1088 1
-1087 1
-1086 0
-1085 0
-1084 1
-1083 0
-1082 0
-1081 0
-1080 0
-1079 1
-1078 0
-1077 0
-1076 0
-1075 1
-1074 0
-1073 0
-1072 0
-1071 0
-1070 0
-1069 0
-1068 0
-1067 0
-1066 0
-1065 0
-1064 0
-1063 0
-1062 0
-1061 0
-1060 0
-1059 0
-1058 0
-1057 1
-1056 1
-1055 0
-1054 0
-1053 0
-1052 0
-1051 0
-1050 1
-1049 0
-1048 0
-1047 0
-1046 1
-1045 0
-1044 1
-1043 0
-1042 0
-1041 1
-1040 0
-1039 0
-1038 0
-1037 0
-1036 0
-1035 0
-1034 0
-1033 0
-1032 1
-1031 0
-1030 0
-1029 0
-1028 0
-1027 0
-1026 0
-1025 0
-1024 0
-1023 0
-1022 0
-1021 0
-1020 0
-1019 0
-1018 1
-1017 0
-1016 0
-1015 0
-1014 0
-1013 1
-1012 0
-1011 0
-1010 0
-1009 0
-1008 0
-1007 0
-1006 0
-1005 0
-1004 0
-1003 2
-1002 1
-1001 0
-1000 0
-999 0
-998 0
-997 1
-996 1
-995 1
-994 1
-993 1
-992 0
-991 1
-990 1
-989 1
-988 0
-987 0
-986 1
-985 0
-984 1
-983 1
-982 0
-981 1
-980 1
-979 1
-978 1
-977 0
-976 0
-975 0
-974 0
-973 0
-972 0
-971 0
-970 0
-969 0
-968 0
-967 0
-966 1
-965 0
-964 0
-963 1
-962 0
-961 0
-960 0
-959 0
-958 0
-957 0
-956 0
-955 0
-954 0
-953 0
-952 0
-951 0
-950 1
-949 0
-948 0
-947 0
-946 2
-945 0
-944 0
-943 1
-942 2
-941 1
-940 0
-939 1
-938 0
-937 0
-936 0
-935 1
-934 0
-933 0
-932 0
-931 0
-930 0
-929 0
-928 0
-927 0
-926 0
-925 0
-924 2
-923 0
-922 1
-921 0
-920 1
-919 0
-918 0
-917 0
-916 0
-915 0
-914 0
-913 0
-912 0
-911 0
-910 0
-909 1
-908 1
-907 0
-906 0
-905 1
-904 1
-903 0
-902 0
-901 0
-900 0
-899 0
-898 0
-897 0
-896 0
-895 0
-894 0
-893 2
-892 0
-891 0
-890 1
-889 0
-888 1
-887 0
-886 1
-885 0
-884 0
-883 2
-882 1
-881 0
-880 0
-879 0
-878 1
-877 0
-876 0
-875 0
-874 0
-873 1
-872 0
-871 0
-870 0
-869 0
-868 1
-867 1
-866 0
-865 0
-864 1
-863 1
-862 0
-861 0
-860 0
-859 1
-858 0
-857 1
-856 0
-855 1
-854 1
-853 0
-852 0
-851 0
-850 0
-849 0
-848 0
-847 0
-846 0
-845 1
-844 1
-843 1
-842 0
-841 0
-840 0
-839 0
-838 1
-837 0
-836 0
-835 0
-834 0
-833 1
-832 0
-831 1
-830 0
-829 0
-828 0
-827 0
-826 1
-825 2
-824 1
-823 1
-822 0
-821 1
-820 1
-819 1
-818 1
-817 0
-816 0
-815 0
-814 0
-813 0
-812 0
-811 0
-810 1
-809 0
-808 0
-807 0
-806 0
-805 1
-804 0
-803 0
-802 2
-801 0
-800 0
-799 0
-798 1
-797 0
-796 0
-795 1
-794 0
-793 0
-792 0
-791 1
-790 0
-789 2
-788 1
-787 0
-786 0
-785 0
-784 3
-783 0
-782 0
-781 1
-780 0
-779 0
-778 1
-777 1
-776 1
-775 0
-774 0
-773 0
-772 0
-771 2
-770 0
-769 1
-768 0
-767 0
-766 1
-765 1
-764 0
-763 0
-762 0
-761 1
-760 0
-759 0
-758 1
-757 0
-756 0
-755 2
-754 1
-753 0
-752 1
-751 2
-750 0
-749 0
-748 1
-747 1
-746 1
-745 0
-744 0
-743 1
-742 1
-741 0
-740 1
-739 0
-738 0
-737 2
-736 0
-735 0
-734 0
-733 0
-732 1
-731 0
-730 0
-729 0
-728 1
-727 1
-726 0
-725 0
-724 0
-723 1
-722 0
-721 0
-720 1
-719 0
-718 0
-717 0
-716 0
-715 2
-714 1
-713 0
-712 1
-711 0
-710 0
-709 1
-708 0
-707 2
-706 0
-705 0
-704 0
-703 2
-702 1
-701 0
-700 0
-699 1
-698 0
-697 0
-696 1
-695 1
-694 0
-693 0
-692 0
-691 1
-690 1
-689 1
-688 0
-687 0
-686 0
-685 0
-684 0
-683 0
-682 0
-681 0
-680 1
-679 0
-678 0
-677 1
-676 0
-675 1
-674 0
-673 0
-672 0
-671 0
-670 0
-669 1
-668 1
-667 0
-666 0
-665 0
-664 0
-663 1
-662 1
-661 1
-660 2
-659 1
-658 0
-657 0
-656 0
-655 1
-654 1
-653 0
-652 0
-651 0
-650 1
-649 0
-648 0
-647 0
-646 1
-645 0
-644 0
-643 0
-642 0
-641 1
-640 0
-639 1
-638 0
-637 1
-636 0
-635 0
-634 1
-633 1
-632 3
-631 1
-630 0
-629 2
-628 2
-627 1
-626 1
-625 2
-624 1
-623 2
-622 2
-621 1
-620 0
-619 0
-618 0
-617 0
-616 0
-615 1
-614 1
-613 0
-612 0
-611 0
-610 1
-609 0
-608 0
-607 1
-606 0
-605 0
-604 0
-603 0
-602 0
-601 0
-600 0
-599 0
-598 2
-597 3
-596 1
-595 2
-594 1
-593 0
-592 2
-591 0
-590 3
-589 0
-588 0
-587 1
-586 0
-585 2
-584 0
-583 0
-582 2
-581 1
-580 1
-579 1
-578 1
-577 1
-576 0
-575 0
-574 0
-573 2
-572 2
-571 0
-570 1
-569 1
-568 1
-567 2
-566 0
-565 0
-564 0
-563 1
-562 0
-561 0
-560 0
-559 1
-558 0
-557 0
-556 0
-555 2
-554 0
-553 1
-552 0
-551 2
-550 0
-549 0
-548 0
-547 4
-546 1
-545 0
-544 1
-543 1
-542 0
-541 0
-540 1
-539 0
-538 1
-537 1
-536 0
-535 1
-534 1
-533 2
-532 1
-531 1
-530 2
-529 0
-528 3
-527 1
-526 3
-525 1
-524 1
-523 0
-522 0
-521 1
-520 1
-519 3
-518 2
-517 0
-516 0
-515 1
-514 1
-513 1
-512 0
-511 1
-510 2
-509 1
-508 0
-507 0
-506 0
-505 0
-504 1
-503 0
-502 1
-501 4
-500 2
-499 0
-498 1
-497 2
-496 0
-495 1
-494 0
-493 0
-492 2
-491 0
-490 0
-489 0
-488 0
-487 1
-486 0
-485 1
-484 2
-483 0
-482 0
-481 1
-480 1
-479 2
-478 0
-477 1
-476 1
-475 2
-474 2
-473 0
-472 0
-471 2
-470 1
-469 3
-468 0
-467 0
-466 1
-465 0
-464 0
-463 2
-462 1
-461 0
-460 0
-459 0
-458 0
-457 2
-456 2
-455 0
-454 0
-453 3
-452 2
-451 1
-450 1
-449 0
-448 1
-447 0
-446 0
-445 1
-444 1
-443 0
-442 0
-441 0
-440 1
-439 3
-438 1
-437 0
-436 3
-435 0
-434 3
-433 2
-432 2
-431 3
-430 1
-429 0
-428 1
-427 1
-426 3
-425 0
-424 4
-423 0
-422 0
-421 1
-420 1
-419 1
-418 0
-417 2
-416 1
-415 1
-414 0
-413 2
-412 3
-411 2
-410 0
-409 1
-408 0
-407 1
-406 1
-405 1
-404 3
-403 1
-402 2
-401 1
-400 2
-399 2
-398 2
-397 0
-396 0
-395 0
-394 2
-393 0
-392 1
-391 1
-390 0
-389 4
-388 1
-387 0
-386 0
-385 2
-384 1
-383 0
-382 0
-381 0
-380 1
-379 2
-378 3
-377 1
-376 0
-375 2
-374 0
-373 0
-372 0
-371 1
-370 0
-369 0
-368 0
-367 3
-366 1
-365 2
-364 1
-363 2
-362 1
-361 2
-360 2
-359 2
-358 0
-357 2
-356 4
-355 1
-354 0
-353 0
-352 0
-351 0
-350 1
-349 3
-348 0
-347 1
-346 0
-345 2
-344 3
-343 1
-342 2
-341 1
-340 2
-339 3
-338 0
-337 1
-336 0
-335 3
-334 2
-333 5
-332 0
-331 1
-330 1
-329 1
-328 3
-327 1
-326 0
-325 0
-324 2
-323 1
-322 2
-321 3
-320 0
-319 2
-318 1
-317 1
-316 2
-315 1
-314 2
-313 2
-312 2
-311 1
-310 1
-309 0
-308 0
-307 2
-306 2
-305 0
-304 1
-303 0
-302 2
-301 0
-300 1
-299 1
-298 1
-297 1
-296 2
-295 2
-294 0
-293 3
-292 3
-291 1
-290 1
-289 2
-288 1
-287 4
-286 3
-285 2
-284 2
-283 1
-282 1
-281 3
-280 1
-279 2
-278 0
-277 1
-276 1
-275 3
-274 2
-273 4
-272 0
-271 1
-270 3
-269 1
-268 0
-267 1
-266 3
-265 0
-264 4
-263 1
-262 2
-261 3
-260 1
-259 3
-258 4
-257 2
-256 0
-255 2
-254 2
-253 2
-252 1
-251 3
-250 1
-249 2
-248 0
-247 6
-246 1
-245 0
-244 9
-243 3
-242 0
-241 1
-240 1
-239 3
-238 4
-237 2
-236 0
-235 1
-234 3
-233 4
-232 2
-231 1
-230 4
-229 4
-228 0
-227 4
-226 3
-225 6
-224 2
-223 2
-222 3
-221 2
-220 1
-219 3
-218 5
-217 2
-216 5
-215 2
-214 1
-213 3
-212 2
-211 2
-210 3
-209 3
-208 1
-207 4
-206 5
-205 1
-204 2
-203 2
-202 4
-201 4
-200 5
-199 2
-198 2
-197 3
-196 1
-195 3
-194 1
-193 0
-192 2
-191 4
-190 1
-189 4
-188 4
-187 6
-186 3
-185 2
-184 6
-183 4
-182 3
-181 4
-180 5
-179 4
-178 4
-177 1
-176 3
-175 1
-174 4
-173 2
-172 3
-171 6
-170 3
-169 3
-168 4
-167 5
-166 5
-165 4
-164 2
-163 6
-162 7
-161 1
-160 3
-159 4
-158 5
-157 2
-156 6
-155 6
-154 1
-153 3
-152 4
-151 7
-150 1
-149 4
-148 2
-147 2
-146 5
-145 4
-144 8
-143 5
-142 3
-141 6
-140 5
-139 5
-138 2
-137 5
-136 4
-135 4
-134 6
-133 2
-132 9
-131 2
-130 4
-129 5
-128 6
-127 7
-126 5
-125 4
-124 7
-123 8
-122 7
-121 5
-120 7
-119 3
-118 12
-117 6
-116 6
-115 6
-114 2
-113 6
-112 4
-111 8
-110 5
-109 8
-108 8
-107 12
-106 11
-105 5
-104 8
-103 6
-102 11
-101 6
-100 8
-99 8
-98 9
-97 6
-96 9
-95 5
-94 6
-93 4
-92 5
-91 9
-90 13
-89 13
-88 7
-87 5
-86 8
-85 7
-84 6
-83 13
-82 14
-81 8
-80 17
-79 11
-78 16
-77 12
-76 8
-75 10
-74 17
-73 10
-72 14
-71 23
-70 22
-69 17
-68 17
-67 16
-66 20
-65 19
-64 20
-63 16
-62 20
-61 19
-60 25
-59 20
-58 23
-57 24
-56 22
-55 25
-54 22
-53 27
-52 18
-51 24
-50 27
-49 35
-48 28
-47 12
-46 21
-45 28
-44 24
-43 29
-42 35
-41 34
-40 28
-39 31
-38 34
-37 37
-36 35
-35 51
-34 39
-33 53
-32 35
-31 53
-30 46
-29 46
-28 49
-27 47
-26 56
-25 69
-24 61
-23 83
-22 78
-21 87
-20 89
-19 109
-18 102
-17 104
-16 140
-15 134
-14 167
-13 184
-12 225
-11 245
-10 280
-9 337
-8 369
-7 478
-6 637
-5 892
-4 1184
-3 1871
-2 3546
-1 10198
0 118093
1 705006
2 126611
3 7358
4 2799
5 1692
6 1051
7 835
8 600
9 490
10 358
11 301
12 269
13 208
14 212
15 200
16 143
17 141
18 131
19 128
20 100
21 100
22 94
23 88
24 75
25 61
26 71
27 67
28 59
29 45
30 50
31 61
32 51
33 45
34 50
35 39
36 41
37 51
38 36
39 32
40 31
41 35
42 40
43 32
44 27
45 33
46 27
47 20
48 28
49 23
50 21
51 29
52 11
53 20
54 15
55 39
56 19
57 20
58 17
59 21
60 23
61 25
62 21
63 18
64 25
65 22
66 18
67 21
68 15
69 16
70 19
71 16
72 18
73 20
74 14
75 9
76 10
77 15
78 11
79 12
80 18
81 13
82 10
83 13
84 10
85 13
86 10
87 11
88 10
89 7
90 6
91 8
92 10
93 10
94 6
95 3
96 6
97 11
98 7
99 7
100 14
101 4
102 5
103 7
104 9
105 6
106 12
107 10
108 12
109 4
110 10
111 6
112 9
113 5
114 4
115 5
116 3
117 3
118 4
119 9
120 10
121 9
122 8
123 6
124 4
125 4
126 5
127 7
128 7
129 3
130 5
131 2
132 10
133 3
134 3
135 6
136 12
137 8
138 4
139 1
140 5
141 4
142 6
143 6
144 5
145 9
146 5
147 4
148 6
149 3
150 5
151 8
152 3
153 3
154 4
155 3
156 4
157 3
158 3
159 5
160 7
161 2
162 3
163 6
164 1
165 3
166 0
167 1
168 7
169 5
170 5
171 6
172 3
173 3
174 5
175 6
176 4
177 3
178 2
179 3
180 3
181 3
182 2
183 3
184 1
185 3
186 5
187 2
188 3
189 0
190 2
191 0
192 5
193 4
194 2
195 3
196 1
197 4
198 4
199 1
200 4
201 3
202 1
203 4
204 2
205 8
206 5
207 1
208 2
209 4
210 2
211 2
212 1
213 3
214 2
215 3
216 1
217 2
218 1
219 4
220 3
221 4
222 2
223 0
224 0
225 3
226 3
227 4
228 1
229 1
230 7
231 4
232 1
233 3
234 1
235 6
236 3
237 3
238 1
239 4
240 3
241 4
242 1
243 3
244 1
245 3
246 3
247 2
248 2
249 3
250 2
251 1
252 0
253 2
254 1
255 2
256 1
257 3
258 2
259 2
260 2
261 3
262 2
263 0
264 1
265 0
266 3
267 1
268 0
269 2
270 0
271 2
272 3
273 1
274 2
275 1
276 0
277 1
278 1
279 2
280 3
281 3
282 2
283 1
284 2
285 3
286 1
287 1
288 3
289 0
290 1
291 2
292 2
293 3
294 0
295 2
296 4
297 2
298 2
299 0
300 4
301 1
302 1
303 0
304 1
305 0
306 1
307 0
308 1
309 0
310 0
311 1
312 0
313 3
314 1
315 4
316 2
317 1
318 1
319 2
320 1
321 4
322 0
323 4
324 4
325 0
326 1
327 2
328 3
329 1
330 0
331 2
332 2
333 0
334 0
335 2
336 1
337 1
338 2
339 1
340 3
341 0
342 1
343 0
344 1
345 1
346 2
347 1
348 1
349 2
350 1
351 1
352 2
353 1
354 0
355 2
356 1
357 2
358 1
359 2
360 2
361 3
362 0
363 0
364 0
365 0
366 2
367 1
368 1
369 2
370 0
371 0
372 2
373 2
374 1
375 0
376 1
377 2
378 0
379 3
380 2
381 1
382 2
383 0
384 5
385 1
386 1
387 1
388 0
389 1
390 1
391 2
392 0
393 3
394 1
395 1
396 0
397 0
398 2
399 0
400 0
401 1
402 1
403 1
404 0
405 1
406 5
407 1
408 2
409 1
410 1
411 0
412 0
413 1
414 3
415 1
416 1
417 0
418 2
419 0
420 0
421 0
422 2
423 1
424 1
425 2
426 0
427 0
428 1
429 1
430 1
431 0
432 2
433 0
434 2
435 0
436 2
437 0
438 3
439 1
440 0
441 1
442 3
443 0
444 2
445 2
446 0
447 0
448 1
449 1
450 1
451 2
452 2
453 1
454 0
455 1
456 1
457 0
458 1
459 2
460 1
461 1
462 1
463 1
464 1
465 0
466 0
467 1
468 2
469 0
470 3
471 0
472 1
473 3
474 0
475 1
476 1
477 1
478 2
479 0
480 0
481 0
482 1
483 0
484 1
485 1
486 1
487 0
488 3
489 0
490 2
491 1
492 0
493 1
494 1
495 0
496 3
497 1
498 0
499 0
500 1
501 0
502 3
503 1
504 0
505 1
506 1
507 2
508 1
509 0
510 1
511 0
512 1
513 2
514 0
515 1
516 6
517 0
518 0
519 0
520 3
521 1
522 1
523 0
524 2
525 1
526 0
527 2
528 0
529 1
530 2
531 2
532 0
533 2
534 0
535 2
536 0
537 0
538 0
539 0
540 0
541 0
542 0
543 0
544 0
545 0
546 0
547 1
548 1
549 0
550 0
551 0
552 1
553 1
554 0
555 1
556 2
557 0
558 2
559 1
560 1
561 0
562 1
563 1
564 1
565 0
566 0
567 1
568 1
569 0
570 1
571 0
572 0
573 1
574 1
575 1
576 1
577 0
578 2
579 0
580 0
581 2
582 0
583 1
584 0
585 1
586 3
587 1
588 0
589 2
590 0
591 1
592 0
593 0
594 0
595 2
596 2
597 3
598 1
599 1
600 0
601 1
602 1
603 2
604 0
605 0
606 0
607 0
608 0
609 0
610 0
611 1
612 0
613 2
614 2
615 1
616 0
617 0
618 0
619 1
620 0
621 0
622 1
623 0
624 1
625 3
626 0
627 2
628 0
629 1
630 1
631 1
632 0
633 0
634 0
635 0
636 0
637 2
638 1
639 0
640 1
641 0
642 0
643 1
644 0
645 0
646 1
647 0
648 1
649 0
650 1
651 0
652 1
653 0
654 0
655 0
656 1
657 0
658 0
659 1
660 0
661 2
662 0
663 0
664 1
665 0
666 0
667 1
668 0
669 0
670 0
671 0
672 1
673 0
674 0
675 0
676 0
677 1
678 1
679 0
680 0
681 0
682 0
683 0
684 0
685 1
686 0
687 1
688 1
689 0
690 1
691 1
692 0
693 0
694 1
695 0
696 0
697 0
698 1
699 1
700 1
701 0
702 0
703 1
704 0
705 1
706 0
707 2
708 0
709 0
710 1
711 1
712 1
713 0
714 0
715 1
716 0
717 1
718 0
719 2
720 0
721 0
722 1
723 1
724 0
725 1
726 0
727 0
728 0
729 1
730 1
731 1
732 0
733 1
734 2
735 0
736 1
737 1
738 0
739 0
740 1
741 0
742 0
743 0
744 0
745 2
746 0
747 1
748 1
749 0
750 0
751 0
752 1
753 0
754 0
755 0
756 0
757 0
758 0
759 1
760 0
761 0
762 0
763 0
764 2
765 0
766 0
767 1
768 0
769 0
770 0
771 0
772 0
773 2
774 1
775 0
776 1
777 4
778 0
779 1
780 0
781 0
782 0
783 1
784 1
785 0
786 0
787 1
788 0
789 1
790 0
791 1
792 1
793 1
794 0
795 0
796 1
797 1
798 0
799 0
800 1
801 0
802 0
803 0
804 0
805 2
806 0
807 0
808 1
809 1
810 0
811 2
812 0
813 0
814 0
815 0
816 0
817 1
818 0
819 0
820 0
821 0
822 0
823 0
824 1
825 0
826 0
827 1
828 0
829 0
830 0
831 2
832 0
833 1
834 0
835 0
836 0
837 0
838 0
839 0
840 1
841 0
842 0
843 0
844 0
845 0
846 0
847 0
848 0
849 1
850 0
851 0
852 0
853 1
854 0
855 0
856 0
857 0
858 0
859 0
860 0
861 0
862 2
863 1
864 0
865 1
866 1
867 0
868 0
869 0
870 0
871 0
872 0
873 1
874 0
875 1
876 0
877 2
878 1
879 0
880 0
881 1
882 0
883 0
884 1
885 1
886 0
887 1
888 0
889 1
890 1
891 1
892 0
893 2
894 0
895 0
896 0
897 0
898 0
899 0
900 0
901 0
902 0
903 0
904 1
905 0
906 0
907 0
908 0
909 0
910 0
911 0
912 0
913 1
914 0
915 0
916 0
917 0
918 0
919 0
920 0
921 0
922 1
923 0
924 0
925 1
926 0
927 0
928 0
929 0
930 1
931 1
932 0
933 1
934 0
935 0
936 0
937 0
938 0
939 1
940 1
941 0
942 0
943 0
944 0
945 2
946 1
947 0
948 0
949 0
950 1
951 0
952 0
953 0
954 0
955 0
956 0
957 1
958 0
959 0
960 0
961 0
962 0
963 1
964 0
965 1
966 0
967 0
968 0
969 0
970 0
971 0
972 0
973 0
974 0
975 0
976 1
977 0
978 1
979 1
980 0
981 0
982 1
983 0
984 1
985 1
986 0
987 0
988 0
989 0
990 0
991 0
992 0
993 1
994 1
995 0
996 0
997 0
998 1
999 0
1000 1
1001 1
1002 1
1003 0
1004 0
1005 0
1006 0
1007 0
1008 0
1009 0
1010 0
1011 0
1012 0
1013 0
1014 0
1015 1
1016 0
1017 0
1018 0
1019 0
1020 0
1021 0
1022 0
1023 1
1024 0
1025 0
1026 2
1027 0
1028 0
1029 1
1030 0
1031 0
1032 0
1033 0
1034 0
1035 0
1036 0
1037 1
1038 0
1039 0
1040 0
1041 1
1042 0
1043 0
1044 0
1045 0
1046 0
1047 0
1048 0
1049 0
1050 0
1051 2
1052 0
1053 0
1054 0
1055 0
1056 0
1057 0
1058 0
1059 0
1060 0
1061 1
1062 0
1063 0
1064 0
1065 0
1066 1
1067 0
1068 0
1069 0
1070 0
1071 0
1072 0
1073 0
1074 0
1075 1
1076 1
1077 0
1078 0
1079 0
1080 0
1081 0
1082 0
1083 0
1084 0
1085 0
1086 0
1087 1
1088 1
1089 0
1090 0
1091 0
1092 1
1093 0
1094 1
1095 0
1096 0
1097 1
1098 0
1099 2
1100 0
1101 0
1102 0
1103 1
1104 2
1105 0
1106 0
1107 0
1108 0
1109 0
1110 0
1111 0
1112 0
1113 0
1114 0
1115 0
1116 0
1117 0
1118 1
1119 0
1120 0
1121 1
1122 0
1123 0
1124 0
1125 0
1126 1
1127 0
1128 0
1129 0
1130 0
1131 0
1132 1
1133 0
1134 0
1135 0
1136 1
1137 0
1138 0
1139 1
1140 0
1141 0
1142 0
1143 0
1144 0
1145 1
1146 0
1147 0
1148 0
1149 0
1150 0
1151 0
1152 0
1153 0
1154 1
1155 0
1156 0
1157 0
1158 1
1159 1
1160 0
1161 0
1162 0
1163 0
1164 0
1165 0
1166 0
1167 0
1168 0
1169 0
1170 1
1171 0
1172 0
1173 0
1174 0
1175 0
1176 0
1177 0
1178 0
1179 0
1180 1
1181 0
1182 0
1183 1
1184 0
1185 0
1186 0
1187 0
1188 0
1189 0
1190 0
1191 0
1192 0
1193 0
1194 0
1195 0
1196 0
1197 0
1198 0
1199 0
1200 0
1201 1
1202 0
1203 0
1204 0
1205 1
1206 0
1207 0
1208 0
1209 0
1210 0
1211 0
1212 0
1213 0
1214 1
1215 0
1216 0
1217 0
1218 0
1219 0
1220 0
1221 1
1222 0
1223 0
1224 0
1225 1
1226 0
1227 0
1228 0
1229 1
1230 0
1231 0
1232 0
1233 0
1234 0
1235 0
1236 0
1237 1
1238 0
1239 0
1240 0
1241 0
1242 1
1243 1
1244 0
1245 0
1246 0
1247 0
1248 0
1249 0
1250 0
1251 0
1252 0
1253 0
1254 0
1255 0
1256 0
1257 0
1258 0
1259 0
1260 2
1261 0
1262 1
1263 0
1264 0
1265 0
1266 0
1267 0
1268 0
1269 1
1270 0
1271 0
1272 0
1273 2
1274 0
1275 0
1276 0
1277 0
1278 1
1279 0
1280 0
1281 0
1282 0
1283 1
1284 0
1285 0
1286 0
1287 0
1288 0
1289 1
1290 0
1291 1
1292 1
1293 1
1294 0
1295 0
1296 0
1297 0
1298 0
1299 0
1300 0
1301 0
1302 0
1303 0
1304 0
1305 0
1306 1
1307 0
1308 0
1309 0
1310 0
1311 0
1312 0
1313 0
1314 0
1315 0
1316 0
1317 0
1318 0
1319 0
1320 0
1321 0
1322 0
1323 0
1324 0
1325 1
1326 0
1327 0
1328 0
1329 0
1330 0
1331 0
1332 0
1333 1
1334 0
1335 0
1336 0
1337 1
1338 0
1339 0
1340 0
1341 0
1342 0
1343 0
1344 0
1345 0
1346 0
1347 0
1348 0
1349 0
1350 0
1351 0
1352 0
1353 0
1354 0
1355 0
1356 0
1357 0
1358 0
1359 0
1360 0
1361 0
1362 0
1363 0
1364 0
1365 0
1366 0
1367 0
1368 0
1369 0
1370 0
1371 0
1372 0
1373 0
1374 0
1375 0
1376 0
1377 0
1378 0
1379 0
1380 0
1381 0
1382 0
1383 0
1384 0
1385 0
1386 0
1387 0
1388 0
1389 0
1390 1
1391 0
1392 0
1393 0
1394 0
1395 0
1396 0
1397 0
1398 0
1399 0
1400 0
1401 1
1402 0
1403 0
1404 0
1405 0
1406 0
1407 0
1408 0
1409 0
1410 0
1411 0
1412 0
1413 0
1414 0
1415 0
1416 0
1417 0
1418 0
1419 0
1420 0
1421 0
1422 0
1423 0
1424 0
1425 0
1426 0
1427 0
1428 0
1429 0
1430 0
1431 0
1432 0
1433 0
1434 0
1435 0
1436 0
1437 0
1438 0
1439 0
1440 0
1441 0
1442 0
1443 1
1444 0
1445 0
1446 0
1447 0
1448 0
1449 0
1450 0
1451 0
1452 0
1453 0
1454 0
1455 0
1456 0
1457 0
1458 0
1459 0
1460 1
1461 1
1462 0
1463 0
1464 0
1465 1
1466 0
1467 0
1468 0
1469 0
1470 0
1471 0
1472 1
1473 0
1474 0
1475 0
1476 0
1477 0
1478 0
1479 0
1480 0
1481 0
1482 0
1483 1
1484 0
1485 0
1486 1
1487 0
1488 0
1489 1
1490 0
1491 0
1492 0
1493 0
1494 0
1495 1
1496 0
1497 0
1498 0
1499 0
1500 1
1501 0
1502 0
1503 1
1504 0
1505 0
1506 0
1507 0
1508 0
1509 0
1510 1
1511 1
1512 0
1513 0
1514 0
1515 0
1516 0
1517 0
1518 0
1519 0
1520 0
1521 0
1522 0
1523 0
1524 1
1525 0
1526 0
1527 0
1528 0
1529 1
1530 1
1531 0
1532 0
1533 0
1534 0
1535 0
1536 0
1537 0
1538 0
1539 0
1540 1
1541 0
1542 0
1543 0
1544 1
1545 0
1546 0
1547 0
1548 1
1549 0
1550 0
1551 0
1552 0
1553 0
1554 0
1555 0
1556 0
1557 0
1558 0
1559 0
1560 0
1561 0
1562 0
1563 0
1564 0
1565 0
1566 0
1567 0
1568 0
1569 0
1570 0
1571 0
1572 0
1573 0
1574 0
1575 0
1576 2
1577 0
1578 0
1579 0
1580 0
1581 1
1582 0
1583 0
1584 0
1585 0
1586 0
1587 0
1588 0
1589 1
1590 0
1591 0
1592 0
1593 1
1594 0
1595 1
1596 0
1597 0
1598 0
1599 0
1600 0
1601 0
1602 0
1603 0
1604 0
1605 0
1606 0
1607 0
1608 0
1609 1
1610 0
1611 0
1612 0
1613 0
1614 0
1615 0
1616 0
1617 0
1618 0
1619 0
1620 0
1621 0
1622 0
1623 0
1624 0
1625 0
1626 0
1627 0
1628 0
1629 1
1630 0
1631 0
1632 1
1633 0
1634 0
1635 0
1636 0
1637 0
1638 0
1639 0
1640 0
1641 0
1642 0
1643 0
1644 0
1645 0
1646 0
1647 0
1648 0
1649 0
1650 1
1651 0
1652 0
1653 0
1654 0
1655 0
1656 0
1657 0
1658 0
1659 0
1660 0
1661 0
1662 0
1663 0
1664 0
1665 0
1666 0
1667 0
1668 0
1669 0
1670 0
1671 0
1672 0
1673 0
1674 0
1675 0
1676 0
1677 0
1678 0
1679 0
1680 0
1681 0
1682 0
1683 0
1684 0
1685 0
1686 0
1687 0
1688 0
1689 0
1690 0
1691 0
1692 0
1693 0
1694 0
1695 0
1696 0
1697 0
1698 0
1699 0
1700 0
1701 0
1702 0
1703 0
1704 0
1705 0
1706 1
1707 0
1708 0
1709 0
1710 1
1711 0
1712 0
1713 0
1714 1
1715 0
1716 0
1717 0
1718 1
1719 0
1720 0
1721 0
1722 0
1723 0
1724 0
1725 0
1726 0
1727 0
1728 0
1729 0
1730 0
1731 0
1732 0
1733 0
1734 0
1735 0
1736 0
1737 0
1738 0
1739 0
1740 0
1741 0
1742 0
1743 0
1744 0
1745 0
1746 0
1747 0
1748 0
1749 0
1750 0
1751 0
1752 0
1753 0
1754 0
1755 0
1756 0
1757 0
1758 0
1759 0
1760 0
1761 0
1762 0
1763 0
1764 0
1765 0
1766 0
1767 0
1768 0
1769 0
1770 0
1771 0
1772 0
1773 0
1774 0
1775 0
1776 0
1777 0
1778 0
1779 0
1780 0
1781 0
1782 0
1783 0
1784 0
1785 0
1786 0
1787 0
1788 0
1789 0
1790 0
1791 0
1792 0
1793 0
1794 0
1795 0
1796 0
1797 0
1798 0
1799 0
1800 0
1801 0
1802 0
1803 0
1804 0
1805 0
1806 0
1807 0
1808 1
1809 0
1810 0
1811 0
1812 0
1813 0
1814 0
1815 0
1816 0
1817 0
1818 0
1819 0
1820 0
1821 0
1822 0
1823 0
1824 0
1825 0
1826 0
1827 0
1828 0
1829 0
1830 0
1831 0
1832 0
1833 0
1834 0
1835 0
1836 0
1837 0
1838 0
1839 0
1840 0
1841 0
1842 0
1843 0
1844 0
1845 0
1846 0
1847 0
1848 0
1849 0
1850 0
1851 0
1852 0
1853 0
1854 0
1855 1
1856 0
1857 0
1858 0
1859 0
1860 0
1861 0
1862 0
1863 0
1864 0
1865 0
1866 0
1867 0
1868 0
1869 0
1870 0
1871 0
1872 0
1873 0
1874 0
1875 0
1876 0
1877 0
1878 0
1879 0
1880 0
1881 0
1882 0
1883 0
1884 0
1885 0
1886 0
1887 0
1888 0
1889 0
1890 0
1891 0
1892 0
1893 0
1894 0
1895 0
1896 0
1897 0
1898 0
1899 0
1900 0
1901 0
1902 0
1903 0
1904 0
1905 0
1906 0
1907 0
1908 0
1909 0
1910 0
1911 0
1912 0
1913 0
1914 0
1915 0
1916 0
1917 0
1918 0
1919 0
1920 0
1921 0
1922 0
1923 0
1924 0
1925 0
1926 0
1927 0
1928 0
1929 0
1930 0
1931 0
1932 0
1933 0
1934 0
1935 0
1936 0
1937 0
1938 0
1939 0
1940 0
1941 0
1942 0
1943 0
1944 0
1945 0
1946 0
1947 0
1948 0
1949 0
1950 0
1951 0
1952 0
1953 0
1954 0
1955 0
1956 0
1957 0
1958 0
1959 0
1960 0
1961 0
1962 0
1963 0
1964 0
1965 0
1966 0
1967 0
1968 0
1969 0
1970 0
1971 0
1972 0
1973 0
1974 0
1975 0
1976 0
1977 0
1978 0
1979 0
1980 0
1981 0
1982 0
1983 0
1984 0
1985 0
1986 0
1987 0
1988 0
1989 0
1990 0
1991 0
1992 0
1993 0
1994 0
1995 0
1996 0
1997 0
1998 0
1999 0
2000 0
2001 0
2002 0
2003 0
2004 0
2005 0
2006 0
2007 0
2008 0
2009 0
2010 0
2011 0
2012 0
2013 0
2014 0
2015 0
2016 0
2017 0
2018 0
2019 0
2020 0
2021 0
2022 0
2023 0
2024 0
2025 0
2026 0
2027 0
2028 0
2029 0
2030 0
2031 0
2032 0
2033 0
2034 0
2035 0
2036 0
2037 0
2038 0
2039 0
2040 0
2041 0
2042 0
2043 0
2044 0
2045 0
2046 0
2047 0
2048 0
2049 0
2050 0
2051 0
2052 0
2053 0
2054 0
2055 0
2056 0
2057 0
2058 0
2059 0
2060 0
2061 0
2062 0
2063 0
2064 0
2065 0
2066 0
2067 0
2068 1
