2 0.7007897309949235
3 0.676159307087924
4 0.6592294908255129
5 0.6454244679446677
6 0.634492038555032
7 0.6252771801519568
8 0.6170962653169896
9 0.610602333042864
10 0.6050104773254862
11 0.60017680406379
12 0.5952277875187733
13 0.5914802690595019
14 0.5869939154009047
15 0.584429794508815
16 0.5807163773598485
17 0.5786287631705094
18 0.575894293156338
19 0.5737118365603369
20 0.5711404286836518
21 0.5684611064692426
22 0.5664521885114853
23 0.5649192087062486
24 0.5627855275842174
25 0.561857900566383
26 0.5605068954192086
27 0.5595376390998785
28 0.5574322980805461
29 0.5565382111506262
30 0.5552083001588834
31 0.5536747308562272
32 0.5524428216081441
33 0.5511575960798325
34 0.5507129652652404
35 0.5496167230390248
36 0.548153553803802
37 0.5475286510360735
38 0.5479889380752384
39 0.546673991939935
40 0.5459991508620652
41 0.5457389245113554
42 0.5452916555220297
43 0.5436562631088642
44 0.5430497752929316
45 0.5426554426596587
46 0.542288481640101
47 0.5410516454007622
48 0.5406145445132048
49 0.5397054238627721
50 0.5400907928491584
51 0.539466588648571
52 0.5391598073111808
53 0.5377905093149007
54 0.5376981836016741
55 0.5385663540108923
56 0.5368685708838491
57 0.536588117514847
58 0.5364727454945367
59 0.5353711212728962
60 0.5343487442663154
61 0.5349795136810934
62 0.5336680428322836
63 0.5340878387109659
64 0.5336340011895335
65 0.5332861308586777
66 0.5328557991111907
67 0.5325037063110564
68 0.5320821152022756
69 0.5318857587544756
70 0.531283759168943
71 0.5300122342865882
72 0.5294215457670638
73 0.5299033629083262
74 0.5294638128745733
75 0.5297708752045875
76 0.5311170652817883
77 0.5285635500316103
78 0.5294616288122306
79 0.5291874273745039
80 0.5282915038128767
81 0.5278962864205761
82 0.5288564226238048
83 0.5273464075904842
84 0.5272151808500022
85 0.5272042193947136
86 0.5277669328000023
87 0.5276394465973452
88 0.5276578143997268
89 0.5266217503158412
90 0.5265892151583809
91 0.5259923568258418
92 0.5265948487133923
93 0.5261530383923856
94 0.5262330637449404
95 0.5258851873184569
96 0.5259321095048254
97 0.5246303793012409
98 0.5248530003134727
99 0.5248530828670057
100 0.5235743765155529
101 0.523958717287136
102 0.5244107661911133
103 0.5247969346905348
104 0.5226195200916934
105 0.5239563512225576
106 0.5237869818526095
107 0.5237846411613101
108 0.5236591458337564
109 0.522936170647836
110 0.5226619044757154
111 0.5236859227146351
112 0.5227888949449333
113 0.5220324398893588
114 0.5219622792374486
115 0.5223015432872832
116 0.5220494632959982
117 0.5220542488754765
118 0.5219136841082377
119 0.5227411877107463
120 0.521111050556797
121 0.5219281197821148
122 0.5212915464946464
123 0.5205670845223158
124 0.5226756947109921
125 0.5213149347911236
126 0.5225704114043143
127 0.5210363984493638
128 0.5205073121111942
129 0.5205055336942832
130 0.5207561777433687
131 0.5200661344125725
132 0.5200898418036871
133 0.5203873488931355
134 0.5197614439127914
135 0.5197868259210188
136 0.5195037438266688
137 0.5206089587820825
138 0.5197451206662987
139 0.5194048231933214
140 0.518375997103772
141 0.5194830195557212
142 0.5195457316570826
143 0.5210659673837199
144 0.5182601287782607
145 0.5189672637533506
146 0.5192633783067175
147 0.5184261649860815
148 0.5196032260585108
149 0.518833858087293
150 0.5187177968232591
151 0.5179620071531065
152 0.5190695914304021
153 0.5179317522378177
154 0.5201833666463892
155 0.5177644370830579
156 0.5194129349301082
157 0.5182980973680441
158 0.5179968839630325
159 0.5193775091503673
160 0.5178675805480176
161 0.5175219009755431
162 0.5195285536661428
163 0.5176768587293574
164 0.5175987058839567
165 0.5177952655383717
166 0.5173382394383945
167 0.5175950075158893
168 0.5164281236336886
169 0.5172051630592637
170 0.5169976564615371
171 0.5176598344603073
172 0.5187504120710928
173 0.5169786575585454
174 0.5166325419401983
175 0.5167647591884235
176 0.5170873786407767
177 0.5167930060083519
178 0.5172238593638858
179 0.516391113313271
180 0.5179298379659483
181 0.5170262269919967
182 0.5162058334148968
183 0.5165116330562328
184 0.5165069987297547
185 0.5166959578207382
186 0.5162547692399949
187 0.5172633086464264
188 0.5162121273045297
189 0.5159886685552408
190 0.5157536889782571
191 0.5167921162437297
192 0.5172082526418518
193 0.5151032817669677
194 0.5165552216763925
195 0.5152959218594406
196 0.5150380027337116
197 0.5169679851296483
198 0.5151948376613231
199 0.516709451025647
200 0.5144960003353797
201 0.5150505457253923
202 0.5141947817429847
203 0.5146035161347017
204 0.5155688365754998
205 0.5153276203315547
206 0.5154549693919634
207 0.5145597724089068
208 0.5146739233651402
209 0.5146529843617805
210 0.5149005173752775
211 0.5134203635243376
212 0.5150223731588467
213 0.5158188353861523
214 0.5137956167828588
215 0.5168337859964472
216 0.5141659001286673
217 0.5133374212172375
218 0.5135683604099257
219 0.5137115196036753
220 0.5144780628527945
221 0.5150255171785291
222 0.5129632015114431
223 0.5142700092380215
224 0.5153783648277174
225 0.5133139126995354
226 0.5145347145434441
227 0.5142149431431484
228 0.5152823462904979
229 0.5145494446092875
230 0.513723544973545
231 0.515185044555454
232 0.5146852607830755
233 0.5144934882167732
234 0.5151585855775818
235 0.5135792945285146
236 0.5142924163731998
237 0.5158066176758357
238 0.5130154821929134
239 0.5144336385478004
240 0.5119422903297391
241 0.513218272615938
242 0.5133867428311137
243 0.5137500731960637
244 0.5133257265837345
245 0.5137824520569992
246 0.5122136599409327
247 0.5132730405091763
248 0.514572854920034
249 0.512090306095222
250 0.5136726173834647
251 0.5128580718890285
252 0.5136110033144813
253 0.5133922167999566
254 0.5138686928022752
255 0.514061053389569
256 0.5139804911384898
257 0.5140592601205356
258 0.5128938809029596
259 0.5142478655732183
260 0.5129260057261149
261 0.512768839190489
262 0.5130702524012789
263 0.513672448309867
264 0.5117939990331702
265 0.5114305962675468
266 0.5121749041550099
267 0.5141897362803552
268 0.5145930623201147
269 0.5127960089951316
270 0.5122933908556898
271 0.5127712823829398
272 0.5127253589549822
273 0.5111024674028851
274 0.512251614020669
275 0.5133259630920997
276 0.5121212431659
277 0.512533097060672
278 0.5119371151398396
279 0.512548315847598
280 0.5124890250057036
281 0.5124083935347661
282 0.5120107350737165
283 0.5131679289631758
284 0.5116155859727639
285 0.5117324031463854
286 0.5109021656481455
287 0.5115995937045439
288 0.5122995562235045
289 0.5123080264783697
290 0.5117016533200164
291 0.5098703188100434
292 0.5116100880963772
293 0.5135455725411018
294 0.5121696562437905
295 0.5125831140614252
296 0.5132071770317547
297 0.5096106617767445
298 0.5109442169721121
299 0.510548399401426
300 0.5121018404229841
301 0.5130176945999305
302 0.5109306012386287
303 0.5125781369111145
304 0.5105753625464635
305 0.5126935494745043
306 0.5103158684037866
307 0.5112223011070166
308 0.5105672635021963
309 0.5090210333011491
310 0.5121906834441002
311 0.5103622123769499
312 0.5119546876011778
313 0.511199207135778
314 0.5115450964826576
315 0.5122124015808339
316 0.5121100755367641
317 0.5106664563512063
318 0.5110225927482638
319 0.5101330556340563
320 0.5109394909407341
321 0.5099801137137542
322 0.5092841106335294
323 0.5109135004042037
324 0.5102719856014588
325 0.512862308806191
326 0.5117633568468668
327 0.5131311688723856
328 0.5112886874590017
329 0.5114176879629666
330 0.5113581846094799
331 0.5110502246308197
332 0.5113566952926852
333 0.5095578868794067
334 0.5116125964668446
335 0.5133236976569021
336 0.5120997051641198
337 0.5110108858320179
338 0.5105971598295239
339 0.5105542856671316
340 0.5123865273552153
341 0.5095321915964298
342 0.5111524395053323
343 0.512781923628578
344 0.5091023724624005
345 0.5092702847750981
346 0.5113872415988207
347 0.510951896976465
348 0.5090055176863424
349 0.5120384084559195
350 0.5090283094284397
351 0.5119429696101478
352 0.5119641225105741
353 0.5106103856146589
354 0.5121144477911217
355 0.51013013107561
356 0.5114062452806579
357 0.5103722243115082
358 0.5109788302523919
359 0.5099647281636057
360 0.5106001674399135
361 0.5134257764435873
362 0.511348913095638
363 0.5109691496773007
364 0.5117671572390499
365 0.509475722174554
366 0.5124369118198048
367 0.5087470072533999
368 0.5101274752969469
369 0.5097743960129526
370 0.5113095902645975
371 0.5099758284040917
372 0.5092886148698784
373 0.5106694673830731
374 0.5104779121003277
375 0.5104203957892447
376 0.5094910779315368
377 0.5100522617017288
378 0.5104705693958319
379 0.511727225289061
380 0.5109744625197898
381 0.5096992920459825
382 0.5107283473642474
383 0.5107337613032373
384 0.5092770195499815
385 0.5085414354421014
386 0.5089107068075008
387 0.5106827421842142
388 0.5090612957582528
389 0.5120704531812725
390 0.5097158957501761
391 0.5107850054089648
392 0.5094136835456166
393 0.5076772343023751
394 0.5103449259243416
395 0.5087870903057936
396 0.5135904613591417
397 0.5100930088727135
398 0.5105015636563298
399 0.5064043387952919
400 0.5097819929993754
401 0.5094304017960827
402 0.5092598860768063
403 0.5083322818902681
404 0.5092831859270022
405 0.5105917546064875
406 0.5104743970025759
407 0.5090400681677947
408 0.5118443191907894
409 0.5088299461456818
410 0.5099741219963031
411 0.5100295582059797
412 0.5093262785547612
413 0.5093353657929083
414 0.5105982453599908
415 0.5076451525518957
416 0.5099671622547242
417 0.5095152167649779
418 0.5095439629062188
419 0.5115946279403734
420 0.5097968803738696
421 0.5129754890527234
422 0.5099093438195187
423 0.5090945158238471
424 0.5090962830090606
425 0.5099264443333571
426 0.5084153016656511
427 0.5091433873853553
428 0.507511961968922
429 0.508800646451252
430 0.508455520682063
431 0.5098967163496042
432 0.5062950624814276
433 0.5084551537802449
434 0.5075490371555818
435 0.509985246074402
436 0.5075444076252689
437 0.510233825150513
438 0.5093757795457803
439 0.5085370647796937
440 0.5099703283029704
441 0.5096201859229748
442 0.5099465502816368
443 0.5073450261079127
444 0.5114758853324596
445 0.5102748736783886
446 0.5081522908152291
447 0.5099614517498094
448 0.5086082785072826
449 0.5111354628372669
450 0.510362342090523
451 0.5102053025152957
452 0.5088838293607565
453 0.5076428657461649
454 0.5083290211060588
455 0.5096537233426535
456 0.5090008530310118
457 0.5100735229179546
458 0.5080613057324841
459 0.5072875281304698
460 0.5059130434782608
461 0.509363527500267
462 0.5084744806418489
463 0.5099554402391562
464 0.5095915320634422
465 0.5066478442312234
466 0.5080579677455734
467 0.5092304653328442
468 0.506402622296324
469 0.5091028309148445
470 0.5096531040459791
471 0.5098936984049052
472 0.5092623221964936
473 0.5094891430010416
474 0.5087793647702933
475 0.5104249854929246
476 0.5085717568654486
477 0.5092647007985619
478 0.5091651815678016
479 0.5100291673418366
480 0.5058877495325801
481 0.5061331176632616
482 0.5107694292466384
483 0.5099752881587634
484 0.5069612661978787
485 0.5082530056514506
486 0.507411691431622
487 0.508764819130611
488 0.5114916843943105
489 0.5055056548595983
490 0.5102382825874113
491 0.5074898166089757
492 0.5114147612190881
493 0.5072802304757456
494 0.5076807974031302
495 0.5088251433671224
496 0.508443685552185
497 0.5104803864452859
498 0.5095639754888797
