-287 1
-286 0
-285 0
-284 0
-283 0
-282 0
-281 0
-280 0
-279 0
-278 0
-277 0
-276 0
-275 0
-274 0
-273 0
-272 0
-271 0
-270 0
-269 0
-268 0
-267 0
-266 0
-265 0
-264 0
-263 0
-262 0
-261 0
-260 0
-259 0
-258 0
-257 0
-256 0
-255 0
-254 0
-253 1
-252 0
-251 0
-250 0
-249 0
-248 0
-247 1
-246 0
-245 0
-244 0
-243 0
-242 0
-241 0
-240 0
-239 0
-238 0
-237 1
-236 0
-235 0
-234 0
-233 0
-232 0
-231 0
-230 0
-229 0
-228 0
-227 0
-226 0
-225 0
-224 0
-223 1
-222 0
-221 0
-220 0
-219 1
-218 0
-217 0
-216 0
-215 1
-214 0
-213 1
-212 1
-211 2
-210 3
-209 0
-208 2
-207 0
-206 1
-205 1
-204 0
-203 4
-202 3
-201 3
-200 1
-199 0
-198 1
-197 2
-196 0
-195 3
-194 0
-193 2
-192 0
-191 3
-190 0
-189 3
-188 4
-187 6
-186 2
-185 7
-184 3
-183 5
-182 1
-181 3
-180 4
-179 3
-178 6
-177 4
-176 3
-175 0
-174 11
-173 8
-172 10
-171 9
-170 8
-169 8
-168 13
-167 10
-166 8
-165 11
-164 11
-163 10
-162 11
-161 10
-160 12
-159 13
-158 17
-157 11
-156 24
-155 17
-154 18
-153 18
-152 23
-151 24
-150 27
-149 37
-148 33
-147 32
-146 45
-145 30
-144 39
-143 34
-142 43
-141 39
-140 43
-139 52
-138 56
-137 54
-136 52
-135 52
-134 79
-133 61
-132 72
-131 67
-130 100
-129 92
-128 98
-127 98
-126 95
-125 113
-124 124
-123 122
-122 131
-121 151
-120 151
-119 155
-118 164
-117 172
-116 214
-115 195
-114 237
-113 241
-112 237
-111 292
-110 250
-109 308
-108 328
-107 345
-106 355
-105 371
-104 390
-103 443
-102 463
-101 475
-100 531
-99 563
-98 618
-97 628
-96 673
-95 672
-94 729
-93 769
-92 834
-91 917
-90 948
-89 1035
-88 1063
-87 1168
-86 1247
-85 1386
-84 1446
-83 1586
-82 1642
-81 1725
-80 1892
-79 1961
-78 2050
-77 2358
-76 2504
-75 2678
-74 2780
-73 3011
-72 3196
-71 3384
-70 3828
-69 3974
-68 4193
-67 4452
-66 4910
-65 5239
-64 5510
-63 6045
-62 6435
-61 6869
-60 7399
-59 7981
-58 8572
-57 9136
-56 10026
-55 10829
-54 11574
-53 12400
-52 13286
-51 14495
-50 15500
-49 16894
-48 17939
-47 19570
-46 20866
-45 22914
-44 24467
-43 26629
-42 28948
-41 31749
-40 33864
-39 37125
-38 40317
-37 44021
-36 48095
-35 52141
-34 56509
-33 62291
-32 67992
-31 74242
-30 81995
-29 90110
-28 98733
-27 108696
-26 120039
-25 133207
-24 147641
-23 163408
-22 182256
-21 202448
-20 227796
-19 255265
-18 287499
-17 325199
-16 369816
-15 421628
-14 484037
-13 557633
-12 649932
-11 761580
-10 902309
-9 1081114
-8 1313532
-7 1624611
-6 2057092
-5 2685688
-4 3668733
-3 5357659
-2 8891305
-1 18733328
0 81649051
1 840823718
2 86542671
3 15323749
4 7978776
5 5096675
6 3559312
7 2631778
8 2022259
9 1601647
10 1297579
11 1068878
12 891648
13 754863
14 643394
15 553247
16 480974
17 417281
18 367603
19 323599
20 285775
21 253279
22 225575
23 201392
24 180721
25 162692
26 146417
27 132683
28 118900
29 107825
30 98505
31 89238
32 81485
33 73971
34 67514
35 61895
36 56531
37 51905
38 47921
39 43723
40 40131
41 36659
42 33915
43 31107
44 28950
45 26607
46 24938
47 22797
48 21006
49 19451
50 18024
51 16756
52 15622
53 14457
54 13143
55 12277
56 11421
57 10555
58 10057
59 9178
60 8414
61 7975
62 7411
63 6904
64 6358
65 5987
66 5480
67 5210
68 4793
69 4532
70 4115
71 3881
72 3676
73 3401
74 3133
75 2965
76 2710
77 2553
78 2453
79 2251
80 2201
81 2062
82 1833
83 1695
84 1627
85 1501
86 1395
87 1405
88 1307
89 1179
90 1093
91 1059
92 989
93 948
94 874
95 817
96 758
97 687
98 663
99 603
100 578
101 538
102 512
103 489
104 444
105 398
106 387
107 375
108 342
109 335
110 303
111 267
112 266
113 255
114 240
115 246
116 208
117 206
118 192
119 187
120 181
121 147
122 130
123 131
124 157
125 115
126 124
127 112
128 99
129 91
130 90
131 90
132 67
133 63
134 74
135 81
136 66
137 58
138 59
139 50
140 47
141 51
142 46
143 40
144 46
145 31
146 28
147 28
148 29
149 29
150 32
151 18
152 25
153 20
154 25
155 18
156 21
157 21
158 15
159 14
160 13
161 14
162 13
163 16
164 8
165 10
166 11
167 7
168 13
169 6
170 8
171 12
172 12
173 4
174 8
175 6
176 9
177 6
178 6
179 5
180 7
181 2
182 8
183 3
184 1
185 4
186 6
187 4
188 2
189 3
190 5
191 3
192 6
193 3
194 4
195 1
196 5
197 2
198 3
199 3
200 4
201 2
202 1
203 0
204 4
205 1
206 0
207 3
208 0
209 0
210 0
211 2
212 1
213 0
214 1
215 0
216 1
217 1
218 1
219 1
220 1
221 0
222 0
223 1
224 0
225 0
226 0
227 0
228 0
229 0
230 0
231 0
232 0
233 0
234 0
235 0
236 0
237 0
238 1
239 0
240 0
241 0
242 0
243 0
244 0
245 0
246 0
247 1
248 0
249 0
250 1
