2 0.5840145741775814
3 0.5688951705674137
4 0.5608036973325754
5 0.555992385095528
6 0.5510833135709204
7 0.5487948361572249
8 0.5459445879251323
9 0.5440221574217606
10 0.5424457010365354
11 0.5417468506462487
12 0.5385687761549012
13 0.5381543744207472
14 0.5376202501202502
15 0.5368700394410089
16 0.535700536855441
17 0.5352375862568615
18 0.5347852049032834
19 0.533679917536862
20 0.5342215864983105
21 0.533173208301572
22 0.533712744791088
23 0.5316055592182216
24 0.5306513945671445
25 0.5294445242359314
26 0.5295343604372365
27 0.5307561976961385
28 0.531195327474836
29 0.5300265549248423
30 0.5295490904352735
31 0.5293374519227164
32 0.5285633868431779
33 0.5282753676885159
34 0.5281982858235446
35 0.5277504922125329
36 0.5258765346828359
37 0.5275130943939983
38 0.5264764251653014
39 0.5265766966297579
40 0.5262246832285743
41 0.5256127362527453
42 0.5279620098689447
43 0.5260787012605477
44 0.5275872070323394
45 0.5253915628215388
46 0.5263003387720833
47 0.5263753529054124
48 0.5263834946974499
49 0.5263306694813028
50 0.5256197286983292
51 0.5251079434553735
52 0.5278553490708187
53 0.5245876958872238
54 0.5240073032376757
55 0.5256643714789734
56 0.5238887154051168
57 0.5242878460544779
58 0.5234646669287291
59 0.5233143885500704
60 0.5214653378600372
61 0.5237519031973716
62 0.5236167121095855
63 0.5242783731954141
64 0.5215544647625829
65 0.5245037462084222
66 0.5228235376483354
67 0.5236290523468916
68 0.5215155786886431
69 0.5224867482254544
70 0.5246613827491255
71 0.5213122785859652
72 0.5219030125611075
73 0.5208688328730634
74 0.5230151774688284
75 0.5201572956470755
76 0.5218248062811105
77 0.5191978095476967
78 0.5226022533360184
79 0.5221942507961098
80 0.5210578186596584
81 0.5213800779076239
82 0.5213413254919701
83 0.5202605668592962
84 0.5190341273450162
85 0.5229342547406167
86 0.5224754763986538
87 0.5217354420408411
88 0.5229392704600128
89 0.5212170233947238
90 0.5270304217851132
91 0.5214891695602956
92 0.5234581865857734
93 0.5215137781945096
94 0.5260628028840472
95 0.5226806563584727
96 0.5226271950766619
97 0.5187667560321716
98 0.5189175918601162
99 0.5189243855808927
100 0.521483989279165
101 0.5209438604975323
102 0.5199578314992924
103 0.5209565103140191
104 0.5213168627681113
105 0.5209500302981038
106 0.5196695103912985
107 0.5192112556603916
108 0.5229427959620679
109 0.5165436911225579
110 0.5219835280117746
111 0.5205600264579429
112 0.5201002236001205
113 0.518108393961732
114 0.5186693711967546
115 0.5232429441062535
116 0.5198207627395827
117 0.5194928210582292
118 0.522826451829473
119 0.5190280931241317
120 0.5214106224038018
121 0.5214151427106477
122 0.5199128434814188
123 0.5203659257713312
124 0.5199280110429663
125 0.5197768762677485
126 0.5180942601182678
127 0.521541748264198
128 0.5180305626963725
129 0.5181916232248787
130 0.5171680064016295
131 0.5187375635640062
132 0.5178554655946499
133 0.5212982904191046
134 0.5253733617799451
135 0.5153310903807922
136 0.5174948944860449
137 0.5195987115302518
138 0.5158447256061733
139 0.5207562842394636
140 0.515300731644106
141 0.5173966600028271
142 0.5199325422626788
143 0.5200832296362783
144 0.5206404752700861
145 0.5207442693701396
146 0.5170840494312137
147 0.5178922939847911
148 0.5162961724887181
149 0.5194199137822794
150 0.5158713430570778
151 0.5170037549069807
152 0.5167634268086292
153 0.5182251764248872
154 0.5201139502762431
155 0.5195400813900911
156 0.5177444880438788
157 0.5168610909730003
158 0.5193468624000357
159 0.5176409934546758
160 0.5220730228589392
161 0.5178759083286752
162 0.5119710784202269
163 0.5186370700252824
164 0.5201902993734046
165 0.5173526660430309
166 0.5177643289426842
167 0.5134097767048883
168 0.5190999731844665
169 0.5148079366630828
170 0.5136798398457774
171 0.5206477934225583
172 0.518401266323704
173 0.517249081703564
174 0.5149395095092567
175 0.5174987264391238
176 0.5227493730487742
177 0.5203630320848779
178 0.5172957193417551
179 0.5154361362566061
180 0.5221353137921045
181 0.5192746739444196
182 0.5178533587624496
183 0.5194049674591579
184 0.5170543666090656
185 0.5171022393244615
186 0.5158378334810994
187 0.5213682071031237
188 0.5173716214406258
189 0.5145678476479844
190 0.5232747838381642
191 0.5127664814865494
192 0.5148512110726644
193 0.5174470457079152
194 0.5154740784545634
195 0.5193285859613428
196 0.5155140715598925
197 0.5203081033453657
198 0.511340790032564
199 0.5114000916590284
200 0.5154973639997683
201 0.5156071397168733
202 0.5144792498594966
203 0.5191038503655035
204 0.5180864505891687
205 0.5174165883458647
206 0.5178398378997445
207 0.5174363246845989
208 0.5180758978045347
209 0.5182003232952165
210 0.518487369717358
211 0.5170084512161875
212 0.5177337351965172
213 0.5167705278592375
214 0.5206840837728256
215 0.5157827708541799
216 0.5207650273224044
217 0.5154828070604043
218 0.5210114830197898
219 0.5113909242041746
220 0.5223085735517231
221 0.5091331269349845
222 0.5149343268502147
223 0.5189893583126235
224 0.5179821920846668
225 0.5159195109526236
226 0.5162921707957238
227 0.5126417307441679
228 0.5180064520376588
229 0.5140365942268313
230 0.511158940397351
231 0.5126738897806313
232 0.5170157509528146
233 0.518839601956485
234 0.5171586840505303
235 0.5162191631456998
236 0.5174707133452618
237 0.5142953814921333
238 0.5117994100294986
239 0.5180876329466837
240 0.5161290322580645
241 0.5141724137931034
242 0.5168659708301652
243 0.507622163441459
244 0.5132190638418681
245 0.5163750400912298
246 0.5158434296365331
247 0.5176343310494049
248 0.5140618794902343
249 0.5159785737710891
250 0.5136546184738956
251 0.5176659724505828
252 0.5112600241678568
253 0.5174000148400979
254 0.5153762999962724
255 0.5150118962196457
256 0.5158310844197803
257 0.5238547443591887
258 0.5198082827828953
259 0.5155748536907684
260 0.5154812354445845
261 0.5197535618020793
262 0.5125991600559963
263 0.5196952952320808
264 0.5187014820042343
265 0.5179006045379603
266 0.5175129615704278
267 0.5196164252745503
268 0.517046592684588
269 0.5197899838449112
270 0.5190750040498947
271 0.5199388354593376
272 0.5137759436824857
273 0.5199395893709947
274 0.5107409392652456
275 0.5167818981772471
276 0.5156566509115462
277 0.5217002808271637
278 0.5169419376809127
279 0.5144548340053187
280 0.5182391545214353
281 0.5173264169394958
282 0.5195525956284153
283 0.5162934953477504
284 0.5165842428376535
285 0.5141092718071876
286 0.5189320178285517
287 0.521320908661485
288 0.5178662366321507
289 0.513615221987315
290 0.5091251015087405
291 0.5112502699201037
292 0.5145811699550017
293 0.5137702216246693
294 0.5150764685436219
295 0.5183525762536619
296 0.5157129960018916
297 0.5113745315087597
298 0.5181693444872305
299 0.5189393939393939
300 0.517911568532179
301 0.5150751547303272
302 0.5164874392039623
303 0.5172506256703611
304 0.517174801311122
305 0.515196475137128
306 0.5201021917439828
307 0.5125135037810586
308 0.5122496464254757
309 0.5142949517343309
310 0.5117408525084873
311 0.5168107132681167
312 0.5183823529411765
313 0.5186023482812279
314 0.5164078453720853
315 0.517382803185655
316 0.516061084781464
317 0.51827967186685
318 0.5167256428402925
319 0.5154546316488101
320 0.5113036028746847
321 0.5145930821554344
322 0.5172564650981917
323 0.5170942267131015
324 0.5178203240058911
325 0.5142325216794865
326 0.517556352207435
327 0.5174002548769728
328 0.5237067908801176
329 0.5169285991462942
330 0.5177027483939526
331 0.51
332 0.5166048007918832
333 0.5067335884311485
334 0.5176364637014059
335 0.5127614853368031
336 0.5149610258989188
337 0.5179530959674584
338 0.5125334140313713
339 0.5155139804733425
340 0.5145046805884168
341 0.5180865275922311
342 0.5183558846055655
343 0.5095862246209201
344 0.5191177986189838
345 0.5198840520748577
346 0.5145665501342656
347 0.5134772973251559
348 0.5187282456231492
349 0.5137352650984057
350 0.516454380036392
351 0.5184685619423117
352 0.508435622878036
353 0.5129508723108209
354 0.5177876153394848
355 0.5152299002269968
356 0.5166763264660941
357 0.5139573070607554
358 0.511794708320051
359 0.5149994662111669
360 0.5096216568819308
361 0.5246515159733145
362 0.5152564034293626
363 0.5240712360619352
364 0.518025078369906
365 0.5160696438903792
366 0.5210132412204951
367 0.5139278661261824
368 0.514822848879248
369 0.5063535048432455
370 0.5047629298746031
371 0.508157232015767
372 0.5133060675668105
373 0.5153543307086614
374 0.5156400248882855
375 0.5203164735801074
376 0.5160838377045506
377 0.5177547419497133
378 0.5214507328554616
379 0.5104910115374296
380 0.5142482803799542
381 0.5138061129640767
382 0.5113605105352919
383 0.5117148276246792
384 0.5193530395984384
385 0.5148195517989212
386 0.5143613209107448
387 0.510035682426405
388 0.5134237631564136
389 0.5125707814269536
390 0.5120852810397902
391 0.5156607224508459
392 0.5179786751361162
393 0.5107237068471155
394 0.5170570116812925
395 0.5108177271141096
396 0.5135499765368372
397 0.5172654342518311
398 0.5133736480986161
399 0.5104465383039738
400 0.5096766509855297
401 0.5128575730201747
402 0.5137752646775746
403 0.5189736826329356
404 0.516807221760304
405 0.5196233257296602
406 0.5130911423406612
407 0.50768779342723
408 0.5140545647809142
409 0.5191401648998822
410 0.5119236883942766
411 0.5113731593439483
412 0.5134418324291742
413 0.5156840400647754
414 0.5134003350083752
415 0.5154034814859125
416 0.5202315588445929
417 0.5117837061849504
418 0.513812488665901
419 0.516737416616131
420 0.5061773925871289
421 0.5163308722312602
422 0.5091993720565149
423 0.5204241701700445
424 0.5052752002033812
425 0.5055551945942434
426 0.5130285638894386
427 0.5199869366427172
428 0.5122186495176849
429 0.5089875155238904
430 0.5209250377767558
431 0.5130561248099424
432 0.5133485376978804
433 0.5212259405807793
434 0.5201508834623784
435 0.5207213114754098
436 0.5125761186126555
437 0.5106496272630457
438 0.5196497926403791
439 0.5094489229549359
440 0.5117012002950446
441 0.5206666666666667
442 0.5198730242708816
443 0.5158307835572702
444 0.5144594594594595
445 0.5186491251864912
446 0.5140830662211008
447 0.5180375180375181
448 0.5100112013441613
449 0.5226274318387839
450 0.5199452617174136
451 0.514171413072959
452 0.5204322863897332
453 0.5112660944206009
454 0.5095697027283833
455 0.5134051962410171
456 0.5160181493194005
457 0.5133082449538146
458 0.5183327685530329
459 0.51648204095334
460 0.5179572763684913
461 0.5196440342781806
462 0.510641110376735
463 0.5173734794004974
464 0.5099664360572642
465 0.5144207380637987
466 0.5143036561540608
467 0.5154157366071429
468 0.5209186151391105
469 0.5161179462506014
470 0.5151411110348143
471 0.5141470749043193
472 0.5171944160708206
473 0.5211296084114039
474 0.5180308343809965
475 0.5136029655126763
476 0.5108767741079718
477 0.5123411615993613
478 0.5125277087391684
479 0.5191125367548783
480 0.5118543891463496
481 0.5171438194678343
482 0.5136443070305149
483 0.5142490545651
484 0.5097839380350591
485 0.5070754716981132
486 0.5206308970567526
487 0.5128616242593238
488 0.5099291277805066
489 0.5175974710221286
490 0.5188074672610755
491 0.5134123518402994
492 0.5094247756833832
493 0.5134773734956718
494 0.5165567609728426
495 0.5149051490514905
496 0.5153269024651661
497 0.516743648960739
498 0.5081385566406964
