0 795119.0
1 20452.0
2 7800.0
3 4986.0
4 3345.0
5 2516.0
6 1906.0
7 1519.0
8 1244.0
9 1007.0
10 855.0
11 713.0
12 678.0
13 566.0
14 501.0
15 419.0
16 404.0
17 368.0
18 309.0
19 277.0
20 260.0
21 216.0
22 217.0
23 214.0
24 180.0
25 155.0
26 143.0
27 149.0
28 112.0
29 127.0
30 98.0
31 117.0
32 110.0
33 95.0
34 79.0
35 74.0
36 77.0
37 62.0
38 71.0
39 49.0
40 38.0
41 59.0
42 37.0
43 33.0
44 31.0
45 42.0
46 48.0
47 42.0
48 33.0
49 33.0
50 27.0
51 35.0
52 29.0
53 23.0
54 29.0
55 19.0
56 15.0
57 14.0
58 15.0
59 21.0
60 17.0
61 17.0
62 15.0
63 12.0
64 13.0
65 11.0
66 14.0
67 11.0
68 14.0
69 9.0
70 8.0
71 16.0
72 7.0
73 8.0
74 8.0
75 5.0
76 9.0
77 8.0
78 5.0
79 5.0
80 2.0
81 6.0
82 4.0
83 5.0
84 4.0
85 7.0
86 3.0
87 4.0
88 0.0
89 5.0
90 5.0
91 5.0
92 5.0
93 4.0
94 1.0
95 2.0
96 1.0
97 3.0
98 3.0
99 2.0
100 2.0
101 3.0
102 2.0
103 2.0
104 3.0
105 2.0
106 2.0
107 0.0
108 3.0
109 1.0
110 4.0
111 0.0
112 2.0
113 1.0
114 2.0
115 3.0
116 1.0
117 1.0
118 4.0
119 1.0
120 0.0
121 0.0
122 3.0
123 0.0
124 0.0
125 0.0
126 0.0
127 0.0
128 0.0
129 0.0
130 2.0
131 1.0
132 0.0
133 0.0
134 1.0
135 1.0
136 1.0
137 1.0
138 0.0
139 0.0
140 0.0
141 1.0
142 0.0
143 0.0
144 0.0
145 1.0
146 0.0
147 0.0
148 0.0
149 0.0
150 0.0
151 0.0
152 0.0
153 0.0
154 0.0
155 0.0
156 0.0
157 0.0
158 1.0
159 0.0
160 0.0
161 0.0
162 1.0
163 0.0
164 0.0
165 0.0
166 0.0
167 0.0
168 0.0
169 0.0
170 1.0
171 0.0
172 0.0
173 0.0
174 0.0
175 0.0
176 0.0
177 0.0
178 0.0
179 0.0
180 0.0
181 0.0
182 0.0
183 0.0
184 0.0
185 0.0
186 0.0
187 0.0
188 1.0
189 0.0
190 0.0
191 0.0
192 1.0
193 0.0
194 0.0
195 0.0
196 0.0
197 1.0
198 0.0
199 0.0
200 1.0
201 0.0
202 0.0
203 0.0
204 0.0
205 0.0
206 0.0
207 0.0
208 0.0
209 0.0
210 0.0
211 0.0
212 0.0
213 0.0
214 0.0
215 0.0
216 0.0
217 0.0
218 0.0
219 0.0
220 0.0
221 0.0
222 0.0
223 0.0
224 0.0
225 0.0
226 0.0
227 0.0
228 0.0
229 0.0
230 1.0
