2 0.6629138963401392
3 0.6324192770198125
4 0.6103033969606413
5 0.5937383998204466
6 0.5807254556718346
7 0.5703121344055385
8 0.5618016779955736
9 0.554750343170095
10 0.5482791100434039
11 0.5433788278364822
12 0.5389162624271518
13 0.5346871787014311
14 0.5311680630100342
15 0.5278893643574906
16 0.5251098545381808
17 0.5221013487527747
18 0.5203207809614604
19 0.5179430530978181
20 0.515613438472309
21 0.5140639812802187
22 0.512133289883276
23 0.5104521868050408
24 0.5094319453557395
25 0.5075586036972292
26 0.5062928444277741
27 0.5051380313514184
28 0.5040193384837094
29 0.5028372550816957
30 0.5014321136451754
31 0.5008964201817927
32 0.5000154513432447
33 0.4991081094655768
34 0.4981377668361557
35 0.496989220693489
36 0.497329998169174
37 0.4960786920111658
38 0.49566688442149115
39 0.4948139610929838
40 0.4937082336662126
41 0.4938722431386532
42 0.493005675760952
43 0.4926020704631995
44 0.4914453464347625
45 0.49130373712085534
46 0.49072983462634123
47 0.48967691632699023
48 0.4903788334335538
49 0.4890388416957571
50 0.48920833405145975
51 0.4888012471889728
52 0.4887628815147182
53 0.48749787495250735
54 0.4874365705535185
55 0.48697732829022167
56 0.4876387731148952
57 0.4864962237642354
58 0.4867859961679947
59 0.4871460698237825
60 0.4858101605365375
61 0.4856693601085755
62 0.4850629277085831
63 0.4853284354627538
64 0.48537341696409086
65 0.4846706449014483
66 0.4844166782324009
67 0.48353855316555633
68 0.4831964167725017
69 0.48391291329825914
70 0.4836979665708506
71 0.4826760569859283
72 0.4823261117445838
73 0.481679953605643
74 0.4815557700818622
75 0.48218018633657345
76 0.48213515919359085
77 0.4818791946308725
78 0.48174935907103
79 0.483107333812647
80 0.48267603800598724
81 0.4820520596411423
82 0.479976948868399
83 0.48014378637452926
84 0.47986381249194326
85 0.4805906008516007
86 0.48001396475951863
87 0.4779919024194615
88 0.4800081617444842
89 0.48057798165137616
90 0.48027708384980644
91 0.4822330535956447
92 0.4777501983162312
93 0.48051194102984723
94 0.47864345142983084
95 0.4805938808814635
96 0.4799756887690374
97 0.4781349992381533
98 0.47845597442302434
99 0.4786738018915411
100 0.4803157185484647
101 0.4752690478744324
102 0.47826761531130174
103 0.47771453119965634
104 0.47872238309309356
105 0.4781086539098192
106 0.47725046822110345
107 0.47791143188095875
108 0.4777863805626221
109 0.4768938815990235
110 0.4742088262687514
111 0.47752369180057685
112 0.47884635888687493
113 0.4750240419158367
114 0.4736854203781392
115 0.4757812686229172
116 0.47579521130967195
117 0.4765374905655467
118 0.4744034237113681
119 0.4785270016783493
120 0.4785841890459107
121 0.47813468074227794
122 0.47484984984984985
123 0.47857535842583904
124 0.4768980222289379
125 0.4790164733744297
126 0.47681086699401454
127 0.4785803076123861
128 0.47097358432400144
129 0.4738515053376514
130 0.47542523218198895
131 0.4786623516720604
132 0.4743120902644606
133 0.47790222139604055
134 0.4754569379723302
135 0.47587138070710605
136 0.47744048237862563
137 0.4783891825181767
138 0.47242697999224076
139 0.47321247867695954
140 0.474645697542307
141 0.47690448898664767
142 0.4779864188478337
143 0.4725058271232067
144 0.47115517479618624
145 0.47766260970060315
146 0.4732801557877392
147 0.4794113102595797
148 0.47396437862717633
149 0.47496962841942103
150 0.47949758287292815
151 0.4735051045211473
152 0.46963713237002275
153 0.47396464034875274
154 0.47424828818100623
155 0.4757477142414381
156 0.4788664228866423
157 0.4782417098160185
158 0.474456707247696
159 0.4699755995953104
160 0.4776082827911536
161 0.4689354716504609
162 0.46157936718957726
163 0.47888788740206617
164 0.4751303367620121
165 0.4675631742278705
166 0.47282900283590096
167 0.4699553713739241
168 0.4713285547591265
169 0.47132987910189983
170 0.4713711478338544
171 0.46405959031657357
172 0.47157420113703197
173 0.4787958913861487
174 0.4700165425971878
175 0.472234273318872
176 0.4799282350302759
177 0.47437808093545797
178 0.4730912141915378
179 0.48048452220726784
180 0.474434304288036
181 0.4723286223748514
182 0.47556958550645073
183 0.4659902829379823
184 0.4674043062200957
185 0.47519902020820576
186 0.4651600753295669
187 0.470986939990081
188 0.45677731673582295
189 0.46415508412582296
190 0.46319939917386405
191 0.4746871992300289
192 0.47195242814667987
193 0.4696657036731325
194 0.4880016988744956
195 0.46915477497255764
196 0.4770285714285714
197 0.464302827024437
198 0.45963673057517657
199 0.4815296566077003
200 0.48708677685950413
201 0.4788880146865985
202 0.4656467315716273
203 0.48724562912009173
204 0.47032508201610496
205 0.49634146341463414
206 0.46746470227133213
207 0.46211872745162347
208 0.4666894431158182
209 0.47930910399424254
210 0.4713493530499076
211 0.4737242955064737
212 0.45705153815421495
213 0.4758269720101781
214 0.4606841403820524
215 0.4834377797672337
216 0.48234242288779616
217 0.47746090156393745
218 0.4680232558139535
219 0.49899497487437183
220 0.46953405017921146
221 0.4970791290493893
222 0.4607734806629834
223 0.4942396313364055
224 0.4669522643818849
225 0.49056603773584906
226 0.4832567301378857
227 0.5006605019815059
228 0.4939759036144578
229 0.47152777777777777
230 0.46702453987730064
231 0.4903926482873851
232 0.5016638935108153
233 0.4888507718696398
234 0.48696383515559294
235 0.47909407665505227
236 0.4502325581395349
237 0.4870775347912525
238 0.4901768172888016
239 0.4709480122324159
240 0.47385272145144075
241 0.463718820861678
242 0.4612546125461255
243 0.4820717131474104
244 0.49129353233830847
245 0.47483870967741937
246 0.4973753280839895
247 0.47690217391304346
248 0.49868766404199477
249 0.4686192468619247
250 0.4338461538461538
251 0.4715447154471545
252 0.5024793388429752
253 0.46006389776357826
254 0.4583333333333333
255 0.5121495327102804
256 0.44597249508840864
257 0.4757085020242915
258 0.45754716981132076
259 0.5163727959697733
260 0.44954128440366975
261 0.44075829383886256
262 0.43444730077120824
263 0.47058823529411764
264 0.5083333333333333
265 0.48626373626373626
266 0.4662576687116564
267 0.49838187702265374
268 0.4694533762057878
269 0.4597315436241611
270 0.4623287671232877
271 0.48736462093862815
272 0.5376712328767124
273 0.4416961130742049
274 0.48698884758364314
275 0.4767025089605735
276 0.46545454545454545
277 0.4330708661417323
278 0.462882096069869
279 0.4669603524229075
280 0.4954954954954955
281 0.43902439024390244
282 0.45
283 0.5133689839572193
284 0.533678756476684
285 0.5125628140703518
286 0.42934782608695654
287 0.42696629213483145
288 0.4294478527607362
289 0.484472049689441
290 0.5179856115107914
291 0.5096774193548387
292 0.46496815286624205
293 0.4306569343065693
294 0.4896551724137931
295 0.45588235294117646
296 0.43089430894308944
297 0.5
298 0.4491525423728814
299 0.48514851485148514
300 0.41836734693877553
301 0.39473684210526316
302 0.46774193548387094
303 0.47761194029850745
304 0.5063291139240507
305 0.4794520547945205
306 0.5068493150684932
307 0.48484848484848486
308 0.5147058823529411
309 0.3225806451612903
310 0.48148148148148145
311 0.43478260869565216
312 0.5217391304347826
313 0.46153846153846156
314 0.5185185185185185
315 0.5925925925925926
316 0.37777777777777777
317 0.5428571428571428
318 0.41304347826086957
319 0.35714285714285715
320 0.5238095238095238
321 0.4
322 0.4791666666666667
323 0.4375
324 0.4473684210526316
325 0.4838709677419355
326 0.5263157894736842
327 0.36363636363636365
328 0.6086956521739131
329 0.4782608695652174
330 0.5833333333333334
331 0.5517241379310345
332 0.5357142857142857
333 0.48484848484848486
334 0.4666666666666667
335 0.25
336 0.5
337 0.5357142857142857
338 0.46153846153846156
339 0.4
340 0.4117647058823529
341 0.5625
342 0.65
343 0.35294117647058826
344 0.3333333333333333
345 0.3684210526315789
346 0.5
347 0.38461538461538464
348 0.4
349 0.36363636363636365
350 0.46153846153846156
351 0.5263157894736842
352 0.4090909090909091
353 0.5909090909090909
354 0.68
355 0.6086956521739131
356 0.5454545454545454
357 0.4166666666666667
358 0.5
359 0.5882352941176471
360 0.5
361 0.3
362 0.45
363 0.26666666666666666
364 0.375
365 0.35714285714285715
366 0.3
367 0.5
368 0.5
369 0.5714285714285714
370 0.6363636363636364
371 0.5555555555555556
372 0.4090909090909091
373 0.1
374 1.0
375 0.5
376 0.2857142857142857
377 0.5714285714285714
378 0.5
379 0.25
380 1.0
381 0.0
382 1.0
383 0.3333333333333333
384 0.75
385 0.3333333333333333
386 0.3333333333333333
387 0.0
388 0.5
389 0.0
390 1.0
391 0.0
392 0.0
393 0.0
394 0.75
395 0.4
396 0.5
397 0.0
398 0.0
399 0.0
400 0.75
401 0.5714285714285714
402 0.25
403 0.16666666666666666
404 0.0
405 0.6
406 0.375
407 0.2857142857142857
408 0.42857142857142855
409 0.0
410 0.75
411 0.5
412 0.4
413 0.0
414 0
415 0.0
416 0.0
417 0.5
418 0.0
419 0.75
420 0.6
421 0.6666666666666666
422 0.6666666666666666
423 1.0
424 0.0
425 0
426 0
427 1.0
428 0.0
429 0
430 0
431 1.0
432 0.5
433 1.0
434 0.5
435 0.6666666666666666
436 0.6
437 0.5
438 1.0
439 0.5
440 0.25
441 0.75
442 0.4
443 0.6666666666666666
444 0.5
445 0.0
446 0.5
447 0.0
448 0
449 0.0
450 1.0
451 0.0
452 0
453 1.0
454 0.0
455 0
456 0
457 0
458 0
459 0
460 0
461 0
462 0
463 0
464 0
465 0
466 0
467 0
468 0
469 0
470 0
471 0
472 0
473 0
474 0
475 0
476 0
477 0
478 0
479 0
480 0
481 0
482 0
483 0
484 0
485 0
486 0
487 0
488 0
489 0
490 0
491 0
492 0
493 0
494 0
495 0
496 0
497 0
498 0
