0 965459.0
1 14666.0
2 6938.0
3 4416.0
4 2903.0
5 2131.0
6 1581.0
7 1182.0
8 888.0
9 737.0
10 558.0
11 430.0
12 370.0
13 312.0
14 247.0
15 214.0
16 163.0
17 142.0
18 99.0
19 101.0
20 79.0
21 69.0
22 56.0
23 46.0
24 43.0
25 45.0
26 27.0
27 34.0
28 23.0
29 17.0
30 19.0
31 18.0
32 8.0
33 5.0
34 9.0
35 6.0
36 10.0
37 6.0
38 4.0
39 6.0
40 6.0
41 4.0
42 0.0
43 4.0
44 3.0
45 1.0
46 2.0
47 4.0
48 1.0
49 0.0
50 0.0
51 3.0
52 0.0
53 1.0
54 1.0
55 1.0
56 0.0
57 0.0
58 0.0
59 1.0
60 0.0
61 0.0
62 0.0
63 0.0
64 0.0
65 0.0
66 0.0
67 0.0
68 0.0
69 1.0
