0 0.1462
1 0.1382
2 0.122
3 0.1388
4 0.1375
5 0.1367
6 0.1161
7 0.1278
8 0.148
9 0.1515
10 0.1209
11 0.1243
12 0.1188
13 0.1243
14 0.1391
15 0.1125
16 0.1262
17 0.1331
18 0.1161
19 0.1233
20 0.1123
21 0.1345
22 0.1487
23 0.1398
24 0.1113
25 0.1209
26 0.137
27 0.1045
28 0.1151
29 0.1367
30 0.1356
31 0.1189
32 0.1175
33 0.149
34 0.1277
35 0.1366
36 0.1359
37 0.1264
38 0.1262
39 0.1274
40 0.1201
41 0.1273
42 0.1366
43 0.1187
44 0.1361
45 0.1278
46 0.1304
47 0.1038
48 0.1413
49 0.1308
50 0.1071
51 0.1248
52 0.1326
53 0.1395
54 0.1375
55 0.121
56 0.1267
57 0.157
58 0.1247
59 0.1376
60 0.1353
61 0.1144
62 0.1298
63 0.1494
64 0.144
65 0.1383
66 0.1175
67 0.1292
68 0.1553
69 0.1393
70 0.104
71 0.1314
72 0.1088
73 0.1238
74 0.1521
75 0.1158
76 0.1339
77 0.1207
78 0.1489
79 0.1304
80 0.1335
81 0.1191
82 0.1547
83 0.1139
84 0.1397
85 0.1651
86 0.1223
87 0.1222
88 0.1202
89 0.1125
90 0.1412
91 0.1353
92 0.1176
93 0.1146
94 0.1364
95 0.1217
96 0.1193
97 0.1243
98 0.1669
99 0.1049
100 0.1365
101 0.1349
102 0.1368
103 0.1319
104 0.1221
105 0.1448
106 0.1416
107 0.1218
108 0.1154
109 0.1323
110 0.1419
