-58 1
-57 0
-56 0
-55 1
-54 3
-53 0
-52 6
-51 3
-50 2
-49 0
-48 4
-47 3
-46 3
-45 10
-44 11
-43 13
-42 17
-41 21
-40 25
-39 27
-38 42
-37 44
-36 71
-35 102
-34 135
-33 183
-32 196
-31 268
-30 354
-29 468
-28 599
-27 709
-26 991
-25 1261
-24 1642
-23 2179
-22 2822
-21 3758
-20 5013
-19 6678
-18 9117
-17 12085
-16 15924
-15 21381
-14 29094
-13 39874
-12 55170
-11 76494
-10 106425
-9 150887
-8 217099
-7 316758
-6 473191
-5 730572
-4 1174869
-3 2027616
-2 3958867
-1 9097690
0 34643395
1 1003629814
2 38803688
3 6239744
4 3110577
5 1778583
6 1079959
7 685047
8 449715
9 303068
10 209058
11 145120
12 102807
13 74223
14 53091
15 38831
16 28593
17 20960
18 15521
19 11733
20 8694
21 6501
22 4944
23 3711
24 2762
25 2106
26 1661
27 1175
28 900
29 716
30 561
31 438
32 339
33 269
34 221
35 156
36 129
37 94
38 76
39 55
40 45
41 40
42 19
43 18
44 12
45 15
46 6
47 4
48 4
49 9
50 6
51 3
52 1
53 1
54 0
55 0
56 1
57 1
58 0
59 1
60 0
61 0
62 0
63 0
64 0
65 0
66 0
67 0
68 0
69 0
70 1
