0 0.1486
1 0.1427
2 0.1532
3 0.1789
4 0.1656
5 0.1615
6 0.1762
7 0.1589
8 0.1717
9 0.1611
10 0.1559
11 0.1247
12 0.1651
13 0.2097
14 0.1204
15 0.1679
16 0.1786
17 0.1631
18 0.1298
19 0.2119
20 0.1653
21 0.1627
22 0.1568
23 0.1384
24 0.1162
25 0.1683
26 0.1774
27 0.1399
28 0.1995
29 0.1546
30 0.1423
31 0.17
32 0.2004
33 0.186
34 0.1437
35 0.1705
36 0.1764
37 0.1343
38 0.1703
39 0.1432
40 0.1855
41 0.1888
42 0.1457
43 0.19
44 0.1695
45 0.1645
46 0.1577
47 0.1715
48 0.1539
49 0.2337
50 0.1665
51 0.1927
52 0.1605
53 0.2066
54 0.1717
55 0.1748
56 0.1406
57 0.1661
58 0.1778
59 0.1751
60 0.1422
61 0.1469
62 0.1583
63 0.1689
64 0.1902
65 0.1972
66 0.1548
67 0.2027
68 0.148
69 0.163
70 0.1433
71 0.1213
72 0.1321
73 0.165
74 0.1585
75 0.1464
76 0.1804
77 0.1592
78 0.1288
79 0.1473
80 0.1359
81 0.1616
82 0.1744
83 0.1584
84 0.1554
85 0.1624
86 0.1455
87 0.1157
88 0.144
89 0.1715
90 0.1567
91 0.1698
92 0.1599
93 0.1664
94 0.165
95 0.1427
96 0.188
97 0.1834
98 0.1898
99 0.1933
100 0.1764
101 0.1709
102 0.1734
103 0.1886
104 0.1726
105 0.1813
106 0.1474
107 0.152
108 0.1922
109 0.1917
110 0.1266
