2 0.6258670713923632
3 0.6060177793172495
4 0.5917777355989721
5 0.5808046884605745
6 0.5713803055426658
7 0.5640659914540368
8 0.5578033958596122
9 0.5524345512935118
10 0.5478924000189516
11 0.5439452490312462
12 0.5404355244996402
13 0.5369417390966941
14 0.5340061874558004
15 0.5309608070819186
16 0.5294141951721091
17 0.52658190881089
18 0.5249415955890918
19 0.522805265341788
20 0.5214457443590503
21 0.5204367130521841
22 0.5191337861323598
23 0.5172074115263104
24 0.516047522887773
25 0.513902960324847
26 0.5126489875879254
27 0.5122094613243132
28 0.5114640469152585
29 0.5104215300818536
30 0.510403255380665
31 0.5101564525888149
32 0.508320364222826
33 0.5087268274904689
34 0.5066644335103337
35 0.5063567069635687
36 0.5056108594759476
37 0.5036243023826018
38 0.5042339682080984
39 0.5040711197090557
40 0.5041353777566886
41 0.5030841468304346
42 0.5023125761345012
43 0.5025815562562578
44 0.5004541667856152
45 0.5013445291850667
46 0.500643937208029
47 0.500368989614006
48 0.49985884564733385
49 0.500008732917223
50 0.49877976136455515
51 0.4973679552200073
52 0.4980669987555632
53 0.49746078173182345
54 0.4979651986843689
55 0.49759374110148696
56 0.49833334732705853
57 0.4971017933810668
58 0.49405630676130574
59 0.49645437057683617
60 0.4955093428294583
61 0.4966768544122641
62 0.49553062857324526
63 0.49485347975261457
64 0.49518037766125106
65 0.4960623122340758
66 0.4949318117962351
67 0.49509023994342927
68 0.4960167267464544
69 0.49499573038136163
70 0.4923475064787762
71 0.49422852788237404
72 0.4937770299938217
73 0.49434515752342545
74 0.4933385710942463
75 0.49401558288482705
76 0.49248073018667915
77 0.4917029710375259
78 0.493155547775006
79 0.49217525011886337
80 0.4918492264652987
81 0.49275741710296683
82 0.4905514564859315
83 0.4893743140695702
84 0.4917416409292332
85 0.4929637957605922
86 0.490520105208884
87 0.48938309857240897
88 0.4917209917913915
89 0.49018949458378347
90 0.48973736482012803
91 0.4896335659898477
92 0.48981987751013906
93 0.49227453919798303
94 0.49065325746548455
95 0.48608625789723553
96 0.48729950339631256
97 0.4865860542499777
98 0.48967554648312084
99 0.48795558722494603
100 0.4903425897311377
101 0.4869901627370872
102 0.4887556580000239
103 0.49255402943927534
104 0.48749380724330227
105 0.4899863841262707
106 0.49032793803346086
107 0.48475760705040244
108 0.4853561439078895
109 0.4851656859708888
110 0.48641579074059216
111 0.4870687490584041
112 0.4908026322607389
113 0.49234193650961894
114 0.4853368415282574
115 0.4855956100906943
116 0.4864466529904997
117 0.48949197418500745
118 0.4874478330658106
119 0.4867925364534858
120 0.48876689578816257
121 0.48698884758364314
122 0.4851172096929575
123 0.48756103829349784
124 0.488410773688164
125 0.49041111142038024
126 0.4879710269897387
127 0.48587604290822406
128 0.49150470602615814
129 0.4875086964771362
130 0.4886419189779357
131 0.4821898159215874
132 0.48672032906634516
133 0.4879181136903674
134 0.4873798993442123
135 0.49028571428571427
136 0.4909244917715392
137 0.48454256032171583
138 0.48673257023933403
139 0.48451598277034685
140 0.48943332709930804
141 0.4807739407298555
142 0.48695607867115054
143 0.484957246912277
144 0.48537407568508045
145 0.48600621945801864
146 0.4901916188093478
147 0.4805938114827401
148 0.4802100919152129
149 0.48530368058265055
150 0.48558114405348823
151 0.4845653377630122
152 0.4821976453799501
153 0.47624366994340184
154 0.49063555419097327
155 0.4861494751795438
156 0.48402425036867114
157 0.4804593760713061
158 0.48528758111832165
159 0.48789761661875175
160 0.4801413022722933
161 0.4839217228832727
162 0.4784504614136497
163 0.4893707033315706
164 0.48362802881466926
165 0.4733056086321232
166 0.4767623393779272
167 0.4803663279387781
168 0.4762091503267974
169 0.49225171809729146
170 0.4855595667870036
171 0.49128666860296255
172 0.4893775070569009
173 0.4870410367170626
174 0.4832428981806575
175 0.49328309305373524
176 0.482990906028966
177 0.4852599606932285
178 0.48967391304347824
179 0.48075099563815665
180 0.4892367906066536
181 0.4847990206080392
182 0.49042709867452133
183 0.4754944110060189
184 0.46781315361375786
185 0.473015873015873
186 0.4690909090909091
187 0.4892750475156123
188 0.4806223479490806
189 0.4752920035938904
190 0.4881502000615574
191 0.472258064516129
192 0.49175916582576523
193 0.49071153172099546
194 0.48333333333333334
195 0.4911584265608084
196 0.49238398866454125
197 0.4757772957339118
198 0.46842309182487407
199 0.48057259713701433
200 0.4891681109185442
201 0.48239597622313674
202 0.4785918173168411
203 0.47767185148018065
204 0.4856396866840731
205 0.49561177077955604
206 0.47613997879109227
207 0.48296703296703297
208 0.49337175792507204
209 0.49504950495049505
210 0.47225572979493363
211 0.48475016223231665
212 0.48707482993197276
213 0.47913769123783034
214 0.49637155297532654
215 0.5172413793103449
216 0.46136701337295694
217 0.4869230769230769
218 0.5015060240963856
219 0.49657273419649656
220 0.48212927756653995
221 0.47
222 0.48818181818181816
223 0.48359073359073357
224 0.45652173913043476
225 0.46688741721854304
226 0.47841306884480744
227 0.48789346246973364
228 0.47810650887573963
229 0.4424778761061947
230 0.47058823529411764
231 0.4939759036144578
232 0.4836173001310616
233 0.4797385620915033
234 0.48933333333333334
235 0.4410112359550562
236 0.47151898734177217
237 0.48717948717948717
238 0.5096153846153846
239 0.4551386623164764
240 0.45108695652173914
241 0.4680073126142596
242 0.45790554414784396
243 0.4897025171624714
244 0.5152941176470588
245 0.5011494252873563
246 0.48514851485148514
247 0.5149863760217984
248 0.49584487534626037
249 0.5228426395939086
250 0.5035971223021583
251 0.5037406483790524
252 0.47164948453608246
253 0.511049723756906
254 0.4598337950138504
255 0.4836795252225519
256 0.47151898734177217
257 0.5099337748344371
258 0.517799352750809
259 0.4503311258278146
260 0.47985347985347987
261 0.4641509433962264
262 0.48582995951417
263 0.46923076923076923
264 0.46887966804979253
265 0.4304932735426009
266 0.4416243654822335
267 0.4835164835164835
268 0.4715909090909091
269 0.45
270 0.5380116959064327
271 0.4827586206896552
272 0.5329341317365269
273 0.4967741935483871
274 0.50625
275 0.40939597315436244
276 0.5576923076923077
277 0.4166666666666667
278 0.48554913294797686
279 0.46853146853146854
280 0.504
281 0.4336283185840708
282 0.40707964601769914
283 0.5508474576271186
284 0.43333333333333335
285 0.4631578947368421
286 0.4375
287 0.5729166666666666
288 0.4375
289 0.5164835164835165
290 0.5377358490566038
291 0.5175438596491229
292 0.4774774774774775
293 0.4895833333333333
294 0.5052631578947369
295 0.42391304347826086
296 0.3950617283950617
297 0.4852941176470588
298 0.35
299 0.5272727272727272
300 0.49019607843137253
301 0.45454545454545453
302 0.4583333333333333
303 0.3611111111111111
304 0.38461538461538464
305 0.5517241379310345
306 0.5806451612903226
307 0.45161290322580644
308 0.48148148148148145
309 0.42857142857142855
310 0.5263157894736842
311 0.5128205128205128
312 0.36363636363636365
313 0.4642857142857143
314 0.56
315 0.5277777777777778
316 0.5588235294117647
317 0.5
318 0.59375
319 0.475
320 0.6176470588235294
321 0.43243243243243246
322 0.5641025641025641
323 0.4
324 0.4482758620689655
325 0.36
326 0.5238095238095238
327 0.4
328 0.5909090909090909
329 0.29411764705882354
330 0.36363636363636365
331 0.375
332 0.375
333 0.75
334 0.35294117647058826
335 0.6363636363636364
336 0.75
337 0.45
338 0.7142857142857143
339 0.5
340 0.5
341 0.42857142857142855
342 0.4166666666666667
343 0.5
344 0.3
345 0.75
346 0.6428571428571429
347 0.5
348 0.35294117647058826
349 0.45454545454545453
350 0.375
351 0.7
352 0.5555555555555556
353 0.6363636363636364
354 0.375
355 0.75
356 0.45454545454545453
357 0.6363636363636364
358 0.5
359 0.5
360 0.5
361 0.6666666666666666
362 0.5
363 0.375
364 0.5
365 1.0
366 0.8
367 0.3333333333333333
368 0.8
369 0.5555555555555556
370 0.7
371 0.45454545454545453
372 0.375
373 0.5
374 0.75
375 0.8571428571428571
376 0.7272727272727273
377 0.3333333333333333
378 0.75
379 0.75
380 0.6666666666666666
381 0.7142857142857143
382 0.3333333333333333
383 0.5
384 0.8
385 0.375
386 0.0
387 0.3333333333333333
388 0.375
389 0.3333333333333333
390 0.42857142857142855
391 0.4
392 0.25
393 0.5
394 1.0
395 1.0
396 0
397 1.0
398 0.6
399 0.42857142857142855
400 0.375
401 0.0
402 1.0
403 0.6
404 0.5555555555555556
405 0.5714285714285714
406 0.2
407 0.0
408 0
409 0.0
410 0.0
411 0
412 1.0
413 1.0
414 0.5
415 0.0
416 1.0
417 0.6666666666666666
418 0.0
419 1.0
420 0.3333333333333333
421 0.4
422 0.0
423 1.0
424 0.5
425 0.6666666666666666
426 0.0
427 0
428 0.6666666666666666
429 0.2
430 0.0
431 0.0
432 0
433 0.0
434 0.0
435 0.0
436 0
437 0
438 0
439 0
440 0
441 0
442 0
443 0
444 0.0
445 0.5
446 0.6666666666666666
447 0.3333333333333333
448 0.0
449 0
450 0
451 0
452 0
453 0
454 0
455 0
456 0
457 0
458 0
459 0
460 0
461 0
462 0
463 0
464 1.0
465 0.75
466 0.6666666666666666
467 0.6666666666666666
468 0.0
469 0
470 0
471 0
472 0
473 0
474 0
475 0
476 0
477 0
478 0
479 0
480 0
481 0
482 0
483 0
484 0
485 0
486 0
487 0
488 0
489 0
490 0
491 0
492 0
493 0
494 0
495 0
496 0
497 0
498 0
