-194 1
-193 0
-192 0
-191 0
-190 0
-189 0
-188 0
-187 0
-186 0
-185 0
-184 0
-183 1
-182 0
-181 0
-180 0
-179 1
-178 0
-177 0
-176 0
-175 0
-174 0
-173 0
-172 1
-171 0
-170 0
-169 0
-168 1
-167 1
-166 1
-165 0
-164 0
-163 1
-162 0
-161 2
-160 1
-159 1
-158 0
-157 2
-156 0
-155 0
-154 1
-153 0
-152 1
-151 4
-150 3
-149 3
-148 3
-147 3
-146 0
-145 1
-144 1
-143 3
-142 1
-141 4
-140 3
-139 4
-138 2
-137 4
-136 3
-135 4
-134 8
-133 5
-132 9
-131 7
-130 10
-129 4
-128 16
-127 11
-126 9
-125 10
-124 16
-123 13
-122 13
-121 18
-120 10
-119 19
-118 25
-117 22
-116 23
-115 22
-114 21
-113 27
-112 33
-111 33
-110 34
-109 39
-108 39
-107 47
-106 60
-105 53
-104 49
-103 43
-102 54
-101 68
-100 89
-99 85
-98 95
-97 85
-96 100
-95 113
-94 132
-93 134
-92 163
-91 148
-90 170
-89 181
-88 191
-87 207
-86 256
-85 265
-84 276
-83 287
-82 335
-81 387
-80 383
-79 449
-78 479
-77 523
-76 605
-75 578
-74 670
-73 687
-72 760
-71 862
-70 873
-69 989
-68 1108
-67 1160
-66 1334
-65 1454
-64 1561
-63 1646
-62 1765
-61 1952
-60 2198
-59 2348
-58 2595
-57 2823
-56 2992
-55 3208
-54 3676
-53 4102
-52 4458
-51 4901
-50 5337
-49 5797
-48 6369
-47 6904
-46 7846
-45 8586
-44 9461
-43 10255
-42 11372
-41 12607
-40 13807
-39 15287
-38 16875
-37 18726
-36 20848
-35 22965
-34 25197
-33 28262
-32 31436
-31 35110
-30 39085
-29 43623
-28 48514
-27 54488
-26 61199
-25 68132
-24 76726
-23 87290
-22 98750
-21 111595
-20 127095
-19 144554
-18 165118
-17 190825
-16 219092
-15 254502
-14 297605
-13 348235
-12 410585
-11 489214
-10 588776
-9 717173
-8 886303
-7 1116211
-6 1439973
-5 1920490
-4 2684932
-3 4053946
-2 7033283
-1 15598212
0 72800491
1 884907992
2 78882562
3 11560788
4 5810816
5 3657727
6 2518343
7 1835943
8 1389241
9 1085280
10 865955
11 701466
12 577782
13 480824
14 404753
15 342572
16 292472
17 251776
18 216110
19 187337
20 163863
21 143393
22 125572
23 110689
24 97596
25 87122
26 76026
27 67436
28 60437
29 53995
30 48286
31 43043
32 38798
33 34482
34 31217
35 27710
36 24878
37 22653
38 20419
39 18631
40 16810
41 15295
42 13742
43 12480
44 11117
45 10285
46 9266
47 8646
48 7673
49 6975
50 6366
51 5778
52 5256
53 4863
54 4449
55 3991
56 3522
57 3351
58 3118
59 2841
60 2629
61 2389
62 2161
63 1961
64 1769
65 1684
66 1455
67 1393
68 1239
69 1185
70 1061
71 998
72 970
73 804
74 748
75 667
76 657
77 564
78 527
79 564
80 473
81 418
82 395
83 372
84 318
85 312
86 271
87 256
88 237
89 212
90 227
91 201
92 172
93 163
94 164
95 144
96 115
97 113
98 98
99 90
100 95
101 88
102 69
103 73
104 69
105 70
106 51
107 56
108 55
109 30
110 39
111 33
112 35
113 27
114 36
115 23
116 30
117 28
118 18
119 21
120 22
121 14
122 13
123 18
124 12
125 19
126 12
127 11
128 8
129 12
130 9
131 7
132 4
133 5
134 4
135 2
136 3
137 8
138 5
139 2
140 1
141 1
142 3
143 2
144 3
145 2
146 2
147 4
148 3
149 2
150 0
151 1
152 2
153 1
154 2
155 0
156 1
157 0
158 1
159 1
160 1
161 1
162 1
163 1
164 1
165 0
166 1
167 0
168 2
169 0
170 0
171 1
172 0
173 1
174 0
175 1
176 1
177 0
178 0
179 0
180 0
181 0
182 0
183 0
184 0
185 0
186 0
187 0
188 0
189 1
