0 0.2888
1 0.2848
2 0.2896
3 0.295
4 0.2879
5 0.2776
6 0.2734
7 0.2869
8 0.288
9 0.2839
10 0.2903
11 0.2769
12 0.286
13 0.3019
14 0.2845
15 0.2998
16 0.2961
17 0.2653
18 0.2744
19 0.2762
20 0.2735
21 0.2924
22 0.2807
23 0.2723
24 0.274
25 0.303
26 0.2691
27 0.2806
28 0.2958
29 0.285
30 0.2708
31 0.3034
32 0.2892
33 0.3072
34 0.2871
35 0.304
36 0.2781
37 0.2829
38 0.2778
39 0.2924
40 0.2799
41 0.2735
42 0.2766
43 0.2746
44 0.2886
45 0.2648
46 0.2958
47 0.2794
48 0.2743
49 0.3038
50 0.2796
51 0.2886
52 0.2778
53 0.2805
54 0.2794
55 0.2729
56 0.2709
57 0.2578
58 0.2804
59 0.2833
60 0.29
61 0.2962
62 0.2743
63 0.2838
64 0.2841
65 0.2773
66 0.2729
67 0.2804
68 0.2625
69 0.2776
70 0.2852
71 0.2507
72 0.2686
73 0.2801
74 0.2717
75 0.2875
76 0.2853
77 0.2918
78 0.2719
79 0.2853
80 0.2829
81 0.2695
82 0.2683
83 0.2896
84 0.2785
85 0.2799
86 0.2756
87 0.2733
88 0.2786
89 0.3004
90 0.282
91 0.2505
92 0.2721
93 0.2808
94 0.2759
95 0.2795
96 0.2856
97 0.2884
98 0.2756
99 0.2919
100 0.2887
101 0.2758
102 0.2779
103 0.2927
104 0.2786
105 0.286
106 0.297
107 0.2663
108 0.2457
109 0.2899
110 0.2792
