2 0.5875159656119272
3 0.5796582405279594
4 0.5732528573760559
5 0.5694094328035647
6 0.5648217023401677
7 0.560604756741458
8 0.5566653238700782
9 0.555189195928436
10 0.550680098022798
11 0.5485018004437255
12 0.5454605588673425
13 0.5434422497283375
14 0.5403548705974838
15 0.5436113013225409
16 0.538385355100476
17 0.5353931496698998
18 0.535391466402362
19 0.5358580565894554
20 0.5326722252495018
21 0.5329344797789772
22 0.5310766707930741
23 0.5310381127633825
24 0.5297441565563096
25 0.5297310176850577
26 0.5279847182425979
27 0.5261687063346931
28 0.5277241392627493
29 0.5268696464415605
30 0.5260314366904236
31 0.5228879811155098
32 0.5267432925311428
33 0.5222102022135309
34 0.5223647205054329
35 0.5217066132736587
36 0.5222547079012839
37 0.5243175302924296
38 0.5223043847744194
39 0.5212864083976407
40 0.5193715812407139
41 0.5215020744622776
42 0.5180969549602426
43 0.517173127582087
44 0.5177241297444877
45 0.5193645772339794
46 0.5192195258845815
47 0.5170523556862494
48 0.5170660202761355
49 0.5146591577708666
50 0.5171246843626077
51 0.515983519215742
52 0.5171303873431533
53 0.5181676615624189
54 0.5158473051056172
55 0.5129057413003216
56 0.5146374418255517
57 0.5150840853158326
58 0.514165781195754
59 0.5141062812269308
60 0.510974230596089
61 0.5139241654571843
62 0.5171667862017907
63 0.5137457854902978
64 0.5157042516535547
65 0.5132753166504598
66 0.5117667099900314
67 0.5130139031324238
68 0.5128982303813218
69 0.5182935801907615
70 0.5099914184136325
71 0.510759617809409
72 0.5110288803445983
73 0.5120346860290733
74 0.5137543528839281
75 0.5122943843523203
76 0.5117061080150924
77 0.5111446369476348
78 0.5142795791281941
79 0.5118674353528202
80 0.511696813092162
81 0.5122075997600819
82 0.5097201607356189
83 0.5117468878135274
84 0.5068783469260317
85 0.5089893761917733
86 0.5142766497461929
87 0.5091707985649212
88 0.5103456820716145
89 0.506685941452837
90 0.5095314175658225
91 0.5094508845489809
92 0.5156057775550189
93 0.5126493404847955
94 0.5101858386262056
95 0.5123280435983002
96 0.5086354938423041
97 0.5111238446398765
98 0.5082133957178457
99 0.5067205345350012
100 0.5059927874416631
101 0.5085268356571803
102 0.5092966855295069
103 0.5069722253971882
104 0.5075475569364246
105 0.5031606698822613
106 0.5050879960409514
107 0.5044478332697928
108 0.507454445057979
109 0.5048853439680957
110 0.5041595635867713
111 0.5071711177052424
112 0.5051550121188004
113 0.5121121343244942
114 0.5081438114538768
115 0.5072618051859175
116 0.5075851874902754
117 0.5080097853535354
118 0.5081954009101526
119 0.5069271322898361
120 0.5072833821682713
121 0.5011822363612914
122 0.5071242666196127
123 0.5058754406580493
124 0.5077388039197729
125 0.5076837364780166
126 0.5079118395026844
127 0.5010138070869943
128 0.5049832223168228
129 0.5028417898108918
130 0.5069551777434312
131 0.5036827823004929
132 0.49925398829335477
133 0.5058955975588079
134 0.5069235400361228
135 0.5071624504724169
136 0.506384033717615
137 0.5112310202032877
138 0.5067645181876197
139 0.5128813124839785
140 0.5063791205232822
141 0.5079618895329469
142 0.5062572659508993
143 0.4995802434587939
144 0.514456630109671
145 0.5046450863695747
146 0.5124879567182984
147 0.5059158304627827
148 0.5047848751264297
149 0.5067108795199747
150 0.5032785558164009
151 0.5133061224489796
152 0.4992581602373887
153 0.506244237700109
154 0.5059559516668095
155 0.49903627124583844
156 0.49954479242534594
157 0.509237981432117
158 0.5047324524411958
159 0.5021109192093648
160 0.5051110674267741
161 0.5033930922718526
162 0.512054991279368
163 0.49611996644295303
164 0.5077402709094818
165 0.5069099546534226
166 0.5025308098591549
167 0.5033400133600534
168 0.51485372190218
169 0.5076574021554169
170 0.5025002907314804
171 0.492519305019305
172 0.5105853051058531
173 0.5064967207028833
174 0.49968108177063403
175 0.49688700490131144
176 0.4968240817453742
177 0.497986770204199
178 0.504611722701577
179 0.511663132384126
180 0.5123706702654071
181 0.4972434915773354
182 0.49533612093920876
183 0.4927221013886565
184 0.5057510729613733
185 0.5051188617039736
186 0.4990194330540203
187 0.505048683736026
188 0.5001862891207154
189 0.49874201664408746
190 0.5093059325319892
191 0.5000978282136568
192 0.512850929221036
193 0.502021018593371
194 0.5197125256673512
195 0.5087497364537212
196 0.5124270585692673
197 0.5145299145299145
198 0.49847627340008704
199 0.5072463768115942
200 0.5056595056595057
201 0.4981211836542978
202 0.5036390101892285
203 0.5001219809709685
204 0.5016245938515371
205 0.5211548033847685
206 0.5052916564115186
207 0.4887669801462905
208 0.509825327510917
209 0.495148401826484
210 0.5166908563134979
211 0.5127470638785449
212 0.5014376078205866
213 0.5010450880859958
214 0.5141552511415525
215 0.49140674729471673
216 0.5072512647554807
217 0.5015490533562823
218 0.5151094129906217
219 0.491062039957939
220 0.5098257322951427
221 0.488
222 0.5007830853563039
223 0.5075757575757576
224 0.4985731757032206
225 0.5064880703223106
226 0.5097067327550598
227 0.511482254697286
228 0.49979516591560835
229 0.5022812111157197
230 0.5027908973808501
231 0.5045239121068505
232 0.5006530256856769
233 0.4924911660777385
234 0.5207231040564374
235 0.49296394019349166
236 0.50503663003663
237 0.5174887892376682
238 0.47157502329916123
239 0.48350515463917526
240 0.5142857142857142
241 0.4823167606355715
242 0.49946351931330474
243 0.4881542699724518
244 0.5016759776536313
245 0.49296567248171075
246 0.4979129397734049
247 0.4888888888888889
248 0.4927718416090509
249 0.5080697224015494
250 0.49423076923076925
251 0.5006756756756757
252 0.5186206896551724
253 0.5116438356164383
254 0.4699057287889775
255 0.5348169418521177
256 0.4941580756013746
257 0.5031402651779484
258 0.4948453608247423
259 0.5108191653786708
260 0.5234435049961568
261 0.48707592891760904
262 0.525
263 0.4962089300758214
264 0.5194805194805194
265 0.4933920704845815
266 0.5017211703958692
267 0.47790055248618785
268 0.4965034965034965
269 0.5015136226034309
270 0.5025380710659898
271 0.4801670146137787
272 0.5081788440567067
273 0.5118912797281994
274 0.5119825708061002
275 0.5172786177105831
276 0.5318704284221526
277 0.5010162601626016
278 0.4893854748603352
279 0.5149769585253456
280 0.5023584905660378
281 0.49694749694749696
282 0.5078597339782346
283 0.4802955665024631
284 0.49809402795425667
285 0.5263157894736842
286 0.49818181818181817
287 0.525
288 0.5041518386714117
289 0.4878345498783455
290 0.5213567839195979
291 0.48891786179921776
292 0.5153733528550513
293 0.5072046109510087
294 0.5160818713450293
295 0.4899845916795069
296 0.4864864864864865
297 0.5277777777777778
298 0.5158597662771286
299 0.505982905982906
300 0.5150375939849624
301 0.5108695652173914
302 0.48353552859618715
303 0.5
304 0.4925373134328358
305 0.5135699373695198
306 0.5039840637450199
307 0.5059523809523809
308 0.48936170212765956
309 0.5
310 0.5205183585313174
311 0.5098039215686274
312 0.4885844748858447
313 0.5231481481481481
314 0.5227272727272727
315 0.5294117647058824
316 0.5055432372505543
317 0.48498845265588914
318 0.4606741573033708
319 0.5454545454545454
320 0.5303430079155673
321 0.49370277078085645
322 0.4562334217506631
323 0.5174418604651163
324 0.4857142857142857
325 0.5162162162162162
326 0.47696476964769646
327 0.5135869565217391
328 0.4596774193548387
329 0.5180722891566265
330 0.5358255451713395
331 0.5281899109792285
332 0.4836795252225519
333 0.5419161676646707
334 0.45874587458745875
335 0.5551470588235294
336 0.5238095238095238
337 0.5069444444444444
338 0.48659003831417624
339 0.5805369127516778
340 0.49538461538461537
341 0.5545454545454546
342 0.47865853658536583
343 0.514018691588785
344 0.4779874213836478
345 0.5102040816326531
346 0.5159010600706714
347 0.5103448275862069
348 0.5454545454545454
349 0.48135593220338985
350 0.5
351 0.5254237288135594
352 0.4675324675324675
353 0.4675324675324675
354 0.5482625482625483
355 0.4588235294117647
356 0.516260162601626
357 0.49411764705882355
358 0.5
359 0.4666666666666667
360 0.5523465703971119
361 0.4509090909090909
362 0.554006968641115
363 0.4766666666666667
364 0.5036231884057971
365 0.47560975609756095
366 0.509009009009009
367 0.5182186234817814
368 0.5387453874538746
369 0.5074074074074074
370 0.4583333333333333
371 0.4383561643835616
372 0.5025906735751295
373 0.4690721649484536
374 0.5208333333333334
375 0.45714285714285713
376 0.5359477124183006
377 0.5146198830409356
378 0.5314285714285715
379 0.5153374233128835
380 0.5612244897959183
381 0.4517766497461929
382 0.5280898876404494
383 0.4602272727272727
384 0.43661971830985913
385 0.4789915966386555
386 0.5700934579439252
387 0.46788990825688076
388 0.5737704918032787
389 0.39823008849557523
390 0.5348837209302325
391 0.5677966101694916
392 0.5
393 0.4788732394366197
394 0.5220588235294118
395 0.44
396 0.5575221238938053
397 0.5806451612903226
398 0.504
399 0.45454545454545453
400 0.594059405940594
401 0.4918032786885246
402 0.5390625
403 0.4032258064516129
404 0.42
405 0.5192307692307693
406 0.40404040404040403
407 0.47126436781609193
408 0.5584415584415584
409 0.5333333333333333
410 0.5168539325842697
411 0.5194805194805194
412 0.4935064935064935
413 0.47058823529411764
414 0.5774647887323944
415 0.4864864864864865
416 0.4067796610169492
417 0.4807692307692308
418 0.5370370370370371
419 0.6440677966101694
420 0.5084745762711864
421 0.5576923076923077
422 0.5833333333333334
423 0.45454545454545453
424 0.5512820512820513
425 0.5
426 0.425
427 0.5074626865671642
428 0.5492957746478874
429 0.5064935064935064
430 0.3870967741935484
431 0.5
432 0.4222222222222222
433 0.45
434 0.5428571428571428
435 0.4642857142857143
436 0.6111111111111112
437 0.5555555555555556
438 0.5961538461538461
439 0.5517241379310345
440 0.6212121212121212
441 0.5081967213114754
442 0.5423728813559322
443 0.5384615384615384
444 0.43478260869565216
445 0.4878048780487805
446 0.30303030303030304
447 0.5652173913043478
448 0.5333333333333333
449 0.7083333333333334
450 0.5263157894736842
451 0.34210526315789475
452 0.4
453 0.5757575757575758
454 0.4594594594594595
455 0.5
456 0.6111111111111112
457 0.5714285714285714
458 0.5319148936170213
459 0.46511627906976744
460 0.4090909090909091
461 0.5
462 0.4358974358974359
463 0.42424242424242425
464 0.53125
465 0.45454545454545453
466 0.44
467 0.3684210526315789
468 0.5333333333333333
469 0.6428571428571429
470 0.3076923076923077
471 0.47368421052631576
472 0.3333333333333333
473 0.4666666666666667
474 0.42857142857142855
475 0.4166666666666667
476 0.5454545454545454
477 0.6
478 0.46153846153846156
479 0.4
480 0.8
481 0.5
482 0.7142857142857143
483 0.6666666666666666
484 0.6363636363636364
485 0.16666666666666666
486 0.8333333333333334
487 0.5454545454545454
488 0.4
489 0.4444444444444444
490 0.4
491 0.75
492 0.6153846153846154
493 0.5333333333333333
494 0.6666666666666666
495 0.4666666666666667
496 0.375
497 0.7142857142857143
498 0.5789473684210527
