-247 1
-246 0
-245 0
-244 0
-243 0
-242 0
-241 0
-240 0
-239 0
-238 0
-237 0
-236 0
-235 0
-234 0
-233 0
-232 0
-231 0
-230 0
-229 0
-228 0
-227 0
-226 0
-225 0
-224 0
-223 0
-222 0
-221 0
-220 0
-219 0
-218 0
-217 0
-216 0
-215 0
-214 0
-213 1
-212 0
-211 0
-210 0
-209 0
-208 0
-207 0
-206 0
-205 0
-204 0
-203 0
-202 0
-201 0
-200 0
-199 0
-198 0
-197 0
-196 0
-195 0
-194 0
-193 1
-192 0
-191 2
-190 0
-189 0
-188 0
-187 0
-186 0
-185 0
-184 0
-183 1
-182 0
-181 1
-180 0
-179 1
-178 0
-177 0
-176 0
-175 1
-174 1
-173 0
-172 0
-171 1
-170 1
-169 1
-168 2
-167 1
-166 2
-165 1
-164 1
-163 3
-162 3
-161 3
-160 3
-159 0
-158 2
-157 2
-156 1
-155 1
-154 3
-153 3
-152 1
-151 1
-150 1
-149 2
-148 2
-147 3
-146 6
-145 3
-144 1
-143 2
-142 5
-141 4
-140 4
-139 5
-138 5
-137 6
-136 4
-135 7
-134 6
-133 8
-132 5
-131 9
-130 10
-129 8
-128 6
-127 7
-126 7
-125 12
-124 9
-123 10
-122 7
-121 12
-120 14
-119 8
-118 15
-117 8
-116 14
-115 14
-114 14
-113 16
-112 15
-111 12
-110 20
-109 24
-108 18
-107 18
-106 28
-105 27
-104 23
-103 32
-102 28
-101 25
-100 22
-99 42
-98 43
-97 51
-96 39
-95 38
-94 36
-93 49
-92 51
-91 62
-90 52
-89 60
-88 69
-87 56
-86 61
-85 66
-84 98
-83 91
-82 93
-81 95
-80 91
-79 98
-78 111
-77 116
-76 103
-75 140
-74 136
-73 143
-72 156
-71 175
-70 202
-69 186
-68 205
-67 194
-66 243
-65 261
-64 270
-63 274
-62 254
-61 297
-60 334
-59 324
-58 377
-57 396
-56 433
-55 468
-54 420
-53 508
-52 541
-51 588
-50 639
-49 637
-48 696
-47 801
-46 870
-45 907
-44 996
-43 1028
-42 1113
-41 1239
-40 1339
-39 1376
-38 1516
-37 1636
-36 1775
-35 1915
-34 2157
-33 2382
-32 2608
-31 2654
-30 2953
-29 3314
-28 3565
-27 3921
-26 4329
-25 4722
-24 5275
-23 5758
-22 6356
-21 7135
-20 7994
-19 8921
-18 9965
-17 11421
-16 13037
-15 14689
-14 17005
-13 20112
-12 23499
-11 28357
-10 33593
-9 41436
-8 52272
-7 67674
-6 92222
-5 131929
-4 208615
-3 398130
-2 1058750
-1 7387218
0 1090615314
1 8026379
2 617668
3 264766
4 162051
5 110443
6 80002
7 60812
8 47999
9 38747
10 31337
11 26618
12 22468
13 18880
14 16190
15 14308
16 12810
17 11062
18 9783
19 8620
20 7757
21 6932
22 6167
23 5622
24 5109
25 4573
26 4217
27 3773
28 3525
29 3285
30 2813
31 2695
32 2480
33 2325
34 2000
35 1963
36 1688
37 1686
38 1476
39 1389
40 1357
41 1217
42 1152
43 1016
44 950
45 937
46 892
47 787
48 697
49 713
50 625
51 559
52 472
53 513
54 515
55 442
56 366
57 403
58 347
59 353
60 309
61 309
62 284
63 232
64 240
65 263
66 203
67 201
68 197
69 191
70 190
71 185
72 154
73 143
74 127
75 134
76 131
77 135
78 102
79 118
80 114
81 86
82 88
83 81
84 71
85 59
86 73
87 67
88 56
89 59
90 55
91 55
92 52
93 41
94 60
95 40
96 37
97 36
98 37
99 36
100 32
101 43
102 26
103 28
104 25
105 21
106 27
107 22
108 17
109 16
110 21
111 15
112 21
113 14
114 19
115 12
116 16
117 5
118 16
119 13
120 7
121 6
122 9
123 10
124 11
125 7
126 9
127 10
128 9
129 8
130 8
131 4
132 5
133 9
134 8
135 5
136 4
137 5
138 3
139 3
140 3
141 3
142 6
143 3
144 4
145 2
146 5
147 2
148 3
149 1
150 4
151 3
152 2
153 2
154 5
155 3
156 3
157 2
158 1
159 1
160 1
161 2
162 2
163 2
164 0
165 1
166 3
167 2
168 0
169 2
170 0
171 0
172 0
173 1
174 3
175 1
176 1
177 1
178 0
179 1
180 0
181 2
182 1
183 0
184 0
185 0
186 0
187 1
188 0
189 0
190 0
191 0
192 0
193 1
194 0
195 0
196 1
197 0
198 0
199 0
200 1
201 0
202 0
203 0
204 0
205 0
206 0
207 0
208 0
209 0
210 0
211 0
212 0
213 0
214 0
215 0
216 0
217 0
218 0
219 0
220 0
221 0
222 1
223 0
224 1
225 0
226 0
227 0
228 0
229 1
