-1922 1
-1921 0
-1920 1
-1919 0
-1918 0
-1917 0
-1916 0
-1915 0
-1914 0
-1913 0
-1912 0
-1911 0
-1910 0
-1909 0
-1908 0
-1907 0
-1906 0
-1905 0
-1904 0
-1903 0
-1902 0
-1901 0
-1900 0
-1899 0
-1898 0
-1897 0
-1896 0
-1895 0
-1894 0
-1893 0
-1892 0
-1891 0
-1890 0
-1889 0
-1888 0
-1887 0
-1886 0
-1885 0
-1884 0
-1883 0
-1882 0
-1881 0
-1880 0
-1879 0
-1878 0
-1877 0
-1876 0
-1875 0
-1874 0
-1873 0
-1872 0
-1871 0
-1870 0
-1869 0
-1868 0
-1867 0
-1866 0
-1865 0
-1864 0
-1863 0
-1862 0
-1861 0
-1860 0
-1859 0
-1858 0
-1857 0
-1856 0
-1855 0
-1854 0
-1853 0
-1852 0
-1851 0
-1850 0
-1849 0
-1848 0
-1847 0
-1846 0
-1845 0
-1844 0
-1843 0
-1842 0
-1841 0
-1840 0
-1839 0
-1838 1
-1837 0
-1836 0
-1835 0
-1834 0
-1833 0
-1832 0
-1831 0
-1830 0
-1829 0
-1828 0
-1827 0
-1826 0
-1825 0
-1824 0
-1823 0
-1822 0
-1821 0
-1820 0
-1819 0
-1818 0
-1817 0
-1816 0
-1815 0
-1814 1
-1813 0
-1812 0
-1811 0
-1810 1
-1809 0
-1808 0
-1807 0
-1806 0
-1805 0
-1804 0
-1803 0
-1802 0
-1801 0
-1800 0
-1799 0
-1798 0
-1797 0
-1796 0
-1795 0
-1794 0
-1793 0
-1792 0
-1791 0
-1790 0
-1789 0
-1788 0
-1787 0
-1786 0
-1785 0
-1784 0
-1783 0
-1782 0
-1781 0
-1780 0
-1779 0
-1778 0
-1777 0
-1776 0
-1775 0
-1774 0
-1773 0
-1772 0
-1771 0
-1770 0
-1769 0
-1768 1
-1767 0
-1766 0
-1765 0
-1764 0
-1763 0
-1762 0
-1761 0
-1760 0
-1759 0
-1758 0
-1757 0
-1756 0
-1755 0
-1754 0
-1753 0
-1752 0
-1751 0
-1750 0
-1749 0
-1748 0
-1747 0
-1746 1
-1745 0
-1744 0
-1743 0
-1742 0
-1741 0
-1740 0
-1739 0
-1738 0
-1737 0
-1736 0
-1735 0
-1734 0
-1733 0
-1732 0
-1731 0
-1730 0
-1729 0
-1728 0
-1727 0
-1726 0
-1725 0
-1724 0
-1723 0
-1722 0
-1721 0
-1720 0
-1719 0
-1718 0
-1717 0
-1716 0
-1715 0
-1714 0
-1713 0
-1712 0
-1711 0
-1710 0
-1709 0
-1708 0
-1707 0
-1706 0
-1705 0
-1704 0
-1703 0
-1702 0
-1701 0
-1700 0
-1699 0
-1698 0
-1697 0
-1696 0
-1695 0
-1694 0
-1693 0
-1692 0
-1691 0
-1690 0
-1689 0
-1688 0
-1687 0
-1686 0
-1685 0
-1684 0
-1683 0
-1682 0
-1681 0
-1680 0
-1679 0
-1678 0
-1677 0
-1676 0
-1675 0
-1674 0
-1673 0
-1672 0
-1671 0
-1670 0
-1669 0
-1668 0
-1667 0
-1666 0
-1665 0
-1664 0
-1663 0
-1662 0
-1661 0
-1660 0
-1659 0
-1658 0
-1657 0
-1656 0
-1655 0
-1654 0
-1653 0
-1652 0
-1651 0
-1650 0
-1649 0
-1648 0
-1647 0
-1646 0
-1645 0
-1644 0
-1643 0
-1642 0
-1641 0
-1640 0
-1639 0
-1638 0
-1637 0
-1636 0
-1635 0
-1634 0
-1633 0
-1632 0
-1631 0
-1630 0
-1629 0
-1628 0
-1627 0
-1626 0
-1625 0
-1624 0
-1623 0
-1622 0
-1621 1
-1620 0
-1619 0
-1618 0
-1617 0
-1616 0
-1615 0
-1614 0
-1613 0
-1612 0
-1611 0
-1610 0
-1609 0
-1608 0
-1607 0
-1606 0
-1605 0
-1604 0
-1603 0
-1602 0
-1601 0
-1600 0
-1599 0
-1598 0
-1597 0
-1596 1
-1595 0
-1594 0
-1593 0
-1592 1
-1591 0
-1590 0
-1589 0
-1588 0
-1587 0
-1586 0
-1585 0
-1584 0
-1583 0
-1582 0
-1581 0
-1580 0
-1579 0
-1578 0
-1577 0
-1576 0
-1575 0
-1574 0
-1573 0
-1572 0
-1571 0
-1570 0
-1569 0
-1568 0
-1567 0
-1566 0
-1565 0
-1564 0
-1563 0
-1562 0
-1561 0
-1560 0
-1559 0
-1558 0
-1557 0
-1556 0
-1555 0
-1554 0
-1553 0
-1552 0
-1551 0
-1550 0
-1549 0
-1548 0
-1547 0
-1546 0
-1545 0
-1544 0
-1543 0
-1542 0
-1541 0
-1540 0
-1539 0
-1538 0
-1537 0
-1536 0
-1535 0
-1534 0
-1533 0
-1532 0
-1531 0
-1530 0
-1529 0
-1528 0
-1527 0
-1526 0
-1525 0
-1524 0
-1523 0
-1522 0
-1521 0
-1520 0
-1519 0
-1518 0
-1517 0
-1516 0
-1515 0
-1514 0
-1513 1
-1512 0
-1511 0
-1510 0
-1509 0
-1508 0
-1507 0
-1506 0
-1505 0
-1504 0
-1503 0
-1502 0
-1501 0
-1500 0
-1499 0
-1498 0
-1497 0
-1496 0
-1495 0
-1494 0
-1493 0
-1492 0
-1491 0
-1490 0
-1489 0
-1488 0
-1487 0
-1486 0
-1485 1
-1484 0
-1483 0
-1482 0
-1481 0
-1480 0
-1479 0
-1478 0
-1477 0
-1476 0
-1475 0
-1474 0
-1473 0
-1472 0
-1471 0
-1470 0
-1469 0
-1468 0
-1467 0
-1466 0
-1465 0
-1464 0
-1463 0
-1462 0
-1461 0
-1460 0
-1459 0
-1458 0
-1457 0
-1456 0
-1455 0
-1454 0
-1453 0
-1452 0
-1451 0
-1450 0
-1449 1
-1448 0
-1447 0
-1446 0
-1445 0
-1444 0
-1443 0
-1442 0
-1441 0
-1440 0
-1439 0
-1438 0
-1437 0
-1436 0
-1435 0
-1434 0
-1433 0
-1432 0
-1431 1
-1430 0
-1429 0
-1428 0
-1427 0
-1426 0
-1425 0
-1424 0
-1423 0
-1422 0
-1421 0
-1420 0
-1419 0
-1418 0
-1417 0
-1416 1
-1415 0
-1414 0
-1413 0
-1412 0
-1411 0
-1410 0
-1409 0
-1408 0
-1407 0
-1406 0
-1405 0
-1404 0
-1403 0
-1402 0
-1401 0
-1400 0
-1399 0
-1398 0
-1397 0
-1396 0
-1395 1
-1394 0
-1393 0
-1392 0
-1391 0
-1390 0
-1389 0
-1388 0
-1387 0
-1386 0
-1385 0
-1384 1
-1383 0
-1382 0
-1381 1
-1380 0
-1379 1
-1378 0
-1377 0
-1376 0
-1375 0
-1374 0
-1373 0
-1372 1
-1371 0
-1370 0
-1369 0
-1368 1
-1367 0
-1366 0
-1365 0
-1364 1
-1363 0
-1362 0
-1361 0
-1360 0
-1359 0
-1358 0
-1357 0
-1356 0
-1355 0
-1354 0
-1353 0
-1352 0
-1351 0
-1350 0
-1349 0
-1348 0
-1347 0
-1346 2
-1345 0
-1344 0
-1343 0
-1342 0
-1341 0
-1340 0
-1339 0
-1338 0
-1337 0
-1336 0
-1335 0
-1334 0
-1333 0
-1332 0
-1331 1
-1330 0
-1329 0
-1328 0
-1327 0
-1326 1
-1325 0
-1324 0
-1323 0
-1322 0
-1321 0
-1320 0
-1319 0
-1318 0
-1317 0
-1316 0
-1315 0
-1314 0
-1313 0
-1312 0
-1311 0
-1310 0
-1309 0
-1308 1
-1307 0
-1306 0
-1305 0
-1304 0
-1303 0
-1302 1
-1301 0
-1300 0
-1299 0
-1298 0
-1297 0
-1296 0
-1295 1
-1294 0
-1293 0
-1292 0
-1291 0
-1290 0
-1289 0
-1288 0
-1287 0
-1286 0
-1285 1
-1284 0
-1283 0
-1282 0
-1281 0
-1280 0
-1279 0
-1278 0
-1277 0
-1276 0
-1275 0
-1274 0
-1273 0
-1272 1
-1271 0
-1270 0
-1269 0
-1268 0
-1267 1
-1266 0
-1265 0
-1264 0
-1263 0
-1262 0
-1261 0
-1260 1
-1259 0
-1258 0
-1257 0
-1256 0
-1255 0
-1254 0
-1253 0
-1252 0
-1251 0
-1250 0
-1249 0
-1248 0
-1247 0
-1246 0
-1245 0
-1244 0
-1243 0
-1242 0
-1241 0
-1240 0
-1239 0
-1238 0
-1237 0
-1236 0
-1235 0
-1234 0
-1233 0
-1232 0
-1231 0
-1230 0
-1229 0
-1228 1
-1227 1
-1226 0
-1225 0
-1224 0
-1223 0
-1222 1
-1221 0
-1220 0
-1219 0
-1218 0
-1217 0
-1216 0
-1215 0
-1214 0
-1213 0
-1212 0
-1211 0
-1210 0
-1209 1
-1208 0
-1207 0
-1206 0
-1205 0
-1204 0
-1203 0
-1202 0
-1201 0
-1200 0
-1199 0
-1198 1
-1197 0
-1196 0
-1195 0
-1194 0
-1193 0
-1192 0
-1191 1
-1190 1
-1189 0
-1188 0
-1187 0
-1186 1
-1185 0
-1184 0
-1183 0
-1182 0
-1181 0
-1180 0
-1179 0
-1178 0
-1177 0
-1176 0
-1175 0
-1174 0
-1173 1
-1172 0
-1171 0
-1170 0
-1169 1
-1168 0
-1167 0
-1166 1
-1165 0
-1164 0
-1163 0
-1162 0
-1161 0
-1160 0
-1159 0
-1158 0
-1157 0
-1156 0
-1155 0
-1154 0
-1153 0
-1152 0
-1151 0
-1150 0
-1149 0
-1148 0
-1147 0
-1146 0
-1145 0
-1144 0
-1143 1
-1142 0
-1141 0
-1140 0
-1139 0
-1138 0
-1137 0
-1136 0
-1135 2
-1134 0
-1133 0
-1132 0
-1131 1
-1130 0
-1129 0
-1128 1
-1127 0
-1126 0
-1125 0
-1124 1
-1123 0
-1122 0
-1121 0
-1120 0
-1119 0
-1118 0
-1117 0
-1116 0
-1115 1
-1114 1
-1113 1
-1112 2
-1111 0
-1110 1
-1109 1
-1108 1
-1107 2
-1106 0
-1105 0
-1104 1
-1103 0
-1102 0
-1101 0
-1100 0
-1099 2
-1098 0
-1097 0
-1096 0
-1095 0
-1094 0
-1093 4
-1092 1
-1091 0
-1090 0
-1089 0
-1088 0
-1087 0
-1086 0
-1085 1
-1084 0
-1083 0
-1082 1
-1081 0
-1080 0
-1079 0
-1078 2
-1077 2
-1076 0
-1075 1
-1074 1
-1073 1
-1072 0
-1071 0
-1070 1
-1069 0
-1068 0
-1067 1
-1066 0
-1065 0
-1064 0
-1063 0
-1062 0
-1061 0
-1060 0
-1059 1
-1058 0
-1057 0
-1056 0
-1055 0
-1054 0
-1053 0
-1052 0
-1051 0
-1050 0
-1049 0
-1048 0
-1047 0
-1046 1
-1045 0
-1044 0
-1043 0
-1042 1
-1041 0
-1040 1
-1039 0
-1038 0
-1037 0
-1036 0
-1035 0
-1034 0
-1033 1
-1032 0
-1031 1
-1030 0
-1029 0
-1028 0
-1027 1
-1026 0
-1025 1
-1024 0
-1023 0
-1022 1
-1021 0
-1020 1
-1019 1
-1018 1
-1017 0
-1016 2
-1015 0
-1014 1
-1013 1
-1012 0
-1011 0
-1010 0
-1009 0
-1008 0
-1007 0
-1006 0
-1005 0
-1004 0
-1003 0
-1002 0
-1001 0
-1000 0
-999 0
-998 0
-997 0
-996 1
-995 0
-994 0
-993 0
-992 2
-991 0
-990 0
-989 1
-988 0
-987 1
-986 0
-985 0
-984 0
-983 1
-982 1
-981 0
-980 1
-979 0
-978 0
-977 0
-976 1
-975 0
-974 0
-973 1
-972 0
-971 0
-970 1
-969 1
-968 0
-967 1
-966 0
-965 2
-964 0
-963 0
-962 1
-961 0
-960 0
-959 0
-958 0
-957 0
-956 0
-955 0
-954 0
-953 0
-952 1
-951 0
-950 0
-949 1
-948 0
-947 0
-946 0
-945 1
-944 1
-943 2
-942 0
-941 0
-940 2
-939 0
-938 0
-937 0
-936 0
-935 0
-934 0
-933 0
-932 0
-931 1
-930 2
-929 1
-928 0
-927 0
-926 1
-925 0
-924 0
-923 1
-922 1
-921 0
-920 0
-919 0
-918 0
-917 0
-916 0
-915 0
-914 2
-913 0
-912 1
-911 3
-910 1
-909 0
-908 0
-907 1
-906 0
-905 0
-904 0
-903 0
-902 0
-901 0
-900 0
-899 1
-898 2
-897 0
-896 0
-895 0
-894 0
-893 0
-892 0
-891 1
-890 1
-889 2
-888 0
-887 0
-886 0
-885 2
-884 0
-883 0
-882 0
-881 0
-880 0
-879 1
-878 0
-877 0
-876 0
-875 0
-874 0
-873 0
-872 1
-871 0
-870 1
-869 1
-868 0
-867 0
-866 0
-865 1
-864 0
-863 1
-862 1
-861 0
-860 1
-859 1
-858 0
-857 0
-856 2
-855 1
-854 3
-853 0
-852 1
-851 0
-850 1
-849 1
-848 0
-847 2
-846 0
-845 0
-844 1
-843 1
-842 1
-841 0
-840 0
-839 0
-838 1
-837 1
-836 0
-835 0
-834 0
-833 1
-832 0
-831 1
-830 0
-829 0
-828 0
-827 2
-826 1
-825 1
-824 0
-823 0
-822 1
-821 2
-820 1
-819 0
-818 0
-817 0
-816 3
-815 0
-814 0
-813 0
-812 0
-811 1
-810 2
-809 1
-808 0
-807 0
-806 1
-805 0
-804 1
-803 0
-802 0
-801 1
-800 4
-799 0
-798 0
-797 0
-796 1
-795 1
-794 0
-793 0
-792 0
-791 1
-790 1
-789 0
-788 0
-787 1
-786 0
-785 2
-784 0
-783 1
-782 1
-781 0
-780 0
-779 0
-778 0
-777 2
-776 1
-775 1
-774 0
-773 2
-772 0
-771 0
-770 0
-769 0
-768 0
-767 0
-766 1
-765 0
-764 1
-763 0
-762 1
-761 1
-760 0
-759 0
-758 1
-757 3
-756 1
-755 2
-754 1
-753 0
-752 1
-751 1
-750 1
-749 0
-748 0
-747 1
-746 1
-745 1
-744 1
-743 1
-742 3
-741 0
-740 0
-739 0
-738 1
-737 1
-736 1
-735 0
-734 0
-733 1
-732 0
-731 2
-730 0
-729 0
-728 1
-727 1
-726 0
-725 1
-724 1
-723 1
-722 0
-721 0
-720 2
-719 2
-718 2
-717 0
-716 1
-715 0
-714 0
-713 0
-712 1
-711 2
-710 2
-709 0
-708 0
-707 3
-706 1
-705 0
-704 0
-703 1
-702 0
-701 0
-700 1
-699 0
-698 0
-697 0
-696 2
-695 1
-694 0
-693 0
-692 1
-691 0
-690 1
-689 0
-688 3
-687 1
-686 0
-685 0
-684 1
-683 0
-682 0
-681 1
-680 0
-679 1
-678 3
-677 1
-676 0
-675 1
-674 1
-673 2
-672 1
-671 1
-670 0
-669 1
-668 1
-667 0
-666 1
-665 1
-664 0
-663 0
-662 2
-661 1
-660 0
-659 2
-658 1
-657 0
-656 2
-655 0
-654 0
-653 0
-652 1
-651 0
-650 1
-649 2
-648 1
-647 1
-646 1
-645 0
-644 1
-643 0
-642 1
-641 1
-640 0
-639 1
-638 0
-637 1
-636 2
-635 1
-634 1
-633 3
-632 2
-631 0
-630 0
-629 3
-628 1
-627 0
-626 0
-625 1
-624 1
-623 0
-622 0
-621 1
-620 0
-619 0
-618 0
-617 0
-616 1
-615 0
-614 0
-613 0
-612 1
-611 1
-610 1
-609 0
-608 1
-607 1
-606 0
-605 0
-604 0
-603 0
-602 1
-601 2
-600 1
-599 1
-598 1
-597 2
-596 2
-595 4
-594 0
-593 2
-592 1
-591 1
-590 1
-589 1
-588 1
-587 2
-586 1
-585 0
-584 0
-583 0
-582 0
-581 0
-580 1
-579 0
-578 3
-577 2
-576 2
-575 2
-574 0
-573 0
-572 0
-571 0
-570 3
-569 2
-568 0
-567 1
-566 4
-565 0
-564 1
-563 1
-562 0
-561 3
-560 1
-559 1
-558 1
-557 1
-556 0
-555 1
-554 0
-553 1
-552 3
-551 2
-550 1
-549 1
-548 1
-547 2
-546 2
-545 2
-544 0
-543 0
-542 2
-541 1
-540 0
-539 2
-538 1
-537 2
-536 1
-535 1
-534 2
-533 1
-532 0
-531 0
-530 0
-529 0
-528 3
-527 0
-526 3
-525 2
-524 3
-523 2
-522 3
-521 3
-520 3
-519 0
-518 2
-517 1
-516 1
-515 2
-514 2
-513 2
-512 3
-511 1
-510 1
-509 2
-508 1
-507 2
-506 2
-505 2
-504 4
-503 2
-502 0
-501 2
-500 1
-499 2
-498 2
-497 1
-496 0
-495 1
-494 1
-493 3
-492 1
-491 0
-490 0
-489 1
-488 1
-487 2
-486 1
-485 3
-484 2
-483 1
-482 2
-481 6
-480 2
-479 1
-478 1
-477 2
-476 2
-475 2
-474 1
-473 0
-472 3
-471 3
-470 1
-469 1
-468 2
-467 3
-466 1
-465 1
-464 1
-463 2
-462 1
-461 1
-460 0
-459 0
-458 1
-457 0
-456 3
-455 2
-454 2
-453 3
-452 2
-451 0
-450 3
-449 1
-448 2
-447 2
-446 1
-445 2
-444 2
-443 2
-442 2
-441 2
-440 2
-439 1
-438 0
-437 0
-436 2
-435 0
-434 1
-433 1
-432 0
-431 2
-430 2
-429 0
-428 4
-427 3
-426 1
-425 3
-424 1
-423 1
-422 4
-421 0
-420 0
-419 2
-418 2
-417 4
-416 3
-415 2
-414 1
-413 1
-412 4
-411 0
-410 0
-409 0
-408 0
-407 2
-406 2
-405 1
-404 1
-403 0
-402 2
-401 3
-400 3
-399 2
-398 1
-397 2
-396 1
-395 1
-394 2
-393 0
-392 1
-391 3
-390 3
-389 3
-388 1
-387 0
-386 1
-385 3
-384 3
-383 1
-382 3
-381 0
-380 2
-379 2
-378 3
-377 3
-376 1
-375 0
-374 1
-373 3
-372 0
-371 3
-370 3
-369 4
-368 1
-367 2
-366 1
-365 2
-364 0
-363 1
-362 3
-361 3
-360 3
-359 2
-358 1
-357 3
-356 2
-355 3
-354 3
-353 1
-352 1
-351 0
-350 1
-349 0
-348 1
-347 3
-346 1
-345 1
-344 4
-343 2
-342 2
-341 2
-340 2
-339 2
-338 1
-337 2
-336 2
-335 1
-334 3
-333 0
-332 2
-331 6
-330 4
-329 1
-328 1
-327 2
-326 2
-325 1
-324 2
-323 4
-322 0
-321 4
-320 1
-319 6
-318 0
-317 3
-316 7
-315 4
-314 2
-313 4
-312 1
-311 3
-310 4
-309 1
-308 2
-307 0
-306 0
-305 2
-304 2
-303 0
-302 3
-301 4
-300 1
-299 0
-298 4
-297 3
-296 5
-295 3
-294 4
-293 5
-292 3
-291 2
-290 1
-289 4
-288 2
-287 3
-286 6
-285 3
-284 6
-283 2
-282 2
-281 4
-280 2
-279 2
-278 4
-277 2
-276 2
-275 4
-274 2
-273 4
-272 2
-271 7
-270 3
-269 1
-268 3
-267 6
-266 3
-265 2
-264 4
-263 9
-262 3
-261 5
-260 5
-259 2
-258 3
-257 2
-256 3
-255 5
-254 2
-253 4
-252 6
-251 5
-250 4
-249 3
-248 6
-247 3
-246 3
-245 6
-244 1
-243 2
-242 4
-241 2
-240 4
-239 5
-238 1
-237 5
-236 3
-235 1
-234 6
-233 2
-232 2
-231 3
-230 3
-229 4
-228 7
-227 4
-226 4
-225 4
-224 8
-223 7
-222 3
-221 4
-220 2
-219 5
-218 9
-217 7
-216 3
-215 3
-214 4
-213 2
-212 7
-211 7
-210 6
-209 4
-208 6
-207 7
-206 5
-205 6
-204 4
-203 1
-202 5
-201 1
-200 2
-199 1
-198 4
-197 6
-196 8
-195 4
-194 8
-193 4
-192 9
-191 2
-190 4
-189 5
-188 5
-187 6
-186 8
-185 7
-184 11
-183 10
-182 8
-181 8
-180 5
-179 6
-178 5
-177 6
-176 10
-175 9
-174 4
-173 8
-172 6
-171 9
-170 4
-169 7
-168 7
-167 7
-166 6
-165 9
-164 6
-163 13
-162 4
-161 10
-160 6
-159 6
-158 7
-157 1
-156 10
-155 7
-154 8
-153 8
-152 7
-151 10
-150 8
-149 6
-148 6
-147 10
-146 10
-145 12
-144 9
-143 9
-142 6
-141 7
-140 8
-139 9
-138 10
-137 11
-136 8
-135 14
-134 9
-133 17
-132 11
-131 8
-130 6
-129 12
-128 16
-127 15
-126 16
-125 12
-124 15
-123 12
-122 10
-121 12
-120 11
-119 16
-118 10
-117 18
-116 11
-115 14
-114 11
-113 11
-112 18
-111 17
-110 16
-109 16
-108 18
-107 13
-106 12
-105 16
-104 6
-103 23
-102 10
-101 23
-100 13
-99 20
-98 17
-97 22
-96 23
-95 11
-94 17
-93 21
-92 19
-91 14
-90 16
-89 29
-88 17
-87 18
-86 13
-85 10
-84 25
-83 16
-82 28
-81 28
-80 28
-79 32
-78 30
-77 21
-76 14
-75 33
-74 21
-73 26
-72 25
-71 27
-70 36
-69 24
-68 29
-67 37
-66 30
-65 36
-64 23
-63 34
-62 40
-61 39
-60 45
-59 43
-58 40
-57 47
-56 31
-55 40
-54 41
-53 56
-52 40
-51 43
-50 40
-49 45
-48 44
-47 51
-46 57
-45 44
-44 64
-43 55
-42 57
-41 54
-40 77
-39 67
-38 75
-37 71
-36 85
-35 84
-34 78
-33 86
-32 93
-31 108
-30 110
-29 120
-28 121
-27 135
-26 127
-25 137
-24 132
-23 157
-22 179
-21 169
-20 184
-19 178
-18 205
-17 251
-16 247
-15 296
-14 288
-13 343
-12 370
-11 452
-10 502
-9 551
-8 694
-7 826
-6 1104
-5 1449
-4 2074
-3 2872
-2 5102
-1 13528
0 118307
1 677720
2 126921
3 10843
4 4571
5 2660
6 1922
7 1339
8 1101
9 787
10 712
11 589
12 492
13 431
14 384
15 357
16 281
17 287
18 274
19 227
20 202
21 177
22 157
23 178
24 188
25 150
26 144
27 136
28 127
29 107
30 128
31 117
32 115
33 95
34 83
35 86
36 84
37 76
38 72
39 69
40 67
41 46
42 85
43 67
44 64
45 49
46 63
47 55
48 47
49 59
50 53
51 51
52 54
53 49
54 48
55 46
56 38
57 38
58 38
59 26
60 35
61 37
62 46
63 53
64 36
65 34
66 45
67 33
68 28
69 25
70 20
71 24
72 27
73 24
74 25
75 24
76 26
77 24
78 23
79 19
80 22
81 18
82 23
83 18
84 21
85 21
86 30
87 21
88 26
89 24
90 18
91 19
92 17
93 15
94 21
95 18
96 21
97 12
98 17
99 17
100 21
101 14
102 22
103 15
104 11
105 12
106 9
107 19
108 25
109 19
110 16
111 19
112 20
113 19
114 26
115 13
116 15
117 10
118 10
119 14
120 11
121 12
122 9
123 11
124 9
125 15
126 15
127 10
128 9
129 12
130 11
131 10
132 11
133 7
134 12
135 12
136 13
137 10
138 10
139 14
140 8
141 4
142 5
143 8
144 13
145 8
146 4
147 10
148 13
149 11
150 8
151 5
152 13
153 10
154 8
155 14
156 9
157 5
158 5
159 6
160 8
161 7
162 10
163 8
164 6
165 10
166 6
167 6
168 7
169 7
170 10
171 12
172 13
173 7
174 7
175 5
176 5
177 6
178 11
179 8
180 9
181 5
182 7
183 2
184 5
185 2
186 6
187 2
188 5
189 5
190 6
191 5
192 10
193 4
194 6
195 7
196 0
197 6
198 4
199 8
200 4
201 3
202 5
203 8
204 6
205 5
206 3
207 5
208 8
209 7
210 2
211 11
212 4
213 4
214 5
215 5
216 5
217 3
218 4
219 4
220 4
221 5
222 5
223 2
224 5
225 5
226 2
227 4
228 6
229 5
230 5
231 5
232 3
233 1
234 0
235 6
236 3
237 1
238 8
239 4
240 7
241 3
242 3
243 3
244 4
245 0
246 7
247 3
248 8
249 3
250 2
251 7
252 5
253 2
254 3
255 4
256 2
257 4
258 7
259 2
260 3
261 5
262 6
263 4
264 1
265 2
266 3
267 2
268 3
269 2
270 3
271 1
272 5
273 0
274 7
275 4
276 1
277 3
278 5
279 5
280 2
281 5
282 4
283 1
284 3
285 4
286 3
287 2
288 3
289 1
290 3
291 3
292 1
293 1
294 4
295 2
296 5
297 2
298 5
299 5
300 3
301 3
302 1
303 0
304 5
305 5
306 4
307 2
308 1
309 1
310 2
311 1
312 3
313 6
314 2
315 5
316 2
317 1
318 6
319 4
320 3
321 2
322 1
323 1
324 5
325 4
326 1
327 2
328 1
329 4
330 3
331 2
332 3
333 1
334 2
335 5
336 1
337 0
338 2
339 6
340 2
341 1
342 5
343 8
344 2
345 1
346 1
347 0
348 1
349 3
350 2
351 4
352 1
353 1
354 2
355 2
356 1
357 6
358 0
359 2
360 0
361 0
362 2
363 1
364 2
365 6
366 1
367 0
368 2
369 3
370 1
371 1
372 4
373 2
374 1
375 2
376 3
377 3
378 0
379 5
380 1
381 1
382 2
383 4
384 1
385 1
386 3
387 1
388 1
389 1
390 2
391 0
392 0
393 2
394 4
395 4
396 3
397 3
398 2
399 0
400 0
401 1
402 1
403 1
404 1
405 0
406 0
407 1
408 1
409 2
410 0
411 1
412 2
413 4
414 1
415 2
416 2
417 1
418 2
419 1
420 3
421 3
422 2
423 1
424 1
425 1
426 4
427 2
428 1
429 5
430 0
431 1
432 3
433 1
434 0
435 2
436 2
437 1
438 2
439 2
440 1
441 2
442 1
443 1
444 2
445 2
446 1
447 4
448 3
449 2
450 0
451 2
452 2
453 0
454 1
455 2
456 1
457 1
458 0
459 2
460 2
461 2
462 0
463 4
464 3
465 0
466 1
467 0
468 0
469 0
470 1
471 0
472 1
473 2
474 1
475 3
476 1
477 1
478 0
479 0
480 4
481 0
482 1
483 5
484 3
485 2
486 3
487 1
488 3
489 0
490 0
491 4
492 3
493 0
494 1
495 3
496 3
497 4
498 0
499 1
500 0
501 2
502 4
503 1
504 2
505 2
506 1
507 2
508 1
509 2
510 1
511 0
512 1
513 0
514 1
515 3
516 1
517 3
518 1
519 1
520 0
521 2
522 2
523 1
524 0
525 2
526 1
527 1
528 6
529 1
530 1
531 0
532 4
533 1
534 2
535 1
536 1
537 1
538 0
539 1
540 3
541 0
542 0
543 3
544 1
545 1
546 1
547 1
548 1
549 2
550 2
551 1
552 1
553 0
554 1
555 0
556 0
557 0
558 2
559 1
560 0
561 3
562 1
563 1
564 0
565 0
566 2
567 1
568 1
569 1
570 1
571 1
572 2
573 0
574 0
575 2
576 1
577 0
578 1
579 1
580 0
581 2
582 1
583 1
584 0
585 2
586 2
587 1
588 1
589 3
590 0
591 4
592 1
593 1
594 0
595 2
596 0
597 1
598 1
599 3
600 0
601 2
602 3
603 0
604 0
605 1
606 0
607 1
608 1
609 0
610 1
611 3
612 0
613 2
614 0
615 0
616 0
617 1
618 0
619 0
620 0
621 1
622 1
623 1
624 1
625 0
626 0
627 0
628 0
629 1
630 0
631 0
632 1
633 1
634 2
635 1
636 1
637 0
638 2
639 1
640 3
641 1
642 3
643 2
644 1
645 2
646 1
647 2
648 0
649 1
650 1
651 0
652 0
653 1
654 1
655 1
656 1
657 1
658 0
659 2
660 1
661 0
662 0
663 2
664 0
665 0
666 3
667 0
668 0
669 0
670 1
671 0
672 1
673 1
674 2
675 1
676 1
677 2
678 0
679 0
680 0
681 2
682 1
683 1
684 1
685 1
686 2
687 0
688 0
689 1
690 3
691 2
692 1
693 1
694 2
695 0
696 1
697 1
698 2
699 0
700 1
701 0
702 1
703 0
704 1
705 0
706 1
707 1
708 0
709 0
710 1
711 0
712 1
713 2
714 0
715 0
716 0
717 1
718 0
719 0
720 2
721 0
722 0
723 1
724 0
725 1
726 2
727 1
728 1
729 1
730 1
731 2
732 0
733 1
734 2
735 0
736 0
737 1
738 2
739 1
740 2
741 2
742 0
743 0
744 1
745 0
746 1
747 0
748 1
749 0
750 0
751 2
752 1
753 1
754 0
755 2
756 0
757 1
758 2
759 2
760 0
761 1
762 1
763 2
764 0
765 1
766 1
767 0
768 0
769 1
770 2
771 1
772 0
773 1
774 1
775 0
776 2
777 0
778 0
779 0
780 0
781 0
782 1
783 3
784 0
785 1
786 1
787 0
788 0
789 1
790 2
791 1
792 0
793 0
794 0
795 1
796 0
797 0
798 0
799 0
800 0
801 2
802 0
803 1
804 0
805 1
806 1
807 0
808 0
809 0
810 0
811 1
812 0
813 2
814 0
815 0
816 0
817 0
818 1
819 0
820 0
821 1
822 2
823 1
824 0
825 1
826 0
827 1
828 0
829 0
830 0
831 1
832 1
833 0
834 0
835 1
836 0
837 0
838 0
839 0
840 0
841 1
842 0
843 1
844 2
845 0
846 0
847 0
848 1
849 0
850 0
851 0
852 0
853 0
854 1
855 0
856 2
857 0
858 1
859 0
860 0
861 0
862 0
863 0
864 1
865 1
866 0
867 0
868 2
869 0
870 0
871 0
872 0
873 1
874 0
875 0
876 0
877 0
878 1
879 1
880 1
881 1
882 1
883 1
884 0
885 0
886 0
887 1
888 1
889 0
890 1
891 2
892 0
893 0
894 2
895 0
896 0
897 1
898 0
899 0
900 1
901 0
902 2
903 1
904 0
905 1
906 0
907 0
908 1
909 0
910 0
911 0
912 1
913 0
914 0
915 1
916 0
917 1
918 0
919 0
920 0
921 0
922 1
923 0
924 1
925 0
926 0
927 0
928 1
929 0
930 0
931 0
932 0
933 0
934 0
935 1
936 0
937 1
938 0
939 3
940 0
941 0
942 0
943 0
944 1
945 1
946 0
947 0
948 0
949 0
950 1
951 0
952 1
953 1
954 1
955 1
956 0
957 0
958 0
959 0
960 0
961 0
962 0
963 0
964 2
965 0
966 0
967 0
968 1
969 1
970 0
971 0
972 0
973 0
974 0
975 0
976 0
977 1
978 0
979 0
980 0
981 1
982 0
983 0
984 0
985 0
986 1
987 1
988 0
989 0
990 2
991 0
992 0
993 0
994 0
995 0
996 1
997 0
998 0
999 0
1000 1
1001 0
1002 1
1003 2
1004 1
1005 0
1006 1
1007 0
1008 1
1009 0
1010 0
1011 0
1012 0
1013 0
1014 0
1015 0
1016 0
1017 0
1018 1
1019 1
1020 0
1021 0
1022 0
1023 0
1024 0
1025 0
1026 1
1027 0
1028 0
1029 0
1030 0
1031 2
1032 0
1033 1
1034 0
1035 0
1036 0
1037 0
1038 1
1039 0
1040 1
1041 0
1042 0
1043 1
1044 0
1045 0
1046 0
1047 0
1048 0
1049 0
1050 0
1051 0
1052 0
1053 0
1054 1
1055 0
1056 0
1057 0
1058 0
1059 0
1060 1
1061 0
1062 0
1063 0
1064 0
1065 0
1066 1
1067 0
1068 0
1069 0
1070 0
1071 0
1072 0
1073 0
1074 0
1075 0
1076 0
1077 1
1078 0
1079 1
1080 1
1081 0
1082 0
1083 2
1084 1
1085 0
1086 0
1087 2
1088 0
1089 0
1090 0
1091 2
1092 0
1093 0
1094 0
1095 0
1096 1
1097 0
1098 1
1099 0
1100 1
1101 0
1102 0
1103 0
1104 0
1105 0
1106 0
1107 0
1108 0
1109 0
1110 0
1111 1
1112 0
1113 0
1114 1
1115 0
1116 0
1117 0
1118 0
1119 0
1120 3
1121 0
1122 0
1123 0
1124 1
1125 0
1126 1
1127 0
1128 0
1129 0
1130 0
1131 0
1132 0
1133 0
1134 0
1135 1
1136 0
1137 0
1138 0
1139 0
1140 2
1141 0
1142 0
1143 0
1144 0
1145 0
1146 0
1147 0
1148 0
1149 0
1150 0
1151 1
1152 1
1153 0
1154 0
1155 1
1156 0
1157 0
1158 0
1159 0
1160 0
1161 0
1162 0
1163 0
1164 0
1165 0
1166 0
1167 0
1168 1
1169 0
1170 0
1171 0
1172 0
1173 1
1174 0
1175 0
1176 1
1177 0
1178 0
1179 0
1180 0
1181 0
1182 0
1183 0
1184 0
1185 0
1186 0
1187 1
1188 0
1189 0
1190 0
1191 0
1192 0
1193 1
1194 0
1195 0
1196 0
1197 0
1198 0
1199 2
1200 0
1201 0
1202 0
1203 0
1204 1
1205 0
1206 1
1207 0
1208 0
1209 0
1210 0
1211 1
1212 0
1213 0
1214 0
1215 0
1216 0
1217 0
1218 1
1219 0
1220 0
1221 0
1222 1
1223 0
1224 0
1225 0
1226 0
1227 0
1228 0
1229 1
1230 0
1231 0
1232 0
1233 0
1234 0
1235 0
1236 1
1237 1
1238 1
1239 0
1240 0
1241 0
1242 0
1243 0
1244 0
1245 0
1246 0
1247 0
1248 1
1249 1
1250 0
1251 0
1252 0
1253 0
1254 0
1255 0
1256 1
1257 0
1258 0
1259 0
1260 0
1261 0
1262 0
1263 0
1264 0
1265 0
1266 0
1267 0
1268 0
1269 0
1270 0
1271 1
1272 1
1273 0
1274 1
1275 1
1276 0
1277 0
1278 0
1279 0
1280 0
1281 0
1282 0
1283 0
1284 0
1285 0
1286 1
1287 0
1288 0
1289 0
1290 0
1291 1
1292 0
1293 0
1294 0
1295 0
1296 0
1297 0
1298 0
1299 0
1300 0
1301 0
1302 0
1303 0
1304 0
1305 0
1306 0
1307 0
1308 1
1309 0
1310 2
1311 0
1312 0
1313 0
1314 0
1315 0
1316 0
1317 0
1318 0
1319 0
1320 0
1321 1
1322 1
1323 0
1324 0
1325 0
1326 0
1327 0
1328 0
1329 0
1330 0
1331 0
1332 1
1333 0
1334 0
1335 0
1336 0
1337 0
1338 0
1339 0
1340 0
1341 0
1342 0
1343 0
1344 0
1345 0
1346 0
1347 0
1348 0
1349 0
1350 0
1351 0
1352 0
1353 0
1354 0
1355 0
1356 0
1357 0
1358 0
1359 0
1360 1
1361 0
1362 0
1363 0
1364 0
1365 0
1366 0
1367 0
1368 0
1369 0
1370 0
1371 0
1372 0
1373 0
1374 0
1375 1
1376 1
1377 0
1378 0
1379 0
1380 0
1381 0
1382 0
1383 1
1384 0
1385 0
1386 0
1387 0
1388 1
1389 0
1390 0
1391 0
1392 0
1393 0
1394 0
1395 0
1396 0
1397 0
1398 1
1399 0
1400 0
1401 0
1402 0
1403 0
1404 0
1405 0
1406 0
1407 0
1408 0
1409 0
1410 0
1411 1
1412 0
1413 0
1414 0
1415 0
1416 0
1417 0
1418 0
1419 0
1420 0
1421 0
1422 0
1423 0
1424 0
1425 0
1426 0
1427 0
1428 0
1429 0
1430 0
1431 0
1432 0
1433 0
1434 0
1435 0
1436 0
1437 0
1438 0
1439 0
1440 0
1441 0
1442 0
1443 0
1444 0
1445 0
1446 0
1447 0
1448 0
1449 0
1450 0
1451 0
1452 0
1453 1
1454 0
1455 0
1456 0
1457 0
1458 0
1459 0
1460 0
1461 0
1462 0
1463 0
1464 0
1465 0
1466 0
1467 0
1468 0
1469 0
1470 0
1471 0
1472 0
1473 0
1474 0
1475 0
1476 0
1477 0
1478 0
1479 0
1480 0
1481 0
1482 0
1483 0
1484 0
1485 0
1486 0
1487 0
1488 0
1489 0
1490 0
1491 0
1492 0
1493 0
1494 0
1495 0
1496 0
1497 0
1498 0
1499 0
1500 0
1501 1
1502 0
1503 0
1504 0
1505 0
1506 0
1507 0
1508 0
1509 0
1510 0
1511 0
1512 0
1513 0
1514 0
1515 0
1516 0
1517 0
1518 0
1519 0
1520 0
1521 0
1522 0
1523 0
1524 0
1525 0
1526 0
1527 0
1528 0
1529 0
1530 0
1531 0
1532 0
1533 0
1534 0
1535 0
1536 0
1537 0
1538 0
1539 0
1540 1
1541 0
1542 0
1543 0
1544 0
1545 0
1546 0
1547 0
1548 0
1549 0
1550 0
1551 0
1552 0
1553 0
1554 0
1555 0
1556 0
1557 0
1558 0
1559 0
1560 0
1561 0
1562 0
1563 0
1564 0
1565 0
1566 0
1567 0
1568 0
1569 0
1570 0
1571 0
1572 0
1573 0
1574 0
1575 1
1576 0
1577 0
1578 0
1579 1
1580 0
1581 0
1582 0
1583 0
1584 0
1585 0
1586 0
1587 0
1588 0
1589 0
1590 0
1591 0
1592 0
1593 0
1594 0
1595 0
1596 0
1597 0
1598 0
1599 0
1600 0
1601 0
1602 0
1603 0
1604 0
1605 0
1606 0
1607 0
1608 0
1609 0
1610 0
1611 0
1612 0
1613 0
1614 0
1615 0
1616 0
1617 0
1618 0
1619 0
1620 0
1621 0
1622 0
1623 0
1624 0
1625 0
1626 0
1627 0
1628 0
1629 0
1630 0
1631 0
1632 0
1633 0
1634 0
1635 0
1636 0
1637 0
1638 0
1639 0
1640 0
1641 0
1642 0
1643 0
1644 0
1645 0
1646 0
1647 0
1648 0
1649 0
1650 0
1651 0
1652 0
1653 0
1654 0
1655 0
1656 0
1657 0
1658 0
1659 0
1660 0
1661 0
1662 0
1663 0
1664 0
1665 0
1666 0
1667 0
1668 0
1669 0
1670 0
1671 0
1672 0
1673 0
1674 0
1675 0
1676 0
1677 0
1678 0
1679 0
1680 0
1681 0
1682 0
1683 0
1684 0
1685 0
1686 0
1687 0
1688 0
1689 0
1690 0
1691 0
1692 0
1693 0
1694 0
1695 0
1696 0
1697 0
1698 0
1699 0
1700 0
1701 0
1702 0
1703 0
1704 0
1705 0
1706 0
1707 0
1708 0
1709 0
1710 1
1711 0
1712 0
1713 0
1714 0
1715 0
1716 0
1717 0
1718 0
1719 0
1720 0
1721 0
1722 0
1723 0
1724 0
1725 0
1726 0
1727 0
1728 0
1729 0
1730 0
1731 0
1732 0
1733 0
1734 0
1735 0
1736 0
1737 0
1738 0
1739 0
1740 0
1741 0
1742 0
1743 0
1744 0
1745 0
1746 0
1747 0
1748 1
1749 0
1750 0
1751 0
1752 0
1753 0
1754 0
1755 0
1756 0
1757 0
1758 0
1759 0
1760 0
1761 0
1762 0
1763 0
1764 0
1765 0
1766 0
1767 0
1768 0
1769 0
1770 0
1771 0
1772 0
1773 0
1774 0
1775 0
1776 0
1777 0
1778 0
1779 0
1780 1
1781 0
1782 0
1783 0
1784 0
1785 0
1786 1
1787 0
1788 0
1789 0
1790 0
1791 0
1792 1
1793 0
1794 0
1795 0
1796 0
1797 0
1798 0
1799 0
1800 0
1801 0
1802 0
1803 0
1804 0
1805 0
1806 0
1807 0
1808 0
1809 0
1810 1
