0 0.5394
1 0.5394
2 0.5394
3 0.5394
4 0.5394
5 0.5394
6 0.5394
7 0.5394
8 0.5394
9 0.5394
10 0.5394
11 0.5394
12 0.5394
13 0.5394
14 0.5394
15 0.5394
16 0.5394
17 0.5394
18 0.5394
19 0.5394
20 0.5394
21 0.5394
22 0.5394
23 0.5394
24 0.5394
25 0.5394
26 0.5394
27 0.5394
28 0.5394
29 0.5394
30 0.5394
31 0.5394
32 0.5394
33 0.5394
34 0.5394
35 0.5394
36 0.5394
37 0.5394
38 0.5394
39 0.5394
40 0.5394
41 0.5394
42 0.5394
43 0.5394
44 0.5394
45 0.5394
46 0.5394
47 0.5394
48 0.5394
49 0.5394
50 0.5394
51 0.5394
52 0.5394
53 0.5394
54 0.5394
55 0.5394
56 0.5394
57 0.5394
58 0.5394
59 0.5394
60 0.5394
61 0.5394
62 0.5394
63 0.5394
64 0.5394
65 0.5394
66 0.5394
67 0.5394
68 0.5394
69 0.5394
70 0.5394
71 0.5394
72 0.5394
73 0.5394
74 0.5394
75 0.5394
76 0.5394
77 0.5394
78 0.5394
79 0.5394
80 0.5394
81 0.5394
82 0.5394
83 0.5394
84 0.5394
85 0.5394
86 0.5394
87 0.5394
88 0.5394
89 0.5394
90 0.5394
91 0.5394
92 0.5394
93 0.5394
94 0.5394
95 0.5394
96 0.5394
97 0.5394
98 0.5394
99 0.5394
100 0.5394
101 0.5394
102 0.5394
103 0.5394
104 0.5394
105 0.5394
106 0.5394
107 0.5394
