-888 1
-887 0
-886 0
-885 0
-884 0
-883 0
-882 0
-881 0
-880 0
-879 0
-878 0
-877 0
-876 0
-875 0
-874 0
-873 0
-872 0
-871 0
-870 0
-869 0
-868 0
-867 0
-866 0
-865 0
-864 0
-863 0
-862 0
-861 0
-860 0
-859 0
-858 0
-857 0
-856 0
-855 0
-854 0
-853 0
-852 0
-851 0
-850 0
-849 0
-848 0
-847 0
-846 0
-845 0
-844 0
-843 0
-842 0
-841 0
-840 0
-839 0
-838 0
-837 0
-836 0
-835 0
-834 0
-833 0
-832 0
-831 0
-830 0
-829 0
-828 0
-827 0
-826 0
-825 0
-824 0
-823 0
-822 0
-821 0
-820 0
-819 0
-818 0
-817 0
-816 0
-815 0
-814 0
-813 0
-812 0
-811 0
-810 0
-809 0
-808 0
-807 0
-806 0
-805 0
-804 0
-803 0
-802 0
-801 0
-800 0
-799 0
-798 0
-797 0
-796 0
-795 0
-794 0
-793 0
-792 0
-791 0
-790 0
-789 0
-788 0
-787 0
-786 0
-785 0
-784 0
-783 0
-782 0
-781 0
-780 0
-779 0
-778 0
-777 0
-776 0
-775 0
-774 0
-773 0
-772 0
-771 0
-770 0
-769 0
-768 0
-767 0
-766 0
-765 0
-764 0
-763 0
-762 0
-761 0
-760 0
-759 0
-758 0
-757 0
-756 0
-755 0
-754 0
-753 0
-752 0
-751 0
-750 0
-749 0
-748 0
-747 0
-746 0
-745 0
-744 0
-743 0
-742 0
-741 0
-740 0
-739 0
-738 0
-737 0
-736 0
-735 0
-734 0
-733 0
-732 0
-731 0
-730 0
-729 0
-728 0
-727 0
-726 0
-725 0
-724 0
-723 0
-722 0
-721 0
-720 0
-719 0
-718 0
-717 0
-716 0
-715 0
-714 0
-713 0
-712 0
-711 0
-710 0
-709 0
-708 1
-707 0
-706 0
-705 0
-704 0
-703 0
-702 0
-701 0
-700 0
-699 0
-698 0
-697 0
-696 0
-695 0
-694 0
-693 0
-692 0
-691 0
-690 0
-689 0
-688 0
-687 0
-686 0
-685 0
-684 0
-683 0
-682 0
-681 0
-680 0
-679 0
-678 0
-677 0
-676 0
-675 0
-674 0
-673 0
-672 0
-671 0
-670 0
-669 0
-668 0
-667 0
-666 0
-665 0
-664 0
-663 0
-662 0
-661 0
-660 0
-659 0
-658 0
-657 0
-656 0
-655 0
-654 0
-653 0
-652 0
-651 0
-650 0
-649 1
-648 0
-647 0
-646 0
-645 0
-644 0
-643 0
-642 0
-641 0
-640 0
-639 0
-638 0
-637 1
-636 0
-635 0
-634 1
-633 0
-632 0
-631 0
-630 0
-629 0
-628 0
-627 0
-626 0
-625 0
-624 0
-623 0
-622 0
-621 0
-620 0
-619 0
-618 0
-617 0
-616 0
-615 0
-614 0
-613 0
-612 0
-611 0
-610 0
-609 0
-608 1
-607 0
-606 0
-605 0
-604 0
-603 0
-602 0
-601 0
-600 0
-599 0
-598 0
-597 0
-596 0
-595 0
-594 0
-593 0
-592 0
-591 0
-590 0
-589 0
-588 0
-587 0
-586 1
-585 2
-584 0
-583 0
-582 1
-581 0
-580 1
-579 0
-578 0
-577 0
-576 0
-575 0
-574 0
-573 1
-572 0
-571 1
-570 1
-569 0
-568 0
-567 0
-566 0
-565 0
-564 0
-563 0
-562 0
-561 0
-560 0
-559 0
-558 0
-557 0
-556 0
-555 0
-554 0
-553 1
-552 1
-551 1
-550 0
-549 0
-548 0
-547 0
-546 1
-545 1
-544 0
-543 0
-542 0
-541 0
-540 0
-539 1
-538 0
-537 0
-536 0
-535 0
-534 0
-533 0
-532 0
-531 0
-530 0
-529 0
-528 0
-527 0
-526 0
-525 0
-524 1
-523 0
-522 0
-521 1
-520 0
-519 0
-518 0
-517 0
-516 0
-515 0
-514 0
-513 1
-512 0
-511 0
-510 0
-509 0
-508 1
-507 0
-506 1
-505 2
-504 0
-503 1
-502 0
-501 1
-500 1
-499 0
-498 0
-497 0
-496 0
-495 0
-494 0
-493 1
-492 0
-491 0
-490 1
-489 0
-488 0
-487 0
-486 0
-485 0
-484 0
-483 0
-482 0
-481 0
-480 1
-479 0
-478 0
-477 0
-476 0
-475 1
-474 0
-473 0
-472 0
-471 0
-470 0
-469 0
-468 0
-467 0
-466 0
-465 0
-464 0
-463 0
-462 0
-461 0
-460 0
-459 0
-458 0
-457 1
-456 1
-455 0
-454 1
-453 0
-452 2
-451 1
-450 1
-449 0
-448 0
-447 0
-446 0
-445 0
-444 0
-443 0
-442 2
-441 1
-440 0
-439 0
-438 0
-437 1
-436 0
-435 2
-434 0
-433 0
-432 1
-431 1
-430 1
-429 0
-428 0
-427 0
-426 0
-425 0
-424 2
-423 1
-422 0
-421 0
-420 0
-419 1
-418 0
-417 0
-416 0
-415 0
-414 1
-413 1
-412 1
-411 1
-410 1
-409 0
-408 0
-407 0
-406 1
-405 0
-404 0
-403 2
-402 2
-401 3
-400 0
-399 0
-398 0
-397 2
-396 1
-395 0
-394 0
-393 2
-392 1
-391 1
-390 2
-389 3
-388 0
-387 0
-386 0
-385 2
-384 0
-383 0
-382 1
-381 0
-380 2
-379 1
-378 2
-377 0
-376 5
-375 0
-374 0
-373 0
-372 1
-371 0
-370 1
-369 3
-368 1
-367 6
-366 0
-365 2
-364 1
-363 1
-362 0
-361 1
-360 1
-359 1
-358 1
-357 0
-356 0
-355 0
-354 0
-353 2
-352 0
-351 0
-350 2
-349 0
-348 1
-347 0
-346 1
-345 2
-344 0
-343 0
-342 0
-341 1
-340 2
-339 1
-338 2
-337 1
-336 1
-335 1
-334 0
-333 0
-332 0
-331 0
-330 1
-329 2
-328 0
-327 4
-326 2
-325 2
-324 1
-323 0
-322 4
-321 1
-320 1
-319 2
-318 0
-317 0
-316 2
-315 5
-314 0
-313 3
-312 1
-311 2
-310 1
-309 3
-308 2
-307 4
-306 0
-305 2
-304 0
-303 3
-302 0
-301 1
-300 2
-299 2
-298 4
-297 1
-296 1
-295 3
-294 3
-293 1
-292 0
-291 1
-290 1
-289 1
-288 1
-287 2
-286 0
-285 1
-284 1
-283 2
-282 3
-281 1
-280 1
-279 2
-278 2
-277 0
-276 1
-275 0
-274 3
-273 3
-272 4
-271 4
-270 3
-269 1
-268 4
-267 2
-266 3
-265 2
-264 7
-263 1
-262 2
-261 1
-260 1
-259 4
-258 4
-257 3
-256 4
-255 4
-254 1
-253 1
-252 5
-251 6
-250 8
-249 6
-248 3
-247 3
-246 7
-245 1
-244 3
-243 5
-242 5
-241 0
-240 4
-239 3
-238 4
-237 0
-236 4
-235 3
-234 6
-233 2
-232 5
-231 4
-230 3
-229 3
-228 2
-227 5
-226 6
-225 2
-224 2
-223 2
-222 4
-221 4
-220 7
-219 2
-218 4
-217 3
-216 8
-215 10
-214 7
-213 4
-212 3
-211 3
-210 7
-209 4
-208 3
-207 2
-206 3
-205 2
-204 1
-203 3
-202 6
-201 4
-200 6
-199 5
-198 4
-197 9
-196 5
-195 6
-194 2
-193 9
-192 3
-191 4
-190 4
-189 4
-188 2
-187 5
-186 4
-185 6
-184 9
-183 1
-182 8
-181 6
-180 7
-179 7
-178 2
-177 5
-176 5
-175 5
-174 7
-173 5
-172 5
-171 5
-170 5
-169 1
-168 7
-167 9
-166 9
-165 14
-164 5
-163 7
-162 5
-161 4
-160 8
-159 12
-158 5
-157 7
-156 10
-155 7
-154 8
-153 7
-152 3
-151 5
-150 12
-149 10
-148 12
-147 7
-146 4
-145 9
-144 15
-143 11
-142 6
-141 13
-140 10
-139 7
-138 10
-137 14
-136 10
-135 10
-134 6
-133 11
-132 20
-131 16
-130 11
-129 16
-128 10
-127 19
-126 8
-125 19
-124 21
-123 16
-122 14
-121 12
-120 9
-119 15
-118 16
-117 12
-116 20
-115 15
-114 11
-113 17
-112 10
-111 18
-110 24
-109 10
-108 20
-107 13
-106 16
-105 21
-104 13
-103 25
-102 21
-101 22
-100 36
-99 17
-98 25
-97 22
-96 24
-95 28
-94 32
-93 25
-92 25
-91 41
-90 26
-89 28
-88 19
-87 28
-86 29
-85 25
-84 33
-83 32
-82 28
-81 23
-80 41
-79 30
-78 27
-77 19
-76 53
-75 39
-74 33
-73 26
-72 29
-71 45
-70 37
-69 40
-68 42
-67 47
-66 44
-65 52
-64 41
-63 50
-62 44
-61 43
-60 35
-59 55
-58 48
-57 51
-56 52
-55 66
-54 73
-53 50
-52 64
-51 65
-50 67
-49 74
-48 74
-47 70
-46 81
-45 70
-44 96
-43 77
-42 86
-41 106
-40 92
-39 85
-38 113
-37 115
-36 115
-35 130
-34 141
-33 143
-32 158
-31 148
-30 157
-29 162
-28 197
-27 199
-26 209
-25 210
-24 208
-23 232
-22 234
-21 271
-20 269
-19 309
-18 314
-17 327
-16 406
-15 454
-14 489
-13 481
-12 597
-11 659
-10 763
-9 917
-8 1065
-7 1304
-6 1544
-5 2119
-4 2805
-3 3972
-2 6850
-1 15535
0 97857
1 696049
2 106790
3 13088
4 6118
5 3785
6 2659
7 2047
8 1545
9 1279
10 1049
11 906
12 747
13 636
14 597
15 521
16 460
17 441
18 410
19 338
20 335
21 320
22 241
23 280
24 243
25 230
26 232
27 224
28 177
29 169
30 184
31 178
32 157
33 127
34 137
35 132
36 130
37 109
38 115
39 107
40 125
41 110
42 97
43 93
44 90
45 88
46 89
47 91
48 80
49 76
50 86
51 70
52 74
53 68
54 54
55 68
56 66
57 62
58 38
59 47
60 58
61 62
62 48
63 46
64 52
65 46
66 53
67 43
68 41
69 43
70 39
71 35
72 33
73 32
74 41
75 29
76 50
77 35
78 39
79 31
80 24
81 37
82 24
83 31
84 28
85 36
86 31
87 25
88 31
89 29
90 22
91 26
92 30
93 28
94 22
95 27
96 20
97 29
98 31
99 28
100 27
101 20
102 24
103 18
104 19
105 23
106 22
107 15
108 19
109 15
110 18
111 18
112 19
113 18
114 13
115 21
116 13
117 18
118 14
119 12
120 15
121 15
122 14
123 13
124 18
125 16
126 20
127 10
128 7
129 15
130 12
131 13
132 8
133 11
134 11
135 11
136 12
137 14
138 12
139 19
140 16
141 16
142 14
143 5
144 7
145 12
146 5
147 6
148 9
149 5
150 6
151 13
152 10
153 5
154 11
155 10
156 7
157 10
158 12
159 13
160 4
161 8
162 7
163 8
164 7
165 11
166 11
167 7
168 7
169 4
170 7
171 2
172 6
173 7
174 11
175 5
176 12
177 7
178 3
179 8
180 3
181 3
182 3
183 4
184 7
185 9
186 4
187 7
188 3
189 3
190 9
191 1
192 2
193 7
194 4
195 6
196 4
197 4
198 8
199 4
200 3
201 4
202 1
203 4
204 1
205 5
206 2
207 5
208 2
209 3
210 3
211 4
212 1
213 5
214 4
215 8
216 5
217 2
218 4
219 9
220 4
221 3
222 7
223 3
224 3
225 4
226 6
227 5
228 5
229 4
230 5
231 4
232 3
233 2
234 6
235 6
236 3
237 6
238 6
239 1
240 4
241 1
242 5
243 4
244 0
245 3
246 3
247 5
248 3
249 3
250 1
251 2
252 5
253 4
254 3
255 2
256 6
257 4
258 4
259 2
260 1
261 3
262 3
263 0
264 1
265 3
266 2
267 3
268 2
269 2
270 7
271 1
272 2
273 2
274 4
275 1
276 3
277 3
278 0
279 1
280 0
281 1
282 1
283 0
284 0
285 2
286 2
287 0
288 1
289 0
290 5
291 1
292 0
293 1
294 1
295 1
296 7
297 4
298 1
299 1
300 0
301 2
302 1
303 2
304 0
305 1
306 2
307 5
308 1
309 0
310 1
311 0
312 2
313 2
314 0
315 0
316 3
317 0
318 1
319 0
320 0
321 0
322 2
323 2
324 2
325 3
326 0
327 0
328 1
329 3
330 1
331 0
332 1
333 0
334 1
335 0
336 2
337 0
338 0
339 1
340 0
341 0
342 0
343 0
344 3
345 1
346 2
347 1
348 0
349 3
350 1
351 3
352 0
353 0
354 0
355 0
356 0
357 2
358 2
359 1
360 0
361 1
362 1
363 1
364 1
365 0
366 1
367 1
368 1
369 2
370 2
371 2
372 1
373 3
374 0
375 2
376 0
377 1
378 0
379 0
380 2
381 1
382 2
383 2
384 0
385 1
386 1
387 1
388 0
389 0
390 0
391 0
392 3
393 2
394 3
395 1
396 2
397 1
398 2
399 1
400 1
401 1
402 1
403 0
404 0
405 1
406 0
407 2
408 0
409 0
410 0
411 0
412 0
413 0
414 0
415 0
416 1
417 0
418 1
419 0
420 0
421 0
422 0
423 0
424 0
425 1
426 0
427 1
428 1
429 0
430 2
431 0
432 0
433 0
434 1
435 0
436 1
437 0
438 0
439 0
440 0
441 0
442 1
443 0
444 0
445 0
446 0
447 2
448 0
449 0
450 1
451 0
452 1
453 2
454 0
455 0
456 1
457 0
458 2
459 0
460 0
461 0
462 1
463 0
464 0
465 0
466 0
467 1
468 0
469 0
470 1
471 1
472 0
473 0
474 0
475 0
476 0
477 0
478 0
479 0
480 0
481 0
482 0
483 0
484 0
485 0
486 0
487 0
488 2
489 1
490 0
491 0
492 0
493 0
494 0
495 0
496 0
497 0
498 0
499 0
500 3
501 0
502 0
503 0
504 1
505 0
506 2
507 0
508 0
509 0
510 0
511 0
512 0
513 0
514 1
515 0
516 1
517 0
518 1
519 0
520 0
521 0
522 2
523 0
524 1
525 0
526 1
527 0
528 0
529 0
530 0
531 0
532 0
533 0
534 0
535 0
536 0
537 0
538 0
539 0
540 0
541 0
542 0
543 0
544 0
545 1
546 0
547 0
548 0
549 0
550 0
551 0
552 0
553 0
554 0
555 0
556 0
557 0
558 0
559 0
560 1
561 0
562 0
563 1
564 1
565 0
566 0
567 0
568 1
569 0
570 0
571 0
572 0
573 0
574 0
575 0
576 1
577 0
578 0
579 0
580 0
581 0
582 0
583 0
584 0
585 0
586 0
587 1
588 0
589 1
590 0
591 0
592 0
593 0
594 0
595 0
596 0
597 0
598 0
599 0
600 0
601 0
602 0
603 1
604 0
605 0
606 0
607 0
608 0
609 0
610 0
611 1
612 0
613 0
614 0
615 0
616 0
617 0
618 0
619 0
620 0
621 0
622 0
623 0
624 1
625 0
626 0
627 0
628 0
629 1
630 0
631 0
632 0
633 1
634 0
635 0
636 0
637 0
638 0
639 0
640 0
641 0
642 0
643 0
644 0
645 0
646 0
647 0
648 0
649 1
650 0
651 0
652 0
653 0
654 0
655 0
656 0
657 0
658 0
659 2
660 0
661 0
662 0
663 0
664 0
665 0
666 0
667 0
668 0
669 0
670 0
671 0
672 0
673 0
674 0
675 0
676 0
677 1
678 0
679 0
680 0
681 0
682 0
683 0
684 0
685 0
686 0
687 0
688 0
689 0
690 0
691 0
692 0
693 0
694 0
695 0
696 0
697 0
698 0
699 0
700 0
701 0
702 0
703 0
704 0
705 0
706 0
707 0
708 0
709 0
710 0
711 0
712 0
713 0
714 0
715 0
716 0
717 0
718 0
719 0
720 0
721 0
722 0
723 0
724 0
725 0
726 0
727 0
728 0
729 0
730 0
731 0
732 0
733 0
734 0
735 0
736 0
737 0
738 0
739 0
740 0
741 1
742 0
743 0
744 1
745 0
746 0
747 0
748 0
749 0
750 0
751 0
752 0
753 0
754 0
755 0
756 0
757 1
