0.000000 0.000000 0.000000
0.010000 0.000000 0.000000
0.020000 0.000000 0.000000
0.030000 0.000000 0.000000
0.040000 0.000000 0.000000
0.050000 0.000000 0.000000
0.060000 0.000000 0.000000
0.070000 0.000000 0.000000
0.080000 0.000000 0.000000
0.090000 0.000000 0.000000
0.100000 0.000000 0.000000
0.110000 0.000000 0.000000
0.120000 0.000000 0.000000
0.130000 0.000000 0.000000
0.140000 0.000000 0.000000
0.150000 0.000000 0.000000
0.160000 0.000000 0.000000
0.170000 0.000000 0.000000
0.180000 0.000000 0.000000
0.190000 0.000000 0.000000
0.200000 0.000000 0.000000
0.210000 0.000000 0.000000
0.220000 0.000000 0.000000
0.230000 0.000000 0.000000
0.240000 0.000000 0.000000
0.250000 0.000000 0.000000
0.260000 0.000000 0.000000
0.270000 0.000000 0.000000
0.280000 0.000000 0.000000
0.290000 0.000000 0.000000
0.300000 0.000000 0.000000
0.310000 0.000000 0.000000
0.320000 0.000000 0.000000
0.330000 0.000000 0.000000
0.340000 0.000000 0.000000
0.350000 0.000000 0.000000
0.360000 0.000000 0.000000
0.370000 0.000000 0.000000
0.380000 0.000000 0.000000
0.390000 0.000000 0.000000
0.400000 0.000000 0.000000
0.410000 0.000000 0.000000
0.420000 0.000000 0.000000
0.430000 0.000000 0.000000
0.440000 0.000000 0.000000
0.450000 0.000000 0.000000
0.460000 0.000000 0.000000
0.470000 0.000000 0.000000
0.480000 0.000000 0.000000
0.490000 0.000229 0.000000
0.500000 0.067103 0.000000
0.510000 0.247789 0.000000
0.520000 0.353524 0.000000
0.530000 0.429016 0.000000
0.540000 0.484297 0.000000
0.540100 0.485483 0.000000
0.540200 0.485479 0.000000
0.540300 0.487149 0.000000
0.540400 0.487104 0.000000
0.540500 0.487583 0.000000
0.540600 0.487901 0.000000
0.540700 0.488539 0.000000
0.540800 0.488819 0.000000
0.540900 0.489841 0.000000
0.541000 0.490518 0.000000
0.541100 0.491505 0.000000
0.541200 0.491297 0.000000
0.541300 0.491915 0.000000
0.541400 0.492049 0.000000
0.541500 0.492642 0.000000
0.541600 0.492777 0.000000
0.541700 0.494322 0.009009
0.541800 0.494820 0.009009
0.541900 0.494890 0.009009
0.542000 0.495247 0.000000
0.542100 0.495535 0.000000
0.542200 0.495843 0.000000
0.542300 0.496610 0.000000
0.542400 0.497154 0.000000
0.542500 0.497122 0.009009
0.542600 0.498374 0.000000
0.542700 0.498899 0.000000
0.542800 0.499308 0.000000
0.542900 0.499722 0.009009
0.543000 0.500055 0.000000
0.543100 0.501004 0.000000
0.543200 0.501455 0.009009
0.543300 0.502043 0.000000
0.543400 0.501999 0.000000
0.543500 0.502611 0.018018
0.543600 0.503233 0.018018
0.543700 0.504391 0.018018
0.543800 0.503523 0.009009
0.543900 0.504700 0.009009
0.544000 0.504796 0.000000
0.544100 0.506045 0.000000
0.544200 0.505925 0.000000
0.544300 0.506250 0.018018
0.544400 0.507722 0.018018
0.544500 0.507234 0.000000
0.544600 0.507653 0.009009
0.544700 0.508616 0.027027
0.544800 0.508104 0.054054
0.544900 0.509019 0.009009
0.545000 0.509984 0.009009
0.545100 0.510251 0.045045
0.545200 0.510561 0.009009
0.545300 0.511486 0.018018
0.545400 0.511092 0.027027
0.545500 0.511817 0.036036
0.545600 0.512110 0.027027
0.545700 0.511767 0.009009
0.545800 0.512727 0.018018
0.545900 0.513259 0.027027
0.546000 0.514299 0.036036
0.546100 0.513772 0.027027
0.546200 0.515689 0.063063
0.546300 0.515663 0.036036
0.546400 0.515935 0.081081
0.546500 0.517313 0.045045
0.546600 0.516927 0.063063
0.546700 0.517134 0.027027
0.546800 0.517822 0.072072
0.546900 0.518268 0.063063
0.547000 0.518343 0.063063
0.547100 0.519290 0.054054
0.547200 0.518867 0.063063
0.547300 0.520181 0.036036
0.547400 0.520873 0.045045
0.547500 0.520075 0.063063
0.547600 0.521541 0.108108
0.547700 0.522197 0.135135
0.547800 0.522244 0.081081
0.547900 0.522535 0.072072
0.548000 0.522859 0.090090
0.548100 0.523358 0.072072
0.548200 0.523880 0.081081
0.548300 0.524333 0.126126
0.548400 0.524813 0.135135
0.548500 0.524476 0.090090
0.548600 0.525417 0.135135
0.548700 0.525380 0.144144
0.548800 0.526794 0.198198
0.548900 0.526801 0.117117
0.549000 0.527501 0.225225
0.549100 0.527164 0.135135
0.549200 0.528155 0.162162
0.549300 0.528518 0.135135
0.549400 0.529146 0.180180
0.549500 0.529004 0.198198
0.549600 0.530117 0.180180
0.549700 0.529887 0.279279
0.549800 0.530955 0.198198
0.549900 0.531319 0.171171
0.550000 0.531473 0.153153
0.550100 0.531590 0.243243
0.550200 0.533077 0.234234
0.550300 0.533097 0.252252
0.550400 0.533052 0.333333
0.550500 0.532706 0.243243
0.550600 0.534150 0.315315
0.550700 0.534599 0.378378
0.550800 0.534878 0.252252
0.550900 0.535274 0.333333
0.551000 0.535426 0.324324
0.551100 0.535505 0.243243
0.551200 0.536634 0.333333
0.551300 0.537379 0.315315
0.551400 0.537367 0.360360
0.551500 0.538311 0.423423
0.551600 0.537718 0.270270
0.551700 0.538466 0.396396
0.551800 0.538478 0.306306
0.551900 0.539363 0.450450
0.552000 0.539484 0.378378
0.552100 0.539712 0.387387
0.552200 0.540552 0.414414
0.552300 0.541154 0.513514
0.552400 0.541909 0.495495
0.552500 0.541587 0.450450
0.552600 0.542707 0.531532
0.552700 0.542277 0.459459
0.552800 0.542786 0.504505
0.552900 0.543870 0.549550
0.553000 0.543891 0.531532
0.553100 0.544604 0.567568
0.553200 0.544682 0.558559
0.553300 0.544630 0.549550
0.553400 0.545503 0.603604
0.553500 0.545631 0.549550
0.553600 0.546069 0.549550
0.553700 0.546521 0.594595
0.553800 0.546284 0.594595
0.553900 0.547224 0.675676
0.554000 0.547259 0.612613
0.554100 0.547513 0.630631
0.554200 0.548475 0.621622
0.554300 0.548996 0.702703
0.554400 0.549017 0.693694
0.554500 0.549899 0.702703
0.554600 0.549740 0.693694
0.554700 0.551102 0.693694
0.554800 0.550580 0.693694
0.554900 0.550795 0.774775
0.555000 0.551380 0.783784
0.555100 0.552125 0.729730
0.555200 0.552257 0.720721
0.555300 0.552646 0.801802
0.555400 0.553155 0.756757
0.555500 0.553501 0.882883
0.555600 0.554042 0.729730
0.555700 0.554106 0.855856
0.555800 0.554467 0.792793
0.555900 0.555176 0.774775
0.556000 0.555553 0.828829
0.556100 0.555471 0.891892
0.556200 0.556253 0.864865
0.556300 0.557039 0.891892
0.556400 0.556564 0.837838
0.556500 0.557224 0.891892
0.556600 0.557366 0.864865
0.556700 0.557992 0.873874
0.556800 0.558580 0.873874
0.556900 0.558623 0.882883
0.557000 0.559647 0.882883
0.557100 0.559922 0.837838
0.557200 0.560703 0.882883
0.557300 0.558876 0.846847
0.557400 0.559924 0.882883
0.557500 0.561333 0.909910
0.557600 0.561136 0.909910
0.557700 0.560801 0.927928
0.557800 0.561470 0.945946
0.557900 0.562688 0.963964
0.558000 0.562327 0.936937
0.558100 0.563035 0.945946
0.558200 0.563587 0.945946
0.558300 0.563334 0.927928
0.558400 0.564484 0.963964
0.558500 0.564790 0.972973
0.558600 0.565425 0.945946
0.558700 0.566372 0.981982
0.558800 0.566334 0.972973
0.558900 0.565769 0.945946
0.559000 0.566289 0.981982
0.559100 0.567029 0.954955
0.559200 0.566922 0.945946
0.559300 0.568176 0.963964
0.559400 0.567526 0.963964
0.559500 0.567841 1.000000
0.559600 0.568982 0.981982
0.559700 0.568936 0.963964
0.559800 0.569048 0.981982
0.559900 0.569873 0.963964
0.560000 0.569822 0.972973
0.560100 0.570175 0.936937
0.560200 0.570596 0.972973
0.560300 0.571823 0.972973
0.560400 0.571922 0.981982
0.560500 0.571435 0.972973
0.560600 0.572657 0.963964
0.560700 0.571785 0.981982
0.560800 0.572833 1.000000
0.560900 0.573887 1.000000
0.561000 0.573527 0.981982
0.561100 0.573861 0.981982
0.561200 0.575486 1.000000
0.561300 0.575165 0.981982
0.561400 0.575460 0.990991
0.561500 0.576065 1.000000
0.561600 0.576150 0.990991
0.561700 0.575858 0.981982
0.561800 0.576719 0.990991
0.561900 0.576716 0.990991
0.562000 0.577161 1.000000
0.562100 0.577832 1.000000
0.562200 0.576891 0.990991
0.562300 0.578470 0.990991
0.562400 0.577825 1.000000
0.562500 0.579108 1.000000
0.562600 0.579476 1.000000
0.562700 0.579400 1.000000
0.562800 0.579585 1.000000
0.562900 0.580527 0.990991
0.563000 0.580278 1.000000
0.563100 0.581018 0.990991
0.563200 0.581019 1.000000
0.563300 0.581472 0.981982
0.563400 0.581829 0.990991
0.563500 0.581741 1.000000
0.563600 0.582333 0.990991
0.563700 0.582842 0.990991
0.563800 0.583075 1.000000
0.563900 0.583476 1.000000
0.564000 0.583828 1.000000
0.564100 0.584689 1.000000
0.564200 0.584482 1.000000
0.564300 0.584834 1.000000
0.564400 0.584693 1.000000
0.564500 0.585216 1.000000
0.564600 0.585809 0.981982
0.564700 0.586028 0.990991
0.564800 0.586349 1.000000
0.564900 0.586918 1.000000
0.565000 0.587339 1.000000
0.565100 0.586529 0.990991
0.565200 0.587811 1.000000
0.565300 0.588055 1.000000
0.565400 0.588785 1.000000
0.565500 0.588813 1.000000
0.565600 0.588927 1.000000
0.565700 0.589763 1.000000
0.565800 0.589960 1.000000
0.565900 0.590648 1.000000
0.566000 0.590820 1.000000
0.566100 0.591105 1.000000
0.566200 0.590963 1.000000
0.566300 0.591524 1.000000
0.566400 0.591500 1.000000
0.566500 0.591923 1.000000
0.566600 0.592416 1.000000
0.566700 0.591882 1.000000
0.566800 0.593682 1.000000
0.566900 0.593666 1.000000
0.567000 0.593760 1.000000
0.567100 0.594625 1.000000
0.567200 0.594865 1.000000
0.567300 0.594717 1.000000
0.567400 0.595047 1.000000
0.567500 0.595390 1.000000
0.567600 0.595804 1.000000
0.567700 0.596337 1.000000
0.567800 0.596270 1.000000
0.567900 0.596650 1.000000
0.568000 0.596855 1.000000
0.568100 0.597427 1.000000
0.568200 0.597764 1.000000
0.568300 0.597234 1.000000
0.568400 0.598302 1.000000
0.568500 0.597929 1.000000
0.568600 0.599095 1.000000
0.568700 0.599302 1.000000
0.568800 0.599607 1.000000
0.568900 0.599768 1.000000
0.569000 0.599574 1.000000
0.569100 0.600093 1.000000
0.569200 0.599952 1.000000
0.569300 0.600935 1.000000
0.569400 0.601073 1.000000
0.569500 0.601057 1.000000
0.569600 0.602106 1.000000
0.569700 0.601918 1.000000
0.569800 0.602175 1.000000
0.569900 0.603474 1.000000
0.570000 0.602848 1.000000
0.580000 0.631853 1.000000
0.590000 0.657840 1.000000
0.600000 0.680172 1.000000
0.610000 0.700417 1.000000
0.620000 0.719833 1.000000
0.630000 0.736923 1.000000
0.640000 0.752793 1.000000
0.650000 0.767385 1.000000
0.660000 0.780957 1.000000
0.670000 0.793607 1.000000
0.680000 0.805658 1.000000
0.690000 0.816905 1.000000
0.700000 0.827586 1.000000
0.710000 0.837418 1.000000
0.720000 0.846698 1.000000
0.730000 0.856096 1.000000
0.740000 0.864290 1.000000
0.750000 0.872924 1.000000
0.760000 0.880359 1.000000
0.770000 0.887689 1.000000
0.780000 0.894706 1.000000
0.790000 0.901521 1.000000
0.800000 0.907898 1.000000
0.810000 0.914677 1.000000
0.820000 0.920375 1.000000
0.830000 0.926371 1.000000
0.840000 0.931765 1.000000
0.850000 0.937117 1.000000
0.860000 0.942139 1.000000
0.870000 0.947438 1.000000
0.880000 0.952398 1.000000
0.890000 0.956967 1.000000
0.900000 0.961386 1.000000
0.910000 0.965795 1.000000
0.920000 0.969885 1.000000
0.930000 0.974349 1.000000
0.940000 0.978317 1.000000
0.950000 0.982101 1.000000
0.960000 0.985932 1.000000
0.970000 0.989584 1.000000
0.980000 0.993167 1.000000
0.990000 0.996621 1.000000
1.000000 1.000000 1.000000
