2 0.6713454366624318
3 0.6532675883743128
4 0.6442901234567902
5 0.6385037777568193
6 0.6307809113827011
7 0.6278299555116165
8 0.6232640220977519
9 0.6179424952990148
10 0.6118883206304352
11 0.6124728588661037
12 0.6074367133969782
13 0.6056849107952827
14 0.6033885102239532
15 0.6005769144093388
16 0.6002358490566038
17 0.5881813492290938
18 0.5957904339893132
19 0.5952449567723342
20 0.5868725868725869
21 0.5867620751341681
22 0.5871550623588333
23 0.590904109589041
24 0.5804798509201025
25 0.5769872865031462
26 0.5727498619547211
27 0.5784800601956358
28 0.572936660268714
29 0.5719776380153738
30 0.5787483456229912
31 0.5642220421393841
32 0.5790936297563061
33 0.5871979098628347
34 0.5545621274644659
35 0.5557263643351268
36 0.5796124684077506
37 0.5647094068304374
38 0.5797336797661579
39 0.5867071524966262
40 0.5604794769342536
41 0.5588235294117647
42 0.5666810530858869
43 0.5718778077268644
44 0.570957095709571
45 0.5704856199905705
46 0.5559883154819864
47 0.5659259259259259
48 0.5581395348837209
49 0.5563656758272574
50 0.5684972842486421
51 0.5716034271725826
52 0.5555555555555556
53 0.5446371226718048
54 0.5532786885245902
55 0.5479918311776719
56 0.5534246575342465
57 0.5288888888888889
58 0.5444264943457189
59 0.5406360424028268
60 0.5683453237410072
61 0.5409836065573771
62 0.5360406091370559
63 0.551760939167556
64 0.5260869565217391
65 0.5515587529976019
66 0.5525997581620314
67 0.5676605504587156
68 0.5529411764705883
69 0.5644555694618273
70 0.5364238410596026
71 0.559620596205962
72 0.5357142857142857
73 0.5793201133144475
74 0.5731543624161074
75 0.5404663923182441
76 0.532724505327245
77 0.5672082717872969
78 0.5263157894736842
79 0.5459272097053726
80 0.5632582322357019
81 0.5065420560747663
82 0.5612903225806452
83 0.55863539445629
84 0.5744234800838575
85 0.5806451612903226
86 0.5326732673267327
87 0.514161220043573
88 0.5700934579439252
89 0.5591133004926109
90 0.5818639798488665
91 0.5329815303430079
92 0.5439093484419264
93 0.5605633802816902
94 0.5246376811594203
95 0.5299401197604791
96 0.5585585585585585
97 0.5399361022364217
98 0.4931506849315068
99 0.5978260869565217
100 0.5377049180327869
101 0.5477941176470589
102 0.5447154471544715
103 0.5488721804511278
104 0.5223880597014925
105 0.5725806451612904
106 0.5020242914979757
107 0.5663716814159292
108 0.5795918367346938
109 0.5425101214574899
110 0.5645161290322581
111 0.5609756097560976
112 0.5308641975308642
113 0.5401785714285714
114 0.5628140703517588
115 0.5
116 0.5119047619047619
117 0.5792349726775956
118 0.5263157894736842
119 0.4900990099009901
120 0.5389221556886228
121 0.5379310344827586
122 0.5763888888888888
123 0.4793388429752066
124 0.5701754385964912
125 0.559322033898305
126 0.5847457627118644
127 0.5666666666666667
128 0.5175438596491229
129 0.5648148148148148
130 0.5526315789473685
131 0.5283018867924528
132 0.6238532110091743
133 0.5212765957446809
134 0.5617977528089888
135 0.5961538461538461
136 0.4857142857142857
137 0.6386554621848739
138 0.5118110236220472
139 0.5378151260504201
140 0.5169491525423728
141 0.5833333333333334
142 0.46825396825396826
143 0.5344827586206896
144 0.5294117647058824
145 0.4807692307692308
146 0.44339622641509435
147 0.5789473684210527
148 0.47435897435897434
149 0.5238095238095238
150 0.7142857142857143
151 0.5445544554455446
152 0.5922330097087378
153 0.5826771653543307
154 0.4921875
155 0.48598130841121495
156 0.5445544554455446
157 0.4818181818181818
158 0.5137614678899083
159 0.6129032258064516
160 0.4928571428571429
161 0.5166666666666667
162 0.5135135135135135
163 0.6068376068376068
164 0.5213675213675214
165 0.48484848484848486
166 0.5
167 0.5205479452054794
168 0.4857142857142857
169 0.4507042253521127
170 0.532258064516129
171 0.46551724137931033
172 0.6470588235294118
173 0.5822784810126582
174 0.4875
175 0.6419753086419753
176 0.4666666666666667
177 0.5362318840579711
178 0.5789473684210527
179 0.4583333333333333
180 0.6862745098039216
181 0.49056603773584906
182 0.6458333333333334
183 0.5294117647058824
184 0.4782608695652174
185 0.45
186 0.7142857142857143
187 0.5471698113207547
188 0.574468085106383
189 0.47368421052631576
190 0.725
191 0.5510204081632653
192 0.6153846153846154
193 0.5882352941176471
194 0.56
195 0.574468085106383
196 0.4772727272727273
197 0.3103448275862069
198 0.6111111111111112
199 0.6666666666666666
200 0.6190476190476191
201 0.5555555555555556
202 0.48
203 0.6774193548387096
204 0.5526315789473685
205 0.42105263157894735
206 0.4827586206896552
207 0.5625
208 0.6511627906976745
209 0.42857142857142855
210 0.45454545454545453
211 0.6578947368421053
212 0.5686274509803921
213 0.45614035087719296
214 0.5217391304347826
215 0.47368421052631576
216 0.59375
217 0.6458333333333334
218 0.46296296296296297
219 0.4883720930232558
220 0.5897435897435898
221 0.5365853658536586
222 0.5405405405405406
223 0.5
224 0.34782608695652173
225 0.5714285714285714
226 0.47058823529411764
227 0.4444444444444444
228 0.23076923076923078
229 0.5714285714285714
230 0.2
231 0.25
232 0.7272727272727273
233 0.5
234 0.4666666666666667
235 0.4
236 0.6363636363636364
237 0.42857142857142855
238 0.25
239 0.0
240 0.6
241 0.5
242 0.42857142857142855
243 0.3333333333333333
244 0.4
245 0.0
246 1.0
247 0.6666666666666666
248 0.6666666666666666
249 0.6666666666666666
250 0.42857142857142855
251 0.0
252 0.8
253 0.6
254 0.6666666666666666
255 0.46153846153846156
256 0.3333333333333333
257 0.3333333333333333
258 0.3333333333333333
259 1.0
260 0.3333333333333333
261 0.8571428571428571
262 0.7272727272727273
263 0.7272727272727273
264 0.6428571428571429
265 0.2727272727272727
266 0.75
267 1.0
268 0.3333333333333333
269 0.3333333333333333
270 1.0
271 0.5
272 0.6666666666666666
273 0.4
274 0.25
275 0.0
276 0.5
277 0.75
278 0.45454545454545453
279 0.5454545454545454
280 0.45454545454545453
281 0.375
282 0.8
283 0.6
284 0.75
285 0.7777777777777778
286 0.4
287 0.6
288 0.5
289 0.6
290 0.631578947368421
291 0.6
292 0.29411764705882354
293 0.6470588235294118
294 0.4166666666666667
295 0.5
296 0.5
297 0.18181818181818182
298 0.2857142857142857
299 0.625
300 0.45454545454545453
301 0.3333333333333333
302 0.625
303 0.0
304 0.5
305 0.2
306 0.25
307 0.8
308 0.5
309 0.42857142857142855
310 0.0
311 0
312 0
313 0
314 0
315 0
316 1.0
317 0.0
318 0
319 0
320 0
321 0
322 0
323 0
324 0
325 0
326 0
327 0
328 0
329 0
330 0
331 1.0
332 0.5
333 0.0
334 0.6666666666666666
335 0.5
336 0.7142857142857143
337 0.2857142857142857
338 0.5
339 1.0
340 0
341 0
342 0
343 0
344 0
345 0
346 0
347 0
348 0
349 0
350 0
351 0
352 1.0
353 0.6666666666666666
354 0.5
355 0.8
356 0.35714285714285715
357 0.14285714285714285
358 0.5
359 0.3333333333333333
360 0.0
361 0
362 0
363 0
364 0
365 0
366 0
367 0
368 0
369 0
370 0
371 0
372 1.0
373 0.0
374 0.0
375 0.0
376 0.6666666666666666
377 0.5
378 0.5
379 0.0
380 0
381 0
382 0
383 0
384 0
385 0
386 0
387 0
388 1.0
389 0.6
390 0.25
391 0.0
392 0
393 0
394 0
395 0
396 0
397 0
398 0
399 0
400 0
401 0
402 0
403 0
404 0
405 0
406 0
407 0
408 0
409 0
410 0
411 0
412 0
413 0
414 0
415 0
416 0
417 0
418 0
419 0
420 0
421 0
422 0
423 0
424 0
425 0
426 0
427 0
428 0
429 0
430 0
431 0
432 0
433 0
434 0
435 0
436 0
437 0
438 0
439 0
440 0
441 0
442 0
443 0
444 0
445 0
446 1.0
447 0.25
448 0.5
449 0.3333333333333333
450 0.0
451 0
452 0
453 0
454 0
455 0
456 1.0
457 1.0
458 0.8
459 0.25
460 0
461 0
462 0
463 1.0
464 0.5
465 0.6666666666666666
466 0.5
467 0.3333333333333333
468 0.0
469 1.0
470 1.0
471 1.0
472 1.0
473 0.5714285714285714
474 0.3333333333333333
475 0.0
476 0
477 0
478 0
479 0
480 0
481 0
482 0
483 0
484 0
485 0
486 0
487 0
488 0
489 0
490 0
491 0
492 0
493 0
494 0
495 0
496 0
497 0
498 0
