0 0.5472
1 0.5494
2 0.5552
3 0.545
4 0.5346
5 0.5539
6 0.5531
7 0.5469
8 0.5602
9 0.5332
10 0.5363
11 0.5432
12 0.5593
13 0.5465
14 0.5534
15 0.5527
16 0.5502
17 0.5528
18 0.5502
19 0.5437
20 0.5655
21 0.5414
22 0.5439
23 0.5492
24 0.5579
25 0.5535
26 0.5534
27 0.5537
28 0.5513
29 0.5381
30 0.5684
31 0.5682
32 0.5664
33 0.5523
34 0.5542
35 0.5381
36 0.5407
37 0.5631
38 0.5478
39 0.5582
40 0.5577
41 0.5397
42 0.5573
43 0.5391
44 0.5476
45 0.5527
46 0.5576
47 0.5462
48 0.5576
49 0.5587
50 0.5543
51 0.5403
52 0.5634
53 0.5438
54 0.5502
55 0.5517
56 0.5405
57 0.5559
58 0.5489
59 0.5432
60 0.5442
61 0.5465
62 0.5652
63 0.549
64 0.55
65 0.5633
66 0.5475
67 0.5508
68 0.5598
69 0.547
70 0.5436
71 0.557
72 0.5576
73 0.5435
74 0.5529
75 0.5457
76 0.5407
77 0.5494
78 0.5506
79 0.5464
80 0.5504
81 0.5515
82 0.55
83 0.5467
84 0.5486
85 0.553
86 0.5568
87 0.5404
88 0.5532
89 0.5332
90 0.5532
91 0.5499
92 0.5357
93 0.5538
94 0.5508
95 0.5524
96 0.5602
97 0.5489
98 0.5511
99 0.552
100 0.5577
101 0.5594
102 0.535
103 0.5547
104 0.5499
105 0.5432
106 0.5457
107 0.5618
108 0.5481
109 0.5513
110 0.5667
