-125 1
-124 1
-123 0
-122 0
-121 0
-120 0
-119 0
-118 0
-117 1
-116 1
-115 0
-114 0
-113 2
-112 0
-111 0
-110 0
-109 0
-108 0
-107 1
-106 2
-105 0
-104 0
-103 1
-102 5
-101 1
-100 3
-99 1
-98 1
-97 0
-96 3
-95 1
-94 1
-93 5
-92 1
-91 4
-90 0
-89 3
-88 4
-87 3
-86 6
-85 7
-84 11
-83 4
-82 11
-81 8
-80 15
-79 9
-78 20
-77 16
-76 17
-75 23
-74 24
-73 27
-72 29
-71 44
-70 47
-69 52
-68 64
-67 57
-66 59
-65 81
-64 81
-63 100
-62 108
-61 132
-60 152
-59 173
-58 186
-57 223
-56 236
-55 288
-54 313
-53 332
-52 457
-51 472
-50 570
-49 639
-48 785
-47 847
-46 1005
-45 1049
-44 1257
-43 1391
-42 1698
-41 1839
-40 2147
-39 2541
-38 2893
-37 3331
-36 3838
-35 4402
-34 5197
-33 5845
-32 6873
-31 7922
-30 9326
-29 10669
-28 12698
-27 14761
-26 17127
-25 19944
-24 23390
-23 27961
-22 32548
-21 39050
-20 46116
-19 54523
-18 65070
-17 77863
-16 94406
-15 113324
-14 137777
-13 168369
-12 207810
-11 257120
-10 323924
-9 411166
-8 530282
-7 698392
-6 937391
-5 1303567
-4 1902843
-3 2994074
-2 5424175
-1 12253013
0 54333553
1 944795758
2 59863091
3 8600302
4 4285355
5 2628875
6 1745796
7 1225802
8 894081
9 670983
10 511784
11 399312
12 316168
13 251756
14 202763
15 165078
16 134888
17 111127
18 92031
19 76449
20 64074
21 53784
22 45226
23 38316
24 32272
25 27257
26 23116
27 19884
28 16770
29 14393
30 12651
31 10587
32 9064
33 7820
34 6658
35 5797
36 5055
37 4460
38 3844
39 3263
40 2782
41 2470
42 2132
43 1849
44 1574
45 1390
46 1218
47 1047
48 933
49 808
50 751
51 642
52 586
53 479
54 424
55 380
56 297
57 276
58 252
59 212
60 166
61 169
62 152
63 121
64 100
65 100
66 87
67 81
68 63
69 61
70 57
71 52
72 48
73 30
74 41
75 23
76 25
77 28
78 21
79 17
80 17
81 10
82 11
83 10
84 7
85 9
86 10
87 7
88 5
89 1
90 4
91 5
92 5
93 5
94 1
95 1
96 4
97 2
98 2
99 2
100 4
101 0
102 2
103 3
104 1
105 1
106 0
107 3
108 1
109 1
110 0
111 1
