0 0.4822
1 0.4883
2 0.494
3 0.48
4 0.4797
5 0.4843
6 0.484
7 0.4645
8 0.4646
9 0.4694
10 0.4732
11 0.4794
12 0.4648
13 0.4583
14 0.4878
15 0.481
16 0.4886
17 0.4859
18 0.496
19 0.4639
20 0.4915
21 0.4804
22 0.4752
23 0.4723
24 0.4662
25 0.482
26 0.5032
27 0.4928
28 0.4679
29 0.5033
30 0.4792
31 0.4823
32 0.4816
33 0.4773
34 0.475
35 0.487
36 0.4847
37 0.4783
38 0.4784
39 0.4812
40 0.4894
41 0.4746
42 0.4888
43 0.4825
44 0.4764
45 0.4784
46 0.4787
47 0.4742
48 0.4876
49 0.4838
50 0.4923
51 0.4722
52 0.4785
53 0.4759
54 0.4855
55 0.4827
56 0.4713
57 0.4736
58 0.4805
59 0.4852
60 0.4754
61 0.4725
62 0.4773
63 0.4908
64 0.479
65 0.4704
66 0.4706
67 0.4717
68 0.4793
69 0.4805
70 0.4837
71 0.4696
72 0.477
73 0.4792
74 0.4822
75 0.4786
76 0.4741
77 0.4959
78 0.4796
79 0.4779
80 0.4818
81 0.4808
82 0.4667
83 0.4709
84 0.4617
85 0.483
86 0.4775
87 0.4843
88 0.4793
89 0.476
90 0.4911
91 0.4754
92 0.4605
93 0.478
94 0.4848
95 0.4801
96 0.484
97 0.4614
98 0.4843
99 0.4882
100 0.4753
101 0.4883
102 0.452
103 0.4853
104 0.4844
105 0.4758
106 0.4875
107 0.4738
108 0.4776
109 0.464
110 0.4838
