-3296 1
-3295 0
-3294 0
-3293 0
-3292 0
-3291 0
-3290 0
-3289 0
-3288 0
-3287 0
-3286 0
-3285 0
-3284 0
-3283 0
-3282 0
-3281 0
-3280 0
-3279 0
-3278 0
-3277 0
-3276 0
-3275 0
-3274 0
-3273 0
-3272 0
-3271 0
-3270 0
-3269 0
-3268 0
-3267 0
-3266 0
-3265 0
-3264 0
-3263 0
-3262 0
-3261 0
-3260 0
-3259 0
-3258 0
-3257 0
-3256 0
-3255 0
-3254 0
-3253 0
-3252 0
-3251 0
-3250 0
-3249 0
-3248 0
-3247 0
-3246 0
-3245 0
-3244 0
-3243 0
-3242 0
-3241 0
-3240 0
-3239 0
-3238 0
-3237 0
-3236 0
-3235 0
-3234 0
-3233 0
-3232 0
-3231 0
-3230 0
-3229 0
-3228 0
-3227 0
-3226 0
-3225 0
-3224 0
-3223 0
-3222 0
-3221 0
-3220 0
-3219 0
-3218 0
-3217 0
-3216 0
-3215 0
-3214 0
-3213 0
-3212 0
-3211 0
-3210 0
-3209 0
-3208 0
-3207 0
-3206 0
-3205 0
-3204 0
-3203 0
-3202 0
-3201 0
-3200 0
-3199 0
-3198 0
-3197 0
-3196 0
-3195 0
-3194 0
-3193 0
-3192 0
-3191 0
-3190 0
-3189 0
-3188 0
-3187 0
-3186 0
-3185 0
-3184 0
-3183 0
-3182 0
-3181 0
-3180 0
-3179 0
-3178 0
-3177 0
-3176 0
-3175 0
-3174 0
-3173 0
-3172 0
-3171 0
-3170 0
-3169 0
-3168 0
-3167 0
-3166 0
-3165 0
-3164 0
-3163 0
-3162 0
-3161 0
-3160 0
-3159 0
-3158 0
-3157 0
-3156 0
-3155 0
-3154 0
-3153 0
-3152 0
-3151 0
-3150 0
-3149 0
-3148 0
-3147 0
-3146 0
-3145 0
-3144 0
-3143 0
-3142 0
-3141 0
-3140 0
-3139 0
-3138 0
-3137 0
-3136 0
-3135 0
-3134 0
-3133 0
-3132 0
-3131 0
-3130 0
-3129 0
-3128 0
-3127 0
-3126 0
-3125 0
-3124 0
-3123 0
-3122 0
-3121 0
-3120 0
-3119 0
-3118 0
-3117 0
-3116 0
-3115 0
-3114 0
-3113 0
-3112 0
-3111 0
-3110 0
-3109 0
-3108 1
-3107 1
-3106 0
-3105 0
-3104 0
-3103 0
-3102 0
-3101 0
-3100 0
-3099 0
-3098 0
-3097 1
-3096 0
-3095 0
-3094 1
-3093 0
-3092 0
-3091 0
-3090 0
-3089 0
-3088 0
-3087 0
-3086 0
-3085 0
-3084 0
-3083 0
-3082 0
-3081 0
-3080 0
-3079 0
-3078 0
-3077 0
-3076 0
-3075 0
-3074 0
-3073 0
-3072 0
-3071 0
-3070 1
-3069 0
-3068 0
-3067 1
-3066 0
-3065 0
-3064 0
-3063 0
-3062 0
-3061 0
-3060 0
-3059 0
-3058 0
-3057 0
-3056 0
-3055 0
-3054 0
-3053 0
-3052 0
-3051 1
-3050 0
-3049 0
-3048 1
-3047 0
-3046 0
-3045 0
-3044 1
-3043 0
-3042 1
-3041 0
-3040 0
-3039 0
-3038 0
-3037 1
-3036 0
-3035 0
-3034 0
-3033 0
-3032 0
-3031 1
-3030 0
-3029 0
-3028 0
-3027 0
-3026 0
-3025 0
-3024 0
-3023 0
-3022 0
-3021 2
-3020 0
-3019 0
-3018 0
-3017 0
-3016 0
-3015 0
-3014 0
-3013 0
-3012 0
-3011 0
-3010 1
-3009 0
-3008 0
-3007 0
-3006 1
-3005 0
-3004 0
-3003 1
-3002 0
-3001 0
-3000 1
-2999 0
-2998 0
-2997 0
-2996 1
-2995 0
-2994 0
-2993 0
-2992 1
-2991 0
-2990 0
-2989 0
-2988 0
-2987 0
-2986 0
-2985 0
-2984 0
-2983 1
-2982 0
-2981 0
-2980 0
-2979 2
-2978 1
-2977 1
-2976 0
-2975 1
-2974 0
-2973 1
-2972 1
-2971 1
-2970 0
-2969 0
-2968 0
-2967 0
-2966 0
-2965 0
-2964 1
-2963 0
-2962 2
-2961 1
-2960 0
-2959 0
-2958 0
-2957 0
-2956 0
-2955 0
-2954 0
-2953 0
-2952 0
-2951 1
-2950 0
-2949 1
-2948 1
-2947 0
-2946 0
-2945 1
-2944 1
-2943 0
-2942 0
-2941 0
-2940 1
-2939 1
-2938 1
-2937 0
-2936 0
-2935 0
-2934 1
-2933 2
-2932 1
-2931 1
-2930 2
-2929 0
-2928 0
-2927 0
-2926 1
-2925 3
-2924 1
-2923 2
-2922 0
-2921 0
-2920 1
-2919 0
-2918 0
-2917 0
-2916 0
-2915 2
-2914 1
-2913 1
-2912 0
-2911 1
-2910 0
-2909 0
-2908 1
-2907 1
-2906 0
-2905 0
-2904 1
-2903 1
-2902 0
-2901 0
-2900 0
-2899 0
-2898 1
-2897 0
-2896 2
-2895 1
-2894 2
-2893 3
-2892 0
-2891 1
-2890 2
-2889 0
-2888 1
-2887 0
-2886 0
-2885 1
-2884 1
-2883 2
-2882 0
-2881 0
-2880 0
-2879 0
-2878 1
-2877 1
-2876 3
-2875 1
-2874 1
-2873 1
-2872 0
-2871 0
-2870 1
-2869 0
-2868 2
-2867 0
-2866 3
-2865 0
-2864 0
-2863 1
-2862 0
-2861 1
-2860 4
-2859 1
-2858 1
-2857 0
-2856 0
-2855 1
-2854 1
-2853 0
-2852 2
-2851 0
-2850 0
-2849 0
-2848 1
-2847 1
-2846 0
-2845 1
-2844 1
-2843 0
-2842 0
-2841 1
-2840 0
-2839 0
-2838 1
-2837 0
-2836 2
-2835 0
-2834 0
-2833 1
-2832 0
-2831 0
-2830 1
-2829 0
-2828 0
-2827 1
-2826 2
-2825 1
-2824 0
-2823 2
-2822 0
-2821 2
-2820 2
-2819 1
-2818 0
-2817 1
-2816 0
-2815 0
-2814 0
-2813 0
-2812 1
-2811 0
-2810 3
-2809 0
-2808 1
-2807 1
-2806 1
-2805 2
-2804 1
-2803 0
-2802 0
-2801 0
-2800 1
-2799 2
-2798 0
-2797 0
-2796 2
-2795 0
-2794 1
-2793 1
-2792 3
-2791 2
-2790 0
-2789 1
-2788 0
-2787 0
-2786 1
-2785 0
-2784 1
-2783 1
-2782 1
-2781 0
-2780 0
-2779 1
-2778 0
-2777 0
-2776 1
-2775 1
-2774 0
-2773 1
-2772 0
-2771 1
-2770 3
-2769 1
-2768 1
-2767 0
-2766 2
-2765 1
-2764 2
-2763 2
-2762 1
-2761 0
-2760 0
-2759 0
-2758 0
-2757 1
-2756 0
-2755 1
-2754 2
-2753 1
-2752 0
-2751 0
-2750 3
-2749 2
-2748 3
-2747 1
-2746 0
-2745 2
-2744 3
-2743 3
-2742 0
-2741 1
-2740 3
-2739 0
-2738 3
-2737 1
-2736 2
-2735 2
-2734 2
-2733 0
-2732 1
-2731 0
-2730 2
-2729 0
-2728 4
-2727 0
-2726 1
-2725 2
-2724 1
-2723 1
-2722 3
-2721 4
-2720 1
-2719 0
-2718 1
-2717 5
-2716 0
-2715 1
-2714 1
-2713 0
-2712 2
-2711 2
-2710 3
-2709 2
-2708 1
-2707 0
-2706 3
-2705 3
-2704 1
-2703 1
-2702 0
-2701 0
-2700 1
-2699 2
-2698 4
-2697 2
-2696 1
-2695 3
-2694 1
-2693 1
-2692 2
-2691 3
-2690 2
-2689 1
-2688 1
-2687 1
-2686 0
-2685 1
-2684 3
-2683 1
-2682 2
-2681 3
-2680 1
-2679 2
-2678 1
-2677 2
-2676 2
-2675 1
-2674 1
-2673 0
-2672 2
-2671 2
-2670 2
-2669 2
-2668 3
-2667 0
-2666 1
-2665 0
-2664 1
-2663 1
-2662 1
-2661 2
-2660 0
-2659 3
-2658 2
-2657 3
-2656 1
-2655 0
-2654 0
-2653 1
-2652 2
-2651 1
-2650 2
-2649 4
-2648 0
-2647 1
-2646 3
-2645 0
-2644 1
-2643 1
-2642 2
-2641 0
-2640 0
-2639 2
-2638 5
-2637 1
-2636 0
-2635 1
-2634 0
-2633 1
-2632 0
-2631 2
-2630 1
-2629 1
-2628 0
-2627 1
-2626 3
-2625 0
-2624 2
-2623 3
-2622 1
-2621 0
-2620 2
-2619 1
-2618 0
-2617 0
-2616 1
-2615 1
-2614 1
-2613 0
-2612 4
-2611 1
-2610 2
-2609 1
-2608 1
-2607 0
-2606 0
-2605 1
-2604 1
-2603 1
-2602 0
-2601 0
-2600 0
-2599 0
-2598 5
-2597 3
-2596 1
-2595 3
-2594 0
-2593 1
-2592 1
-2591 1
-2590 1
-2589 0
-2588 2
-2587 1
-2586 2
-2585 1
-2584 2
-2583 1
-2582 1
-2581 0
-2580 2
-2579 4
-2578 0
-2577 2
-2576 1
-2575 2
-2574 1
-2573 1
-2572 3
-2571 1
-2570 3
-2569 3
-2568 2
-2567 1
-2566 1
-2565 2
-2564 7
-2563 2
-2562 1
-2561 0
-2560 3
-2559 3
-2558 0
-2557 0
-2556 1
-2555 2
-2554 2
-2553 3
-2552 0
-2551 1
-2550 2
-2549 0
-2548 0
-2547 1
-2546 0
-2545 1
-2544 0
-2543 2
-2542 1
-2541 4
-2540 2
-2539 2
-2538 3
-2537 0
-2536 3
-2535 0
-2534 0
-2533 0
-2532 0
-2531 0
-2530 0
-2529 1
-2528 1
-2527 0
-2526 0
-2525 5
-2524 1
-2523 0
-2522 1
-2521 0
-2520 2
-2519 0
-2518 0
-2517 1
-2516 3
-2515 2
-2514 2
-2513 0
-2512 3
-2511 1
-2510 1
-2509 1
-2508 2
-2507 0
-2506 1
-2505 1
-2504 0
-2503 1
-2502 0
-2501 0
-2500 1
-2499 0
-2498 0
-2497 0
-2496 2
-2495 2
-2494 4
-2493 1
-2492 1
-2491 1
-2490 1
-2489 0
-2488 2
-2487 1
-2486 1
-2485 1
-2484 0
-2483 2
-2482 1
-2481 1
-2480 2
-2479 0
-2478 0
-2477 2
-2476 0
-2475 2
-2474 1
-2473 2
-2472 1
-2471 3
-2470 0
-2469 0
-2468 0
-2467 2
-2466 1
-2465 2
-2464 1
-2463 1
-2462 1
-2461 1
-2460 0
-2459 2
-2458 0
-2457 2
-2456 3
-2455 1
-2454 1
-2453 0
-2452 0
-2451 1
-2450 1
-2449 0
-2448 0
-2447 1
-2446 0
-2445 2
-2444 1
-2443 4
-2442 3
-2441 0
-2440 0
-2439 1
-2438 3
-2437 2
-2436 0
-2435 1
-2434 4
-2433 1
-2432 3
-2431 1
-2430 2
-2429 2
-2428 2
-2427 1
-2426 0
-2425 0
-2424 4
-2423 2
-2422 0
-2421 1
-2420 3
-2419 1
-2418 1
-2417 2
-2416 1
-2415 1
-2414 2
-2413 1
-2412 5
-2411 1
-2410 2
-2409 4
-2408 2
-2407 2
-2406 0
-2405 2
-2404 1
-2403 2
-2402 1
-2401 1
-2400 1
-2399 0
-2398 2
-2397 0
-2396 2
-2395 2
-2394 1
-2393 1
-2392 2
-2391 2
-2390 0
-2389 3
-2388 2
-2387 2
-2386 2
-2385 0
-2384 0
-2383 0
-2382 1
-2381 1
-2380 2
-2379 1
-2378 0
-2377 0
-2376 1
-2375 2
-2374 0
-2373 0
-2372 0
-2371 1
-2370 1
-2369 0
-2368 2
-2367 2
-2366 0
-2365 2
-2364 1
-2363 0
-2362 2
-2361 1
-2360 2
-2359 3
-2358 0
-2357 2
-2356 1
-2355 3
-2354 2
-2353 2
-2352 0
-2351 1
-2350 1
-2349 1
-2348 2
-2347 1
-2346 0
-2345 1
-2344 1
-2343 0
-2342 0
-2341 0
-2340 1
-2339 3
-2338 2
-2337 0
-2336 6
-2335 2
-2334 1
-2333 1
-2332 3
-2331 1
-2330 0
-2329 0
-2328 0
-2327 0
-2326 2
-2325 1
-2324 2
-2323 3
-2322 0
-2321 0
-2320 1
-2319 1
-2318 3
-2317 1
-2316 2
-2315 1
-2314 2
-2313 1
-2312 2
-2311 0
-2310 3
-2309 2
-2308 0
-2307 1
-2306 0
-2305 0
-2304 3
-2303 1
-2302 1
-2301 1
-2300 2
-2299 2
-2298 2
-2297 2
-2296 1
-2295 3
-2294 0
-2293 3
-2292 1
-2291 2
-2290 1
-2289 2
-2288 1
-2287 3
-2286 2
-2285 0
-2284 3
-2283 1
-2282 1
-2281 2
-2280 3
-2279 0
-2278 1
-2277 1
-2276 2
-2275 2
-2274 5
-2273 2
-2272 1
-2271 4
-2270 1
-2269 1
-2268 2
-2267 1
-2266 1
-2265 3
-2264 4
-2263 2
-2262 3
-2261 0
-2260 1
-2259 3
-2258 2
-2257 0
-2256 2
-2255 1
-2254 2
-2253 1
-2252 2
-2251 0
-2250 1
-2249 3
-2248 2
-2247 1
-2246 1
-2245 0
-2244 0
-2243 3
-2242 5
-2241 0
-2240 1
-2239 0
-2238 0
-2237 1
-2236 3
-2235 0
-2234 2
-2233 1
-2232 2
-2231 1
-2230 2
-2229 2
-2228 1
-2227 2
-2226 2
-2225 2
-2224 1
-2223 1
-2222 1
-2221 1
-2220 0
-2219 2
-2218 0
-2217 0
-2216 1
-2215 0
-2214 2
-2213 2
-2212 0
-2211 0
-2210 2
-2209 3
-2208 3
-2207 2
-2206 0
-2205 2
-2204 0
-2203 0
-2202 1
-2201 1
-2200 0
-2199 3
-2198 2
-2197 3
-2196 3
-2195 2
-2194 1
-2193 0
-2192 2
-2191 1
-2190 1
-2189 1
-2188 1
-2187 0
-2186 2
-2185 1
-2184 0
-2183 2
-2182 0
-2181 1
-2180 2
-2179 2
-2178 1
-2177 2
-2176 1
-2175 4
-2174 1
-2173 1
-2172 0
-2171 0
-2170 3
-2169 4
-2168 4
-2167 2
-2166 0
-2165 4
-2164 0
-2163 1
-2162 1
-2161 2
-2160 2
-2159 2
-2158 1
-2157 1
-2156 1
-2155 4
-2154 0
-2153 0
-2152 1
-2151 2
-2150 1
-2149 1
-2148 0
-2147 0
-2146 3
-2145 4
-2144 1
-2143 0
-2142 2
-2141 0
-2140 1
-2139 2
-2138 3
-2137 0
-2136 0
-2135 0
-2134 3
-2133 0
-2132 3
-2131 1
-2130 0
-2129 3
-2128 2
-2127 1
-2126 2
-2125 1
-2124 1
-2123 2
-2122 2
-2121 1
-2120 1
-2119 5
-2118 1
-2117 2
-2116 4
-2115 1
-2114 0
-2113 0
-2112 1
-2111 0
-2110 0
-2109 3
-2108 5
-2107 2
-2106 2
-2105 1
-2104 2
-2103 2
-2102 1
-2101 0
-2100 3
-2099 1
-2098 1
-2097 0
-2096 4
-2095 0
-2094 2
-2093 3
-2092 2
-2091 2
-2090 1
-2089 3
-2088 3
-2087 1
-2086 3
-2085 2
-2084 2
-2083 1
-2082 0
-2081 1
-2080 3
-2079 4
-2078 1
-2077 3
-2076 2
-2075 2
-2074 2
-2073 2
-2072 0
-2071 1
-2070 1
-2069 2
-2068 2
-2067 1
-2066 2
-2065 1
-2064 2
-2063 4
-2062 1
-2061 0
-2060 2
-2059 1
-2058 0
-2057 1
-2056 2
-2055 1
-2054 0
-2053 2
-2052 0
-2051 0
-2050 4
-2049 0
-2048 3
-2047 3
-2046 2
-2045 2
-2044 0
-2043 3
-2042 0
-2041 2
-2040 2
-2039 2
-2038 0
-2037 1
-2036 2
-2035 2
-2034 2
-2033 3
-2032 0
-2031 2
-2030 1
-2029 2
-2028 1
-2027 3
-2026 2
-2025 2
-2024 1
-2023 1
-2022 2
-2021 0
-2020 1
-2019 4
-2018 1
-2017 1
-2016 0
-2015 1
-2014 1
-2013 1
-2012 2
-2011 3
-2010 0
-2009 2
-2008 0
-2007 1
-2006 1
-2005 1
-2004 1
-2003 0
-2002 3
-2001 0
-2000 2
-1999 3
-1998 2
-1997 0
-1996 1
-1995 3
-1994 0
-1993 2
-1992 2
-1991 1
-1990 3
-1989 0
-1988 3
-1987 2
-1986 1
-1985 1
-1984 1
-1983 2
-1982 1
-1981 0
-1980 1
-1979 2
-1978 5
-1977 1
-1976 0
-1975 0
-1974 1
-1973 0
-1972 1
-1971 1
-1970 0
-1969 0
-1968 3
-1967 1
-1966 2
-1965 3
-1964 1
-1963 2
-1962 1
-1961 1
-1960 2
-1959 1
-1958 2
-1957 4
-1956 0
-1955 1
-1954 2
-1953 1
-1952 3
-1951 1
-1950 3
-1949 5
-1948 2
-1947 1
-1946 1
-1945 3
-1944 1
-1943 2
-1942 2
-1941 2
-1940 2
-1939 4
-1938 1
-1937 3
-1936 2
-1935 1
-1934 3
-1933 2
-1932 1
-1931 2
-1930 2
-1929 3
-1928 4
-1927 5
-1926 1
-1925 0
-1924 2
-1923 2
-1922 1
-1921 0
-1920 3
-1919 2
-1918 1
-1917 0
-1916 2
-1915 1
-1914 8
-1913 0
-1912 0
-1911 2
-1910 1
-1909 1
-1908 0
-1907 4
-1906 2
-1905 2
-1904 2
-1903 3
-1902 2
-1901 2
-1900 2
-1899 1
-1898 2
-1897 2
-1896 3
-1895 2
-1894 2
-1893 1
-1892 0
-1891 1
-1890 0
-1889 1
-1888 1
-1887 4
-1886 5
-1885 1
-1884 0
-1883 2
-1882 0
-1881 1
-1880 1
-1879 1
-1878 2
-1877 1
-1876 2
-1875 2
-1874 1
-1873 5
-1872 3
-1871 0
-1870 1
-1869 1
-1868 3
-1867 3
-1866 3
-1865 0
-1864 2
-1863 0
-1862 0
-1861 1
-1860 1
-1859 2
-1858 2
-1857 1
-1856 4
-1855 3
-1854 3
-1853 2
-1852 2
-1851 1
-1850 2
-1849 4
-1848 2
-1847 2
-1846 3
-1845 4
-1844 2
-1843 0
-1842 0
-1841 6
-1840 2
-1839 3
-1838 2
-1837 2
-1836 2
-1835 2
-1834 6
-1833 2
-1832 2
-1831 3
-1830 4
-1829 2
-1828 2
-1827 1
-1826 2
-1825 1
-1824 4
-1823 1
-1822 5
-1821 3
-1820 0
-1819 2
-1818 1
-1817 3
-1816 2
-1815 2
-1814 0
-1813 2
-1812 2
-1811 0
-1810 3
-1809 2
-1808 1
-1807 2
-1806 3
-1805 0
-1804 2
-1803 2
-1802 4
-1801 2
-1800 3
-1799 0
-1798 0
-1797 4
-1796 1
-1795 2
-1794 2
-1793 2
-1792 2
-1791 2
-1790 3
-1789 2
-1788 1
-1787 4
-1786 0
-1785 0
-1784 4
-1783 2
-1782 2
-1781 0
-1780 3
-1779 4
-1778 1
-1777 1
-1776 2
-1775 1
-1774 1
-1773 2
-1772 0
-1771 2
-1770 2
-1769 2
-1768 5
-1767 3
-1766 0
-1765 1
-1764 2
-1763 5
-1762 1
-1761 2
-1760 0
-1759 2
-1758 1
-1757 2
-1756 1
-1755 3
-1754 1
-1753 2
-1752 3
-1751 1
-1750 3
-1749 0
-1748 3
-1747 2
-1746 0
-1745 1
-1744 1
-1743 3
-1742 2
-1741 0
-1740 0
-1739 1
-1738 2
-1737 3
-1736 4
-1735 1
-1734 3
-1733 3
-1732 4
-1731 2
-1730 4
-1729 3
-1728 0
-1727 5
-1726 3
-1725 2
-1724 2
-1723 4
-1722 3
-1721 6
-1720 2
-1719 1
-1718 3
-1717 2
-1716 2
-1715 2
-1714 5
-1713 5
-1712 1
-1711 4
-1710 4
-1709 0
-1708 2
-1707 2
-1706 2
-1705 5
-1704 1
-1703 1
-1702 3
-1701 1
-1700 2
-1699 4
-1698 1
-1697 5
-1696 3
-1695 3
-1694 4
-1693 1
-1692 2
-1691 2
-1690 2
-1689 2
-1688 5
-1687 3
-1686 3
-1685 4
-1684 0
-1683 0
-1682 2
-1681 3
-1680 3
-1679 4
-1678 3
-1677 1
-1676 3
-1675 2
-1674 1
-1673 0
-1672 2
-1671 2
-1670 4
-1669 1
-1668 3
-1667 4
-1666 2
-1665 2
-1664 3
-1663 2
-1662 2
-1661 3
-1660 3
-1659 2
-1658 5
-1657 0
-1656 4
-1655 5
-1654 0
-1653 7
-1652 1
-1651 1
-1650 3
-1649 2
-1648 2
-1647 3
-1646 5
-1645 4
-1644 2
-1643 6
-1642 7
-1641 2
-1640 5
-1639 2
-1638 3
-1637 1
-1636 1
-1635 2
-1634 3
-1633 5
-1632 2
-1631 2
-1630 5
-1629 3
-1628 2
-1627 6
-1626 5
-1625 3
-1624 6
-1623 2
-1622 3
-1621 0
-1620 6
-1619 2
-1618 2
-1617 3
-1616 2
-1615 0
-1614 3
-1613 2
-1612 2
-1611 3
-1610 4
-1609 3
-1608 1
-1607 4
-1606 3
-1605 3
-1604 1
-1603 1
-1602 3
-1601 2
-1600 2
-1599 5
-1598 0
-1597 4
-1596 3
-1595 7
-1594 0
-1593 6
-1592 5
-1591 1
-1590 4
-1589 6
-1588 5
-1587 1
-1586 3
-1585 0
-1584 2
-1583 4
-1582 1
-1581 3
-1580 1
-1579 3
-1578 1
-1577 3
-1576 8
-1575 2
-1574 1
-1573 1
-1572 0
-1571 5
-1570 3
-1569 0
-1568 2
-1567 4
-1566 1
-1565 2
-1564 7
-1563 4
-1562 4
-1561 4
-1560 2
-1559 6
-1558 1
-1557 2
-1556 2
-1555 4
-1554 2
-1553 2
-1552 3
-1551 4
-1550 6
-1549 4
-1548 4
-1547 4
-1546 4
-1545 2
-1544 3
-1543 3
-1542 2
-1541 2
-1540 2
-1539 0
-1538 5
-1537 3
-1536 4
-1535 3
-1534 5
-1533 2
-1532 5
-1531 2
-1530 2
-1529 0
-1528 2
-1527 4
-1526 1
-1525 5
-1524 2
-1523 6
-1522 3
-1521 5
-1520 5
-1519 2
-1518 6
-1517 1
-1516 4
-1515 6
-1514 4
-1513 2
-1512 3
-1511 4
-1510 2
-1509 3
-1508 6
-1507 4
-1506 3
-1505 2
-1504 2
-1503 5
-1502 5
-1501 1
-1500 4
-1499 2
-1498 2
-1497 2
-1496 2
-1495 1
-1494 7
-1493 4
-1492 1
-1491 2
-1490 3
-1489 3
-1488 5
-1487 0
-1486 6
-1485 5
-1484 3
-1483 4
-1482 8
-1481 6
-1480 2
-1479 2
-1478 8
-1477 4
-1476 2
-1475 5
-1474 1
-1473 5
-1472 4
-1471 3
-1470 4
-1469 3
-1468 2
-1467 2
-1466 5
-1465 5
-1464 6
-1463 5
-1462 3
-1461 3
-1460 3
-1459 5
-1458 0
-1457 3
-1456 2
-1455 3
-1454 4
-1453 4
-1452 2
-1451 2
-1450 4
-1449 4
-1448 4
-1447 5
-1446 6
-1445 4
-1444 1
-1443 5
-1442 4
-1441 2
-1440 7
-1439 4
-1438 6
-1437 6
-1436 6
-1435 2
-1434 4
-1433 8
-1432 1
-1431 4
-1430 3
-1429 4
-1428 7
-1427 5
-1426 6
-1425 4
-1424 7
-1423 2
-1422 5
-1421 3
-1420 3
-1419 3
-1418 6
-1417 5
-1416 3
-1415 5
-1414 3
-1413 3
-1412 4
-1411 7
-1410 7
-1409 4
-1408 4
-1407 5
-1406 2
-1405 3
-1404 3
-1403 2
-1402 4
-1401 1
-1400 4
-1399 4
-1398 2
-1397 8
-1396 5
-1395 6
-1394 3
-1393 5
-1392 4
-1391 3
-1390 6
-1389 3
-1388 5
-1387 1
-1386 2
-1385 2
-1384 8
-1383 5
-1382 3
-1381 5
-1380 3
-1379 2
-1378 6
-1377 4
-1376 6
-1375 2
-1374 5
-1373 4
-1372 2
-1371 7
-1370 5
-1369 4
-1368 1
-1367 7
-1366 3
-1365 10
-1364 3
-1363 2
-1362 6
-1361 2
-1360 5
-1359 2
-1358 5
-1357 4
-1356 5
-1355 8
-1354 4
-1353 5
-1352 1
-1351 1
-1350 9
-1349 3
-1348 6
-1347 6
-1346 6
-1345 3
-1344 4
-1343 4
-1342 5
-1341 5
-1340 3
-1339 6
-1338 6
-1337 3
-1336 8
-1335 4
-1334 6
-1333 7
-1332 7
-1331 6
-1330 6
-1329 3
-1328 6
-1327 7
-1326 2
-1325 4
-1324 4
-1323 3
-1322 2
-1321 3
-1320 4
-1319 5
-1318 7
-1317 10
-1316 6
-1315 3
-1314 3
-1313 7
-1312 1
-1311 4
-1310 9
-1309 6
-1308 5
-1307 4
-1306 8
-1305 11
-1304 3
-1303 6
-1302 8
-1301 5
-1300 9
-1299 7
-1298 7
-1297 7
-1296 8
-1295 4
-1294 8
-1293 3
-1292 5
-1291 3
-1290 2
-1289 9
-1288 3
-1287 5
-1286 4
-1285 8
-1284 8
-1283 7
-1282 7
-1281 5
-1280 6
-1279 9
-1278 8
-1277 7
-1276 4
-1275 9
-1274 9
-1273 5
-1272 7
-1271 7
-1270 4
-1269 7
-1268 5
-1267 5
-1266 8
-1265 8
-1264 5
-1263 4
-1262 6
-1261 8
-1260 5
-1259 4
-1258 6
-1257 5
-1256 5
-1255 2
-1254 4
-1253 3
-1252 8
-1251 5
-1250 6
-1249 8
-1248 5
-1247 6
-1246 5
-1245 4
-1244 7
-1243 3
-1242 5
-1241 12
-1240 8
-1239 2
-1238 3
-1237 8
-1236 9
-1235 2
-1234 4
-1233 7
-1232 8
-1231 6
-1230 7
-1229 6
-1228 7
-1227 3
-1226 6
-1225 5
-1224 5
-1223 5
-1222 7
-1221 6
-1220 7
-1219 5
-1218 10
-1217 8
-1216 3
-1215 7
-1214 5
-1213 1
-1212 4
-1211 3
-1210 4
-1209 7
-1208 3
-1207 9
-1206 8
-1205 7
-1204 8
-1203 5
-1202 9
-1201 9
-1200 5
-1199 8
-1198 3
-1197 8
-1196 6
-1195 7
-1194 7
-1193 4
-1192 7
-1191 7
-1190 9
-1189 5
-1188 4
-1187 7
-1186 8
-1185 8
-1184 3
-1183 8
-1182 10
-1181 7
-1180 6
-1179 7
-1178 10
-1177 12
-1176 10
-1175 10
-1174 7
-1173 7
-1172 7
-1171 10
-1170 9
-1169 2
-1168 10
-1167 2
-1166 8
-1165 6
-1164 10
-1163 10
-1162 7
-1161 5
-1160 6
-1159 3
-1158 8
-1157 10
-1156 10
-1155 8
-1154 9
-1153 4
-1152 14
-1151 13
-1150 5
-1149 9
-1148 5
-1147 10
-1146 10
-1145 6
-1144 11
-1143 11
-1142 7
-1141 10
-1140 7
-1139 12
-1138 6
-1137 8
-1136 8
-1135 5
-1134 5
-1133 11
-1132 5
-1131 8
-1130 9
-1129 11
-1128 6
-1127 10
-1126 7
-1125 6
-1124 6
-1123 9
-1122 9
-1121 2
-1120 2
-1119 8
-1118 10
-1117 8
-1116 6
-1115 9
-1114 12
-1113 6
-1112 10
-1111 12
-1110 11
-1109 9
-1108 7
-1107 15
-1106 14
-1105 12
-1104 6
-1103 15
-1102 4
-1101 7
-1100 6
-1099 12
-1098 10
-1097 10
-1096 8
-1095 8
-1094 8
-1093 12
-1092 9
-1091 17
-1090 7
-1089 6
-1088 10
-1087 12
-1086 5
-1085 8
-1084 9
-1083 13
-1082 11
-1081 11
-1080 11
-1079 12
-1078 6
-1077 13
-1076 7
-1075 11
-1074 10
-1073 19
-1072 10
-1071 12
-1070 14
-1069 10
-1068 6
-1067 9
-1066 15
-1065 6
-1064 13
-1063 13
-1062 8
-1061 13
-1060 10
-1059 10
-1058 5
-1057 8
-1056 11
-1055 5
-1054 14
-1053 14
-1052 6
-1051 15
-1050 5
-1049 14
-1048 12
-1047 11
-1046 13
-1045 11
-1044 17
-1043 6
-1042 17
-1041 13
-1040 7
-1039 9
-1038 13
-1037 7
-1036 17
-1035 11
-1034 11
-1033 8
-1032 7
-1031 9
-1030 8
-1029 6
-1028 18
-1027 11
-1026 10
-1025 11
-1024 5
-1023 11
-1022 8
-1021 7
-1020 13
-1019 8
-1018 9
-1017 8
-1016 11
-1015 11
-1014 15
-1013 6
-1012 7
-1011 7
-1010 6
-1009 11
-1008 17
-1007 10
-1006 10
-1005 9
-1004 11
-1003 13
-1002 14
-1001 11
-1000 14
-999 14
-998 7
-997 14
-996 13
-995 16
-994 10
-993 16
-992 13
-991 13
-990 12
-989 13
-988 17
-987 4
-986 9
-985 18
-984 8
-983 9
-982 11
-981 10
-980 14
-979 17
-978 10
-977 16
-976 15
-975 7
-974 8
-973 19
-972 15
-971 20
-970 13
-969 9
-968 11
-967 16
-966 13
-965 16
-964 17
-963 12
-962 13
-961 11
-960 11
-959 12
-958 12
-957 16
-956 13
-955 18
-954 11
-953 13
-952 14
-951 14
-950 11
-949 17
-948 14
-947 17
-946 12
-945 14
-944 25
-943 9
-942 16
-941 13
-940 14
-939 13
-938 17
-937 15
-936 13
-935 9
-934 16
-933 13
-932 19
-931 7
-930 10
-929 16
-928 9
-927 16
-926 13
-925 17
-924 10
-923 12
-922 18
-921 15
-920 10
-919 22
-918 10
-917 8
-916 6
-915 4
-914 16
-913 15
-912 11
-911 17
-910 18
-909 24
-908 25
-907 15
-906 22
-905 16
-904 14
-903 22
-902 17
-901 15
-900 12
-899 9
-898 13
-897 25
-896 19
-895 16
-894 12
-893 22
-892 14
-891 21
-890 14
-889 22
-888 14
-887 17
-886 20
-885 21
-884 10
-883 11
-882 15
-881 20
-880 14
-879 17
-878 16
-877 11
-876 20
-875 22
-874 16
-873 20
-872 15
-871 19
-870 17
-869 24
-868 19
-867 16
-866 22
-865 14
-864 18
-863 25
-862 21
-861 16
-860 24
-859 18
-858 13
-857 22
-856 20
-855 20
-854 19
-853 15
-852 22
-851 21
-850 18
-849 21
-848 28
-847 25
-846 15
-845 20
-844 16
-843 19
-842 10
-841 22
-840 16
-839 23
-838 24
-837 17
-836 14
-835 21
-834 14
-833 15
-832 23
-831 14
-830 15
-829 21
-828 20
-827 28
-826 20
-825 24
-824 28
-823 19
-822 28
-821 24
-820 28
-819 21
-818 21
-817 18
-816 29
-815 31
-814 12
-813 25
-812 22
-811 25
-810 26
-809 13
-808 19
-807 24
-806 19
-805 23
-804 20
-803 19
-802 14
-801 16
-800 20
-799 23
-798 26
-797 19
-796 24
-795 31
-794 17
-793 18
-792 24
-791 29
-790 25
-789 20
-788 24
-787 20
-786 16
-785 29
-784 21
-783 16
-782 32
-781 17
-780 23
-779 16
-778 23
-777 13
-776 31
-775 28
-774 26
-773 15
-772 31
-771 20
-770 18
-769 21
-768 29
-767 25
-766 30
-765 27
-764 31
-763 25
-762 31
-761 27
-760 30
-759 20
-758 24
-757 13
-756 23
-755 16
-754 22
-753 24
-752 34
-751 26
-750 21
-749 26
-748 26
-747 29
-746 29
-745 25
-744 22
-743 25
-742 33
-741 32
-740 31
-739 26
-738 25
-737 28
-736 21
-735 26
-734 25
-733 29
-732 21
-731 36
-730 27
-729 38
-728 29
-727 23
-726 33
-725 22
-724 21
-723 38
-722 23
-721 25
-720 26
-719 22
-718 30
-717 31
-716 32
-715 28
-714 29
-713 31
-712 34
-711 25
-710 36
-709 34
-708 40
-707 38
-706 36
-705 33
-704 34
-703 34
-702 26
-701 25
-700 35
-699 46
-698 30
-697 24
-696 22
-695 36
-694 45
-693 29
-692 36
-691 36
-690 33
-689 41
-688 32
-687 36
-686 34
-685 36
-684 31
-683 34
-682 23
-681 37
-680 29
-679 28
-678 41
-677 34
-676 40
-675 38
-674 37
-673 41
-672 39
-671 40
-670 32
-669 28
-668 42
-667 40
-666 40
-665 41
-664 36
-663 41
-662 37
-661 34
-660 28
-659 35
-658 38
-657 51
-656 28
-655 34
-654 46
-653 33
-652 40
-651 56
-650 33
-649 32
-648 45
-647 36
-646 43
-645 42
-644 38
-643 50
-642 38
-641 42
-640 49
-639 45
-638 44
-637 33
-636 39
-635 44
-634 40
-633 39
-632 45
-631 27
-630 60
-629 38
-628 39
-627 40
-626 42
-625 32
-624 47
-623 54
-622 49
-621 38
-620 45
-619 51
-618 50
-617 44
-616 45
-615 30
-614 38
-613 57
-612 46
-611 42
-610 37
-609 42
-608 36
-607 34
-606 58
-605 46
-604 48
-603 42
-602 38
-601 52
-600 39
-599 51
-598 63
-597 32
-596 46
-595 45
-594 48
-593 58
-592 46
-591 55
-590 47
-589 41
-588 40
-587 55
-586 61
-585 41
-584 49
-583 37
-582 60
-581 53
-580 60
-579 40
-578 54
-577 45
-576 56
-575 62
-574 62
-573 55
-572 59
-571 64
-570 70
-569 64
-568 52
-567 64
-566 53
-565 64
-564 56
-563 55
-562 45
-561 56
-560 60
-559 70
-558 70
-557 39
-556 61
-555 50
-554 53
-553 59
-552 64
-551 56
-550 68
-549 60
-548 65
-547 68
-546 75
-545 74
-544 53
-543 68
-542 64
-541 57
-540 48
-539 50
-538 57
-537 66
-536 64
-535 55
-534 72
-533 55
-532 77
-531 72
-530 68
-529 67
-528 54
-527 76
-526 48
-525 70
-524 84
-523 77
-522 76
-521 55
-520 57
-519 57
-518 73
-517 72
-516 76
-515 65
-514 62
-513 78
-512 67
-511 65
-510 64
-509 66
-508 76
-507 81
-506 66
-505 82
-504 70
-503 71
-502 81
-501 68
-500 68
-499 66
-498 90
-497 74
-496 70
-495 85
-494 72
-493 82
-492 75
-491 73
-490 78
-489 77
-488 79
-487 84
-486 78
-485 70
-484 82
-483 73
-482 93
-481 55
-480 74
-479 83
-478 76
-477 77
-476 83
-475 87
-474 93
-473 91
-472 95
-471 92
-470 69
-469 84
-468 87
-467 93
-466 82
-465 80
-464 86
-463 110
-462 81
-461 110
-460 87
-459 96
-458 92
-457 85
-456 83
-455 115
-454 90
-453 84
-452 92
-451 89
-450 105
-449 100
-448 85
-447 108
-446 66
-445 74
-444 75
-443 102
-442 83
-441 93
-440 95
-439 102
-438 98
-437 97
-436 114
-435 98
-434 105
-433 93
-432 110
-431 101
-430 102
-429 110
-428 93
-427 105
-426 101
-425 106
-424 99
-423 109
-422 114
-421 107
-420 99
-419 110
-418 110
-417 118
-416 135
-415 115
-414 117
-413 124
-412 117
-411 112
-410 97
-409 104
-408 130
-407 115
-406 127
-405 123
-404 130
-403 115
-402 136
-401 127
-400 117
-399 134
-398 115
-397 125
-396 118
-395 144
-394 124
-393 131
-392 145
-391 135
-390 128
-389 127
-388 137
-387 138
-386 122
-385 132
-384 124
-383 150
-382 134
-381 145
-380 142
-379 131
-378 159
-377 129
-376 126
-375 142
-374 147
-373 140
-372 154
-371 135
-370 150
-369 161
-368 140
-367 138
-366 156
-365 140
-364 160
-363 173
-362 182
-361 148
-360 132
-359 167
-358 164
-357 149
-356 165
-355 157
-354 156
-353 164
-352 167
-351 184
-350 175
-349 165
-348 179
-347 171
-346 193
-345 167
-344 160
-343 156
-342 158
-341 191
-340 191
-339 181
-338 187
-337 185
-336 173
-335 202
-334 204
-333 215
-332 188
-331 178
-330 207
-329 193
-328 206
-327 181
-326 205
-325 206
-324 203
-323 204
-322 237
-321 188
-320 212
-319 195
-318 217
-317 203
-316 220
-315 200
-314 208
-313 212
-312 207
-311 228
-310 229
-309 238
-308 213
-307 230
-306 227
-305 227
-304 238
-303 219
-302 220
-301 250
-300 263
-299 235
-298 248
-297 230
-296 262
-295 261
-294 267
-293 237
-292 242
-291 246
-290 280
-289 286
-288 281
-287 243
-286 279
-285 268
-284 281
-283 264
-282 298
-281 256
-280 280
-279 253
-278 275
-277 284
-276 279
-275 280
-274 283
-273 301
-272 293
-271 274
-270 280
-269 323
-268 287
-267 341
-266 296
-265 323
-264 315
-263 311
-262 346
-261 315
-260 368
-259 322
-258 326
-257 365
-256 348
-255 359
-254 334
-253 343
-252 317
-251 355
-250 361
-249 356
-248 383
-247 381
-246 392
-245 361
-244 334
-243 381
-242 391
-241 382
-240 386
-239 432
-238 386
-237 409
-236 401
-235 415
-234 389
-233 401
-232 394
-231 383
-230 402
-229 418
-228 435
-227 392
-226 424
-225 433
-224 468
-223 428
-222 452
-221 467
-220 455
-219 468
-218 458
-217 499
-216 483
-215 507
-214 505
-213 494
-212 493
-211 488
-210 513
-209 498
-208 497
-207 522
-206 515
-205 531
-204 506
-203 530
-202 538
-201 520
-200 582
-199 575
-198 530
-197 595
-196 601
-195 622
-194 587
-193 606
-192 637
-191 643
-190 637
-189 635
-188 630
-187 673
-186 603
-185 687
-184 691
-183 689
-182 688
-181 679
-180 718
-179 687
-178 708
-177 734
-176 716
-175 668
-174 738
-173 709
-172 767
-171 759
-170 807
-169 804
-168 779
-167 803
-166 839
-165 852
-164 815
-163 888
-162 876
-161 837
-160 832
-159 851
-158 966
-157 894
-156 892
-155 949
-154 992
-153 1033
-152 947
-151 998
-150 1014
-149 1093
-148 1046
-147 1039
-146 1114
-145 1069
-144 1111
-143 1162
-142 1023
-141 1183
-140 1205
-139 1116
-138 1161
-137 1151
-136 1276
-135 1283
-134 1190
-133 1225
-132 1282
-131 1350
-130 1334
-129 1346
-128 1435
-127 1404
-126 1477
-125 1491
-124 1433
-123 1529
-122 1567
-121 1588
-120 1577
-119 1669
-118 1686
-117 1522
-116 1699
-115 1680
-114 1760
-113 1749
-112 1867
-111 1868
-110 1890
-109 1957
-108 1952
-107 2049
-106 2020
-105 2134
-104 2170
-103 2185
-102 2220
-101 2316
-100 2281
-99 2291
-98 2258
-97 2487
-96 2458
-95 2540
-94 2517
-93 2577
-92 2755
-91 2784
-90 2743
-89 2954
-88 2978
-87 2988
-86 3109
-85 3167
-84 3247
-83 3277
-82 3383
-81 3448
-80 3508
-79 3732
-78 3632
-77 3697
-76 3933
-75 4125
-74 4047
-73 4192
-72 4411
-71 4495
-70 4676
-69 4764
-68 4949
-67 5086
-66 5257
-65 5364
-64 5536
-63 5731
-62 6010
-61 5946
-60 6311
-59 6444
-58 6598
-57 7026
-56 7211
-55 7383
-54 7708
-53 8072
-52 8383
-51 8670
-50 8876
-49 9259
-48 9726
-47 10203
-46 10429
-45 11071
-44 11368
-43 12013
-42 12644
-41 13065
-40 13756
-39 14477
-38 15094
-37 15867
-36 16564
-35 17553
-34 18754
-33 19622
-32 20872
-31 21878
-30 23944
-29 24945
-28 26994
-27 28656
-26 30842
-25 33420
-24 35711
-23 38884
-22 42089
-21 45572
-20 50174
-19 55429
-18 60801
-17 67779
-16 75796
-15 84970
-14 96778
-13 110455
-12 128536
-11 149369
-10 177492
-9 214468
-8 265393
-7 335837
-6 440072
-5 603575
-4 887481
-3 1450692
-2 2862644
-1 9347997
0 158053859
1 756893593
2 160955350
3 7187611
4 2401840
5 1308405
6 828599
7 572983
8 424150
9 325522
10 257956
11 210127
12 174987
13 146917
14 126461
15 109798
16 95770
17 84367
18 75240
19 67341
20 60282
21 54866
22 49942
23 45700
24 41897
25 38600
26 35771
27 33269
28 30625
29 28814
30 26662
31 24904
32 23476
33 21963
34 20880
35 19364
36 18631
37 17688
38 16679
39 15720
40 15045
41 14329
42 13811
43 12954
44 12546
45 11933
46 11387
47 11169
48 10441
49 10025
50 9612
51 9439
52 8929
53 8518
54 8256
55 8150
56 7690
57 7431
58 7193
59 6890
60 6713
61 6389
62 6294
63 6070
64 5954
65 5726
66 5653
67 5439
68 5214
69 5094
70 4937
71 4660
72 4559
73 4489
74 4364
75 4329
76 4145
77 3991
78 3795
79 3812
80 3736
81 3713
82 3454
83 3362
84 3414
85 3368
86 3206
87 3050
88 3076
89 3100
90 3000
91 2824
92 2834
93 2717
94 2717
95 2672
96 2518
97 2514
98 2541
99 2415
100 2347
101 2257
102 2232
103 2301
104 2230
105 2203
106 2126
107 2132
108 2025
109 2071
110 1979
111 1973
112 1892
113 1860
114 1905
115 1737
116 1734
117 1812
118 1696
119 1577
120 1619
121 1661
122 1650
123 1585
124 1464
125 1435
126 1490
127 1442
128 1426
129 1366
130 1365
131 1366
132 1312
133 1317
134 1306
135 1358
136 1235
137 1176
138 1219
139 1214
140 1210
141 1163
142 1157
143 1088
144 1160
145 1096
146 1109
147 1113
148 1052
149 1053
150 1011
151 1078
152 1011
153 951
154 958
155 976
156 961
157 983
158 1003
159 891
160 925
161 887
162 873
163 889
164 900
165 848
166 842
167 852
168 820
169 795
170 832
171 726
172 768
173 752
174 775
175 720
176 756
177 725
178 747
179 736
180 723
181 667
182 710
183 706
184 698
185 679
186 667
187 624
188 632
189 641
190 604
191 664
192 626
193 615
194 636
195 636
196 626
197 600
198 571
199 601
200 545
201 571
202 557
203 574
204 500
205 521
206 545
207 529
208 526
209 528
210 484
211 509
212 506
213 533
214 489
215 490
216 490
217 462
218 519
219 477
220 442
221 470
222 487
223 452
224 447
225 449
226 454
227 452
228 427
229 429
230 418
231 415
232 404
233 438
234 405
235 392
236 399
237 380
238 418
239 360
240 434
241 383
242 389
243 397
244 407
245 368
246 373
247 370
248 381
249 392
250 390
251 348
252 373
253 342
254 359
255 316
256 348
257 345
258 375
259 332
260 330
261 316
262 337
263 301
264 319
265 314
266 340
267 337
268 307
269 321
270 293
271 309
272 291
273 302
274 263
275 306
276 285
277 267
278 298
279 275
280 276
281 277
282 275
283 277
284 253
285 287
286 266
287 266
288 258
289 283
290 260
291 285
292 240
293 217
294 249
295 277
296 228
297 245
298 244
299 248
300 240
301 251
302 262
303 232
304 245
305 219
306 255
307 219
308 223
309 212
310 226
311 228
312 219
313 230
314 216
315 214
316 217
317 190
318 196
319 214
320 229
321 202
322 198
323 203
324 197
325 211
326 171
327 223
328 183
329 199
330 196
331 179
332 199
333 224
334 181
335 181
336 186
337 191
338 195
339 186
340 182
341 181
342 158
343 175
344 171
345 190
346 194
347 208
348 170
349 173
350 179
351 171
352 171
353 167
354 158
355 172
356 163
357 177
358 165
359 148
360 157
361 149
362 158
363 159
364 162
365 136
366 153
367 157
368 147
369 138
370 131
371 140
372 156
373 144
374 152
375 148
376 142
377 148
378 151
379 141
380 143
381 169
382 165
383 148
384 118
385 147
386 139
387 122
388 112
389 118
390 139
391 146
392 132
393 145
394 135
395 101
396 139
397 145
398 111
399 114
400 127
401 120
402 120
403 124
404 141
405 98
406 117
407 141
408 120
409 115
410 113
411 120
412 111
413 116
414 124
415 121
416 121
417 132
418 94
419 125
420 117
421 112
422 112
423 105
424 95
425 102
426 111
427 95
428 96
429 122
430 93
431 96
432 115
433 109
434 113
435 96
436 104
437 105
438 97
439 108
440 100
441 103
442 108
443 86
444 111
445 100
446 120
447 85
448 104
449 98
450 96
451 98
452 92
453 103
454 82
455 78
456 89
457 74
458 107
459 89
460 85
461 100
462 90
463 107
464 86
465 88
466 78
467 82
468 88
469 87
470 93
471 96
472 74
473 97
474 107
475 86
476 58
477 90
478 87
479 84
480 85
481 93
482 76
483 66
484 67
485 78
486 78
487 60
488 90
489 87
490 76
491 76
492 76
493 69
494 87
495 74
496 70
497 61
498 83
499 64
500 74
501 76
502 75
503 73
504 82
505 77
506 63
507 73
508 55
509 72
510 65
511 73
512 91
513 65
514 67
515 52
516 74
517 83
518 80
519 52
520 80
521 59
522 61
523 70
524 70
525 79
526 62
527 72
528 70
529 67
530 60
531 62
532 56
533 70
534 63
535 61
536 62
537 73
538 48
539 56
540 62
541 52
542 72
543 59
544 69
545 59
546 51
547 67
548 59
549 73
550 54
551 66
552 82
553 54
554 60
555 43
556 55
557 50
558 58
559 61
560 59
561 51
562 71
563 54
564 53
565 50
566 50
567 68
568 51
569 54
570 52
571 57
572 46
573 55
574 54
575 59
576 58
577 57
578 64
579 47
580 63
581 53
582 51
583 45
584 39
585 53
586 49
587 45
588 48
589 63
590 46
591 47
592 44
593 49
594 44
595 44
596 54
597 45
598 53
599 53
600 51
601 40
602 38
603 62
604 40
605 46
606 44
607 43
608 45
609 58
610 39
611 30
612 49
613 42
614 41
615 52
616 50
617 36
618 36
619 43
620 56
621 44
622 45
623 47
624 44
625 47
626 40
627 47
628 40
629 41
630 32
631 46
632 39
633 49
634 37
635 54
636 51
637 35
638 45
639 34
640 41
641 35
642 45
643 35
644 46
645 35
646 54
647 37
648 31
649 41
650 38
651 37
652 48
653 43
654 41
655 28
656 33
657 32
658 55
659 51
660 41
661 37
662 37
663 42
664 38
665 34
666 37
667 32
668 43
669 36
670 27
671 43
672 31
673 43
674 54
675 30
676 35
677 43
678 39
679 23
680 42
681 37
682 36
683 34
684 33
685 35
686 18
687 22
688 30
689 38
690 33
691 29
692 40
693 33
694 42
695 39
696 30
697 30
698 22
699 35
700 28
701 26
702 38
703 36
704 45
705 31
706 38
707 30
708 33
709 35
710 31
711 30
712 33
713 27
714 32
715 32
716 34
717 23
718 25
719 21
720 25
721 29
722 27
723 26
724 27
725 17
726 35
727 27
728 25
729 35
730 21
731 43
732 31
733 35
734 45
735 17
736 23
737 33
738 31
739 27
740 18
741 23
742 36
743 33
744 25
745 22
746 29
747 24
748 32
749 22
750 21
751 29
752 20
753 32
754 24
755 18
756 18
757 32
758 29
759 25
760 23
761 30
762 27
763 20
764 32
765 28
766 24
767 24
768 19
769 33
770 16
771 31
772 28
773 21
774 22
775 31
776 30
777 29
778 13
779 20
780 27
781 22
782 23
783 25
784 17
785 23
786 23
787 21
788 22
789 18
790 22
791 25
792 16
793 23
794 28
795 20
796 25
797 12
798 20
799 19
800 23
801 22
802 24
803 19
804 20
805 20
806 15
807 17
808 25
809 23
810 20
811 25
812 16
813 25
814 20
815 27
816 18
817 28
818 26
819 19
820 22
821 13
822 25
823 28
824 25
825 20
826 23
827 33
828 15
829 14
830 25
831 23
832 21
833 14
834 20
835 15
836 26
837 24
838 17
839 22
840 22
841 20
842 19
843 17
844 18
845 25
846 20
847 17
848 24
849 22
850 17
851 19
852 19
853 16
854 12
855 17
856 27
857 20
858 20
859 18
860 20
861 19
862 28
863 20
864 28
865 16
866 15
867 10
868 17
869 11
870 14
871 20
872 25
873 19
874 15
875 19
876 20
877 23
878 21
879 23
880 8
881 16
882 15
883 16
884 10
885 13
886 18
887 14
888 22
889 13
890 9
891 17
892 26
893 20
894 11
895 17
896 16
897 21
898 18
899 19
900 17
901 18
902 23
903 13
904 16
905 8
906 18
907 20
908 17
909 15
910 15
911 13
912 11
913 16
914 18
915 7
916 15
917 15
918 14
919 14
920 10
921 9
922 16
923 16
924 13
925 15
926 15
927 14
928 15
929 18
930 17
931 17
932 15
933 9
934 7
935 11
936 17
937 16
938 10
939 19
940 16
941 21
942 17
943 10
944 14
945 11
946 15
947 11
948 11
949 16
950 17
951 12
952 11
953 9
954 13
955 19
956 11
957 15
958 17
959 15
960 19
961 17
962 9
963 19
964 11
965 20
966 11
967 12
968 14
969 16
970 12
971 10
972 16
973 11
974 8
975 12
976 13
977 9
978 15
979 15
980 11
981 13
982 14
983 10
984 12
985 12
986 17
987 16
988 18
989 7
990 14
991 16
992 10
993 14
994 4
995 10
996 18
997 11
998 11
999 11
1000 9
1001 11
1002 12
1003 4
1004 7
1005 9
1006 13
1007 19
1008 13
1009 16
1010 12
1011 11
1012 12
1013 12
1014 11
1015 6
1016 12
1017 5
1018 12
1019 10
1020 17
1021 7
1022 15
1023 8
1024 7
1025 17
1026 10
1027 9
1028 14
1029 14
1030 8
1031 7
1032 7
1033 14
1034 13
1035 13
1036 12
1037 11
1038 9
1039 7
1040 9
1041 15
1042 7
1043 11
1044 6
1045 15
1046 13
1047 9
1048 12
1049 16
1050 17
1051 16
1052 14
1053 10
1054 11
1055 9
1056 6
1057 9
1058 10
1059 9
1060 11
1061 8
1062 6
1063 13
1064 8
1065 10
1066 10
1067 14
1068 12
1069 12
1070 13
1071 9
1072 6
1073 6
1074 9
1075 17
1076 6
1077 11
1078 7
1079 15
1080 6
1081 20
1082 13
1083 12
1084 11
1085 14
1086 7
1087 8
1088 10
1089 12
1090 8
1091 7
1092 7
1093 10
1094 5
1095 18
1096 5
1097 13
1098 11
1099 11
1100 16
1101 5
1102 10
1103 10
1104 15
1105 7
1106 8
1107 5
1108 5
1109 13
1110 3
1111 7
1112 5
1113 4
1114 16
1115 9
1116 11
1117 8
1118 10
1119 11
1120 14
1121 7
1122 9
1123 7
1124 10
1125 2
1126 9
1127 7
1128 12
1129 7
1130 9
1131 1
1132 4
1133 2
1134 8
1135 7
1136 5
1137 10
1138 13
1139 10
1140 10
1141 13
1142 8
1143 10
1144 12
1145 10
1146 6
1147 7
1148 4
1149 8
1150 9
1151 7
1152 6
1153 9
1154 12
1155 10
1156 8
1157 7
1158 6
1159 6
1160 10
1161 9
1162 6
1163 9
1164 5
1165 11
1166 6
1167 8
1168 8
1169 3
1170 7
1171 6
1172 7
1173 7
1174 4
1175 5
1176 13
1177 5
1178 7
1179 4
1180 5
1181 6
1182 4
1183 6
1184 12
1185 4
1186 7
1187 7
1188 6
1189 9
1190 3
1191 14
1192 12
1193 9
1194 9
1195 10
1196 5
1197 8
1198 5
1199 6
1200 8
1201 6
1202 4
1203 6
1204 6
1205 9
1206 8
1207 6
1208 4
1209 4
1210 7
1211 6
1212 5
1213 6
1214 12
1215 7
1216 8
1217 6
1218 7
1219 6
1220 5
1221 11
1222 2
1223 6
1224 3
1225 3
1226 7
1227 5
1228 5
1229 5
1230 9
1231 7
1232 2
1233 3
1234 3
1235 9
1236 10
1237 9
1238 8
1239 4
1240 1
1241 3
1242 4
1243 8
1244 11
1245 5
1246 5
1247 2
1248 4
1249 3
1250 2
1251 6
1252 10
1253 5
1254 8
1255 2
1256 7
1257 4
1258 6
1259 6
1260 5
1261 5
1262 2
1263 5
1264 7
1265 6
1266 4
1267 5
1268 6
1269 5
1270 8
1271 8
1272 3
1273 5
1274 3
1275 2
1276 4
1277 4
1278 6
1279 6
1280 7
1281 8
1282 7
1283 6
1284 6
1285 9
1286 2
1287 5
1288 0
1289 7
1290 3
1291 4
1292 1
1293 4
1294 5
1295 7
1296 5
1297 8
1298 8
1299 9
1300 14
1301 2
1302 7
1303 4
1304 3
1305 11
1306 7
1307 2
1308 8
1309 11
1310 5
1311 9
1312 4
1313 7
1314 4
1315 6
1316 2
1317 4
1318 4
1319 9
1320 9
1321 6
1322 4
1323 5
1324 4
1325 2
1326 9
1327 4
1328 5
1329 8
1330 4
1331 5
1332 7
1333 6
1334 5
1335 0
1336 8
1337 3
1338 4
1339 7
1340 7
1341 5
1342 5
1343 4
1344 3
1345 5
1346 6
1347 3
1348 5
1349 5
1350 3
1351 4
1352 13
1353 2
1354 4
1355 3
1356 5
1357 6
1358 2
1359 1
1360 6
1361 2
1362 3
1363 6
1364 1
1365 3
1366 4
1367 5
1368 5
1369 7
1370 5
1371 3
1372 4
1373 3
1374 3
1375 6
1376 6
1377 4
1378 6
1379 3
1380 7
1381 0
1382 6
1383 1
1384 5
1385 3
1386 4
1387 5
1388 2
1389 3
1390 4
1391 5
1392 2
1393 6
1394 7
1395 1
1396 2
1397 4
1398 4
1399 1
1400 8
1401 3
1402 4
1403 3
1404 3
1405 4
1406 4
1407 6
1408 7
1409 2
1410 3
1411 6
1412 2
1413 8
1414 9
1415 0
1416 6
1417 3
1418 6
1419 0
1420 4
1421 3
1422 6
1423 9
1424 2
1425 2
1426 3
1427 7
1428 7
1429 7
1430 3
1431 2
1432 5
1433 7
1434 1
1435 2
1436 3
1437 3
1438 5
1439 3
1440 7
1441 4
1442 4
1443 2
1444 2
1445 4
1446 3
1447 4
1448 5
1449 5
1450 3
1451 7
1452 5
1453 4
1454 3
1455 4
1456 1
1457 6
1458 3
1459 0
1460 1
1461 4
1462 3
1463 3
1464 3
1465 8
1466 5
1467 3
1468 4
1469 6
1470 7
1471 2
1472 2
1473 3
1474 1
1475 5
1476 5
1477 6
1478 3
1479 2
1480 4
1481 6
1482 6
1483 4
1484 3
1485 4
1486 5
1487 3
1488 9
1489 5
1490 3
1491 4
1492 2
1493 4
1494 1
1495 0
1496 3
1497 3
1498 1
1499 1
1500 5
1501 5
1502 1
1503 3
1504 1
1505 3
1506 3
1507 1
1508 2
1509 2
1510 5
1511 3
1512 2
1513 5
1514 4
1515 6
1516 2
1517 4
1518 2
1519 5
1520 3
1521 2
1522 4
1523 3
1524 3
1525 3
1526 4
1527 6
1528 7
1529 1
1530 4
1531 1
1532 1
1533 2
1534 3
1535 3
1536 6
1537 4
1538 2
1539 3
1540 9
1541 2
1542 4
1543 5
1544 2
1545 4
1546 1
1547 1
1548 6
1549 1
1550 4
1551 4
1552 6
1553 1
1554 3
1555 2
1556 2
1557 4
1558 5
1559 6
1560 3
1561 2
1562 2
1563 1
1564 3
1565 4
1566 5
1567 3
1568 6
1569 2
1570 2
1571 1
1572 4
1573 9
1574 5
1575 2
1576 1
1577 2
1578 2
1579 0
1580 0
1581 4
1582 2
1583 2
1584 4
1585 1
1586 1
1587 3
1588 2
1589 4
1590 1
1591 5
1592 3
1593 3
1594 1
1595 2
1596 3
1597 3
1598 5
1599 5
1600 3
1601 2
1602 5
1603 3
1604 4
1605 1
1606 2
1607 1
1608 3
1609 5
1610 3
1611 0
1612 3
1613 6
1614 3
1615 0
1616 5
1617 2
1618 3
1619 4
1620 2
1621 1
1622 4
1623 3
1624 2
1625 2
1626 3
1627 3
1628 2
1629 7
1630 4
1631 3
1632 4
1633 3
1634 2
1635 2
1636 4
1637 4
1638 2
1639 2
1640 3
1641 4
1642 3
1643 5
1644 2
1645 11
1646 1
1647 1
1648 7
1649 2
1650 0
1651 2
1652 2
1653 2
1654 2
1655 2
1656 2
1657 5
1658 2
1659 2
1660 2
1661 4
1662 5
1663 2
1664 3
1665 0
1666 1
1667 1
1668 4
1669 3
1670 2
1671 3
1672 2
1673 1
1674 0
1675 0
1676 1
1677 2
1678 4
1679 2
1680 2
1681 3
1682 3
1683 4
1684 5
1685 1
1686 2
1687 2
1688 4
1689 3
1690 0
1691 4
1692 0
1693 0
1694 0
1695 5
1696 3
1697 2
1698 3
1699 2
1700 2
1701 5
1702 1
1703 1
1704 2
1705 0
1706 2
1707 4
1708 2
1709 3
1710 2
1711 2
1712 5
1713 5
1714 4
1715 1
1716 4
1717 5
1718 2
1719 2
1720 1
1721 1
1722 4
1723 2
1724 3
1725 3
1726 2
1727 7
1728 4
1729 3
1730 2
1731 5
1732 6
1733 2
1734 1
1735 2
1736 3
1737 4
1738 1
1739 5
1740 1
1741 1
1742 2
1743 0
1744 3
1745 4
1746 1
1747 2
1748 1
1749 1
1750 3
1751 2
1752 1
1753 1
1754 3
1755 1
1756 0
1757 1
1758 5
1759 1
1760 1
1761 2
1762 4
1763 1
1764 3
1765 2
1766 2
1767 1
1768 2
1769 0
1770 2
1771 1
1772 2
1773 1
1774 3
1775 3
1776 3
1777 2
1778 4
1779 0
1780 2
1781 0
1782 1
1783 4
1784 0
1785 2
1786 2
1787 0
1788 0
1789 1
1790 5
1791 3
1792 1
1793 2
1794 1
1795 2
1796 1
1797 2
1798 2
1799 1
1800 3
1801 3
1802 0
1803 5
1804 3
1805 1
1806 2
1807 2
1808 3
1809 3
1810 0
1811 0
1812 0
1813 1
1814 2
1815 3
1816 2
1817 2
1818 1
1819 1
1820 4
1821 1
1822 1
1823 0
1824 2
1825 1
1826 3
1827 3
1828 2
1829 3
1830 1
1831 1
1832 3
1833 1
1834 4
1835 3
1836 1
1837 1
1838 3
1839 3
1840 1
1841 1
1842 1
1843 3
1844 2
1845 3
1846 0
1847 1
1848 2
1849 0
1850 2
1851 7
1852 2
1853 4
1854 3
1855 2
1856 2
1857 1
1858 2
1859 2
1860 4
1861 0
1862 1
1863 4
1864 1
1865 1
1866 4
1867 1
1868 0
1869 0
1870 3
1871 4
1872 2
1873 4
1874 5
1875 1
1876 0
1877 5
1878 0
1879 3
1880 1
1881 3
1882 4
1883 3
1884 1
1885 1
1886 1
1887 1
1888 2
1889 0
1890 2
1891 2
1892 1
1893 1
1894 2
1895 1
1896 0
1897 3
1898 2
1899 3
1900 2
1901 4
1902 1
1903 3
1904 1
1905 1
1906 0
1907 2
1908 0
1909 3
1910 1
1911 2
1912 1
1913 2
1914 1
1915 3
1916 1
1917 0
1918 1
1919 2
1920 1
1921 0
1922 0
1923 2
1924 4
1925 0
1926 0
1927 1
1928 4
1929 3
1930 5
1931 3
1932 2
1933 1
1934 3
1935 3
1936 1
1937 1
1938 1
1939 3
1940 1
1941 1
1942 1
1943 2
1944 2
1945 1
1946 2
1947 2
1948 4
1949 3
1950 4
1951 0
1952 0
1953 1
1954 0
1955 2
1956 2
1957 1
1958 0
1959 1
1960 1
1961 4
1962 5
1963 2
1964 1
1965 4
1966 3
1967 3
1968 4
1969 0
1970 1
1971 1
1972 4
1973 3
1974 0
1975 3
1976 1
1977 0
1978 3
1979 2
1980 1
1981 2
1982 1
1983 4
1984 1
1985 1
1986 2
1987 1
1988 1
1989 3
1990 1
1991 3
1992 4
1993 3
1994 2
1995 1
1996 1
1997 1
1998 2
1999 0
2000 2
2001 0
2002 0
2003 5
2004 2
2005 0
2006 1
2007 1
2008 0
2009 1
2010 1
2011 2
2012 0
2013 0
2014 4
2015 0
2016 1
2017 0
2018 3
2019 1
2020 3
2021 0
2022 0
2023 1
2024 3
2025 1
2026 1
2027 2
2028 3
2029 5
2030 0
2031 1
2032 4
2033 2
2034 2
2035 0
2036 1
2037 1
2038 2
2039 1
2040 1
2041 0
2042 3
2043 1
2044 3
2045 0
2046 0
2047 1
2048 1
2049 2
2050 2
2051 0
2052 0
2053 2
2054 3
2055 0
2056 0
2057 2
2058 2
2059 2
2060 1
2061 2
2062 2
2063 0
2064 1
2065 0
2066 1
2067 0
2068 0
2069 3
2070 0
2071 1
2072 3
2073 1
2074 2
2075 2
2076 2
2077 2
2078 1
2079 0
2080 2
2081 2
2082 4
2083 4
2084 2
2085 1
2086 1
2087 1
2088 6
2089 1
2090 1
2091 0
2092 1
2093 0
2094 1
2095 3
2096 1
2097 2
2098 1
2099 3
2100 2
2101 4
2102 1
2103 3
2104 1
2105 2
2106 0
2107 0
2108 1
2109 4
2110 4
2111 1
2112 1
2113 1
2114 0
2115 3
2116 0
2117 0
2118 1
2119 1
2120 2
2121 3
2122 2
2123 3
2124 1
2125 2
2126 2
2127 5
2128 1
2129 1
2130 0
2131 2
2132 0
2133 0
2134 3
2135 1
2136 1
2137 1
2138 2
2139 2
2140 1
2141 1
2142 1
2143 3
2144 3
2145 0
2146 1
2147 4
2148 3
2149 1
2150 1
2151 4
2152 1
2153 1
2154 1
2155 1
2156 1
2157 0
2158 4
2159 0
2160 0
2161 3
2162 1
2163 1
2164 3
2165 1
2166 1
2167 0
2168 2
2169 1
2170 4
2171 3
2172 2
2173 1
2174 2
2175 2
2176 2
2177 3
2178 5
2179 2
2180 3
2181 0
2182 3
2183 0
2184 0
2185 2
2186 1
2187 0
2188 2
2189 0
2190 1
2191 2
2192 2
2193 3
2194 1
2195 1
2196 2
2197 0
2198 0
2199 2
2200 0
2201 1
2202 0
2203 1
2204 1
2205 0
2206 1
2207 2
2208 0
2209 4
2210 1
2211 1
2212 3
2213 2
2214 0
2215 1
2216 1
2217 2
2218 0
2219 2
2220 0
2221 1
2222 1
2223 0
2224 0
2225 1
2226 2
2227 1
2228 1
2229 1
2230 0
2231 3
2232 1
2233 1
2234 3
2235 5
2236 0
2237 0
2238 1
2239 0
2240 1
2241 0
2242 1
2243 1
2244 1
2245 0
2246 2
2247 1
2248 1
2249 0
2250 2
2251 2
2252 1
2253 0
2254 1
2255 2
2256 1
2257 0
2258 2
2259 0
2260 1
2261 1
2262 1
2263 2
2264 4
2265 1
2266 0
2267 4
2268 1
2269 0
2270 0
2271 4
2272 0
2273 2
2274 3
2275 1
2276 5
2277 0
2278 1
2279 1
2280 3
2281 3
2282 1
2283 0
2284 1
2285 2
2286 1
2287 2
2288 2
2289 1
2290 3
2291 1
2292 1
2293 1
2294 2
2295 5
2296 1
2297 2
2298 4
2299 1
2300 0
2301 3
2302 1
2303 1
2304 3
2305 1
2306 0
2307 1
2308 2
2309 1
2310 2
2311 0
2312 1
2313 1
2314 2
2315 1
2316 0
2317 2
2318 2
2319 1
2320 1
2321 0
2322 3
2323 1
2324 0
2325 1
2326 2
2327 2
2328 2
2329 0
2330 2
2331 0
2332 2
2333 4
2334 0
2335 1
2336 3
2337 1
2338 2
2339 0
2340 2
2341 1
2342 3
2343 1
2344 1
2345 1
2346 0
2347 3
2348 1
2349 2
2350 1
2351 1
2352 2
2353 0
2354 1
2355 0
2356 1
2357 1
2358 0
2359 1
2360 1
2361 2
2362 0
2363 1
2364 1
2365 2
2366 0
2367 1
2368 3
2369 4
2370 0
2371 0
2372 1
2373 1
2374 0
2375 1
2376 3
2377 2
2378 1
2379 0
2380 1
2381 3
2382 1
2383 2
2384 0
2385 1
2386 2
2387 3
2388 0
2389 1
2390 3
2391 0
2392 1
2393 1
2394 0
2395 1
2396 1
2397 0
2398 2
2399 1
2400 2
2401 2
2402 2
2403 1
2404 4
2405 2
2406 0
2407 2
2408 1
2409 1
2410 1
2411 0
2412 0
2413 0
2414 7
2415 1
2416 0
2417 0
2418 1
2419 2
2420 0
2421 1
2422 2
2423 3
2424 3
2425 1
2426 1
2427 1
2428 1
2429 2
2430 2
2431 1
2432 0
2433 3
2434 3
2435 4
2436 0
2437 0
2438 1
2439 4
2440 1
2441 5
2442 2
2443 1
2444 0
2445 1
2446 1
2447 0
2448 1
2449 1
2450 0
2451 0
2452 2
2453 0
2454 0
2455 2
2456 1
2457 2
2458 1
2459 2
2460 2
2461 0
2462 1
2463 0
2464 1
2465 1
2466 3
2467 1
2468 2
2469 0
2470 0
2471 3
2472 0
2473 4
2474 2
2475 2
2476 2
2477 4
2478 1
2479 0
2480 1
2481 0
2482 3
2483 2
2484 0
2485 1
2486 0
2487 1
2488 2
2489 1
2490 2
2491 0
2492 0
2493 2
2494 1
2495 1
2496 1
2497 0
2498 1
2499 0
2500 0
2501 2
2502 0
2503 0
2504 0
2505 1
2506 2
2507 0
2508 0
2509 0
2510 3
2511 2
2512 1
2513 0
2514 0
2515 0
2516 2
2517 1
2518 3
2519 3
2520 1
2521 1
2522 0
2523 1
2524 0
2525 0
2526 0
2527 1
2528 2
2529 1
2530 2
2531 1
2532 4
2533 0
2534 1
2535 1
2536 1
2537 2
2538 0
2539 2
2540 4
2541 1
2542 2
2543 3
2544 0
2545 0
2546 0
2547 2
2548 4
2549 0
2550 2
2551 1
2552 2
2553 2
2554 2
2555 1
2556 1
2557 3
2558 3
2559 0
2560 3
2561 5
2562 0
2563 0
2564 1
2565 1
2566 2
2567 1
2568 2
2569 0
2570 1
2571 2
2572 0
2573 1
2574 3
2575 0
2576 0
2577 0
2578 2
2579 1
2580 3
2581 0
2582 3
2583 2
2584 2
2585 1
2586 2
2587 3
2588 1
2589 1
2590 1
2591 1
2592 1
2593 0
2594 1
2595 1
2596 1
2597 0
2598 1
2599 2
2600 2
2601 2
2602 1
2603 0
2604 1
2605 1
2606 2
2607 3
2608 3
2609 2
2610 1
2611 2
2612 0
2613 0
2614 1
2615 1
2616 2
2617 1
2618 3
2619 0
2620 2
2621 1
2622 1
2623 0
2624 0
2625 4
2626 0
2627 1
2628 0
2629 0
2630 3
2631 0
2632 1
2633 1
2634 0
2635 1
2636 2
2637 1
2638 0
2639 1
2640 1
2641 0
2642 1
2643 1
2644 2
2645 0
2646 0
2647 0
2648 1
2649 2
2650 0
2651 0
2652 3
2653 3
2654 1
2655 0
2656 0
2657 1
2658 0
2659 1
2660 0
2661 0
2662 0
2663 3
2664 0
2665 3
2666 0
2667 1
2668 1
2669 1
2670 2
2671 1
2672 0
2673 1
2674 0
2675 1
2676 3
2677 1
2678 2
2679 2
2680 2
2681 0
2682 3
2683 2
2684 0
2685 1
2686 1
2687 1
2688 1
2689 5
2690 0
2691 0
2692 2
2693 2
2694 2
2695 2
2696 4
2697 2
2698 0
2699 2
2700 2
2701 1
2702 2
2703 3
2704 3
2705 1
2706 1
2707 1
2708 3
2709 1
2710 2
2711 2
2712 1
2713 0
2714 2
2715 2
2716 4
2717 6
2718 2
2719 2
2720 0
2721 3
2722 0
2723 1
2724 3
2725 3
2726 0
2727 1
2728 0
2729 2
2730 3
2731 2
2732 1
2733 0
2734 2
2735 1
2736 0
2737 0
2738 2
2739 1
2740 0
2741 2
2742 2
2743 4
2744 1
2745 2
2746 3
2747 1
2748 2
2749 0
2750 2
2751 1
2752 0
2753 2
2754 3
2755 0
2756 0
2757 1
2758 0
2759 1
2760 1
2761 1
2762 3
2763 1
2764 0
2765 2
2766 1
2767 0
2768 0
2769 0
2770 2
2771 3
2772 1
2773 0
2774 0
2775 2
2776 0
2777 2
2778 3
2779 1
2780 1
2781 0
2782 0
2783 1
2784 0
2785 4
2786 1
2787 1
2788 2
2789 0
2790 0
2791 0
2792 1
2793 1
2794 0
2795 1
2796 2
2797 0
2798 1
2799 0
2800 2
2801 1
2802 2
2803 0
2804 0
2805 0
2806 1
2807 2
2808 1
2809 1
2810 3
2811 1
2812 2
2813 0
2814 2
2815 1
2816 1
2817 0
2818 0
2819 2
2820 1
2821 1
2822 1
2823 0
2824 1
2825 1
2826 1
2827 0
2828 1
2829 0
2830 1
2831 1
2832 0
2833 2
2834 2
2835 1
2836 0
2837 1
2838 2
2839 0
2840 1
2841 3
2842 1
2843 0
2844 1
2845 0
2846 0
2847 0
2848 0
2849 2
2850 0
2851 0
2852 0
2853 0
2854 0
2855 1
2856 3
2857 0
2858 0
2859 0
2860 0
2861 0
2862 1
2863 1
2864 1
2865 2
2866 1
2867 0
2868 0
2869 1
2870 2
2871 0
2872 1
2873 0
2874 0
2875 0
2876 1
2877 1
2878 0
2879 0
2880 1
2881 2
2882 2
2883 1
2884 1
2885 0
2886 0
2887 1
2888 0
2889 2
2890 2
2891 3
2892 1
2893 1
2894 2
2895 1
2896 1
2897 1
2898 0
2899 0
2900 1
2901 0
2902 0
2903 0
2904 0
2905 0
2906 1
2907 3
2908 0
2909 0
2910 0
2911 0
2912 0
2913 1
2914 3
2915 0
2916 1
2917 1
2918 0
2919 1
2920 0
2921 0
2922 2
2923 0
2924 0
2925 0
2926 3
2927 0
2928 1
2929 1
2930 3
2931 0
2932 0
2933 0
2934 1
2935 1
2936 0
2937 0
2938 1
2939 1
2940 1
2941 0
2942 1
2943 0
2944 1
2945 0
2946 2
2947 0
2948 0
2949 1
2950 1
2951 0
2952 0
2953 0
2954 0
2955 0
2956 0
2957 0
2958 0
2959 0
2960 1
2961 0
2962 0
2963 0
2964 0
2965 1
2966 1
2967 0
2968 1
2969 0
2970 0
2971 1
2972 0
2973 1
2974 0
2975 1
2976 0
2977 0
2978 2
2979 0
2980 0
2981 0
2982 0
2983 0
2984 0
2985 0
2986 0
2987 2
2988 1
2989 0
2990 0
2991 0
2992 0
2993 0
2994 0
2995 0
2996 0
2997 0
2998 0
2999 0
3000 2
3001 1
3002 0
3003 1
3004 1
3005 0
3006 1
3007 0
3008 1
3009 0
3010 0
3011 0
3012 0
3013 0
3014 1
3015 1
3016 0
3017 0
3018 0
3019 0
3020 0
3021 0
3022 0
3023 0
3024 0
3025 0
3026 1
3027 0
3028 0
3029 0
3030 1
3031 0
3032 1
3033 0
3034 0
3035 1
3036 0
3037 0
3038 1
3039 0
3040 0
3041 0
3042 0
3043 0
3044 0
3045 1
3046 1
3047 1
3048 0
3049 0
3050 0
3051 1
3052 0
3053 0
3054 0
3055 0
3056 0
3057 0
3058 0
3059 0
3060 0
3061 0
3062 0
3063 0
3064 0
3065 0
3066 0
3067 0
3068 1
3069 0
3070 0
3071 0
3072 0
3073 0
3074 0
3075 0
3076 0
3077 0
3078 0
3079 0
3080 0
3081 0
3082 0
3083 0
3084 1
3085 0
3086 1
3087 1
3088 0
3089 0
3090 0
3091 0
3092 0
3093 0
3094 0
3095 0
3096 0
3097 0
3098 0
3099 0
3100 0
3101 0
3102 0
3103 0
3104 0
3105 0
3106 0
3107 0
3108 0
3109 0
3110 0
3111 0
3112 1
3113 0
3114 0
3115 0
3116 0
3117 0
3118 0
3119 0
3120 0
3121 1
