0 1.0 0.0 27754684
1 0.01767731793340966 1.4809591393548225 49292885
2 0.3048064258852165 1.9341884884787117 31898609
3 0.21488241698693022 3.0410378081243183 29454127
4 0.23287546727848607 3.960708999187431 26372924
5 0.24242582226566223 5.001618063776368 23707788
6 0.2609568778988354 6.01101308663453 21408813
7 0.25832952849078405 7.196392663589236 19501464
8 0.2618798822859589 8.341845347688063 17897610
9 0.25425999857687664 9.636397788146349 16512975
10 0.25169656031021026 10.876282837264855 15306264
11 0.2376176497849009 12.2344220451838 14219958
12 0.23136432998113218 13.54093350246524 13258552
13 0.2162158803957815 14.968935930494572 12394011
14 0.20202322337797643 16.317671416346716 11604255
15 0.18089025710363554 17.761486500025047 10886855
16 0.16737460740054075 19.159371301669868 10230847
17 0.14551837521145175 20.651922650055283 9630447
18 0.12382381873874426 22.08897129876031 9074813
19 0.10333671212948871 23.61248577264744 8558275
20 0.08221670219232584 25.09263941646785 8085705
21 0.06175349660987341 26.626419515307767 7642045
22 0.0355109996629622 28.05865726018047 7227676
23 0.008342840750434578 29.597545216076913 6839397
24 -0.020725382202764157 31.09112238152128 6478433
25 -0.04422650736120087 32.63581887805629 6138061
26 -0.0703358733983142 34.260309661998754 5820586
27 -0.10333701966407247 35.70662812043495 5522203
28 -0.13137137518827097 37.20896794499777 5245100
29 -0.16159681156614583 38.80442139452912 4979498
30 -0.18720917258570455 40.28820974674286 4732188
31 -0.2180807593772289 41.85441388457859 4500530
32 -0.2564932453037041 43.37847585074015 4276136
33 -0.2884811990882916 44.854519094724836 4067090
34 -0.3090313376404281 46.4221499655346 3871287
35 -0.3537144141562227 47.960409270845396 3688159
36 -0.3787205788271569 49.42904936048993 3509165
37 -0.4155585881739445 51.08199369456765 3344378
38 -0.45329193142594804 52.419411534981705 3188903
39 -0.4824149771387961 53.95478830848818 3040741
40 -0.5088672504629419 55.49330126916191 2901012
41 -0.5453539879008783 57.05122851009056 2765490
42 -0.5810316292510542 58.612167039523165 2636199
43 -0.6149360352518249 60.120086466090406 2513572
44 -0.6586141515807918 61.59340844157879 2399209
45 -0.6885289348284152 63.27711702257004 2290354
46 -0.7221222556900518 64.56155272415391 2186843
47 -0.7575698227047993 66.20396688505738 2088325
48 -0.7895017948864542 67.71330661168342 1993998
49 -0.8387854728034176 69.2796844220697 1902831
50 -0.8701750135589394 70.6786246333376 1816145
51 -0.8974975799926105 72.36868683106074 1737598
52 -0.9229540668133314 74.07335379034599 1660477
53 -0.9642101997304808 75.51173376290987 1585787
54 -0.9982261989165753 76.87663813061754 1514826
55 -1.0358200053017583 78.25180685881578 1448576
56 -1.072437067304945 79.68502874749583 1382469
57 -1.1138078526904387 81.20328284380057 1323037
58 -1.1450635146208321 82.68405080924583 1263095
59 -1.176971154722207 84.47407240949507 1207338
60 -1.2122521447842038 85.97584723626244 1153496
61 -1.2236900271397462 87.77956303151913 1103916
62 -1.2948851690615197 89.2107888670323 1057337
63 -1.3303206959578278 90.48954971992411 1010521
64 -1.3480895526091596 91.71012641498712 967208
65 -1.3769012858247407 93.67251008747797 923454
66 -1.4309468790809363 95.25544801200347 883682
67 -1.4694365060191268 96.70160757675211 848545
68 -1.5003556811417365 97.10166601775293 809714
69 -1.548489335957958 99.54353563948759 775222
70 -1.5685999284043592 101.18648065301504 743062
71 -1.6129851042533332 102.67986370889498 710337
72 -1.6338511733408256 104.88823682426762 679811
73 -1.677384146828199 105.37467798374617 651428
74 -1.7281304070082852 108.053351247394 623034
75 -1.7557312558370792 109.39804881126842 595332
76 -1.766386625397427 111.39619999334987 569916
77 -1.8211463319868924 112.44666196771583 545636
78 -1.8545139048318717 113.79691734734305 522696
79 -1.8507153994038836 114.75968049313734 500909
80 -1.9327183023142869 117.54880098975416 479759
81 -1.970401044030374 119.70374017501437 460523
82 -1.969400497693174 120.11745879183144 440432
83 -2.006393934652423 121.67216624584302 421806
84 -2.0516240494155205 122.92102793470833 403436
85 -2.0510280693215415 125.58809458137607 386258
86 -2.1014507984241697 126.44184539955941 371106
87 -2.137964474288823 128.0457081845989 354729
88 -2.198531190089957 130.52491511116042 339050
89 -2.212194566795443 131.04569604746828 325112
90 -2.2427748430561936 133.97669491330223 313488
91 -2.3072559828134627 133.12104499105453 300235
92 -2.2868161740904074 135.74407768108347 287299
93 -2.3012015798213072 137.2481761661264 275221
94 -2.3668541159149723 140.80016750536998 263538
95 -2.4318959832903615 141.005871502384 253267
96 -2.409863791240069 141.04124185792136 242422
97 -2.485619029522016 145.17494304341884 231556
98 -2.473989427510966 147.28538238615127 222275
99 -2.5619831221649414 148.41006729565464 213179
100 -2.5857553809261007 148.93939474865795 204751
101 -2.622418909344806 153.0991591685997 194782
102 -2.6365618636866492 153.56612716906048 187113
103 -2.6788629012887046 155.19075366788198 179017
104 -2.769324637562693 157.53062969085863 171271
105 -2.728081021128041 158.6919364038537 164994
106 -2.6989306679359037 160.78308088073175 157575
107 -2.808999495900878 162.1992514756224 150764
108 -2.866010076295893 166.64678586751077 145093
109 -2.8113641922905366 165.35708405236846 138998
110 -2.9293657610415442 169.30229799742642 132726
111 -2.983948497180989 171.5056430606695 127527
112 -2.931342457277309 173.16422293915704 122827
113 -2.962936861053561 174.57019681586613 117772
114 -3.051112847931506 174.70352634739442 112594
115 -3.0348164275479634 179.3547304278918 107478
116 -3.133699333288307 178.90719419853193 103643
117 -3.1086553572148126 180.26802235691392 99268
118 -3.2108292519569677 184.64804547998398 95556
119 -3.231484323613243 186.33457549900035 91220
120 -3.2490784623486046 187.82973362201577 87354
121 -3.2970189637293346 189.00146113038696 83897
122 -3.2740524781341107 189.58344952540696 79919
123 -3.36292495854063 193.84144053237097 77184
124 -3.38127480424756 198.9468879168828 74584
125 -3.3269472449521045 198.8182318710855 71614
126 -3.3011985105887827 194.10141932225 68752
127 -3.3743782046376367 201.07315694672667 65335
128 -3.501386182532516 207.52899305653173 63123
129 -3.432760481527605 206.61937673006426 60225
130 -3.4665573487529127 210.31119279989363 57935
131 -3.5567905460179063 212.81613946430565 55511
132 -3.612000604183974 205.81131735552566 52964
133 -3.5005508991461065 209.5288727142382 50826
134 -3.6400065390195557 214.29705529957926 48937
135 -3.622502899858229 216.58645585689763 46554
136 -3.7588386952135413 218.35764662803075 44605
137 -3.7844155844155845 224.2214770276856 42735
138 -3.6660433262094423 223.6741490619645 41176
139 -3.6045622563167754 222.26640989115262 39498
140 -3.892702494487687 230.22414859005633 37643
141 -3.9547921430342434 230.8356928263534 36299
142 -3.8112088535754824 232.78407980997022 35240
143 -3.9329603977979044 236.00974235779307 33786
144 -3.9154435925520263 243.25944386128228 31955
145 -3.8991577435361715 242.30365298607944 30632
146 -3.917557871937187 240.7392436366286 29548
147 -3.9119343001922067 242.08583171190114 28615
148 -4.178596272837111 255.64913438226552 27313
149 -3.916090064604916 256.89440795492175 26159
150 -3.999279884781565 248.13322079689178 24996
151 -4.151711801655643 259.498552646097 24039
152 -4.136077608809648 250.43009326719073 22884
153 -4.040261654689515 255.3584305930757 21708
154 -4.1246722288438615 252.54116720485072 20975
155 -4.271844181459566 264.83985813746546 20280
156 -4.1052738749745465 259.6884694373132 19644
157 -4.229478409576743 267.56544568774706 18712
158 -4.399451041900067 277.2243174221706 17852
159 -4.223536955001165 272.6098004067194 17156
160 -4.3664025164841815 273.0002843117687 16531
161 -4.506255056949026 284.0378490923513 16067
162 -4.418724012474012 275.94128922424136 15392
163 -4.322466960352423 266.7484718537899 14755
164 -4.485029519257801 285.7896971666879 14228
165 -4.376942909760589 275.4965880759034 13575
166 -4.220420650095602 272.8964242972106 13075
167 -4.469713920409141 284.21552034328636 12514
168 -4.602126941255908 295.1730609724169 11848
169 -4.491941875825628 294.3522688402801 11355
170 -4.87732579350602 318.203575628654 10964
171 -4.763162878787878 286.53907863254886 10560
172 -4.929134624744476 317.55187481814886 10273
173 -4.697985901309164 293.85833431199103 9930
174 -4.7418498460231495 297.08351247484535 9417
175 -4.536272321428571 306.13439860441287 8960
176 -4.67321260583255 297.29196352675285 8504
177 -4.716933139534884 333.3417481525072 8256
178 -4.675552170601676 309.73276356283634 7878
179 -4.784833377066387 312.19825855920647 7622
180 -4.926599139725267 316.7756585187866 7207
181 -4.911493109816735 329.3299986088003 7039
182 -4.671503957783641 322.15843453082647 6822
183 -4.640305724535954 305.4650670723434 6411
184 -5.318528124493435 354.06761099618416 6169
185 -4.8628110289172835 333.11971314721126 5948
186 -4.970787689097548 337.2368444325923 5751
187 -4.762493185535162 315.6224929299481 5503
188 -4.955246619691487 336.4038245963766 5251
189 -5.031707806542244 330.13024085220366 4983
190 -5.255562359665237 356.23270788440664 4899
191 -5.074860574860575 347.16020456014604 4662
192 -5.259267530147387 361.8204534161513 4478
193 -5.543567518248175 372.69472595894894 4384
194 -5.912949119845671 390.3683565546855 4147
195 -5.311027568922306 346.27544230249237 3990
196 -5.166359568307449 369.8617690847061 3799
197 -5.692023843315356 396.34029119216194 3523
198 -5.19037719037719 343.00414856577953 3367
199 -4.972060178077986 366.1733059490896 3257
200 -4.949491740787802 369.2614260440827 3148
201 -5.580445969125215 380.43014937230294 2915
202 -5.293277603622431 362.584138020818 2871
203 -5.74326192121631 413.49697429421275 2894
204 -5.237959329290047 373.03898720205325 2803
205 -5.38874296435272 377.12242487389403 2665
206 -5.314519268197742 386.98476778174285 2569
207 -5.3511482254697285 380.58608949577166 2395
208 -5.21880650994575 394.30745825007915 2212
209 -5.436151079136691 379.3682254735749 2224
210 -5.507414272474514 411.2758949822218 2158
211 -5.475347056007659 380.55863110262646 2089
212 -5.510015408320493 367.66541073422485 1947
213 -4.8659127625201934 341.08110515770977 1857
214 -5.454994511525796 393.5805760427761 1822
215 -5.025527192008879 364.6319787731224 1802
216 -5.558787878787879 402.0077561065185 1650
217 -5.55046439628483 428.2759363168394 1615
218 -5.797026502908856 398.9865974931529 1547
219 -6.277815239379636 424.86954829492737 1483
220 -6.0974429854872145 423.43279926678673 1447
221 -6.437189496096522 442.11688521675853 1409
222 -6.007936507936508 415.3570798689871 1386
223 -6.180749448934607 425.77041560290917 1361
224 -6.683134582623509 526.9626286752438 1174
225 -5.708333333333333 452.60590277777675 1152
226 -5.740107913669065 398.0592546646112 1112
227 -5.143389199255121 399.75783804777956 1074
228 -5.557765151515151 390.9947692478763 1056
229 -5.479879275653923 422.9336997842175 994
230 -5.054922279792746 385.266413594997 965
231 -6.164079822616408 480.3987984326493 902
232 -5.545454545454546 372.8394183491996 869
233 -5.441105769230769 428.85230070035175 832
234 -6.321290322580645 614.6025789802335 775
235 -5.80028129395218 451.8138395833192 711
236 -5.707762557077626 414.1489960592978 657
237 -6.6144 451.0753126400015 625
238 -5.913616398243045 459.0803856039452 683
239 -7.463076923076923 647.7101751479307 650
240 -5.419934640522876 444.70764182579126 612
241 -7.391959798994975 594.2014763936925 597
242 -6.774597495527728 520.700535392552 559
243 -6.695571955719557 578.5807553001731 542
244 -6.643253234750462 516.9799406179413 541
245 -4.993814432989691 309.8205802954613 485
246 -6.422037422037422 575.682591275107 481
247 -5.809976247030879 481.7976201894609 421
248 -6.253623188405797 475.3293950850675 414
249 -6.32 537.2220444444446 450
250 -5.642857142857143 509.68197278911697 420
251 -7.516746411483253 673.5176621414345 418
252 -6.448818897637795 520.6463306259941 381
253 -7.692737430167598 606.9167628975363 358
254 -6.933333333333334 580.1652525252543 330
255 -6.735015772870662 522.3588054413912 317
256 -5.865625 361.2850683593753 320
257 -8.197452229299364 621.8845794961252 314
258 -8.849829351535837 789.8409300050081 293
259 -6.427007299270073 354.9600005327941 274
260 -7.467181467181467 670.6813553763347 259
261 -6.1857707509881426 386.98920464309737 253
262 -7.52156862745098 508.7279661668583 255
263 -6.240566037735849 599.4091091135621 212
264 -7.2594594594594595 824.2678159240323 185
265 -6.535 522.5687749999995 200
266 -8.427027027027027 889.0230533235944 185
267 -7.050561797752809 499.7895783360677 178
268 -7.106796116504855 435.9594683759068 206
269 -7.54228855721393 676.6661221256904 201
270 -7.325153374233129 699.0415145470297 163
271 -11.245033112582782 960.2777071181092 151
272 -8.993377483443709 770.9337309767108 151
273 -8.887931034482758 742.6167508917953 116
274 -7.917293233082707 557.2337610944658 133
275 -7.669172932330827 541.8304030753583 133
276 -7.871794871794871 646.6416831032218 117
277 -9.807407407407407 793.266611796983 135
278 -6.120300751879699 414.90282096218016 133
279 -6.598290598290598 444.7189714369203 117
280 -6.095238095238095 765.4829931972795 126
281 -7.061946902654867 544.8014723157645 113
282 -7.824742268041237 506.10330534594544 97
283 -8.855555555555556 695.5013580246916 90
284 -8.17283950617284 922.1923487273283 81
285 -7.5256410256410255 496.91600920447075 78
286 -8.209302325581396 704.9794483504601 86
287 -5.824742268041237 492.0414496758423 97
288 -6.284403669724771 448.9007659287939 109
289 -3.3068181818181817 274.4626807851242 88
290 -7.0 802.8051948051948 77
291 -7.957142857142857 537.9838775510203 70
292 -11.518072289156626 866.9966613441715 83
293 -6.0 715.3333333333334 66
294 -8.432432432432432 869.137326515705 74
295 -7.32258064516129 565.0249739854319 62
296 -10.610169491525424 1069.0853203102558 59
297 -8.314814814814815 451.95644718792875 54
298 -17.24390243902439 1875.5014872099932 41
299 -5.0 451.1304347826087 46
300 -8.764705882352942 681.7093425605536 34
301 -13.4 1052.29 40
302 -8.0 1112.2162162162163 37
303 -4.153846153846154 748.5917159763311 39
304 -12.789473684210526 1192.0083102493072 38
305 -12.307692307692308 738.1617357001976 39
306 -3.129032258064516 742.3704474505719 31
307 -8.394736842105264 882.8704986149584 38
308 -17.5 1669.1875 32
309 -15.545454545454545 1329.5206611570259 33
310 -10.82857142857143 1055.8563265306123 35
311 -4.814814814814815 212.89163237311388 27
312 -2.6842105263157894 167.6897506925206 38
313 -8.657142857142857 688.6253061224486 35
314 -8.838709677419354 685.5546305931321 31
315 -15.19047619047619 1796.1541950113374 21
316 -6.421052631578948 388.03324099723017 19
317 -9.03448275862069 1205.757431629013 29
318 -5.62962962962963 126.3813443072702 27
319 -6.423076923076923 397.24408284023684 26
320 -0.7916666666666666 257.91493055555543 24
321 -1.935483870967742 210.83454734651406 31
322 -3.4827586206896552 431.3531510107015 29
323 -8.068965517241379 785.7883472057077 29
324 -8.5 544.6071428571429 28
325 -13.67741935483871 1623.5733610822056 31
326 -4.9 394.35666666666646 30
327 -5.75 381.63194444444446 36
328 -12.842105263157896 1437.8171745152356 19
329 -10.238095238095237 698.1814058956916 21
330 -7.571428571428571 938.4353741496595 21
331 -2.9473684210526314 153.62880886426586 19
332 -2.466666666666667 94.91555555555556 15
333 -9.615384615384615 1502.0828402366863 13
334 -5.588235294117647 351.8892733564013 17
335 -14.090909090909092 1095.809917355372 22
336 -2.3529411764705883 155.2871972318339 17
337 -1.9 35.290000000000006 10
338 -25.416666666666668 2993.9097222222213 12
339 -14.384615384615385 2007.621301775148 13
340 -16.923076923076923 1797.6094674556216 13
341 -0.9285714285714286 13.209183673469388 14
342 -11.142857142857142 544.1224489795919 7
343 -3.375 128.984375 8
344 -3.5 35.416666666666664 12
345 -2.5384615384615383 112.40236686390531 13
346 -5.9 85.29 10
347 -2.0 28.727272727272727 11
348 -4.363636363636363 235.68595041322317 11
349 -0.3333333333333333 2.488888888888889 15
350 -8.363636363636363 523.504132231405 11
351 0.75 29.1875 4
352 4.5 39.583333333333336 6
353 -7.75 165.6875 4
354 -0.6666666666666666 1.5555555555555554 6
355 -0.125 72.609375 8
356 -1.75 12.9375 8
357 -15.0 1294.0 7
358 -15.285714285714286 857.34693877551 7
359 -2.75 191.6875 8
360 -11.285714285714286 473.6326530612246 7
361 0.25 3.1875 4
362 -29.333333333333332 1338.888888888889 3
363 5.0 36.0 2
364 1.0 0.0 1
365 -4.5 30.25 2
366 -1.3333333333333333 4.222222222222222 3
367 -1.6 15.84 5
368 0.6666666666666666 5.555555555555556 3
369 0.0 2.0 3
370 0.0 1.6 5
371 -16.333333333333332 470.22222222222223 3
372 -12.333333333333334 472.88888888888886 3
373 -7.666666666666667 104.22222222222221 3
374 -11.0 342.0 4
375 1.5 6.25 2
376 0.3333333333333333 0.888888888888889 3
377 -3.6666666666666665 14.222222222222223 3
378 -8.333333333333334 40.22222222222222 3
379 0.0 1.0 2
380 -2.0 0.0 1
382 -4.0 0.0 1
385 1.0 0.0 1
386 2.0 0.0 1
388 1.0 0.0 1
389 4.0 0.0 1
390 -14.5 342.25 2
392 -0.5 2.25 2
393 -22.0 1453.5 4
394 -21.0 686.0 3
395 -0.3333333333333333 2.8888888888888893 3
396 -2.0 0.0 1
397 -1.0 0.0 1
398 -3.0 0.0 1
400 -14.666666666666666 490.8888888888889 3
401 -14.0 169.0 2
