-3081 1
-3080 0
-3079 0
-3078 0
-3077 0
-3076 0
-3075 0
-3074 0
-3073 0
-3072 0
-3071 0
-3070 0
-3069 0
-3068 0
-3067 0
-3066 1
-3065 0
-3064 0
-3063 0
-3062 0
-3061 0
-3060 0
-3059 0
-3058 0
-3057 0
-3056 0
-3055 1
-3054 0
-3053 2
-3052 0
-3051 1
-3050 0
-3049 0
-3048 0
-3047 0
-3046 0
-3045 0
-3044 1
-3043 0
-3042 0
-3041 0
-3040 0
-3039 0
-3038 0
-3037 0
-3036 1
-3035 0
-3034 0
-3033 0
-3032 1
-3031 0
-3030 0
-3029 0
-3028 0
-3027 1
-3026 0
-3025 1
-3024 1
-3023 0
-3022 0
-3021 0
-3020 0
-3019 0
-3018 0
-3017 1
-3016 0
-3015 0
-3014 1
-3013 1
-3012 0
-3011 0
-3010 0
-3009 0
-3008 0
-3007 0
-3006 0
-3005 0
-3004 0
-3003 0
-3002 0
-3001 0
-3000 0
-2999 0
-2998 0
-2997 0
-2996 0
-2995 0
-2994 0
-2993 0
-2992 0
-2991 0
-2990 0
-2989 0
-2988 0
-2987 1
-2986 0
-2985 0
-2984 1
-2983 0
-2982 1
-2981 0
-2980 0
-2979 0
-2978 0
-2977 0
-2976 0
-2975 0
-2974 0
-2973 0
-2972 0
-2971 1
-2970 0
-2969 0
-2968 0
-2967 1
-2966 0
-2965 0
-2964 0
-2963 0
-2962 1
-2961 0
-2960 0
-2959 0
-2958 1
-2957 0
-2956 2
-2955 0
-2954 1
-2953 0
-2952 1
-2951 1
-2950 2
-2949 0
-2948 1
-2947 0
-2946 0
-2945 0
-2944 0
-2943 0
-2942 0
-2941 2
-2940 0
-2939 2
-2938 1
-2937 1
-2936 0
-2935 1
-2934 0
-2933 0
-2932 0
-2931 0
-2930 1
-2929 1
-2928 1
-2927 0
-2926 3
-2925 1
-2924 2
-2923 1
-2922 0
-2921 0
-2920 0
-2919 0
-2918 0
-2917 1
-2916 0
-2915 0
-2914 0
-2913 0
-2912 0
-2911 0
-2910 1
-2909 0
-2908 0
-2907 0
-2906 0
-2905 0
-2904 0
-2903 2
-2902 0
-2901 0
-2900 0
-2899 0
-2898 0
-2897 0
-2896 0
-2895 0
-2894 1
-2893 0
-2892 2
-2891 1
-2890 0
-2889 0
-2888 0
-2887 1
-2886 1
-2885 0
-2884 1
-2883 0
-2882 0
-2881 1
-2880 0
-2879 0
-2878 1
-2877 0
-2876 0
-2875 0
-2874 1
-2873 0
-2872 0
-2871 1
-2870 2
-2869 0
-2868 0
-2867 0
-2866 0
-2865 0
-2864 0
-2863 0
-2862 1
-2861 0
-2860 0
-2859 0
-2858 0
-2857 1
-2856 0
-2855 1
-2854 1
-2853 0
-2852 1
-2851 1
-2850 0
-2849 0
-2848 1
-2847 0
-2846 2
-2845 1
-2844 0
-2843 1
-2842 0
-2841 1
-2840 1
-2839 0
-2838 0
-2837 0
-2836 3
-2835 1
-2834 0
-2833 1
-2832 1
-2831 1
-2830 0
-2829 1
-2828 0
-2827 1
-2826 0
-2825 1
-2824 0
-2823 2
-2822 1
-2821 0
-2820 1
-2819 0
-2818 0
-2817 1
-2816 1
-2815 0
-2814 0
-2813 0
-2812 1
-2811 0
-2810 0
-2809 0
-2808 1
-2807 2
-2806 1
-2805 0
-2804 1
-2803 0
-2802 0
-2801 1
-2800 2
-2799 2
-2798 0
-2797 0
-2796 0
-2795 0
-2794 0
-2793 0
-2792 2
-2791 2
-2790 1
-2789 1
-2788 0
-2787 0
-2786 0
-2785 0
-2784 0
-2783 0
-2782 0
-2781 0
-2780 2
-2779 0
-2778 1
-2777 1
-2776 1
-2775 0
-2774 1
-2773 0
-2772 0
-2771 0
-2770 1
-2769 1
-2768 0
-2767 1
-2766 1
-2765 1
-2764 0
-2763 0
-2762 1
-2761 1
-2760 0
-2759 1
-2758 2
-2757 0
-2756 2
-2755 0
-2754 0
-2753 1
-2752 1
-2751 0
-2750 0
-2749 1
-2748 0
-2747 0
-2746 0
-2745 1
-2744 1
-2743 0
-2742 0
-2741 0
-2740 0
-2739 0
-2738 1
-2737 0
-2736 0
-2735 0
-2734 0
-2733 0
-2732 0
-2731 0
-2730 0
-2729 1
-2728 0
-2727 1
-2726 1
-2725 1
-2724 1
-2723 1
-2722 0
-2721 2
-2720 1
-2719 1
-2718 0
-2717 1
-2716 1
-2715 0
-2714 3
-2713 0
-2712 1
-2711 1
-2710 1
-2709 0
-2708 0
-2707 1
-2706 0
-2705 0
-2704 1
-2703 1
-2702 0
-2701 0
-2700 0
-2699 3
-2698 1
-2697 1
-2696 0
-2695 1
-2694 0
-2693 0
-2692 1
-2691 0
-2690 1
-2689 1
-2688 0
-2687 2
-2686 1
-2685 0
-2684 0
-2683 2
-2682 0
-2681 1
-2680 1
-2679 0
-2678 0
-2677 1
-2676 1
-2675 1
-2674 0
-2673 0
-2672 0
-2671 1
-2670 0
-2669 1
-2668 0
-2667 1
-2666 0
-2665 0
-2664 1
-2663 0
-2662 0
-2661 0
-2660 2
-2659 2
-2658 0
-2657 1
-2656 0
-2655 0
-2654 0
-2653 1
-2652 0
-2651 0
-2650 1
-2649 1
-2648 2
-2647 0
-2646 1
-2645 2
-2644 1
-2643 1
-2642 0
-2641 0
-2640 0
-2639 3
-2638 0
-2637 0
-2636 1
-2635 0
-2634 0
-2633 1
-2632 0
-2631 1
-2630 0
-2629 1
-2628 0
-2627 0
-2626 0
-2625 0
-2624 1
-2623 2
-2622 0
-2621 1
-2620 0
-2619 1
-2618 0
-2617 0
-2616 0
-2615 0
-2614 0
-2613 0
-2612 1
-2611 3
-2610 0
-2609 0
-2608 0
-2607 1
-2606 0
-2605 0
-2604 1
-2603 1
-2602 1
-2601 0
-2600 3
-2599 0
-2598 1
-2597 0
-2596 0
-2595 0
-2594 1
-2593 1
-2592 2
-2591 0
-2590 0
-2589 2
-2588 3
-2587 1
-2586 0
-2585 0
-2584 0
-2583 1
-2582 0
-2581 4
-2580 2
-2579 1
-2578 3
-2577 1
-2576 0
-2575 2
-2574 0
-2573 1
-2572 1
-2571 0
-2570 1
-2569 1
-2568 0
-2567 0
-2566 0
-2565 0
-2564 0
-2563 2
-2562 0
-2561 1
-2560 1
-2559 0
-2558 0
-2557 0
-2556 0
-2555 2
-2554 1
-2553 1
-2552 0
-2551 0
-2550 0
-2549 0
-2548 2
-2547 0
-2546 3
-2545 1
-2544 1
-2543 0
-2542 2
-2541 0
-2540 0
-2539 1
-2538 1
-2537 0
-2536 0
-2535 0
-2534 0
-2533 1
-2532 0
-2531 0
-2530 1
-2529 0
-2528 1
-2527 2
-2526 0
-2525 1
-2524 0
-2523 1
-2522 0
-2521 1
-2520 1
-2519 0
-2518 1
-2517 0
-2516 1
-2515 1
-2514 1
-2513 2
-2512 0
-2511 0
-2510 0
-2509 1
-2508 2
-2507 0
-2506 0
-2505 0
-2504 0
-2503 0
-2502 0
-2501 0
-2500 0
-2499 1
-2498 0
-2497 0
-2496 0
-2495 1
-2494 1
-2493 0
-2492 1
-2491 1
-2490 1
-2489 1
-2488 0
-2487 1
-2486 0
-2485 0
-2484 1
-2483 0
-2482 1
-2481 2
-2480 2
-2479 0
-2478 0
-2477 0
-2476 1
-2475 0
-2474 1
-2473 0
-2472 0
-2471 1
-2470 1
-2469 0
-2468 0
-2467 1
-2466 0
-2465 1
-2464 1
-2463 0
-2462 0
-2461 2
-2460 0
-2459 3
-2458 0
-2457 0
-2456 1
-2455 1
-2454 1
-2453 0
-2452 0
-2451 2
-2450 0
-2449 0
-2448 1
-2447 0
-2446 0
-2445 1
-2444 1
-2443 0
-2442 2
-2441 2
-2440 1
-2439 2
-2438 0
-2437 0
-2436 0
-2435 1
-2434 0
-2433 2
-2432 0
-2431 2
-2430 2
-2429 0
-2428 0
-2427 0
-2426 0
-2425 0
-2424 1
-2423 0
-2422 0
-2421 0
-2420 0
-2419 0
-2418 1
-2417 0
-2416 0
-2415 1
-2414 0
-2413 1
-2412 1
-2411 0
-2410 2
-2409 0
-2408 0
-2407 0
-2406 0
-2405 1
-2404 1
-2403 0
-2402 0
-2401 2
-2400 0
-2399 0
-2398 0
-2397 0
-2396 2
-2395 1
-2394 1
-2393 0
-2392 1
-2391 0
-2390 0
-2389 0
-2388 2
-2387 2
-2386 2
-2385 0
-2384 0
-2383 0
-2382 0
-2381 0
-2380 0
-2379 0
-2378 2
-2377 1
-2376 0
-2375 0
-2374 0
-2373 2
-2372 0
-2371 1
-2370 0
-2369 1
-2368 0
-2367 0
-2366 1
-2365 0
-2364 0
-2363 0
-2362 0
-2361 1
-2360 2
-2359 0
-2358 0
-2357 0
-2356 0
-2355 1
-2354 0
-2353 1
-2352 1
-2351 1
-2350 2
-2349 2
-2348 0
-2347 1
-2346 1
-2345 2
-2344 3
-2343 1
-2342 0
-2341 0
-2340 0
-2339 0
-2338 1
-2337 2
-2336 1
-2335 0
-2334 1
-2333 1
-2332 0
-2331 1
-2330 0
-2329 0
-2328 0
-2327 1
-2326 1
-2325 0
-2324 0
-2323 0
-2322 1
-2321 0
-2320 0
-2319 0
-2318 1
-2317 1
-2316 1
-2315 0
-2314 1
-2313 0
-2312 1
-2311 2
-2310 1
-2309 1
-2308 1
-2307 0
-2306 0
-2305 0
-2304 1
-2303 1
-2302 1
-2301 1
-2300 0
-2299 0
-2298 1
-2297 0
-2296 0
-2295 1
-2294 1
-2293 0
-2292 1
-2291 0
-2290 1
-2289 2
-2288 0
-2287 0
-2286 0
-2285 0
-2284 0
-2283 1
-2282 2
-2281 1
-2280 1
-2279 0
-2278 1
-2277 1
-2276 1
-2275 0
-2274 0
-2273 0
-2272 0
-2271 1
-2270 0
-2269 1
-2268 0
-2267 2
-2266 0
-2265 1
-2264 0
-2263 0
-2262 0
-2261 0
-2260 0
-2259 1
-2258 2
-2257 2
-2256 0
-2255 0
-2254 2
-2253 1
-2252 1
-2251 0
-2250 0
-2249 1
-2248 0
-2247 0
-2246 0
-2245 2
-2244 2
-2243 2
-2242 1
-2241 1
-2240 2
-2239 1
-2238 2
-2237 0
-2236 1
-2235 0
-2234 1
-2233 0
-2232 3
-2231 1
-2230 1
-2229 1
-2228 0
-2227 0
-2226 0
-2225 4
-2224 1
-2223 1
-2222 1
-2221 0
-2220 0
-2219 1
-2218 0
-2217 1
-2216 1
-2215 0
-2214 1
-2213 0
-2212 1
-2211 0
-2210 2
-2209 2
-2208 0
-2207 3
-2206 1
-2205 0
-2204 1
-2203 1
-2202 2
-2201 0
-2200 1
-2199 0
-2198 1
-2197 1
-2196 0
-2195 2
-2194 0
-2193 1
-2192 1
-2191 1
-2190 1
-2189 1
-2188 1
-2187 0
-2186 0
-2185 1
-2184 2
-2183 1
-2182 2
-2181 2
-2180 0
-2179 0
-2178 1
-2177 1
-2176 1
-2175 0
-2174 0
-2173 0
-2172 0
-2171 0
-2170 0
-2169 0
-2168 0
-2167 0
-2166 1
-2165 1
-2164 0
-2163 1
-2162 2
-2161 0
-2160 1
-2159 0
-2158 2
-2157 0
-2156 0
-2155 2
-2154 1
-2153 0
-2152 1
-2151 1
-2150 0
-2149 0
-2148 0
-2147 0
-2146 0
-2145 2
-2144 1
-2143 0
-2142 2
-2141 1
-2140 0
-2139 0
-2138 3
-2137 0
-2136 0
-2135 2
-2134 2
-2133 0
-2132 0
-2131 1
-2130 0
-2129 0
-2128 0
-2127 0
-2126 1
-2125 0
-2124 0
-2123 1
-2122 1
-2121 0
-2120 1
-2119 0
-2118 0
-2117 1
-2116 0
-2115 1
-2114 1
-2113 0
-2112 1
-2111 2
-2110 2
-2109 1
-2108 1
-2107 1
-2106 2
-2105 0
-2104 1
-2103 0
-2102 2
-2101 0
-2100 0
-2099 0
-2098 1
-2097 2
-2096 0
-2095 0
-2094 0
-2093 0
-2092 1
-2091 0
-2090 0
-2089 1
-2088 1
-2087 0
-2086 1
-2085 0
-2084 1
-2083 1
-2082 1
-2081 0
-2080 0
-2079 0
-2078 0
-2077 0
-2076 0
-2075 1
-2074 0
-2073 2
-2072 0
-2071 1
-2070 1
-2069 1
-2068 0
-2067 1
-2066 2
-2065 0
-2064 0
-2063 1
-2062 0
-2061 1
-2060 0
-2059 0
-2058 3
-2057 1
-2056 2
-2055 1
-2054 1
-2053 1
-2052 0
-2051 1
-2050 3
-2049 0
-2048 0
-2047 1
-2046 1
-2045 1
-2044 0
-2043 1
-2042 1
-2041 0
-2040 0
-2039 1
-2038 1
-2037 1
-2036 1
-2035 2
-2034 1
-2033 0
-2032 1
-2031 0
-2030 0
-2029 0
-2028 0
-2027 1
-2026 2
-2025 0
-2024 1
-2023 0
-2022 1
-2021 1
-2020 2
-2019 3
-2018 2
-2017 1
-2016 3
-2015 2
-2014 1
-2013 1
-2012 0
-2011 2
-2010 0
-2009 1
-2008 1
-2007 3
-2006 1
-2005 0
-2004 2
-2003 0
-2002 1
-2001 1
-2000 0
-1999 0
-1998 1
-1997 2
-1996 0
-1995 0
-1994 0
-1993 0
-1992 0
-1991 1
-1990 0
-1989 0
-1988 1
-1987 1
-1986 1
-1985 2
-1984 1
-1983 2
-1982 2
-1981 2
-1980 0
-1979 1
-1978 1
-1977 1
-1976 1
-1975 2
-1974 1
-1973 0
-1972 1
-1971 2
-1970 1
-1969 2
-1968 0
-1967 1
-1966 0
-1965 1
-1964 0
-1963 0
-1962 2
-1961 1
-1960 2
-1959 2
-1958 1
-1957 2
-1956 1
-1955 1
-1954 1
-1953 0
-1952 1
-1951 0
-1950 0
-1949 0
-1948 1
-1947 1
-1946 1
-1945 0
-1944 0
-1943 1
-1942 1
-1941 1
-1940 2
-1939 1
-1938 1
-1937 0
-1936 0
-1935 1
-1934 0
-1933 1
-1932 0
-1931 2
-1930 1
-1929 0
-1928 3
-1927 1
-1926 3
-1925 1
-1924 1
-1923 2
-1922 1
-1921 2
-1920 2
-1919 1
-1918 1
-1917 1
-1916 1
-1915 1
-1914 2
-1913 1
-1912 1
-1911 2
-1910 0
-1909 1
-1908 1
-1907 0
-1906 1
-1905 0
-1904 1
-1903 2
-1902 2
-1901 1
-1900 1
-1899 1
-1898 2
-1897 0
-1896 1
-1895 0
-1894 0
-1893 0
-1892 1
-1891 1
-1890 0
-1889 0
-1888 1
-1887 1
-1886 1
-1885 1
-1884 0
-1883 2
-1882 0
-1881 1
-1880 5
-1879 0
-1878 3
-1877 0
-1876 4
-1875 0
-1874 0
-1873 2
-1872 1
-1871 0
-1870 0
-1869 2
-1868 0
-1867 1
-1866 1
-1865 0
-1864 1
-1863 1
-1862 0
-1861 0
-1860 1
-1859 1
-1858 2
-1857 1
-1856 0
-1855 1
-1854 0
-1853 1
-1852 0
-1851 0
-1850 1
-1849 1
-1848 1
-1847 1
-1846 2
-1845 2
-1844 0
-1843 0
-1842 1
-1841 1
-1840 0
-1839 1
-1838 0
-1837 1
-1836 0
-1835 2
-1834 0
-1833 1
-1832 2
-1831 0
-1830 3
-1829 2
-1828 0
-1827 1
-1826 0
-1825 0
-1824 1
-1823 0
-1822 3
-1821 1
-1820 1
-1819 0
-1818 0
-1817 2
-1816 0
-1815 3
-1814 1
-1813 1
-1812 0
-1811 0
-1810 4
-1809 0
-1808 3
-1807 1
-1806 2
-1805 0
-1804 1
-1803 2
-1802 1
-1801 2
-1800 1
-1799 0
-1798 1
-1797 1
-1796 1
-1795 1
-1794 5
-1793 1
-1792 0
-1791 2
-1790 1
-1789 3
-1788 0
-1787 2
-1786 1
-1785 2
-1784 1
-1783 0
-1782 3
-1781 2
-1780 0
-1779 1
-1778 0
-1777 3
-1776 0
-1775 1
-1774 1
-1773 0
-1772 1
-1771 0
-1770 3
-1769 1
-1768 0
-1767 2
-1766 1
-1765 2
-1764 1
-1763 0
-1762 1
-1761 3
-1760 1
-1759 3
-1758 0
-1757 0
-1756 0
-1755 2
-1754 1
-1753 0
-1752 4
-1751 4
-1750 2
-1749 0
-1748 2
-1747 2
-1746 1
-1745 2
-1744 1
-1743 0
-1742 0
-1741 2
-1740 0
-1739 2
-1738 1
-1737 3
-1736 2
-1735 1
-1734 2
-1733 1
-1732 2
-1731 0
-1730 1
-1729 1
-1728 1
-1727 3
-1726 2
-1725 2
-1724 2
-1723 0
-1722 3
-1721 0
-1720 2
-1719 3
-1718 2
-1717 0
-1716 1
-1715 3
-1714 2
-1713 1
-1712 2
-1711 3
-1710 3
-1709 0
-1708 1
-1707 4
-1706 2
-1705 1
-1704 1
-1703 0
-1702 0
-1701 2
-1700 2
-1699 1
-1698 1
-1697 1
-1696 1
-1695 1
-1694 2
-1693 2
-1692 4
-1691 2
-1690 2
-1689 3
-1688 1
-1687 2
-1686 1
-1685 1
-1684 2
-1683 4
-1682 2
-1681 1
-1680 1
-1679 1
-1678 1
-1677 2
-1676 0
-1675 2
-1674 1
-1673 1
-1672 1
-1671 2
-1670 3
-1669 2
-1668 3
-1667 2
-1666 2
-1665 3
-1664 2
-1663 0
-1662 1
-1661 4
-1660 0
-1659 1
-1658 3
-1657 0
-1656 2
-1655 1
-1654 1
-1653 3
-1652 0
-1651 4
-1650 3
-1649 2
-1648 2
-1647 5
-1646 0
-1645 3
-1644 0
-1643 2
-1642 2
-1641 1
-1640 0
-1639 0
-1638 2
-1637 1
-1636 1
-1635 1
-1634 2
-1633 2
-1632 4
-1631 3
-1630 0
-1629 1
-1628 1
-1627 1
-1626 3
-1625 0
-1624 2
-1623 3
-1622 2
-1621 0
-1620 4
-1619 1
-1618 2
-1617 2
-1616 2
-1615 3
-1614 2
-1613 1
-1612 2
-1611 1
-1610 0
-1609 2
-1608 3
-1607 0
-1606 1
-1605 2
-1604 2
-1603 1
-1602 0
-1601 3
-1600 4
-1599 5
-1598 4
-1597 1
-1596 2
-1595 2
-1594 1
-1593 1
-1592 4
-1591 1
-1590 2
-1589 2
-1588 1
-1587 2
-1586 0
-1585 2
-1584 5
-1583 2
-1582 1
-1581 2
-1580 1
-1579 3
-1578 2
-1577 0
-1576 1
-1575 1
-1574 4
-1573 1
-1572 2
-1571 2
-1570 2
-1569 4
-1568 0
-1567 4
-1566 2
-1565 2
-1564 0
-1563 1
-1562 1
-1561 0
-1560 0
-1559 4
-1558 2
-1557 2
-1556 2
-1555 0
-1554 0
-1553 2
-1552 1
-1551 3
-1550 1
-1549 2
-1548 2
-1547 2
-1546 0
-1545 5
-1544 1
-1543 1
-1542 3
-1541 2
-1540 1
-1539 3
-1538 1
-1537 4
-1536 3
-1535 2
-1534 3
-1533 2
-1532 3
-1531 3
-1530 1
-1529 4
-1528 2
-1527 0
-1526 6
-1525 4
-1524 2
-1523 0
-1522 4
-1521 4
-1520 4
-1519 1
-1518 0
-1517 1
-1516 1
-1515 3
-1514 4
-1513 0
-1512 1
-1511 3
-1510 5
-1509 0
-1508 1
-1507 2
-1506 2
-1505 1
-1504 0
-1503 1
-1502 2
-1501 2
-1500 2
-1499 0
-1498 1
-1497 1
-1496 3
-1495 7
-1494 2
-1493 1
-1492 0
-1491 3
-1490 3
-1489 1
-1488 3
-1487 3
-1486 1
-1485 8
-1484 2
-1483 1
-1482 1
-1481 2
-1480 1
-1479 1
-1478 4
-1477 2
-1476 1
-1475 0
-1474 4
-1473 2
-1472 3
-1471 2
-1470 0
-1469 5
-1468 0
-1467 1
-1466 4
-1465 1
-1464 1
-1463 2
-1462 2
-1461 4
-1460 0
-1459 3
-1458 0
-1457 8
-1456 5
-1455 2
-1454 0
-1453 4
-1452 2
-1451 2
-1450 4
-1449 4
-1448 2
-1447 4
-1446 2
-1445 2
-1444 1
-1443 3
-1442 1
-1441 2
-1440 4
-1439 4
-1438 3
-1437 1
-1436 4
-1435 3
-1434 0
-1433 2
-1432 3
-1431 1
-1430 2
-1429 3
-1428 3
-1427 3
-1426 1
-1425 4
-1424 3
-1423 3
-1422 3
-1421 2
-1420 4
-1419 4
-1418 3
-1417 3
-1416 2
-1415 3
-1414 6
-1413 4
-1412 2
-1411 5
-1410 3
-1409 7
-1408 2
-1407 2
-1406 3
-1405 3
-1404 4
-1403 4
-1402 1
-1401 2
-1400 3
-1399 3
-1398 5
-1397 4
-1396 1
-1395 6
-1394 3
-1393 6
-1392 2
-1391 4
-1390 4
-1389 2
-1388 3
-1387 2
-1386 3
-1385 1
-1384 1
-1383 2
-1382 3
-1381 3
-1380 1
-1379 2
-1378 5
-1377 4
-1376 6
-1375 2
-1374 1
-1373 1
-1372 1
-1371 3
-1370 3
-1369 3
-1368 2
-1367 2
-1366 5
-1365 2
-1364 2
-1363 3
-1362 1
-1361 4
-1360 1
-1359 2
-1358 3
-1357 2
-1356 3
-1355 4
-1354 1
-1353 3
-1352 4
-1351 3
-1350 4
-1349 3
-1348 3
-1347 3
-1346 2
-1345 2
-1344 3
-1343 3
-1342 2
-1341 0
-1340 0
-1339 3
-1338 6
-1337 1
-1336 6
-1335 3
-1334 2
-1333 7
-1332 4
-1331 3
-1330 4
-1329 4
-1328 2
-1327 0
-1326 6
-1325 3
-1324 4
-1323 3
-1322 6
-1321 6
-1320 7
-1319 0
-1318 2
-1317 3
-1316 7
-1315 3
-1314 2
-1313 5
-1312 3
-1311 5
-1310 2
-1309 8
-1308 1
-1307 4
-1306 3
-1305 7
-1304 2
-1303 8
-1302 2
-1301 4
-1300 6
-1299 3
-1298 3
-1297 2
-1296 5
-1295 3
-1294 5
-1293 2
-1292 6
-1291 3
-1290 5
-1289 5
-1288 3
-1287 3
-1286 2
-1285 3
-1284 0
-1283 2
-1282 1
-1281 2
-1280 0
-1279 4
-1278 3
-1277 6
-1276 5
-1275 4
-1274 1
-1273 6
-1272 4
-1271 2
-1270 8
-1269 7
-1268 2
-1267 8
-1266 6
-1265 2
-1264 3
-1263 1
-1262 3
-1261 7
-1260 3
-1259 7
-1258 7
-1257 7
-1256 1
-1255 4
-1254 3
-1253 1
-1252 0
-1251 6
-1250 4
-1249 6
-1248 2
-1247 1
-1246 5
-1245 3
-1244 5
-1243 8
-1242 6
-1241 7
-1240 3
-1239 5
-1238 5
-1237 3
-1236 5
-1235 7
-1234 6
-1233 4
-1232 2
-1231 7
-1230 5
-1229 6
-1228 2
-1227 2
-1226 6
-1225 10
-1224 8
-1223 6
-1222 4
-1221 3
-1220 5
-1219 7
-1218 1
-1217 4
-1216 3
-1215 7
-1214 7
-1213 7
-1212 3
-1211 7
-1210 5
-1209 6
-1208 3
-1207 4
-1206 3
-1205 7
-1204 3
-1203 6
-1202 8
-1201 10
-1200 3
-1199 3
-1198 7
-1197 3
-1196 7
-1195 4
-1194 5
-1193 5
-1192 6
-1191 4
-1190 6
-1189 3
-1188 2
-1187 3
-1186 2
-1185 7
-1184 6
-1183 4
-1182 4
-1181 8
-1180 6
-1179 6
-1178 7
-1177 6
-1176 3
-1175 6
-1174 1
-1173 3
-1172 5
-1171 4
-1170 4
-1169 7
-1168 6
-1167 4
-1166 4
-1165 8
-1164 2
-1163 3
-1162 3
-1161 6
-1160 3
-1159 6
-1158 3
-1157 3
-1156 5
-1155 3
-1154 7
-1153 3
-1152 4
-1151 4
-1150 6
-1149 6
-1148 5
-1147 5
-1146 4
-1145 10
-1144 7
-1143 3
-1142 9
-1141 9
-1140 3
-1139 4
-1138 8
-1137 7
-1136 7
-1135 7
-1134 10
-1133 3
-1132 8
-1131 13
-1130 9
-1129 8
-1128 4
-1127 5
-1126 12
-1125 10
-1124 6
-1123 9
-1122 4
-1121 3
-1120 4
-1119 6
-1118 1
-1117 3
-1116 10
-1115 3
-1114 9
-1113 5
-1112 6
-1111 10
-1110 4
-1109 5
-1108 9
-1107 11
-1106 3
-1105 6
-1104 8
-1103 8
-1102 6
-1101 8
-1100 4
-1099 6
-1098 5
-1097 9
-1096 11
-1095 4
-1094 11
-1093 6
-1092 4
-1091 5
-1090 9
-1089 6
-1088 8
-1087 6
-1086 6
-1085 7
-1084 7
-1083 8
-1082 10
-1081 7
-1080 1
-1079 9
-1078 4
-1077 9
-1076 8
-1075 12
-1074 4
-1073 8
-1072 8
-1071 5
-1070 12
-1069 4
-1068 7
-1067 7
-1066 8
-1065 6
-1064 5
-1063 9
-1062 8
-1061 9
-1060 5
-1059 11
-1058 6
-1057 14
-1056 7
-1055 3
-1054 5
-1053 3
-1052 8
-1051 3
-1050 8
-1049 9
-1048 9
-1047 7
-1046 8
-1045 8
-1044 5
-1043 6
-1042 14
-1041 8
-1040 6
-1039 11
-1038 14
-1037 7
-1036 8
-1035 8
-1034 3
-1033 10
-1032 5
-1031 7
-1030 11
-1029 6
-1028 7
-1027 7
-1026 5
-1025 6
-1024 12
-1023 10
-1022 9
-1021 12
-1020 9
-1019 10
-1018 11
-1017 7
-1016 8
-1015 5
-1014 15
-1013 16
-1012 10
-1011 6
-1010 6
-1009 11
-1008 3
-1007 13
-1006 9
-1005 5
-1004 7
-1003 10
-1002 6
-1001 13
-1000 9
-999 9
-998 15
-997 6
-996 4
-995 9
-994 10
-993 13
-992 12
-991 10
-990 9
-989 13
-988 6
-987 8
-986 12
-985 10
-984 4
-983 11
-982 11
-981 17
-980 14
-979 8
-978 10
-977 9
-976 9
-975 13
-974 12
-973 9
-972 10
-971 11
-970 6
-969 7
-968 11
-967 10
-966 7
-965 10
-964 8
-963 16
-962 16
-961 13
-960 16
-959 8
-958 17
-957 13
-956 16
-955 16
-954 4
-953 11
-952 17
-951 13
-950 8
-949 8
-948 7
-947 8
-946 8
-945 9
-944 15
-943 8
-942 8
-941 10
-940 10
-939 11
-938 15
-937 19
-936 5
-935 12
-934 15
-933 12
-932 14
-931 17
-930 15
-929 6
-928 8
-927 11
-926 10
-925 14
-924 11
-923 14
-922 12
-921 10
-920 13
-919 10
-918 10
-917 11
-916 8
-915 15
-914 7
-913 8
-912 10
-911 20
-910 14
-909 17
-908 9
-907 13
-906 16
-905 14
-904 11
-903 15
-902 14
-901 12
-900 13
-899 10
-898 15
-897 10
-896 20
-895 13
-894 15
-893 12
-892 14
-891 11
-890 18
-889 15
-888 9
-887 14
-886 11
-885 15
-884 11
-883 8
-882 9
-881 13
-880 14
-879 14
-878 19
-877 10
-876 15
-875 18
-874 13
-873 22
-872 11
-871 19
-870 18
-869 18
-868 11
-867 14
-866 12
-865 14
-864 13
-863 16
-862 16
-861 18
-860 12
-859 17
-858 11
-857 9
-856 17
-855 19
-854 20
-853 13
-852 18
-851 17
-850 14
-849 17
-848 10
-847 16
-846 19
-845 11
-844 12
-843 9
-842 17
-841 11
-840 10
-839 12
-838 17
-837 7
-836 19
-835 21
-834 13
-833 16
-832 13
-831 22
-830 15
-829 13
-828 13
-827 22
-826 20
-825 16
-824 17
-823 19
-822 22
-821 20
-820 24
-819 11
-818 17
-817 13
-816 21
-815 15
-814 24
-813 20
-812 15
-811 21
-810 17
-809 21
-808 17
-807 11
-806 18
-805 10
-804 27
-803 17
-802 21
-801 22
-800 18
-799 19
-798 28
-797 23
-796 20
-795 14
-794 20
-793 22
-792 21
-791 29
-790 13
-789 21
-788 25
-787 20
-786 18
-785 22
-784 13
-783 11
-782 26
-781 23
-780 31
-779 19
-778 22
-777 25
-776 26
-775 14
-774 29
-773 20
-772 20
-771 28
-770 21
-769 15
-768 19
-767 14
-766 23
-765 19
-764 30
-763 29
-762 27
-761 27
-760 19
-759 28
-758 28
-757 23
-756 21
-755 20
-754 22
-753 18
-752 33
-751 28
-750 20
-749 31
-748 24
-747 19
-746 24
-745 19
-744 21
-743 30
-742 25
-741 16
-740 20
-739 21
-738 15
-737 22
-736 23
-735 29
-734 26
-733 30
-732 22
-731 29
-730 30
-729 28
-728 25
-727 29
-726 19
-725 24
-724 19
-723 25
-722 22
-721 25
-720 36
-719 19
-718 28
-717 23
-716 27
-715 29
-714 21
-713 25
-712 16
-711 24
-710 35
-709 16
-708 34
-707 33
-706 29
-705 23
-704 24
-703 40
-702 33
-701 40
-700 23
-699 29
-698 29
-697 33
-696 34
-695 27
-694 30
-693 29
-692 31
-691 35
-690 37
-689 29
-688 23
-687 26
-686 33
-685 30
-684 35
-683 29
-682 36
-681 34
-680 24
-679 29
-678 35
-677 29
-676 32
-675 35
-674 37
-673 32
-672 33
-671 27
-670 30
-669 36
-668 40
-667 35
-666 34
-665 47
-664 33
-663 31
-662 30
-661 41
-660 29
-659 31
-658 29
-657 31
-656 34
-655 28
-654 48
-653 33
-652 46
-651 26
-650 37
-649 31
-648 30
-647 45
-646 48
-645 39
-644 26
-643 41
-642 32
-641 40
-640 39
-639 32
-638 44
-637 40
-636 35
-635 39
-634 31
-633 36
-632 39
-631 47
-630 39
-629 42
-628 31
-627 35
-626 46
-625 38
-624 34
-623 36
-622 43
-621 41
-620 45
-619 42
-618 53
-617 34
-616 52
-615 48
-614 35
-613 40
-612 36
-611 37
-610 44
-609 43
-608 55
-607 41
-606 49
-605 48
-604 42
-603 54
-602 50
-601 54
-600 38
-599 45
-598 40
-597 50
-596 46
-595 47
-594 60
-593 57
-592 57
-591 52
-590 48
-589 58
-588 53
-587 47
-586 43
-585 43
-584 47
-583 41
-582 42
-581 62
-580 49
-579 51
-578 55
-577 68
-576 49
-575 57
-574 53
-573 52
-572 40
-571 55
-570 51
-569 44
-568 57
-567 52
-566 50
-565 50
-564 69
-563 63
-562 56
-561 51
-560 68
-559 57
-558 78
-557 57
-556 69
-555 57
-554 49
-553 67
-552 50
-551 61
-550 63
-549 58
-548 72
-547 58
-546 49
-545 56
-544 54
-543 60
-542 67
-541 70
-540 56
-539 53
-538 56
-537 48
-536 58
-535 63
-534 60
-533 66
-532 58
-531 47
-530 80
-529 62
-528 66
-527 73
-526 71
-525 56
-524 74
-523 71
-522 58
-521 75
-520 66
-519 72
-518 62
-517 71
-516 63
-515 82
-514 70
-513 68
-512 70
-511 73
-510 81
-509 69
-508 76
-507 59
-506 73
-505 78
-504 69
-503 64
-502 94
-501 74
-500 68
-499 73
-498 67
-497 79
-496 75
-495 72
-494 78
-493 88
-492 81
-491 76
-490 75
-489 88
-488 95
-487 87
-486 85
-485 91
-484 92
-483 79
-482 87
-481 73
-480 80
-479 81
-478 82
-477 83
-476 76
-475 89
-474 85
-473 86
-472 87
-471 71
-470 106
-469 85
-468 91
-467 78
-466 65
-465 84
-464 72
-463 83
-462 107
-461 85
-460 79
-459 89
-458 88
-457 86
-456 77
-455 83
-454 98
-453 102
-452 88
-451 84
-450 91
-449 84
-448 104
-447 94
-446 118
-445 94
-444 124
-443 104
-442 99
-441 95
-440 95
-439 101
-438 110
-437 113
-436 116
-435 124
-434 123
-433 129
-432 112
-431 94
-430 108
-429 95
-428 128
-427 108
-426 119
-425 127
-424 102
-423 117
-422 133
-421 120
-420 106
-419 107
-418 109
-417 120
-416 122
-415 145
-414 129
-413 118
-412 130
-411 126
-410 143
-409 139
-408 123
-407 137
-406 120
-405 138
-404 138
-403 140
-402 173
-401 154
-400 133
-399 143
-398 147
-397 163
-396 125
-395 154
-394 142
-393 148
-392 147
-391 130
-390 132
-389 141
-388 151
-387 155
-386 163
-385 158
-384 150
-383 144
-382 144
-381 146
-380 144
-379 139
-378 136
-377 170
-376 163
-375 139
-374 171
-373 169
-372 153
-371 155
-370 173
-369 156
-368 170
-367 157
-366 170
-365 165
-364 168
-363 187
-362 179
-361 176
-360 159
-359 200
-358 183
-357 194
-356 171
-355 170
-354 184
-353 181
-352 170
-351 200
-350 187
-349 195
-348 205
-347 195
-346 205
-345 194
-344 182
-343 196
-342 187
-341 214
-340 204
-339 225
-338 213
-337 182
-336 203
-335 217
-334 250
-333 204
-332 228
-331 225
-330 239
-329 196
-328 209
-327 223
-326 232
-325 231
-324 238
-323 241
-322 203
-321 223
-320 219
-319 227
-318 207
-317 214
-316 239
-315 230
-314 237
-313 240
-312 228
-311 251
-310 268
-309 258
-308 252
-307 269
-306 282
-305 264
-304 261
-303 252
-302 281
-301 235
-300 259
-299 291
-298 297
-297 280
-296 290
-295 290
-294 270
-293 320
-292 272
-291 294
-290 314
-289 298
-288 304
-287 355
-286 299
-285 316
-284 315
-283 351
-282 318
-281 332
-280 328
-279 297
-278 293
-277 360
-276 345
-275 349
-274 352
-273 320
-272 329
-271 345
-270 366
-269 381
-268 356
-267 343
-266 345
-265 375
-264 396
-263 385
-262 376
-261 383
-260 364
-259 388
-258 365
-257 395
-256 413
-255 419
-254 422
-253 375
-252 422
-251 446
-250 451
-249 477
-248 423
-247 437
-246 417
-245 395
-244 457
-243 492
-242 406
-241 439
-240 465
-239 487
-238 450
-237 498
-236 476
-235 506
-234 501
-233 484
-232 492
-231 551
-230 536
-229 504
-228 509
-227 571
-226 587
-225 571
-224 554
-223 565
-222 567
-221 597
-220 580
-219 588
-218 611
-217 615
-216 603
-215 598
-214 620
-213 606
-212 656
-211 675
-210 650
-209 690
-208 635
-207 693
-206 643
-205 699
-204 696
-203 663
-202 662
-201 765
-200 713
-199 677
-198 684
-197 732
-196 763
-195 761
-194 724
-193 797
-192 804
-191 779
-190 795
-189 822
-188 873
-187 832
-186 811
-185 880
-184 832
-183 829
-182 887
-181 932
-180 923
-179 926
-178 904
-177 922
-176 938
-175 951
-174 998
-173 959
-172 919
-171 1031
-170 1013
-169 973
-168 1064
-167 1115
-166 1035
-165 1157
-164 1110
-163 1150
-162 1143
-161 1151
-160 1235
-159 1196
-158 1271
-157 1217
-156 1258
-155 1303
-154 1268
-153 1242
-152 1295
-151 1304
-150 1343
-149 1369
-148 1393
-147 1422
-146 1502
-145 1530
-144 1534
-143 1451
-142 1545
-141 1554
-140 1604
-139 1622
-138 1686
-137 1656
-136 1685
-135 1669
-134 1751
-133 1748
-132 1799
-131 1767
-130 1810
-129 1834
-128 1966
-127 1895
-126 1926
-125 2053
-124 2169
-123 2017
-122 2072
-121 2068
-120 2188
-119 2253
-118 2297
-117 2337
-116 2488
-115 2368
-114 2521
-113 2504
-112 2609
-111 2568
-110 2627
-109 2849
-108 2835
-107 2762
-106 2893
-105 2867
-104 3051
-103 3135
-102 3123
-101 3232
-100 3276
-99 3382
-98 3468
-97 3561
-96 3593
-95 3645
-94 3742
-93 3731
-92 4007
-91 3923
-90 3995
-89 4246
-88 4147
-87 4491
-86 4562
-85 4616
-84 4783
-83 4865
-82 5057
-81 5233
-80 5218
-79 5510
-78 5557
-77 5865
-76 5831
-75 5931
-74 6288
-73 6343
-72 6565
-71 6804
-70 6973
-69 7132
-68 7418
-67 7512
-66 7884
-65 8098
-64 8394
-63 8552
-62 9016
-61 9200
-60 9526
-59 9919
-58 10202
-57 10797
-56 10959
-55 11365
-54 11981
-53 12539
-52 12896
-51 13253
-50 13792
-49 14584
-48 15151
-47 15745
-46 16507
-45 17057
-44 18029
-43 18902
-42 19824
-41 20839
-40 21840
-39 22960
-38 24027
-37 25551
-36 27124
-35 28663
-34 30638
-33 32235
-32 34175
-31 36426
-30 38565
-29 41181
-28 44417
-27 47639
-26 51138
-25 55481
-24 59631
-23 65474
-22 70742
-21 77040
-20 84208
-19 92457
-18 102810
-17 115345
-16 128828
-15 145257
-14 164329
-13 188196
-12 216880
-11 253902
-10 299586
-9 360652
-8 440590
-7 554540
-6 720283
-5 968905
-4 1386113
-3 2146926
-2 3902952
-1 11996536
0 144990722
1 768303257
2 146288166
3 10961542
4 3734947
5 2103910
6 1367423
7 959413
8 715460
9 550875
10 438588
11 358322
12 298370
13 252896
14 215542
15 187803
16 163018
17 145377
18 128081
19 114791
20 103017
21 92490
22 83907
23 76896
24 70367
25 65321
26 59513
27 54877
28 51203
29 47485
30 44096
31 41109
32 39066
33 36294
34 34028
35 32186
36 30454
37 28516
38 27055
39 25560
40 24124
41 22957
42 21819
43 20744
44 19870
45 18652
46 17992
47 17111
48 16537
49 15836
50 15262
51 14560
52 13939
53 13264
54 12817
55 12526
56 12062
57 11402
58 10875
59 10609
60 10192
61 10039
62 9672
63 9010
64 9009
65 8703
66 8315
67 8201
68 7832
69 7588
70 7315
71 7179
72 6914
73 6783
74 6524
75 6303
76 6221
77 6033
78 5799
79 5760
80 5569
81 5572
82 5151
83 5138
84 4951
85 4971
86 4691
87 4672
88 4458
89 4407
90 4353
91 4165
92 4034
93 4002
94 4095
95 3835
96 3755
97 3581
98 3608
99 3590
100 3414
101 3403
102 3323
103 3082
104 3102
105 3050
106 3020
107 3001
108 2926
109 2801
110 2790
111 2647
112 2753
113 2653
114 2648
115 2458
116 2510
117 2449
118 2496
119 2192
120 2359
121 2234
122 2252
123 2100
124 2091
125 2011
126 2002
127 1970
128 1963
129 1969
130 1923
131 1904
132 1813
133 1810
134 1720
135 1752
136 1704
137 1698
138 1595
139 1641
140 1667
141 1587
142 1590
143 1530
144 1551
145 1503
146 1502
147 1501
148 1508
149 1384
150 1418
151 1394
152 1378
153 1387
154 1323
155 1265
156 1324
157 1238
158 1213
159 1255
160 1163
161 1221
162 1169
163 1148
164 1142
165 1123
166 1135
167 1096
168 1067
169 1081
170 1011
171 1055
172 1043
173 1032
174 961
175 962
176 968
177 964
178 984
179 924
180 928
181 952
182 991
183 872
184 845
185 880
186 923
187 815
188 817
189 798
190 832
191 840
192 802
193 774
194 783
195 787
196 777
197 749
198 773
199 774
200 682
201 686
202 645
203 734
204 718
205 723
206 732
207 660
208 671
209 673
210 644
211 637
212 633
213 685
214 624
215 589
216 619
217 575
218 626
219 575
220 610
221 550
222 576
223 597
224 556
225 519
226 562
227 607
228 550
229 535
230 550
231 529
232 524
233 505
234 491
235 493
236 499
237 518
238 487
239 499
240 482
241 446
242 479
243 463
244 478
245 413
246 455
247 483
248 413
249 461
250 388
251 463
252 422
253 425
254 419
255 414
256 417
257 407
258 414
259 393
260 371
261 386
262 420
263 386
264 368
265 386
266 398
267 344
268 379
269 355
270 350
271 361
272 382
273 334
274 340
275 351
276 301
277 327
278 351
279 348
280 329
281 295
282 320
283 323
284 348
285 299
286 306
287 312
288 331
289 319
290 295
291 297
292 280
293 324
294 301
295 307
296 294
297 320
298 281
299 277
300 261
301 283
302 283
303 275
304 263
305 271
306 253
307 262
308 292
309 263
310 287
311 262
312 290
313 253
314 233
315 239
316 214
317 248
318 245
319 226
320 223
321 233
322 227
323 232
324 257
325 241
326 253
327 202
328 226
329 217
330 218
331 213
332 191
333 227
334 230
335 211
336 223
337 210
338 204
339 187
340 198
341 223
342 208
343 202
344 207
345 204
346 208
347 201
348 189
349 188
350 200
351 198
352 168
353 191
354 176
355 180
356 185
357 152
358 190
359 189
360 160
361 187
362 176
363 175
364 170
365 170
366 170
367 156
368 171
369 154
370 169
371 164
372 135
373 171
374 155
375 169
376 155
377 160
378 162
379 148
380 152
381 137
382 150
383 173
384 143
385 138
386 150
387 158
388 160
389 165
390 150
391 120
392 145
393 138
394 143
395 152
396 133
397 148
398 153
399 148
400 142
401 124
402 142
403 134
404 122
405 159
406 146
407 137
408 143
409 145
410 124
411 121
412 133
413 124
414 103
415 113
416 114
417 131
418 154
419 100
420 125
421 98
422 120
423 126
424 139
425 131
426 126
427 108
428 133
429 106
430 122
431 111
432 120
433 115
434 114
435 121
436 126
437 99
438 101
439 109
440 106
441 115
442 88
443 94
444 92
445 110
446 99
447 105
448 112
449 90
450 89
451 87
452 92
453 97
454 102
455 84
456 99
457 94
458 74
459 95
460 87
461 89
462 89
463 96
464 99
465 81
466 91
467 84
468 82
469 78
470 94
471 98
472 93
473 78
474 88
475 71
476 74
477 86
478 89
479 75
480 99
481 91
482 73
483 93
484 81
485 72
486 96
487 86
488 90
489 86
490 102
491 71
492 86
493 70
494 87
495 80
496 64
497 75
498 76
499 53
500 95
501 66
502 89
503 72
504 65
505 72
506 82
507 65
508 79
509 85
510 79
511 70
512 83
513 62
514 69
515 71
516 77
517 78
518 78
519 65
520 86
521 78
522 61
523 61
524 75
525 68
526 72
527 76
528 64
529 73
530 72
531 61
532 67
533 64
534 64
535 68
536 67
537 48
538 63
539 80
540 62
541 58
542 52
543 51
544 56
545 56
546 72
547 67
548 53
549 47
550 49
551 46
552 61
553 71
554 55
555 65
556 58
557 63
558 57
559 58
560 65
561 67
562 49
563 55
564 64
565 79
566 56
567 47
568 48
569 44
570 37
571 45
572 63
573 47
574 40
575 46
576 57
577 58
578 53
579 51
580 56
581 42
582 55
583 50
584 59
585 39
586 48
587 48
588 49
589 49
590 66
591 46
592 57
593 53
594 47
595 38
596 68
597 34
598 45
599 51
600 50
601 43
602 50
603 37
604 51
605 43
606 52
607 39
608 43
609 39
610 65
611 50
612 33
613 46
614 44
615 29
616 48
617 31
618 54
619 46
620 31
621 51
622 50
623 52
624 35
625 44
626 48
627 34
628 47
629 32
630 36
631 39
632 38
633 40
634 33
635 46
636 36
637 38
638 39
639 43
640 36
641 40
642 47
643 39
644 36
645 44
646 38
647 36
648 32
649 43
650 34
651 44
652 35
653 26
654 47
655 26
656 40
657 35
658 33
659 38
660 42
661 38
662 20
663 33
664 33
665 32
666 35
667 35
668 41
669 32
670 33
671 37
672 38
673 28
674 41
675 32
676 30
677 31
678 24
679 25
680 36
681 27
682 36
683 35
684 42
685 27
686 38
687 25
688 28
689 31
690 34
691 35
692 31
693 31
694 35
695 25
696 31
697 35
698 33
699 24
700 22
701 27
702 37
703 22
704 29
705 33
706 30
707 13
708 23
709 30
710 24
711 21
712 16
713 33
714 27
715 21
716 18
717 23
718 34
719 21
720 24
721 29
722 22
723 20
724 24
725 30
726 28
727 24
728 28
729 23
730 28
731 28
732 18
733 24
734 27
735 24
736 21
737 37
738 20
739 33
740 18
741 24
742 12
743 25
744 29
745 20
746 18
747 21
748 30
749 21
750 17
751 18
752 25
753 19
754 16
755 21
756 20
757 17
758 35
759 18
760 26
761 35
762 23
763 32
764 28
765 25
766 29
767 18
768 18
769 23
770 22
771 11
772 23
773 23
774 18
775 15
776 20
777 28
778 24
779 24
780 25
781 22
782 30
783 27
784 31
785 18
786 22
787 18
788 20
789 26
790 25
791 24
792 28
793 19
794 15
795 17
796 20
797 18
798 27
799 21
800 22
801 17
802 18
803 20
804 21
805 18
806 18
807 20
808 10
809 17
810 13
811 26
812 18
813 23
814 14
815 18
816 21
817 18
818 17
819 16
820 21
821 15
822 18
823 19
824 22
825 23
826 19
827 23
828 16
829 11
830 15
831 7
832 17
833 17
834 16
835 16
836 18
837 14
838 22
839 15
840 15
841 15
842 12
843 19
844 21
845 12
846 19
847 15
848 15
849 14
850 12
851 11
852 18
853 11
854 19
855 16
856 16
857 17
858 13
859 12
860 14
861 20
862 17
863 8
864 13
865 16
866 11
867 14
868 14
869 9
870 14
871 15
872 12
873 16
874 12
875 13
876 7
877 13
878 20
879 18
880 12
881 11
882 11
883 18
884 14
885 20
886 18
887 12
888 16
889 21
890 8
891 7
892 12
893 20
894 7
895 12
896 12
897 19
898 12
899 14
900 14
901 11
902 14
903 19
904 17
905 17
906 10
907 20
908 13
909 12
910 13
911 11
912 12
913 12
914 9
915 18
916 9
917 7
918 13
919 16
920 9
921 13
922 12
923 12
924 14
925 11
926 15
927 14
928 11
929 16
930 11
931 13
932 14
933 7
934 8
935 8
936 19
937 16
938 13
939 7
940 9
941 12
942 14
943 6
944 6
945 11
946 6
947 15
948 10
949 11
950 9
951 13
952 11
953 9
954 16
955 10
956 15
957 16
958 14
959 12
960 4
961 11
962 12
963 9
964 18
965 11
966 10
967 10
968 10
969 9
970 8
971 11
972 11
973 5
974 9
975 14
976 6
977 13
978 15
979 18
980 9
981 12
982 9
983 13
984 6
985 14
986 12
987 10
988 10
989 11
990 9
991 9
992 8
993 7
994 9
995 4
996 10
997 5
998 12
999 10
1000 14
1001 8
1002 9
1003 10
1004 8
1005 5
1006 8
1007 7
1008 9
1009 18
1010 9
1011 7
1012 6
1013 7
1014 10
1015 9
1016 11
1017 7
1018 11
1019 5
1020 12
1021 11
1022 8
1023 7
1024 13
1025 4
1026 5
1027 6
1028 11
1029 5
1030 9
1031 8
1032 10
1033 13
1034 8
1035 10
1036 7
1037 5
1038 8
1039 9
1040 9
1041 13
1042 6
1043 10
1044 8
1045 6
1046 9
1047 12
1048 7
1049 6
1050 3
1051 4
1052 6
1053 4
1054 4
1055 6
1056 5
1057 10
1058 8
1059 7
1060 13
1061 12
1062 5
1063 8
1064 4
1065 13
1066 4
1067 5
1068 5
1069 11
1070 7
1071 5
1072 2
1073 7
1074 9
1075 8
1076 9
1077 7
1078 4
1079 4
1080 9
1081 5
1082 4
1083 9
1084 5
1085 7
1086 8
1087 7
1088 5
1089 7
1090 4
1091 7
1092 7
1093 6
1094 5
1095 8
1096 12
1097 8
1098 8
1099 7
1100 6
1101 6
1102 7
1103 9
1104 6
1105 7
1106 6
1107 13
1108 4
1109 8
1110 5
1111 6
1112 5
1113 5
1114 6
1115 4
1116 9
1117 6
1118 4
1119 4
1120 13
1121 6
1122 7
1123 11
1124 6
1125 4
1126 3
1127 4
1128 13
1129 10
1130 7
1131 6
1132 7
1133 5
1134 5
1135 6
1136 5
1137 7
1138 8
1139 4
1140 14
1141 4
1142 6
1143 6
1144 4
1145 7
1146 6
1147 3
1148 6
1149 4
1150 6
1151 8
1152 5
1153 7
1154 3
1155 2
1156 5
1157 5
1158 8
1159 3
1160 3
1161 4
1162 9
1163 4
1164 3
1165 7
1166 1
1167 5
1168 5
1169 7
1170 3
1171 3
1172 3
1173 3
1174 7
1175 2
1176 2
1177 5
1178 4
1179 8
1180 7
1181 8
1182 6
1183 3
1184 5
1185 5
1186 5
1187 7
1188 4
1189 9
1190 7
1191 8
1192 3
1193 3
1194 4
1195 4
1196 4
1197 6
1198 1
1199 3
1200 8
1201 5
1202 6
1203 4
1204 3
1205 4
1206 5
1207 3
1208 3
1209 1
1210 3
1211 6
1212 2
1213 11
1214 3
1215 5
1216 5
1217 6
1218 6
1219 7
1220 4
1221 3
1222 2
1223 2
1224 7
1225 6
1226 4
1227 6
1228 5
1229 6
1230 3
1231 4
1232 6
1233 3
1234 7
1235 3
1236 3
1237 4
1238 6
1239 7
1240 4
1241 3
1242 7
1243 6
1244 3
1245 4
1246 3
1247 4
1248 5
1249 5
1250 3
1251 6
1252 6
1253 6
1254 4
1255 4
1256 3
1257 2
1258 9
1259 3
1260 4
1261 1
1262 7
1263 7
1264 5
1265 5
1266 5
1267 6
1268 2
1269 3
1270 2
1271 4
1272 4
1273 9
1274 2
1275 7
1276 5
1277 5
1278 4
1279 2
1280 5
1281 4
1282 2
1283 3
1284 4
1285 0
1286 0
1287 1
1288 4
1289 6
1290 2
1291 4
1292 3
1293 1
1294 1
1295 4
1296 3
1297 5
1298 0
1299 3
1300 1
1301 4
1302 8
1303 5
1304 5
1305 2
1306 4
1307 8
1308 4
1309 2
1310 5
1311 6
1312 3
1313 2
1314 3
1315 5
1316 5
1317 3
1318 6
1319 0
1320 2
1321 1
1322 3
1323 6
1324 3
1325 1
1326 2
1327 6
1328 1
1329 1
1330 2
1331 3
1332 7
1333 2
1334 7
1335 9
1336 1
1337 2
1338 5
1339 5
1340 5
1341 1
1342 4
1343 3
1344 0
1345 1
1346 4
1347 4
1348 2
1349 4
1350 0
1351 6
1352 2
1353 3
1354 1
1355 4
1356 1
1357 2
1358 3
1359 3
1360 0
1361 3
1362 2
1363 6
1364 3
1365 2
1366 1
1367 6
1368 3
1369 2
1370 3
1371 3
1372 5
1373 2
1374 3
1375 6
1376 2
1377 2
1378 2
1379 3
1380 2
1381 5
1382 4
1383 2
1384 2
1385 4
1386 1
1387 1
1388 2
1389 2
1390 2
1391 1
1392 0
1393 5
1394 3
1395 3
1396 5
1397 3
1398 6
1399 5
1400 4
1401 3
1402 3
1403 4
1404 1
1405 6
1406 2
1407 5
1408 3
1409 8
1410 3
1411 2
1412 1
1413 6
1414 4
1415 3
1416 4
1417 1
1418 3
1419 3
1420 1
1421 1
1422 2
1423 0
1424 2
1425 0
1426 4
1427 3
1428 3
1429 2
1430 1
1431 0
1432 5
1433 0
1434 3
1435 4
1436 2
1437 4
1438 2
1439 5
1440 2
1441 3
1442 4
1443 1
1444 1
1445 5
1446 7
1447 2
1448 2
1449 0
1450 2
1451 3
1452 5
1453 1
1454 3
1455 4
1456 2
1457 4
1458 4
1459 3
1460 1
1461 2
1462 4
1463 1
1464 0
1465 3
1466 5
1467 2
1468 4
1469 2
1470 3
1471 0
1472 4
1473 2
1474 1
1475 3
1476 1
1477 0
1478 2
1479 2
1480 1
1481 4
1482 1
1483 1
1484 3
1485 1
1486 3
1487 2
1488 1
1489 3
1490 3
1491 2
1492 3
1493 2
1494 2
1495 3
1496 2
1497 1
1498 3
1499 2
1500 0
1501 3
1502 0
1503 0
1504 2
1505 3
1506 1
1507 1
1508 1
1509 3
1510 0
1511 3
1512 2
1513 2
1514 2
1515 0
1516 1
1517 4
1518 1
1519 4
1520 2
1521 2
1522 1
1523 3
1524 2
1525 0
1526 1
1527 5
1528 6
1529 4
1530 3
1531 1
1532 6
1533 2
1534 1
1535 0
1536 0
1537 5
1538 2
1539 5
1540 4
1541 3
1542 2
1543 0
1544 2
1545 2
1546 1
1547 1
1548 0
1549 0
1550 2
1551 1
1552 2
1553 1
1554 2
1555 1
1556 0
1557 1
1558 1
1559 3
1560 3
1561 3
1562 2
1563 1
1564 1
1565 3
1566 2
1567 1
1568 4
1569 2
1570 6
1571 1
1572 2
1573 1
1574 1
1575 1
1576 2
1577 2
1578 1
1579 3
1580 1
1581 1
1582 2
1583 1
1584 0
1585 3
1586 1
1587 2
1588 0
1589 4
1590 1
1591 3
1592 0
1593 2
1594 1
1595 3
1596 3
1597 0
1598 0
1599 2
1600 4
1601 2
1602 1
1603 1
1604 2
1605 2
1606 2
1607 1
1608 2
1609 2
1610 1
1611 3
1612 1
1613 1
1614 0
1615 1
1616 3
1617 4
1618 1
1619 1
1620 1
1621 3
1622 1
1623 1
1624 0
1625 3
1626 1
1627 1
1628 1
1629 1
1630 2
1631 2
1632 0
1633 3
1634 3
1635 0
1636 3
1637 2
1638 1
1639 1
1640 0
1641 3
1642 2
1643 1
1644 3
1645 0
1646 0
1647 1
1648 1
1649 4
1650 5
1651 1
1652 3
1653 1
1654 0
1655 5
1656 2
1657 2
1658 2
1659 1
1660 2
1661 2
1662 1
1663 3
1664 0
1665 2
1666 2
1667 1
1668 2
1669 2
1670 3
1671 0
1672 3
1673 0
1674 3
1675 2
1676 1
1677 4
1678 4
1679 1
1680 2
1681 0
1682 1
1683 4
1684 1
1685 2
1686 3
1687 2
1688 1
1689 0
1690 2
1691 3
1692 1
1693 0
1694 2
1695 1
1696 1
1697 1
1698 1
1699 0
1700 4
1701 2
1702 3
1703 2
1704 0
1705 2
1706 2
1707 2
1708 1
1709 3
1710 3
1711 2
1712 0
1713 2
1714 0
1715 3
1716 1
1717 2
1718 3
1719 1
1720 0
1721 0
1722 1
1723 3
1724 1
1725 3
1726 2
1727 2
1728 2
1729 3
1730 2
1731 4
1732 1
1733 0
1734 2
1735 2
1736 1
1737 1
1738 2
1739 2
1740 2
1741 0
1742 0
1743 1
1744 2
1745 0
1746 2
1747 3
1748 0
1749 1
1750 0
1751 3
1752 5
1753 1
1754 1
1755 0
1756 0
1757 1
1758 2
1759 0
1760 2
1761 1
1762 1
1763 2
1764 1
1765 0
1766 0
1767 0
1768 0
1769 1
1770 0
1771 0
1772 2
1773 0
1774 0
1775 1
1776 1
1777 0
1778 1
1779 0
1780 0
1781 0
1782 2
1783 2
1784 1
1785 2
1786 1
1787 1
1788 2
1789 1
1790 2
1791 0
1792 2
1793 1
1794 0
1795 1
1796 0
1797 0
1798 0
1799 1
1800 4
1801 3
1802 2
1803 1
1804 0
1805 0
1806 1
1807 2
1808 1
1809 3
1810 3
1811 2
1812 1
1813 0
1814 1
1815 2
1816 1
1817 2
1818 0
1819 1
1820 2
1821 4
1822 0
1823 3
1824 1
1825 0
1826 1
1827 3
1828 4
1829 2
1830 0
1831 0
1832 2
1833 0
1834 0
1835 0
1836 0
1837 0
1838 2
1839 0
1840 2
1841 0
1842 1
1843 2
1844 1
1845 1
1846 1
1847 0
1848 0
1849 0
1850 0
1851 1
1852 0
1853 0
1854 1
1855 1
1856 1
1857 0
1858 1
1859 2
1860 2
1861 3
1862 2
1863 1
1864 3
1865 1
1866 1
1867 1
1868 0
1869 2
1870 1
1871 0
1872 3
1873 0
1874 1
1875 2
1876 1
1877 3
1878 2
1879 1
1880 1
1881 1
1882 2
1883 1
1884 1
1885 3
1886 0
1887 2
1888 1
1889 0
1890 1
1891 2
1892 4
1893 0
1894 0
1895 2
1896 0
1897 0
1898 0
1899 3
1900 0
1901 0
1902 0
1903 1
1904 1
1905 1
1906 2
1907 2
1908 3
1909 2
1910 1
1911 1
1912 3
1913 0
1914 1
1915 1
1916 2
1917 2
1918 2
1919 0
1920 0
1921 0
1922 0
1923 1
1924 2
1925 1
1926 0
1927 1
1928 0
1929 0
1930 1
1931 3
1932 1
1933 2
1934 1
1935 0
1936 2
1937 0
1938 2
1939 0
1940 0
1941 2
1942 3
1943 0
1944 0
1945 1
1946 2
1947 1
1948 1
1949 0
1950 3
1951 3
1952 1
1953 2
1954 1
1955 2
1956 0
1957 0
1958 1
1959 1
1960 1
1961 0
1962 2
1963 0
1964 1
1965 1
1966 0
1967 1
1968 3
1969 1
1970 2
1971 1
1972 0
1973 0
1974 1
1975 0
1976 0
1977 0
1978 0
1979 1
1980 0
1981 2
1982 0
1983 3
1984 1
1985 1
1986 1
1987 1
1988 1
1989 2
1990 1
1991 0
1992 0
1993 1
1994 0
1995 1
1996 0
1997 0
1998 3
1999 0
2000 0
2001 4
2002 1
2003 1
2004 0
2005 0
2006 2
2007 2
2008 0
2009 0
2010 2
2011 2
2012 1
2013 1
2014 1
2015 1
2016 2
2017 2
2018 1
2019 0
2020 1
2021 0
2022 0
2023 2
2024 1
2025 0
2026 0
2027 2
2028 2
2029 1
2030 0
2031 0
2032 1
2033 0
2034 2
2035 1
2036 0
2037 2
2038 1
2039 0
2040 1
2041 3
2042 2
2043 2
2044 0
2045 1
2046 1
2047 1
2048 1
2049 2
2050 1
2051 0
2052 0
2053 2
2054 0
2055 0
2056 2
2057 1
2058 0
2059 0
2060 0
2061 0
2062 0
2063 0
2064 3
2065 0
2066 0
2067 1
2068 1
2069 0
2070 0
2071 0
2072 2
2073 0
2074 2
2075 1
2076 0
2077 0
2078 1
2079 2
2080 2
2081 1
2082 0
2083 0
2084 2
2085 0
2086 0
2087 0
2088 1
2089 1
2090 0
2091 0
2092 2
2093 0
2094 0
2095 0
2096 0
2097 2
2098 2
2099 2
2100 0
2101 0
2102 1
2103 1
2104 1
2105 0
2106 0
2107 0
2108 0
2109 0
2110 0
2111 0
2112 0
2113 1
2114 1
2115 0
2116 0
2117 0
2118 2
2119 0
2120 0
2121 3
2122 1
2123 1
2124 2
2125 2
2126 0
2127 0
2128 0
2129 0
2130 0
2131 1
2132 1
2133 1
2134 0
2135 1
2136 2
2137 2
2138 0
2139 1
2140 1
2141 0
2142 1
2143 1
2144 0
2145 1
2146 1
2147 0
2148 0
2149 0
2150 1
2151 4
2152 0
2153 0
2154 3
2155 0
2156 1
2157 0
2158 2
2159 3
2160 0
2161 0
2162 0
2163 0
2164 1
2165 2
2166 0
2167 0
2168 1
2169 0
2170 1
2171 0
2172 0
2173 3
2174 0
2175 0
2176 0
2177 0
2178 1
2179 0
2180 1
2181 2
2182 1
2183 1
2184 2
2185 2
2186 1
2187 0
2188 1
2189 0
2190 0
2191 0
2192 0
2193 3
2194 0
2195 0
2196 0
2197 0
2198 0
2199 0
2200 1
2201 2
2202 2
2203 3
2204 0
2205 0
2206 1
2207 0
2208 0
2209 3
2210 0
2211 2
2212 1
2213 0
2214 1
2215 0
2216 0
2217 1
2218 1
2219 0
2220 0
2221 2
2222 0
2223 1
2224 0
2225 1
2226 2
2227 0
2228 0
2229 1
2230 0
2231 1
2232 1
2233 1
2234 0
2235 1
2236 0
2237 1
2238 0
2239 2
2240 0
2241 3
2242 1
2243 0
2244 0
2245 1
2246 2
2247 2
2248 0
2249 0
2250 0
2251 0
2252 0
2253 0
2254 1
2255 1
2256 1
2257 0
2258 0
2259 1
2260 0
2261 0
2262 0
2263 0
2264 0
2265 0
2266 1
2267 0
2268 2
2269 1
2270 0
2271 2
2272 2
2273 0
2274 0
2275 0
2276 0
2277 1
2278 0
2279 1
2280 2
2281 2
2282 0
2283 3
2284 1
2285 1
2286 1
2287 0
2288 1
2289 0
2290 0
2291 1
2292 0
2293 1
2294 1
2295 1
2296 2
2297 0
2298 1
2299 0
2300 0
2301 1
2302 0
2303 2
2304 1
2305 3
2306 2
2307 2
2308 1
2309 1
2310 0
2311 0
2312 0
2313 0
2314 0
2315 1
2316 1
2317 1
2318 0
2319 1
2320 0
2321 0
2322 1
2323 1
2324 1
2325 0
2326 0
2327 1
2328 1
2329 2
2330 0
2331 2
2332 2
2333 0
2334 0
2335 0
2336 1
2337 0
2338 0
2339 2
2340 1
2341 0
2342 0
2343 0
2344 0
2345 1
2346 0
2347 0
2348 0
2349 0
2350 0
2351 3
2352 1
2353 0
2354 2
2355 1
2356 0
2357 0
2358 0
2359 0
2360 1
2361 0
2362 0
2363 1
2364 1
2365 0
2366 1
2367 1
2368 0
2369 0
2370 1
2371 0
2372 0
2373 0
2374 1
2375 2
2376 0
2377 0
2378 0
2379 1
2380 1
2381 1
2382 0
2383 0
2384 0
2385 0
2386 1
2387 0
2388 0
2389 0
2390 0
2391 1
2392 0
2393 0
2394 0
2395 1
2396 1
2397 0
2398 1
2399 0
2400 0
2401 0
2402 0
2403 1
2404 0
2405 1
2406 1
2407 1
2408 0
2409 0
2410 0
2411 0
2412 0
2413 0
2414 0
2415 0
2416 0
2417 0
2418 1
2419 1
2420 3
2421 0
2422 0
2423 1
2424 0
2425 0
2426 0
2427 0
2428 2
2429 1
2430 0
2431 0
2432 0
2433 1
2434 1
2435 0
2436 0
2437 2
2438 1
2439 0
2440 0
2441 0
2442 1
2443 3
2444 2
2445 0
2446 2
2447 0
2448 1
2449 1
2450 1
2451 1
2452 1
2453 0
2454 1
2455 0
2456 1
2457 1
2458 0
2459 0
2460 0
2461 1
2462 0
2463 0
2464 0
2465 1
2466 1
2467 3
2468 1
2469 1
2470 0
2471 0
2472 0
2473 0
2474 0
2475 1
2476 1
2477 0
2478 1
2479 0
2480 2
2481 0
2482 1
2483 1
2484 0
2485 0
2486 0
2487 0
2488 1
2489 1
2490 0
2491 0
2492 0
2493 1
2494 1
2495 0
2496 0
2497 0
2498 0
2499 2
2500 0
2501 0
2502 1
2503 2
2504 1
2505 0
2506 2
2507 0
2508 0
2509 0
2510 0
2511 1
2512 0
2513 1
2514 0
2515 1
2516 0
2517 0
2518 1
2519 0
2520 0
2521 0
2522 1
2523 1
2524 0
2525 1
2526 1
2527 0
2528 0
2529 1
2530 0
2531 0
2532 0
2533 0
2534 2
2535 0
2536 1
2537 0
2538 1
2539 0
2540 0
2541 0
2542 0
2543 0
2544 1
2545 0
2546 1
2547 0
2548 0
2549 0
2550 0
2551 0
2552 4
2553 1
2554 1
2555 0
2556 0
2557 1
2558 2
2559 1
2560 0
2561 0
2562 1
2563 0
2564 3
2565 3
2566 0
2567 0
2568 0
2569 2
2570 1
2571 1
2572 1
2573 1
2574 1
2575 1
2576 2
2577 1
2578 1
2579 0
2580 2
2581 0
2582 2
2583 0
2584 0
2585 1
2586 1
2587 1
2588 3
2589 1
2590 3
2591 0
2592 2
2593 1
2594 1
2595 0
2596 1
2597 0
2598 0
2599 1
2600 1
2601 0
2602 0
2603 1
2604 2
2605 0
2606 0
2607 0
2608 0
2609 0
2610 0
2611 1
2612 0
2613 1
2614 1
2615 0
2616 0
2617 0
2618 0
2619 0
2620 1
2621 1
2622 0
2623 3
2624 0
2625 0
2626 0
2627 0
2628 2
2629 1
2630 0
2631 2
2632 0
2633 2
2634 1
2635 0
2636 0
2637 1
2638 1
2639 0
2640 0
2641 0
2642 0
2643 2
2644 1
2645 0
2646 1
2647 0
2648 1
2649 0
2650 1
2651 1
2652 1
2653 0
2654 0
2655 0
2656 0
2657 0
2658 1
2659 1
2660 1
2661 0
2662 0
2663 0
2664 0
2665 0
2666 0
2667 0
2668 1
2669 0
2670 1
2671 0
2672 0
2673 0
2674 0
2675 0
2676 0
2677 0
2678 1
2679 1
2680 1
2681 1
2682 2
2683 0
2684 1
2685 0
2686 0
2687 2
2688 0
2689 1
2690 0
2691 0
2692 0
2693 1
2694 1
2695 4
2696 0
2697 1
2698 0
2699 0
2700 0
2701 0
2702 1
2703 0
2704 0
2705 0
2706 1
2707 1
2708 1
2709 0
2710 2
2711 0
2712 0
2713 1
2714 4
2715 0
2716 0
2717 1
2718 0
2719 0
2720 1
2721 1
2722 2
2723 0
2724 0
2725 1
2726 0
2727 2
2728 0
2729 0
2730 2
2731 0
2732 0
2733 1
2734 0
2735 2
2736 0
2737 0
2738 0
2739 0
2740 1
2741 0
2742 0
2743 0
2744 0
2745 0
2746 0
2747 0
2748 2
2749 0
2750 0
2751 1
2752 1
2753 1
2754 2
2755 2
2756 0
2757 1
2758 1
2759 1
2760 0
2761 0
2762 1
2763 1
2764 1
2765 1
2766 0
2767 1
2768 0
2769 1
2770 1
2771 0
2772 1
2773 0
2774 0
2775 0
2776 2
2777 0
2778 0
2779 0
2780 0
2781 1
2782 0
2783 0
2784 1
2785 0
2786 2
2787 0
2788 1
2789 1
2790 2
2791 2
2792 0
2793 1
2794 0
2795 1
2796 0
2797 0
2798 0
2799 0
2800 0
2801 2
2802 1
2803 0
2804 0
2805 0
2806 0
2807 2
2808 1
2809 0
2810 0
2811 1
2812 1
2813 1
2814 2
2815 0
2816 0
2817 1
2818 0
2819 2
2820 0
2821 0
2822 1
2823 1
2824 0
2825 0
2826 0
2827 1
2828 0
2829 0
2830 0
2831 2
2832 1
2833 2
2834 0
2835 3
2836 1
2837 0
2838 0
2839 0
2840 0
2841 0
2842 0
2843 1
2844 0
2845 0
2846 1
2847 0
2848 1
2849 0
2850 1
2851 2
2852 0
2853 0
2854 0
2855 1
2856 0
2857 0
2858 0
2859 1
2860 1
2861 1
2862 0
2863 0
2864 2
2865 0
2866 0
2867 0
2868 0
2869 1
2870 0
2871 0
2872 1
2873 1
2874 0
2875 0
2876 1
2877 1
2878 1
2879 0
2880 0
2881 0
2882 1
2883 0
2884 2
2885 2
2886 0
2887 0
2888 2
2889 1
2890 1
2891 0
2892 0
2893 1
2894 0
2895 1
2896 0
2897 0
2898 0
2899 0
2900 0
2901 0
2902 1
2903 0
2904 0
2905 2
2906 1
2907 0
2908 0
2909 0
2910 1
2911 0
2912 0
2913 0
2914 1
2915 0
2916 2
2917 0
2918 0
2919 2
2920 0
2921 0
2922 0
2923 1
2924 1
2925 0
2926 2
2927 1
2928 1
2929 1
2930 0
2931 0
2932 0
2933 0
2934 1
2935 0
2936 0
2937 0
2938 0
2939 1
2940 0
2941 0
2942 0
2943 0
2944 0
2945 0
2946 1
2947 0
2948 0
2949 1
2950 0
2951 1
2952 0
2953 0
2954 2
2955 0
2956 0
2957 0
2958 0
2959 0
2960 1
2961 0
2962 0
2963 0
2964 0
2965 1
2966 0
2967 0
2968 0
2969 0
2970 0
2971 0
2972 1
2973 0
2974 0
2975 0
2976 0
2977 0
2978 0
2979 0
2980 0
2981 0
2982 0
2983 0
2984 0
2985 0
2986 2
2987 0
2988 0
2989 1
2990 0
2991 0
2992 1
2993 0
2994 0
2995 0
2996 0
2997 0
2998 1
2999 0
3000 0
3001 0
3002 0
3003 0
3004 0
3005 1
3006 0
3007 2
3008 0
3009 1
3010 0
3011 0
3012 1
3013 0
3014 1
3015 0
3016 0
3017 2
3018 0
3019 1
3020 0
3021 0
3022 0
3023 0
3024 1
3025 0
3026 0
3027 0
3028 1
3029 0
3030 0
3031 0
3032 1
3033 0
3034 0
3035 0
3036 1
3037 0
3038 1
3039 0
3040 0
3041 1
3042 0
3043 1
3044 0
3045 0
3046 0
3047 0
3048 0
3049 0
3050 0
3051 1
3052 0
3053 0
3054 0
3055 0
3056 1
3057 0
3058 1
