0 1.0 1.0 15354873
1 -0.052047895640460584 1.455693270507374 25873169
2 0.27919115064889205 1.9845907116474801 15348470
3 0.18848702327729674 3.017995566350895 14085914
4 0.2106254825347433 3.9187251110524635 12594948
5 0.23138685020094413 4.923616943215101 11363109
6 0.2659933080267389 5.91525668290063 10333275
7 0.2790826836048318 7.077102457305256 9522952
8 0.30010427983124643 8.221623658198805 8856938
9 0.3068546433162477 9.49390942206303 8297981
10 0.32613114305123336 10.779705087255707 7821093
11 0.33241972254035485 12.150865710828274 7404320
12 0.34822093418293387 13.521112027758955 7043781
13 0.35864454956961683 15.031348838774953 6713901
14 0.3726332423144667 16.50643284373213 6425774
15 0.37830958543235 18.073508605380326 6165387
16 0.3909556952381531 19.602575505463534 5926293
17 0.3982137782734638 21.276496106984094 5707914
18 0.40378183394924 22.894759309777807 5507328
19 0.413842228340899 24.631779873462158 5321412
20 0.4290170816191711 26.429237286654526 5149746
21 0.43206945723507856 28.182108388640646 4989545
22 0.4419809982192801 29.998723424996417 4841862
23 0.4421893889657312 31.810258976205805 4706610
24 0.4528520187223181 33.73071725007821 4580843
25 0.4544571887391671 35.646276667324564 4458640
26 0.4629966102445175 37.58574781076851 4337481
27 0.4680632725978971 39.65231154856438 4227296
28 0.4727695197485425 41.49777753420512 4123798
29 0.4692326522048281 43.58424938177116 4032083
30 0.48067729857881303 45.672279576562644 3936639
31 0.486897490379167 47.781606896887084 3845561
32 0.48849813647154927 49.95101696321446 3760608
33 0.49564167681014587 52.12194856936877 3681347
34 0.49606281276234254 54.156205743798644 3599778
35 0.5028642400964116 56.633844690314056 3525717
36 0.5027362566247319 58.69851503412387 3450517
37 0.49973833568486276 60.91261564971397 3382196
38 0.4981342226881895 62.94653898760567 3319260
39 0.5100807368171436 65.52450855716882 3255516
40 0.5062954437319168 67.77435383096945 3192547
41 0.5127840791218162 70.44096663021824 3133194
42 0.513152453059441 72.59707838776906 3078095
43 0.5052854597946652 74.65210128932685 3024524
44 0.5045380053106359 76.96044219171941 2971019
45 0.5071831903423981 79.6921971290504 2922796
46 0.5053827742859094 82.02515608860564 2869524
47 0.5057990561829808 84.64046277479649 2818131
48 0.5141318695661736 87.08545752759257 2773483
49 0.505400730220981 89.3441623036073 2726298
50 0.5139431432915214 91.97959790062491 2682322
51 0.49104171543327857 94.12710984248478 2640126
52 0.5021877738564294 97.24428820602544 2599446
53 0.5094395703069008 99.31549142515894 2560339
54 0.5042697324819532 102.40416853517895 2519830
55 0.49345820107186256 104.46335987438455 2478676
56 0.49561242822635015 107.16494257084648 2442923
57 0.4938411181455828 110.1122948113541 2404982
58 0.4877379793128239 112.43222789646623 2370164
59 0.47602520610188165 115.09344297491536 2338164
60 0.4866402834336212 118.03525668463838 2301209
61 0.4779782008659688 120.48947477490984 2267980
62 0.4885439264292136 123.41387727169037 2235670
63 0.4840863274905666 126.24795983789338 2205462
64 0.48043826597116696 128.4434845179281 2174935
65 0.4751015424194477 131.52992070020576 2145655
66 0.4774058436937463 134.46390897557805 2114861
67 0.4631667972169967 136.35316641781262 2082211
68 0.46268951577193584 139.37087624677267 2055106
69 0.4465692681795986 141.91232508471398 2027410
70 0.45723141805794 145.26755480517846 2003141
71 0.45458536819769396 148.4360036317745 1976995
72 0.4431964291662503 150.60425292039162 1951365
73 0.4346160344132975 153.45924129595696 1923675
74 0.4256089149878551 156.0874195535667 1900799
75 0.4379045088452601 158.95503581678318 1874959
76 0.4182838690333025 162.40721250864192 1854334
77 0.4173115432173066 164.76297230459474 1827740
78 0.4034508039822583 167.34443570851178 1808622
79 0.39831654000010086 170.3970146762174 1785133
80 0.42279029846425276 173.18881221695057 1761618
81 0.4023875437291684 176.10229526485415 1742544
82 0.375831848642373 178.91394667211102 1719213
83 0.3806217277563927 182.2186738388794 1699522
84 0.3721722298477293 184.40346921550397 1680034
85 0.36739500969883826 187.01575284403725 1657415
86 0.37070809713902675 190.43707612580437 1636541
87 0.35942410398500024 193.28053030373232 1618695
88 0.3385353203498306 196.42095520085127 1599517
89 0.3422348105104898 199.06019565961273 1581011
90 0.3486933268506138 202.69316371638956 1563130
91 0.37000025932264924 206.11203516415122 1542480
92 0.31486994729092144 208.21841016709482 1523267
93 0.32540255129630885 211.6531993510816 1505274
94 0.31256394639863294 213.86509982024424 1487574
95 0.3153186637566691 217.15582099166411 1471708
96 0.3143838313588017 220.84870522083165 1455113
97 0.3024992750231749 222.57205991472742 1437977
98 0.28808789983664124 225.60603505492332 1420799
99 0.29924966959882904 230.01919026844206 1407380
100 0.292545703192091 232.13764459772065 1391533
101 0.2931307859258354 235.40236295610987 1374888
102 0.2679492992232044 238.02345451031601 1360847
103 0.23675739713575827 240.90177162618443 1345487
104 0.2436841742445586 244.1435525976634 1334584
105 0.25771842634394326 246.25960620660874 1317950
106 0.23672797495229814 250.64862010268575 1301836
107 0.21975314011275127 253.25376879543776 1287613
108 0.20653092380327126 256.0440148642833 1273388
109 0.19344577118066097 258.97985466488825 1258058
110 0.18861574480538484 261.3908849418068 1243788
111 0.19707662641908677 268.0642522994264 1230633
112 0.21500144625518516 270.8738331350211 1216936
113 0.2009915195273386 271.7425544704728 1204414
114 0.17709889778552046 274.82151412107606 1193960
115 0.1726176224997314 278.1032467219335 1182023
116 0.13228614961079224 279.41525930501246 1168913
117 0.1612919955157532 285.0483275263432 1156939
118 0.12601491098130188 287.3494141116297 1144928
119 0.10529570972448354 289.90106358234834 1135032
120 0.11779415036034273 296.12612755069676 1119351
121 0.10063274079803408 296.3228555639993 1109301
122 0.11043440885281969 298.4396668536502 1098136
123 0.10039815538836037 304.48761923708526 1085757
124 0.09032097374831205 305.38734227565436 1076007
125 0.10018651118737931 308.5443671834365 1063207
126 0.08669616225418368 312.2400902887438 1054395
127 0.0633929127781852 315.4925441812979 1043145
128 0.017881178376059834 318.058148280055 1030469
129 0.026133231781527516 320.2538023037603 1018856
130 0.03084519877204323 324.1193798541554 1011762
131 0.018645622390715714 329.9052528516864 1001951
132 0.009449753162277263 331.7342385563247 991137
133 0.008765358487873739 333.8452934611445 981135
134 -0.033042944709484406 334.61975493698407 971342
135 -0.032784549907819774 342.1263581375955 961703
136 -0.007104508177333066 342.63337562958156 951227
137 -0.036348269813426884 345.32290118535053 940650
138 -0.05047638179726299 349.506761946607 930871
139 -0.06261098501059063 350.4555989533958 922985
140 -0.07319137688868113 354.78765184264506 915586
141 -0.07476343307904346 360.210175277721 905135
142 -0.07419680901561986 364.8995035377819 895335
143 -0.11727604140254794 364.82696574767436 887385
144 -0.14303216344971445 365.09693212974685 878264
145 -0.1426852914589855 368.6123778351784 869522
146 -0.13763133668337046 372.5409413341558 862478
147 -0.15659151566231214 377.9782448377581 854280
148 -0.1676729255140071 382.87521602768936 846535
149 -0.1726383664182707 385.22814028077187 836836
150 -0.18835411161537524 386.39156197122117 829151
151 -0.17607061489540565 388.3673984819503 820790
152 -0.15078040615851487 393.775530236505 811949
153 -0.24993603294986225 396.2289299989318 805102
154 -0.27079959139004034 399.03070354543274 795869
155 -0.2074166227928074 402.524239885388 790144
156 -0.24158639112491317 403.56328785804766 783136
157 -0.19431517203064638 411.5997364307032 773990
158 -0.20621015683754612 413.71048724823294 767227
159 -0.2339377546469575 419.5012491432285 760121
160 -0.34714064014491447 419.37656315379684 755204
161 -0.29348954471303573 417.98650452320925 748473
162 -0.30027887382442814 422.2858955652589 741554
163 -0.33188847410617195 426.36563149421124 734789
164 -0.3391213363233509 433.3676800369582 727309
165 -0.34456230103012525 432.85880194069483 719330
166 -0.3388487211906958 441.68340813963596 713398
167 -0.3430440382024287 441.6094990358718 705819
168 -0.3770165322788029 441.92833631443904 699964
169 -0.44389215199806137 443.856532500952 693272
170 -0.42817983812182914 445.0320380848733 687307
171 -0.39920623155200224 451.4252752430255 681307
172 -0.45269542996146106 452.64294713963585 675421
173 -0.417401848371209 455.53773183329287 667182
174 -0.424404517329724 461.5617220355779 661984
175 -0.430065325567307 464.82260163916663 655333
176 -0.43919626424012437 471.0923484269554 650363
177 -0.46082738820254043 471.26751845683464 643664
178 -0.4219721664994985 478.96496050651956 638080
179 -0.5244694577030546 477.2139298520577 631665
180 -0.5237479403762885 478.15769053914244 626328
181 -0.5418338635286837 487.68796794977163 620526
182 -0.5106274727811209 489.6966553857457 615198
183 -0.5355589499088611 490.7254101251991 609509
184 -0.5708455420678108 491.40961716066363 602028
185 -0.5271017578658339 500.26087714037294 596917
186 -0.5892790386733261 503.3597481501938 593846
187 -0.6212058212058212 500.45964350226643 586820
188 -0.6103336255349868 506.50089551212636 581790
189 -0.6373412431275298 510.026811502659 577849
190 -0.628642425448913 508.9159258269727 572661
191 -0.6487722367626688 514.8717603014712 568147
192 -0.6516266497962578 519.5141606586568 562721
193 -0.6988903019695386 521.0108325523414 555917
194 -0.7036714478700948 528.3759484073665 550001
195 -0.6934307104301718 532.8480089119831 545782
196 -0.723294442761403 532.9669602547714 541348
197 -0.6989009024443841 536.0774806047085 536986
198 -0.7264270914927708 535.0643907588676 532359
199 -0.8108131686399903 539.3517864220921 527283
200 -0.7670466396596891 547.0040319108425 522581
201 -0.774542198066887 550.8186818701171 518128
202 -0.7648928850573145 555.4782817168798 513047
203 -0.7508671884217564 554.4762732528415 508540
204 -0.8039819726177394 560.2947520639846 504122
205 -0.8243237301955267 560.4467677340965 500392
206 -0.804717508556995 564.0247861254007 497254
207 -0.8541087313590606 572.4514237855947 491928
208 -0.8103566979214478 569.1263482722444 488032
209 -0.8318710500854314 572.7027317454763 485770
210 -0.8673349265448909 569.8923186228651 479953
211 -0.8206041505369105 584.7095655064463 475312
212 -0.8306473003511825 581.6271503294325 471265
213 -0.937142146946892 576.5838276133987 466672
214 -0.8327257491858084 594.2985124266796 463036
215 -0.9121306071190298 587.1202551792403 458658
216 -0.9298609459899783 598.7449737127157 454212
217 -0.8560825456612892 604.3123178878544 450272
218 -0.9465015221502587 594.6950382612714 445751
219 -1.0035969518428172 599.4337644109371 443153
220 -1.0496063494668508 601.3742005042009 438714
221 -1.0520867219926586 612.0066515777597 433431
222 -1.0058766692961534 611.6599420268208 428474
223 -1.0264455979959195 613.6714749572113 425931
224 -1.1198333033746133 623.4277490279184 422804
225 -1.109395367014343 622.8481256687231 419643
226 -1.0117017543016207 631.0832487992961 416006
227 -1.0323479971127807 625.4020089426286 412854
228 -1.109413105941689 630.9656739846349 409631
229 -1.1089938197983302 637.4436463189852 405812
230 -1.1174845810491594 637.8191430963092 402589
231 -1.115745633430521 642.1803666144502 400257
232 -1.1615707600859997 644.6473681547996 395350
233 -1.1859907885897039 648.1169818453985 391471
234 -1.2112776110490526 647.3554959564709 388522
235 -1.2227469418324042 658.4610187650828 384544
236 -1.150102630697051 655.6937782758043 381952
237 -1.2625182099788055 651.9992584528486 380286
238 -1.1726872713778296 672.7123787308487 377260
239 -1.2844809557770782 666.8984486854312 372974
240 -1.176450298750679 673.4779114611624 368200
241 -1.2626302511791159 676.1954261270155 364680
242 -1.227667218008157 677.4038056369375 362147
243 -1.330033067604881 682.6647952480627 359264
244 -1.254447779616798 674.6513731870845 356470
245 -1.3100758121214688 685.5674417291375 354165
246 -1.3244703020891022 693.5704237012338 350294
247 -1.326542402598336 687.9923889455758 347915
248 -1.3688371029063016 696.0424782758511 345353
249 -1.3376958460784085 697.9833574614146 342616
250 -1.4104047945104623 700.689549557509 339555
251 -1.3651598408278378 699.3636560858982 336491
252 -1.4471999183859623 707.0251053181147 333276
253 -1.350013296425679 719.0272727822166 330916
254 -1.367942995133731 713.253445416072 327972
255 -1.3839401710714232 711.2040541163101 325595
256 -1.4043947547473248 714.3380868435702 323340
257 -1.3999456268690764 721.25446312783 320011
258 -1.4564282194792233 737.4883671716087 316604
259 -1.501174708243443 722.9903526685403 312418
260 -1.5281561089980387 732.8053500632848 310501
261 -1.52159195083948 740.5930684185123 308703
262 -1.6477486999810789 741.6672506149399 306534
263 -1.556199460916442 745.6442278614161 304220
264 -1.5576385484704356 741.7681209342996 301916
265 -1.5113963679813627 740.9136052173972 299613
266 -1.6355258579627796 747.6389783157276 296021
267 -1.6047124799775954 753.8703231248954 292797
268 -1.6313279391095041 761.0462514979158 289569
269 -1.687829822191899 753.163831994319 287276
270 -1.6751175979866384 760.8301857031694 285294
271 -1.6755036329357935 783.8558299969637 283242
272 -1.5726221445122037 776.2294163219469 281388
273 -1.6292952876914746 780.7106479738042 278823
274 -1.710530805446355 768.034938127752 275487
275 -1.6981452474711247 777.1204637613268 273244
276 -1.6210642770217945 782.8723088837261 271170
277 -1.7434363514310405 788.8677812846541 269629
278 -1.7553241339496246 778.2849522224346 266757
279 -1.741222779746127 795.3786465403477 264463
280 -1.6829776932256182 794.4921444011941 262297
281 -1.8071266075669683 800.8372936290115 259787
282 -1.7726244562590623 784.6487423876268 258625
283 -1.752203954279134 820.7114473346353 257038
284 -1.8010638381643083 802.6887978077532 253986
285 -1.8080239806249256 822.6787747647596 251870
286 -1.794045893575139 811.9992932692884 250449
287 -1.7741599941943442 806.3670061362556 248034
288 -1.88653579299649 824.6318137294915 245020
289 -1.953129315924654 825.4893119668867 242561
290 -1.8846788025420709 827.31080711581 241378
291 -1.9807446138707163 837.3959946461854 239829
292 -1.870040717434465 844.835994548575 237736
293 -1.8727811027362689 844.3337518398025 235759
294 -1.9487352430704723 830.3410676541852 232772
295 -1.9587394411955816 842.7428416720815 230850
296 -2.0483268458745427 857.5809682804675 229417
297 -1.953852492789452 846.8460580876487 228138
298 -1.9265199535952642 843.4546825995474 226701
299 -2.0511625841124608 842.2302560572076 225145
300 -1.9996627970757763 866.3229369925097 222418
301 -1.9574893462689273 860.6783343911507 220580
302 -2.008165631318779 862.6902902473424 219089
303 -2.0523229028453485 862.1101328689371 217056
304 -2.0466502526888686 871.1386178937041 216076
305 -2.0776702659748514 864.4164352825691 213930
306 -2.0368912797281995 868.5394488486221 211920
307 -2.1988827400965816 859.0834801741134 209978
308 -2.1547959036492137 899.7838453771816 207990
309 -2.1270048100910186 882.8392179847996 206441
310 -2.157013228274278 892.1183474652715 205091
311 -2.277050726559967 893.9056552794726 203562
312 -2.271757068437587 888.0909104465742 201176
313 -2.2065529208794734 906.7279981142674 199392
314 -2.2152986786450692 893.0992100102341 198357
315 -2.154463272812368 909.3874121818579 196571
316 -2.209408520866539 892.9932503420954 195121
317 -2.2957431729888835 910.3041750942772 193313
318 -2.3391053466067113 910.5570659943337 192365
319 -2.374198187682704 910.8486001177641 191909
320 -2.338255472757594 934.4971818201009 189484
321 -2.229801554445661 929.5101092385353 187205
322 -2.156194321087337 928.5567756694927 185775
323 -2.1341989697045363 913.233086706583 184219
324 -2.33995680582354 936.4027637695141 182432
325 -2.3237449807514925 939.4817926242592 181053
326 -2.4130489167597857 942.2312913824446 179877
327 -2.2953800749601636 944.5208104226048 178228
328 -2.3538271295388755 945.1563732306079 175484
329 -2.43267369819402 960.1825849452022 174642
330 -2.387539173686783 961.6112187688681 173905
331 -2.438331880267364 961.2412496367335 172050
332 -2.3550200473633613 974.1530809632113 170596
333 -2.408776689866698 961.1638315441784 169540
334 -2.4797530026948404 961.193629944259 168099
335 -2.4387514406683506 968.8840239583893 167457
336 -2.556469186039512 965.3074533787607 166126
337 -2.5133512931689785 970.8204279954513 164441
338 -2.534194253572328 964.3180922204004 162849
339 -2.57582792467702 973.5116629924751 162394
340 -2.471885732706781 961.0080468178493 161306
341 -2.550019721149211 990.2956106356471 159727
342 -2.6190868738110336 995.2023462270133 157700
343 -2.549097029348146 1023.8261061550473 156262
344 -2.6903169228208754 1002.0079886826995 156221
345 -2.6346431890942887 1009.3686486626045 154928
346 -2.6420188253110353 1005.4818600765024 153198
347 -2.633330707937883 996.0140261751926 152358
348 -2.7265712007486145 1007.1576439731922 151747
349 -2.7174264166054862 1004.3666288460255 149830
350 -2.768287090116946 1040.3111199535995 148274
351 -2.6160980366751 1025.5280109657049 146639
352 -2.7503104737726853 1029.0886685649593 145745
353 -2.6986085912762743 1031.2444243624147 144961
354 -2.7947117226963942 1043.2677164257098 143525
355 -2.7844381494621997 1018.2937146783715 142618
356 -2.733203152737343 1034.5834339274302 140830
357 -2.66241444569347 1060.4586351153293 140554
358 -2.8051457113083473 1052.1337597470265 139145
359 -2.8195865403520015 1041.7236781743113 137329
360 -2.828534145914737 1058.786252697265 137176
361 -2.8957014671111567 1059.4759226352194 136186
362 -2.8366081888689516 1066.001097385553 134866
363 -2.9999101984614005 1044.5012272876943 133628
364 -3.0294731763943226 1055.585408139421 132663
365 -2.98019711971879 1052.792713691563 132001
366 -2.8765231456520066 1084.033497650774 129830
367 -3.1374283984538724 1074.807541253357 128838
368 -3.0413265865618095 1075.3814484670938 127666
369 -2.9361740793122793 1086.4609641048332 126563
370 -2.891926215195098 1079.1450455598947 125988
371 -2.9507304497278715 1091.6572933575226 125676
372 -3.0958106436637594 1098.4858480715789 124506
373 -2.936889801639692 1119.203641223738 122706
374 -2.7937244403567263 1090.5402384745512 121774
375 -2.9152545172265714 1072.1112542529647 121092
376 -2.99065654250398 1101.6924577210632 119977
377 -2.915316586459724 1085.6228509998573 119067
378 -3.1207487298934966 1106.650345165156 118494
379 -3.0079912667479722 1106.3032246509683 117253
380 -3.079176373852268 1079.5876216253255 116752
381 -3.085407415057317 1110.3928018176184 116196
382 -2.9825398199445985 1121.9546658587258 115520
383 -2.982398403515068 1120.5983842592188 114251
384 -2.863265650986775 1129.1124007221822 112437
385 -3.051760056507783 1142.2330946058314 111843
386 -3.159556352431322 1107.9437061330402 110989
387 -3.2028413863628065 1116.050874694131 109524
388 -3.0792204227285205 1135.666593466923 109290
389 -3.106629941134745 1139.6740578335007 108553
390 -3.17062979916621 1152.6971894411379 107701
391 -3.207522223472488 1140.6497224410186 106644
392 -3.1667660843630165 1179.1774274487525 105615
393 -3.2835663137045783 1188.2312123866839 105016
394 -3.234792593655806 1139.707726903019 104505
395 -3.13598445670981 1180.7597943027267 103453
396 -3.378214118747078 1164.4265038179835 102672
397 -3.583005175241331 1197.0587836709842 101831
398 -3.3079485012675844 1151.3171546453248 100585
399 -3.233283907371103 1186.0148576432773 100487
400 -3.1797046936897284 1167.9638069705095 99964
401 -3.292067235020255 1174.2411975734124 99234
402 -3.460782414534925 1180.2233765968945 98081
403 -3.365867679515475 1185.764163629831 97415
404 -3.430977061737646 1182.888722367928 96084
405 -3.3911646417658114 1184.6222763595888 95231
406 -3.2986073126604114 1171.8745108764253 95068
407 -3.3722012739396265 1194.4058392450097 93882
408 -3.324177479396639 1211.299819249887 92946
409 -3.6032124956792257 1219.1863874006222 92576
410 -3.5385872051231786 1239.689341959093 91818
411 -3.3769227369165487 1215.731214639321 90496
412 -3.6190851647436397 1218.5095336983197 90049
413 -3.348824414452853 1196.800577126047 89062
414 -3.38412017167382 1224.2243279873503 88540
415 -3.5993005246065453 1234.9579860559127 88066
416 -3.5777953314787467 1217.0203432130143 87351
417 -3.5115040970325446 1260.9056988102402 86404
418 -3.5814851092609437 1237.8930595396348 85758
419 -3.489130562993194 1226.4708123473974 84779
420 -3.4424977431462915 1230.0638452035919 84188
421 -3.8040008640138243 1216.019836317381 83332
422 -3.403271107237113 1273.188966368853 82602
423 -3.9208923219376692 1277.4191500767563 82078
424 -3.6897655368617257 1232.075722273998 81548
425 -3.744984544144632 1246.5889358243328 81199
426 -3.653784199048374 1243.5019205987312 80704
427 -3.488629548180728 1261.8991903238705 80032
428 -3.5233955607446985 1259.0836833889616 78797
429 -3.6513979926259728 1265.5657517410898 78112
430 -3.7762461871114716 1283.7039654040695 77697
431 -3.469697750521786 1307.413808652632 77618
432 -3.6997805394314804 1326.8827119612504 77007
433 -3.7015935785462686 1250.9276146080215 76369
434 -3.8344844858039173 1253.0389766166663 75866
435 -3.558969170970662 1311.7953250625633 75124
436 -3.7265721663349294 1312.6196003012535 74356
437 -3.7970747312629625 1339.5053340743652 73771
438 -3.9069156936202796 1301.996363039733 73138
439 -3.7492153947803106 1294.6651938112543 72648
440 -3.845003465003465 1322.1054608454608 72150
441 -3.701024417625596 1303.2127841706426 71260
442 -3.6776743989044034 1314.60387694306 70829
443 -4.002628699717238 1347.8750301945238 70377
444 -4.002163664760922 1316.5016979753257 69789
445 -3.8494795490865115 1293.6597273211535 69459
446 -3.9621482189954498 1294.3703156247284 69006
447 -4.065704425141119 1310.4999707525371 68382
448 -4.104653913249165 1357.1665681085717 67642
449 -3.9280954778333874 1331.731157639115 67534
450 -3.979970470239072 1307.980924967562 67051
451 -3.8673687377764403 1378.530344516323 66470
452 -3.9282163964237005 1356.5934080921352 65990
453 -3.870499445735198 1367.5441058114284 65853
454 -3.8201485110617774 1371.2127841996478 65315
455 -4.04396372332826 1334.4082212628505 64394
456 -4.119461975879522 1358.8449197025557 64012
457 -3.977376491703139 1323.0475298340627 63518
458 -4.218779669599342 1363.5489271472877 63196
459 -3.9215016517527825 1415.5086276019115 62358
460 -4.182425187640121 1340.601406894759 61554
461 -4.031063536817258 1374.4609369877385 61004
462 -4.318531155795541 1372.515768377116 60374
463 -3.98917033773862 1402.2433420104126 59928
464 -4.069869143098353 1371.85202195019 59225
465 -3.890593740463192 1344.308077040453 58982
466 -4.123363946559832 1390.99813264977 58907
467 -4.4040248735820695 1394.9168716687168 58536
468 -4.191755163762587 1429.2222737739287 58194
469 -4.164049707854324 1390.2585015253624 58019
470 -4.308396263740044 1389.7605834895842 58133
471 -4.128014972102216 1356.332796949609 57173
472 -4.325348733896046 1355.030706352732 56275
473 -4.204592303142197 1428.1005216082024 55789
474 -4.46463545389564 1389.8140636168691 55960
475 -4.374545192550164 1447.0142296192225 55518
476 -4.391621062649853 1484.4654904185809 54637
477 -4.221674054565351 1396.7973737411205 53917
478 -4.1728070833645985 1418.3890222855857 53308
479 -4.171009741299719 1416.299285889247 53073
480 -4.181169757489301 1417.3118592486924 52575
481 -4.60773617183045 1452.2548374833682 52610
482 -4.360481872154015 1536.7232693527005 52047
483 -4.3381709508555355 1498.5976834127666 51196
484 -4.208609465720485 1415.202881551424 51153
485 -4.657388763867504 1464.9455959572033 50658
486 -3.979350148782777 1420.9814870289379 50073
487 -4.761059639834757 1514.1704367705452 49866
488 -4.79944363222872 1460.507249025341 49248
489 -4.3620203506191 1420.9047852560172 48942
490 -4.257758425927828 1450.900203331348 48689
491 -4.528058915494117 1553.1969472558217 48612
492 -4.717688840889738 1535.6482585308106 48149
493 -4.4852037380030305 1472.3361045630577 47512
494 -4.617519788918206 1488.6023218997361 47375
495 -4.7091338985217055 1483.3527670089038 46946
496 -4.332816203404438 1501.3341090282267 46410
497 -4.995261684255869 1555.9181563644195 46430
498 -4.626228727319967 1524.2837006885204 46186
499 -4.569710906701708 1450.032435392028 45660
500 -4.227845861168872 1578.2096624341902 45206
501 -4.940767808002887 1550.1398024089863 44334
502 -5.141383755908896 1519.1200325696063 44213
503 -4.161073061958179 1525.8671869667114 43949
504 -4.708752851185402 1596.348086537797 43403
505 -4.7124382245623755 1588.8247194124983 43302
506 -4.5477502403338885 1530.2502989519098 42649
507 -5.06058394160584 1585.7451141982576 42470
508 -4.614517999573975 1574.0915954651962 42251
509 -4.414999880801965 1525.8647340691825 41947
510 -4.891856160761502 1565.0501658574108 41602
511 -4.694009216589862 1591.281348532622 41230
512 -4.899112462006079 1594.6663100303952 41125
513 -4.756380112662258 1568.2094783247612 40830
514 -5.076995514583798 1606.362500929299 40353
515 -4.630714713515672 1572.9628169295268 40072
516 -4.766698449340091 1581.0862648667637 39854
517 -5.068556294089184 1598.2382916953168 39267
518 -5.2306126602890295 1630.1449725218806 39304
519 -4.665148356880002 1568.6808461360304 38859
520 -4.925375453133092 1648.930813050233 38620
521 -5.05146963109526 1643.183775480982 38411
522 -4.869911041339613 1605.6959183673468 38220
523 -5.218666947346263 1645.7062074046785 38003
524 -4.767486071871782 1612.5144298048742 37873
525 -5.227798078224388 1653.8568953850317 36945
526 -4.8157007809288945 1617.3751746814632 36495
527 -4.517445217343488 1532.5135410079458 36371
528 -4.917823339496123 1666.1010237589337 36239
529 -5.013808139534884 1614.6626788908766 35776
530 -5.062061021520481 1654.1726414564253 35594
531 -5.4095627020588735 1668.7380182632862 35262
532 -5.082941427960667 1603.7940145361265 35085
533 -4.709721942663254 1653.8362135894413 34777
534 -5.278955293027566 1787.6389274959463 34536
535 -4.934830278045785 1673.7393211121832 34203
536 -5.284144334743771 1627.6244710860367 34032
537 -4.8525774100172505 1576.5308909096225 34201
538 -5.061859661663092 1686.2894031451037 33576
539 -4.785394305643246 1668.871621418478 33261
540 -5.1076233183856505 1690.423360520059 33227
541 -4.746460785812567 1610.9327931508944 32705
542 -5.066456463739995 1649.7080402619451 32984
543 -5.3505800320868815 1675.7011292114032 32412
544 -5.231342349110944 1632.2416729276233 31944
545 -5.268279121490131 1707.5803292867513 32373
546 -5.232278184936847 1703.2723218462497 32065
547 -5.0820434422574685 1740.2188037454614 31398
548 -5.496691979271909 1637.3080533194277 30683
549 -5.112820679988265 1626.5536395345048 30677
550 -5.2458726993363625 1726.28166988133 30589
551 -4.991073798778869 1730.8641823732414 30136
552 -5.023895535743877 1626.1971298843337 30173
553 -5.094045337386822 1728.776551450664 30262
554 -5.137588272699889 1732.6424579135848 29879
555 -5.43703906036602 1713.1793225894564 29288
556 -5.099731571340079 1671.6157340491432 29058
557 -5.464643662216057 1719.6761227674701 28835
558 -5.183505515671511 1687.7494309227807 28555
559 -5.445793277664725 1686.8501157813487 28502
560 -5.2598144686254455 1710.4836866424464 28351
561 -5.809764249902215 1721.3763823205206 28123
562 -5.53322563274098 1738.1463292048106 27855
563 -5.563540281123054 1665.599561419276 27817
564 -5.156521423120253 1731.364320238398 27517
565 -5.297721004499928 1703.3938162287704 27556
566 -4.832922929912897 1676.1741703112941 27209
567 -5.617335604265403 1714.3670393957345 27008
568 -5.423718091835975 1812.2548559946417 26874
569 -5.291561546861468 1757.2926158828182 26557
570 -5.3793392843518735 1785.7495994506753 26214
571 -5.333243875321091 1826.6838553847333 26083
572 -5.1296225403874125 1653.880024500421 26122
573 -5.1492035261367155 1752.8166176925456 25864
574 -5.401418662068425 1826.8163185327428 25517
575 -5.527551870512159 1851.457095251319 25207
576 -5.422560754443236 1799.1838149357193 24813
577 -5.202331323106812 1822.0251750516047 24707
578 -5.805681032027022 1898.2746510397592 24573
579 -5.751290243303023 1836.9739493733105 24414
580 -5.863002527929544 1888.8681399331322 24526
581 -4.790381426202321 1842.8655887230514 24120
582 -5.326978235194871 1692.3618187953434 23708
583 -5.378198653198653 1858.669696969697 23760
584 -5.289615846338536 1854.162107700223 23324
585 -5.8582301341589265 1801.9880890952873 23256
586 -5.632581192122082 1906.7991391678622 23001
587 -5.877907740833224 1861.2575896964122 22827
588 -5.19933964340744 1894.0315650451244 22715
589 -5.512739279817946 1795.2474231404221 22411
590 -5.572567283148985 1843.5157852312927 22331
591 -5.345262393976505 1808.0288021045947 22047
592 -5.732014890646813 1890.8388552815263 21490
593 -5.250023353573097 1733.2774871555348 21410
594 -5.338451455856193 1685.8296039696659 21362
595 -6.1876116176332365 1845.092301908074 21278
596 -5.866373813235086 1818.0754333758443 21171
597 -6.143298534712795 1837.0734048031459 21361
598 -5.6955063715627094 1785.4020312350292 20874
599 -5.159704919634569 1862.283843861449 20469
600 -6.13054377169302 1951.814307751639 20744
601 -5.930808202653799 1946.4713148371532 20725
602 -6.060353646061669 2011.800233815578 20529
603 -6.1335372580483405 1853.0744659512586 19942
604 -6.02036392963355 1992.4695801199657 19839
605 -6.409162878594413 1849.6523315797538 19579
606 -6.315885947046843 2018.5765784114053 19640
607 -5.536850152905199 1827.2292048929664 19620
608 -5.699499509829214 1925.3224291832207 19381
609 -5.751266913954339 1878.4410950316076 19141
610 -5.169881305637982 1933.540483255617 18872
611 -6.704961115580584 2086.574202198981 18645
612 -5.854118532050937 1798.3000913438289 18611
613 -5.580106917220152 1884.7121334845294 18519
614 -5.703374199848107 1858.1183682326136 18434
615 -5.5880939377389405 1844.1454942654286 18310
616 -5.908547151881044 1874.8796467102688 17889
617 -5.824600079136284 1871.9637668871178 17691
618 -5.719070133963751 2015.9952155803219 17766
619 -6.352682100508187 1947.3445511010727 17710
620 -6.001298408038839 2001.2140115163147 17714
621 -5.81260243006499 1839.0261655834981 17695
622 -5.6099847517930765 1936.4182526684363 17707
623 -5.861298820295499 1906.6890390562364 17462
624 -5.605697503671072 1913.435947136564 17025
625 -6.397876583763491 2031.0788948850304 17048
626 -5.807100872766134 2039.494923707178 16843
627 -5.691245346463312 2072.205115888075 16654
628 -6.232111481369282 2158.2336867615873 16505
629 -5.9214246374150905 1918.4933602594701 16341
630 -6.190791874467826 2066.884868020922 16442
631 -6.088289962825279 2024.6374845105329 16140
632 -6.321370001261512 2099.003847609436 15854
633 -6.314000127331763 1953.623734640606 15707
634 -5.8819919007846115 2130.6647051379396 15804
635 -7.216998420221169 2141.292195892575 15825
636 -5.927749029754205 2039.7771668822768 15460
637 -5.7355269989615785 2042.139862409138 15408
638 -6.929470700678927 2131.6222397996175 15171
639 -5.789054267650158 1996.428016332982 15184
640 -6.10933297471759 2041.6955352339967 14872
641 -6.1245963401507 1995.9699946178687 14864
642 -6.132675289312457 2222.4798502382573 14690
643 -6.2063272777509155 2080.3924155557092 14477
644 -5.562269404803342 2027.6728158719109 14365
645 -6.137703322674823 2084.893160016683 14386
646 -6.423889697221645 1987.996951430749 14433
647 -5.899053404916643 1908.1015117264765 14156
648 -6.259237875288684 2115.3135103926097 13856
649 -6.551292203585055 2188.6677704988842 13891
650 -6.888888888888889 2037.6797343152118 13851
651 -6.33228862973761 2095.224416909621 13720
652 -6.625415343720003 2180.6075463338993 13543
653 -6.848327523548172 2168.6695839204926 13483
654 -6.526957302026471 2178.8802063860016 13373
655 -6.263376036171816 2121.0118311981914 13270
656 -5.55736469169305 2019.4421830242725 13266
657 -6.629799954012417 2123.3481260059784 13047
658 -6.372394627142196 2032.671298440636 12954
659 -6.898783530879601 2204.6866812227076 12824
660 -6.874672800824938 2214.0246688347743 12607
661 -6.827124889850197 2249.6051429944723 12483
662 -6.175811779872694 2014.4687776972041 12411
663 -6.615960302611242 2172.280322134548 12293
664 -7.093765221626888 2299.1608215619417 12318
665 -6.480107177655083 2106.962731406301 12316
666 -6.563348046427987 2122.410004904365 12234
667 -6.357089272318079 2050.6174877052595 11997
668 -6.485008818342152 2047.1575543797767 11907
669 -5.86485348602223 1995.7370326709329 11876
670 -7.320822837951302 2206.3183039462638 11910
671 -6.62684552433983 2132.243988863579 11853
672 -6.470105910488555 2223.851042022549 11708
673 -6.823524357762694 2089.3730561044763 11639
674 -6.544950528829751 2043.231405663596 11724
675 -6.024761413464018 2155.9367208322587 11631
676 -6.392890631659705 2263.529196146961 11731
677 -5.582168133954773 2123.839720352149 11586
678 -6.15666372462489 2120.2435127978815 11330
679 -6.718578497525866 2201.592352676563 11115
680 -7.10119262739429 2196.617094325985 11068
681 -6.153691703933559 2074.200784886374 10957
682 -6.466090792133799 2255.489983458923 10882
683 -6.314729411764706 2168.9129411764707 10625
684 -7.356052036199095 2338.6575226244345 10608
685 -6.59544794188862 2344.656271186441 10325
686 -6.815998450513267 2148.0001936858416 10326
687 -6.8244953153675265 2115.2265043948614 10353
688 -6.7321805955811715 2183.0954851104707 10410
689 -6.377121123464014 2207.8483518626877 10254
690 -6.042468415937804 2097.1651117589895 10290
691 -6.61099736765136 2083.024373598518 10257
692 -6.998517640083012 2161.6047040221365 10119
693 -6.682112605879422 2050.757249626308 10035
694 -7.308667864989015 2320.6597763131617 10014
695 -6.87898153783729 2310.825420977886 9858
696 -7.844981070295713 2531.1205361710836 9773
697 -6.50965687281693 2297.219334292172 9734
698 -5.904487443392343 2234.4726224783863 9716
699 -7.316859265373504 2255.893210895584 9692
700 -6.918358889349357 2180.3648984666393 9652
701 -7.004041263426566 2280.8932255663085 9403
702 -6.7496807151979565 2223.26245210728 9396
703 -6.69685628742515 2114.0499358426005 9352
704 -7.559084589883435 2606.6364025237945 9351
705 -6.688506865607093 2160.990593577684 9249
706 -6.904249478423191 2156.0378829471833 9107
707 -6.924644030668127 2308.7191675794083 9130
708 -6.704203877150947 2331.7451535613154 9182
709 -6.872554437935227 2317.13186691721 9047
710 -6.531291908806438 2365.3951721054987 8948
711 -7.382409611243341 2458.0563300464696 8823
712 -7.023162939297125 2285.2317434961205 8764
713 -7.5842044134727065 2210.2072009291523 8610
714 -7.3224581800925375 2457.883141535176 8429
715 -6.376300370680378 2254.6376898242256 8363
716 -7.550338000965717 2271.7685900531146 8284
717 -7.547298103304306 2500.725396636049 8383
718 -7.119134010643444 2412.201136913401 8268
719 -7.644128970163619 2483.285851780558 8312
720 -7.178131788559015 2402.9654839488294 8286
721 -6.824939172749391 2337.256812652068 8220
722 -6.875292091993605 2355.6102570409544 8131
723 -7.202198076682903 2367.0823029848884 8007
724 -6.789434338400199 2231.474458011463 8026
725 -7.412076806467913 2379.8400707427995 7916
726 -6.385395277207392 2231.5088552361394 7792
727 -7.585745529396629 2447.290621381706 7773
728 -7.359572029040886 2366.646287097185 7851
729 -8.10538286580743 2437.625473843821 7914
730 -6.337365066978801 2301.0256210170373 7689
731 -7.47284681130835 2565.982774490467 7605
732 -6.992885906040269 2383.111543624161 7450
733 -6.937407257520572 2279.811547281802 7413
734 -7.369036419836044 2450.455180755275 7441
735 -7.904406779661017 2736.7315254237287 7375
736 -8.451419821826281 2627.40464922049 7184
737 -6.867092119866815 2498.7278024417315 7208
738 -6.886797752808989 2456.6115168539327 7120
739 -7.799210377890581 2403.4151156232374 7092
740 -6.533083465474989 2433.220988900101 6937
741 -8.112631879098945 2580.5654405474766 7014
742 -7.63801557542544 2503.1779636573406 6934
743 -7.0554899645808735 2729.6080283353012 6776
744 -6.80604017006304 2287.1725553437914 6821
745 -6.909397944199706 2434.0016152716594 6810
746 -7.2633908809207615 2210.5940681717575 6777
747 -7.1572259644825476 2344.0571034905083 6532
748 -6.527341294783155 2471.139849151477 6364
749 -7.334161876650613 2668.0273419294704 6437
750 -6.867287359949503 2516.2316553574246 6337
751 -7.794996853366897 2597.51840780365 6356
752 -7.8479735057561895 2570.8793565683645 6341
753 -6.637137452711223 2253.2906683480455 6344
754 -6.691875 2445.0109375 6400
755 -7.1871121718377085 2652.571678599841 6285
756 -8.053626731866341 2570.3000814995926 6135
757 -7.488122356003905 2623.1532704197853 6146
758 -7.201785714285714 2396.5527597402597 6160
759 -7.044451871657754 2621.0020053475937 5984
760 -7.67438737831487 2829.7270896273917 5958
761 -6.867411607738492 2528.493495663776 5996
762 -7.740216486261449 2535.244962531224 6005
763 -7.305650684931507 2490.01352739726 5840
764 -7.785605160414191 2593.5286029536583 5891
765 -6.383370631778275 2635.009640213462 5809
766 -7.758217174324557 2787.418860781277 5811
767 -6.372952984680402 2521.3280507131535 5679
768 -8.257509221851397 2563.0714913051115 5693
769 -6.459075964699775 2365.3512718463403 5779
770 -7.766711681296421 2452.708642808913 5924
771 -7.791681230339043 2656.1293254106954 5722
772 -8.047382431233363 2536.503105590062 5635
773 -7.725057798328295 2743.2566245776275 5623
774 -7.595104261106075 2519.78476881233 5515
775 -8.002414113277624 2724.4952646239553 5385
776 -8.023813988374274 2945.1451340708795 5333
777 -6.991384154336018 2427.4083161640756 5339
778 -6.754480955937266 2360.939693801344 5356
779 -8.346138769110153 2664.671501372011 5102
780 -7.739370829361296 2681.375595805529 5245
781 -7.580466360856269 2722.1320718654433 5232
782 -7.3232362712526875 2591.6503810826657 5117
783 -6.486971969996052 2314.471969996052 5066
784 -8.107192391519714 2399.5884683970676 5047
785 -8.049036777583188 2733.254329636116 5139
786 -7.798676012461059 2761.768302180685 5136
787 -7.201347763937104 2393.3026342658773 4897
788 -7.775943882814111 2736.518258716732 4847
789 -7.0237694572991165 2691.195414387884 4754
790 -8.152160430018606 2793.899111019227 4837
791 -8.09794795853607 2992.2625343769832 4727
792 -7.663645943097998 2736.939936775553 4745
793 -6.51433461703038 2314.540864356012 4674
794 -8.436144578313254 3267.4087623220153 4565
795 -8.41087680355161 3019.983795782464 4505
796 -7.861129867206842 2490.277965338735 4443
797 -7.63950056753689 2553.6295119182746 4405
798 -7.505834829443447 2627.43671454219 4456
799 -7.229448961156279 2626.8482384823847 4428
800 -7.564090909090909 2801.2231818181817 4400
801 -6.391814210163256 2480.961140492067 4349
802 -7.687789084181314 2574.2539315448657 4324
803 -7.666666666666667 2699.211714890614 4251
804 -6.828631875881523 2485.661730136342 4254
805 -7.638170055452865 2819.006469500924 4328
806 -7.484727443609023 2803.4875469924814 4256
807 -8.456453558504222 3073.8745476477684 4145
808 -7.183956424857638 2710.8026739291904 4039
809 -8.011648079306072 2627.8396530359355 4035
810 -7.1871127633209415 2499.6297397769517 4035
811 -7.576913487908253 2664.9406631762654 4011
812 -8.49018645731109 2812.337095191364 4076
813 -8.120955699352912 2623.587356893977 4018
814 -6.606852791878173 2426.371319796954 3940
815 -7.772785294868521 2605.942302782742 3917
816 -8.041807322773305 2897.9389768891197 3851
817 -6.641860465116279 2647.384496124031 3870
818 -7.864543846348243 2726.3805913570886 3957
819 -8.069083267664828 2949.408195429472 3807
820 -8.501207405419908 2743.307754225919 3727
821 -7.727842923370603 2330.026724843196 3667
822 -8.814005602240897 2854.705882352941 3570
823 -5.732684283727399 2274.9310152990265 3595
824 -7.533182076006806 2915.845150311968 3526
825 -10.325502405887347 3207.617888480045 3533
826 -7.080836630864895 2763.191068400226 3538
827 -8.502384291725106 2983.3495091164095 3565
828 -8.278656674993062 2779.8762142658898 3603
829 -7.6285318559556785 2559.073407202216 3610
830 -7.802030456852792 2672.3237450648617 3546
831 -7.2499289166903615 2697.263008245664 3517
832 -7.092040520984081 2406.6607814761214 3455
833 -8.51962230746533 3357.96842726468 3389
834 -7.105091770278271 2526.685908821788 3378
835 -7.897391304347826 2894.637101449275 3450
836 -7.379626972740316 2706.5279770444763 3485
837 -9.086572438162545 3229.6272084805655 3396
838 -7.352707249923524 2690.57448761089 3269
839 -8.184742647058824 2954.578737745098 3264
840 -7.225032010243278 2487.9606274007683 3124
841 -8.245229007633588 3153.7929389312976 3144
842 -9.359389598255994 3105.7480535658674 3211
843 -7.217007874015748 2735.259842519685 3175
844 -9.044678870617437 2994.4067638845795 3223
845 -8.47507237053715 2710.029269861692 3109
846 -7.072668810289389 2534.130546623794 3110
847 -7.286125319693094 3005.5840792838876 3128
848 -8.875373878364906 2872.1203057494185 3009
849 -7.273752012882448 2620.777777777778 3105
850 -8.021249195106247 2825.091435930457 3106
851 -7.769908505591325 2555.5787868519146 2951
852 -8.340213049267643 2642.972037283622 3004
853 -6.893832153690597 3001.9609032692956 2967
854 -8.55824403733149 3455.313169720014 2893
855 -9.547593958552863 3612.6589392342817 2847
856 -7.4860335195530725 2520.9776536312847 2864
857 -9.249232867371292 3208.6696215479033 2933
858 -9.114305270362765 3104.193018480493 2922
859 -6.129770992366412 2110.5936023264267 2751
860 -8.459941733430444 3473.1620538965767 2746
861 -8.022668153102936 2965.8769973987364 2691
862 -7.225036179450072 2623.069464544139 2764
863 -7.965966690803765 2622.443881245474 2762
864 -8.646103896103897 3138.000360750361 2772
865 -8.215367146101439 3121.489401968206 2642
866 -8.847915884340969 3004.675178370259 2663
867 -9.010055865921787 3191.252886405959 2685
868 -6.998862343572241 2653.4516496018205 2637
869 -8.548923309406876 2793.497166603702 2647
870 -10.189509954058193 3528.3740428790197 2612
871 -7.8553654743390355 2735.4968895800935 2572
872 -9.769609700644184 3710.193255020841 2639
873 -10.195839874411304 3390.015306122449 2548
874 -7.437858508604206 2501.7728489483748 2615
875 -9.646756329113924 3647.755933544304 2528
876 -8.402182385035074 3480.5058456742013 2566
877 -8.010280743376828 2738.163701067616 2529
878 -8.245721271393643 3184.8129584352077 2454
879 -8.604201680672269 3231.524369747899 2380
880 -9.24904214559387 3672.8301404853128 2349
881 -8.069327731092438 2906.2642857142855 2380
882 -8.82201602699283 3569.774356811472 2371
883 -6.14896265560166 2608.909958506224 2410
884 -10.954902772031444 3807.9660736450146 2417
885 -10.3700042973786 3727.1804899011604 2327
886 -7.718210013291981 3031.227292866637 2257
887 -8.052965142598461 3033.595744680851 2209
888 -8.172671353251317 3009.1331282952547 2276
889 -8.902164111812443 3729.8742110009016 2218
890 -6.159805223550244 2597.65604249668 2259
891 -6.950812472551603 2578.4650856389985 2277
892 -10.067495559502664 3212.4529307282414 2252
893 -7.11911231884058 3024.7395833333335 2208
894 -9.476276547672843 3346.94215996385 2213
895 -10.010823529411764 3310.294117647059 2125
896 -9.678852383155947 3366.1925034706155 2161
897 -7.403873405762872 2432.721776098252 2117
898 -10.194296761720638 3712.699855002417 2069
899 -8.867837338262477 2953.714417744917 2164
900 -9.595063985374772 3198.5603290676418 2188
901 -8.183508102955196 3274.175881792183 2098
902 -7.923945044160942 3218.155544651619 2038
903 -10.138728323699421 3353.875722543353 2076
904 -9.746111389864526 3358.2880080280984 1993
905 -11.386919620569147 3454.7229156265603 2003
906 -9.540691759918616 3006.1083418107833 1966
907 -8.919727177334732 3036.3142707240295 1906
908 -7.510411105178857 3551.006406833956 1873
909 -10.270413573700955 3607.03605514316 1886
910 -8.749869723814486 2731.4887962480457 1919
911 -8.958244111349037 3100.789079229122 1868
912 -9.906900328587076 3196.7447973713033 1826
913 -9.628476084538375 3180.1368186874306 1798
914 -7.13700168444694 3321.6850084222347 1781
915 -8.895891952729318 3457.1795160382667 1777
916 -8.934472934472934 3124.8831908831908 1755
917 -9.550438596491228 3477.936403508772 1824
918 -9.57 3279.616666666667 1800
919 -8.69657422512235 3346.5280043501903 1839
920 -8.472950362520915 3145.482431678751 1793
921 -8.301149425287356 2988.7954022988506 1740
922 -7.320069204152249 3235.461937716263 1734
923 -7.556492411467116 2895.4260820685777 1779
924 -9.603479304139173 3382.7216556688663 1667
925 -7.830824804334738 3302.723058398555 1661
926 -10.616982284667074 3434.0928527794745 1637
927 -9.001223241590214 2966.891131498471 1635
928 -9.803217821782178 3422.5012376237623 1616
929 -8.852085967130215 2800.2250316055624 1582
930 -13.072727272727272 4395.851410658307 1595
931 -8.773408239700375 3233.1641697877653 1602
932 -9.923224568138195 3257.8195777351248 1563
933 -9.276221498371335 3673.7908794788273 1535
934 -9.574712643678161 3765.862068965517 1566
935 -11.106941838649156 3920.5616010006256 1599
936 -10.054103343465046 3332.3142857142857 1645
937 -9.898912348048624 3261.713371721049 1563
938 -10.406349206349207 3671.1390476190477 1575
939 -9.744877726371447 3240.0568407138135 1513
940 -8.810143934201507 3584.2412611377654 1459
941 -10.40484429065744 3667.8359861591694 1445
942 -10.431045969353764 3671.5876082611594 1501
943 -9.38274044795784 3097.8135704874835 1518
944 -8.024357239512856 2769.6373477672532 1478
945 -9.562978427279054 3129.625608907446 1437
946 -9.090102389078499 3240.8170648464165 1465
947 -10.36049723756906 3951.8577348066297 1448
948 -9.12 3399.688727272727 1375
949 -9.780772032046613 3159.568099053168 1373
950 -11.39108187134503 4516.920321637427 1368
951 -6.281992337164751 2654.2758620689656 1305
952 -10.774575018477458 3765.7265336289724 1353
953 -8.459694989106755 3034.7864923747275 1377
954 -7.884671532846715 2717.1532846715327 1370
955 -11.240810202550637 4174.018004501126 1333
956 -9.49662415603901 3766.0802700675167 1333
957 -10.053706505295008 4523.1232980332825 1322
958 -9.183578621223857 3302.4585592563903 1291
959 -8.476299694189603 3343.939602446483 1308
960 -7.7130833970925785 2619.368783473604 1307
961 -10.602126044039483 3694.456340167046 1317
962 -7.598342125094198 3112.7332328560665 1327
963 -7.189708141321044 3091.9039938556066 1302
964 -9.90078125 3308.69921875 1280
965 -10.574898785425102 3764.7044534412958 1235
966 -9.628992628992629 3895.230958230958 1221
967 -8.666118421052632 3466.2006578947367 1216
968 -9.627546862265689 3151.1320293398535 1227
969 -8.894262295081967 2995.3139344262295 1220
970 -9.69061707523246 3822.9873203719358 1183
971 -10.830678960603521 3807.8952221290865 1193
972 -9.846026490066226 4085.3725165562914 1208
973 -10.99404255319149 4275.965957446809 1175
974 -11.373807458803123 3846.9817866435387 1153
975 -13.286201022146507 4434.839863713799 1174
976 -8.899059024807528 3641.2805816937553 1169
977 -8.671691792294807 3596.6968174204353 1194
978 -11.60067396798652 4723.9595619208085 1187
979 -7.543630017452007 3210.1492146596856 1146
980 -9.193886462882096 3456.1790393013102 1145
981 -8.138059701492537 2690.0037313432836 1072
982 -10.180196253345228 3523.514719000892 1121
983 -10.232558139534884 4014.350626118068 1118
984 -11.994840928632845 3968.07222699914 1163
985 -9.880912162162161 3593.4873310810813 1184
986 -6.61968085106383 3441.9920212765956 1128
987 -12.889891696750903 4699.088447653429 1108
988 -9.014732965009209 3557.902394106814 1086
989 -8.365093499554764 3274.8085485307215 1123
990 -9.29035250463822 2956.2625231910947 1078
991 -15.157389635316699 4783.404990403071 1042
992 -11.794772507260406 3789.6030977734754 1033
993 -10.571830985915494 3565.5859154929576 1065
994 -7.61953488372093 2652.259534883721 1075
995 -6.7820392890551915 2323.049579045837 1069
996 -13.17837338262477 4569.53696857671 1082
997 -7.673831775700934 2290.8700934579438 1070
998 -10.501014198782961 3264.444219066937 986
999 -6.564994882292733 2506.493346980553 977
1000 -9.848765432098766 3690.811728395062 972
1001 -9.862928348909657 3381.2419522326063 963
1002 -7.059322033898305 2582.093220338983 944
1003 -9.35440414507772 3541.741968911917 965
1004 -9.396145610278372 4123.164882226981 934
1005 -8.86845039018952 4261.822742474917 897
1006 -12.498207885304659 4635.36798088411 837
1007 -12.016451233842538 3934.667450058754 851
1008 -11.176470588235293 4388.689411764706 850
1009 -9.955367913148372 3748.814234016888 829
1010 -14.504 5861.018285714285 875
1011 -11.414746543778802 4222.225806451613 868
1012 -10.561503416856493 3758.121867881549 878
1013 -11.932432432432432 4423.693693693694 888
1014 -8.524838012958963 3222.280777537797 926
1015 -9.58660508083141 3312.903002309469 866
1016 -8.755482456140351 2656.2949561403507 912
1017 -11.767898383371824 4198.273672055428 866
1018 -14.656626506024097 5920.434939759036 830
1019 -10.504866180048662 3871.9622871046226 822
1020 -13.810643564356436 5352.508663366337 808
1021 -9.99476439790576 2950.5942408376964 764
1022 -10.830729166666666 3928.4348958333335 768
1023 -12.268447837150127 4071.8689567430024 786
1024 -9.42375 3257.82875 800
1025 -10.139030612244898 2727.753826530612 784
1026 -10.55420054200542 4012.4051490514903 738
1027 -11.820876288659793 4711.681701030928 776
1028 -8.572815533980583 2824.251040221914 721
1029 -11.415465268676277 4007.5203145478376 763
1030 -8.486988847583643 4059.260223048327 807
1031 -9.454545454545455 3062.994652406417 748
1032 -9.899725274725276 3442.9656593406594 728
1033 -7.838192419825073 4006.543731778426 686
1034 -9.39 4096.561428571428 700
1035 -13.09985935302391 4796.7032348804505 711
1036 -10.143638850889193 3624.764705882353 731
1037 -7.78442280945758 3212.335187760779 719
1038 -6.918588873812754 1974.6282225237449 737
1039 -7.2216427640156455 3094.827900912647 767
1040 -8.53020134228188 3856.358389261745 745
1041 -10.856145251396647 4387.093575418994 716
1042 -6.892904953145917 2896.373493975904 747
1043 -10.257971014492753 3392.336231884058 690
1044 -8.601449275362318 3464.8246376811594 690
1045 -8.355113636363637 2915.3323863636365 704
1046 -11.565957446808511 4422.689361702128 705
1047 -8.112121212121211 3317.2636363636366 660
1048 -9.81771720613288 4338.488926746167 587
1049 -11.278797996661101 4312.771285475793 599
1050 -10.996632996632997 4449.632996632997 594
1051 -14.772173913043478 5662.434782608696 575
1052 -11.201413427561837 3765.78445229682 566
1053 -15.654028436018958 6465.5150078988945 633
1054 -17.98365527488856 6689.062407132244 673
1055 -7.24517087667162 2189.890044576523 673
1056 -12.81294964028777 4471.791366906475 695
1057 -9.973568281938325 3738.986784140969 681
1058 -9.421758569299552 3727.5260804769 671
1059 -8.918711656441717 3709.3911042944787 652
1060 -13.066037735849056 5156.738993710692 636
1061 -9.797213622291022 4107.843653250774 646
1062 -9.285483870967742 3879.682258064516 620
1063 -11.191850594227505 4855.490662139219 589
1064 -8.872029250457038 4337.581352833638 547
1065 -7.0204429301533215 2882.1959114139695 587
1066 -9.234567901234568 2888.63139329806 567
1067 -9.094991364421416 3265.2849740932643 579
1068 -6.361344537815126 2953.90756302521 595
1069 -14.334558823529411 4596.400735294118 544
1070 -13.36413043478261 3939.5597826086955 552
1071 -9.141776937618147 3170.96786389414 529
1072 -16.27552986512524 5989.7938342967245 519
1073 -13.761467889908257 5088.2165137614675 545
1074 -6.824686940966011 3316.7459749552772 559
1075 -12.39056603773585 4286.3716981132075 530
1076 -8.207619047619048 3474.904761904762 525
1077 -10.745526838966203 3518.0178926441354 503
1078 -10.080971659919028 4143.684210526316 494
1079 -13.181818181818182 5134.98814229249 506
1080 -8.490079365079366 4325.486111111111 504
1081 -13.132034632034632 3668.686147186147 462
1082 -9.962655601659751 4465.381742738589 482
1083 -10.277777777777779 4118.87037037037 486
1084 -4.5796545105566215 3415.3474088291746 521
1085 -9.280534351145038 3662.0591603053435 524
1086 -8.451612903225806 2964.9475806451615 496
1087 -10.037475345167653 3529.1932938856016 507
1088 -14.773930753564155 5568.211812627292 491
1089 -14.160493827160494 4529.880658436214 486
1090 -7.899621212121212 3185.244318181818 528
1091 -6.4824016563147 3552.950310559006 483
1092 -6.748987854251012 1871.9757085020242 494
1093 -8.796498905908097 3257.4048140043765 457
1094 -7.872651356993737 2577.734864300626 479
1095 -15.590814196242171 5508.918580375783 479
1096 -9.955789473684211 4104.376842105263 475
1097 -6.804347826086956 2727.48814229249 506
1098 -11.277542372881356 3842.1207627118642 472
1099 -9.108352144469526 3430.142212189616 443
1100 -13.967667436489608 5093.732101616628 433
1101 -6.758949880668258 2337.6992840095463 419
1102 -16.19377990430622 6613.150717703349 418
1103 -8.002380952380953 2848.7642857142855 420
1104 -7.6439909297052155 2046.5873015873017 441
1105 -7.475961538461538 3287.3990384615386 416
1106 -13.797927461139896 5153.383419689119 386
1107 -10.492788461538462 5249.810096153846 416
1108 -7.115384615384615 2481.331730769231 416
1109 -8.090293453724605 3920.0677200902933 443
1110 -10.135983263598327 4557.935146443515 478
1111 -11.129113924050634 3955.0025316455694 395
1112 -18.612244897959183 8563.854227405247 343
1113 -15.247252747252746 6673.928571428572 364
1114 -11.076115485564305 3716.241469816273 381
1115 -13.551807228915663 5724.472289156626 415
1116 -15.681055155875299 5182.515587529976 417
1117 -10.766666666666667 4715.228205128205 390
1118 -12.917771883289126 5937.1936339522545 377
1119 -10.930362116991644 4659.403899721448 359
1120 -12.667630057803468 3774.401734104046 346
1121 -12.168975069252078 6025.4930747922435 361
1122 -3.9245283018867925 2116.533692722372 371
1123 -8.601078167115903 2409.4636118598382 371
1124 -5.706214689265536 1752.0112994350281 354
1125 -9.957831325301205 3090.3012048192772 332
1126 -13.33108108108108 5743.02027027027 296
1127 -13.771626297577855 5594.200692041522 289
1128 -9.013333333333334 3100.5466666666666 300
1129 -13.947916666666666 5624.96875 288
1130 -11.490506329113924 4141.338607594937 316
1131 -13.805970149253731 4274.361194029851 335
1132 -14.953125 5790.959375 320
1133 -9.97682119205298 6036.665562913908 302
1134 -21.184375 9467.165625 320
1135 -17.1513353115727 6223.186943620178 337
1136 -10.180379746835444 3537.6360759493673 316
1137 -15.8486646884273 6319.771513353116 337
1138 -14.52139037433155 6718.697860962567 374
1139 -5.240896358543417 2815.4201680672268 357
1140 -12.911764705882353 5235.452941176471 340
1141 -15.148387096774194 7015.096774193548 310
1142 -17.96808510638298 6066.230496453901 282
1143 -9.003311258278146 4198.811258278146 302
1144 -7.136222910216718 2932.832817337461 323
1145 -6.737313432835821 1821.9611940298507 335
1146 -10.724550898203592 4516.317365269461 334
1147 -8.126666666666667 2971.4666666666667 300
1148 -10.627586206896552 5453.2827586206895 290
1149 -2.07380073800738 2369.321033210332 271
1150 -11.37248322147651 5033.520134228188 298
1151 -6.550173010380623 3700.1695501730105 289
1152 -16.105072463768117 6201.663043478261 276
1153 -7.161538461538462 2655.6692307692306 260
1154 -14.050980392156863 5044.819607843137 255
1155 -10.569395017793594 4103.0391459074735 281
1156 -5.9537366548042705 2137.1992882562276 281
1157 -7.081272084805653 2872.452296819788 283
1158 -14.692307692307692 4041.4825174825173 286
1159 -15.472491909385113 6583.996763754045 309
1160 -10.671328671328672 5635.167832167832 286
1161 -12.643724696356275 3678.902834008097 247
1162 -6.438848920863309 3482.611510791367 278
1163 -19.56597222222222 9044.927083333334 288
1164 -5.49812734082397 2101.1161048689137 267
1165 -17.26271186440678 6752.822033898305 236
1166 -8.939759036144578 4284.4658634538155 249
1167 -10.405511811023622 4202.759842519685 254
1168 -9.58130081300813 3195.5731707317073 246
1169 -14.182222222222222 6796.066666666667 225
1170 -6.923766816143497 1953.560538116592 223
1171 -2.447619047619048 4862.4 210
1172 -15.608888888888888 5617.6177777777775 225
1173 -10.324074074074074 3970.5185185185187 216
1174 -3.465811965811966 2069.448717948718 234
1175 -4.609865470852018 1932.5112107623318 223
1176 -7.508928571428571 3266.901785714286 224
1177 -8.18139534883721 3965.204651162791 215
1178 -12.024896265560166 5202.647302904565 241
1179 -9.325 2853.825 240
1180 -17.17748917748918 6797.2467532467535 231
1181 -4.197115384615385 969.0625 208
1182 -14.55982905982906 4777.508547008547 234
1183 -0.20152091254752852 1227.8973384030419 263
1184 -14.54581673306773 5840.187250996016 251
1185 -2.857142857142857 4069.8487394957983 238
1186 -7.658823529411765 2953.0313725490196 255
1187 -7.154811715481172 2515.2217573221756 239
1188 -5.118181818181818 1947.1 220
1189 -9.399038461538462 3351.716346153846 208
1190 -18.59825327510917 7548.7379912663755 229
1191 -5.626126126126126 2320.301801801802 222
1192 -18.662100456621005 7860.881278538813 219
1193 -14.146788990825687 6675.284403669725 218
1194 -11.874476987447698 5179.330543933054 239
1195 -11.081818181818182 3350.663636363636 220
1196 -11.44973544973545 4319.809523809524 189
1197 -11.5 4518.7474226804125 194
1198 -9.83574879227053 2946.144927536232 207
1199 -15.187793427230046 7394.107981220657 213
1200 -16.72 7227.76 175
1201 -5.712574850299402 1570.9101796407185 167
1202 -8.594117647058823 3124.664705882353 170
1203 -12.145539906103286 3303.525821596244 213
1204 -17.616915422885572 7371.44776119403 201
1205 -19.1356783919598 6334.874371859297 199
1206 -14.226315789473684 7359.973684210527 190
1207 -11.206030150753769 3623.8391959798996 199
1208 -8.47715736040609 3210.497461928934 197
1209 -11.731707317073171 6940.590243902439 205
1210 -6.995121951219512 2466.809756097561 205
1211 -5.535714285714286 1879.4642857142858 196
1212 -12.248618784530386 7883.386740331492 181
1213 -17.16393442622951 6824.617486338798 183
1214 -5.091370558375634 2462.522842639594 197
1215 -10.855670103092784 4651.082474226804 194
1216 -12.623115577889447 4385.095477386934 199
1217 -10.185567010309278 3512.2886597938145 194
1218 -8.610837438423646 3943.714285714286 203
1219 -11.5678391959799 4809.587939698493 199
1220 -16.675 7494.125 160
1221 -5.359756097560975 3453.7134146341464 164
1222 -21.726666666666667 7950.366666666667 150
1223 -18.671232876712327 6466.13698630137 146
1224 -5.5 1824.2297297297298 148
1225 -22.52201257861635 9642.59748427673 159
1226 -18.553571428571427 6972.0297619047615 168
1227 -7.413173652694611 2853.9041916167666 167
1228 -4.697368421052632 2587.5789473684213 152
1229 -11.825806451612904 4592.4838709677415 155
1230 -9.869565217391305 3557.1739130434785 161
1231 -9.555555555555555 2185.814814814815 162
1232 -12.746268656716419 5312.417910447762 134
1233 -19.738095238095237 8173.690476190476 126
1234 -14.478260869565217 7768.652173913043 115
1235 -22.437037037037037 7777.681481481482 135
1236 -20.008130081300813 7626.447154471544 123
1237 -11.168 3889.68 125
1238 -19.803418803418804 8525.034188034188 117
1239 -18.515625 5354.25 128
1240 -10.39864864864865 4912.0472972972975 148
1241 -17.285714285714285 8533.92857142857 140
1242 -14.968 5572.312 125
1243 -14.233576642335766 6993.167883211679 137
1244 -12.258741258741258 6873.853146853146 143
1245 -14.671875 3752.390625 128
1246 -12.977611940298507 5329.798507462687 134
1247 -7.114093959731544 1805.9060402684563 149
1248 -19.967105263157894 8747.322368421053 152
1249 -7.731543624161074 3669.557046979866 149
1250 -11.568 3468.976 125
1251 -3.074324324324324 786.1418918918919 148
1252 -12.021428571428572 4626.564285714286 140
1253 -15.024 5727.28 125
1254 -8.915384615384616 5119.838461538461 130
1255 -20.349206349206348 8265.412698412698 126
1256 -11.311111111111112 3864.748148148148 135
1257 -21.41958041958042 8639.0 143
1258 -16.97945205479452 6444.8835616438355 146
1259 -15.527777777777779 8643.569444444445 144
1260 -14.094827586206897 4982.0948275862065 116
1261 -5.946902654867257 2784.991150442478 113
1262 -10.712 4363.576 125
1263 -9.224137931034482 3387.344827586207 116
1264 -5.663636363636364 5321.572727272727 110
1265 -2.6464646464646466 756.7272727272727 99
1266 -2.5943396226415096 639.7075471698113 106
1267 -20.80851063829787 8694.72340425532 94
1268 -4.617021276595745 3062.021276595745 94
1269 -15.12962962962963 8421.092592592593 108
1270 -9.365217391304348 4799.817391304347 115
1271 -5.072072072072072 1736.945945945946 111
1272 -12.941176470588236 5753.798319327731 119
1273 -8.666666666666666 5150.716666666666 120
1274 -17.391752577319586 5976.051546391753 97
1275 -2.0854700854700856 121.67521367521367 117
1276 -8.486238532110091 2025.2018348623853 109
1277 -9.219298245614034 4936.236842105263 114
1278 -20.650943396226417 8304.971698113208 106
1279 -7.951923076923077 5361.663461538462 104
1280 -6.033057851239669 3089.190082644628 121
1281 -13.984848484848484 4683.818181818182 132
1282 -12.6875 5110.953125 128
1283 -21.142857142857142 9121.732142857143 112
1284 -3.6931818181818183 667.5340909090909 88
1285 -12.380434782608695 5855.70652173913 92
1286 -10.367816091954023 2106.4137931034484 87
1287 -20.51063829787234 10078.744680851063 94
1288 -10.71875 3389.03125 96
1289 1.8717948717948718 1782.4358974358975 117
1290 -10.838983050847459 3723.5508474576272 118
1291 -1.8725490196078431 2167.598039215686 102
1292 -13.523809523809524 4245.695238095238 105
1293 -12.798245614035087 4469.833333333333 114
1294 -25.853211009174313 9566.348623853211 109
1295 -20.477777777777778 11748.944444444445 90
1296 -12.973684210526315 5288.1578947368425 76
1297 -0.265625 902.921875 64
1298 -7.353658536585366 4082.0853658536585 82
1299 -3.3020833333333335 840.6770833333334 96
1300 -17.119565217391305 5806.967391304348 92
1301 -23.666666666666668 9018.538461538461 78
1302 -7.92 5397.2 75
1303 -30.107142857142858 12778.654761904761 84
1304 -20.847826086956523 10249.369565217392 92
1305 -16.15714285714286 6083.928571428572 70
1306 -4.206896551724138 1204.1379310344828 58
1307 -21.283783783783782 9509.337837837838 74
1308 -17.285714285714285 8279.342857142858 70
1309 -6.311111111111111 585.6444444444444 90
1310 -7.6923076923076925 1586.2564102564102 78
1311 -13.880952380952381 7068.809523809524 84
1312 -13.989010989010989 6077.197802197802 91
1313 -9.555555555555555 1980.2407407407406 108
1314 -3.096774193548387 1261.268817204301 93
1315 -15.426829268292684 8326.207317073171 82
1316 -25.35135135135135 12088.297297297297 74
1317 -7.878378378378378 1875.554054054054 74
1318 -12.830769230769231 2842.7384615384617 65
1319 -19.677419354838708 6929.4838709677415 62
1320 -20.32 7820.8 50
1321 -22.61111111111111 9553.87037037037 54
1322 1.098360655737705 6407.55737704918 61
1323 -9.098360655737705 2404.377049180328 61
1324 -29.596774193548388 10707.467741935483 62
1325 -18.784313725490197 5353.568627450981 51
1326 -12.216666666666667 6277.25 60
1327 -7.107142857142857 1918.0714285714287 56
1328 -7.7101449275362315 2512.0289855072465 69
1329 -12.81578947368421 5018.473684210527 76
1330 -1.9275362318840579 270.27536231884056 69
1331 -6.538461538461538 2252.8153846153846 65
1332 -16.49206349206349 8462.555555555555 63
1333 -5.184210526315789 3397.684210526316 76
1334 -19.973684210526315 6867.078947368421 76
1335 -22.606060606060606 7121.666666666667 66
1336 -4.983050847457627 1247.1525423728813 59
1337 0.8653846153846154 275.86538461538464 52
1338 1.6842105263157894 159.68421052631578 57
1339 -7.131147540983607 2727.3278688524592 61
1340 -15.25 5849.305555555556 72
1341 -8.623376623376624 4962.467532467533 77
1342 -25.47142857142857 14119.557142857142 70
1343 -0.65625 995.875 64
1344 -35.296875 18071.296875 64
1345 -17.202898550724637 8112.68115942029 69
1346 -0.3793103448275862 119.51724137931035 58
1347 -23.20408163265306 9333.040816326531 49
1348 -7.755102040816326 1331.3061224489795 49
1349 -14.952380952380953 5087.857142857143 42
1350 -13.9 7799.4 40
1351 -24.52 9937.88 50
1352 -3.5510204081632653 442.7755102040816 49
1353 -9.55813953488372 7163.325581395349 43
1354 -2.1458333333333335 394.6875 48
1355 -10.28 2442.36 50
1356 -0.9761904761904762 2443.0714285714284 42
1357 -23.112903225806452 15789.209677419354 62
1358 0.7818181818181819 127.76363636363637 55
1359 -18.2 6237.254545454545 55
1360 -10.326923076923077 3630.7115384615386 52
1361 -19.942307692307693 8088.826923076923 52
1362 -12.408163265306122 7361.836734693878 49
1363 -16.08 7123.76 50
1364 -22.029411764705884 10468.088235294117 68
1365 -21.666666666666668 7512.037037037037 54
1366 -26.104166666666668 11842.104166666666 48
1367 -6.983606557377049 1161.27868852459 61
1368 -4.942857142857143 1178.5142857142857 70
1369 -6.5 2555.4655172413795 58
1370 0.2894736842105263 14.18421052631579 38
1371 -3.9791666666666665 3456.7291666666665 48
1372 -9.64406779661017 2605.4745762711864 59
1373 -6.171428571428572 2827.657142857143 70
1374 -12.69047619047619 3106.214285714286 42
1375 -41.11363636363637 20380.886363636364 44
1376 -7.575 2467.325 40
1377 1.6818181818181819 2315.318181818182 44
1378 -19.093023255813954 11623.558139534884 43
1379 -17.346153846153847 4690.2692307692305 52
1380 -26.098039215686274 12853.862745098038 51
1381 -8.961538461538462 3501.730769230769 52
1382 -12.622222222222222 7798.888888888889 45
1383 -7.74468085106383 1491.4468085106382 47
1384 -28.023809523809526 14899.5 42
1385 -1.9487179487179487 41.8974358974359 39
1386 -23.416666666666668 11970.875 48
1387 -11.692307692307692 2123.230769230769 39
1388 -7.6521739130434785 1729.6521739130435 46
1389 -9.682926829268293 2981.878048780488 41
1390 -6.276595744680851 675.1702127659574 47
1391 -3.7674418604651163 2134.8837209302324 43
1392 -14.326923076923077 3041.2884615384614 52
1393 -7.076923076923077 397.5 52
1394 -17.5 3673.46 50
1395 -43.65217391304348 26679.739130434784 46
1396 -0.8372093023255814 230.88372093023256 43
1397 -3.5384615384615383 558.5128205128206 39
1398 -18.6 8078.85 40
1399 3.6944444444444446 461.1388888888889 36
1400 -20.30952380952381 10394.738095238095 42
1401 -17.571428571428573 4701.897959183673 49
1402 -15.681818181818182 6436.227272727273 44
1403 -19.233333333333334 13069.166666666666 30
1404 0.8214285714285714 64.89285714285714 28
1405 -9.454545454545455 1568.5454545454545 33
1406 -21.923076923076923 10499.102564102564 39
1407 -9.444444444444445 9835.888888888889 36
1408 -22.416666666666668 9766.138888888889 36
1409 -27.666666666666668 10282.133333333333 30
1410 21.6875 10719.6875 32
1411 -16.864864864864863 7901.189189189189 37
1412 -16.571428571428573 6573.642857142857 28
1413 -4.564102564102564 1297.948717948718 39
1414 -5.157894736842105 1050.2105263157894 38
1415 -3.6176470588235294 697.5 34
1416 3.6956521739130435 365.30434782608694 46
1417 -6.551020408163265 654.3469387755102 49
1418 -15.6 4097.8 40
1419 -5.382352941176471 1912.6764705882354 34
1420 0.5555555555555556 593.8888888888889 36
1421 -31.333333333333332 15369.5 36
1422 -12.743589743589743 3133.8205128205127 39
1423 -28.807692307692307 17586.26923076923 26
1424 -22.0 5399.631578947368 38
1425 -23.81578947368421 10303.657894736842 38
1426 -9.34375 2714.65625 32
1427 -25.02777777777778 8240.083333333334 36
1428 -13.35135135135135 6249.675675675676 37
1429 1.8780487804878048 68.3170731707317 41
1430 -15.025 8002.225 40
1431 -16.424242424242426 9459.939393939394 33
1432 -8.216216216216216 1598.4324324324325 37
1433 -6.6 687.4 35
1434 -6.888888888888889 1558.611111111111 36
1435 -40.78787878787879 17478.727272727272 33
1436 -14.806451612903226 2932.548387096774 31
1437 0.36666666666666664 14.233333333333333 30
1438 -13.65625 3342.78125 32
1439 -0.10344827586206896 452.37931034482756 29
1440 -7.833333333333333 1078.9444444444443 18
1441 -27.208333333333332 15274.958333333334 24
1442 14.782608695652174 1589.391304347826 23
1443 -2.357142857142857 376.2142857142857 14
1444 -5.380952380952381 2316.3333333333335 21
1445 0.3076923076923077 1.2307692307692308 13
1446 -2.1153846153846154 163.73076923076923 26
1447 -16.0 8810.733333333334 30
1448 -0.7096774193548387 33.74193548387097 31
1449 -9.580645161290322 2926.4193548387098 31
1450 -21.576923076923077 5867.7307692307695 26
1451 -38.708333333333336 20828.791666666668 24
1452 -28.375 20338.875 24
1453 -0.5882352941176471 3.5294117647058822 17
1454 -2.619047619047619 201.47619047619048 21
1455 -45.5 22473.375 32
1456 -1.8125 175.0625 32
1457 10.475 7195.625 40
1458 -17.714285714285715 4314.857142857143 28
1459 1.696969696969697 76.96969696969697 33
1460 -12.878787878787879 8342.878787878788 33
1461 1.3076923076923077 1363.5384615384614 26
1462 0.043478260869565216 271.0 23
1463 -0.2727272727272727 4.212121212121212 33
1464 -22.677419354838708 7843.967741935484 31
1465 -40.77777777777778 22716.11111111111 27
1466 -40.0 17870.380952380954 21
1467 4.4375 2302.6875 16
1468 -21.95 5774.65 20
1469 -20.45 6549.35 20
1470 -14.352941176470589 4083.4117647058824 17
1471 -8.625 1944.75 16
1472 -4.933333333333334 854.4 15
1473 -13.076923076923077 1975.3846153846155 13
1474 -21.1 7498.9 10
1475 -100.55555555555556 33785.88888888889 9
1476 -0.6666666666666666 323.6666666666667 12
1477 0.8421052631578947 4.0 19
1478 -1.3157894736842106 616.3684210526316 19
1479 -28.157894736842106 8936.78947368421 19
1480 -18.0 4465.428571428572 14
1481 -1.9285714285714286 162.5 14
1482 0.45454545454545453 3.909090909090909 11
1483 -2.8666666666666667 65.8 15
1484 -0.5 40.166666666666664 18
1485 -3.6666666666666665 236.6 15
1486 0.0625 14.5625 16
1487 -65.35714285714286 19502.35714285714 14
1488 2.0 162.0 6
1489 -0.75 22.75 12
1490 -34.38095238095238 19471.619047619046 21
1491 -56.36842105263158 19779.736842105263 19
1492 -4.545454545454546 204.0 11
1493 -32.22222222222222 8968.888888888889 9
1494 6.0 264.8 5
1495 19.666666666666668 2901.4444444444443 9
1496 8.529411764705882 1424.1764705882354 17
1497 -11.615384615384615 942.2307692307693 13
1498 -6.833333333333333 381.0 12
1499 -12.8 2361.6 15
1500 5.352941176470588 2977.823529411765 17
1501 -10.3 924.9 10
1502 0.3333333333333333 1.0 6
1503 -3.1666666666666665 108.66666666666667 12
1504 5.3 252.3 10
1505 -27.333333333333332 7755.777777777777 9
1506 0.14285714285714285 64.0 14
1507 0.38461538461538464 9.923076923076923 13
1508 -3.0 39.333333333333336 12
1509 -34.625 17128.75 16
1510 -1.1428571428571428 2698.5714285714284 14
1511 8.3 775.9 10
1512 1.2857142857142858 19.285714285714285 14
1513 0.1111111111111111 1.8888888888888888 9
1514 -62.36363636363637 17893.090909090908 11
1515 -32.38461538461539 7023.923076923077 13
1516 -6.8 535.2 10
1517 -25.5 14494.7 10
1518 3.1538461538461537 217.30769230769232 13
1519 -32.90909090909091 6462.181818181818 11
1520 -6.25 1868.9166666666667 12
1521 -0.2 5.933333333333334 15
1522 -22.666666666666668 7663.6 15
1523 -11.466666666666667 777.6 15
1524 0.058823529411764705 17.352941176470587 17
1525 2.076923076923077 339.15384615384613 13
1526 -0.7 3.1 10
1527 0.2 4.2 10
1528 -8.785714285714286 726.6428571428571 14
1529 -0.5714285714285714 5.0 14
1530 -5.7 486.9 10
1531 -42.53846153846154 24049.615384615383 13
1532 -2.6666666666666665 118.93333333333334 15
1533 1.1333333333333333 50.06666666666667 15
1534 -1.2857142857142858 30.428571428571427 7
1535 1.0 18.428571428571427 7
1536 -46.5 16381.25 8
1537 -93.42857142857143 60916.857142857145 7
1538 1.3333333333333333 6.333333333333333 6
1539 0.6666666666666666 4.0 6
1540 -39.214285714285715 16337.785714285714 14
1541 -2.4285714285714284 55.857142857142854 7
1542 -1.2857142857142858 15.0 7
1543 0.5555555555555556 7.888888888888889 9
1544 14.833333333333334 1477.5 6
1545 -15.0 2404.0 10
1546 -1.0 42.5 12
1547 -40.5 28350.5 14
1548 -0.1 1.3 10
1549 2.3333333333333335 49.888888888888886 9
1550 -21.555555555555557 4702.444444444444 9
1551 -0.9 120.3 10
1552 -0.4166666666666667 1.9166666666666667 12
1553 -47.22222222222222 17813.222222222223 9
1554 -2.0 9.6 5
1555 0.5 1.0 4
1556 5.222222222222222 154.77777777777777 9
1557 4.0 184.75 8
1558 56.5 6498.5 2
1559 20.166666666666668 2922.8333333333335 6
1560 5.1 129.7 10
1561 -4.923076923076923 443.0769230769231 13
1562 -0.2 1.0 5
1563 4.166666666666667 76.16666666666667 6
1564 0.6 92.2 5
1565 2.0 12.857142857142858 7
1566 0.25 15.083333333333334 12
1567 -62.25 47271.583333333336 12
1568 -91.16666666666667 45337.166666666664 12
1569 -60.666666666666664 25340.222222222223 9
1570 -0.625 2.125 8
1571 -37.3 13841.9 10
1572 0.18181818181818182 2.0 11
1573 -42.142857142857146 24950.428571428572 14
1574 -52.083333333333336 20823.416666666668 12
1575 -55.888888888888886 29258.11111111111 9
1576 2.6666666666666665 1010.6666666666666 6
1577 25.428571428571427 4179.714285714285 7
1578 -0.3333333333333333 2.3333333333333335 9
1579 -0.3333333333333333 3.888888888888889 9
1580 -3.0 243.92307692307693 13
1581 0.14285714285714285 1.0 7
1582 -11.545454545454545 1684.4545454545455 11
1583 -0.7 14.1 10
1584 -54.1 28217.3 10
1585 -24.833333333333332 7575.0 12
1586 -6.785714285714286 871.6428571428571 14
1587 -0.5 156.0 16
1588 -6.384615384615385 458.6923076923077 13
1589 -1.8888888888888888 42.111111111111114 9
1590 -2.0 16.8 10
1591 -0.42857142857142855 4.428571428571429 7
1592 -3.888888888888889 89.88888888888889 9
1593 8.181818181818182 1285.090909090909 11
1594 -0.45454545454545453 27.0 11
1595 -5.083333333333333 416.75 12
1596 13.727272727272727 862.0909090909091 11
1597 1.0 13.5 12
1598 9.2 897.0 10
1599 -1.8 19.6 10
1600 -1.25 6.416666666666667 12
1601 66.8 25136.0 5
1602 -5.7 483.9 10
1603 -47.1 18981.9 10
1604 -2.625 56.375 8
1605 0.0 4.0 9
1606 -1.3076923076923077 7.461538461538462 13
1607 0.45454545454545453 17.181818181818183 11
1608 -28.8 2549.6 5
1609 -35.0 4831.0 4
1610 -12.0 588.8 5
1611 -189.25 153470.75 4
1612 1.25 3.75 4
1613 -56.25 25426.75 8
1614 3.6666666666666665 594.5555555555555 9
1615 -0.45454545454545453 2.090909090909091 11
1616 -0.5714285714285714 2.5714285714285716 7
1617 -108.5 69779.5 6
1618 -0.5 1.0 4
1619 -21.4 2520.2 5
1620 4.0 592.0 2
1621 8.5 162.5 2
1623 -4.0 16.0 1
1624 3.6666666666666665 35.0 3
1625 -8.0 271.5 4
1626 -11.833333333333334 1234.8333333333333 6
1627 0.0 1.0 2
1628 -0.3333333333333333 3.0 3
1629 0.2 261.8 5
1630 0.5 30.7 10
1631 -10.857142857142858 1925.857142857143 14
1632 1.4 14.2 10
1633 -1.2 1.6 5
1634 -61.0 14047.0 4
1635 0.25 9.75 4
1636 1.0 118.2 5
1637 0.8888888888888888 20.22222222222222 9
1638 -3.2 80.8 10
1639 -0.6 8.6 10
1640 -21.818181818181817 2543.6363636363635 11
1641 0.0 1.75 8
1642 -4.75 389.75 8
1643 -1.7272727272727273 35.18181818181818 11
1644 3.7 452.7 10
1645 -28.833333333333332 4817.5 6
1646 4.333333333333333 96.66666666666667 6
1647 -0.5555555555555556 12.555555555555555 9
1648 1.8 4.6 5
1649 -0.2222222222222222 3.3333333333333335 9
1650 4.444444444444445 169.33333333333334 9
1651 4.083333333333333 163.41666666666666 12
1652 -34.333333333333336 11056.777777777777 9
1653 1.4615384615384615 6.6923076923076925 13
1654 -2.5555555555555554 43.333333333333336 18
1655 -43.5 22621.0 12
1656 -0.2 3.8 15
1657 0.21428571428571427 35.92857142857143 14
1658 1.3333333333333333 6.444444444444445 9
1659 -2.5 59.5 10
1660 -20.857142857142858 3558.5714285714284 7
1661 3.2857142857142856 53.285714285714285 7
1662 0.875 8.875 8
1663 1.2857142857142858 54.42857142857143 7
1664 -1.0 15.571428571428571 7
1665 0.5 2.5 2
1666 -251.0 150283.5 4
1667 -4.125 2828.375 8
1668 -12.333333333333334 1022.0 6
1669 -0.1111111111111111 2.5555555555555554 9
1670 -0.625 1.375 8
1671 1.3333333333333333 12.666666666666666 3
1672 1.3333333333333333 2.0 3
1673 -0.5 3.0 4
1674 -75.66666666666667 52595.0 9
1675 -0.4 37.2 10
1676 -79.22222222222223 52203.444444444445 9
1677 -45.0 13329.333333333334 6
1678 -2.5714285714285716 58.0 7
1679 4.857142857142857 209.71428571428572 7
1680 -23.0 6066.0 6
1681 -8.0 226.5 4
1682 -0.3333333333333333 3.0 3
1683 0.0 5.5 4
1684 -0.6 4.6 5
1685 15.0 1413.0 6
1686 -4.333333333333333 78.33333333333333 3
1687 -2.0 4.0 1
1688 -5.5 72.5 2
1689 -2.0 5.0 2
1691 -13.0 169.0 1
1692 -18.0 685.0 2
1693 3.0 9.0 1
1695 1.0 1.0 1
1696 12.0 265.0 2
1697 -2.0 13.0 2
1698 -1.0 1.0 1
1704 1.0 1.0 1
1705 4.0 41.0 2
1706 0.5 2.5 2
1707 -13.5 757.0 4
1708 -5.833333333333333 184.16666666666666 6
1709 -1.0 1.0 2
1710 -2.0 5.0 2
1711 -1.0 1.0 1
1713 -372.0 138384.0 1
1714 1.0 5.0 2
1715 1.0 1.0 1
1716 8.666666666666666 244.66666666666666 3
1717 10.2 542.2 5
1718 -7.5 353.5 4
1719 -4.333333333333333 35.0 3
1720 0.0 1.0 2
1721 -1.3333333333333333 2.0 3
1722 -0.3333333333333333 1.0 3
1723 -31.0 1861.0 2
1726 3.0 9.0 1
1728 25.0 625.0 1
1729 0.5 2.5 2
1731 -0.5 2.5 2
1732 1.0 1.0 1
1733 1.0 1.0 1
1734 -16.0 256.0 1
1738 1.0 1.0 1
1739 1.0 1.0 4
1740 2.0 9.0 4
1741 1.0 1.0 1
1742 3.0 9.0 1
1743 -13.6 901.6 5
1744 -46.0 8182.4 5
1745 -0.6666666666666666 2.0 3
1746 1.0 1.0 1
1747 -9.0 130.0 2
1748 -2.5 8.5 2
1752 -149.0 22201.0 1
1753 -1.0 1.0 1
1759 1.0 1.0 1
1760 1.0 1.0 1
1761 -0.5 2.5 2
1762 6.0 36.0 1
1764 1.0 1.0 1
1765 -9.0 243.66666666666666 3
1766 6.0 85.0 2
1767 -2.0 4.0 1
1768 -1.0 1.0 1
1769 1.0 1.0 1
1770 1.0 1.0 1
1771 -5.0 25.0 1
1776 1.0 1.0 1
1777 8.5 672.5 2
1779 4.0 16.0 1
1781 -33.0 1089.0 1
1783 -2.0 4.0 1
1810 -541.0 292681.0 1
1835 1.0 1.0 1
1836 0.5 2.5 2
1837 20.0 400.0 1
1838 0.3333333333333333 1.0 3
1839 -1.0 5.0 2
1840 -0.5 2.5 2
1841 0.0 1.0 2
1842 36.0 1296.0 1
1846 2.0 4.0 1
1848 -0.5 34.5 4
1849 -2.0 5.0 2
1850 -2.0 4.0 1
1851 1.0 1.0 2
1852 -0.25 1.75 4
1853 -1.0 1.0 2
1854 1.0 1.0 2
1855 -7.5 98.5 2
1857 4.0 16.0 1
1860 5.0 25.0 1
1861 -1.0 1.0 1
1864 1.0 1.0 1
1865 1.5 8.5 2
1866 1.0 1.0 1
1867 1.0 1.0 1
1868 28.5 1514.5 2
1869 -1.0 1.0 1
1870 1.0 1.0 1
1871 -2.0 13.0 2
1872 -1.0 1.0 1
1878 1.0 1.0 2
1879 0.3333333333333333 1.0 3
1880 1.0 5.0 2
1882 7.0 49.0 1
1883 -1.0 1.0 1
1887 138.0 19044.0 1
1889 -2.0 4.0 1
1902 1.0 1.0 1
1903 0.0 1.0 2
1904 -516.0 266256.0 1
1920 1.0 1.0 1
1921 0.0 1.0 2
1922 -911.0 829921.0 1
1923 1.0 1.0 1
1924 -3.0 9.0 1
1939 3.0 9.0 1
1941 4.0 16.0 1
1942 -1.0 1.0 1
1945 -831.0 690561.0 1
1955 -779.0 606841.0 1
1970 -67.0 4489.0 1
1976 1.0 1.0 2
1977 34.0 2381.0 2
1990 1.0 1.0 1
1991 1.0 1.0 1
1992 -0.5 2.5 2
1993 2.0 4.0 1
1995 -805.0 648025.0 1
2020 1.0 1.0 1
2021 -22.0 1013.0 2
2022 -2.0 4.0 1
2024 -3.0 9.0 1
2025 -1.0 1.0 1
2039 1.0 1.0 1
2040 -101.0 10201.0 1
2041 -2.0 4.0 1
2042 4.0 16.0 1
2044 1.0 1.0 1
2045 1.0 1.0 1
2046 0.0 2.0 3
2047 -3.0 21.666666666666668 3
2048 -1.0 1.0 1
2049 -1.0 1.0 1
