2 0.7647524665993134
3 0.7220243132187604
4 0.6934505182918511
5 0.6722021071987406
6 0.655499788192034
7 0.6423206573535012
8 0.6307717955256382
9 0.6214357266218382
10 0.6129777404678499
11 0.6057752030952537
12 0.5996999924681181
13 0.5937163545123184
14 0.5892102825589383
15 0.5838979727878045
16 0.5801361372701447
17 0.5764156113667986
18 0.5723778875527075
19 0.5693502530957517
20 0.566040351526834
21 0.5639183822163398
22 0.5606649856070318
23 0.5587762311396784
24 0.5562852765196564
25 0.5542653134801574
26 0.5519502628986772
27 0.5502644975980858
28 0.5478579747185536
29 0.5467653188849068
30 0.5446389802433199
31 0.5435692083628373
32 0.5420738796986093
33 0.5408450163843713
34 0.539160549372484
35 0.5381451436088577
36 0.5365843929713568
37 0.5355856334982007
38 0.5348170278037395
39 0.5334535122001967
40 0.5323083936363696
41 0.5312366868431843
42 0.530002338543469
43 0.5295016130926498
44 0.5284201573002233
45 0.5276671658580686
46 0.5266048715639005
47 0.5263143406766458
48 0.5252315305196597
49 0.5244213430075528
50 0.5234391105059859
51 0.5225488001552376
52 0.5224450362719993
53 0.5216241929681731
54 0.5204477996850858
55 0.5207921121935484
56 0.5187900365270123
57 0.5191628099478212
58 0.5177677033214259
59 0.517812040399715
60 0.517537834518117
61 0.516449675667709
62 0.5160306774536758
63 0.5152913353281694
64 0.5154533335801966
65 0.5146484471187377
66 0.5143417637299722
67 0.514618509949053
68 0.5138088238811741
69 0.5130031160064148
70 0.5125626882650772
71 0.5116447942499648
72 0.5117122754881742
73 0.5121039091814115
74 0.511000919548937
75 0.5103396491063521
76 0.510619827130386
77 0.5100504009501899
78 0.5089540557450769
79 0.5081622524329146
80 0.5084264133953842
81 0.5082441399993927
82 0.5077305100166316
83 0.5087385170209663
84 0.5067606318059554
85 0.5065089353556301
86 0.5069126575233504
87 0.5068264799076003
88 0.5063580170839389
89 0.5060721698216573
90 0.5062098528187318
91 0.5054011802768649
92 0.5052641173763065
93 0.5048390370084695
94 0.5044477701129108
95 0.5043696504879882
96 0.5033415925908187
97 0.5039185145211931
98 0.5032045110713794
99 0.5036501982012791
100 0.5030497457082788
101 0.5027147690246699
102 0.5028912627258553
103 0.5027384199045661
104 0.5021463970904151
105 0.502487808409206
106 0.5025715009990754
107 0.5014918897093885
108 0.5013104098962156
109 0.5015972231825536
110 0.5008833004260625
111 0.5006553460313327
112 0.5013328478938787
113 0.5010502785451987
114 0.500065646131107
115 0.5001006054174395
116 0.4993924357014949
117 0.49980810183285546
118 0.4986827988933502
119 0.4983586140610934
120 0.4989130611188509
121 0.49856326544683566
122 0.4985653165827485
123 0.49909377003066363
124 0.4988410435028598
125 0.498010582256197
126 0.4975357480870867
127 0.4981791577568244
128 0.4979803628562785
129 0.49846851579204365
130 0.49717682992326767
131 0.497537126581814
132 0.4968037570456477
133 0.4966437611355211
134 0.4965073008958587
135 0.49624713149547145
136 0.4972785003003068
137 0.4955175904985251
138 0.4967435729204914
139 0.4956936968398911
140 0.4971502511487636
141 0.49667343946914944
142 0.4960001328273442
143 0.49517861102163246
144 0.4952497782315695
145 0.4950291617549987
146 0.49564105943094316
147 0.4948775267641521
148 0.49510421937983146
149 0.4946979916685082
150 0.4945886676413212
151 0.4937771183831145
152 0.49447383181894616
153 0.4939933080495938
154 0.4941064153908722
155 0.49400102522894473
156 0.49408873198054293
157 0.49418940255184274
158 0.49392309696984055
159 0.49372219972114595
160 0.4936018351456442
161 0.4937529782454366
162 0.4930707548498592
163 0.4940992995655752
164 0.4928334951335474
165 0.4927321917060818
166 0.4932864976966704
167 0.4921684164731323
168 0.49261187365465126
169 0.4928806204688812
170 0.4919402110199297
171 0.4917815388144166
172 0.49192123184451375
173 0.49187905846328445
174 0.4915319029376962
175 0.49164978826516365
176 0.49288206626743436
177 0.4921460679133313
178 0.49237837145308094
179 0.49220762990910893
180 0.49166984342129416
181 0.4907515520874865
182 0.49131810475646803
183 0.4908145635760114
184 0.49097261562001765
185 0.491509336937837
186 0.49120565065450456
187 0.49079839904552736
188 0.4904789920897766
189 0.489834098933222
190 0.48973123945553465
191 0.4905594928473532
192 0.4911082134152967
193 0.49117811078012213
194 0.49078983148354527
195 0.4892998993174197
196 0.4901916918612455
197 0.49002849002849
198 0.490319242795791
199 0.49048891246198023
200 0.49009749976503103
201 0.4891820431388777
202 0.48936644380770455
203 0.48980355472404113
204 0.4895183770258724
205 0.4901332355792784
206 0.4899637652374258
207 0.4896941258255127
208 0.48997785315802755
209 0.4888427415079
210 0.48984717475790235
211 0.48873910163453105
212 0.48822052874891647
213 0.4885454843826924
214 0.4899916551173982
215 0.4891187558384687
216 0.4890777808244219
217 0.48795651416268965
218 0.48879902081153265
219 0.48839056801357744
220 0.4885731897708877
221 0.48861467047048013
222 0.4882090230166265
223 0.48804604862298867
224 0.48793156971651497
225 0.4892125714649722
226 0.4884478042392863
227 0.4885798198985412
228 0.48672459890321673
229 0.48852289870800397
230 0.48834834623358814
231 0.48717900519022106
232 0.4883906350912698
233 0.4886785024890785
234 0.4878872290143417
235 0.4870716012933763
236 0.4880428187570426
237 0.48881655398555385
238 0.48726089476734996
239 0.4873659479580245
240 0.48888280845062276
241 0.48674104942420576
242 0.4881903450455433
243 0.48820466348967095
244 0.48703004112677734
245 0.4870301588289678
246 0.487108091552041
247 0.48631782210005087
248 0.4882432311299614
249 0.48755033787707486
250 0.4874216605931064
251 0.4852934472524335
252 0.48660757531725274
253 0.4862346257253738
254 0.4851118634088902
255 0.4850084951035511
256 0.4868885476698506
257 0.4856248841322571
258 0.48653639215725897
259 0.4862790993512276
260 0.4857970374440573
261 0.4873167698337543
262 0.4858960614878247
263 0.4863611059565782
264 0.4877358888841981
265 0.4876364322161984
266 0.4853490437816376
267 0.4862904919056566
268 0.48491374633828793
269 0.4848182563541951
270 0.4864501365575398
271 0.48638026607538803
272 0.48601362467076503
273 0.48660191228656763
274 0.48585146014743014
275 0.4851683431564413
276 0.4859600303566911
277 0.4859391046503218
278 0.4859566188699469
279 0.48540992693964824
280 0.48421292636054875
281 0.4866792325856314
282 0.48654666914084244
283 0.4862111069007621
284 0.4848279348856078
285 0.48364284254233825
286 0.48547532361836
287 0.48563424750820283
288 0.4860537447126151
289 0.4849166180611739
290 0.4856281426092783
291 0.4841489571598597
292 0.48536078246689796
293 0.48377364828853736
294 0.483267360012009
295 0.48505010678495153
296 0.4847803928836175
297 0.484776619235362
298 0.486906052938105
299 0.4851688930142459
300 0.48344910472388014
301 0.4858545725598539
302 0.4836860214164064
303 0.48530873303621824
304 0.48285323797839136
305 0.4849607726082948
306 0.48596237029584416
307 0.4832862037281061
308 0.48470558748232095
309 0.4844787678196725
310 0.48431995002142975
311 0.4861007227843067
312 0.484513168674389
313 0.4841507952382011
314 0.48390417368519556
315 0.4853912826917925
316 0.4835883223871531
317 0.48350838330214263
318 0.4850884615384615
319 0.4846066222907578
320 0.4841315096741941
321 0.48487322075404315
322 0.48449697895906035
323 0.48421554033938674
324 0.48547076947701173
325 0.48517957028595327
326 0.4845717007253016
327 0.4817941180058308
328 0.4829780595152072
329 0.48367789049005677
330 0.4830695819742561
331 0.4830136837123195
332 0.4835473091432941
333 0.4855311222597791
334 0.4835102594248543
335 0.48342220591092594
336 0.48328133714445065
337 0.48323942610459936
338 0.484813192339761
339 0.48522668932674773
340 0.4834585121602289
341 0.48359261882101406
342 0.4837154614932393
343 0.48344436936221935
344 0.48339544134793444
345 0.482389890765745
346 0.48307726667845413
347 0.4847151958028855
348 0.4817247839772722
349 0.48516662312059095
350 0.4823996935746433
351 0.48445246040778533
352 0.48348919609665425
353 0.48324460060539404
354 0.4841462517472228
355 0.4828897901187058
356 0.4840119748567791
357 0.4841847086446956
358 0.4818010974968052
359 0.48278097727261216
360 0.483884574727598
361 0.48335939016788776
362 0.4835627048570681
363 0.4824993142567319
364 0.4828222971069681
365 0.4819942125192347
366 0.48079842177360066
367 0.4838014338405531
368 0.48091423311767195
369 0.48192333936249715
370 0.48056224987186896
371 0.48451826657420555
372 0.4828666481840865
373 0.4823821864329489
374 0.481131600583922
375 0.4828582065137687
376 0.48385106527497906
377 0.48320456071278206
378 0.4793720920916338
379 0.4829156119854266
380 0.48336560771793935
381 0.4831639489096792
382 0.4835904777053179
383 0.48133653532568416
384 0.48154578381776275
385 0.4809029030473579
386 0.48180554965625627
387 0.4827217106783599
388 0.47949730171106514
389 0.4821654079484957
390 0.4816228283508562
391 0.4834752444023967
392 0.4827830173780661
393 0.48576034731169826
394 0.48077046097158427
395 0.48106546648010473
396 0.48168441232092435
397 0.48032367473683524
398 0.4827277455543778
399 0.48129000655329685
400 0.4833582411743217
401 0.47957795326005764
402 0.48285762088004014
403 0.48275699454987636
404 0.4803863631732317
405 0.4776983059224074
406 0.48267476358886346
407 0.48153976346838434
408 0.48121154823051304
409 0.4826384691417722
410 0.48067182465690794
411 0.4838202862620177
412 0.4822885125248106
413 0.4808526748012464
414 0.4823605015445059
415 0.48112273703815045
416 0.4808396188669739
417 0.4815306084429375
418 0.4794722732612428
419 0.4816049962861344
420 0.48030679617572164
421 0.48175204746145284
422 0.48149859102877995
423 0.48171583850931676
424 0.48054483861861297
425 0.48330614721480186
426 0.48157451951560537
427 0.4816608831680338
428 0.4818454096995323
429 0.4810970077956277
430 0.4824740266045247
431 0.4794039670070699
432 0.4830600190011979
433 0.481571601183284
434 0.48077598461409815
435 0.4820129924913524
436 0.48156379089513374
437 0.47838957459658554
438 0.4811237324953421
439 0.4808431429999483
440 0.47995042159104795
441 0.48358169820390684
442 0.47939124920735576
443 0.47871390031400646
444 0.47886468033387547
445 0.4796232287953094
446 0.4794467049335174
447 0.4824989490230484
448 0.48129737676298984
449 0.4835552183848495
450 0.4834491213731099
451 0.48084556533702694
452 0.47948170243998833
453 0.48015047450768045
454 0.4818133394209185
455 0.4799140606349964
456 0.478984886819498
457 0.48042808402266785
458 0.47952459402212283
459 0.4819529344380475
460 0.48102498856927023
461 0.47862258843245614
462 0.47894673463653514
463 0.4790932652978577
464 0.4809610476761802
465 0.47997019008922553
466 0.48091375770020534
467 0.4800528210789118
468 0.4811899057161527
469 0.4782042466295764
470 0.4808372641509434
471 0.47985705347769375
472 0.4824128669113634
473 0.4810249441910123
474 0.4794284972636224
475 0.48092369477911645
476 0.47920123968304557
477 0.47934506029428037
478 0.48073109941844366
479 0.48269867272909633
480 0.4800841167738743
481 0.483416233325797
482 0.4794804839390173
483 0.48089820770480923
484 0.4768257540097129
485 0.47887716365409394
486 0.479444237398677
487 0.47937302454557207
488 0.4803213896909168
489 0.4785724472333143
490 0.4820837992814485
491 0.4809100231321394
492 0.4788647415863209
493 0.4817591995228299
494 0.4807843813087794
495 0.4785409054313495
496 0.47890442310562714
497 0.4780201067144317
498 0.4807251047168672
