-1145 1
-1144 0
-1143 0
-1142 0
-1141 0
-1140 0
-1139 0
-1138 0
-1137 0
-1136 0
-1135 0
-1134 0
-1133 0
-1132 0
-1131 0
-1130 0
-1129 0
-1128 0
-1127 0
-1126 0
-1125 0
-1124 0
-1123 0
-1122 0
-1121 0
-1120 0
-1119 0
-1118 0
-1117 0
-1116 0
-1115 0
-1114 0
-1113 0
-1112 0
-1111 0
-1110 0
-1109 0
-1108 0
-1107 0
-1106 0
-1105 0
-1104 0
-1103 0
-1102 0
-1101 0
-1100 0
-1099 0
-1098 0
-1097 0
-1096 0
-1095 0
-1094 0
-1093 0
-1092 0
-1091 0
-1090 0
-1089 0
-1088 0
-1087 0
-1086 0
-1085 0
-1084 0
-1083 0
-1082 0
-1081 0
-1080 0
-1079 0
-1078 0
-1077 0
-1076 0
-1075 0
-1074 0
-1073 0
-1072 0
-1071 0
-1070 0
-1069 0
-1068 0
-1067 0
-1066 0
-1065 0
-1064 0
-1063 0
-1062 0
-1061 0
-1060 0
-1059 0
-1058 0
-1057 0
-1056 0
-1055 0
-1054 0
-1053 0
-1052 0
-1051 0
-1050 0
-1049 0
-1048 0
-1047 0
-1046 1
-1045 0
-1044 0
-1043 0
-1042 0
-1041 0
-1040 0
-1039 0
-1038 0
-1037 0
-1036 0
-1035 0
-1034 0
-1033 0
-1032 0
-1031 0
-1030 0
-1029 1
-1028 0
-1027 0
-1026 0
-1025 0
-1024 0
-1023 0
-1022 0
-1021 0
-1020 0
-1019 0
-1018 0
-1017 0
-1016 0
-1015 0
-1014 0
-1013 0
-1012 0
-1011 0
-1010 0
-1009 0
-1008 0
-1007 0
-1006 0
-1005 0
-1004 0
-1003 0
-1002 0
-1001 0
-1000 0
-999 0
-998 0
-997 0
-996 0
-995 0
-994 0
-993 0
-992 0
-991 0
-990 0
-989 0
-988 0
-987 0
-986 0
-985 0
-984 0
-983 0
-982 0
-981 0
-980 0
-979 0
-978 0
-977 0
-976 0
-975 0
-974 0
-973 0
-972 0
-971 0
-970 0
-969 0
-968 0
-967 0
-966 0
-965 0
-964 0
-963 0
-962 0
-961 0
-960 0
-959 0
-958 0
-957 0
-956 0
-955 0
-954 0
-953 0
-952 0
-951 0
-950 0
-949 0
-948 0
-947 0
-946 0
-945 0
-944 0
-943 0
-942 0
-941 0
-940 0
-939 0
-938 0
-937 0
-936 0
-935 0
-934 0
-933 0
-932 0
-931 0
-930 0
-929 0
-928 0
-927 0
-926 0
-925 0
-924 0
-923 0
-922 0
-921 0
-920 0
-919 0
-918 0
-917 0
-916 0
-915 0
-914 0
-913 0
-912 0
-911 0
-910 0
-909 0
-908 0
-907 0
-906 0
-905 0
-904 0
-903 0
-902 0
-901 0
-900 0
-899 0
-898 0
-897 0
-896 1
-895 0
-894 0
-893 0
-892 0
-891 0
-890 0
-889 0
-888 0
-887 0
-886 0
-885 1
-884 0
-883 0
-882 0
-881 0
-880 1
-879 0
-878 0
-877 1
-876 0
-875 0
-874 0
-873 1
-872 0
-871 0
-870 0
-869 0
-868 0
-867 0
-866 0
-865 0
-864 0
-863 0
-862 0
-861 0
-860 0
-859 0
-858 1
-857 0
-856 0
-855 0
-854 0
-853 0
-852 0
-851 0
-850 1
-849 0
-848 0
-847 1
-846 0
-845 0
-844 0
-843 0
-842 0
-841 0
-840 0
-839 0
-838 0
-837 3
-836 0
-835 1
-834 0
-833 0
-832 0
-831 0
-830 0
-829 0
-828 0
-827 0
-826 0
-825 0
-824 0
-823 1
-822 1
-821 0
-820 0
-819 0
-818 0
-817 0
-816 2
-815 2
-814 0
-813 0
-812 2
-811 0
-810 0
-809 1
-808 0
-807 0
-806 2
-805 1
-804 2
-803 1
-802 0
-801 1
-800 1
-799 1
-798 0
-797 0
-796 0
-795 0
-794 0
-793 1
-792 2
-791 0
-790 0
-789 0
-788 1
-787 0
-786 0
-785 1
-784 0
-783 0
-782 1
-781 0
-780 0
-779 1
-778 0
-777 0
-776 1
-775 1
-774 0
-773 1
-772 0
-771 1
-770 0
-769 0
-768 0
-767 0
-766 1
-765 0
-764 2
-763 2
-762 1
-761 0
-760 0
-759 2
-758 0
-757 1
-756 0
-755 0
-754 0
-753 1
-752 1
-751 0
-750 5
-749 1
-748 1
-747 1
-746 1
-745 0
-744 1
-743 0
-742 0
-741 0
-740 1
-739 1
-738 1
-737 3
-736 1
-735 0
-734 0
-733 1
-732 1
-731 2
-730 4
-729 2
-728 0
-727 1
-726 1
-725 1
-724 2
-723 1
-722 1
-721 1
-720 1
-719 0
-718 4
-717 0
-716 0
-715 1
-714 0
-713 1
-712 3
-711 2
-710 3
-709 2
-708 2
-707 1
-706 3
-705 2
-704 3
-703 0
-702 3
-701 3
-700 3
-699 1
-698 2
-697 1
-696 0
-695 2
-694 2
-693 3
-692 0
-691 2
-690 0
-689 3
-688 1
-687 0
-686 1
-685 0
-684 7
-683 2
-682 1
-681 1
-680 2
-679 5
-678 2
-677 2
-676 4
-675 6
-674 9
-673 3
-672 2
-671 3
-670 2
-669 0
-668 1
-667 2
-666 4
-665 6
-664 2
-663 3
-662 6
-661 2
-660 4
-659 2
-658 7
-657 6
-656 3
-655 4
-654 4
-653 1
-652 2
-651 5
-650 2
-649 5
-648 5
-647 6
-646 5
-645 6
-644 3
-643 1
-642 6
-641 3
-640 1
-639 3
-638 2
-637 2
-636 2
-635 5
-634 2
-633 4
-632 4
-631 3
-630 3
-629 6
-628 7
-627 2
-626 5
-625 7
-624 5
-623 3
-622 7
-621 4
-620 7
-619 4
-618 8
-617 7
-616 2
-615 7
-614 5
-613 4
-612 9
-611 4
-610 6
-609 4
-608 11
-607 6
-606 11
-605 4
-604 9
-603 4
-602 8
-601 7
-600 4
-599 11
-598 7
-597 5
-596 7
-595 7
-594 11
-593 4
-592 9
-591 11
-590 8
-589 14
-588 6
-587 9
-586 8
-585 10
-584 12
-583 12
-582 7
-581 11
-580 7
-579 6
-578 13
-577 10
-576 12
-575 9
-574 13
-573 19
-572 10
-571 17
-570 8
-569 11
-568 11
-567 8
-566 15
-565 8
-564 13
-563 16
-562 16
-561 18
-560 9
-559 18
-558 11
-557 15
-556 10
-555 20
-554 16
-553 13
-552 21
-551 15
-550 15
-549 20
-548 16
-547 17
-546 14
-545 21
-544 16
-543 15
-542 21
-541 20
-540 21
-539 19
-538 22
-537 16
-536 17
-535 20
-534 24
-533 19
-532 16
-531 25
-530 16
-529 29
-528 14
-527 21
-526 22
-525 15
-524 17
-523 21
-522 20
-521 25
-520 21
-519 30
-518 19
-517 29
-516 34
-515 18
-514 32
-513 29
-512 25
-511 28
-510 29
-509 19
-508 33
-507 22
-506 28
-505 33
-504 29
-503 29
-502 32
-501 28
-500 22
-499 24
-498 42
-497 28
-496 30
-495 23
-494 39
-493 37
-492 38
-491 43
-490 39
-489 42
-488 45
-487 44
-486 39
-485 48
-484 43
-483 44
-482 36
-481 33
-480 43
-479 46
-478 45
-477 47
-476 48
-475 53
-474 60
-473 47
-472 54
-471 47
-470 63
-469 56
-468 58
-467 58
-466 69
-465 56
-464 62
-463 52
-462 56
-461 52
-460 71
-459 52
-458 62
-457 65
-456 50
-455 58
-454 55
-453 76
-452 61
-451 76
-450 89
-449 71
-448 55
-447 59
-446 95
-445 78
-444 87
-443 81
-442 72
-441 71
-440 79
-439 73
-438 109
-437 96
-436 104
-435 77
-434 96
-433 85
-432 101
-431 103
-430 102
-429 98
-428 113
-427 106
-426 96
-425 117
-424 120
-423 108
-422 109
-421 113
-420 114
-419 122
-418 125
-417 115
-416 111
-415 132
-414 136
-413 151
-412 118
-411 135
-410 123
-409 148
-408 140
-407 134
-406 136
-405 147
-404 138
-403 121
-402 137
-401 167
-400 142
-399 164
-398 166
-397 156
-396 171
-395 161
-394 159
-393 164
-392 166
-391 160
-390 185
-389 154
-388 187
-387 175
-386 189
-385 208
-384 190
-383 183
-382 185
-381 218
-380 196
-379 195
-378 214
-377 210
-376 237
-375 227
-374 228
-373 218
-372 240
-371 253
-370 263
-369 271
-368 256
-367 270
-366 250
-365 225
-364 264
-363 261
-362 293
-361 256
-360 294
-359 304
-358 288
-357 289
-356 292
-355 303
-354 329
-353 324
-352 331
-351 333
-350 293
-349 347
-348 367
-347 346
-346 341
-345 341
-344 342
-343 373
-342 394
-341 362
-340 381
-339 391
-338 407
-337 417
-336 371
-335 389
-334 411
-333 397
-332 446
-331 426
-330 421
-329 457
-328 446
-327 468
-326 466
-325 480
-324 457
-323 505
-322 515
-321 516
-320 536
-319 501
-318 532
-317 560
-316 556
-315 586
-314 574
-313 545
-312 655
-311 610
-310 647
-309 639
-308 664
-307 628
-306 665
-305 664
-304 682
-303 697
-302 687
-301 724
-300 763
-299 759
-298 745
-297 765
-296 775
-295 827
-294 821
-293 848
-292 844
-291 846
-290 871
-289 894
-288 893
-287 909
-286 875
-285 924
-284 940
-283 970
-282 954
-281 1005
-280 977
-279 1039
-278 1102
-277 1139
-276 1096
-275 1109
-274 1156
-273 1186
-272 1133
-271 1193
-270 1254
-269 1220
-268 1318
-267 1232
-266 1317
-265 1298
-264 1346
-263 1425
-262 1412
-261 1425
-260 1409
-259 1456
-258 1483
-257 1540
-256 1549
-255 1579
-254 1645
-253 1595
-252 1599
-251 1727
-250 1696
-249 1754
-248 1789
-247 1738
-246 1805
-245 1860
-244 1944
-243 1977
-242 1986
-241 1941
-240 2117
-239 2131
-238 2123
-237 2115
-236 2271
-235 2197
-234 2194
-233 2312
-232 2291
-231 2361
-230 2430
-229 2482
-228 2541
-227 2559
-226 2707
-225 2749
-224 2795
-223 2759
-222 2879
-221 2894
-220 2823
-219 2964
-218 3077
-217 3153
-216 3089
-215 3235
-214 3312
-213 3305
-212 3395
-211 3337
-210 3378
-209 3600
-208 3582
-207 3710
-206 3849
-205 3834
-204 3855
-203 3911
-202 4027
-201 4138
-200 4147
-199 4319
-198 4330
-197 4500
-196 4505
-195 4697
-194 4766
-193 4689
-192 4876
-191 4974
-190 5231
-189 5196
-188 5269
-187 5335
-186 5476
-185 5412
-184 5774
-183 5940
-182 5866
-181 5961
-180 6156
-179 6344
-178 6563
-177 6495
-176 6526
-175 6671
-174 6867
-173 7091
-172 7181
-171 7426
-170 7518
-169 7663
-168 7720
-167 7864
-166 7985
-165 8186
-164 8675
-163 8754
-162 8808
-161 9034
-160 9176
-159 9428
-158 9408
-157 9430
-156 9968
-155 10234
-154 10224
-153 10490
-152 10713
-151 10893
-150 11168
-149 11606
-148 11576
-147 12006
-146 12380
-145 12447
-144 12718
-143 13038
-142 13207
-141 13731
-140 13830
-139 14136
-138 14712
-137 15116
-136 15398
-135 15320
-134 15918
-133 16025
-132 16703
-131 16812
-130 17223
-129 17730
-128 17960
-127 18473
-126 19103
-125 19389
-124 19636
-123 20292
-122 20989
-121 21082
-120 21652
-119 22167
-118 22597
-117 23192
-116 23824
-115 24322
-114 25164
-113 25424
-112 26536
-111 26975
-110 27810
-109 28262
-108 28767
-107 29469
-106 30411
-105 31312
-104 32141
-103 32231
-102 33376
-101 34089
-100 35155
-99 36082
-98 36940
-97 37848
-96 39313
-95 40078
-94 40981
-93 42361
-92 43318
-91 44534
-90 45578
-89 46956
-88 48037
-87 48977
-86 50814
-85 52255
-84 53325
-83 55213
-82 56965
-81 58621
-80 60393
-79 62053
-78 63910
-77 65910
-76 66951
-75 69613
-74 72143
-73 74462
-72 76191
-71 78987
-70 80977
-69 84012
-68 86363
-67 89590
-66 92392
-65 95011
-64 99274
-63 102087
-62 104962
-61 108549
-60 112961
-59 116745
-58 120538
-57 124938
-56 130063
-55 134258
-54 139150
-53 145289
-52 150691
-51 156079
-50 162291
-49 169291
-48 176259
-47 181936
-46 190065
-45 198310
-44 207018
-43 216070
-42 225795
-41 236242
-40 246852
-39 259594
-38 271568
-37 284293
-36 299263
-35 313405
-34 329013
-33 348311
-32 367016
-31 388092
-30 410482
-29 434162
-28 460304
-27 488307
-26 520336
-25 555081
-24 592546
-23 636691
-22 683346
-21 735672
-20 794123
-19 860287
-18 936353
-17 1021610
-16 1121665
-15 1234243
-14 1369028
-13 1525898
-12 1718335
-11 1943781
-10 2223480
-9 2581238
-8 3032284
-7 3633414
-6 4456492
-5 5646407
-4 7447100
-3 10504173
-2 16949071
-1 33530975
0 158452363
1 555882960
2 158451259
3 33533973
4 16951972
5 10505355
6 7439710
7 5643571
8 4457649
9 3633071
10 3034497
11 2582829
12 2225181
13 1943049
14 1714565
15 1526834
16 1369117
17 1233911
18 1119132
19 1022740
20 936573
21 860430
22 794782
23 736432
24 682882
25 637073
26 593550
27 555870
28 520434
29 489400
30 460440
31 432689
32 409882
33 386613
34 367659
35 348201
36 329920
37 313570
38 299414
39 284502
40 271502
41 258352
42 246907
43 235833
44 226361
45 216235
46 207047
47 198940
48 190300
49 182590
50 176242
51 169127
52 162117
53 156292
54 150442
55 144577
56 139152
57 135222
58 130530
59 125339
60 120767
61 116219
62 112901
63 108805
64 105307
65 101380
66 98772
67 94797
68 92311
69 89544
70 86351
71 83895
72 80758
73 78955
74 76244
75 74168
76 71569
77 69530
78 67542
79 65522
80 64450
81 61686
82 60690
83 58651
84 57353
85 55239
86 53726
87 52586
88 50724
89 49316
90 48168
91 46851
92 45887
93 44265
94 43170
95 41880
96 41270
97 39681
98 39223
99 38472
100 36871
101 35760
102 35568
103 34200
104 33378
105 32447
106 31851
107 31319
108 30333
109 29580
110 29207
111 28273
112 27246
113 26756
114 26161
115 25722
116 24971
117 24333
118 23958
119 23265
120 23322
121 22287
122 21808
123 21345
124 20627
125 20266
126 19567
127 19505
128 18825
129 18565
130 18029
131 17666
132 17310
133 16936
134 16725
135 16078
136 15998
137 15643
138 15195
139 14797
140 14686
141 14166
142 13832
143 13806
144 13277
145 13240
146 12866
147 12471
148 12157
149 11989
150 11612
151 11351
152 11089
153 10969
154 10719
155 10783
156 10225
157 10191
158 9863
159 9561
160 9418
161 9242
162 9094
163 9122
164 8728
165 8582
166 8370
167 8337
168 8131
169 7987
170 7733
171 7572
172 7304
173 7316
174 7233
175 7187
176 6908
177 6913
178 6471
179 6509
180 6329
181 6177
182 6166
183 5905
184 5919
185 5726
186 5869
187 5542
188 5467
189 5417
190 5227
191 5254
192 5084
193 4848
194 4756
195 4702
196 4836
197 4646
198 4406
199 4477
200 4404
201 4358
202 4152
203 4014
204 4051
205 4010
206 3870
207 3943
208 3689
209 3665
210 3560
211 3545
212 3534
213 3381
214 3410
215 3302
216 3223
217 3161
218 3124
219 3101
220 3089
221 2910
222 2900
223 2951
224 2732
225 2750
226 2781
227 2570
228 2647
229 2528
230 2504
231 2545
232 2356
233 2474
234 2365
235 2405
236 2316
237 2277
238 2206
239 2171
240 2124
241 2091
242 2115
243 2095
244 1978
245 1899
246 1943
247 1833
248 1871
249 1802
250 1791
251 1643
252 1659
253 1731
254 1620
255 1657
256 1564
257 1555
258 1466
259 1467
260 1509
261 1527
262 1428
263 1409
264 1410
265 1374
266 1337
267 1302
268 1294
269 1331
270 1250
271 1177
272 1163
273 1183
274 1148
275 1154
276 1176
277 1143
278 1050
279 1096
280 1092
281 1083
282 941
283 1040
284 977
285 992
286 925
287 919
288 953
289 899
290 934
291 915
292 890
293 848
294 861
295 813
296 793
297 796
298 853
299 791
300 761
301 768
302 758
303 691
304 716
305 737
306 662
307 693
308 671
309 651
310 641
311 656
312 627
313 630
314 655
315 623
316 568
317 602
318 521
319 580
320 540
321 529
322 575
323 507
324 481
325 488
326 497
327 479
328 510
329 464
330 467
331 444
332 479
333 430
334 425
335 441
336 398
337 447
338 413
339 377
340 364
341 381
342 377
343 382
344 371
345 370
346 340
347 355
348 327
349 300
350 338
351 327
352 359
353 357
354 305
355 323
356 269
357 310
358 284
359 266
360 278
361 259
362 270
363 256
364 277
365 261
366 268
367 259
368 241
369 242
370 275
371 246
372 239
373 228
374 241
375 228
376 217
377 221
378 226
379 236
380 187
381 215
382 191
383 189
384 181
385 181
386 193
387 210
388 180
389 187
390 181
391 177
392 194
393 168
394 157
395 168
396 152
397 143
398 159
399 138
400 155
401 146
402 149
403 136
404 139
405 149
406 120
407 141
408 124
409 136
410 148
411 138
412 153
413 106
414 130
415 119
416 122
417 115
418 117
419 109
420 119
421 117
422 110
423 97
424 123
425 108
426 116
427 107
428 96
429 103
430 116
431 104
432 107
433 92
434 117
435 85
436 88
437 82
438 85
439 86
440 81
441 76
442 78
443 73
444 61
445 76
446 66
447 78
448 86
449 83
450 68
451 78
452 62
453 60
454 72
455 66
456 76
457 72
458 60
459 57
460 68
461 62
462 57
463 64
464 54
465 60
466 59
467 63
468 46
469 57
470 63
471 53
472 58
473 52
474 51
475 45
476 49
477 45
478 55
479 44
480 45
481 44
482 38
483 50
484 48
485 45
486 42
487 39
488 35
489 41
490 42
491 47
492 39
493 33
494 33
495 34
496 34
497 42
498 39
499 33
500 46
501 22
502 42
503 34
504 34
505 29
506 33
507 32
508 28
509 31
510 26
511 27
512 17
513 35
514 35
515 26
516 35
517 20
518 33
519 29
520 28
521 21
522 22
523 21
524 14
525 20
526 30
527 23
528 22
529 14
530 17
531 17
532 21
533 17
534 17
535 19
536 23
537 23
538 24
539 18
540 23
541 13
542 27
543 15
544 17
545 20
546 12
547 15
548 12
549 19
550 19
551 18
552 16
553 13
554 19
555 22
556 13
557 19
558 22
559 7
560 20
561 16
562 13
563 19
564 16
565 15
566 13
567 20
568 16
569 14
570 12
571 11
572 11
573 11
574 12
575 9
576 21
577 12
578 11
579 10
580 14
581 9
582 11
583 5
584 9
585 11
586 8
587 12
588 7
589 6
590 9
591 7
592 13
593 6
594 11
595 10
596 9
597 8
598 6
599 9
600 8
601 10
602 7
603 12
604 8
605 12
606 5
607 9
608 5
609 9
610 5
611 5
612 9
613 10
614 7
615 4
616 10
617 7
618 7
619 5
620 6
621 4
622 5
623 6
624 2
625 7
626 3
627 6
628 3
629 3
630 5
631 2
632 4
633 4
634 5
635 6
636 5
637 3
638 2
639 2
640 3
641 8
642 4
643 4
644 5
645 7
646 5
647 2
648 5
649 3
650 3
651 1
652 4
653 3
654 3
655 2
656 3
657 5
658 5
659 6
660 2
661 2
662 4
663 3
664 2
665 2
666 1
667 6
668 6
669 1
670 2
671 3
672 4
673 2
674 3
675 3
676 0
677 5
678 6
679 1
680 3
681 1
682 3
683 1
684 3
685 2
686 0
687 3
688 2
689 1
690 0
691 2
692 3
693 3
694 1
695 3
696 2
697 1
698 1
699 0
700 3
701 5
702 2
703 2
704 1
705 1
706 0
707 0
708 1
709 1
710 1
711 0
712 1
713 1
714 2
715 1
716 1
717 1
718 3
719 1
720 1
721 0
722 1
723 1
724 1
725 0
726 3
727 1
728 3
729 3
730 0
731 0
732 3
733 2
734 2
735 1
736 1
737 0
738 1
739 0
740 0
741 0
742 0
743 1
744 1
745 2
746 1
747 0
748 2
749 0
750 2
751 2
752 2
753 0
754 0
755 1
756 0
757 2
758 0
759 3
760 0
761 1
762 1
763 1
764 0
765 0
766 0
767 2
768 1
769 0
770 0
771 1
772 1
773 0
774 1
775 0
776 0
777 1
778 0
779 1
780 1
781 0
782 0
783 0
784 0
785 0
786 1
787 0
788 0
789 1
790 1
791 1
792 0
793 0
794 0
795 0
796 2
797 0
798 0
799 0
800 0
801 0
802 0
803 0
804 0
805 1
806 0
807 0
808 0
809 0
810 1
811 0
812 0
813 0
814 1
815 0
816 0
817 1
818 0
819 0
820 0
821 0
822 0
823 0
824 0
825 0
826 0
827 0
828 0
829 0
830 0
831 0
832 1
833 0
834 2
835 0
836 0
837 0
838 0
839 0
840 0
841 0
842 1
843 1
844 0
845 0
846 0
847 0
848 0
849 0
850 0
851 1
852 0
853 0
854 0
855 0
856 0
857 0
858 0
859 0
860 1
861 0
862 0
863 2
864 0
865 1
866 0
867 0
868 0
869 0
870 2
871 0
872 0
873 0
874 1
875 0
876 1
877 0
878 0
879 0
880 0
881 0
882 0
883 0
884 0
885 0
886 0
887 0
888 0
889 1
890 0
891 0
892 0
893 0
894 0
895 1
896 0
897 0
898 0
899 0
900 0
901 0
902 0
903 0
904 0
905 0
906 1
907 0
908 0
909 0
910 0
911 0
912 0
913 0
914 0
915 0
916 0
917 0
918 0
919 0
920 1
921 0
922 0
923 0
924 0
925 0
926 0
927 0
928 0
929 0
930 0
931 0
932 0
933 0
934 0
935 0
936 1
937 0
938 0
939 0
940 0
941 0
942 0
943 0
944 0
945 0
946 0
947 0
948 0
949 0
950 0
951 0
952 0
953 0
954 0
955 0
956 0
957 0
958 0
959 0
960 0
961 0
962 0
963 0
964 0
965 0
966 0
967 0
968 0
969 0
970 0
971 0
972 0
973 0
974 0
975 0
976 0
977 0
978 0
979 0
980 0
981 0
982 0
983 0
984 0
985 0
986 0
987 0
988 0
989 0
990 0
991 0
992 0
993 0
994 0
995 0
996 0
997 0
998 0
999 0
1000 0
1001 0
1002 0
1003 0
1004 0
1005 0
1006 0
1007 0
1008 0
1009 0
1010 0
1011 0
1012 0
1013 0
1014 0
1015 0
1016 0
1017 0
1018 0
1019 0
1020 0
1021 0
1022 0
1023 0
1024 0
1025 0
1026 0
1027 0
1028 0
1029 0
1030 0
1031 0
1032 0
1033 0
1034 0
1035 0
1036 0
1037 0
1038 0
1039 0
1040 0
1041 0
1042 0
1043 0
1044 0
1045 0
1046 0
1047 0
1048 0
1049 0
1050 0
1051 0
1052 0
1053 0
1054 0
1055 0
1056 0
1057 0
1058 0
1059 0
1060 0
1061 0
1062 0
1063 0
1064 0
1065 0
1066 0
1067 0
1068 0
1069 0
1070 0
1071 0
1072 0
1073 0
1074 0
1075 0
1076 0
1077 0
1078 0
1079 0
1080 0
1081 0
1082 0
1083 0
1084 0
1085 0
1086 0
1087 0
1088 0
1089 0
1090 1
1091 0
1092 0
1093 0
1094 0
1095 0
1096 0
1097 0
1098 0
1099 0
1100 0
1101 0
1102 0
1103 0
1104 0
1105 0
1106 0
1107 0
1108 0
1109 0
1110 0
1111 0
1112 0
1113 0
1114 0
1115 0
1116 0
1117 0
1118 0
1119 0
1120 0
1121 0
1122 0
1123 0
1124 0
1125 0
1126 0
1127 0
1128 0
1129 0
1130 1
