0 0.5293
1 0.5208
2 0.5141
3 0.5169
4 0.5238
5 0.5229
6 0.5247
7 0.5193
8 0.5228
9 0.5219
10 0.5252
11 0.5164
12 0.5181
13 0.5178
14 0.5117
15 0.5183
16 0.5124
17 0.5239
18 0.5144
19 0.5191
20 0.5237
21 0.5184
22 0.5261
23 0.5167
24 0.5177
25 0.5234
26 0.5138
27 0.5109
28 0.5146
29 0.5185
30 0.515
31 0.5203
32 0.512
33 0.5105
34 0.5261
35 0.5144
36 0.5227
37 0.5158
38 0.5163
39 0.5198
40 0.5203
41 0.5201
42 0.5292
43 0.5148
44 0.5242
45 0.5137
46 0.5175
47 0.5185
48 0.526
49 0.5196
50 0.5254
51 0.5271
52 0.5187
53 0.5244
54 0.5225
55 0.5287
56 0.5304
57 0.5238
58 0.5207
59 0.526
60 0.5096
61 0.521
62 0.5256
63 0.5195
64 0.5242
65 0.5206
66 0.5201
67 0.5223
68 0.5159
69 0.5172
70 0.5211
71 0.514
72 0.526
73 0.5196
74 0.5154
75 0.5209
76 0.5231
77 0.5181
78 0.5173
79 0.509
80 0.5222
81 0.5132
82 0.5252
83 0.5225
84 0.5223
85 0.5172
86 0.5254
87 0.5169
88 0.5155
89 0.5227
90 0.5262
91 0.5176
92 0.514
93 0.5237
94 0.5178
95 0.5201
96 0.523
97 0.5154
98 0.5095
99 0.5225
100 0.515
101 0.5179
102 0.5204
103 0.5157
104 0.5201
105 0.5164
106 0.5135
107 0.5197
108 0.5267
109 0.5141
110 0.5174
