0 0.5768
1 0.5816
2 0.5773
3 0.5755
4 0.5805
5 0.5742
6 0.576
7 0.5985
8 0.5676
9 0.5827
10 0.5846
11 0.5849
12 0.5992
13 0.5843
14 0.5867
15 0.593
16 0.5725
17 0.5832
18 0.5838
19 0.5775
20 0.5744
21 0.5825
22 0.588
23 0.5845
24 0.5712
25 0.5924
26 0.5874
27 0.5792
28 0.5724
29 0.5857
30 0.5772
31 0.5829
32 0.5873
33 0.5696
34 0.5849
35 0.5875
36 0.5807
37 0.5807
38 0.5757
39 0.5828
40 0.5833
41 0.5941
42 0.5744
43 0.5789
44 0.5811
45 0.5706
46 0.5851
47 0.57
48 0.5902
49 0.5747
50 0.5644
51 0.5747
52 0.5737
53 0.5805
54 0.5809
55 0.5807
56 0.5827
57 0.587
58 0.5788
59 0.5714
60 0.5869
61 0.5726
62 0.5809
63 0.5928
64 0.5855
65 0.5768
66 0.5869
67 0.5836
68 0.5694
69 0.5922
70 0.6001
71 0.5821
72 0.5755
73 0.5852
74 0.5686
75 0.5936
76 0.5778
77 0.5853
78 0.5935
79 0.566
80 0.5891
81 0.5775
82 0.5667
83 0.5911
84 0.5967
85 0.5864
86 0.5819
87 0.5853
88 0.587
89 0.583
90 0.5765
91 0.5756
92 0.5698
93 0.5801
94 0.5774
95 0.5779
96 0.5927
97 0.58
98 0.5704
99 0.5752
100 0.5702
101 0.5853
102 0.5911
103 0.5918
104 0.5862
105 0.5679
106 0.5712
107 0.5885
108 0.5948
109 0.5917
110 0.5747
