-2642 1
-2641 0
-2640 0
-2639 0
-2638 0
-2637 0
-2636 0
-2635 0
-2634 0
-2633 0
-2632 0
-2631 0
-2630 0
-2629 0
-2628 0
-2627 0
-2626 0
-2625 0
-2624 0
-2623 0
-2622 1
-2621 0
-2620 0
-2619 0
-2618 0
-2617 0
-2616 0
-2615 0
-2614 0
-2613 0
-2612 0
-2611 0
-2610 0
-2609 0
-2608 0
-2607 0
-2606 0
-2605 0
-2604 0
-2603 0
-2602 0
-2601 0
-2600 0
-2599 0
-2598 0
-2597 0
-2596 0
-2595 0
-2594 0
-2593 0
-2592 0
-2591 0
-2590 0
-2589 0
-2588 0
-2587 0
-2586 0
-2585 0
-2584 0
-2583 0
-2582 0
-2581 0
-2580 0
-2579 0
-2578 0
-2577 0
-2576 0
-2575 0
-2574 0
-2573 0
-2572 0
-2571 0
-2570 0
-2569 0
-2568 0
-2567 0
-2566 0
-2565 0
-2564 0
-2563 0
-2562 0
-2561 0
-2560 0
-2559 0
-2558 0
-2557 0
-2556 0
-2555 0
-2554 0
-2553 0
-2552 0
-2551 0
-2550 0
-2549 0
-2548 0
-2547 0
-2546 0
-2545 0
-2544 0
-2543 0
-2542 0
-2541 0
-2540 0
-2539 0
-2538 0
-2537 0
-2536 0
-2535 0
-2534 0
-2533 0
-2532 0
-2531 0
-2530 0
-2529 0
-2528 0
-2527 0
-2526 0
-2525 1
-2524 0
-2523 0
-2522 0
-2521 0
-2520 0
-2519 0
-2518 0
-2517 0
-2516 0
-2515 0
-2514 0
-2513 0
-2512 0
-2511 0
-2510 0
-2509 0
-2508 0
-2507 0
-2506 0
-2505 0
-2504 1
-2503 0
-2502 0
-2501 0
-2500 0
-2499 0
-2498 0
-2497 0
-2496 0
-2495 0
-2494 0
-2493 0
-2492 0
-2491 0
-2490 0
-2489 0
-2488 0
-2487 0
-2486 0
-2485 0
-2484 0
-2483 0
-2482 0
-2481 0
-2480 1
-2479 0
-2478 0
-2477 0
-2476 0
-2475 0
-2474 0
-2473 0
-2472 0
-2471 0
-2470 0
-2469 0
-2468 0
-2467 1
-2466 0
-2465 2
-2464 0
-2463 0
-2462 0
-2461 0
-2460 1
-2459 0
-2458 0
-2457 0
-2456 0
-2455 0
-2454 0
-2453 0
-2452 0
-2451 0
-2450 0
-2449 0
-2448 0
-2447 0
-2446 0
-2445 0
-2444 1
-2443 0
-2442 0
-2441 0
-2440 0
-2439 1
-2438 0
-2437 0
-2436 0
-2435 1
-2434 1
-2433 1
-2432 1
-2431 0
-2430 0
-2429 0
-2428 0
-2427 0
-2426 0
-2425 0
-2424 0
-2423 0
-2422 0
-2421 0
-2420 0
-2419 0
-2418 0
-2417 1
-2416 1
-2415 1
-2414 0
-2413 0
-2412 0
-2411 0
-2410 0
-2409 0
-2408 0
-2407 0
-2406 0
-2405 0
-2404 0
-2403 0
-2402 1
-2401 0
-2400 0
-2399 0
-2398 0
-2397 1
-2396 0
-2395 0
-2394 0
-2393 0
-2392 3
-2391 0
-2390 0
-2389 1
-2388 0
-2387 2
-2386 1
-2385 0
-2384 0
-2383 2
-2382 0
-2381 2
-2380 1
-2379 0
-2378 0
-2377 0
-2376 0
-2375 1
-2374 0
-2373 0
-2372 0
-2371 0
-2370 1
-2369 1
-2368 0
-2367 0
-2366 2
-2365 0
-2364 1
-2363 0
-2362 0
-2361 0
-2360 4
-2359 0
-2358 0
-2357 0
-2356 2
-2355 1
-2354 2
-2353 2
-2352 0
-2351 1
-2350 1
-2349 3
-2348 1
-2347 0
-2346 1
-2345 0
-2344 1
-2343 0
-2342 0
-2341 0
-2340 4
-2339 1
-2338 0
-2337 0
-2336 1
-2335 2
-2334 1
-2333 1
-2332 1
-2331 2
-2330 1
-2329 0
-2328 0
-2327 2
-2326 0
-2325 1
-2324 0
-2323 1
-2322 0
-2321 3
-2320 1
-2319 2
-2318 0
-2317 0
-2316 0
-2315 0
-2314 3
-2313 2
-2312 2
-2311 1
-2310 1
-2309 1
-2308 1
-2307 1
-2306 2
-2305 3
-2304 2
-2303 2
-2302 2
-2301 2
-2300 2
-2299 0
-2298 2
-2297 2
-2296 1
-2295 2
-2294 0
-2293 1
-2292 2
-2291 0
-2290 1
-2289 1
-2288 3
-2287 1
-2286 2
-2285 3
-2284 5
-2283 1
-2282 3
-2281 2
-2280 4
-2279 0
-2278 2
-2277 1
-2276 0
-2275 1
-2274 3
-2273 3
-2272 2
-2271 1
-2270 3
-2269 4
-2268 1
-2267 1
-2266 5
-2265 3
-2264 1
-2263 4
-2262 3
-2261 1
-2260 1
-2259 0
-2258 6
-2257 4
-2256 3
-2255 1
-2254 4
-2253 2
-2252 1
-2251 5
-2250 1
-2249 2
-2248 4
-2247 3
-2246 4
-2245 1
-2244 5
-2243 6
-2242 5
-2241 3
-2240 3
-2239 3
-2238 4
-2237 3
-2236 2
-2235 3
-2234 3
-2233 4
-2232 1
-2231 4
-2230 1
-2229 5
-2228 5
-2227 3
-2226 3
-2225 0
-2224 4
-2223 5
-2222 4
-2221 6
-2220 0
-2219 6
-2218 2
-2217 2
-2216 5
-2215 2
-2214 5
-2213 5
-2212 2
-2211 6
-2210 4
-2209 3
-2208 3
-2207 7
-2206 6
-2205 2
-2204 5
-2203 4
-2202 5
-2201 5
-2200 4
-2199 5
-2198 2
-2197 5
-2196 4
-2195 7
-2194 5
-2193 1
-2192 6
-2191 1
-2190 4
-2189 7
-2188 5
-2187 6
-2186 5
-2185 8
-2184 3
-2183 6
-2182 5
-2181 3
-2180 2
-2179 6
-2178 3
-2177 5
-2176 8
-2175 7
-2174 4
-2173 7
-2172 1
-2171 2
-2170 8
-2169 2
-2168 0
-2167 5
-2166 2
-2165 4
-2164 3
-2163 9
-2162 5
-2161 7
-2160 4
-2159 5
-2158 5
-2157 5
-2156 7
-2155 5
-2154 5
-2153 4
-2152 4
-2151 7
-2150 10
-2149 14
-2148 5
-2147 5
-2146 5
-2145 2
-2144 5
-2143 4
-2142 7
-2141 8
-2140 4
-2139 7
-2138 8
-2137 4
-2136 5
-2135 7
-2134 13
-2133 7
-2132 6
-2131 2
-2130 5
-2129 10
-2128 7
-2127 8
-2126 10
-2125 8
-2124 4
-2123 5
-2122 7
-2121 7
-2120 7
-2119 8
-2118 9
-2117 10
-2116 7
-2115 8
-2114 5
-2113 9
-2112 6
-2111 5
-2110 10
-2109 11
-2108 12
-2107 9
-2106 5
-2105 6
-2104 8
-2103 9
-2102 7
-2101 2
-2100 7
-2099 9
-2098 7
-2097 10
-2096 14
-2095 10
-2094 10
-2093 16
-2092 13
-2091 10
-2090 6
-2089 6
-2088 5
-2087 8
-2086 8
-2085 3
-2084 10
-2083 7
-2082 7
-2081 12
-2080 5
-2079 12
-2078 14
-2077 7
-2076 4
-2075 15
-2074 8
-2073 9
-2072 8
-2071 11
-2070 8
-2069 9
-2068 14
-2067 8
-2066 6
-2065 12
-2064 11
-2063 11
-2062 8
-2061 7
-2060 14
-2059 14
-2058 4
-2057 14
-2056 16
-2055 14
-2054 15
-2053 7
-2052 11
-2051 8
-2050 14
-2049 13
-2048 9
-2047 13
-2046 9
-2045 15
-2044 14
-2043 14
-2042 12
-2041 11
-2040 10
-2039 12
-2038 9
-2037 11
-2036 9
-2035 9
-2034 11
-2033 18
-2032 12
-2031 9
-2030 18
-2029 14
-2028 13
-2027 9
-2026 13
-2025 14
-2024 10
-2023 19
-2022 10
-2021 12
-2020 18
-2019 16
-2018 12
-2017 8
-2016 14
-2015 16
-2014 10
-2013 14
-2012 16
-2011 20
-2010 15
-2009 12
-2008 12
-2007 14
-2006 15
-2005 15
-2004 12
-2003 14
-2002 16
-2001 11
-2000 11
-1999 14
-1998 18
-1997 10
-1996 10
-1995 16
-1994 17
-1993 15
-1992 12
-1991 12
-1990 17
-1989 20
-1988 13
-1987 19
-1986 6
-1985 18
-1984 25
-1983 18
-1982 14
-1981 9
-1980 13
-1979 18
-1978 16
-1977 25
-1976 17
-1975 17
-1974 8
-1973 19
-1972 14
-1971 27
-1970 13
-1969 22
-1968 21
-1967 17
-1966 18
-1965 15
-1964 17
-1963 20
-1962 24
-1961 13
-1960 12
-1959 27
-1958 15
-1957 23
-1956 23
-1955 15
-1954 28
-1953 15
-1952 27
-1951 20
-1950 16
-1949 24
-1948 16
-1947 22
-1946 18
-1945 18
-1944 26
-1943 21
-1942 28
-1941 19
-1940 24
-1939 19
-1938 22
-1937 30
-1936 22
-1935 20
-1934 24
-1933 24
-1932 20
-1931 28
-1930 26
-1929 28
-1928 33
-1927 24
-1926 20
-1925 22
-1924 23
-1923 26
-1922 20
-1921 24
-1920 16
-1919 28
-1918 23
-1917 23
-1916 24
-1915 20
-1914 16
-1913 16
-1912 30
-1911 25
-1910 20
-1909 17
-1908 25
-1907 31
-1906 19
-1905 18
-1904 26
-1903 30
-1902 31
-1901 30
-1900 19
-1899 17
-1898 21
-1897 20
-1896 18
-1895 17
-1894 25
-1893 30
-1892 29
-1891 23
-1890 26
-1889 28
-1888 23
-1887 21
-1886 32
-1885 22
-1884 25
-1883 19
-1882 19
-1881 22
-1880 30
-1879 22
-1878 24
-1877 28
-1876 24
-1875 18
-1874 29
-1873 28
-1872 17
-1871 22
-1870 29
-1869 22
-1868 37
-1867 26
-1866 21
-1865 25
-1864 21
-1863 29
-1862 28
-1861 29
-1860 31
-1859 26
-1858 25
-1857 32
-1856 30
-1855 26
-1854 22
-1853 30
-1852 34
-1851 29
-1850 24
-1849 29
-1848 30
-1847 21
-1846 27
-1845 31
-1844 31
-1843 24
-1842 27
-1841 46
-1840 19
-1839 26
-1838 20
-1837 27
-1836 23
-1835 31
-1834 36
-1833 27
-1832 28
-1831 30
-1830 34
-1829 28
-1828 36
-1827 31
-1826 29
-1825 32
-1824 27
-1823 43
-1822 54
-1821 34
-1820 28
-1819 30
-1818 28
-1817 31
-1816 38
-1815 24
-1814 31
-1813 40
-1812 29
-1811 21
-1810 32
-1809 35
-1808 33
-1807 34
-1806 37
-1805 38
-1804 38
-1803 35
-1802 31
-1801 32
-1800 32
-1799 34
-1798 35
-1797 31
-1796 39
-1795 31
-1794 48
-1793 44
-1792 39
-1791 34
-1790 33
-1789 35
-1788 38
-1787 33
-1786 40
-1785 40
-1784 32
-1783 25
-1782 38
-1781 41
-1780 28
-1779 32
-1778 39
-1777 42
-1776 49
-1775 28
-1774 50
-1773 44
-1772 36
-1771 39
-1770 36
-1769 35
-1768 40
-1767 46
-1766 33
-1765 48
-1764 37
-1763 34
-1762 39
-1761 37
-1760 42
-1759 37
-1758 41
-1757 37
-1756 48
-1755 35
-1754 39
-1753 38
-1752 29
-1751 40
-1750 42
-1749 34
-1748 42
-1747 40
-1746 31
-1745 41
-1744 41
-1743 59
-1742 50
-1741 28
-1740 39
-1739 49
-1738 41
-1737 47
-1736 50
-1735 49
-1734 40
-1733 39
-1732 49
-1731 58
-1730 47
-1729 45
-1728 47
-1727 39
-1726 40
-1725 39
-1724 40
-1723 56
-1722 45
-1721 56
-1720 46
-1719 50
-1718 57
-1717 47
-1716 41
-1715 43
-1714 41
-1713 49
-1712 46
-1711 52
-1710 44
-1709 60
-1708 34
-1707 45
-1706 70
-1705 44
-1704 53
-1703 42
-1702 49
-1701 46
-1700 66
-1699 44
-1698 52
-1697 52
-1696 45
-1695 44
-1694 66
-1693 54
-1692 49
-1691 55
-1690 64
-1689 38
-1688 60
-1687 53
-1686 52
-1685 61
-1684 44
-1683 54
-1682 43
-1681 48
-1680 43
-1679 48
-1678 45
-1677 54
-1676 44
-1675 57
-1674 46
-1673 44
-1672 41
-1671 56
-1670 40
-1669 58
-1668 61
-1667 56
-1666 70
-1665 65
-1664 51
-1663 59
-1662 61
-1661 52
-1660 58
-1659 54
-1658 51
-1657 44
-1656 52
-1655 50
-1654 52
-1653 47
-1652 59
-1651 59
-1650 60
-1649 44
-1648 52
-1647 62
-1646 48
-1645 58
-1644 61
-1643 63
-1642 58
-1641 50
-1640 67
-1639 52
-1638 61
-1637 66
-1636 56
-1635 57
-1634 44
-1633 53
-1632 58
-1631 55
-1630 69
-1629 72
-1628 77
-1627 71
-1626 46
-1625 55
-1624 58
-1623 52
-1622 59
-1621 60
-1620 64
-1619 43
-1618 70
-1617 63
-1616 55
-1615 73
-1614 70
-1613 56
-1612 66
-1611 55
-1610 68
-1609 69
-1608 73
-1607 73
-1606 64
-1605 79
-1604 56
-1603 57
-1602 64
-1601 67
-1600 66
-1599 49
-1598 67
-1597 67
-1596 56
-1595 57
-1594 75
-1593 66
-1592 70
-1591 64
-1590 76
-1589 55
-1588 85
-1587 55
-1586 40
-1585 87
-1584 45
-1583 70
-1582 53
-1581 42
-1580 68
-1579 57
-1578 66
-1577 70
-1576 67
-1575 72
-1574 59
-1573 58
-1572 66
-1571 65
-1570 70
-1569 83
-1568 73
-1567 58
-1566 70
-1565 80
-1564 73
-1563 62
-1562 81
-1561 79
-1560 86
-1559 81
-1558 76
-1557 59
-1556 62
-1555 78
-1554 83
-1553 69
-1552 82
-1551 70
-1550 70
-1549 75
-1548 75
-1547 89
-1546 67
-1545 65
-1544 72
-1543 75
-1542 78
-1541 80
-1540 84
-1539 61
-1538 72
-1537 93
-1536 62
-1535 94
-1534 67
-1533 83
-1532 60
-1531 89
-1530 68
-1529 72
-1528 68
-1527 81
-1526 89
-1525 90
-1524 61
-1523 74
-1522 82
-1521 89
-1520 84
-1519 95
-1518 76
-1517 71
-1516 73
-1515 81
-1514 79
-1513 84
-1512 82
-1511 89
-1510 89
-1509 83
-1508 100
-1507 91
-1506 90
-1505 71
-1504 87
-1503 102
-1502 75
-1501 71
-1500 69
-1499 72
-1498 72
-1497 87
-1496 66
-1495 79
-1494 74
-1493 104
-1492 89
-1491 88
-1490 92
-1489 96
-1488 90
-1487 91
-1486 102
-1485 78
-1484 79
-1483 97
-1482 94
-1481 75
-1480 98
-1479 96
-1478 88
-1477 101
-1476 81
-1475 97
-1474 77
-1473 91
-1472 84
-1471 90
-1470 100
-1469 79
-1468 94
-1467 81
-1466 94
-1465 81
-1464 85
-1463 104
-1462 83
-1461 106
-1460 102
-1459 92
-1458 88
-1457 99
-1456 99
-1455 85
-1454 105
-1453 76
-1452 105
-1451 94
-1450 100
-1449 81
-1448 94
-1447 90
-1446 94
-1445 87
-1444 104
-1443 93
-1442 81
-1441 98
-1440 89
-1439 88
-1438 93
-1437 90
-1436 107
-1435 98
-1434 87
-1433 86
-1432 118
-1431 103
-1430 94
-1429 94
-1428 93
-1427 94
-1426 103
-1425 100
-1424 96
-1423 105
-1422 115
-1421 83
-1420 97
-1419 103
-1418 108
-1417 114
-1416 84
-1415 111
-1414 120
-1413 121
-1412 107
-1411 114
-1410 96
-1409 132
-1408 109
-1407 104
-1406 108
-1405 105
-1404 113
-1403 95
-1402 110
-1401 120
-1400 107
-1399 100
-1398 85
-1397 95
-1396 101
-1395 107
-1394 127
-1393 107
-1392 89
-1391 117
-1390 104
-1389 103
-1388 118
-1387 99
-1386 111
-1385 109
-1384 117
-1383 95
-1382 127
-1381 121
-1380 115
-1379 107
-1378 103
-1377 101
-1376 96
-1375 116
-1374 110
-1373 124
-1372 108
-1371 100
-1370 122
-1369 119
-1368 114
-1367 101
-1366 132
-1365 119
-1364 109
-1363 107
-1362 131
-1361 120
-1360 111
-1359 102
-1358 99
-1357 134
-1356 107
-1355 112
-1354 114
-1353 147
-1352 128
-1351 102
-1350 135
-1349 111
-1348 115
-1347 136
-1346 119
-1345 115
-1344 125
-1343 134
-1342 104
-1341 121
-1340 130
-1339 123
-1338 112
-1337 128
-1336 140
-1335 106
-1334 112
-1333 123
-1332 127
-1331 130
-1330 135
-1329 131
-1328 135
-1327 121
-1326 131
-1325 137
-1324 116
-1323 124
-1322 144
-1321 136
-1320 133
-1319 117
-1318 147
-1317 142
-1316 146
-1315 140
-1314 147
-1313 131
-1312 124
-1311 142
-1310 118
-1309 151
-1308 117
-1307 130
-1306 134
-1305 129
-1304 136
-1303 124
-1302 143
-1301 149
-1300 153
-1299 147
-1298 146
-1297 142
-1296 156
-1295 152
-1294 137
-1293 160
-1292 134
-1291 148
-1290 125
-1289 142
-1288 128
-1287 161
-1286 135
-1285 151
-1284 149
-1283 170
-1282 149
-1281 141
-1280 155
-1279 130
-1278 135
-1277 143
-1276 149
-1275 142
-1274 130
-1273 151
-1272 169
-1271 127
-1270 129
-1269 143
-1268 160
-1267 151
-1266 132
-1265 151
-1264 117
-1263 140
-1262 143
-1261 133
-1260 151
-1259 152
-1258 123
-1257 148
-1256 154
-1255 138
-1254 157
-1253 161
-1252 150
-1251 153
-1250 130
-1249 132
-1248 139
-1247 160
-1246 161
-1245 141
-1244 137
-1243 141
-1242 150
-1241 134
-1240 162
-1239 147
-1238 148
-1237 154
-1236 129
-1235 143
-1234 159
-1233 153
-1232 144
-1231 140
-1230 162
-1229 182
-1228 158
-1227 157
-1226 163
-1225 144
-1224 150
-1223 131
-1222 159
-1221 171
-1220 147
-1219 167
-1218 148
-1217 147
-1216 167
-1215 151
-1214 155
-1213 151
-1212 207
-1211 168
-1210 158
-1209 171
-1208 172
-1207 180
-1206 170
-1205 160
-1204 162
-1203 152
-1202 171
-1201 152
-1200 177
-1199 175
-1198 181
-1197 176
-1196 201
-1195 183
-1194 157
-1193 149
-1192 184
-1191 181
-1190 158
-1189 184
-1188 168
-1187 153
-1186 165
-1185 174
-1184 192
-1183 156
-1182 176
-1181 161
-1180 170
-1179 160
-1178 169
-1177 161
-1176 190
-1175 186
-1174 183
-1173 176
-1172 171
-1171 194
-1170 192
-1169 188
-1168 187
-1167 171
-1166 203
-1165 192
-1164 191
-1163 184
-1162 186
-1161 194
-1160 187
-1159 180
-1158 189
-1157 185
-1156 181
-1155 177
-1154 183
-1153 182
-1152 185
-1151 198
-1150 162
-1149 162
-1148 183
-1147 175
-1146 210
-1145 190
-1144 190
-1143 195
-1142 175
-1141 193
-1140 201
-1139 178
-1138 228
-1137 195
-1136 180
-1135 177
-1134 186
-1133 176
-1132 196
-1131 203
-1130 185
-1129 203
-1128 195
-1127 203
-1126 202
-1125 207
-1124 180
-1123 181
-1122 183
-1121 193
-1120 219
-1119 192
-1118 226
-1117 217
-1116 191
-1115 196
-1114 204
-1113 192
-1112 222
-1111 213
-1110 186
-1109 185
-1108 193
-1107 199
-1106 187
-1105 223
-1104 187
-1103 220
-1102 203
-1101 197
-1100 189
-1099 214
-1098 194
-1097 220
-1096 217
-1095 221
-1094 224
-1093 184
-1092 195
-1091 207
-1090 212
-1089 209
-1088 235
-1087 212
-1086 217
-1085 198
-1084 207
-1083 231
-1082 222
-1081 198
-1080 213
-1079 223
-1078 217
-1077 210
-1076 219
-1075 222
-1074 217
-1073 211
-1072 226
-1071 221
-1070 247
-1069 211
-1068 239
-1067 231
-1066 225
-1065 230
-1064 210
-1063 206
-1062 244
-1061 247
-1060 222
-1059 267
-1058 260
-1057 224
-1056 196
-1055 231
-1054 227
-1053 225
-1052 230
-1051 215
-1050 222
-1049 231
-1048 232
-1047 248
-1046 220
-1045 228
-1044 238
-1043 217
-1042 243
-1041 214
-1040 248
-1039 250
-1038 229
-1037 238
-1036 233
-1035 204
-1034 248
-1033 248
-1032 216
-1031 236
-1030 235
-1029 249
-1028 251
-1027 266
-1026 262
-1025 256
-1024 247
-1023 233
-1022 216
-1021 222
-1020 258
-1019 237
-1018 265
-1017 223
-1016 253
-1015 248
-1014 252
-1013 224
-1012 258
-1011 245
-1010 265
-1009 246
-1008 242
-1007 227
-1006 269
-1005 262
-1004 250
-1003 243
-1002 266
-1001 259
-1000 249
-999 225
-998 258
-997 245
-996 274
-995 252
-994 231
-993 271
-992 248
-991 244
-990 260
-989 242
-988 269
-987 266
-986 263
-985 262
-984 266
-983 279
-982 275
-981 287
-980 247
-979 281
-978 271
-977 282
-976 292
-975 266
-974 277
-973 287
-972 263
-971 288
-970 293
-969 260
-968 271
-967 280
-966 282
-965 290
-964 286
-963 267
-962 286
-961 249
-960 287
-959 261
-958 287
-957 269
-956 272
-955 274
-954 276
-953 300
-952 285
-951 305
-950 273
-949 314
-948 279
-947 308
-946 268
-945 267
-944 315
-943 321
-942 312
-941 247
-940 283
-939 282
-938 294
-937 305
-936 284
-935 286
-934 295
-933 279
-932 278
-931 281
-930 292
-929 316
-928 305
-927 286
-926 307
-925 299
-924 289
-923 299
-922 286
-921 324
-920 292
-919 315
-918 298
-917 298
-916 307
-915 308
-914 305
-913 313
-912 315
-911 310
-910 350
-909 305
-908 323
-907 309
-906 319
-905 293
-904 280
-903 336
-902 320
-901 321
-900 302
-899 320
-898 314
-897 287
-896 303
-895 373
-894 316
-893 326
-892 325
-891 345
-890 292
-889 317
-888 311
-887 321
-886 326
-885 344
-884 341
-883 309
-882 314
-881 342
-880 329
-879 327
-878 329
-877 351
-876 335
-875 330
-874 345
-873 316
-872 338
-871 339
-870 348
-869 351
-868 342
-867 320
-866 322
-865 331
-864 356
-863 416
-862 323
-861 364
-860 356
-859 328
-858 347
-857 319
-856 358
-855 368
-854 335
-853 325
-852 367
-851 384
-850 388
-849 345
-848 363
-847 401
-846 372
-845 334
-844 307
-843 346
-842 370
-841 374
-840 367
-839 381
-838 406
-837 337
-836 345
-835 367
-834 364
-833 373
-832 350
-831 377
-830 370
-829 380
-828 353
-827 391
-826 385
-825 359
-824 377
-823 376
-822 352
-821 382
-820 360
-819 387
-818 399
-817 376
-816 387
-815 358
-814 385
-813 379
-812 408
-811 395
-810 430
-809 400
-808 420
-807 366
-806 383
-805 369
-804 377
-803 406
-802 398
-801 383
-800 406
-799 395
-798 372
-797 422
-796 407
-795 419
-794 402
-793 415
-792 380
-791 389
-790 409
-789 385
-788 394
-787 439
-786 409
-785 428
-784 414
-783 417
-782 396
-781 408
-780 411
-779 423
-778 390
-777 430
-776 446
-775 407
-774 414
-773 428
-772 429
-771 467
-770 436
-769 434
-768 460
-767 458
-766 461
-765 436
-764 438
-763 475
-762 434
-761 461
-760 438
-759 446
-758 433
-757 452
-756 454
-755 428
-754 422
-753 491
-752 463
-751 411
-750 442
-749 471
-748 450
-747 441
-746 434
-745 440
-744 458
-743 454
-742 450
-741 468
-740 461
-739 449
-738 471
-737 454
-736 492
-735 426
-734 473
-733 456
-732 494
-731 489
-730 433
-729 470
-728 489
-727 486
-726 486
-725 450
-724 474
-723 462
-722 489
-721 496
-720 466
-719 485
-718 463
-717 481
-716 525
-715 466
-714 464
-713 492
-712 455
-711 497
-710 443
-709 516
-708 475
-707 539
-706 463
-705 510
-704 499
-703 482
-702 527
-701 491
-700 544
-699 504
-698 523
-697 487
-696 517
-695 563
-694 526
-693 494
-692 515
-691 528
-690 555
-689 535
-688 531
-687 531
-686 528
-685 534
-684 548
-683 568
-682 524
-681 561
-680 499
-679 542
-678 543
-677 544
-676 535
-675 545
-674 529
-673 530
-672 523
-671 526
-670 539
-669 545
-668 555
-667 555
-666 550
-665 535
-664 544
-663 580
-662 499
-661 554
-660 549
-659 563
-658 578
-657 533
-656 586
-655 508
-654 540
-653 595
-652 559
-651 581
-650 575
-649 540
-648 541
-647 568
-646 553
-645 549
-644 550
-643 580
-642 608
-641 574
-640 595
-639 621
-638 633
-637 563
-636 630
-635 636
-634 588
-633 624
-632 614
-631 603
-630 614
-629 610
-628 627
-627 597
-626 561
-625 598
-624 578
-623 611
-622 605
-621 573
-620 602
-619 627
-618 633
-617 621
-616 625
-615 599
-614 673
-613 577
-612 616
-611 656
-610 678
-609 639
-608 637
-607 652
-606 629
-605 601
-604 644
-603 632
-602 672
-601 665
-600 653
-599 642
-598 657
-597 668
-596 684
-595 698
-594 694
-593 650
-592 654
-591 614
-590 678
-589 656
-588 697
-587 671
-586 715
-585 679
-584 703
-583 675
-582 701
-581 656
-580 688
-579 680
-578 664
-577 732
-576 673
-575 678
-574 711
-573 665
-572 723
-571 709
-570 752
-569 708
-568 695
-567 728
-566 713
-565 709
-564 719
-563 705
-562 718
-561 735
-560 703
-559 720
-558 712
-557 734
-556 725
-555 746
-554 702
-553 725
-552 761
-551 710
-550 706
-549 746
-548 754
-547 784
-546 738
-545 770
-544 777
-543 786
-542 766
-541 736
-540 760
-539 765
-538 766
-537 765
-536 790
-535 784
-534 757
-533 774
-532 811
-531 778
-530 756
-529 769
-528 845
-527 826
-526 829
-525 826
-524 824
-523 870
-522 822
-521 805
-520 839
-519 798
-518 814
-517 862
-516 854
-515 807
-514 833
-513 793
-512 809
-511 820
-510 830
-509 854
-508 852
-507 820
-506 802
-505 834
-504 900
-503 867
-502 871
-501 867
-500 826
-499 848
-498 925
-497 911
-496 923
-495 878
-494 873
-493 831
-492 868
-491 888
-490 895
-489 907
-488 877
-487 907
-486 881
-485 880
-484 960
-483 912
-482 918
-481 878
-480 961
-479 923
-478 913
-477 907
-476 979
-475 1006
-474 952
-473 920
-472 925
-471 1013
-470 1049
-469 924
-468 988
-467 981
-466 956
-465 949
-464 913
-463 999
-462 975
-461 995
-460 943
-459 989
-458 949
-457 969
-456 1006
-455 994
-454 1056
-453 1025
-452 1007
-451 1053
-450 1024
-449 1060
-448 1061
-447 1012
-446 1065
-445 1040
-444 1108
-443 1089
-442 1089
-441 1090
-440 1081
-439 1090
-438 1044
-437 1066
-436 1093
-435 1086
-434 1081
-433 1098
-432 1132
-431 1087
-430 1127
-429 1115
-428 1101
-427 1135
-426 1118
-425 1164
-424 1071
-423 1175
-422 1158
-421 1140
-420 1191
-419 1166
-418 1138
-417 1149
-416 1208
-415 1147
-414 1135
-413 1198
-412 1209
-411 1211
-410 1202
-409 1214
-408 1263
-407 1183
-406 1249
-405 1198
-404 1167
-403 1240
-402 1187
-401 1189
-400 1187
-399 1185
-398 1255
-397 1276
-396 1256
-395 1249
-394 1245
-393 1242
-392 1264
-391 1269
-390 1263
-389 1320
-388 1330
-387 1268
-386 1300
-385 1280
-384 1315
-383 1347
-382 1379
-381 1324
-380 1339
-379 1313
-378 1334
-377 1354
-376 1362
-375 1342
-374 1372
-373 1382
-372 1347
-371 1428
-370 1397
-369 1436
-368 1419
-367 1373
-366 1428
-365 1336
-364 1420
-363 1434
-362 1417
-361 1475
-360 1464
-359 1432
-358 1483
-357 1518
-356 1448
-355 1472
-354 1464
-353 1509
-352 1526
-351 1428
-350 1532
-349 1457
-348 1514
-347 1546
-346 1570
-345 1499
-344 1527
-343 1481
-342 1582
-341 1558
-340 1582
-339 1581
-338 1609
-337 1513
-336 1732
-335 1591
-334 1651
-333 1598
-332 1712
-331 1642
-330 1643
-329 1700
-328 1653
-327 1802
-326 1609
-325 1701
-324 1766
-323 1801
-322 1698
-321 1707
-320 1680
-319 1747
-318 1750
-317 1712
-316 1796
-315 1758
-314 1734
-313 1847
-312 1784
-311 1904
-310 1859
-309 1814
-308 1815
-307 1848
-306 1907
-305 1843
-304 1863
-303 1823
-302 1910
-301 1889
-300 1937
-299 1923
-298 1893
-297 1921
-296 1887
-295 1950
-294 2010
-293 1895
-292 2045
-291 1928
-290 2001
-289 2039
-288 1985
-287 2067
-286 2044
-285 2116
-284 2069
-283 2014
-282 2169
-281 2063
-280 2171
-279 2127
-278 2208
-277 2168
-276 2212
-275 2181
-274 2206
-273 2133
-272 2217
-271 2119
-270 2269
-269 2271
-268 2227
-267 2352
-266 2265
-265 2274
-264 2300
-263 2382
-262 2396
-261 2331
-260 2385
-259 2436
-258 2346
-257 2355
-256 2412
-255 2434
-254 2416
-253 2471
-252 2538
-251 2572
-250 2458
-249 2525
-248 2619
-247 2620
-246 2548
-245 2554
-244 2611
-243 2680
-242 2664
-241 2680
-240 2800
-239 2718
-238 2626
-237 2716
-236 2773
-235 2727
-234 2782
-233 2769
-232 2845
-231 2834
-230 2920
-229 2876
-228 2869
-227 2923
-226 3011
-225 2970
-224 3039
-223 3027
-222 2941
-221 3068
-220 3152
-219 3064
-218 3100
-217 3124
-216 3240
-215 3192
-214 3223
-213 3246
-212 3260
-211 3127
-210 3283
-209 3262
-208 3378
-207 3404
-206 3492
-205 3363
-204 3526
-203 3468
-202 3380
-201 3470
-200 3480
-199 3576
-198 3632
-197 3568
-196 3592
-195 3815
-194 3745
-193 3751
-192 3798
-191 3789
-190 3835
-189 3978
-188 3875
-187 3994
-186 3942
-185 3914
-184 4192
-183 4043
-182 4066
-181 4083
-180 4123
-179 4113
-178 4213
-177 4212
-176 4412
-175 4376
-174 4291
-173 4341
-172 4471
-171 4452
-170 4498
-169 4598
-168 4658
-167 4711
-166 4694
-165 4808
-164 4777
-163 4847
-162 4801
-161 4984
-160 4963
-159 4980
-158 5121
-157 5100
-156 5248
-155 5202
-154 5239
-153 5478
-152 5303
-151 5415
-150 5550
-149 5576
-148 5686
-147 5620
-146 5848
-145 5835
-144 5852
-143 5882
-142 6027
-141 5928
-140 6068
-139 6173
-138 6233
-137 6085
-136 6443
-135 6341
-134 6459
-133 6489
-132 6557
-131 6830
-130 6722
-129 7099
-128 6751
-127 7185
-126 7005
-125 7162
-124 7367
-123 7284
-122 7485
-121 7588
-120 7699
-119 7794
-118 7925
-117 8052
-116 7984
-115 8111
-114 8281
-113 8493
-112 8582
-111 8680
-110 8910
-109 8738
-108 8887
-107 9183
-106 9111
-105 9459
-104 9620
-103 9607
-102 9715
-101 9823
-100 10241
-99 10310
-98 10490
-97 10450
-96 10997
-95 10876
-94 11099
-93 11192
-92 11342
-91 11630
-90 11783
-89 12010
-88 12091
-87 12415
-86 12859
-85 12923
-84 13125
-83 13213
-82 13609
-81 13862
-80 14297
-79 14630
-78 14692
-77 15183
-76 15378
-75 15409
-74 15923
-73 16139
-72 16754
-71 16892
-70 17325
-69 17700
-68 18023
-67 18728
-66 18862
-65 19032
-64 19791
-63 20126
-62 20568
-61 21429
-60 21705
-59 22480
-58 23072
-57 23138
-56 24006
-55 24972
-54 25519
-53 26264
-52 27107
-51 27637
-50 28822
-49 29518
-48 30658
-47 31605
-46 32571
-45 33974
-44 34927
-43 36229
-42 37448
-41 38784
-40 40639
-39 41909
-38 43540
-37 45570
-36 47150
-35 49769
-34 51461
-33 53996
-32 57031
-31 59541
-30 62564
-29 65452
-28 69089
-27 72983
-26 77584
-25 82119
-24 87864
-23 93974
-22 99998
-21 107713
-20 115235
-19 125406
-18 136079
-17 148987
-16 163513
-15 180314
-14 200067
-13 224493
-12 253194
-11 290260
-10 335889
-9 394499
-8 472335
-7 579503
-6 736189
-5 972702
-4 1375084
-3 2142779
-2 4015458
-1 11552563
0 132970689
1 787394147
2 137602005
3 8308460
4 3192882
5 1875075
6 1257913
7 913236
8 700874
9 556412
10 458109
11 384354
12 328978
13 284074
14 248902
15 220093
16 198027
17 178060
18 161515
19 147452
20 135141
21 124081
22 114730
23 106788
24 99532
25 93337
26 87067
27 81754
28 76877
29 73218
30 69068
31 65786
32 62132
33 59268
34 56536
35 53785
36 51642
37 49431
38 47168
39 45186
40 43708
41 41912
42 40438
43 39055
44 37171
45 36308
46 34677
47 33668
48 32642
49 31374
50 30486
51 29327
52 28635
53 27698
54 27018
55 26090
56 25441
57 24979
58 24144
59 23400
60 22986
61 22372
62 21869
63 21461
64 20730
65 20250
66 19749
67 19296
68 18945
69 18445
70 17616
71 17710
72 17393
73 16843
74 16531
75 16243
76 15829
77 15611
78 15274
79 14791
80 14554
81 14694
82 14118
83 13907
84 13709
85 13376
86 13171
87 12876
88 12653
89 12457
90 12303
91 12057
92 11836
93 11620
94 11337
95 11386
96 11290
97 10810
98 10852
99 10699
100 10334
101 10198
102 10119
103 10021
104 9875
105 9697
106 9561
107 9499
108 9155
109 8889
110 9037
111 8846
112 8746
113 8675
114 8429
115 8455
116 8328
117 8249
118 7918
119 7757
120 7842
121 7821
122 7653
123 7555
124 7481
125 7389
126 7367
127 7162
128 7056
129 6954
130 7017
131 6942
132 6618
133 6750
134 6632
135 6637
136 6424
137 6359
138 6304
139 6404
140 6354
141 6073
142 6111
143 6161
144 5897
145 5833
146 5843
147 5763
148 5682
149 5641
150 5511
151 5529
152 5474
153 5470
154 5413
155 5301
156 5176
157 5282
158 5233
159 5065
160 4938
161 4946
162 5088
163 4926
164 4842
165 4840
166 4775
167 4712
168 4579
169 4745
170 4583
171 4625
172 4580
173 4525
174 4293
175 4510
176 4304
177 4462
178 4454
179 4315
180 4218
181 4244
182 4108
183 4251
184 4059
185 4003
186 4004
187 4040
188 4061
189 3985
190 3892
191 3844
192 3809
193 3779
194 3752
195 3756
196 3695
197 3645
198 3684
199 3689
200 3707
201 3621
202 3528
203 3432
204 3532
205 3447
206 3420
207 3395
208 3457
209 3318
210 3277
211 3389
212 3238
213 3287
214 3293
215 3290
216 3241
217 3215
218 3099
219 3210
220 3021
221 3118
222 3119
223 3161
224 2980
225 2990
226 3029
227 3058
228 3001
229 2894
230 2916
231 2777
232 2872
233 2791
234 2724
235 2833
236 2781
237 2805
238 2650
239 2775
240 2800
241 2775
242 2666
243 2652
244 2624
245 2581
246 2629
247 2583
248 2604
249 2481
250 2554
251 2534
252 2409
253 2459
254 2518
255 2587
256 2489
257 2471
258 2426
259 2366
260 2381
261 2483
262 2348
263 2504
264 2394
265 2347
266 2387
267 2333
268 2261
269 2382
270 2314
271 2243
272 2232
273 2156
274 2127
275 2212
276 2234
277 2211
278 2172
279 2112
280 2166
281 2123
282 2130
283 2113
284 2100
285 2115
286 2075
287 2009
288 2098
289 2021
290 2069
291 2033
292 2021
293 1978
294 1992
295 1887
296 1930
297 1969
298 1969
299 1928
300 1919
301 2012
302 1889
303 1873
304 1877
305 1914
306 1833
307 1789
308 1802
309 1834
310 1782
311 1767
312 1736
313 1820
314 1837
315 1738
316 1853
317 1809
318 1736
319 1808
320 1807
321 1749
322 1733
323 1749
324 1739
325 1677
326 1668
327 1722
328 1668
329 1716
330 1649
331 1700
332 1665
333 1664
334 1665
335 1572
336 1601
337 1648
338 1676
339 1574
340 1621
341 1606
342 1552
343 1524
344 1501
345 1484
346 1519
347 1541
348 1580
349 1555
350 1535
351 1527
352 1481
353 1522
354 1471
355 1492
356 1508
357 1495
358 1528
359 1473
360 1378
361 1458
362 1475
363 1373
364 1469
365 1422
366 1451
367 1411
368 1341
369 1436
370 1379
371 1395
372 1412
373 1423
374 1339
375 1412
376 1367
377 1350
378 1360
379 1389
380 1319
381 1366
382 1327
383 1338
384 1358
385 1345
386 1330
387 1352
388 1298
389 1265
390 1275
391 1267
392 1250
393 1301
394 1246
395 1322
396 1269
397 1180
398 1198
399 1311
400 1269
401 1233
402 1229
403 1222
404 1185
405 1183
406 1166
407 1206
408 1188
409 1272
410 1193
411 1157
412 1210
413 1149
414 1213
415 1189
416 1114
417 1153
418 1112
419 1189
420 1132
421 1185
422 1215
423 1143
424 1194
425 1124
426 1111
427 1140
428 1143
429 1114
430 1152
431 1102
432 1086
433 1088
434 1054
435 1103
436 1054
437 1132
438 1123
439 1074
440 1068
441 1032
442 1035
443 996
444 1041
445 1096
446 1020
447 1044
448 1109
449 1055
450 1057
451 1018
452 1038
453 1019
454 1029
455 1015
456 967
457 1003
458 1016
459 990
460 948
461 992
462 951
463 956
464 925
465 946
466 980
467 968
468 943
469 988
470 926
471 966
472 931
473 894
474 908
475 976
476 986
477 933
478 976
479 898
480 937
481 927
482 943
483 941
484 908
485 920
486 914
487 887
488 982
489 890
490 910
491 914
492 822
493 899
494 897
495 865
496 872
497 862
498 842
499 895
500 857
501 892
502 910
503 849
504 901
505 874
506 905
507 867
508 865
509 831
510 866
511 800
512 840
513 785
514 756
515 849
516 884
517 835
518 875
519 832
520 843
521 835
522 854
523 791
524 796
525 799
526 847
527 799
528 882
529 790
530 790
531 854
532 796
533 775
534 789
535 820
536 804
537 762
538 743
539 815
540 725
541 793
542 749
543 771
544 725
545 742
546 776
547 766
548 741
549 734
550 725
551 759
552 709
553 704
554 770
555 737
556 731
557 773
558 740
559 722
560 724
561 752
562 690
563 700
564 750
565 702
566 673
567 734
568 720
569 701
570 742
571 697
572 724
573 713
574 683
575 733
576 718
577 685
578 669
579 661
580 685
581 707
582 707
583 714
584 725
585 680
586 649
587 668
588 681
589 664
590 702
591 711
592 664
593 688
594 673
595 675
596 653
597 663
598 691
599 676
600 642
601 653
602 631
603 630
604 694
605 619
606 630
607 678
608 620
609 650
610 619
611 662
612 701
613 661
614 641
615 654
616 668
617 602
618 599
619 615
620 629
621 586
622 611
623 542
624 673
625 610
626 615
627 584
628 607
629 646
630 612
631 619
632 610
633 627
634 579
635 559
636 576
637 559
638 592
639 590
640 599
641 593
642 571
643 551
644 523
645 554
646 618
647 518
648 559
649 621
650 564
651 567
652 596
653 539
654 576
655 579
656 556
657 559
658 519
659 526
660 554
661 594
662 550
663 548
664 542
665 540
666 571
667 521
668 549
669 549
670 572
671 569
672 537
673 594
674 499
675 542
676 583
677 551
678 511
679 553
680 564
681 501
682 549
683 463
684 499
685 532
686 559
687 515
688 510
689 474
690 520
691 514
692 535
693 557
694 525
695 564
696 539
697 505
698 509
699 546
700 533
701 537
702 472
703 542
704 491
705 473
706 499
707 494
708 511
709 485
710 480
711 479
712 476
713 499
714 502
715 487
716 499
717 524
718 498
719 450
720 497
721 512
722 453
723 465
724 515
725 485
726 470
727 477
728 441
729 471
730 475
731 486
732 485
733 447
734 455
735 467
736 454
737 434
738 476
739 445
740 443
741 424
742 469
743 473
744 491
745 475
746 436
747 410
748 461
749 441
750 425
751 442
752 452
753 426
754 451
755 427
756 431
757 454
758 475
759 439
760 450
761 465
762 457
763 445
764 429
765 423
766 434
767 411
768 437
769 426
770 463
771 459
772 419
773 413
774 419
775 448
776 419
777 389
778 415
779 399
780 429
781 416
782 413
783 413
784 400
785 398
786 431
787 384
788 420
789 401
790 421
791 436
792 430
793 387
794 411
795 387
796 392
797 382
798 384
799 424
800 402
801 408
802 405
803 416
804 406
805 403
806 398
807 379
808 424
809 385
810 421
811 395
812 366
813 346
814 368
815 376
816 399
817 411
818 382
819 400
820 371
821 364
822 361
823 366
824 353
825 379
826 370
827 398
828 364
829 371
830 362
831 401
832 358
833 341
834 380
835 370
836 406
837 366
838 371
839 347
840 389
841 358
842 358
843 358
844 323
845 364
846 359
847 382
848 372
849 356
850 349
851 356
852 343
853 386
854 370
855 358
856 334
857 321
858 401
859 361
860 364
861 341
862 370
863 347
864 344
865 335
866 312
867 354
868 373
869 339
870 371
871 326
872 306
873 315
874 306
875 332
876 340
877 328
878 346
879 296
880 317
881 328
882 306
883 371
884 318
885 298
886 325
887 333
888 328
889 324
890 269
891 348
892 328
893 302
894 337
895 283
896 308
897 308
898 322
899 319
900 316
901 304
902 337
903 304
904 306
905 333
906 313
907 326
908 319
909 310
910 322
911 339
912 336
913 287
914 322
915 297
916 293
917 277
918 330
919 302
920 314
921 325
922 292
923 287
924 327
925 314
926 319
927 273
928 297
929 300
930 310
931 302
932 295
933 288
934 290
935 288
936 293
937 296
938 285
939 245
940 284
941 321
942 300
943 281
944 300
945 290
946 288
947 290
948 280
949 275
950 324
951 272
952 296
953 284
954 263
955 302
956 282
957 276
958 270
959 270
960 266
961 269
962 267
963 277
964 273
965 285
966 285
967 265
968 272
969 289
970 301
971 283
972 281
973 254
974 306
975 260
976 288
977 252
978 288
979 251
980 276
981 267
982 279
983 267
984 272
985 270
986 275
987 272
988 289
989 289
990 276
991 250
992 255
993 249
994 290
995 275
996 222
997 230
998 247
999 271
1000 241
1001 253
1002 263
1003 267
1004 233
1005 252
1006 260
1007 272
1008 267
1009 241
1010 231
1011 223
1012 278
1013 254
1014 251
1015 274
1016 243
1017 262
1018 236
1019 267
1020 247
1021 241
1022 230
1023 230
1024 247
1025 232
1026 253
1027 248
1028 257
1029 222
1030 241
1031 245
1032 234
1033 255
1034 245
1035 232
1036 239
1037 227
1038 241
1039 251
1040 232
1041 204
1042 243
1043 235
1044 261
1045 208
1046 244
1047 221
1048 239
1049 215
1050 241
1051 224
1052 226
1053 234
1054 208
1055 202
1056 248
1057 230
1058 218
1059 222
1060 237
1061 214
1062 231
1063 201
1064 221
1065 241
1066 241
1067 267
1068 207
1069 236
1070 219
1071 223
1072 204
1073 251
1074 223
1075 196
1076 192
1077 226
1078 214
1079 237
1080 198
1081 232
1082 232
1083 228
1084 243
1085 232
1086 215
1087 215
1088 201
1089 191
1090 191
1091 229
1092 215
1093 217
1094 208
1095 205
1096 220
1097 213
1098 187
1099 204
1100 201
1101 213
1102 215
1103 219
1104 201
1105 215
1106 191
1107 200
1108 202
1109 194
1110 227
1111 168
1112 188
1113 206
1114 215
1115 218
1116 226
1117 194
1118 191
1119 201
1120 214
1121 210
1122 194
1123 209
1124 181
1125 215
1126 189
1127 203
1128 194
1129 198
1130 177
1131 181
1132 191
1133 186
1134 203
1135 196
1136 194
1137 216
1138 197
1139 181
1140 193
1141 163
1142 197
1143 169
1144 190
1145 206
1146 190
1147 199
1148 183
1149 191
1150 199
1151 176
1152 182
1153 181
1154 175
1155 211
1156 177
1157 178
1158 187
1159 168
1160 171
1161 210
1162 186
1163 178
1164 175
1165 172
1166 190
1167 171
1168 174
1169 174
1170 176
1171 184
1172 182
1173 173
1174 193
1175 182
1176 145
1177 159
1178 165
1179 164
1180 179
1181 171
1182 183
1183 168
1184 171
1185 179
1186 162
1187 163
1188 163
1189 189
1190 176
1191 188
1192 173
1193 182
1194 172
1195 172
1196 151
1197 185
1198 177
1199 169
1200 189
1201 173
1202 164
1203 159
1204 157
1205 170
1206 176
1207 170
1208 173
1209 178
1210 163
1211 168
1212 183
1213 160
1214 174
1215 160
1216 165
1217 140
1218 146
1219 163
1220 157
1221 191
1222 162
1223 155
1224 172
1225 169
1226 183
1227 160
1228 166
1229 169
1230 143
1231 126
1232 162
1233 153
1234 144
1235 166
1236 159
1237 154
1238 168
1239 156
1240 137
1241 152
1242 164
1243 177
1244 160
1245 142
1246 163
1247 148
1248 149
1249 143
1250 155
1251 147
1252 178
1253 148
1254 144
1255 156
1256 150
1257 152
1258 154
1259 140
1260 139
1261 120
1262 140
1263 127
1264 146
1265 148
1266 133
1267 164
1268 134
1269 138
1270 130
1271 149
1272 148
1273 145
1274 131
1275 132
1276 140
1277 158
1278 148
1279 151
1280 169
1281 153
1282 154
1283 136
1284 143
1285 155
1286 136
1287 132
1288 135
1289 140
1290 143
1291 117
1292 122
1293 151
1294 140
1295 129
1296 142
1297 133
1298 116
1299 139
1300 122
1301 136
1302 136
1303 140
1304 150
1305 138
1306 136
1307 149
1308 121
1309 155
1310 130
1311 127
1312 129
1313 129
1314 136
1315 142
1316 134
1317 144
1318 140
1319 100
1320 143
1321 135
1322 149
1323 158
1324 123
1325 127
1326 119
1327 147
1328 138
1329 126
1330 152
1331 145
1332 111
1333 131
1334 130
1335 112
1336 141
1337 125
1338 106
1339 152
1340 100
1341 128
1342 145
1343 111
1344 122
1345 115
1346 115
1347 120
1348 117
1349 140
1350 127
1351 129
1352 103
1353 150
1354 105
1355 118
1356 130
1357 126
1358 118
1359 120
1360 104
1361 112
1362 129
1363 110
1364 131
1365 112
1366 120
1367 101
1368 126
1369 140
1370 109
1371 116
1372 112
1373 113
1374 97
1375 119
1376 111
1377 121
1378 106
1379 138
1380 93
1381 85
1382 106
1383 98
1384 123
1385 105
1386 124
1387 108
1388 108
1389 110
1390 113
1391 111
1392 111
1393 109
1394 99
1395 93
1396 99
1397 98
1398 114
1399 97
1400 95
1401 95
1402 118
1403 118
1404 111
1405 122
1406 104
1407 94
1408 96
1409 92
1410 97
1411 111
1412 111
1413 112
1414 119
1415 101
1416 109
1417 103
1418 105
1419 100
1420 98
1421 127
1422 97
1423 118
1424 89
1425 92
1426 98
1427 91
1428 95
1429 94
1430 92
1431 123
1432 99
1433 79
1434 96
1435 117
1436 85
1437 113
1438 101
1439 96
1440 95
1441 100
1442 70
1443 97
1444 106
1445 94
1446 106
1447 89
1448 106
1449 94
1450 120
1451 89
1452 86
1453 110
1454 103
1455 109
1456 97
1457 96
1458 115
1459 79
1460 91
1461 89
1462 95
1463 112
1464 107
1465 85
1466 86
1467 73
1468 92
1469 100
1470 84
1471 98
1472 79
1473 100
1474 84
1475 100
1476 105
1477 76
1478 95
1479 99
1480 79
1481 75
1482 105
1483 86
1484 94
1485 87
1486 84
1487 88
1488 85
1489 78
1490 94
1491 90
1492 96
1493 77
1494 81
1495 85
1496 77
1497 65
1498 77
1499 76
1500 80
1501 72
1502 81
1503 86
1504 95
1505 83
1506 85
1507 84
1508 68
1509 86
1510 80
1511 78
1512 87
1513 69
1514 83
1515 96
1516 81
1517 85
1518 70
1519 88
1520 70
1521 99
1522 78
1523 73
1524 74
1525 81
1526 74
1527 71
1528 78
1529 68
1530 84
1531 87
1532 74
1533 70
1534 76
1535 75
1536 66
1537 77
1538 85
1539 85
1540 75
1541 84
1542 70
1543 68
1544 79
1545 95
1546 79
1547 71
1548 79
1549 78
1550 77
1551 66
1552 67
1553 77
1554 80
1555 77
1556 58
1557 66
1558 67
1559 78
1560 63
1561 71
1562 73
1563 56
1564 68
1565 65
1566 62
1567 64
1568 73
1569 71
1570 74
1571 73
1572 58
1573 80
1574 61
1575 65
1576 67
1577 52
1578 71
1579 79
1580 61
1581 62
1582 58
1583 75
1584 68
1585 64
1586 80
1587 68
1588 72
1589 71
1590 73
1591 73
1592 55
1593 76
1594 74
1595 72
1596 67
1597 65
1598 68
1599 68
1600 77
1601 76
1602 63
1603 50
1604 53
1605 61
1606 77
1607 53
1608 62
1609 61
1610 56
1611 78
1612 60
1613 58
1614 52
1615 52
1616 65
1617 73
1618 74
1619 49
1620 72
1621 50
1622 61
1623 64
1624 68
1625 57
1626 65
1627 60
1628 63
1629 74
1630 57
1631 62
1632 68
1633 56
1634 59
1635 58
1636 50
1637 54
1638 61
1639 60
1640 64
1641 65
1642 53
1643 55
1644 73
1645 58
1646 58
1647 52
1648 44
1649 47
1650 57
1651 38
1652 53
1653 46
1654 49
1655 66
1656 43
1657 49
1658 56
1659 49
1660 49
1661 59
1662 54
1663 49
1664 54
1665 48
1666 45
1667 40
1668 48
1669 59
1670 45
1671 54
1672 53
1673 45
1674 51
1675 52
1676 57
1677 47
1678 52
1679 52
1680 50
1681 45
1682 50
1683 52
1684 43
1685 49
1686 57
1687 55
1688 60
1689 65
1690 55
1691 52
1692 50
1693 52
1694 54
1695 52
1696 49
1697 46
1698 44
1699 45
1700 55
1701 49
1702 49
1703 46
1704 39
1705 52
1706 47
1707 59
1708 37
1709 48
1710 54
1711 38
1712 46
1713 54
1714 49
1715 58
1716 47
1717 46
1718 44
1719 53
1720 47
1721 48
1722 39
1723 39
1724 45
1725 46
1726 36
1727 46
1728 45
1729 49
1730 38
1731 49
1732 44
1733 38
1734 50
1735 43
1736 47
1737 33
1738 51
1739 63
1740 44
1741 46
1742 52
1743 45
1744 50
1745 39
1746 30
1747 54
1748 37
1749 38
1750 51
1751 32
1752 35
1753 45
1754 30
1755 57
1756 32
1757 23
1758 29
1759 46
1760 35
1761 34
1762 41
1763 42
1764 42
1765 35
1766 43
1767 39
1768 35
1769 53
1770 44
1771 26
1772 57
1773 31
1774 45
1775 36
1776 43
1777 31
1778 33
1779 32
1780 32
1781 47
1782 34
1783 36
1784 52
1785 25
1786 38
1787 45
1788 31
1789 26
1790 40
1791 27
1792 38
1793 37
1794 35
1795 37
1796 25
1797 31
1798 36
1799 52
1800 41
1801 37
1802 43
1803 36
1804 30
1805 32
1806 37
1807 31
1808 29
1809 24
1810 31
1811 42
1812 22
1813 36
1814 25
1815 31
1816 37
1817 24
1818 25
1819 28
1820 27
1821 36
1822 35
1823 26
1824 40
1825 25
1826 33
1827 29
1828 37
1829 34
1830 35
1831 29
1832 37
1833 34
1834 28
1835 32
1836 23
1837 25
1838 28
1839 32
1840 34
1841 34
1842 32
1843 28
1844 34
1845 36
1846 32
1847 33
1848 26
1849 29
1850 24
1851 36
1852 24
1853 25
1854 33
1855 31
1856 25
1857 36
1858 32
1859 31
1860 31
1861 32
1862 29
1863 26
1864 15
1865 33
1866 32
1867 32
1868 19
1869 24
1870 23
1871 39
1872 27
1873 27
1874 20
1875 27
1876 26
1877 27
1878 29
1879 22
1880 28
1881 23
1882 26
1883 26
1884 25
1885 30
1886 27
1887 30
1888 23
1889 26
1890 21
1891 26
1892 23
1893 20
1894 28
1895 24
1896 22
1897 22
1898 27
1899 29
1900 36
1901 30
1902 26
1903 17
1904 16
1905 30
1906 25
1907 27
1908 24
1909 26
1910 24
1911 30
1912 19
1913 26
1914 19
1915 29
1916 22
1917 21
1918 18
1919 33
1920 30
1921 20
1922 20
1923 22
1924 27
1925 26
1926 20
1927 19
1928 20
1929 28
1930 19
1931 18
1932 24
1933 26
1934 28
1935 18
1936 19
1937 26
1938 18
1939 23
1940 18
1941 22
1942 28
1943 24
1944 12
1945 20
1946 20
1947 18
1948 22
1949 13
1950 25
1951 20
1952 29
1953 16
1954 10
1955 25
1956 22
1957 17
1958 19
1959 27
1960 23
1961 21
1962 21
1963 14
1964 15
1965 23
1966 24
1967 16
1968 13
1969 9
1970 21
1971 21
1972 13
1973 17
1974 17
1975 16
1976 16
1977 26
1978 17
1979 23
1980 19
1981 16
1982 20
1983 27
1984 18
1985 16
1986 23
1987 14
1988 21
1989 17
1990 11
1991 24
1992 21
1993 21
1994 12
1995 12
1996 16
1997 16
1998 15
1999 12
2000 16
2001 13
2002 12
2003 23
2004 16
2005 22
2006 15
2007 12
2008 10
2009 13
2010 14
2011 18
2012 17
2013 16
2014 13
2015 12
2016 9
2017 11
2018 16
2019 11
2020 10
2021 12
2022 5
2023 13
2024 9
2025 13
2026 10
2027 21
2028 9
2029 16
2030 8
2031 12
2032 8
2033 8
2034 19
2035 13
2036 13
2037 16
2038 3
2039 8
2040 12
2041 12
2042 9
2043 14
2044 12
2045 14
2046 10
2047 10
2048 12
2049 9
2050 9
2051 13
2052 12
2053 9
2054 6
2055 9
2056 11
2057 13
2058 10
2059 10
2060 13
2061 10
2062 10
2063 10
2064 12
2065 14
2066 12
2067 9
2068 6
2069 8
2070 14
2071 12
2072 8
2073 5
2074 6
2075 12
2076 11
2077 11
2078 6
2079 11
2080 10
2081 10
2082 17
2083 10
2084 7
2085 11
2086 5
2087 8
2088 11
2089 12
2090 6
2091 7
2092 4
2093 14
2094 7
2095 13
2096 10
2097 7
2098 5
2099 8
2100 9
2101 13
2102 9
2103 12
2104 9
2105 7
2106 9
2107 3
2108 11
2109 11
2110 7
2111 6
2112 7
2113 8
2114 4
2115 9
2116 5
2117 5
2118 9
2119 10
2120 2
2121 13
2122 11
2123 4
2124 5
2125 9
2126 8
2127 7
2128 4
2129 2
2130 9
2131 8
2132 7
2133 9
2134 9
2135 4
2136 5
2137 6
2138 6
2139 5
2140 8
2141 5
2142 6
2143 5
2144 7
2145 5
2146 6
2147 4
2148 3
2149 8
2150 3
2151 3
2152 6
2153 6
2154 6
2155 5
2156 8
2157 4
2158 6
2159 4
2160 6
2161 9
2162 7
2163 4
2164 5
2165 2
2166 5
2167 10
2168 1
2169 9
2170 3
2171 3
2172 3
2173 6
2174 6
2175 6
2176 6
2177 3
2178 6
2179 7
2180 8
2181 5
2182 7
2183 9
2184 4
2185 4
2186 5
2187 6
2188 2
2189 6
2190 7
2191 5
2192 4
2193 3
2194 4
2195 6
2196 3
2197 5
2198 7
2199 8
2200 5
2201 7
2202 5
2203 4
2204 7
2205 2
2206 5
2207 3
2208 6
2209 4
2210 1
2211 7
2212 7
2213 4
2214 1
2215 5
2216 6
2217 3
2218 3
2219 8
2220 5
2221 4
2222 2
2223 5
2224 2
2225 2
2226 3
2227 0
2228 3
2229 2
2230 5
2231 1
2232 2
2233 2
2234 0
2235 4
2236 2
2237 2
2238 0
2239 2
2240 2
2241 2
2242 2
2243 0
2244 6
2245 1
2246 4
2247 2
2248 3
2249 1
2250 2
2251 4
2252 2
2253 4
2254 3
2255 3
2256 1
2257 3
2258 3
2259 1
2260 3
2261 3
2262 2
2263 4
2264 2
2265 1
2266 4
2267 6
2268 0
2269 3
2270 2
2271 4
2272 4
2273 0
2274 1
2275 3
2276 2
2277 1
2278 1
2279 9
2280 2
2281 0
2282 1
2283 3
2284 1
2285 2
2286 2
2287 0
2288 3
2289 0
2290 1
2291 1
2292 2
2293 3
2294 0
2295 3
2296 2
2297 3
2298 2
2299 2
2300 3
2301 1
2302 1
2303 3
2304 2
2305 0
2306 1
2307 1
2308 1
2309 3
2310 1
2311 2
2312 1
2313 0
2314 0
2315 3
2316 1
2317 1
2318 0
2319 0
2320 0
2321 1
2322 1
2323 1
2324 1
2325 2
2326 2
2327 2
2328 2
2329 2
2330 0
2331 0
2332 0
2333 3
2334 0
2335 1
2336 0
2337 2
2338 2
2339 3
2340 1
2341 0
2342 1
2343 0
2344 1
2345 0
2346 1
2347 1
2348 1
2349 0
2350 0
2351 0
2352 2
2353 2
2354 1
2355 1
2356 2
2357 0
2358 0
2359 2
2360 0
2361 1
2362 0
2363 1
2364 2
2365 0
2366 1
2367 1
2368 0
2369 0
2370 1
2371 1
2372 0
2373 2
2374 0
2375 0
2376 0
2377 0
2378 0
2379 0
2380 1
2381 3
2382 0
2383 0
2384 1
2385 1
2386 0
2387 0
2388 0
2389 0
2390 0
2391 2
2392 1
2393 0
2394 0
2395 1
2396 1
2397 1
2398 0
2399 0
2400 0
2401 2
2402 0
2403 0
2404 0
2405 0
2406 0
2407 0
2408 0
2409 0
2410 1
2411 2
2412 0
2413 0
2414 0
2415 0
2416 0
2417 0
2418 0
2419 0
2420 0
2421 1
2422 0
2423 0
2424 0
2425 0
2426 1
2427 0
2428 1
2429 0
2430 0
2431 0
2432 1
2433 0
2434 0
2435 0
2436 0
2437 0
2438 1
2439 0
2440 0
2441 2
2442 2
2443 2
2444 1
2445 1
2446 0
2447 0
2448 0
2449 0
2450 0
2451 0
2452 0
2453 0
2454 0
2455 0
2456 0
2457 0
2458 1
2459 0
2460 0
2461 0
2462 0
2463 0
2464 0
2465 0
2466 1
2467 0
2468 0
2469 0
2470 0
2471 0
2472 0
2473 1
2474 0
2475 0
2476 0
2477 0
2478 0
2479 0
2480 0
2481 0
2482 0
2483 0
2484 0
2485 0
2486 0
2487 0
2488 0
2489 0
2490 0
2491 0
2492 0
2493 0
2494 0
2495 0
2496 0
2497 0
2498 0
2499 0
2500 0
2501 0
2502 0
2503 0
2504 0
2505 0
2506 0
2507 1
2508 0
2509 0
2510 0
2511 0
2512 0
2513 0
2514 0
2515 1
2516 0
2517 0
2518 0
2519 0
2520 0
2521 0
2522 0
2523 0
2524 0
2525 0
2526 0
2527 0
2528 0
2529 0
2530 0
2531 1
2532 0
2533 0
2534 0
2535 0
2536 0
2537 0
2538 0
2539 0
2540 0
2541 0
2542 0
2543 0
2544 0
2545 0
2546 0
2547 0
2548 0
2549 0
2550 0
2551 0
2552 0
2553 0
2554 0
2555 0
2556 0
2557 0
2558 0
2559 0
2560 1
2561 0
2562 0
2563 0
2564 0
2565 0
2566 0
2567 0
2568 0
2569 0
2570 0
2571 0
2572 0
2573 0
2574 0
2575 0
2576 0
2577 0
2578 0
2579 0
2580 0
2581 0
2582 0
2583 0
2584 0
2585 0
2586 0
2587 0
2588 0
2589 0
2590 0
2591 0
2592 0
2593 0
2594 0
2595 0
2596 0
2597 0
2598 0
2599 0
2600 0
2601 0
2602 0
2603 0
2604 0
2605 0
2606 0
2607 0
2608 0
2609 0
2610 0
2611 0
2612 0
2613 0
2614 0
2615 0
2616 0
2617 0
2618 0
2619 0
2620 0
2621 0
2622 0
2623 0
2624 0
2625 0
2626 0
2627 0
2628 0
2629 0
2630 0
2631 0
2632 0
2633 0
2634 0
2635 0
2636 0
2637 0
2638 0
2639 0
2640 1
