-689 1
-688 0
-687 0
-686 0
-685 0
-684 0
-683 0
-682 0
-681 0
-680 0
-679 0
-678 0
-677 0
-676 0
-675 0
-674 0
-673 0
-672 0
-671 0
-670 0
-669 0
-668 0
-667 0
-666 0
-665 0
-664 0
-663 0
-662 0
-661 0
-660 0
-659 0
-658 0
-657 0
-656 0
-655 0
-654 0
-653 0
-652 0
-651 0
-650 0
-649 0
-648 0
-647 0
-646 1
-645 0
-644 0
-643 0
-642 0
-641 0
-640 0
-639 0
-638 0
-637 0
-636 0
-635 0
-634 0
-633 0
-632 0
-631 1
-630 0
-629 0
-628 0
-627 0
-626 0
-625 0
-624 0
-623 0
-622 0
-621 0
-620 0
-619 0
-618 0
-617 1
-616 0
-615 0
-614 0
-613 0
-612 0
-611 1
-610 0
-609 0
-608 0
-607 0
-606 1
-605 1
-604 0
-603 0
-602 0
-601 0
-600 0
-599 0
-598 0
-597 0
-596 0
-595 0
-594 0
-593 0
-592 0
-591 0
-590 0
-589 0
-588 0
-587 0
-586 0
-585 0
-584 0
-583 0
-582 0
-581 0
-580 0
-579 0
-578 0
-577 0
-576 0
-575 0
-574 0
-573 0
-572 0
-571 0
-570 0
-569 0
-568 0
-567 0
-566 0
-565 0
-564 0
-563 0
-562 0
-561 0
-560 0
-559 0
-558 0
-557 0
-556 0
-555 0
-554 0
-553 0
-552 0
-551 0
-550 0
-549 0
-548 0
-547 0
-546 0
-545 0
-544 0
-543 0
-542 0
-541 0
-540 0
-539 0
-538 0
-537 0
-536 0
-535 0
-534 0
-533 0
-532 0
-531 1
-530 0
-529 0
-528 0
-527 0
-526 0
-525 0
-524 0
-523 0
-522 0
-521 0
-520 0
-519 0
-518 0
-517 0
-516 0
-515 0
-514 0
-513 0
-512 0
-511 0
-510 0
-509 0
-508 0
-507 0
-506 0
-505 0
-504 0
-503 0
-502 0
-501 0
-500 0
-499 0
-498 0
-497 0
-496 0
-495 0
-494 0
-493 0
-492 0
-491 0
-490 0
-489 0
-488 0
-487 0
-486 0
-485 0
-484 0
-483 0
-482 0
-481 0
-480 0
-479 0
-478 0
-477 0
-476 1
-475 0
-474 0
-473 0
-472 0
-471 1
-470 0
-469 0
-468 0
-467 0
-466 0
-465 0
-464 0
-463 0
-462 0
-461 0
-460 0
-459 1
-458 0
-457 0
-456 0
-455 1
-454 0
-453 1
-452 0
-451 0
-450 0
-449 0
-448 0
-447 0
-446 0
-445 0
-444 0
-443 1
-442 1
-441 0
-440 3
-439 0
-438 0
-437 0
-436 0
-435 1
-434 0
-433 0
-432 0
-431 0
-430 0
-429 0
-428 0
-427 0
-426 1
-425 0
-424 0
-423 0
-422 0
-421 0
-420 1
-419 2
-418 0
-417 0
-416 0
-415 2
-414 0
-413 0
-412 0
-411 0
-410 0
-409 0
-408 0
-407 0
-406 1
-405 0
-404 0
-403 1
-402 1
-401 0
-400 1
-399 0
-398 0
-397 1
-396 0
-395 1
-394 0
-393 0
-392 0
-391 0
-390 0
-389 0
-388 1
-387 0
-386 0
-385 1
-384 0
-383 0
-382 0
-381 0
-380 1
-379 1
-378 2
-377 0
-376 0
-375 0
-374 0
-373 0
-372 0
-371 1
-370 0
-369 2
-368 1
-367 3
-366 0
-365 1
-364 0
-363 0
-362 0
-361 0
-360 0
-359 1
-358 0
-357 0
-356 0
-355 1
-354 0
-353 0
-352 0
-351 0
-350 0
-349 0
-348 0
-347 0
-346 0
-345 1
-344 1
-343 0
-342 0
-341 0
-340 0
-339 0
-338 1
-337 0
-336 0
-335 0
-334 2
-333 1
-332 0
-331 2
-330 2
-329 0
-328 2
-327 1
-326 0
-325 1
-324 2
-323 1
-322 1
-321 0
-320 3
-319 0
-318 0
-317 0
-316 0
-315 1
-314 0
-313 1
-312 0
-311 1
-310 0
-309 1
-308 0
-307 2
-306 0
-305 1
-304 0
-303 2
-302 2
-301 1
-300 1
-299 1
-298 0
-297 1
-296 0
-295 0
-294 1
-293 1
-292 0
-291 3
-290 0
-289 1
-288 0
-287 1
-286 2
-285 0
-284 1
-283 2
-282 2
-281 2
-280 2
-279 4
-278 3
-277 3
-276 2
-275 4
-274 2
-273 2
-272 1
-271 0
-270 2
-269 1
-268 1
-267 6
-266 4
-265 1
-264 0
-263 1
-262 0
-261 1
-260 2
-259 4
-258 1
-257 0
-256 1
-255 1
-254 0
-253 1
-252 2
-251 1
-250 1
-249 1
-248 2
-247 0
-246 1
-245 2
-244 1
-243 1
-242 0
-241 1
-240 4
-239 1
-238 2
-237 2
-236 2
-235 2
-234 2
-233 1
-232 0
-231 2
-230 5
-229 4
-228 1
-227 7
-226 3
-225 2
-224 3
-223 3
-222 1
-221 5
-220 3
-219 1
-218 3
-217 5
-216 2
-215 4
-214 1
-213 1
-212 4
-211 1
-210 1
-209 2
-208 3
-207 5
-206 1
-205 3
-204 3
-203 2
-202 3
-201 3
-200 2
-199 3
-198 7
-197 6
-196 5
-195 3
-194 1
-193 3
-192 0
-191 7
-190 2
-189 3
-188 4
-187 2
-186 4
-185 6
-184 5
-183 3
-182 0
-181 9
-180 5
-179 3
-178 7
-177 2
-176 7
-175 5
-174 4
-173 2
-172 3
-171 4
-170 4
-169 6
-168 4
-167 7
-166 6
-165 7
-164 3
-163 6
-162 4
-161 4
-160 3
-159 13
-158 4
-157 7
-156 2
-155 5
-154 5
-153 3
-152 8
-151 5
-150 9
-149 3
-148 9
-147 11
-146 6
-145 7
-144 4
-143 7
-142 11
-141 5
-140 4
-139 5
-138 11
-137 8
-136 7
-135 6
-134 13
-133 9
-132 9
-131 12
-130 10
-129 6
-128 13
-127 14
-126 8
-125 13
-124 11
-123 7
-122 9
-121 6
-120 9
-119 13
-118 6
-117 9
-116 12
-115 13
-114 8
-113 15
-112 13
-111 16
-110 19
-109 12
-108 18
-107 7
-106 11
-105 17
-104 17
-103 16
-102 16
-101 11
-100 24
-99 17
-98 21
-97 20
-96 26
-95 16
-94 20
-93 13
-92 15
-91 23
-90 25
-89 21
-88 17
-87 36
-86 19
-85 27
-84 26
-83 20
-82 35
-81 31
-80 31
-79 35
-78 24
-77 26
-76 31
-75 28
-74 31
-73 32
-72 30
-71 34
-70 31
-69 40
-68 40
-67 44
-66 40
-65 31
-64 35
-63 46
-62 45
-61 42
-60 41
-59 55
-58 68
-57 48
-56 56
-55 59
-54 56
-53 54
-52 69
-51 75
-50 53
-49 63
-48 73
-47 59
-46 66
-45 91
-44 94
-43 84
-42 115
-41 104
-40 99
-39 116
-38 99
-37 130
-36 125
-35 103
-34 141
-33 142
-32 154
-31 147
-30 156
-29 170
-28 165
-27 204
-26 188
-25 205
-24 208
-23 255
-22 279
-21 281
-20 306
-19 345
-18 344
-17 429
-16 461
-15 485
-14 532
-13 631
-12 682
-11 767
-10 901
-9 1042
-8 1155
-7 1357
-6 1695
-5 2277
-4 2977
-3 4279
-2 7015
-1 16031
0 97790
1 703212
2 101283
3 13577
4 6454
5 4057
6 2901
7 2193
8 1644
9 1330
10 1261
11 1016
12 887
13 732
14 632
15 609
16 535
17 508
18 426
19 417
20 414
21 340
22 334
23 282
24 263
25 241
26 212
27 201
28 202
29 206
30 178
31 186
32 153
33 137
34 148
35 128
36 125
37 124
38 110
39 107
40 99
41 97
42 99
43 97
44 107
45 104
46 96
47 79
48 64
49 73
50 71
51 78
52 59
53 65
54 57
55 58
56 58
57 65
58 52
59 47
60 57
61 41
62 41
63 51
64 47
65 41
66 36
67 40
68 47
69 30
70 44
71 50
72 32
73 35
74 37
75 30
76 35
77 31
78 40
79 33
80 25
81 34
82 24
83 27
84 25
85 20
86 24
87 15
88 24
89 22
90 22
91 26
92 26
93 25
94 24
95 18
96 21
97 15
98 19
99 18
100 14
101 14
102 18
103 15
104 17
105 12
106 9
107 14
108 16
109 14
110 14
111 18
112 12
113 14
114 8
115 14
116 14
117 14
118 10
119 14
120 13
121 14
122 8
123 5
124 8
125 11
126 7
127 13
128 7
129 12
130 7
131 13
132 11
133 11
134 11
135 12
136 7
137 7
138 11
139 12
140 10
141 5
142 11
143 10
144 11
145 3
146 4
147 7
148 6
149 9
150 9
151 2
152 4
153 7
154 9
155 8
156 6
157 7
158 4
159 13
160 5
161 6
162 3
163 4
164 3
165 6
166 6
167 3
168 7
169 6
170 3
171 4
172 2
173 6
174 5
175 4
176 7
177 9
178 8
179 4
180 4
181 4
182 5
183 3
184 6
185 4
186 3
187 4
188 3
189 5
190 2
191 5
192 7
193 3
194 3
195 5
196 1
197 4
198 3
199 5
200 6
201 4
202 1
203 4
204 1
205 4
206 2
207 6
208 4
209 1
210 6
211 2
212 1
213 1
214 2
215 0
216 1
217 3
218 3
219 2
220 3
221 1
222 1
223 3
224 4
225 5
226 1
227 4
228 0
229 3
230 0
231 1
232 3
233 3
234 4
235 0
236 1
237 2
238 3
239 2
240 3
241 2
242 0
243 0
244 1
245 5
246 1
247 2
248 3
249 0
250 2
251 3
252 1
253 1
254 1
255 3
256 3
257 1
258 0
259 1
260 0
261 2
262 3
263 0
264 1
265 1
266 1
267 1
268 2
269 1
270 4
271 1
272 1
273 1
274 1
275 1
276 2
277 3
278 0
279 0
280 1
281 2
282 2
283 2
284 0
285 1
286 2
287 0
288 1
289 1
290 2
291 0
292 1
293 2
294 1
295 0
296 1
297 0
298 2
299 1
300 1
301 0
302 3
303 0
304 2
305 2
306 0
307 1
308 2
309 0
310 0
311 1
312 3
313 2
314 1
315 0
316 0
317 1
318 0
319 1
320 0
321 0
322 2
323 0
324 0
325 0
326 1
327 1
328 1
329 1
330 0
331 0
332 0
333 1
334 0
335 0
336 1
337 2
338 1
339 0
340 0
341 0
342 0
343 0
344 1
345 1
346 2
347 1
348 0
349 0
350 1
351 0
352 1
353 0
354 0
355 1
356 0
357 1
358 2
359 1
360 0
361 0
362 0
363 0
364 1
365 1
366 0
367 0
368 0
369 1
370 0
371 1
372 0
373 0
374 1
375 0
376 0
377 0
378 0
379 0
380 0
381 0
382 1
383 1
384 0
385 1
386 0
387 0
388 0
389 0
390 0
391 1
392 0
393 0
394 2
395 0
396 1
397 0
398 0
399 1
400 1
401 0
402 1
403 0
404 0
405 0
406 0
407 0
408 0
409 0
410 0
411 0
412 0
413 0
414 0
415 2
416 1
417 1
418 0
419 0
420 0
421 0
422 1
423 0
424 0
425 0
426 0
427 0
428 0
429 1
430 0
431 1
432 1
433 0
434 0
435 0
436 0
437 1
438 2
439 0
440 1
441 0
442 1
443 1
444 0
445 0
446 0
447 0
448 0
449 0
450 0
451 0
452 0
453 2
454 0
455 0
456 0
457 0
458 0
459 0
460 0
461 0
462 0
463 0
464 0
465 0
466 0
467 0
468 0
469 0
470 0
471 0
472 0
473 0
474 0
475 0
476 0
477 0
478 0
479 0
480 0
481 0
482 0
483 0
484 0
485 0
486 0
487 1
488 0
489 0
490 0
491 0
492 0
493 0
494 0
495 0
496 0
497 0
498 0
499 0
500 0
501 0
502 0
503 0
504 0
505 0
506 0
507 0
508 0
509 0
510 0
511 0
512 0
513 0
514 0
515 0
516 0
517 0
518 0
519 0
520 0
521 0
522 0
523 0
524 0
525 0
526 0
527 0
528 0
529 0
530 0
531 0
532 0
533 0
534 1
535 0
536 0
537 0
538 0
539 0
540 0
541 0
542 0
543 0
544 0
545 0
546 0
547 0
548 0
549 0
550 0
551 0
552 0
553 0
554 0
555 0
556 0
557 0
558 0
559 0
560 0
561 0
562 0
563 0
564 0
565 0
566 0
567 0
568 0
569 0
570 0
571 0
572 0
573 0
574 0
575 0
576 0
577 0
578 0
579 0
580 0
581 0
582 0
583 0
584 0
585 0
586 0
587 0
588 0
589 0
590 0
591 0
592 0
593 0
594 0
595 0
596 0
597 0
598 0
599 0
600 0
601 0
602 0
603 0
604 0
605 0
606 0
607 0
608 0
609 0
610 0
611 0
612 0
613 0
614 0
615 1
616 0
617 1
618 0
619 0
620 0
621 0
622 0
623 0
624 1
625 0
626 0
627 0
628 0
629 0
630 0
631 0
632 0
633 0
634 0
635 0
636 0
637 0
638 0
639 0
640 0
641 0
642 0
643 0
644 0
645 0
646 0
647 0
648 0
649 0
650 0
651 1
652 0
653 0
654 0
655 0
656 0
657 0
658 0
659 0
660 0
661 0
662 0
663 0
664 0
665 0
666 0
667 0
668 0
669 0
670 0
671 0
672 0
673 0
674 0
675 1
