0 0.4599
1 0.4576
2 0.3665
3 0.4453
4 0.2196
5 0.3655
6 0.3607
7 0.4247
8 0.2032
9 0.4355
10 0.4854
11 0.292
12 0.4959
13 0.3956
14 0.427
15 0.4897
16 0.2023
17 0.2868
18 0.4847
19 0.4225
20 0.363
21 0.437
22 0.3959
23 0.3027
24 0.3601
25 0.3753
26 0.2499
27 0.3212
28 0.5446
29 0.272
30 0.4762
31 0.2805
32 0.432
33 0.3697
34 0.3213
35 0.3742
36 0.1361
37 0.0895
38 0.4122
39 0.4126
40 0.2804
41 0.5103
42 0.4254
43 0.3849
44 0.263
45 0.3445
46 0.2009
47 0.4547
48 0.4145
49 0.2335
50 0.3885
51 0.4462
52 0.3036
53 0.3023
54 0.3452
55 0.247
56 0.2977
57 0.4737
58 0.3476
59 0.3341
60 0.4702
61 0.197
62 0.3652
63 0.4029
64 0.3628
65 0.5348
66 0.3534
67 0.3764
68 0.3769
69 0.4166
70 0.3702
71 0.4048
72 0.2395
73 0.506
74 0.3393
75 0.3519
76 0.4239
77 0.4152
78 0.2544
79 0.4658
80 0.4971
81 0.3678
82 0.51
83 0.5141
84 0.3834
85 0.4914
86 0.3857
87 0.4429
88 0.4465
89 0.3366
90 0.2594
91 0.3818
92 0.2885
93 0.4435
94 0.3967
95 0.2901
96 0.5734
97 0.2502
98 0.4383
99 0.3973
100 0.337
101 0.4237
102 0.3826
103 0.3357
104 0.4345
105 0.1977
106 0.3383
107 0.4074
108 0.4158
109 0.2381
110 0.2283
