-2595 1
-2594 0
-2593 0
-2592 0
-2591 0
-2590 0
-2589 0
-2588 0
-2587 0
-2586 0
-2585 0
-2584 0
-2583 0
-2582 1
-2581 0
-2580 0
-2579 0
-2578 0
-2577 0
-2576 1
-2575 0
-2574 0
-2573 0
-2572 0
-2571 0
-2570 0
-2569 0
-2568 0
-2567 0
-2566 0
-2565 0
-2564 0
-2563 0
-2562 0
-2561 0
-2560 0
-2559 0
-2558 0
-2557 0
-2556 0
-2555 0
-2554 0
-2553 0
-2552 0
-2551 0
-2550 0
-2549 1
-2548 0
-2547 0
-2546 0
-2545 0
-2544 0
-2543 0
-2542 0
-2541 0
-2540 0
-2539 0
-2538 0
-2537 0
-2536 0
-2535 1
-2534 0
-2533 0
-2532 0
-2531 0
-2530 0
-2529 0
-2528 0
-2527 0
-2526 0
-2525 0
-2524 0
-2523 0
-2522 0
-2521 0
-2520 0
-2519 1
-2518 0
-2517 0
-2516 1
-2515 0
-2514 0
-2513 0
-2512 0
-2511 0
-2510 0
-2509 0
-2508 0
-2507 0
-2506 0
-2505 0
-2504 0
-2503 0
-2502 0
-2501 0
-2500 0
-2499 0
-2498 0
-2497 0
-2496 0
-2495 0
-2494 0
-2493 0
-2492 0
-2491 0
-2490 0
-2489 0
-2488 0
-2487 0
-2486 0
-2485 0
-2484 0
-2483 0
-2482 0
-2481 0
-2480 1
-2479 0
-2478 0
-2477 0
-2476 0
-2475 0
-2474 0
-2473 0
-2472 0
-2471 0
-2470 0
-2469 0
-2468 0
-2467 0
-2466 0
-2465 0
-2464 0
-2463 0
-2462 0
-2461 0
-2460 0
-2459 0
-2458 0
-2457 0
-2456 0
-2455 1
-2454 1
-2453 0
-2452 0
-2451 0
-2450 0
-2449 0
-2448 0
-2447 0
-2446 0
-2445 0
-2444 0
-2443 0
-2442 0
-2441 0
-2440 0
-2439 1
-2438 0
-2437 0
-2436 0
-2435 0
-2434 0
-2433 0
-2432 0
-2431 0
-2430 0
-2429 0
-2428 0
-2427 0
-2426 0
-2425 0
-2424 0
-2423 0
-2422 0
-2421 0
-2420 0
-2419 0
-2418 0
-2417 1
-2416 0
-2415 0
-2414 0
-2413 1
-2412 0
-2411 0
-2410 0
-2409 0
-2408 0
-2407 0
-2406 0
-2405 0
-2404 0
-2403 0
-2402 0
-2401 0
-2400 0
-2399 0
-2398 0
-2397 0
-2396 0
-2395 1
-2394 0
-2393 0
-2392 0
-2391 0
-2390 0
-2389 0
-2388 0
-2387 0
-2386 0
-2385 0
-2384 0
-2383 0
-2382 0
-2381 1
-2380 0
-2379 0
-2378 0
-2377 0
-2376 0
-2375 0
-2374 1
-2373 0
-2372 0
-2371 0
-2370 0
-2369 0
-2368 0
-2367 0
-2366 0
-2365 0
-2364 0
-2363 0
-2362 0
-2361 0
-2360 0
-2359 0
-2358 0
-2357 0
-2356 0
-2355 1
-2354 0
-2353 0
-2352 1
-2351 0
-2350 0
-2349 0
-2348 0
-2347 0
-2346 0
-2345 0
-2344 0
-2343 0
-2342 0
-2341 0
-2340 0
-2339 0
-2338 0
-2337 0
-2336 1
-2335 0
-2334 1
-2333 0
-2332 0
-2331 0
-2330 0
-2329 0
-2328 1
-2327 0
-2326 0
-2325 0
-2324 0
-2323 0
-2322 0
-2321 1
-2320 0
-2319 0
-2318 0
-2317 0
-2316 1
-2315 1
-2314 0
-2313 0
-2312 0
-2311 1
-2310 0
-2309 0
-2308 1
-2307 1
-2306 0
-2305 0
-2304 1
-2303 0
-2302 0
-2301 1
-2300 0
-2299 1
-2298 0
-2297 1
-2296 0
-2295 0
-2294 0
-2293 1
-2292 2
-2291 2
-2290 2
-2289 0
-2288 1
-2287 0
-2286 0
-2285 0
-2284 1
-2283 0
-2282 0
-2281 0
-2280 0
-2279 0
-2278 2
-2277 0
-2276 0
-2275 1
-2274 0
-2273 0
-2272 0
-2271 0
-2270 0
-2269 1
-2268 0
-2267 0
-2266 0
-2265 0
-2264 0
-2263 0
-2262 0
-2261 0
-2260 0
-2259 0
-2258 0
-2257 1
-2256 0
-2255 0
-2254 0
-2253 2
-2252 0
-2251 0
-2250 0
-2249 0
-2248 0
-2247 0
-2246 0
-2245 0
-2244 0
-2243 0
-2242 0
-2241 0
-2240 0
-2239 0
-2238 0
-2237 2
-2236 0
-2235 1
-2234 0
-2233 0
-2232 0
-2231 0
-2230 1
-2229 1
-2228 1
-2227 0
-2226 0
-2225 0
-2224 0
-2223 0
-2222 0
-2221 1
-2220 0
-2219 1
-2218 0
-2217 0
-2216 1
-2215 1
-2214 0
-2213 1
-2212 0
-2211 0
-2210 0
-2209 0
-2208 0
-2207 0
-2206 1
-2205 0
-2204 0
-2203 0
-2202 0
-2201 0
-2200 0
-2199 0
-2198 1
-2197 0
-2196 0
-2195 0
-2194 0
-2193 0
-2192 1
-2191 0
-2190 0
-2189 0
-2188 0
-2187 0
-2186 0
-2185 0
-2184 0
-2183 1
-2182 0
-2181 0
-2180 0
-2179 0
-2178 1
-2177 0
-2176 1
-2175 0
-2174 0
-2173 0
-2172 0
-2171 1
-2170 3
-2169 2
-2168 1
-2167 0
-2166 1
-2165 0
-2164 2
-2163 1
-2162 0
-2161 0
-2160 1
-2159 0
-2158 0
-2157 0
-2156 0
-2155 1
-2154 1
-2153 2
-2152 0
-2151 0
-2150 0
-2149 0
-2148 0
-2147 0
-2146 1
-2145 1
-2144 1
-2143 0
-2142 0
-2141 0
-2140 1
-2139 2
-2138 1
-2137 0
-2136 0
-2135 0
-2134 3
-2133 0
-2132 1
-2131 1
-2130 0
-2129 2
-2128 1
-2127 1
-2126 0
-2125 0
-2124 1
-2123 1
-2122 1
-2121 0
-2120 0
-2119 2
-2118 2
-2117 0
-2116 2
-2115 4
-2114 2
-2113 0
-2112 2
-2111 0
-2110 1
-2109 3
-2108 0
-2107 1
-2106 0
-2105 1
-2104 0
-2103 1
-2102 1
-2101 0
-2100 0
-2099 2
-2098 0
-2097 0
-2096 3
-2095 2
-2094 1
-2093 1
-2092 0
-2091 1
-2090 0
-2089 1
-2088 0
-2087 1
-2086 1
-2085 1
-2084 1
-2083 0
-2082 2
-2081 1
-2080 0
-2079 1
-2078 1
-2077 1
-2076 2
-2075 0
-2074 0
-2073 1
-2072 2
-2071 0
-2070 1
-2069 4
-2068 4
-2067 0
-2066 2
-2065 0
-2064 0
-2063 0
-2062 4
-2061 1
-2060 1
-2059 1
-2058 1
-2057 0
-2056 0
-2055 2
-2054 2
-2053 2
-2052 2
-2051 1
-2050 2
-2049 1
-2048 1
-2047 2
-2046 0
-2045 2
-2044 1
-2043 1
-2042 2
-2041 0
-2040 2
-2039 0
-2038 0
-2037 2
-2036 2
-2035 2
-2034 1
-2033 1
-2032 2
-2031 1
-2030 1
-2029 1
-2028 1
-2027 1
-2026 0
-2025 1
-2024 1
-2023 2
-2022 1
-2021 1
-2020 1
-2019 0
-2018 2
-2017 3
-2016 3
-2015 1
-2014 0
-2013 3
-2012 1
-2011 0
-2010 1
-2009 0
-2008 1
-2007 3
-2006 2
-2005 5
-2004 1
-2003 0
-2002 1
-2001 1
-2000 0
-1999 1
-1998 1
-1997 1
-1996 5
-1995 1
-1994 2
-1993 5
-1992 0
-1991 2
-1990 1
-1989 0
-1988 2
-1987 1
-1986 1
-1985 2
-1984 4
-1983 1
-1982 0
-1981 1
-1980 3
-1979 1
-1978 6
-1977 2
-1976 0
-1975 2
-1974 3
-1973 0
-1972 3
-1971 2
-1970 3
-1969 3
-1968 0
-1967 2
-1966 3
-1965 2
-1964 2
-1963 0
-1962 4
-1961 0
-1960 2
-1959 2
-1958 1
-1957 2
-1956 5
-1955 2
-1954 4
-1953 3
-1952 3
-1951 2
-1950 3
-1949 1
-1948 1
-1947 0
-1946 2
-1945 1
-1944 1
-1943 3
-1942 3
-1941 1
-1940 2
-1939 3
-1938 2
-1937 2
-1936 3
-1935 2
-1934 3
-1933 2
-1932 2
-1931 2
-1930 1
-1929 1
-1928 2
-1927 3
-1926 2
-1925 3
-1924 1
-1923 1
-1922 2
-1921 4
-1920 2
-1919 7
-1918 1
-1917 3
-1916 1
-1915 3
-1914 3
-1913 1
-1912 1
-1911 1
-1910 5
-1909 4
-1908 2
-1907 0
-1906 2
-1905 5
-1904 3
-1903 4
-1902 2
-1901 1
-1900 3
-1899 3
-1898 2
-1897 9
-1896 1
-1895 5
-1894 7
-1893 3
-1892 5
-1891 4
-1890 3
-1889 1
-1888 5
-1887 4
-1886 2
-1885 3
-1884 3
-1883 8
-1882 3
-1881 2
-1880 6
-1879 2
-1878 1
-1877 2
-1876 8
-1875 3
-1874 2
-1873 4
-1872 4
-1871 5
-1870 5
-1869 7
-1868 5
-1867 4
-1866 3
-1865 3
-1864 4
-1863 5
-1862 4
-1861 2
-1860 4
-1859 2
-1858 3
-1857 2
-1856 2
-1855 4
-1854 5
-1853 4
-1852 2
-1851 5
-1850 3
-1849 3
-1848 6
-1847 4
-1846 5
-1845 6
-1844 3
-1843 4
-1842 2
-1841 4
-1840 1
-1839 2
-1838 3
-1837 3
-1836 2
-1835 2
-1834 4
-1833 2
-1832 0
-1831 2
-1830 8
-1829 2
-1828 5
-1827 4
-1826 5
-1825 7
-1824 2
-1823 1
-1822 4
-1821 4
-1820 6
-1819 4
-1818 6
-1817 2
-1816 5
-1815 8
-1814 5
-1813 6
-1812 4
-1811 4
-1810 4
-1809 4
-1808 2
-1807 3
-1806 3
-1805 2
-1804 2
-1803 4
-1802 4
-1801 6
-1800 5
-1799 5
-1798 8
-1797 1
-1796 3
-1795 8
-1794 4
-1793 3
-1792 5
-1791 3
-1790 7
-1789 6
-1788 3
-1787 7
-1786 5
-1785 5
-1784 4
-1783 4
-1782 2
-1781 9
-1780 6
-1779 4
-1778 5
-1777 7
-1776 2
-1775 6
-1774 4
-1773 4
-1772 8
-1771 5
-1770 2
-1769 5
-1768 5
-1767 5
-1766 5
-1765 4
-1764 6
-1763 6
-1762 4
-1761 6
-1760 3
-1759 5
-1758 5
-1757 5
-1756 7
-1755 4
-1754 6
-1753 3
-1752 3
-1751 5
-1750 3
-1749 4
-1748 8
-1747 2
-1746 3
-1745 8
-1744 5
-1743 5
-1742 7
-1741 4
-1740 4
-1739 6
-1738 6
-1737 7
-1736 4
-1735 4
-1734 11
-1733 5
-1732 4
-1731 4
-1730 4
-1729 4
-1728 0
-1727 6
-1726 7
-1725 5
-1724 8
-1723 7
-1722 4
-1721 1
-1720 6
-1719 6
-1718 5
-1717 5
-1716 5
-1715 8
-1714 9
-1713 11
-1712 8
-1711 2
-1710 9
-1709 6
-1708 3
-1707 3
-1706 3
-1705 4
-1704 9
-1703 5
-1702 7
-1701 5
-1700 6
-1699 5
-1698 11
-1697 7
-1696 8
-1695 7
-1694 9
-1693 3
-1692 6
-1691 3
-1690 7
-1689 4
-1688 6
-1687 10
-1686 7
-1685 5
-1684 11
-1683 18
-1682 7
-1681 7
-1680 5
-1679 7
-1678 2
-1677 4
-1676 4
-1675 7
-1674 4
-1673 10
-1672 7
-1671 5
-1670 5
-1669 8
-1668 12
-1667 5
-1666 9
-1665 10
-1664 8
-1663 8
-1662 10
-1661 8
-1660 6
-1659 6
-1658 4
-1657 6
-1656 10
-1655 6
-1654 6
-1653 7
-1652 9
-1651 11
-1650 9
-1649 4
-1648 4
-1647 4
-1646 7
-1645 8
-1644 7
-1643 9
-1642 10
-1641 14
-1640 8
-1639 7
-1638 10
-1637 8
-1636 3
-1635 3
-1634 7
-1633 10
-1632 9
-1631 6
-1630 5
-1629 9
-1628 5
-1627 13
-1626 9
-1625 8
-1624 13
-1623 11
-1622 9
-1621 12
-1620 11
-1619 11
-1618 9
-1617 8
-1616 7
-1615 11
-1614 11
-1613 9
-1612 14
-1611 7
-1610 7
-1609 5
-1608 3
-1607 7
-1606 7
-1605 5
-1604 6
-1603 3
-1602 6
-1601 6
-1600 15
-1599 5
-1598 9
-1597 10
-1596 8
-1595 5
-1594 8
-1593 11
-1592 6
-1591 5
-1590 13
-1589 10
-1588 11
-1587 9
-1586 6
-1585 10
-1584 10
-1583 5
-1582 9
-1581 6
-1580 6
-1579 9
-1578 14
-1577 6
-1576 6
-1575 10
-1574 13
-1573 7
-1572 10
-1571 9
-1570 7
-1569 10
-1568 6
-1567 11
-1566 9
-1565 7
-1564 14
-1563 7
-1562 10
-1561 8
-1560 10
-1559 10
-1558 4
-1557 11
-1556 7
-1555 7
-1554 15
-1553 5
-1552 7
-1551 9
-1550 12
-1549 6
-1548 11
-1547 11
-1546 9
-1545 6
-1544 7
-1543 6
-1542 9
-1541 9
-1540 6
-1539 14
-1538 13
-1537 11
-1536 7
-1535 13
-1534 6
-1533 9
-1532 13
-1531 10
-1530 12
-1529 16
-1528 8
-1527 6
-1526 13
-1525 8
-1524 13
-1523 8
-1522 9
-1521 6
-1520 7
-1519 11
-1518 14
-1517 11
-1516 13
-1515 8
-1514 9
-1513 19
-1512 11
-1511 12
-1510 14
-1509 11
-1508 7
-1507 7
-1506 9
-1505 9
-1504 8
-1503 15
-1502 8
-1501 13
-1500 11
-1499 11
-1498 13
-1497 10
-1496 16
-1495 17
-1494 16
-1493 9
-1492 14
-1491 10
-1490 15
-1489 11
-1488 11
-1487 14
-1486 8
-1485 11
-1484 9
-1483 14
-1482 14
-1481 13
-1480 13
-1479 12
-1478 10
-1477 11
-1476 14
-1475 8
-1474 9
-1473 8
-1472 9
-1471 15
-1470 7
-1469 15
-1468 9
-1467 15
-1466 18
-1465 12
-1464 9
-1463 8
-1462 18
-1461 11
-1460 10
-1459 10
-1458 13
-1457 9
-1456 9
-1455 5
-1454 14
-1453 11
-1452 8
-1451 11
-1450 13
-1449 9
-1448 17
-1447 14
-1446 16
-1445 8
-1444 15
-1443 14
-1442 15
-1441 7
-1440 12
-1439 12
-1438 10
-1437 9
-1436 12
-1435 18
-1434 14
-1433 10
-1432 14
-1431 14
-1430 10
-1429 14
-1428 13
-1427 13
-1426 15
-1425 10
-1424 11
-1423 10
-1422 16
-1421 12
-1420 12
-1419 17
-1418 17
-1417 8
-1416 11
-1415 13
-1414 11
-1413 10
-1412 16
-1411 13
-1410 16
-1409 6
-1408 11
-1407 24
-1406 19
-1405 19
-1404 17
-1403 10
-1402 15
-1401 16
-1400 8
-1399 14
-1398 16
-1397 16
-1396 9
-1395 21
-1394 13
-1393 18
-1392 9
-1391 18
-1390 14
-1389 16
-1388 12
-1387 9
-1386 17
-1385 14
-1384 17
-1383 17
-1382 10
-1381 15
-1380 16
-1379 14
-1378 9
-1377 13
-1376 10
-1375 19
-1374 20
-1373 18
-1372 14
-1371 18
-1370 7
-1369 20
-1368 9
-1367 21
-1366 14
-1365 14
-1364 13
-1363 16
-1362 15
-1361 14
-1360 16
-1359 21
-1358 16
-1357 15
-1356 14
-1355 13
-1354 15
-1353 18
-1352 10
-1351 11
-1350 10
-1349 10
-1348 13
-1347 16
-1346 18
-1345 27
-1344 18
-1343 19
-1342 18
-1341 20
-1340 16
-1339 22
-1338 24
-1337 12
-1336 16
-1335 15
-1334 22
-1333 24
-1332 15
-1331 15
-1330 20
-1329 22
-1328 18
-1327 10
-1326 15
-1325 11
-1324 19
-1323 16
-1322 18
-1321 22
-1320 16
-1319 13
-1318 13
-1317 12
-1316 20
-1315 16
-1314 16
-1313 9
-1312 17
-1311 13
-1310 13
-1309 15
-1308 12
-1307 9
-1306 14
-1305 14
-1304 26
-1303 19
-1302 10
-1301 12
-1300 18
-1299 15
-1298 21
-1297 20
-1296 12
-1295 17
-1294 18
-1293 16
-1292 13
-1291 27
-1290 19
-1289 21
-1288 14
-1287 10
-1286 15
-1285 15
-1284 18
-1283 19
-1282 21
-1281 14
-1280 15
-1279 20
-1278 22
-1277 18
-1276 18
-1275 16
-1274 17
-1273 22
-1272 12
-1271 21
-1270 16
-1269 13
-1268 14
-1267 15
-1266 19
-1265 20
-1264 29
-1263 16
-1262 14
-1261 15
-1260 18
-1259 16
-1258 20
-1257 11
-1256 27
-1255 19
-1254 18
-1253 11
-1252 23
-1251 24
-1250 16
-1249 8
-1248 16
-1247 25
-1246 15
-1245 18
-1244 19
-1243 12
-1242 17
-1241 19
-1240 16
-1239 24
-1238 16
-1237 18
-1236 11
-1235 15
-1234 23
-1233 17
-1232 19
-1231 15
-1230 17
-1229 25
-1228 14
-1227 13
-1226 21
-1225 21
-1224 21
-1223 11
-1222 23
-1221 11
-1220 23
-1219 23
-1218 19
-1217 20
-1216 15
-1215 26
-1214 21
-1213 13
-1212 19
-1211 23
-1210 17
-1209 15
-1208 27
-1207 19
-1206 11
-1205 21
-1204 23
-1203 16
-1202 20
-1201 36
-1200 17
-1199 24
-1198 19
-1197 31
-1196 23
-1195 25
-1194 21
-1193 17
-1192 11
-1191 18
-1190 27
-1189 15
-1188 23
-1187 13
-1186 19
-1185 24
-1184 22
-1183 24
-1182 30
-1181 24
-1180 20
-1179 23
-1178 22
-1177 22
-1176 20
-1175 13
-1174 15
-1173 25
-1172 19
-1171 20
-1170 15
-1169 24
-1168 22
-1167 20
-1166 21
-1165 20
-1164 25
-1163 24
-1162 22
-1161 18
-1160 21
-1159 21
-1158 20
-1157 24
-1156 19
-1155 23
-1154 22
-1153 20
-1152 26
-1151 24
-1150 27
-1149 22
-1148 21
-1147 20
-1146 25
-1145 21
-1144 24
-1143 17
-1142 26
-1141 27
-1140 18
-1139 18
-1138 28
-1137 21
-1136 21
-1135 25
-1134 37
-1133 28
-1132 18
-1131 29
-1130 29
-1129 23
-1128 29
-1127 25
-1126 23
-1125 22
-1124 25
-1123 27
-1122 29
-1121 22
-1120 24
-1119 20
-1118 23
-1117 26
-1116 24
-1115 23
-1114 27
-1113 18
-1112 27
-1111 25
-1110 19
-1109 33
-1108 22
-1107 24
-1106 21
-1105 26
-1104 20
-1103 17
-1102 32
-1101 26
-1100 16
-1099 23
-1098 26
-1097 29
-1096 21
-1095 20
-1094 24
-1093 26
-1092 24
-1091 35
-1090 30
-1089 24
-1088 28
-1087 35
-1086 24
-1085 14
-1084 23
-1083 33
-1082 29
-1081 33
-1080 21
-1079 21
-1078 18
-1077 25
-1076 23
-1075 22
-1074 23
-1073 33
-1072 26
-1071 25
-1070 23
-1069 23
-1068 32
-1067 26
-1066 33
-1065 29
-1064 31
-1063 34
-1062 34
-1061 25
-1060 27
-1059 34
-1058 17
-1057 31
-1056 29
-1055 25
-1054 24
-1053 26
-1052 34
-1051 22
-1050 33
-1049 26
-1048 28
-1047 28
-1046 30
-1045 24
-1044 31
-1043 26
-1042 23
-1041 29
-1040 24
-1039 14
-1038 29
-1037 31
-1036 25
-1035 28
-1034 20
-1033 25
-1032 21
-1031 36
-1030 24
-1029 25
-1028 31
-1027 37
-1026 26
-1025 19
-1024 25
-1023 30
-1022 36
-1021 30
-1020 25
-1019 20
-1018 29
-1017 37
-1016 23
-1015 21
-1014 26
-1013 22
-1012 32
-1011 32
-1010 37
-1009 39
-1008 30
-1007 36
-1006 27
-1005 38
-1004 38
-1003 35
-1002 20
-1001 26
-1000 44
-999 37
-998 25
-997 33
-996 24
-995 38
-994 29
-993 31
-992 31
-991 32
-990 30
-989 41
-988 31
-987 37
-986 27
-985 28
-984 36
-983 34
-982 23
-981 35
-980 34
-979 40
-978 28
-977 38
-976 31
-975 27
-974 39
-973 31
-972 30
-971 42
-970 39
-969 36
-968 36
-967 26
-966 39
-965 46
-964 34
-963 31
-962 38
-961 37
-960 30
-959 30
-958 27
-957 44
-956 36
-955 36
-954 42
-953 35
-952 29
-951 39
-950 44
-949 34
-948 35
-947 31
-946 37
-945 31
-944 41
-943 34
-942 37
-941 39
-940 34
-939 29
-938 30
-937 40
-936 37
-935 37
-934 37
-933 40
-932 41
-931 32
-930 39
-929 25
-928 36
-927 36
-926 32
-925 37
-924 21
-923 38
-922 31
-921 42
-920 31
-919 49
-918 54
-917 48
-916 37
-915 41
-914 46
-913 53
-912 41
-911 45
-910 38
-909 37
-908 39
-907 38
-906 43
-905 29
-904 42
-903 44
-902 45
-901 44
-900 47
-899 37
-898 44
-897 30
-896 50
-895 38
-894 48
-893 42
-892 36
-891 40
-890 58
-889 44
-888 40
-887 37
-886 43
-885 40
-884 45
-883 32
-882 40
-881 45
-880 43
-879 34
-878 42
-877 33
-876 57
-875 45
-874 40
-873 49
-872 56
-871 34
-870 55
-869 42
-868 46
-867 63
-866 48
-865 44
-864 46
-863 46
-862 47
-861 49
-860 52
-859 42
-858 45
-857 44
-856 44
-855 50
-854 42
-853 51
-852 41
-851 62
-850 39
-849 42
-848 42
-847 53
-846 54
-845 53
-844 51
-843 57
-842 58
-841 40
-840 33
-839 47
-838 46
-837 51
-836 50
-835 47
-834 37
-833 50
-832 40
-831 42
-830 42
-829 43
-828 56
-827 49
-826 57
-825 49
-824 39
-823 56
-822 55
-821 45
-820 41
-819 50
-818 53
-817 48
-816 48
-815 41
-814 43
-813 63
-812 63
-811 57
-810 50
-809 54
-808 52
-807 45
-806 57
-805 43
-804 56
-803 51
-802 50
-801 53
-800 55
-799 49
-798 49
-797 38
-796 55
-795 54
-794 43
-793 44
-792 52
-791 65
-790 50
-789 43
-788 47
-787 54
-786 60
-785 47
-784 58
-783 56
-782 54
-781 55
-780 47
-779 47
-778 47
-777 57
-776 61
-775 68
-774 52
-773 50
-772 59
-771 61
-770 58
-769 60
-768 61
-767 58
-766 44
-765 51
-764 68
-763 62
-762 54
-761 57
-760 39
-759 57
-758 47
-757 43
-756 49
-755 53
-754 56
-753 46
-752 53
-751 45
-750 56
-749 54
-748 66
-747 53
-746 56
-745 66
-744 60
-743 44
-742 51
-741 54
-740 55
-739 60
-738 56
-737 68
-736 61
-735 58
-734 44
-733 44
-732 50
-731 67
-730 64
-729 72
-728 69
-727 61
-726 64
-725 68
-724 43
-723 65
-722 63
-721 51
-720 63
-719 66
-718 64
-717 73
-716 72
-715 50
-714 66
-713 70
-712 68
-711 50
-710 46
-709 59
-708 58
-707 61
-706 69
-705 54
-704 58
-703 77
-702 79
-701 61
-700 65
-699 62
-698 61
-697 72
-696 59
-695 64
-694 53
-693 55
-692 67
-691 60
-690 58
-689 56
-688 53
-687 59
-686 62
-685 69
-684 75
-683 60
-682 52
-681 55
-680 76
-679 60
-678 70
-677 83
-676 62
-675 69
-674 80
-673 64
-672 62
-671 56
-670 63
-669 77
-668 72
-667 64
-666 64
-665 71
-664 78
-663 90
-662 83
-661 72
-660 62
-659 64
-658 68
-657 59
-656 71
-655 71
-654 60
-653 67
-652 82
-651 71
-650 59
-649 77
-648 77
-647 79
-646 72
-645 83
-644 78
-643 68
-642 83
-641 70
-640 65
-639 101
-638 75
-637 61
-636 74
-635 69
-634 75
-633 75
-632 75
-631 60
-630 89
-629 62
-628 69
-627 80
-626 68
-625 72
-624 61
-623 84
-622 84
-621 71
-620 74
-619 84
-618 98
-617 72
-616 80
-615 91
-614 82
-613 69
-612 66
-611 64
-610 87
-609 68
-608 77
-607 80
-606 83
-605 68
-604 80
-603 66
-602 85
-601 76
-600 81
-599 86
-598 76
-597 75
-596 86
-595 79
-594 66
-593 76
-592 78
-591 85
-590 86
-589 87
-588 81
-587 66
-586 71
-585 82
-584 79
-583 81
-582 71
-581 95
-580 80
-579 74
-578 88
-577 88
-576 77
-575 71
-574 76
-573 87
-572 78
-571 73
-570 92
-569 78
-568 92
-567 81
-566 83
-565 78
-564 75
-563 88
-562 76
-561 103
-560 75
-559 98
-558 90
-557 93
-556 80
-555 80
-554 101
-553 88
-552 93
-551 71
-550 79
-549 77
-548 77
-547 90
-546 99
-545 79
-544 104
-543 89
-542 101
-541 91
-540 102
-539 108
-538 111
-537 99
-536 108
-535 97
-534 84
-533 100
-532 92
-531 97
-530 96
-529 103
-528 114
-527 93
-526 96
-525 110
-524 85
-523 91
-522 100
-521 112
-520 89
-519 94
-518 130
-517 95
-516 105
-515 106
-514 108
-513 99
-512 101
-511 112
-510 103
-509 104
-508 99
-507 118
-506 99
-505 97
-504 104
-503 104
-502 82
-501 130
-500 98
-499 104
-498 112
-497 130
-496 119
-495 98
-494 100
-493 103
-492 104
-491 111
-490 142
-489 101
-488 117
-487 113
-486 115
-485 114
-484 114
-483 108
-482 129
-481 127
-480 125
-479 118
-478 135
-477 120
-476 115
-475 135
-474 112
-473 138
-472 127
-471 117
-470 118
-469 139
-468 119
-467 129
-466 121
-465 96
-464 125
-463 131
-462 129
-461 126
-460 121
-459 151
-458 133
-457 139
-456 133
-455 130
-454 137
-453 134
-452 132
-451 143
-450 152
-449 118
-448 118
-447 134
-446 139
-445 130
-444 150
-443 134
-442 142
-441 138
-440 109
-439 142
-438 133
-437 145
-436 150
-435 146
-434 123
-433 130
-432 148
-431 147
-430 157
-429 146
-428 128
-427 139
-426 172
-425 137
-424 139
-423 130
-422 142
-421 143
-420 125
-419 136
-418 147
-417 147
-416 150
-415 160
-414 139
-413 187
-412 152
-411 169
-410 161
-409 141
-408 149
-407 132
-406 151
-405 159
-404 140
-403 154
-402 131
-401 146
-400 157
-399 132
-398 167
-397 145
-396 153
-395 149
-394 160
-393 158
-392 148
-391 178
-390 147
-389 160
-388 163
-387 158
-386 140
-385 184
-384 155
-383 187
-382 178
-381 182
-380 181
-379 168
-378 171
-377 159
-376 158
-375 198
-374 175
-373 179
-372 185
-371 156
-370 157
-369 187
-368 183
-367 173
-366 176
-365 199
-364 210
-363 198
-362 207
-361 201
-360 202
-359 181
-358 208
-357 197
-356 204
-355 197
-354 205
-353 227
-352 210
-351 210
-350 176
-349 196
-348 203
-347 217
-346 202
-345 209
-344 193
-343 227
-342 191
-341 232
-340 205
-339 201
-338 205
-337 238
-336 201
-335 212
-334 185
-333 219
-332 236
-331 188
-330 222
-329 224
-328 199
-327 218
-326 200
-325 223
-324 217
-323 236
-322 217
-321 223
-320 240
-319 223
-318 222
-317 222
-316 229
-315 228
-314 231
-313 243
-312 247
-311 244
-310 227
-309 246
-308 258
-307 234
-306 261
-305 244
-304 240
-303 251
-302 266
-301 252
-300 288
-299 266
-298 276
-297 242
-296 221
-295 259
-294 266
-293 281
-292 262
-291 253
-290 281
-289 263
-288 267
-287 273
-286 252
-285 253
-284 260
-283 294
-282 291
-281 297
-280 282
-279 279
-278 300
-277 297
-276 289
-275 313
-274 328
-273 299
-272 289
-271 305
-270 299
-269 277
-268 287
-267 303
-266 317
-265 263
-264 302
-263 331
-262 307
-261 347
-260 334
-259 320
-258 339
-257 322
-256 319
-255 337
-254 319
-253 354
-252 319
-251 315
-250 344
-249 330
-248 330
-247 366
-246 338
-245 351
-244 358
-243 376
-242 357
-241 353
-240 343
-239 375
-238 397
-237 344
-236 341
-235 393
-234 378
-233 359
-232 387
-231 385
-230 379
-229 385
-228 408
-227 402
-226 372
-225 410
-224 445
-223 394
-222 408
-221 429
-220 392
-219 416
-218 458
-217 407
-216 449
-215 437
-214 425
-213 428
-212 406
-211 461
-210 432
-209 444
-208 466
-207 470
-206 448
-205 419
-204 457
-203 467
-202 445
-201 432
-200 477
-199 497
-198 531
-197 477
-196 461
-195 496
-194 506
-193 474
-192 520
-191 481
-190 537
-189 498
-188 515
-187 518
-186 500
-185 495
-184 549
-183 518
-182 588
-181 602
-180 546
-179 565
-178 579
-177 594
-176 563
-175 633
-174 574
-173 643
-172 577
-171 625
-170 670
-169 626
-168 679
-167 616
-166 635
-165 679
-164 663
-163 699
-162 705
-161 711
-160 725
-159 710
-158 738
-157 702
-156 690
-155 762
-154 742
-153 729
-152 723
-151 735
-150 722
-149 807
-148 763
-147 783
-146 791
-145 785
-144 831
-143 809
-142 843
-141 863
-140 859
-139 851
-138 907
-137 872
-136 869
-135 860
-134 949
-133 969
-132 905
-131 947
-130 949
-129 972
-128 1098
-127 1041
-126 987
-125 1015
-124 1065
-123 1010
-122 1051
-121 1097
-120 1111
-119 1090
-118 1115
-117 1136
-116 1148
-115 1166
-114 1194
-113 1198
-112 1240
-111 1236
-110 1260
-109 1263
-108 1324
-107 1320
-106 1305
-105 1376
-104 1448
-103 1410
-102 1464
-101 1500
-100 1491
-99 1467
-98 1539
-97 1586
-96 1576
-95 1656
-94 1701
-93 1727
-92 1699
-91 1725
-90 1826
-89 1807
-88 1837
-87 1836
-86 1962
-85 2015
-84 2036
-83 2085
-82 2028
-81 2086
-80 2151
-79 2199
-78 2240
-77 2328
-76 2335
-75 2345
-74 2482
-73 2508
-72 2660
-71 2564
-70 2779
-69 2803
-68 2833
-67 2934
-66 3029
-65 3003
-64 3115
-63 3217
-62 3248
-61 3481
-60 3503
-59 3675
-58 3753
-57 3852
-56 3882
-55 4134
-54 4248
-53 4275
-52 4438
-51 4623
-50 4832
-49 5083
-48 5195
-47 5327
-46 5387
-45 5681
-44 5952
-43 6123
-42 6356
-41 6559
-40 6984
-39 7130
-38 7596
-37 7877
-36 8276
-35 8798
-34 9219
-33 9782
-32 10300
-31 10533
-30 11189
-29 12090
-28 12700
-27 13453
-26 14514
-25 15515
-24 17086
-23 17751
-22 19445
-21 20966
-20 22930
-19 25151
-18 27511
-17 30711
-16 33649
-15 37988
-14 42972
-13 49061
-12 55971
-11 65216
-10 77532
-9 93170
-8 115611
-7 147092
-6 192747
-5 267839
-4 400462
-3 674770
-2 1420309
-1 4654343
0 72742307
1 946515086
2 75428628
3 2686902
4 934220
5 515415
6 329686
7 231289
8 171241
9 133057
10 106357
11 86623
12 73075
13 61871
14 53432
15 46429
16 40974
17 36598
18 32882
19 29325
20 26819
21 24335
22 22682
23 20578
24 18886
25 17705
26 16254
27 15191
28 14085
29 13236
30 12458
31 11690
32 11116
33 10467
34 9996
35 9480
36 9251
37 8491
38 8156
39 7937
40 7446
41 7164
42 6947
43 6490
44 6259
45 6009
46 5999
47 5722
48 5416
49 5191
50 5057
51 4908
52 4660
53 4596
54 4449
55 4410
56 4219
57 4141
58 3879
59 3789
60 3685
61 3685
62 3482
63 3431
64 3161
65 3190
66 3187
67 3063
68 2878
69 2881
70 2858
71 2767
72 2736
73 2548
74 2508
75 2581
76 2454
77 2335
78 2317
79 2296
80 2355
81 2159
82 2150
83 2098
84 2034
85 2070
86 1985
87 1912
88 1856
89 1915
90 1848
91 1884
92 1822
93 1819
94 1695
95 1718
96 1617
97 1638
98 1590
99 1594
100 1530
101 1494
102 1441
103 1413
104 1422
105 1409
106 1399
107 1406
108 1384
109 1299
110 1331
111 1260
112 1247
113 1251
114 1267
115 1197
116 1226
117 1180
118 1115
119 1084
120 1069
121 1158
122 1077
123 1091
124 1067
125 1059
126 1013
127 1035
128 1013
129 959
130 959
131 1036
132 1011
133 964
134 900
135 894
136 945
137 887
138 958
139 873
140 870
141 838
142 859
143 880
144 816
145 834
146 836
147 812
148 752
149 773
150 713
151 775
152 791
153 745
154 773
155 769
156 694
157 674
158 723
159 702
160 698
161 743
162 655
163 707
164 670
165 643
166 691
167 693
168 655
169 672
170 664
171 585
172 621
173 645
174 632
175 637
176 585
177 554
178 570
179 561
180 556
181 552
182 562
183 611
184 498
185 539
186 577
187 523
188 524
189 536
190 484
191 538
192 491
193 519
194 544
195 515
196 480
197 471
198 508
199 465
200 495
201 513
202 460
203 445
204 487
205 460
206 462
207 467
208 456
209 460
210 441
211 463
212 451
213 417
214 426
215 435
216 441
217 419
218 419
219 396
220 400
221 431
222 384
223 434
224 413
225 450
226 406
227 410
228 418
229 408
230 386
231 390
232 400
233 401
234 358
235 375
236 347
237 335
238 371
239 357
240 360
241 378
242 350
243 342
244 324
245 355
246 363
247 349
248 353
249 324
250 356
251 310
252 328
253 329
254 330
255 356
256 371
257 313
258 318
259 322
260 315
261 334
262 334
263 310
264 316
265 299
266 326
267 301
268 338
269 289
270 299
271 323
272 298
273 275
274 336
275 293
276 284
277 288
278 288
279 280
280 283
281 256
282 298
283 293
284 281
285 277
286 279
287 275
288 259
289 298
290 246
291 250
292 296
293 280
294 261
295 271
296 253
297 287
298 242
299 290
300 260
301 240
302 241
303 278
304 243
305 257
306 266
307 230
308 250
309 242
310 217
311 242
312 245
313 218
314 262
315 213
316 254
317 259
318 245
319 231
320 210
321 232
322 201
323 237
324 228
325 215
326 230
327 216
328 233
329 206
330 206
331 214
332 223
333 245
334 226
335 223
336 200
337 199
338 213
339 207
340 195
341 197
342 221
343 220
344 225
345 194
346 225
347 197
348 199
349 189
350 207
351 195
352 219
353 209
354 220
355 196
356 173
357 182
358 201
359 196
360 182
361 187
362 179
363 200
364 200
365 186
366 215
367 203
368 176
369 180
370 174
371 186
372 153
373 186
374 184
375 175
376 200
377 165
378 161
379 186
380 168
381 167
382 173
383 175
384 163
385 165
386 165
387 159
388 173
389 170
390 175
391 170
392 182
393 167
394 170
395 159
396 152
397 157
398 137
399 148
400 163
401 153
402 174
403 128
404 140
405 132
406 163
407 168
408 156
409 129
410 158
411 140
412 151
413 141
414 156
415 140
416 162
417 162
418 140
419 146
420 157
421 151
422 130
423 156
424 145
425 152
426 132
427 166
428 150
429 120
430 136
431 147
432 160
433 153
434 145
435 127
436 125
437 162
438 139
439 138
440 134
441 145
442 130
443 141
444 124
445 138
446 108
447 148
448 126
449 128
450 129
451 152
452 124
453 133
454 123
455 135
456 122
457 132
458 135
459 119
460 124
461 123
462 135
463 137
464 109
465 129
466 123
467 121
468 103
469 122
470 108
471 143
472 119
473 126
474 125
475 126
476 113
477 121
478 117
479 119
480 118
481 124
482 127
483 118
484 122
485 123
486 128
487 115
488 109
489 108
490 110
491 109
492 105
493 92
494 90
495 120
496 115
497 93
498 102
499 100
500 118
501 113
502 102
503 106
504 111
505 106
506 99
507 106
508 107
509 111
510 109
511 104
512 101
513 96
514 109
515 98
516 96
517 108
518 82
519 104
520 94
521 112
522 110
523 97
524 113
525 85
526 89
527 110
528 97
529 94
530 101
531 115
532 105
533 80
534 116
535 100
536 104
537 86
538 93
539 93
540 92
541 94
542 90
543 95
544 108
545 80
546 89
547 93
548 97
549 94
550 90
551 74
552 102
553 104
554 98
555 80
556 80
557 93
558 87
559 94
560 87
561 101
562 91
563 108
564 80
565 85
566 72
567 89
568 91
569 90
570 79
571 80
572 68
573 67
574 99
575 73
576 80
577 77
578 87
579 84
580 54
581 60
582 98
583 71
584 67
585 81
586 87
587 63
588 76
589 62
590 93
591 86
592 78
593 72
594 86
595 81
596 79
597 84
598 85
599 89
600 68
601 71
602 73
603 73
604 77
605 54
606 73
607 77
608 76
609 78
610 82
611 92
612 91
613 78
614 87
615 77
616 81
617 84
618 84
619 77
620 74
621 73
622 58
623 75
624 71
625 81
626 85
627 72
628 76
629 75
630 82
631 75
632 99
633 74
634 57
635 65
636 69
637 74
638 78
639 80
640 74
641 60
642 76
643 75
644 63
645 82
646 72
647 86
648 62
649 61
650 85
651 83
652 80
653 64
654 61
655 76
656 74
657 75
658 59
659 54
660 77
661 64
662 82
663 54
664 69
665 74
666 69
667 73
668 69
669 56
670 66
671 71
672 75
673 63
674 53
675 72
676 60
677 59
678 56
679 61
680 70
681 78
682 65
683 58
684 67
685 77
686 72
687 69
688 69
689 62
690 62
691 56
692 74
693 72
694 69
695 74
696 61
697 69
698 54
699 56
700 66
701 82
702 70
703 57
704 48
705 51
706 64
707 65
708 64
709 62
710 60
711 58
712 71
713 53
714 80
715 61
716 74
717 49
718 59
719 57
720 54
721 62
722 51
723 55
724 75
725 71
726 58
727 58
728 65
729 54
730 68
731 57
732 49
733 51
734 62
735 53
736 61
737 49
738 59
739 50
740 63
741 57
742 69
743 53
744 68
745 60
746 59
747 55
748 56
749 60
750 50
751 61
752 67
753 70
754 43
755 71
756 59
757 55
758 40
759 50
760 63
761 63
762 40
763 55
764 54
765 52
766 49
767 44
768 57
769 57
770 52
771 41
772 53
773 59
774 64
775 58
776 49
777 47
778 48
779 55
780 49
781 57
782 62
783 49
784 51
785 48
786 47
787 52
788 48
789 51
790 66
791 42
792 45
793 66
794 49
795 59
796 58
797 56
798 54
799 49
800 54
801 41
802 48
803 51
804 61
805 71
806 45
807 61
808 52
809 44
810 48
811 45
812 54
813 49
814 55
815 48
816 46
817 54
818 54
819 38
820 49
821 47
822 48
823 50
824 52
825 42
826 53
827 55
828 60
829 54
830 45
831 41
832 55
833 40
834 41
835 51
836 47
837 50
838 39
839 46
840 58
841 49
842 55
843 48
844 40
845 57
846 37
847 46
848 46
849 43
850 51
851 51
852 50
853 49
854 46
855 56
856 39
857 47
858 47
859 55
860 52
861 56
862 40
863 49
864 49
865 37
866 49
867 40
868 50
869 47
870 41
871 40
872 45
873 39
874 38
875 42
876 37
877 42
878 55
879 50
880 51
881 49
882 49
883 35
884 40
885 45
886 41
887 38
888 45
889 44
890 46
891 45
892 44
893 44
894 39
895 43
896 34
897 27
898 48
899 42
900 31
901 32
902 46
903 50
904 36
905 30
906 46
907 47
908 41
909 40
910 41
911 41
912 46
913 34
914 35
915 40
916 40
917 38
918 35
919 40
920 37
921 33
922 41
923 30
924 41
925 33
926 42
927 38
928 45
929 49
930 35
931 37
932 41
933 36
934 34
935 32
936 25
937 24
938 38
939 33
940 24
941 33
942 34
943 42
944 41
945 24
946 41
947 37
948 34
949 31
950 41
951 29
952 38
953 32
954 36
955 37
956 30
957 37
958 34
959 29
960 40
961 33
962 31
963 38
964 33
965 34
966 26
967 35
968 25
969 43
970 47
971 37
972 37
973 31
974 30
975 38
976 38
977 38
978 29
979 42
980 20
981 31
982 29
983 37
984 36
985 26
986 29
987 41
988 32
989 34
990 28
991 24
992 27
993 41
994 31
995 30
996 30
997 26
998 36
999 30
1000 47
1001 21
1002 26
1003 33
1004 36
1005 32
1006 27
1007 39
1008 32
1009 38
1010 26
1011 37
1012 32
1013 37
1014 35
1015 32
1016 31
1017 26
1018 31
1019 21
1020 37
1021 32
1022 37
1023 22
1024 25
1025 32
1026 26
1027 26
1028 35
1029 29
1030 27
1031 44
1032 28
1033 33
1034 25
1035 19
1036 26
1037 24
1038 31
1039 27
1040 27
1041 20
1042 23
1043 27
1044 34
1045 24
1046 23
1047 19
1048 29
1049 22
1050 32
1051 30
1052 37
1053 23
1054 27
1055 29
1056 24
1057 33
1058 19
1059 27
1060 24
1061 24
1062 26
1063 24
1064 27
1065 29
1066 29
1067 26
1068 31
1069 30
1070 25
1071 23
1072 16
1073 27
1074 34
1075 36
1076 36
1077 21
1078 26
1079 28
1080 17
1081 28
1082 16
1083 30
1084 33
1085 24
1086 23
1087 29
1088 22
1089 25
1090 27
1091 30
1092 30
1093 23
1094 30
1095 23
1096 22
1097 23
1098 19
1099 30
1100 22
1101 27
1102 25
1103 27
1104 22
1105 25
1106 32
1107 32
1108 22
1109 19
1110 22
1111 21
1112 25
1113 16
1114 26
1115 23
1116 26
1117 25
1118 21
1119 21
1120 22
1121 20
1122 19
1123 26
1124 28
1125 23
1126 22
1127 23
1128 28
1129 24
1130 27
1131 25
1132 20
1133 21
1134 21
1135 20
1136 28
1137 22
1138 23
1139 22
1140 22
1141 33
1142 23
1143 23
1144 17
1145 25
1146 16
1147 14
1148 28
1149 17
1150 23
1151 34
1152 29
1153 22
1154 23
1155 17
1156 23
1157 25
1158 19
1159 21
1160 25
1161 24
1162 24
1163 23
1164 23
1165 24
1166 24
1167 25
1168 20
1169 16
1170 21
1171 21
1172 21
1173 19
1174 20
1175 19
1176 19
1177 27
1178 27
1179 19
1180 24
1181 20
1182 21
1183 16
1184 18
1185 21
1186 26
1187 18
1188 29
1189 14
1190 29
1191 17
1192 15
1193 19
1194 22
1195 32
1196 28
1197 25
1198 20
1199 31
1200 26
1201 20
1202 23
1203 29
1204 14
1205 33
1206 17
1207 24
1208 18
1209 21
1210 22
1211 24
1212 12
1213 21
1214 20
1215 14
1216 20
1217 20
1218 13
1219 24
1220 11
1221 23
1222 11
1223 26
1224 22
1225 16
1226 20
1227 20
1228 17
1229 18
1230 26
1231 17
1232 20
1233 19
1234 17
1235 17
1236 16
1237 21
1238 10
1239 19
1240 14
1241 25
1242 21
1243 12
1244 17
1245 20
1246 17
1247 19
1248 18
1249 12
1250 22
1251 12
1252 22
1253 16
1254 18
1255 16
1256 19
1257 18
1258 17
1259 18
1260 19
1261 19
1262 13
1263 15
1264 16
1265 20
1266 10
1267 27
1268 19
1269 8
1270 20
1271 12
1272 18
1273 22
1274 14
1275 14
1276 18
1277 18
1278 20
1279 14
1280 18
1281 13
1282 11
1283 21
1284 8
1285 18
1286 12
1287 19
1288 15
1289 19
1290 16
1291 16
1292 14
1293 19
1294 14
1295 18
1296 27
1297 11
1298 19
1299 18
1300 12
1301 22
1302 19
1303 14
1304 15
1305 15
1306 18
1307 22
1308 13
1309 17
1310 13
1311 14
1312 19
1313 16
1314 14
1315 17
1316 14
1317 10
1318 18
1319 14
1320 16
1321 16
1322 19
1323 17
1324 17
1325 15
1326 23
1327 18
1328 18
1329 10
1330 18
1331 15
1332 14
1333 23
1334 12
1335 20
1336 11
1337 25
1338 19
1339 19
1340 21
1341 18
1342 11
1343 20
1344 10
1345 23
1346 18
1347 14
1348 14
1349 20
1350 23
1351 16
1352 16
1353 15
1354 19
1355 15
1356 10
1357 12
1358 15
1359 18
1360 15
1361 22
1362 16
1363 14
1364 9
1365 18
1366 8
1367 20
1368 17
1369 16
1370 19
1371 18
1372 14
1373 13
1374 16
1375 20
1376 10
1377 12
1378 13
1379 13
1380 22
1381 18
1382 10
1383 15
1384 10
1385 13
1386 13
1387 8
1388 16
1389 9
1390 14
1391 17
1392 19
1393 16
1394 11
1395 10
1396 9
1397 23
1398 19
1399 21
1400 12
1401 14
1402 13
1403 17
1404 13
1405 14
1406 20
1407 16
1408 11
1409 15
1410 12
1411 15
1412 11
1413 14
1414 11
1415 22
1416 14
1417 19
1418 6
1419 14
1420 8
1421 13
1422 10
1423 13
1424 16
1425 10
1426 12
1427 8
1428 15
1429 17
1430 12
1431 14
1432 15
1433 16
1434 6
1435 21
1436 10
1437 11
1438 8
1439 13
1440 15
1441 9
1442 13
1443 14
1444 13
1445 7
1446 12
1447 16
1448 14
1449 12
1450 15
1451 12
1452 10
1453 15
1454 16
1455 13
1456 6
1457 18
1458 11
1459 7
1460 16
1461 12
1462 8
1463 15
1464 11
1465 15
1466 4
1467 14
1468 10
1469 14
1470 13
1471 10
1472 14
1473 12
1474 10
1475 10
1476 12
1477 13
1478 19
1479 11
1480 6
1481 16
1482 13
1483 11
1484 12
1485 11
1486 10
1487 16
1488 12
1489 11
1490 15
1491 8
1492 11
1493 10
1494 13
1495 12
1496 10
1497 6
1498 8
1499 12
1500 15
1501 13
1502 10
1503 8
1504 13
1505 9
1506 10
1507 10
1508 15
1509 14
1510 8
1511 10
1512 12
1513 10
1514 12
1515 10
1516 11
1517 14
1518 9
1519 7
1520 13
1521 11
1522 12
1523 6
1524 8
1525 6
1526 3
1527 17
1528 13
1529 11
1530 8
1531 9
1532 10
1533 12
1534 12
1535 12
1536 10
1537 7
1538 14
1539 6
1540 11
1541 8
1542 8
1543 12
1544 11
1545 8
1546 8
1547 7
1548 13
1549 6
1550 6
1551 8
1552 5
1553 10
1554 9
1555 8
1556 8
1557 6
1558 7
1559 7
1560 7
1561 8
1562 6
1563 9
1564 8
1565 10
1566 10
1567 12
1568 10
1569 7
1570 4
1571 9
1572 3
1573 5
1574 9
1575 9
1576 8
1577 7
1578 8
1579 9
1580 8
1581 15
1582 1
1583 4
1584 9
1585 13
1586 7
1587 9
1588 4
1589 7
1590 16
1591 7
1592 6
1593 9
1594 9
1595 7
1596 3
1597 11
1598 10
1599 8
1600 9
1601 11
1602 8
1603 7
1604 14
1605 7
1606 6
1607 10
1608 8
1609 9
1610 9
1611 5
1612 4
1613 7
1614 10
1615 7
1616 8
1617 8
1618 6
1619 14
1620 12
1621 11
1622 11
1623 7
1624 10
1625 9
1626 8
1627 7
1628 9
1629 9
1630 9
1631 8
1632 7
1633 6
1634 2
1635 6
1636 10
1637 10
1638 3
1639 6
1640 5
1641 6
1642 9
1643 8
1644 7
1645 6
1646 8
1647 11
1648 9
1649 6
1650 10
1651 7
1652 9
1653 3
1654 10
1655 3
1656 6
1657 8
1658 9
1659 6
1660 6
1661 10
1662 2
1663 12
1664 10
1665 9
1666 5
1667 9
1668 7
1669 5
1670 4
1671 7
1672 10
1673 9
1674 8
1675 5
1676 9
1677 4
1678 6
1679 11
1680 1
1681 4
1682 8
1683 7
1684 8
1685 10
1686 6
1687 5
1688 6
1689 7
1690 6
1691 6
1692 6
1693 5
1694 7
1695 10
1696 7
1697 9
1698 6
1699 7
1700 7
1701 8
1702 9
1703 6
1704 4
1705 3
1706 6
1707 5
1708 3
1709 7
1710 5
1711 3
1712 5
1713 9
1714 7
1715 6
1716 5
1717 5
1718 2
1719 2
1720 5
1721 8
1722 6
1723 5
1724 2
1725 5
1726 2
1727 4
1728 4
1729 6
1730 2
1731 6
1732 7
1733 5
1734 7
1735 6
1736 9
1737 4
1738 9
1739 6
1740 7
1741 9
1742 6
1743 7
1744 5
1745 8
1746 4
1747 4
1748 5
1749 7
1750 10
1751 8
1752 4
1753 4
1754 5
1755 5
1756 5
1757 11
1758 7
1759 6
1760 7
1761 5
1762 4
1763 3
1764 7
1765 1
1766 9
1767 3
1768 6
1769 7
1770 3
1771 6
1772 6
1773 4
1774 1
1775 3
1776 7
1777 4
1778 5
1779 5
1780 6
1781 2
1782 6
1783 11
1784 2
1785 4
1786 3
1787 6
1788 7
1789 1
1790 7
1791 3
1792 8
1793 7
1794 5
1795 3
1796 4
1797 4
1798 4
1799 4
1800 3
1801 5
1802 1
1803 3
1804 5
1805 2
1806 5
1807 5
1808 4
1809 4
1810 4
1811 7
1812 3
1813 5
1814 5
1815 1
1816 7
1817 7
1818 2
1819 6
1820 5
1821 6
1822 4
1823 3
1824 5
1825 4
1826 1
1827 2
1828 5
1829 4
1830 2
1831 3
1832 3
1833 4
1834 3
1835 4
1836 2
1837 7
1838 4
1839 4
1840 5
1841 3
1842 2
1843 6
1844 3
1845 1
1846 5
1847 3
1848 5
1849 1
1850 1
1851 6
1852 3
1853 4
1854 4
1855 6
1856 6
1857 2
1858 4
1859 4
1860 3
1861 4
1862 1
1863 5
1864 2
1865 4
1866 7
1867 7
1868 6
1869 4
1870 3
1871 4
1872 2
1873 7
1874 8
1875 3
1876 3
1877 1
1878 3
1879 3
1880 5
1881 2
1882 2
1883 5
1884 7
1885 2
1886 5
1887 5
1888 2
1889 4
1890 2
1891 2
1892 1
1893 4
1894 3
1895 0
1896 6
1897 2
1898 1
1899 3
1900 2
1901 3
1902 3
1903 4
1904 1
1905 2
1906 1
1907 3
1908 2
1909 3
1910 1
1911 2
1912 0
1913 2
1914 2
1915 4
1916 2
1917 2
1918 3
1919 6
1920 4
1921 4
1922 2
1923 3
1924 5
1925 2
1926 1
1927 4
1928 3
1929 3
1930 2
1931 3
1932 3
1933 1
1934 3
1935 1
1936 2
1937 5
1938 3
1939 3
1940 2
1941 1
1942 2
1943 0
1944 6
1945 1
1946 1
1947 4
1948 1
1949 1
1950 4
1951 4
1952 2
1953 2
1954 0
1955 1
1956 5
1957 0
1958 4
1959 1
1960 3
1961 1
1962 2
1963 2
1964 3
1965 3
1966 1
1967 1
1968 0
1969 1
1970 3
1971 2
1972 2
1973 1
1974 1
1975 2
1976 1
1977 5
1978 2
1979 1
1980 2
1981 4
1982 1
1983 4
1984 0
1985 1
1986 2
1987 1
1988 1
1989 1
1990 1
1991 2
1992 1
1993 2
1994 2
1995 0
1996 1
1997 2
1998 1
1999 2
2000 3
2001 1
2002 1
2003 2
2004 1
2005 1
2006 1
2007 3
2008 2
2009 1
2010 1
2011 0
2012 2
2013 1
2014 1
2015 1
2016 2
2017 0
2018 2
2019 1
2020 5
2021 1
2022 1
2023 0
2024 0
2025 0
2026 1
2027 1
2028 2
2029 3
2030 0
2031 1
2032 0
2033 2
2034 2
2035 1
2036 0
2037 2
2038 2
2039 0
2040 1
2041 3
2042 3
2043 2
2044 0
2045 2
2046 2
2047 2
2048 0
2049 0
2050 0
2051 3
2052 2
2053 0
2054 2
2055 1
2056 0
2057 0
2058 2
2059 1
2060 2
2061 1
2062 1
2063 2
2064 3
2065 0
2066 3
2067 1
2068 2
2069 2
2070 2
2071 0
2072 0
2073 0
2074 2
2075 1
2076 1
2077 0
2078 1
2079 0
2080 0
2081 0
2082 1
2083 0
2084 2
2085 1
2086 0
2087 3
2088 2
2089 0
2090 0
2091 1
2092 1
2093 1
2094 0
2095 1
2096 1
2097 1
2098 1
2099 2
2100 0
2101 0
2102 1
2103 1
2104 0
2105 1
2106 4
2107 0
2108 0
2109 2
2110 0
2111 0
2112 1
2113 0
2114 0
2115 1
2116 2
2117 1
2118 0
2119 0
2120 0
2121 3
2122 0
2123 1
2124 0
2125 1
2126 1
2127 1
2128 1
2129 0
2130 0
2131 1
2132 2
2133 2
2134 1
2135 1
2136 0
2137 1
2138 0
2139 0
2140 0
2141 1
2142 0
2143 1
2144 1
2145 0
2146 0
2147 1
2148 2
2149 2
2150 3
2151 0
2152 2
2153 0
2154 0
2155 1
2156 0
2157 0
2158 2
2159 0
2160 0
2161 0
2162 0
2163 1
2164 0
2165 1
2166 0
2167 1
2168 1
2169 0
2170 0
2171 1
2172 1
2173 0
2174 0
2175 2
2176 1
2177 1
2178 0
2179 0
2180 1
2181 0
2182 0
2183 0
2184 1
2185 1
2186 0
2187 3
2188 0
2189 0
2190 0
2191 0
2192 0
2193 1
2194 1
2195 0
2196 0
2197 0
2198 0
2199 1
2200 0
2201 0
2202 0
2203 0
2204 0
2205 0
2206 0
2207 0
2208 0
2209 0
2210 1
2211 0
2212 0
2213 1
2214 0
2215 1
2216 1
2217 0
2218 1
2219 1
2220 3
2221 0
2222 0
2223 0
2224 1
2225 0
2226 1
2227 2
2228 0
2229 0
2230 0
2231 0
2232 0
2233 0
2234 0
2235 0
2236 0
2237 1
2238 1
2239 0
2240 0
2241 1
2242 0
2243 0
2244 0
2245 0
2246 0
2247 0
2248 0
2249 0
2250 0
2251 1
2252 0
2253 0
2254 1
2255 0
2256 1
2257 0
2258 0
2259 0
2260 0
2261 0
2262 0
2263 1
2264 0
2265 0
2266 1
2267 0
2268 1
2269 0
2270 1
2271 1
2272 0
2273 0
2274 0
2275 0
2276 1
2277 1
2278 0
2279 0
2280 0
2281 1
2282 0
2283 0
2284 2
2285 0
2286 1
2287 1
2288 0
2289 1
2290 1
2291 0
2292 0
2293 3
2294 0
2295 0
2296 0
2297 0
2298 0
2299 0
2300 0
2301 0
2302 0
2303 0
2304 0
2305 0
2306 0
2307 0
2308 0
2309 0
2310 1
2311 0
2312 0
2313 1
2314 0
2315 0
2316 0
2317 0
2318 0
2319 0
2320 0
2321 0
2322 1
2323 0
2324 0
2325 0
2326 0
2327 0
2328 0
2329 1
2330 0
2331 2
2332 1
2333 0
2334 0
2335 0
2336 1
2337 0
2338 1
2339 0
2340 0
2341 0
2342 0
2343 0
2344 0
2345 0
2346 0
2347 1
2348 0
2349 0
2350 0
2351 0
2352 0
2353 0
2354 0
2355 0
2356 1
2357 1
2358 0
2359 0
2360 0
2361 0
2362 0
2363 0
2364 0
2365 0
2366 0
2367 0
2368 0
2369 0
2370 0
2371 0
2372 0
2373 0
2374 0
2375 0
2376 0
2377 0
2378 0
2379 0
2380 0
2381 1
2382 1
2383 0
2384 1
2385 0
2386 0
2387 0
2388 0
2389 0
2390 0
2391 0
2392 0
2393 0
2394 0
2395 0
2396 0
2397 0
2398 0
2399 0
2400 0
2401 0
2402 1
2403 0
2404 0
2405 0
2406 0
2407 0
2408 0
2409 0
2410 0
2411 0
2412 0
2413 0
2414 0
2415 0
2416 0
2417 1
2418 0
2419 0
2420 0
2421 0
2422 1
2423 0
2424 0
2425 0
2426 0
2427 0
2428 0
2429 1
2430 0
2431 0
2432 0
2433 0
2434 1
2435 0
2436 0
2437 0
2438 0
2439 0
2440 0
2441 0
2442 0
2443 0
2444 0
2445 0
2446 0
2447 0
2448 0
2449 0
2450 0
2451 0
2452 1
2453 0
2454 0
2455 0
2456 0
2457 0
2458 0
2459 0
2460 0
2461 0
2462 0
2463 0
2464 0
2465 0
2466 0
2467 1
2468 0
2469 0
2470 0
2471 0
2472 0
2473 0
2474 0
2475 0
2476 1
2477 0
2478 0
2479 0
2480 0
2481 0
2482 0
2483 1
2484 0
2485 0
2486 0
2487 0
2488 1
2489 0
2490 0
2491 0
2492 0
2493 0
2494 0
2495 0
2496 0
2497 0
2498 0
2499 0
2500 1
2501 0
2502 0
2503 0
2504 0
2505 0
2506 0
2507 0
2508 0
2509 0
2510 0
2511 0
2512 0
2513 0
2514 0
2515 0
2516 0
2517 0
2518 0
2519 0
2520 0
2521 1
2522 0
2523 0
2524 0
2525 0
2526 0
2527 0
2528 0
2529 0
2530 0
2531 0
2532 0
2533 0
2534 0
2535 0
2536 0
2537 0
2538 0
2539 0
2540 0
2541 1
2542 0
2543 0
2544 0
2545 0
2546 0
2547 0
2548 0
2549 0
2550 0
2551 0
2552 0
2553 0
2554 0
2555 0
2556 0
2557 0
2558 0
2559 0
2560 0
2561 0
2562 0
2563 0
2564 0
2565 0
2566 0
2567 0
2568 0
2569 0
2570 0
2571 1
2572 0
2573 0
2574 0
2575 0
2576 0
2577 0
2578 0
2579 0
2580 0
2581 0
2582 0
2583 0
2584 0
2585 0
2586 0
2587 0
2588 0
2589 0
2590 0
2591 0
2592 0
2593 0
2594 0
2595 0
2596 0
2597 0
2598 0
2599 0
2600 0
2601 0
2602 0
2603 0
2604 0
2605 0
2606 1
