0 1.0 0.0 39596745
1 0.03415277437679085 1.4679682309938857 71531524
2 0.2790199529518224 1.9098235941499457 47032640
3 0.17064764859051995 2.9910310520677323 42090202
4 0.16781272040815676 3.8602158491396548 36404052
5 0.14867978719456312 4.830670469869215 31554269
6 0.13716696234670314 5.741719485306449 27413642
7 0.1016691244818202 6.801723722661603 23974545
8 0.07479393140276752 7.795037638013717 21105108
9 0.029991820777795976 8.898700659662403 18665589
10 -0.0057581648102136155 9.920893124751156 16554059
11 -0.05599062246702872 11.033904539907654 14724555
12 -0.10023693127165301 12.048935117139154 13130390
13 -0.15096611778406072 13.162339061452583 11730195
14 -0.19477120646395302 14.208727400403413 10497106
15 -0.2523155168496202 15.313126079688212 9413773
16 -0.30393253959237465 16.31581415716091 8450112
17 -0.35839209722320453 17.418680866532103 7592673
18 -0.4097909317606161 18.44687026689933 6832506
19 -0.46499982686983427 19.531049499098604 6151441
20 -0.5223081631095869 20.540007318250616 5543733
21 -0.5796561983616619 21.615170348852757 4996893
22 -0.6338460904266283 22.60838323940189 4512078
23 -0.6873064430245595 23.70574818635693 4073413
24 -0.7458355194212914 24.650478188304113 3680471
25 -0.8055432788488077 25.757346474499546 3326082
26 -0.855130430391052 26.786539600835543 3009728
27 -0.9176523847235822 27.81066304206391 2723649
28 -0.9706848188936377 28.850294468896386 2464491
29 -1.0295764993660708 29.804072119864706 2232110
30 -1.0800374124875052 31.0051657820562 2022854
31 -1.1378468099990902 32.04759547497062 1835407
32 -1.1907032116669822 33.040714697250266 1663155
33 -1.247869566110187 34.33887558084542 1509669
34 -1.3042688624025454 35.20668648102199 1371021
35 -1.3551621450474611 36.30010463349967 1242807
36 -1.418050623501348 37.44405288695497 1127263
37 -1.456490698294061 38.4446095657039 1024597
38 -1.5173370348849722 39.64932066384052 929340
39 -1.5781575873986993 40.579877068572074 843405
40 -1.6306836648518968 41.77384286148514 766121
41 -1.6699231305773476 42.893521450148654 695335
42 -1.7387417171402404 44.16593410941025 632179
43 -1.7750023003592033 45.205906885070036 575997
44 -1.8366021700407338 46.30523204880043 522663
45 -1.8777622401221639 47.711013759404544 474117
46 -1.9351626378871325 48.810975806963164 431603
47 -1.9864311648131328 50.43635683886391 393033
48 -2.0273978740325056 51.01130173278372 357108
49 -2.098921343760651 52.3346322990455 325683
50 -2.1429440389294405 53.21618500674266 295920
51 -2.192240332088746 55.221291841920376 268362
52 -2.26603419918214 56.79411073444406 243807
53 -2.2813038955658724 57.960197527908385 222073
54 -2.3229335815279812 59.45606282655682 201992
55 -2.384416658055182 59.924255726298426 183863
56 -2.4163732709544212 60.96440198005883 167578
57 -2.46892629394419 63.24193505335086 152267
58 -2.5393230122571775 64.84151972251401 138939
59 -2.5625463788938534 65.44161347269662 126674
60 -2.576572355692062 67.15731331440772 115257
61 -2.71627902555865 68.93257163277644 105209
62 -2.7078841286209805 70.63927067389187 96003
63 -2.7583223815781954 71.99701733301306 87505
64 -2.8125354259298914 74.30450510436935 79391
65 -2.8272107529255908 74.1997061414928 72464
66 -2.866969342666687 74.85523966183447 65857
67 -2.917973883390169 77.5461786445473 60115
68 -2.964716569767442 78.84417659117352 55040
69 -3.014011000040146 79.98342407001958 49818
70 -3.0446896490723745 81.10675280763937 45223
71 -3.114092167241296 84.18440443123579 41186
72 -3.2315057502005886 86.1092828624482 37390
73 -3.2281120240303913 88.5324099379482 33957
74 -3.2941271066512288 90.99765880641893 31092
75 -3.2297689909297054 91.72997973687669 28224
76 -3.295746514178286 92.7671869838568 25532
77 -3.324890054127199 93.51390687222849 23648
78 -3.327718510200262 92.1214982011309 21372
79 -3.422957178584188 94.08870279493462 19593
80 -3.438437430042534 97.74027765689348 17868
81 -3.6029854413661773 98.67922445528019 16279
82 -3.688230130326153 107.30957920937527 14809
83 -3.5762787915046363 99.46209958365378 13372
84 -3.6934050705143884 104.72241758133376 12267
85 -3.6009036144578315 110.66983263493248 11288
86 -3.762475442043222 110.37010467768876 10180
87 -3.723111395646607 107.85557768584651 9372
88 -3.810817084493965 112.8829656276422 8616
89 -3.9683544303797467 119.60203653260704 7900
90 -3.9837567680133277 118.83591552712444 7203
91 -4.005647992672874 121.07903999759574 6551
92 -4.171953255425709 128.27293625156463 5990
93 -4.202487653191879 122.08063767475859 5467
94 -4.109371781668383 126.92377416764404 4855
95 -3.9729850413038625 121.49670265460797 4479
96 -4.385586924219911 138.26464615130573 4038
97 -3.9434666666666667 126.13920398222041 3750
98 -3.993276819643379 131.265374266843 3421
99 -4.053141711229946 131.4440342473007 2992
100 -4.673684210526316 145.4786359728732 2755
101 -4.194488188976378 141.17319796639663 2540
102 -4.232182877633348 128.2284756922358 2231
103 -4.309178743961352 139.6705920791639 2070
104 -4.388603696098563 154.38132802980127 1948
105 -4.221618685497012 147.01335120929744 1841
106 -4.497261107729763 148.25486164028484 1643
107 -4.882232811436351 161.52663463334264 1469
108 -4.862944162436548 147.9369807445236 1379
109 -4.7114093959731544 148.4771181478316 1192
110 -4.3972850678733035 155.27836366986725 1105
111 -4.542325581395349 148.4844876149275 1075
112 -3.6755852842809364 135.17792120147755 897
113 -4.145977011494253 163.12466772361003 870
114 -5.385919165580183 171.60595557625462 767
115 -5.810650887573964 188.93160253492496 676
116 -4.131707317073171 141.53875074360414 615
117 -5.3901098901098905 187.6811476069718 546
118 -4.431226765799257 144.55010295601244 538
119 -5.734817813765182 217.7697593797638 494
120 -5.069915254237288 205.86163728095318 472
121 -5.646489104116223 196.1462164871698 413
122 -5.644155844155844 222.36428402766066 385
123 -4.887323943661972 170.48307875421506 355
124 -4.901840490797546 177.4382174714896 326
125 -5.488888888888889 223.3546384479718 315
126 -6.382352941176471 253.18468858131504 272
127 -5.388461538461539 236.79140532544352 260
128 -5.582959641255606 209.03235536608406 223
129 -5.589622641509434 208.1853640085437 212
130 -5.557575757575758 165.5678971533516 165
131 -9.20138888888889 359.9386091820988 144
132 -4.707006369426751 208.78039677066005 157
133 -5.403100775193798 198.73673457123954 129
134 -6.762886597938144 248.8819215644596 97
135 -4.04 182.41839999999993 100
136 -2.0384615384615383 64.46005917159758 104
137 -5.581632653061225 223.16170345689304 98
138 -3.717948717948718 162.71531886916526 78
139 -6.386666666666667 248.87715555555565 75
140 -2.593220338983051 145.0548692904338 59
141 -2.4393939393939394 160.1251147842055 66
142 -5.263888888888889 219.58314043209876 72
143 -8.3625 354.15609375 80
144 -3.675324675324675 138.03744307640414 77
145 -5.788461538461538 189.3975591715976 52
146 -6.914893617021277 219.7799909461294 47
147 -6.636363636363637 358.1707988980716 33
148 -6.511111111111111 250.60543209876548 45
149 -4.068181818181818 161.15444214876027 44
150 -5.029411764705882 259.9108996539791 34
151 -4.5 106.66666666666667 24
152 -5.875 266.5260416666667 24
153 -9.233333333333333 440.8455555555556 30
154 -5.388888888888889 201.23765432098767 18
155 -5.684210526315789 135.90027700831033 19
156 -3.5 86.65 20
157 -5.933333333333334 212.72888888888883 15
158 -8.88888888888889 452.320987654321 9
159 -10.333333333333334 482.22222222222223 12
160 -14.428571428571429 433.67346938775506 7
161 -1.0 2.0 3
162 -0.6666666666666666 32.22222222222222 6
163 0.6666666666666666 18.88888888888889 6
164 -2.4545454545454546 72.24793388429754 11
165 -20.636363636363637 1073.8677685950415 11
166 -1.5 0.75 4
167 -7.5 282.5833333333333 6
168 0.5384615384615384 49.94082840236686 13
169 -0.6363636363636364 8.595041322314046 11
170 -6.555555555555555 180.69135802469134 9
171 -6.0 50.0 3
172 -10.0 182.0 3
173 -9.666666666666666 257.5555555555556 3
174 1.0 0.0 1
175 -6.0 0.0 1
176 1.0 0.0 1
177 1.0 0.0 1
178 -27.75 332.6875 4
179 -1.0 0.0 1
180 8.0 0.0 1
181 0.0 1.0 2
182 -4.5 12.25 2
183 -1.0 0.0 1
187 -6.5 56.25 2
188 -26.0 625.0 2
