0 0.5593
1 0.5593
2 0.5593
3 0.5593
4 0.5593
5 0.5593
6 0.5593
7 0.5593
8 0.5593
9 0.5593
10 0.5593
11 0.5593
12 0.5593
13 0.5593
14 0.5593
15 0.5593
16 0.5593
17 0.5593
18 0.5593
19 0.5593
20 0.5593
21 0.5593
22 0.5593
23 0.5593
24 0.5593
25 0.5593
26 0.5593
27 0.5593
28 0.5593
29 0.5593
30 0.5593
31 0.5593
32 0.5593
33 0.5593
34 0.5593
35 0.5593
36 0.5593
37 0.5593
38 0.5593
39 0.5593
40 0.5593
41 0.5593
42 0.5593
43 0.5593
44 0.5593
45 0.5593
46 0.5593
47 0.5593
48 0.5593
49 0.5593
50 0.5593
51 0.5593
52 0.5593
53 0.5593
54 0.5593
55 0.5593
56 0.5593
57 0.5593
58 0.5593
59 0.5593
60 0.5593
61 0.5593
62 0.5593
63 0.5593
64 0.5593
65 0.5593
66 0.5593
67 0.5593
68 0.5593
69 0.5593
70 0.5593
71 0.5593
72 0.5593
73 0.5593
74 0.5593
75 0.5593
76 0.5593
77 0.5593
78 0.5593
79 0.5593
80 0.5593
81 0.5593
82 0.5593
83 0.5593
84 0.5593
85 0.5593
86 0.5593
87 0.5593
88 0.5593
89 0.5593
90 0.5593
91 0.5593
92 0.5593
93 0.5593
94 0.5593
95 0.5593
96 0.5593
97 0.5593
98 0.5593
99 0.5593
100 0.5593
101 0.5593
102 0.5593
103 0.5593
104 0.5593
105 0.5593
106 0.5593
107 0.5593
