-1113 1
-1112 0
-1111 0
-1110 0
-1109 0
-1108 0
-1107 0
-1106 0
-1105 0
-1104 0
-1103 0
-1102 0
-1101 0
-1100 0
-1099 0
-1098 0
-1097 0
-1096 0
-1095 0
-1094 0
-1093 0
-1092 0
-1091 0
-1090 0
-1089 0
-1088 0
-1087 0
-1086 0
-1085 0
-1084 0
-1083 0
-1082 0
-1081 0
-1080 0
-1079 0
-1078 0
-1077 0
-1076 0
-1075 0
-1074 0
-1073 0
-1072 0
-1071 0
-1070 0
-1069 0
-1068 0
-1067 0
-1066 0
-1065 0
-1064 0
-1063 0
-1062 0
-1061 0
-1060 0
-1059 0
-1058 0
-1057 0
-1056 0
-1055 0
-1054 0
-1053 0
-1052 0
-1051 0
-1050 0
-1049 0
-1048 0
-1047 0
-1046 0
-1045 0
-1044 0
-1043 0
-1042 0
-1041 0
-1040 0
-1039 0
-1038 0
-1037 0
-1036 0
-1035 0
-1034 0
-1033 0
-1032 0
-1031 0
-1030 0
-1029 0
-1028 0
-1027 0
-1026 0
-1025 0
-1024 0
-1023 0
-1022 0
-1021 0
-1020 0
-1019 0
-1018 0
-1017 0
-1016 0
-1015 0
-1014 0
-1013 0
-1012 0
-1011 0
-1010 0
-1009 0
-1008 0
-1007 0
-1006 0
-1005 0
-1004 0
-1003 0
-1002 0
-1001 0
-1000 0
-999 0
-998 0
-997 0
-996 0
-995 0
-994 0
-993 0
-992 0
-991 0
-990 0
-989 0
-988 0
-987 0
-986 0
-985 0
-984 0
-983 0
-982 0
-981 0
-980 0
-979 0
-978 0
-977 0
-976 0
-975 0
-974 0
-973 0
-972 0
-971 1
-970 0
-969 0
-968 0
-967 0
-966 0
-965 0
-964 0
-963 0
-962 0
-961 0
-960 0
-959 0
-958 0
-957 0
-956 0
-955 0
-954 0
-953 0
-952 0
-951 0
-950 0
-949 0
-948 0
-947 0
-946 0
-945 0
-944 0
-943 0
-942 0
-941 0
-940 0
-939 0
-938 0
-937 0
-936 0
-935 0
-934 0
-933 0
-932 0
-931 0
-930 0
-929 0
-928 0
-927 0
-926 0
-925 0
-924 0
-923 0
-922 0
-921 0
-920 0
-919 0
-918 0
-917 0
-916 0
-915 0
-914 0
-913 0
-912 0
-911 0
-910 0
-909 0
-908 0
-907 0
-906 0
-905 0
-904 0
-903 0
-902 0
-901 0
-900 0
-899 0
-898 0
-897 0
-896 0
-895 0
-894 0
-893 0
-892 0
-891 1
-890 0
-889 0
-888 0
-887 0
-886 0
-885 0
-884 0
-883 0
-882 0
-881 0
-880 0
-879 0
-878 0
-877 0
-876 0
-875 0
-874 0
-873 0
-872 0
-871 0
-870 0
-869 0
-868 0
-867 0
-866 0
-865 0
-864 0
-863 0
-862 0
-861 0
-860 0
-859 0
-858 0
-857 0
-856 0
-855 0
-854 0
-853 0
-852 0
-851 0
-850 0
-849 0
-848 0
-847 0
-846 0
-845 0
-844 0
-843 0
-842 0
-841 0
-840 0
-839 0
-838 0
-837 0
-836 0
-835 0
-834 0
-833 0
-832 0
-831 0
-830 0
-829 0
-828 0
-827 0
-826 0
-825 0
-824 0
-823 0
-822 0
-821 0
-820 0
-819 0
-818 0
-817 0
-816 0
-815 0
-814 0
-813 0
-812 0
-811 0
-810 0
-809 0
-808 0
-807 0
-806 0
-805 0
-804 0
-803 0
-802 0
-801 0
-800 0
-799 0
-798 0
-797 0
-796 0
-795 0
-794 0
-793 0
-792 0
-791 0
-790 0
-789 0
-788 0
-787 0
-786 0
-785 0
-784 0
-783 0
-782 0
-781 0
-780 0
-779 0
-778 0
-777 0
-776 0
-775 0
-774 0
-773 0
-772 0
-771 0
-770 0
-769 0
-768 0
-767 0
-766 0
-765 0
-764 0
-763 0
-762 0
-761 0
-760 0
-759 0
-758 0
-757 0
-756 0
-755 0
-754 0
-753 0
-752 0
-751 0
-750 0
-749 0
-748 0
-747 0
-746 0
-745 0
-744 0
-743 0
-742 0
-741 0
-740 0
-739 0
-738 0
-737 0
-736 0
-735 0
-734 0
-733 0
-732 0
-731 0
-730 0
-729 0
-728 0
-727 0
-726 0
-725 0
-724 0
-723 0
-722 0
-721 0
-720 0
-719 0
-718 0
-717 0
-716 0
-715 0
-714 0
-713 0
-712 0
-711 0
-710 0
-709 0
-708 0
-707 0
-706 0
-705 0
-704 0
-703 0
-702 0
-701 0
-700 0
-699 0
-698 0
-697 0
-696 0
-695 0
-694 0
-693 0
-692 0
-691 0
-690 0
-689 0
-688 0
-687 0
-686 0
-685 0
-684 0
-683 0
-682 0
-681 0
-680 0
-679 0
-678 0
-677 0
-676 0
-675 0
-674 0
-673 0
-672 0
-671 0
-670 0
-669 0
-668 0
-667 0
-666 0
-665 0
-664 0
-663 0
-662 0
-661 0
-660 0
-659 0
-658 0
-657 0
-656 0
-655 0
-654 0
-653 0
-652 0
-651 0
-650 0
-649 0
-648 0
-647 0
-646 0
-645 0
-644 0
-643 0
-642 0
-641 0
-640 0
-639 0
-638 0
-637 0
-636 0
-635 0
-634 0
-633 0
-632 0
-631 0
-630 0
-629 0
-628 0
-627 0
-626 0
-625 0
-624 0
-623 0
-622 0
-621 0
-620 0
-619 0
-618 0
-617 0
-616 0
-615 0
-614 0
-613 0
-612 0
-611 0
-610 0
-609 0
-608 0
-607 0
-606 0
-605 0
-604 0
-603 0
-602 0
-601 0
-600 0
-599 0
-598 0
-597 0
-596 0
-595 0
-594 0
-593 0
-592 0
-591 0
-590 0
-589 0
-588 0
-587 0
-586 0
-585 0
-584 0
-583 0
-582 0
-581 0
-580 0
-579 0
-578 0
-577 0
-576 0
-575 0
-574 0
-573 0
-572 0
-571 0
-570 0
-569 0
-568 0
-567 0
-566 0
-565 0
-564 0
-563 1
-562 0
-561 0
-560 0
-559 0
-558 0
-557 0
-556 0
-555 0
-554 0
-553 0
-552 0
-551 0
-550 0
-549 0
-548 0
-547 0
-546 0
-545 0
-544 0
-543 0
-542 0
-541 0
-540 0
-539 0
-538 0
-537 0
-536 0
-535 0
-534 0
-533 0
-532 0
-531 0
-530 0
-529 0
-528 0
-527 0
-526 0
-525 0
-524 0
-523 0
-522 0
-521 0
-520 0
-519 0
-518 0
-517 0
-516 0
-515 0
-514 0
-513 0
-512 0
-511 0
-510 0
-509 0
-508 0
-507 0
-506 0
-505 0
-504 0
-503 0
-502 0
-501 0
-500 0
-499 0
-498 0
-497 0
-496 0
-495 0
-494 0
-493 0
-492 0
-491 0
-490 0
-489 0
-488 0
-487 0
-486 0
-485 0
-484 0
-483 0
-482 0
-481 0
-480 0
-479 0
-478 0
-477 0
-476 0
-475 0
-474 0
-473 0
-472 0
-471 0
-470 0
-469 0
-468 0
-467 0
-466 0
-465 0
-464 0
-463 0
-462 0
-461 0
-460 0
-459 0
-458 0
-457 0
-456 0
-455 0
-454 0
-453 0
-452 0
-451 0
-450 0
-449 0
-448 0
-447 0
-446 0
-445 0
-444 0
-443 0
-442 0
-441 0
-440 0
-439 0
-438 0
-437 0
-436 0
-435 0
-434 0
-433 0
-432 0
-431 0
-430 0
-429 0
-428 0
-427 0
-426 0
-425 0
-424 0
-423 0
-422 0
-421 0
-420 0
-419 0
-418 0
-417 0
-416 0
-415 0
-414 0
-413 0
-412 0
-411 0
-410 0
-409 0
-408 0
-407 0
-406 0
-405 0
-404 0
-403 0
-402 0
-401 0
-400 0
-399 0
-398 0
-397 0
-396 0
-395 0
-394 0
-393 0
-392 0
-391 0
-390 0
-389 0
-388 0
-387 0
-386 0
-385 0
-384 0
-383 1
-382 0
-381 0
-380 0
-379 0
-378 0
-377 0
-376 0
-375 0
-374 0
-373 0
-372 0
-371 0
-370 0
-369 0
-368 0
-367 0
-366 0
-365 0
-364 0
-363 0
-362 0
-361 0
-360 0
-359 0
-358 0
-357 0
-356 0
-355 0
-354 0
-353 1
-352 0
-351 0
-350 1
-349 0
-348 0
-347 0
-346 0
-345 0
-344 0
-343 0
-342 0
-341 0
-340 0
-339 0
-338 0
-337 0
-336 0
-335 0
-334 0
-333 0
-332 0
-331 0
-330 1
-329 0
-328 0
-327 0
-326 0
-325 0
-324 0
-323 0
-322 0
-321 0
-320 0
-319 0
-318 0
-317 0
-316 0
-315 0
-314 0
-313 0
-312 0
-311 0
-310 1
-309 0
-308 0
-307 0
-306 1
-305 0
-304 0
-303 0
-302 0
-301 0
-300 0
-299 0
-298 0
-297 1
-296 0
-295 0
-294 0
-293 0
-292 0
-291 0
-290 0
-289 0
-288 0
-287 0
-286 0
-285 0
-284 0
-283 0
-282 0
-281 0
-280 0
-279 0
-278 0
-277 0
-276 0
-275 0
-274 0
-273 0
-272 0
-271 0
-270 0
-269 0
-268 1
-267 0
-266 1
-265 0
-264 0
-263 0
-262 0
-261 0
-260 0
-259 0
-258 0
-257 0
-256 0
-255 0
-254 0
-253 0
-252 0
-251 0
-250 0
-249 0
-248 0
-247 0
-246 0
-245 0
-244 0
-243 0
-242 0
-241 0
-240 0
-239 0
-238 0
-237 0
-236 0
-235 0
-234 1
-233 0
-232 0
-231 0
-230 0
-229 0
-228 0
-227 0
-226 0
-225 0
-224 0
-223 0
-222 2
-221 0
-220 0
-219 0
-218 0
-217 0
-216 1
-215 0
-214 0
-213 0
-212 0
-211 0
-210 0
-209 0
-208 1
-207 0
-206 0
-205 0
-204 0
-203 1
-202 0
-201 0
-200 0
-199 1
-198 0
-197 0
-196 1
-195 0
-194 1
-193 0
-192 1
-191 1
-190 0
-189 1
-188 0
-187 1
-186 0
-185 1
-184 0
-183 0
-182 0
-181 0
-180 0
-179 0
-178 0
-177 0
-176 0
-175 0
-174 1
-173 1
-172 0
-171 1
-170 1
-169 1
-168 2
-167 2
-166 0
-165 1
-164 2
-163 0
-162 4
-161 1
-160 3
-159 3
-158 1
-157 4
-156 2
-155 0
-154 3
-153 2
-152 2
-151 4
-150 4
-149 3
-148 2
-147 1
-146 2
-145 4
-144 6
-143 1
-142 4
-141 5
-140 5
-139 3
-138 4
-137 6
-136 5
-135 3
-134 3
-133 3
-132 5
-131 4
-130 5
-129 8
-128 6
-127 6
-126 6
-125 5
-124 9
-123 8
-122 12
-121 8
-120 5
-119 9
-118 7
-117 7
-116 4
-115 9
-114 7
-113 11
-112 8
-111 13
-110 6
-109 9
-108 14
-107 12
-106 16
-105 13
-104 16
-103 19
-102 20
-101 22
-100 21
-99 13
-98 26
-97 24
-96 18
-95 16
-94 21
-93 19
-92 20
-91 43
-90 32
-89 34
-88 42
-87 33
-86 46
-85 33
-84 39
-83 45
-82 50
-81 52
-80 54
-79 64
-78 58
-77 60
-76 62
-75 55
-74 69
-73 64
-72 86
-71 93
-70 86
-69 100
-68 99
-67 110
-66 125
-65 107
-64 142
-63 132
-62 153
-61 133
-60 168
-59 174
-58 185
-57 179
-56 205
-55 239
-54 245
-53 266
-52 252
-51 315
-50 340
-49 353
-48 374
-47 364
-46 409
-45 486
-44 512
-43 507
-42 529
-41 586
-40 581
-39 653
-38 766
-37 743
-36 851
-35 923
-34 991
-33 1065
-32 1095
-31 1221
-30 1304
-29 1440
-28 1517
-27 1773
-26 1832
-25 2043
-24 2383
-23 2523
-22 2746
-21 3158
-20 3488
-19 3720
-18 4308
-17 4831
-16 5070
-15 6097
-14 6685
-13 7808
-12 9084
-11 10335
-10 12075
-9 14420
-8 17123
-7 21280
-6 26370
-5 34419
-4 46042
-3 65657
-2 107238
-1 204053
0 862026
1 6978108
2 861511
3 203896
4 107061
5 65832
6 45820
7 34549
8 26409
9 21182
10 17404
11 14526
12 11992
13 10180
14 9084
15 7706
16 6683
17 5981
18 5203
19 4696
20 4261
21 3786
22 3349
23 3131
24 2798
25 2469
26 2338
27 2215
28 1824
29 1740
30 1615
31 1466
32 1367
33 1256
34 1100
35 1024
36 977
37 898
38 853
39 731
40 758
41 611
42 575
43 562
44 553
45 526
46 462
47 476
48 417
49 406
50 369
51 338
52 328
53 312
54 265
55 279
56 250
57 232
58 216
59 190
60 186
61 199
62 169
63 143
64 170
65 122
66 139
67 139
68 118
69 127
70 85
71 86
72 103
73 92
74 81
75 68
76 82
77 56
78 64
79 57
80 50
81 58
82 49
83 61
84 50
85 51
86 42
87 49
88 30
89 44
90 27
91 17
92 35
93 29
94 25
95 29
96 27
97 27
98 21
99 19
100 25
101 7
102 19
103 8
104 19
105 19
106 22
107 16
108 12
109 12
110 11
111 7
112 17
113 15
114 13
115 9
116 12
117 11
118 6
119 10
120 9
121 10
122 7
123 6
124 4
125 10
126 7
127 5
128 4
129 6
130 6
131 3
132 3
133 2
134 6
135 5
136 4
137 4
138 4
139 5
140 5
141 3
142 4
143 1
144 3
145 6
146 11
147 4
148 0
149 2
150 2
151 3
152 3
153 2
154 2
155 2
156 2
157 2
158 2
159 1
160 1
161 1
162 3
163 0
164 2
165 1
166 3
167 1
168 0
169 1
170 0
171 1
172 0
173 1
174 0
175 0
176 0
177 1
178 0
179 0
180 0
181 0
182 0
183 0
184 0
185 0
186 2
187 1
188 0
189 0
190 0
191 1
192 1
193 0
194 0
195 0
196 1
197 0
198 0
199 0
200 0
201 0
202 1
203 0
204 0
205 0
206 0
207 0
208 0
209 0
210 0
211 0
212 0
213 0
214 0
215 0
216 0
217 0
218 0
219 2
220 0
221 0
222 0
223 0
224 1
225 1
226 1
227 0
228 0
229 0
230 0
231 0
232 0
233 0
234 0
235 0
236 0
237 0
238 0
239 0
240 1
241 0
242 0
243 0
244 0
245 1
246 0
247 0
248 0
249 0
250 0
251 0
252 0
253 0
254 1
255 0
256 0
257 0
258 1
259 1
260 0
261 0
262 0
263 0
264 0
265 1
266 0
267 0
268 0
269 0
270 1
271 0
272 0
273 0
274 0
275 0
276 0
277 0
278 0
279 0
280 0
281 0
282 0
283 0
284 0
285 0
286 0
287 0
288 0
289 0
290 0
291 0
292 0
293 0
294 0
295 0
296 0
297 0
298 0
299 0
300 0
301 0
302 0
303 0
304 0
305 0
306 0
307 0
308 0
309 0
310 0
311 0
312 0
313 0
314 0
315 0
316 0
317 0
318 0
319 0
320 0
321 0
322 0
323 0
324 0
325 0
326 0
327 0
328 0
329 0
330 0
331 0
332 0
333 1
334 0
335 0
336 0
337 0
338 0
339 0
340 0
341 0
342 0
343 0
344 0
345 0
346 0
347 0
348 0
349 0
350 0
351 0
352 1
353 0
354 0
355 0
356 0
357 0
358 0
359 0
360 0
361 0
362 0
363 0
364 0
365 0
366 0
367 0
368 0
369 0
370 0
371 0
372 0
373 0
374 0
375 0
376 0
377 0
378 0
379 0
380 0
381 0
382 0
383 0
384 0
385 0
386 0
387 0
388 0
389 0
390 0
391 0
392 0
393 0
394 0
395 0
396 0
397 0
398 0
399 0
400 0
401 0
402 0
403 0
404 0
405 0
406 0
407 0
408 0
409 0
410 0
411 0
412 0
413 0
414 0
415 0
416 0
417 0
418 0
419 0
420 0
421 0
422 0
423 0
424 0
425 0
426 0
427 0
428 0
429 0
430 0
431 0
432 0
433 0
434 0
435 0
436 0
437 1
438 0
439 0
440 0
441 0
442 0
443 0
444 0
445 0
446 0
447 0
448 0
449 0
450 0
451 0
452 0
453 0
454 0
455 0
456 0
457 0
458 1
459 0
460 0
461 0
462 0
463 0
464 0
465 0
466 0
467 0
468 0
469 0
470 0
471 0
472 0
473 0
474 0
475 0
476 0
477 0
478 0
479 0
480 0
481 0
482 0
483 0
484 0
485 0
486 0
487 0
488 0
489 0
490 0
491 0
492 0
493 0
494 0
495 0
496 0
497 0
498 0
499 0
500 0
501 0
502 0
503 0
504 0
505 0
506 0
507 0
508 0
509 0
510 0
511 0
512 0
513 0
514 0
515 0
516 0
517 0
518 0
519 0
520 0
521 0
522 0
523 0
524 0
525 0
526 0
527 0
528 0
529 0
530 0
531 0
532 0
533 0
534 0
535 0
536 0
537 0
538 0
539 0
540 0
541 0
542 0
543 0
544 0
545 0
546 0
547 0
548 0
549 0
550 0
551 0
552 0
553 0
554 0
555 0
556 0
557 0
558 0
559 0
560 0
561 0
562 0
563 0
564 0
565 0
566 0
567 0
568 0
569 0
570 0
571 0
572 0
573 0
574 0
575 0
576 0
577 0
578 0
579 0
580 0
581 0
582 0
583 0
584 0
585 0
586 0
587 0
588 0
589 0
590 0
591 0
592 0
593 0
594 0
595 0
596 0
597 0
598 0
599 0
600 0
601 0
602 0
603 0
604 0
605 0
606 0
607 0
608 0
609 0
610 0
611 0
612 0
613 0
614 0
615 0
616 0
617 0
618 0
619 0
620 0
621 0
622 0
623 0
624 0
625 0
626 0
627 0
628 0
629 0
630 0
631 0
632 0
633 0
634 0
635 0
636 0
637 1
638 0
639 0
640 0
641 0
642 0
643 0
644 0
645 0
646 0
647 0
648 0
649 0
650 0
651 0
652 0
653 0
654 0
655 0
656 0
657 0
658 0
659 0
660 0
661 0
662 0
663 0
664 0
665 0
666 0
667 0
668 0
669 0
670 0
671 0
672 0
673 0
674 0
675 0
676 0
677 0
678 0
679 0
680 0
681 0
682 0
683 0
684 0
685 0
686 0
687 0
688 0
689 0
690 0
691 0
692 0
693 0
694 0
695 0
696 0
697 0
698 0
699 0
700 0
701 0
702 0
703 0
704 0
705 0
706 0
707 0
708 0
709 0
710 0
711 0
712 0
713 0
714 0
715 0
716 0
717 0
718 0
719 0
720 0
721 0
722 0
723 0
724 0
725 0
726 0
727 0
728 0
729 0
730 0
731 0
732 0
733 0
734 0
735 0
736 0
737 0
738 0
739 0
740 0
741 0
742 0
743 0
744 0
745 0
746 0
747 0
748 0
749 0
750 0
751 0
752 0
753 0
754 0
755 0
756 0
757 0
758 0
759 0
760 0
761 0
762 0
763 0
764 0
765 0
766 0
767 0
768 0
769 0
770 0
771 0
772 0
773 0
774 0
775 0
776 0
777 0
778 0
779 0
780 0
781 0
782 0
783 0
784 0
785 0
786 0
787 0
788 0
789 0
790 0
791 0
792 0
793 0
794 0
795 0
796 0
797 0
798 0
799 0
800 0
801 0
802 0
803 0
804 0
805 0
806 0
807 0
808 0
809 0
810 0
811 0
812 0
813 0
814 0
815 0
816 0
817 0
818 0
819 0
820 0
821 0
822 0
823 0
824 0
825 0
826 0
827 0
828 0
829 0
830 0
831 0
832 0
833 0
834 0
835 0
836 0
837 0
838 0
839 0
840 0
841 0
842 0
843 0
844 0
845 0
846 0
847 0
848 0
849 0
850 0
851 0
852 0
853 0
854 0
855 0
856 0
857 0
858 0
859 0
860 0
861 0
862 0
863 0
864 0
865 0
866 0
867 0
868 0
869 0
870 0
871 0
872 0
873 0
874 0
875 0
876 0
877 0
878 0
879 0
880 0
881 0
882 0
883 0
884 0
885 0
886 0
887 0
888 0
889 0
890 0
891 0
892 0
893 0
894 0
895 0
896 0
897 0
898 0
899 0
900 0
901 0
902 0
903 0
904 0
905 0
906 0
907 0
908 0
909 0
910 0
911 0
912 0
913 0
914 0
915 0
916 0
917 0
918 0
919 0
920 0
921 0
922 0
923 0
924 0
925 0
926 0
927 0
928 0
929 0
930 0
931 0
932 0
933 0
934 0
935 0
936 1
937 0
938 0
939 0
940 0
941 0
942 0
943 0
944 0
945 0
946 0
947 0
948 0
949 0
950 0
951 0
952 0
953 0
954 0
955 0
956 0
957 0
958 0
959 0
960 0
961 0
962 0
963 0
964 0
965 0
966 0
967 0
968 0
969 0
970 0
971 0
972 0
973 0
974 0
975 0
976 0
977 0
978 0
979 0
980 0
981 0
982 0
983 0
984 0
985 0
986 0
987 0
988 0
989 0
990 0
991 0
992 0
993 0
994 0
995 0
996 0
997 0
998 0
999 0
1000 0
1001 0
1002 0
1003 0
1004 0
1005 0
1006 0
1007 0
1008 0
1009 0
1010 0
1011 0
1012 0
1013 0
1014 0
1015 0
1016 0
1017 0
1018 0
1019 0
1020 0
1021 0
1022 0
1023 0
1024 0
1025 0
1026 1
1027 0
1028 0
1029 0
1030 0
1031 0
1032 0
1033 0
1034 0
1035 0
1036 0
1037 0
1038 0
1039 0
1040 0
1041 0
1042 0
1043 0
1044 0
1045 0
1046 0
1047 0
1048 0
1049 0
1050 0
1051 0
1052 0
1053 0
1054 0
1055 0
1056 0
1057 0
1058 0
1059 0
1060 0
1061 0
1062 0
1063 0
1064 0
1065 0
1066 0
1067 0
1068 0
1069 0
1070 0
1071 0
1072 0
1073 0
1074 0
1075 0
1076 0
1077 0
1078 0
1079 0
1080 0
1081 0
1082 0
1083 0
1084 0
1085 0
1086 0
1087 1
