0 1.0 1.0 3473395
1 -0.025518936918432763 1.4583346300272824 5976738
2 0.3010609746921167 2.016094375747239 3707817
3 0.21530657216610752 3.055630008724512 3446611
4 0.2587701892932259 4.005446644708123 3124676
5 0.27634242430838213 5.083908321180593 2848466
6 0.2810748414275684 6.003653413621164 2604961
7 0.2845331616226658 7.154565357372827 2407150
8 0.32166118171929003 8.500144582294865 2251313
9 0.32188142060463754 9.697549163486938 2112340
10 0.3323033002886184 10.973538085079683 1976312
11 0.36157059038021677 12.411592137103458 1870354
12 0.35360824742268043 13.827450637777389 1774130
13 0.34854227135752713 15.47934037085652 1676821
14 0.3351769483658867 16.85492167859215 1603010
15 0.3424152721561046 18.27572041321815 1539429
16 0.3655252589304587 19.924561403508772 1466610
17 0.37807547500218897 22.119166447771647 1416204
18 0.3431678788846075 23.021660320572746 1359629
19 0.34152252423493634 25.00137806500665 1304728
20 0.35347091932457786 26.865440900562852 1239225
21 0.29251314839641124 28.213158708879035 1202428
22 0.3153201837341259 29.90656579302891 1147310
23 0.27751262943425714 31.04661028775573 1110699
24 0.30084597432905485 33.58019253208868 1062680
25 0.33877252800779345 36.1271919142718 1018288
26 0.29020274524619066 37.38156403475633 984684
27 0.30707592891760904 39.565169628432955 959450
28 0.22537641684994078 39.85914396887159 916205
29 0.3691971410727916 43.94112136562348 893482
30 0.32058697514995715 44.26060411311054 868248
31 0.23162780417725715 46.35856632408738 841557
32 0.34655873522593394 49.9041918443355 815703
33 0.2724512437229943 51.11413445443575 796359
34 0.2150853737113402 52.48505960051546 769792
35 0.24112365104209574 54.76365433726007 752618
36 0.22807538840309025 56.89018592410221 730298
37 0.26295244854506744 59.63626685592619 698864
38 0.23450866790386096 60.98524419499389 684883
39 0.20594430142756845 63.817271238006086 662315
40 0.14195537994506818 64.67392666120561 643343
41 0.15403470928522403 66.97725267183057 632338
42 0.16892949073840408 66.85655882501388 614203
43 0.09462915601023018 70.42291560102302 606050
44 0.193382891843786 73.67092451052245 592162
45 0.09930304176346642 74.52612242692744 573779
46 0.01314441789006487 77.41430522362582 544794
47 0.04365056238708549 78.19400897488198 531929
48 -0.04084764771855262 79.67699663538161 525171
49 0.0576088948622396 80.35060174720508 507439
50 0.02680140597539543 83.77523223700729 493892
51 0.04797211660329531 87.79385297845374 489180
52 0.021083360363282518 89.44164774570224 477865
53 -0.1271941489361702 91.41628989361702 466240
54 -0.03493236647608423 87.16643424905871 444602
55 -0.161281239000352 89.23752199929602 440355
56 -0.2634019124891336 101.41393798898869 427924
57 -0.041772340742950914 103.45502014023572 415586
58 -0.24822749104215902 100.68125333536632 406627
59 -0.2058660325009909 105.22068965517241 391065
60 -0.23960012899064817 103.09271202837795 384524
61 -0.1891891891891892 106.76299376299376 372775
62 -0.11532534246575342 109.30984589041095 362080
63 -0.18794109959048533 113.98353228195522 355787
64 -0.31133403731080606 114.50686378035903 352284
65 -0.314324569356301 116.24161378059837 341930
66 -0.18273460410557185 128.68731671554252 338272
67 -0.25922043266939865 118.14828933574763 325283
68 -0.23134036733098867 128.0240328253224 317316
69 -0.37514898688915377 122.36541517679777 312108
70 -0.30018491884117526 125.24244914731868 301754
71 -0.40520328628607544 123.96050136928586 294314
72 -0.5102439024390244 132.4308943089431 285975
73 -0.37397472844158725 136.0303702061627 279682
74 -0.2607253174693971 138.9919917629562 270971
75 -0.6317719422758458 128.6424177903951 262074
76 -0.5678193037606241 137.74630341134008 266259
77 -0.45977146895983034 147.3788432088585 263159
78 -0.5574797347089168 137.8225251780889 252402
79 -0.4598012646793135 143.59078590785907 240219
80 -0.6581935483870968 142.95264516129032 240250
81 -0.41715323731672505 145.37290774620476 238917
82 -0.8482286634460547 146.2049114331723 231012
83 -0.6546505228398459 151.56714364336818 225308
84 -0.8134964266080263 162.43114348543156 225556
85 -0.8453401943967982 151.85734705546025 216876
86 -0.9534538986065817 141.74621998221167 209126
87 -0.7220394736842105 160.9050538277512 207328
88 -0.7168464226036761 167.9934680236974 204073
89 -0.8593604470661286 161.7345544861844 199702
90 -0.7067705022250477 175.97504767959313 195052
91 -0.695752009184845 168.54485812694767 189007
92 -0.9751329103069799 178.99193963299606 180761
93 -1.3935112506541079 167.47758590615734 177723
94 -0.6499004885109463 176.40709245521984 171337
95 -0.6483042908000749 168.61795015926552 165447
96 -1.2009469696969697 189.9653409090909 163680
97 -0.8109423676012462 174.74746884735202 159216
98 -1.014199572067691 180.8819295856837 159371
99 -1.0908366533864542 176.01394422310756 155620
100 -0.937097778700436 192.7095702719535 149327
101 -0.9287537218205019 188.82666950233943 145762
102 -1.0392902408111533 201.67215885086608 146754
103 -0.986524064171123 200.91807486631015 144925
104 -1.2568623075206427 195.3773711225173 138911
105 -1.4477272727272728 201.575 136400
106 -1.2563359884141927 202.81414433985034 128433
107 -1.4172573942801272 205.7286726961623 126821
108 -1.285300506879073 214.36326333574704 128433
109 -1.257334659373446 216.855047240179 124682
110 -1.4446384039900249 202.57431421446384 124310
111 -1.4119958093242535 205.57333682556313 118358
112 -1.3384697130712009 229.73379383634432 116684
113 -1.5844994617868675 203.9940796555436 115196
114 -1.4799668416689693 216.37745233489915 112189
115 -1.1420118343195267 220.0611439842209 110019
116 -1.7265177548682704 235.4962772050401 108252
117 -1.3593935790725327 236.75416171224734 104284
118 -1.7419543592744295 229.3458162668227 105958
119 -2.1176470588235294 235.6917043740573 102765
120 -1.6846875 216.7746875 99200
121 -1.7440667094291213 233.03912764592687 96658
122 -1.1846103038309115 228.09676354029062 93868
123 -1.2707275803722504 229.16988155668358 91605
124 -1.3730822873082287 231.27824267782427 88908
125 -1.5229295003422314 229.8473648186174 90582
126 -1.5952883263009845 242.3582981715893 88164
127 -1.5686556434219985 232.22070452911575 86242
128 -1.6917536910334894 226.3464169967591 86087
129 -1.0824665676077265 244.4710252600297 83452
130 -1.4830087819778541 235.95112638411607 81189
131 -2.5160771704180065 283.33279742765274 77128
132 -1.8932704672096015 249.91041577368196 72323
133 -1.7763496143958868 247.56298200514138 72354
134 -1.4714038128249567 254.13778162911612 71548
135 -1.3865082732286804 282.8638099278744 73067
136 -1.4673495518565942 256.9201877934272 72633
137 -2.2858418937025458 261.5685573916927 69409
138 -1.1872710622710623 254.47847985347985 67704
139 -1.5385694249649369 234.37166900420758 66309
140 -1.6616822429906541 275.114953271028 66340
141 -1.9965294992563212 253.21417947446702 62527
142 -1.797872340425532 266.2335359675785 61194
143 -2.2363636363636363 301.2098701298701 59675
144 -2.1456521739130436 271.32608695652175 57040
145 -1.8580894533406958 289.7465488680287 56141
146 -1.7314974182444063 295.4687320711417 54033
147 -2.252405206564799 330.83870967741933 54777
148 -2.326388888888889 272.68981481481484 53568
149 -1.6890855457227139 324.4029498525074 52545
150 -1.7774390243902438 288.73841463414635 50840
151 -2.147076923076923 308.8523076923077 50375
152 -2.8936309914642155 352.7268548916612 47213
153 -2.0611535788742184 296.5170257123002 44609
154 -2.2740943267259057 305.94053315105947 45353
155 -1.774750830564784 313.2325581395349 46655
156 -2.7587131367292224 316.97587131367294 46252
157 -2.7980636237897647 335.1313969571231 44826
158 -2.3061643835616437 300.5513698630137 45260
159 -2.181489515545915 305.0824295010846 42873
160 -3.5309932785660942 284.74831964152355 41509
161 -2.4161392405063293 371.4762658227848 39184
162 -2.358598207008965 285.28117359413204 38037
163 -2.3016666666666667 329.66333333333336 37200
164 -3.0196749358426005 381.32591958939264 36239
165 -3.0071877807726866 306.8814016172507 34503
166 -1.9394205443371377 416.48200175592626 35309
167 -4.036111111111111 373.15833333333336 33480
168 -2.7720254314259765 366.08900999091736 34131
169 -1.955637707948244 509.4879852125693 33542
170 -2.015831134564644 323.80123131046616 35247
171 -2.521201413427562 337.27031802120143 35092
172 -2.771371769383698 388.4333996023857 31186
173 -3.3767395626242545 402.7763419483101 31186
174 -1.9183884297520661 403.1415289256198 30008
175 -3.2545846817691477 348.6267529665588 28737
176 -1.8525641025641026 349.44871794871796 29016
177 -3.219768664563617 366.90641430073606 29481
178 -3.8827361563517915 428.24538545059715 28551
179 -2.4050632911392404 284.82853855005754 26939
180 -3.3472527472527474 331.85494505494506 28210
181 -3.6763717805151175 397.69876819708844 27683
182 -4.023809523809524 349.88775510204084 27342
183 -3.492027334851936 358.29384965831434 27218
184 -2.9558998808104886 307.103694874851 26009
185 -2.2954545454545454 285.7171717171717 24552
186 -4.986318407960199 491.8967661691542 24924
187 -2.693243243243243 409.89324324324326 22940
188 -2.5 368.6432506887052 22506
189 -2.9491059147180194 361.42503438789544 22537
190 -2.2637362637362637 391.71153846153845 22568
191 -3.38002773925104 403.08876560332874 22351
192 -1.5128205128205128 341.81481481481484 21762
193 -3.4084084084084085 366.75375375375376 20646
194 -3.467862481315396 352.78026905829597 20739
195 -4.287591240875912 419.93430656934305 21235
196 -2.6607142857142856 498.4918831168831 19096
197 -3.7697841726618706 399.6726618705036 17236
198 -4.342151675485009 353.4320987654321 17577
199 -3.039383561643836 402.5907534246575 18104
200 -3.165170556552962 509.1436265709156 17267
201 -2.353982300884956 343.37699115044245 17515
202 -0.9875886524822695 461.77836879432624 17484
203 -3.160211267605634 480.44542253521126 17608
204 -3.5982142857142856 544.9589285714286 17360
205 -3.1297709923664123 398.206106870229 16244
206 -3.475049900199601 440.2215568862275 15531
207 -5.584867075664621 425.9815950920245 15159
208 -4.523908523908524 368.4116424116424 14911
209 -2.1198347107438016 397.72314049586777 15004
210 -4.094218415417559 528.0385438972163 14477
211 -2.4725274725274726 404.86373626373626 14105
212 -3.084632516703786 364.66146993318483 13919
213 -4.186915887850467 567.5607476635514 13268
214 -2.221978021978022 560.6307692307693 14105
215 -4.525386313465783 590.8079470198676 14043
216 -3.433333333333333 490.66410256410256 12090
217 -3.6802168021680215 508.13550135501356 11439
218 -3.84297520661157 401.9641873278237 11253
219 -4.8668555240793205 549.9093484419263 10943
220 -2.4765840220385673 412.1515151515151 11253
221 -2.390501319261214 400.7915567282322 11749
222 -4.743654822335025 480.8197969543147 12214
223 -3.25414364640884 426.56906077348066 11222
224 -0.5810055865921788 774.5530726256983 11098
225 -4.170588235294118 453.5 10540
226 -2.8104956268221573 625.0845481049563 10633
227 -4.111821086261981 452.30990415335464 9703
228 -1.4983164983164983 314.54208754208753 9207
229 -4.505050505050505 545.5218855218856 9207
230 -4.962837837837838 741.902027027027 9176
231 -3.763157894736842 410.7406015037594 8246
232 -4.396946564885496 539.5801526717557 8122
233 -7.313253012048193 685.3775100401606 7719
234 -4.148305084745763 592.9449152542373 7316
235 -4.640816326530612 595.2448979591836 7595
236 -2.9722222222222223 690.6666666666666 8928
237 -4.680608365019012 565.8060836501901 8153
238 -4.408333333333333 516.2833333333333 7440
239 -6.477941176470588 608.5147058823529 8432
240 -2.54320987654321 439.86008230452677 7533
241 -4.1068376068376065 622.7393162393163 7254
242 -3.837962962962963 570.8287037037037 6696
243 -0.8347457627118644 585.5805084745763 7316
244 -3.511627906976744 690.4697674418604 6665
245 -3.5765765765765765 524.5045045045046 6882
246 -5.588983050847458 599.5974576271186 7316
247 -4.730290456431535 411.9253112033195 7471
248 -2.643192488262911 329.4788732394366 6603
249 -4.786458333333333 851.890625 5952
250 -3.0414507772020727 514.3989637305699 5983
251 -5.281914893617022 616.1010638297872 5828
252 -3.456730769230769 376.4375 6448
253 -3.066326530612245 422.515306122449 6076
254 -3.625 687.905 6200
255 -1.99009900990099 413.9306930693069 6262
256 -4.8743169398907105 598.0218579234972 5673
257 -2.9828571428571427 668.9942857142858 5425
258 -6.3125 604.7670454545455 5456
259 -6.256983240223463 638.1675977653631 5549
260 -2.4161490683229814 570.0807453416149 4991
261 -2.5179856115107913 481.9280575539568 4309
262 -4.021857923497268 455.69398907103823 5673
263 -0.5906432748538012 485.6666666666667 5301
264 -5.051724137931035 493.10919540229884 5394
265 -5.172839506172839 906.320987654321 5022
266 -6.169934640522876 784.156862745098 4743
267 -1.4591194968553458 411.2830188679245 4929
268 -5.953947368421052 575.9671052631579 4712
269 -5.040650406504065 427.8861788617886 3813
270 -3.5136986301369864 521.9383561643835 4526
271 -4.0608108108108105 643.0878378378378 4588
272 -3.6907894736842106 587.3092105263158 4712
273 -5.777777777777778 707.2287581699346 4743
274 -5.954248366013072 1168.359477124183 4743
275 -5.028985507246377 621.2173913043479 4278
276 -4.758620689655173 425.12068965517244 3596
277 -5.909090909090909 654.6181818181818 3410
278 -5.373626373626373 408.7802197802198 2821
279 -7.578431372549019 940.5196078431372 3162
280 -6.0 692.3168316831683 3131
281 -6.485981308411215 944.3364485981308 3317
282 -3.6666666666666665 261.5904761904762 3255
283 -5.511111111111111 587.4 2790
284 -8.475728155339805 1267.5825242718447 3193
285 -6.935483870967742 944.9784946236559 2883
286 -7.016806722689076 705.6050420168067 3689
287 -5.4766355140186915 879.5140186915888 3317
288 -6.923913043478261 648.9239130434783 2852
289 -4.447916666666667 810.71875 2976
290 -6.264150943396227 479.66037735849056 3286
291 -0.09302325581395349 73.16279069767442 2666
292 -3.873684210526316 824.6105263157895 2945
293 -5.288659793814433 1034.298969072165 3007
294 0.6504854368932039 1524.9417475728155 3193
295 -6.98 741.28 3100
296 -2.7142857142857144 820.1632653061224 3038
297 -8.451612903225806 981.741935483871 2883
298 -2.0617283950617282 722.5555555555555 2511
299 -5.563380281690141 774.7183098591549 2201
300 -6.757142857142857 852.3285714285714 2170
301 -10.681818181818182 1488.7424242424242 2046
302 0.4909090909090909 377.8727272727273 1705
303 -2.543859649122807 1012.438596491228 1767
304 -5.6909090909090905 580.709090909091 1705
305 -7.098591549295775 1691.0704225352113 2201
306 -5.532608695652174 891.3586956521739 2852
307 -1.7790697674418605 594.9418604651163 2666
308 2.013157894736842 352.0131578947368 2356
309 -0.35294117647058826 279.2470588235294 2635
310 -5.717948717948718 870.5641025641025 2418
311 -0.5733333333333334 557.96 2325
312 -1.3859649122807018 828.9649122807018 1767
313 -3.8615384615384616 1607.8307692307692 2015
314 -2.3055555555555554 694.6388888888889 2232
315 -3.689655172413793 163.20689655172413 1798
316 -6.6231884057971016 1095.376811594203 2139
317 -7.890410958904109 1287.2876712328766 2263
318 -7.24 713.1066666666667 2325
319 -4.728571428571429 1308.2142857142858 2170
320 -4.32258064516129 1258.741935483871 1922
321 0.6557377049180327 1368.0 1891
322 -3.2459016393442623 755.1475409836065 1891
323 -10.115384615384615 1021.9230769230769 1612
324 -13.733333333333333 1447.3666666666666 1860
325 -4.419354838709677 519.2258064516129 1922
326 -10.066666666666666 882.04 2325
327 -6.904761904761905 1062.111111111111 1953
328 -11.361702127659575 1757.3617021276596 1457
329 -6.767857142857143 642.8392857142857 1736
330 -8.142857142857142 988.1071428571429 1736
331 -2.8095238095238093 1160.7777777777778 1953
332 -1.1929824561403508 92.66666666666667 1767
333 -15.958333333333334 2107.5 1488
334 -1.8372093023255813 293.04651162790697 1333
335 -2.05 477.05 1860
336 -1.9830508474576272 165.47457627118644 1829
337 3.652173913043478 914.6086956521739 1426
338 -14.595238095238095 1275.2142857142858 1302
339 -7.588235294117647 1098.686274509804 1581
340 -3.0 283.8196721311475 1891
341 -2.6447368421052633 792.9605263157895 2356
342 -3.2133333333333334 457.82666666666665 2325
343 -5.014925373134329 1209.6716417910447 2077
344 -1.2708333333333333 91.27083333333333 1488
345 -8.934782608695652 937.2391304347826 1426
346 -5.775 469.475 1240
347 -7.868421052631579 3004.9736842105262 1178
348 -4.733333333333333 747.9333333333333 930
349 -3.515151515151515 637.0909090909091 1023
350 -8.36 1359.88 775
351 0.07142857142857142 138.85714285714286 868
352 -8.511627906976743 1276.2325581395348 1333
353 -10.372549019607844 1720.8431372549019 1581
354 -5.409090909090909 737.0909090909091 1364
355 -13.325581395348838 1627.2790697674418 1333
356 -16.13888888888889 1818.361111111111 1116
357 -4.193548387096774 412.51612903225805 961
358 -5.206896551724138 664.3793103448276 899
359 -4.6521739130434785 1110.9130434782608 713
360 -0.5217391304347826 555.5652173913044 713
361 -7.962962962962963 1145.148148148148 837
362 -0.9 449.7 930
363 2.0714285714285716 94.28571428571429 868
364 -7.761904761904762 1301.3809523809523 651
365 -1.3478260869565217 3103.4347826086955 713
366 -8.409090909090908 563.0454545454545 682
367 -3.75 590.15 620
368 -10.32 1135.52 775
369 -11.771428571428572 1362.2285714285715 1085
370 -15.13888888888889 2262.8611111111113 1116
371 -7.222222222222222 1325.888888888889 837
372 -4.333333333333333 215.55555555555554 558
373 -1.8928571428571428 429.4642857142857 868
374 -7.9655172413793105 828.3793103448276 899
375 -3.5384615384615383 116.0 806
376 -5.473684210526316 409.36842105263156 1178
377 -3.725 336.125 1240
378 -3.0 131.15384615384616 806
379 -15.619047619047619 1783.3333333333333 651
380 -2.185185185185185 82.92592592592592 837
381 1.40625 44.09375 992
382 -6.8 718.56 775
383 -9.56 1731.32 775
384 -5.409090909090909 272.6818181818182 682
385 -0.058823529411764705 13.352941176470589 527
386 -8.764705882352942 776.2941176470588 527
387 -10.619047619047619 964.5238095238095 651
388 -6.090909090909091 356.72727272727275 682
389 -8.071428571428571 1034.0714285714287 434
390 -0.6470588235294118 127.94117647058823 527
391 -16.8125 1753.6875 496
392 -9.133333333333333 2089.133333333333 465
393 1.6428571428571428 62.642857142857146 434
394 0.0 11.090909090909092 341
395 -12.285714285714286 1899.7142857142858 434
396 -17.933333333333334 2734.866666666667 465
397 -1.8235294117647058 82.41176470588235 527
398 -14.65 1745.75 620
399 -8.76923076923077 750.3076923076923 403
400 -8.6 689.0 465
401 -10.6 998.4666666666667 465
402 -7.818181818181818 170.72727272727272 341
403 -11.8 1013.0 310
404 -2.857142857142857 75.57142857142857 434
405 4.111111111111111 343.3333333333333 558
406 -6.368421052631579 1168.2631578947369 589
407 3.1538461538461537 377.15384615384613 403
408 3.4375 179.1875 496
409 -0.2727272727272727 7.181818181818182 341
410 -13.727272727272727 1046.8181818181818 341
411 4.444444444444445 269.77777777777777 279
412 -35.0 4777.75 248
413 -10.583333333333334 1299.9166666666667 372
414 -2.1538461538461537 182.46153846153845 403
415 -1.894736842105263 38.73684210526316 589
416 -0.15789473684210525 5.421052631578948 589
417 -2.6 6291.4 310
418 -29.875 2396.875 248
419 -2.8333333333333335 1165.5 186
420 0.8333333333333334 3.5 186
421 -19.833333333333332 1764.1666666666667 186
422 -24.833333333333332 3413.5 186
423 -9.333333333333334 2121.6666666666665 372
424 -16.692307692307693 2831.3076923076924 403
425 -19.0 3788.4545454545455 341
426 -12.307692307692308 1242.3076923076924 403
427 6.2 193.0 155
428 -6.7 2624.9 310
429 -5.428571428571429 158.57142857142858 217
430 0.6666666666666666 1.0 186
431 -12.181818181818182 1838.1818181818182 341
432 -12.083333333333334 1090.5833333333333 372
433 -14.1 1905.3 310
434 -3.7777777777777777 512.4444444444445 279
435 0.8 53.8 310
436 -0.75 1.0 248
437 -0.5 1.5 186
438 2.75 31.75 248
439 12.714285714285714 1112.7142857142858 217
440 -8.0 734.5714285714286 217
441 -16.0 1527.111111111111 279
442 -2.6 31.6 310
443 -1.9333333333333333 29.0 465
444 -15.25 3175.4166666666665 372
445 -32.30769230769231 6693.384615384615 403
446 -1.0 2.8 310
447 0.42857142857142855 4.428571428571429 217
448 -23.77777777777778 2964.0 279
449 0.2857142857142857 12.857142857142858 217
450 -36.42857142857143 5269.0 217
451 -15.5 1949.1 310
452 -5.0 99.33333333333333 186
453 5.222222222222222 135.88888888888889 279
454 -41.0 5769.857142857143 217
455 3.25 57.75 124
456 -22.22222222222222 3863.777777777778 279
457 -0.875 2.875 248
458 -1.2857142857142858 10.428571428571429 217
459 0.09090909090909091 15.545454545454545 341
460 0.7 33.3 310
461 -4.0 79.42857142857143 217
462 -35.4 6056.6 155
463 -0.8571428571428571 12.857142857142858 217
464 -2.0 23.77777777777778 279
465 0.875 11.625 248
466 -0.5833333333333334 1686.75 372
467 0.36363636363636365 2.909090909090909 341
468 1.7692307692307692 320.2307692307692 403
469 -3.230769230769231 156.92307692307693 403
470 -12.05 1464.65 620
471 -0.5 14.071428571428571 434
472 3.9166666666666665 156.75 372
473 0.7142857142857143 4.428571428571429 217
474 -1.6 29.0 310
475 -3.8 759.8 155
476 -4.0 66.0 93
477 -4.6 89.0 155
478 -2.25 36.75 124
479 8.7 1784.9 310
480 -15.714285714285714 1607.142857142857 217
481 0.25 1.0 248
482 -0.75 8.0 248
483 0.0 1.0 62
484 1.0 1.0 93
485 -5.4 5035.8 155
486 -7.0 97.66666666666667 93
487 9.0 81.0 31
488 30.5 1742.5 62
489 -0.2 2.6 155
490 -14.0 823.6 155
491 -2.0 4.0 31
492 1.0 1.0 31
493 -14.0 196.0 31
495 -5.0 25.0 31
496 4.5 50.5 62
498 -2.5 18.5 62
499 -1.6666666666666667 3.6666666666666665 93
500 -169.0 28561.0 31
501 0.0 1.0 62
502 0.0 2.0 93
503 1.0 1.0 31
504 -0.25 1.75 124
505 0.8 1.6 155
506 37.166666666666664 7730.5 186
507 11.0 121.0 31
508 -2.0 4.0 31
509 -1.0 1.0 31
510 -3.0 13.0 62
511 -1.0 1.0 62
512 0.0 1.0 62
513 0.3333333333333333 1.0 93
514 -161.0 25970.0 62
518 3.5 12.5 62
519 11.0 121.0 31
521 2.0 20.0 62
522 1.1666666666666667 3.5 186
523 -0.14285714285714285 1.0 217
524 2.142857142857143 25.0 217
525 -2.0 26.75 248
526 -32.8 5185.6 155
527 -44.2 11090.6 155
528 9.75 361.75 124
529 0.3333333333333333 1.0 93
530 -1.0 2.5 124
531 4.0 41.0 62
533 3.0 13.0 62
534 -6.0 61.0 62
536 1.0 1.0 62
537 -38.75 7281.75 124
538 -17.0 514.0 62
539 -6.0 36.0 31
540 0.0 3.2 155
541 -1.0 1.0 93
542 1.0 325.0 62
543 1.0 1.0 31
544 -3.5 12.5 62
546 2.0 4.0 31
547 56.5 34585.0 124
548 -0.6666666666666666 2.0 93
549 -7.666666666666667 120.33333333333333 93
550 -1.0 1.0 62
551 1.0 1.0 31
552 -2.6666666666666665 10.0 93
557 1.0 1.0 31
558 82.0 13613.0 62
559 -17.0 1621.4 155
560 -0.5 1.0 124
561 -0.2 2.2 155
562 0.0 2.0 93
564 5.0 25.0 31
566 -85.0 14621.0 62
567 135.0 18225.0 31
568 -82.0 6724.0 31
569 0.0 1.0 62
570 0.0 1.0 62
571 111.0 12321.0 31
577 1.0 1.0 31
578 4.5 20.5 62
579 -1.5 2.5 62
580 26.75 3447.75 124
581 -0.5 1.5 186
582 0.375 6.125 248
583 10.0 563.2 155
584 0.0 2.5 124
585 -1.0 1.0 62
586 3.0 9.0 31
587 -5.0 25.0 31
588 -25.0 2453.0 124
589 -1.3333333333333333 2.0 93
591 -3.0 9.0 31
592 -1.0 1.0 31
593 1.0 1.0 31
594 1.0 1.0 31
595 -163.0 26569.0 31
602 1.0 1.0 31
603 -57.5 6498.5 62
604 -1.0 1.0 31
605 1.0 1.0 62
606 -4.333333333333333 57.0 93
607 -1.0 1.0 31
608 1.0 1.0 31
609 -4.0 16.0 31
612 -148.0 21904.0 31
617 43.0 3613.0 62
618 -3.5 18.5 62
619 -149.0 22201.0 31
620 0.0 1.0 62
621 -1.0 1.0 31
625 23.0 529.0 31
626 1.0 1.0 31
627 1.0 1.0 62
628 -1.25 34.75 124
629 5.0 129.0 155
630 -1.3333333333333333 2.0 93
631 -0.25 1.75 124
632 -0.2857142857142857 1.4285714285714286 217
633 0.625 1.375 248
634 -1.7 21.1 310
635 -0.3333333333333333 1.0 186
636 -51.5 15709.5 186
637 -1.0 1.0 62
640 1.0 1.0 31
641 -53.0 3709.0 62
642 0.0 1.0 62
643 10.0 461.6 155
644 -1.25 1.75 124
645 -12.5 212.5 62
646 -1.0 1.0 31
647 1.0 1.0 62
648 -0.4 1.6 155
649 -1.3333333333333333 6.0 93
650 72.66666666666667 15842.0 93
651 -1.0 1.0 31
653 -3.0 9.0 31
654 -10.0 100.0 31
655 -2.0 4.0 31
656 -1.0 1.0 31
657 0.0 1.0 62
658 -1.0 1.0 62
664 1.0 1.0 62
665 -3.0 17.0 93
673 -3.5 32.5 62
674 -166.0 54781.0 62
676 7.0 74.0 62
677 -4.0 16.0 31
678 -2.0 4.0 31
681 -47.0 2209.0 31
682 -14.0 748.6666666666666 93
683 -1.0 1.0 31
685 1.0 1.0 62
686 5.5 50.5 62
687 4.25 139.75 124
688 0.2 21.8 155
689 1.0 1.0 62
690 -1.6666666666666667 38.0 186
691 -16.555555555555557 1555.6666666666667 279
692 -0.5714285714285714 1.4285714285714286 217
693 -0.5 2.5 124
694 13.333333333333334 1150.3333333333333 186
695 14.9 2374.9 310
696 30.555555555555557 7349.222222222223 279
697 -1.5555555555555556 12.88888888888889 279
698 -0.1111111111111111 1.8888888888888888 279
699 0.0 1.2727272727272727 341
700 -0.45454545454545453 2.6363636363636362 341
701 -1.6 11.4 310
702 -8.25 384.25 248
703 -3.0 27.666666666666668 93
704 1.5 5.5 124
705 -0.5 1.0 124
706 -3.6666666666666665 41.0 93
707 -2.5 8.5 62
708 -1.0 1.0 31
709 -4.0 16.0 31
710 3.5 32.5 62
718 -14.0 646.0 93
719 2.0 12.666666666666666 93
720 -2.0 4.0 31
723 1.0 1.0 31
724 84.0 13297.0 62
725 -1.0 1.0 31
727 253.0 64009.0 31
728 -1.0 1.0 31
729 0.0 1.0 62
730 -1.0 1.0 31
749 3.0 9.0 31
750 4.0 16.0 31
751 0.0 1.0 62
752 131.5 34848.5 62
754 1.0 1.0 62
755 0.0 1.0 62
756 1.0 1.0 31
757 1.0 1.0 31
758 1.0 1.0 31
759 4.666666666666667 48.666666666666664 93
760 1.0 9.0 93
761 -5.5 50.5 62
762 -1.0 1.0 31
763 -1.0 1.0 31
764 -44.0 3785.0 62
765 0.5 2.5 62
767 2.0 6.0 93
768 35.0 2521.0 62
769 1.6666666666666667 27.0 93
770 -0.6666666666666666 2.3333333333333335 186
771 -0.5 1.0 124
772 -0.5 2.5 62
773 -2.0 5.0 62
775 -2.0 4.0 31
776 1.0 1.0 31
777 -9.666666666666666 263.0 93
778 -2.0 4.0 31
802 1.0 1.0 31
803 0.0 1.0 62
804 0.3333333333333333 1.0 93
805 -75.0 16577.0 93
818 1.0 1.0 31
819 10.0 100.0 31
827 1.0 1.0 31
828 132.5 57356.5 62
829 -1.0 1.0 31
839 -8.0 233.0 62
840 3.0 13.0 62
841 -1.0 1.0 31
842 1.0 1.0 31
843 -4.666666666666667 86.0 93
844 -0.8 4.0 155
845 -54.0 8534.0 93
846 -7.0 49.0 31
848 -217.0 47089.0 31
849 -1.0 1.0 31
850 1.75 4.75 124
851 0.25 4.75 124
852 -2.0 12.666666666666666 93
853 0.0 1.0 62
854 24.333333333333332 3957.0 186
855 -25.833333333333332 3953.5 186
856 -0.2 1.0 155
857 -0.4 1.6 155
858 0.0 5.5 124
859 -0.3333333333333333 1.0 93
860 1.0 1.0 62
861 -1.0 2.5 124
862 -23.333333333333332 3866.0 186
863 -1.0 1.0 93
864 -1.0 1.0 62
865 0.0 1.0 62
866 0.0 14.0 93
867 -1.1428571428571428 15.142857142857142 217
868 -0.6666666666666666 1.0 186
869 1.0 1.0 31
870 -3.5 14.5 62
871 -4.0 16.0 31
872 4.0 16.0 31
873 -1.0 1.0 31
874 -10.0 100.0 31
875 -1.0 1.0 31
876 -1.0 1.0 31
880 2.0 4.0 31
881 -1.0 1.0 31
882 1.0 1.0 31
883 -0.5 2.5 62
884 1.0 1.0 93
885 -31.25 7351.75 124
886 0.0 1.0 62
887 0.3333333333333333 1.0 93
888 -5.0 77.66666666666667 93
889 -1.0 1.0 31
890 -1.0 5.0 62
891 -0.6666666666666666 2.0 93
892 8.0 113.0 62
893 1.0 5.0 62
894 0.0 1.0 62
895 -1.3333333333333333 6.0 93
896 5.666666666666667 121.0 93
897 -38.0 1444.0 31
898 -116.66666666666667 41068.666666666664 93
899 -3.0 9.0 31
900 0.3333333333333333 1.0 93
901 0.0 1.0 124
902 1.2 4.0 155
903 0.0 2.0 186
904 -3.0 70.25 248
905 -1.8333333333333333 9.5 186
906 -0.75 4.75 124
907 0.0 1.0 124
908 -1.3333333333333333 23.0 186
909 -1.0 1.0 62
910 -1.0 1.0 31
911 40.0 1600.0 31
912 -1.0 1.0 31
914 5.0 25.0 31
915 45.5 4232.5 62
916 1.5 8.5 62
917 -1.0 1.0 31
918 -192.5 73728.5 62
919 0.0 2.0 93
920 -6.0 86.0 93
921 0.0 1.0 62
922 -0.25 11.75 124
923 -22.4 2787.2 155
924 -12.5 820.5 186
925 1.6 41.6 155
926 -0.25 3.25 248
927 0.0 1.4285714285714286 217
928 -4.333333333333333 68.0 186
929 -0.3333333333333333 1.0 93
930 -0.3333333333333333 1.0 93
931 -1.0 1.0 31
935 -5.5 50.5 62
936 0.0 1.0 124
937 -1.0 1.0 62
938 -7.0 99.0 93
939 0.0 1.0 62
940 6.5 72.5 62
941 -11.0 121.0 31
942 -1.0 5.0 62
943 -7.8 305.0 155
944 0.2 1.0 155
945 1.3333333333333333 10.0 186
946 0.0 1.0 124
947 0.8 1.6 155
948 2.0 24.0 217
949 16.142857142857142 2095.8571428571427 217
950 -9.5 180.5 124
951 9.75 400.75 124
952 -2.4 31.2 155
953 -3.5 42.5 62
954 -2.0 4.0 31
955 5.666666666666667 57.0 93
956 -1.0 1.0 31
957 0.0 1.0 62
958 0.5 2.5 62
959 1.0 3.0 124
960 0.6 2.6 155
961 0.0 121.0 62
962 -7.5 146.5 62
963 3.0 9.0 31
964 6.5 122.5 124
965 2.75 49.75 124
966 0.5714285714285714 138.0 217
967 -0.3333333333333333 1.0 93
968 0.75 4.75 124
969 -1.0 3.0 124
970 -0.3333333333333333 1.0 93
971 -1.5 2.5 62
972 1.0 5.0 62
974 -25.0 625.0 31
975 1.0 3.6666666666666665 93
976 -2.0 12.666666666666666 93
977 0.0 1.0 62
978 0.0 1.0 62
979 -0.6666666666666666 6.0 93
980 -4.75 100.75 124
981 -14.5 871.0 124
982 -27.0 2081.0 93
983 -1.0 1.0 31
985 0.0 2.0 93
986 0.0 1.0 186
987 -0.3333333333333333 1.0 93
988 -2.0 4.0 31
989 -36.0 1296.0 31
990 -1.0 1.0 31
991 1.0 1.0 31
992 -2.0 4.0 31
993 110.0 12100.0 31
994 0.0 1.0 62
995 -1.0 1.0 31
1006 70.0 4900.0 31
1007 -35.0 2381.0 62
1008 -1.0 1.0 31
1014 1.0 1.0 31
1015 6.0 52.0 62
1016 -2.0 4.0 31
1017 1.0 1.0 31
1018 1.0 1.0 31
1019 -4.0 16.0 31
1022 1.0 1.0 31
1023 0.75 1.75 124
1024 0.2 1.0 155
1025 -0.125 1.375 248
1026 1.5714285714285714 29.285714285714285 217
1027 0.75 9.75 124
1028 -1.0 1.0 31
1029 -1.0 1.0 31
1032 1.0 1.0 93
1033 -13.0 11238.25 248
1034 -0.5 1.5 186
1035 -22.0 2145.5 124
1036 -0.75 1.75 124
1037 -1.0 1.0 62
1038 0.0 1.0 62
1039 -1.0 1.0 62
1040 -1.0 1.0 31
1042 1.0 1.0 31
1043 -3.6666666666666665 41.0 93
1044 0.2 1.0 155
1045 -3.6666666666666665 27.666666666666668 93
1049 2.0 4.0 31
1050 1.0 5.0 62
1051 -1.0 1.0 62
1052 -1.0 1.0 31
1053 -26.0 676.0 31
1057 -24.0 576.0 31
1062 -28.0 784.0 31
1067 2.0 5.0 62
1068 1.2 124.0 155
1069 15.333333333333334 388.6666666666667 93
1070 4.75 141.25 124
1071 0.0 1.0 62
1072 -0.6666666666666666 2.0 93
1073 -0.3333333333333333 1.0 93
1074 3.6666666666666665 57.0 93
1075 -5.0 113.66666666666667 93
1076 -2.0 13.6 155
1077 -1.0 1.0 62
1078 -11.0 121.0 31
1079 -1.0 1.0 31
1086 1.0 1.0 62
1087 3.111111111111111 174.66666666666666 279
1088 -2.5 24.833333333333332 186
1089 -0.3333333333333333 1.0 93
1090 -1.0 1.0 31
1092 8.0 64.0 31
1098 -30.0 900.0 31
1099 1.0 1.0 31
1100 -3.4 111.4 155
1101 0.5 1.0 124
1102 2.2 140.2 155
1103 -0.4 3.2 155
1104 0.6 2.6 155
1105 -1.8 5.8 155
1107 -39.0 1521.0 31
1112 -136.0 18496.0 31
1114 1.0 1.0 31
1115 4.5 50.5 62
1116 -7.0 113.0 62
1117 -2.0 4.0 31
1118 4.0 25.0 62
1119 -1.0 1.0 31
1120 1.0 1.0 31
1121 -16.0 256.0 31
1124 1.0 1.0 62
1125 -1.2222222222222223 12.555555555555555 279
1126 153.83333333333334 145721.5 186
1127 -1.0 1.0 31
1160 -192.0 36864.0 31
1161 10.0 100.0 31
1169 89.0 7921.0 31
1170 -1.0 1.0 31
1171 -1.0 1.0 31
1204 1.0 1.0 31
1205 0.5 2.5 62
1206 -162.0 26244.0 31
1207 1.0 1.0 31
1208 -2.0 4.0 31
1234 3.0 9.0 31
1237 2.0 4.0 31
1239 1.0 1.0 31
1240 1025.0 1050625.0 31
1247 -298.0 88804.0 31
1249 -0.5 2.5 62
1250 0.25 1.75 124
1251 -0.3333333333333333 1.0 93
1252 -0.3333333333333333 1.0 93
1253 -2.0 5.0 62
1254 0.3333333333333333 1.0 93
1255 -1.0 1.0 62
1258 1.0 1.0 31
1259 -1.5 14.5 62
1260 -1.0 1.0 31
1261 -1.0 1.0 31
1326 1.0 1.0 31
1327 -69.33333333333333 14562.0 93
1328 -1.0 1.0 62
1329 -0.3333333333333333 1.0 93
1330 -1.0 1.0 62
1336 1.0 1.0 31
1337 114.5 52213.0 124
1338 -0.2 1.0 155
1339 -1.0 1.0 62
1348 -10.0 100.0 31
1409 108.0 11664.0 31
1410 0.0 1.0 62
1411 -31.0 1985.0 62
1412 0.0 1.0 62
1413 -1.0 1.0 31
1434 -200.0 40000.0 31
1435 -1.0 1.0 31
1436 -1.0 1.0 31
1437 0.0 1.0 62
1438 0.0 1.0 62
1439 -1.0 1.0 31
1463 33.5 2178.5 62
1464 -1.0 1.0 62
1468 -1.5 8.5 62
1469 0.0 1.0 62
1470 -0.25 1.75 124
1471 -0.2 1.0 155
1472 -1.0 1.0 62
1499 337.5 203008.5 62
1515 5.5 50.5 62
1516 -4.0 73.0 124
1517 -19.75 1600.75 124
1518 -18.166666666666668 1946.1666666666667 186
1519 1.0 26.142857142857142 217
1520 0.0 1.0 186
1521 -0.5714285714285714 1.4285714285714286 217
1522 0.0 1.0 124
1523 0.0 1.0 62
1524 0.5 5.0 124
1525 0.0 1.0 186
1526 -2.0 7.0 124
1527 -1.0 1.0 31
1529 -6.0 85.0 62
1530 -1.0 1.0 31
1531 -5.0 61.0 62
1532 0.2 1.0 155
1533 -1.0 1.0 93
1538 29.0 841.0 31
1550 1.0 1.0 31
1551 0.5 2.5 62
1553 -31.0 961.0 31
1566 95.5 18050.5 62
1567 -0.3333333333333333 1.0 93
1568 0.0 1.0 62
1569 -1.0 1.0 31
1624 1.0 1.0 31
1625 0.0 1.0 62
1626 0.0 1.0 62
1627 10.0 262.0 93
1628 -0.75 1.75 124
1629 0.0 2.0 93
1630 -1.0 1.0 62
1631 -1.0 1.0 31
1637 1.0 1.0 31
1638 1.0 2.5 124
1639 0.3333333333333333 1.0 93
1640 -0.6 3.8 155
1641 -311.0 96721.0 31
1643 -1.0 5.0 62
1644 1.0 1.0 62
1645 -0.25 1.75 124
1646 -2.3333333333333335 9.0 93
1647 -1.0 1.0 31
1648 -1.0 1.0 31
1651 1.3333333333333333 2.0 93
1652 0.42857142857142855 2.142857142857143 217
1653 -1.0 1.0 124
1654 1.0 1.0 31
1655 -11.0 225.0 93
1725 1.0 1.0 31
1726 -74.0 5476.0 31
1743 1.0 1.0 31
1744 -10.0 181.0 62
1745 0.3333333333333333 1.0 93
1746 -1.0 1.0 93
1747 -1.0 1.0 31
1752 1.0 1.0 31
1753 0.0 1.0 62
1754 65.0 4225.0 31
1756 1.0 1.0 62
1757 4.0 41.0 62
1765 1.0 1.0 62
1766 -66.25 17826.75 124
1770 1.0 1.0 31
1771 3.3333333333333335 22.0 93
1772 0.0 1.0 124
1773 0.0 1.0 124
1774 0.0 1.0 124
1775 6.0 157.0 124
1776 0.0 1.0 124
1777 -0.25 1.75 124
1778 -1.0 1.0 31
1779 -0.6666666666666666 2.0 93
1780 272.0 295393.0 124
1781 -0.5 1.0 124
1782 -0.3333333333333333 1.0 93
1783 1.0 1.0 62
1784 -0.25 1.75 124
1785 -0.3333333333333333 1.0 93
1786 -1.0 1.0 31
1794 1.0 1.0 31
1795 -29.0 841.0 31
1800 1.0 1.0 31
1801 1.0 1.0 31
1802 1.0 1.0 62
1803 0.0 1.0 62
1804 52.0 2704.0 31
1808 -61.0 3721.0 31
1809 -1.0 1.0 31
1810 -1.0 1.0 31
1811 -1.0 1.0 31
1812 -1.0 1.0 31
1819 2.0 4.0 31
1821 7.333333333333333 327.3333333333333 93
1822 -1.0 1.0 62
1823 -1.0 1.0 31
1824 1.0 1.0 62
1825 8.125 481.375 248
1826 -0.375 1.375 248
1827 0.3333333333333333 1.0 93
1828 0.16666666666666666 2.5 186
1829 0.0 1.0 124
1830 -1.8 10.6 155
1831 -1.0 1.0 31
1835 1.0 1.0 31
1836 1.0 1.0 93
1837 -0.3333333333333333 3.0 93
1839 1.0 1.0 31
1840 1.5 2.5 62
1841 -19.666666666666668 1161.0 93
1842 -1.0 1.0 62
1848 -22.0 484.0 31
1849 -1.0 1.0 31
1850 0.0 1.0 62
1851 0.3333333333333333 1.0 93
1852 -5.0 87.0 93
1853 -1.0 1.0 31
1854 0.0 1.0 62
1855 -1.0 1.0 31
1856 14.0 196.0 31
1858 24.0 576.0 31
1867 -8.0 145.0 62
1868 -3.3333333333333335 34.0 93
1869 -1.3333333333333333 2.0 93
1870 -0.3333333333333333 1.0 93
1871 -1.0 1.0 31
1872 1.3333333333333333 2.0 93
1873 -0.6 2.6 155
1874 0.8571428571428571 12.857142857142858 217
1875 -1.0 1.0 93
1876 -1.0 1.0 31
1877 -1.0 3.6666666666666665 93
1878 -1.0 1.0 93
1879 0.0 1.0 124
1880 -0.3333333333333333 1.0 93
1881 -1.5 2.5 62
1882 -1.0 1.0 31
1883 1.0 1.0 31
1884 -56.0 3136.0 31
1886 2.0 4.0 31
1887 -1.0 1.0 31
1888 -9.0 81.0 31
2061 1.0 1.0 31
2062 8.0 64.0 31
2065 1.0 1.0 31
2066 4.5 50.5 62
2067 -1.0 1.0 31
2069 -2.0 4.0 31
2070 -1.0 1.0 31
2075 1.0 1.0 31
2076 0.5 2.5 62
2078 1.0 1.0 31
2079 223.0 49729.0 31
2103 4.0 16.0 31
2104 -1.0 1.0 31
2105 0.6666666666666666 2.0 93
2106 0.3333333333333333 2.3333333333333335 186
2107 -32.18181818181818 11393.272727272728 341
2108 -0.25 1.0 248
2109 -0.75 1.75 124
2110 1.0 1.0 31
2111 -3.0 9.0 31
2133 8.0 64.0 31
2134 -1.0 1.0 31
2135 -1.0 1.0 31
2139 1.0 1.0 93
2140 -4.142857142857143 157.28571428571428 217
2141 -0.6666666666666666 2.0 186
2142 -0.2 1.0 155
2143 -0.5 1.0 124
2144 -1.0 1.0 31
2175 1.4 2.2 155
2176 -0.14285714285714285 1.0 217
2177 -138.85714285714286 134970.0 217
2178 -1.0 3.0 124
2179 0.0 1.0 62
2180 -1.0 1.0 31
2190 -14.0 196.0 31
2191 0.0 1.0 62
2192 0.3333333333333333 1.0 93
2193 0.8 1.6 155
2194 -1.1666666666666667 2.8333333333333335 186
2195 -1.0 1.0 93
2196 -1.0 1.0 31
2197 -1.0 1.0 31
2198 -1.0 1.0 31
2199 -1.0 1.0 31
2204 -5.0 25.0 31
2229 25.0 625.0 31
2230 -1.0 1.0 31
2231 1.0 1.0 31
2232 -28.0 784.0 31
2236 -2.5 18.5 62
2237 0.4 1.6 155
2238 0.0 1.6 155
2239 0.3333333333333333 1.0 93
2240 86.8 38021.6 155
2241 -2.0 5.0 62
2243 12.0 144.0 31
2244 1.0 1.0 31
2245 -6.666666666666667 74.0 93
2246 -0.3333333333333333 1.0 93
2247 -0.3333333333333333 1.0 93
2248 1.0 1.0 31
2249 -3.0 9.0 31
2251 -3.5 32.5 62
2252 -1.6666666666666667 9.0 93
2253 -0.3333333333333333 1.0 93
2254 0.2 1.0 155
2255 -4.428571428571429 53.285714285714285 217
2256 0.0 1.0 62
2257 -2.0 4.0 62
2258 -1.0 1.0 31
2260 -2.0 4.0 31
2261 -1.0 1.0 31
2264 1.0 1.0 31
2265 1.0 5.0 62
2266 3.0 9.0 31
2267 -1.0 1.0 31
2268 -4.0 25.0 62
2269 -1.0 1.0 31
2299 1.0 1.0 31
2300 2.0 4.0 31
2301 -2.0 4.0 31
2302 -446.5 397832.5 62
2580 5.0 25.0 31
2581 -1.0 1.0 31
2583 -2.0 4.0 31
2584 1.0 1.0 31
2585 -371.6666666666667 413667.0 93
2586 1.0 1.0 31
2587 1.0 1.0 31
2588 -3.0 9.0 31
2628 -44.0 1936.0 31
2674 1.0 1.0 62
2675 0.5 1.0 124
2676 1.0 5.0 186
2677 0.5 9.0 124
2678 -1.0 1.0 31
2680 1.0 1.0 62
2681 -2.3333333333333335 9.0 93
2682 1.3333333333333333 2.0 93
2683 0.75 4.75 124
2684 -0.3333333333333333 1.0 93
2685 -1.0 1.0 31
2687 1.0 1.0 31
2688 -60.0 3600.0 31
2819 1.0 1.0 62
2820 -282.5 159048.5 62
2867 1.0 1.0 31
2868 -49.0 2401.0 31
