-2923 1
-2922 0
-2921 0
-2920 0
-2919 0
-2918 0
-2917 0
-2916 0
-2915 0
-2914 0
-2913 0
-2912 0
-2911 0
-2910 0
-2909 0
-2908 0
-2907 0
-2906 0
-2905 0
-2904 0
-2903 0
-2902 0
-2901 0
-2900 0
-2899 0
-2898 0
-2897 0
-2896 0
-2895 0
-2894 0
-2893 0
-2892 0
-2891 0
-2890 0
-2889 0
-2888 0
-2887 0
-2886 0
-2885 0
-2884 0
-2883 0
-2882 0
-2881 0
-2880 0
-2879 0
-2878 0
-2877 0
-2876 0
-2875 0
-2874 0
-2873 0
-2872 0
-2871 0
-2870 0
-2869 0
-2868 0
-2867 0
-2866 0
-2865 0
-2864 0
-2863 0
-2862 0
-2861 0
-2860 0
-2859 0
-2858 0
-2857 0
-2856 0
-2855 0
-2854 0
-2853 0
-2852 0
-2851 0
-2850 0
-2849 0
-2848 0
-2847 0
-2846 0
-2845 0
-2844 0
-2843 0
-2842 0
-2841 0
-2840 0
-2839 0
-2838 0
-2837 0
-2836 0
-2835 0
-2834 0
-2833 0
-2832 0
-2831 0
-2830 0
-2829 0
-2828 0
-2827 0
-2826 0
-2825 0
-2824 0
-2823 0
-2822 0
-2821 0
-2820 0
-2819 0
-2818 0
-2817 0
-2816 0
-2815 0
-2814 1
-2813 0
-2812 0
-2811 0
-2810 0
-2809 0
-2808 0
-2807 0
-2806 0
-2805 0
-2804 0
-2803 0
-2802 0
-2801 0
-2800 0
-2799 0
-2798 0
-2797 0
-2796 0
-2795 1
-2794 0
-2793 0
-2792 0
-2791 0
-2790 0
-2789 0
-2788 0
-2787 0
-2786 0
-2785 0
-2784 0
-2783 1
-2782 0
-2781 0
-2780 0
-2779 0
-2778 0
-2777 0
-2776 0
-2775 0
-2774 0
-2773 0
-2772 0
-2771 0
-2770 0
-2769 0
-2768 0
-2767 0
-2766 0
-2765 0
-2764 0
-2763 0
-2762 0
-2761 0
-2760 0
-2759 0
-2758 0
-2757 0
-2756 0
-2755 0
-2754 0
-2753 0
-2752 0
-2751 0
-2750 0
-2749 0
-2748 1
-2747 0
-2746 0
-2745 0
-2744 0
-2743 0
-2742 0
-2741 1
-2740 0
-2739 0
-2738 0
-2737 0
-2736 0
-2735 0
-2734 0
-2733 0
-2732 0
-2731 0
-2730 0
-2729 0
-2728 0
-2727 0
-2726 0
-2725 0
-2724 0
-2723 0
-2722 0
-2721 0
-2720 0
-2719 0
-2718 0
-2717 0
-2716 0
-2715 0
-2714 0
-2713 0
-2712 0
-2711 0
-2710 0
-2709 0
-2708 0
-2707 0
-2706 1
-2705 0
-2704 0
-2703 0
-2702 0
-2701 0
-2700 0
-2699 0
-2698 0
-2697 1
-2696 0
-2695 0
-2694 0
-2693 0
-2692 0
-2691 0
-2690 0
-2689 0
-2688 0
-2687 0
-2686 0
-2685 1
-2684 0
-2683 1
-2682 0
-2681 0
-2680 0
-2679 0
-2678 0
-2677 0
-2676 1
-2675 0
-2674 0
-2673 0
-2672 0
-2671 0
-2670 1
-2669 1
-2668 0
-2667 0
-2666 1
-2665 1
-2664 0
-2663 0
-2662 0
-2661 0
-2660 0
-2659 0
-2658 1
-2657 0
-2656 0
-2655 1
-2654 1
-2653 0
-2652 1
-2651 0
-2650 0
-2649 0
-2648 1
-2647 0
-2646 1
-2645 0
-2644 0
-2643 0
-2642 2
-2641 2
-2640 1
-2639 2
-2638 0
-2637 1
-2636 0
-2635 0
-2634 0
-2633 2
-2632 1
-2631 1
-2630 1
-2629 0
-2628 1
-2627 0
-2626 4
-2625 1
-2624 0
-2623 1
-2622 0
-2621 1
-2620 0
-2619 0
-2618 0
-2617 0
-2616 2
-2615 0
-2614 0
-2613 0
-2612 0
-2611 0
-2610 2
-2609 1
-2608 1
-2607 0
-2606 0
-2605 0
-2604 2
-2603 0
-2602 0
-2601 1
-2600 2
-2599 1
-2598 2
-2597 3
-2596 1
-2595 0
-2594 0
-2593 1
-2592 0
-2591 1
-2590 1
-2589 1
-2588 1
-2587 0
-2586 1
-2585 1
-2584 0
-2583 1
-2582 1
-2581 0
-2580 2
-2579 1
-2578 1
-2577 0
-2576 0
-2575 0
-2574 1
-2573 0
-2572 2
-2571 0
-2570 0
-2569 1
-2568 2
-2567 1
-2566 1
-2565 1
-2564 1
-2563 0
-2562 1
-2561 0
-2560 3
-2559 3
-2558 1
-2557 0
-2556 1
-2555 3
-2554 0
-2553 1
-2552 0
-2551 1
-2550 1
-2549 0
-2548 1
-2547 1
-2546 3
-2545 1
-2544 4
-2543 2
-2542 3
-2541 2
-2540 2
-2539 3
-2538 1
-2537 2
-2536 2
-2535 0
-2534 0
-2533 1
-2532 0
-2531 0
-2530 0
-2529 0
-2528 2
-2527 2
-2526 0
-2525 0
-2524 2
-2523 0
-2522 3
-2521 1
-2520 0
-2519 1
-2518 0
-2517 0
-2516 2
-2515 0
-2514 1
-2513 2
-2512 2
-2511 2
-2510 2
-2509 1
-2508 1
-2507 2
-2506 2
-2505 1
-2504 1
-2503 0
-2502 2
-2501 0
-2500 1
-2499 0
-2498 2
-2497 1
-2496 2
-2495 3
-2494 2
-2493 1
-2492 1
-2491 1
-2490 2
-2489 1
-2488 2
-2487 1
-2486 2
-2485 6
-2484 3
-2483 2
-2482 1
-2481 0
-2480 1
-2479 0
-2478 4
-2477 3
-2476 0
-2475 1
-2474 1
-2473 4
-2472 1
-2471 1
-2470 2
-2469 0
-2468 3
-2467 3
-2466 1
-2465 1
-2464 2
-2463 4
-2462 2
-2461 3
-2460 2
-2459 4
-2458 2
-2457 2
-2456 0
-2455 3
-2454 3
-2453 2
-2452 3
-2451 2
-2450 3
-2449 4
-2448 0
-2447 1
-2446 1
-2445 4
-2444 4
-2443 0
-2442 0
-2441 1
-2440 4
-2439 2
-2438 0
-2437 4
-2436 2
-2435 0
-2434 2
-2433 2
-2432 3
-2431 1
-2430 1
-2429 4
-2428 1
-2427 3
-2426 1
-2425 5
-2424 2
-2423 0
-2422 1
-2421 1
-2420 3
-2419 3
-2418 2
-2417 1
-2416 3
-2415 0
-2414 2
-2413 4
-2412 0
-2411 0
-2410 1
-2409 3
-2408 2
-2407 2
-2406 1
-2405 2
-2404 1
-2403 1
-2402 2
-2401 3
-2400 0
-2399 0
-2398 2
-2397 4
-2396 1
-2395 0
-2394 3
-2393 2
-2392 1
-2391 4
-2390 3
-2389 2
-2388 2
-2387 6
-2386 1
-2385 1
-2384 1
-2383 1
-2382 2
-2381 2
-2380 4
-2379 4
-2378 1
-2377 4
-2376 1
-2375 2
-2374 3
-2373 0
-2372 1
-2371 2
-2370 2
-2369 4
-2368 6
-2367 2
-2366 2
-2365 3
-2364 3
-2363 1
-2362 1
-2361 4
-2360 1
-2359 4
-2358 7
-2357 3
-2356 2
-2355 3
-2354 0
-2353 0
-2352 2
-2351 3
-2350 2
-2349 4
-2348 1
-2347 3
-2346 3
-2345 2
-2344 2
-2343 3
-2342 1
-2341 0
-2340 2
-2339 2
-2338 2
-2337 3
-2336 3
-2335 5
-2334 6
-2333 2
-2332 2
-2331 4
-2330 2
-2329 1
-2328 5
-2327 2
-2326 3
-2325 3
-2324 3
-2323 2
-2322 3
-2321 1
-2320 2
-2319 4
-2318 1
-2317 0
-2316 1
-2315 2
-2314 3
-2313 3
-2312 3
-2311 5
-2310 1
-2309 4
-2308 3
-2307 2
-2306 0
-2305 3
-2304 2
-2303 1
-2302 3
-2301 4
-2300 0
-2299 0
-2298 3
-2297 2
-2296 0
-2295 0
-2294 4
-2293 2
-2292 3
-2291 3
-2290 2
-2289 5
-2288 4
-2287 4
-2286 3
-2285 0
-2284 2
-2283 2
-2282 0
-2281 1
-2280 4
-2279 1
-2278 2
-2277 4
-2276 4
-2275 6
-2274 4
-2273 2
-2272 0
-2271 2
-2270 1
-2269 1
-2268 0
-2267 3
-2266 2
-2265 4
-2264 2
-2263 3
-2262 5
-2261 5
-2260 0
-2259 2
-2258 2
-2257 2
-2256 3
-2255 2
-2254 3
-2253 0
-2252 5
-2251 3
-2250 4
-2249 2
-2248 2
-2247 5
-2246 2
-2245 1
-2244 1
-2243 2
-2242 3
-2241 2
-2240 1
-2239 3
-2238 3
-2237 1
-2236 2
-2235 9
-2234 2
-2233 2
-2232 2
-2231 5
-2230 1
-2229 4
-2228 5
-2227 2
-2226 1
-2225 4
-2224 2
-2223 4
-2222 0
-2221 4
-2220 1
-2219 5
-2218 4
-2217 4
-2216 2
-2215 5
-2214 1
-2213 8
-2212 0
-2211 3
-2210 1
-2209 0
-2208 2
-2207 4
-2206 4
-2205 1
-2204 1
-2203 2
-2202 2
-2201 2
-2200 4
-2199 2
-2198 2
-2197 4
-2196 6
-2195 2
-2194 3
-2193 0
-2192 6
-2191 3
-2190 2
-2189 2
-2188 3
-2187 3
-2186 3
-2185 0
-2184 2
-2183 1
-2182 4
-2181 5
-2180 4
-2179 3
-2178 5
-2177 3
-2176 2
-2175 1
-2174 5
-2173 3
-2172 3
-2171 6
-2170 1
-2169 2
-2168 6
-2167 4
-2166 1
-2165 4
-2164 5
-2163 2
-2162 4
-2161 4
-2160 3
-2159 4
-2158 3
-2157 5
-2156 1
-2155 3
-2154 4
-2153 3
-2152 5
-2151 3
-2150 3
-2149 3
-2148 3
-2147 0
-2146 1
-2145 3
-2144 4
-2143 5
-2142 4
-2141 4
-2140 2
-2139 6
-2138 4
-2137 1
-2136 5
-2135 2
-2134 5
-2133 5
-2132 6
-2131 3
-2130 3
-2129 3
-2128 11
-2127 3
-2126 7
-2125 2
-2124 1
-2123 4
-2122 1
-2121 5
-2120 5
-2119 5
-2118 4
-2117 1
-2116 4
-2115 5
-2114 1
-2113 0
-2112 2
-2111 2
-2110 1
-2109 4
-2108 7
-2107 4
-2106 3
-2105 1
-2104 5
-2103 1
-2102 4
-2101 3
-2100 3
-2099 3
-2098 4
-2097 3
-2096 4
-2095 3
-2094 0
-2093 4
-2092 3
-2091 0
-2090 3
-2089 2
-2088 5
-2087 3
-2086 5
-2085 2
-2084 7
-2083 6
-2082 2
-2081 4
-2080 4
-2079 5
-2078 3
-2077 3
-2076 3
-2075 1
-2074 2
-2073 5
-2072 2
-2071 7
-2070 4
-2069 1
-2068 3
-2067 3
-2066 4
-2065 4
-2064 3
-2063 3
-2062 1
-2061 1
-2060 1
-2059 4
-2058 2
-2057 4
-2056 2
-2055 4
-2054 4
-2053 1
-2052 4
-2051 4
-2050 3
-2049 6
-2048 6
-2047 7
-2046 1
-2045 4
-2044 2
-2043 2
-2042 3
-2041 5
-2040 3
-2039 1
-2038 1
-2037 4
-2036 5
-2035 2
-2034 1
-2033 3
-2032 7
-2031 3
-2030 7
-2029 2
-2028 6
-2027 3
-2026 3
-2025 4
-2024 5
-2023 3
-2022 1
-2021 5
-2020 1
-2019 5
-2018 1
-2017 3
-2016 4
-2015 1
-2014 3
-2013 0
-2012 5
-2011 4
-2010 0
-2009 2
-2008 5
-2007 3
-2006 1
-2005 8
-2004 4
-2003 2
-2002 2
-2001 3
-2000 2
-1999 3
-1998 5
-1997 4
-1996 1
-1995 3
-1994 2
-1993 4
-1992 1
-1991 4
-1990 2
-1989 3
-1988 5
-1987 6
-1986 3
-1985 2
-1984 3
-1983 7
-1982 4
-1981 6
-1980 3
-1979 4
-1978 2
-1977 4
-1976 1
-1975 9
-1974 3
-1973 4
-1972 1
-1971 1
-1970 5
-1969 6
-1968 1
-1967 2
-1966 3
-1965 3
-1964 2
-1963 6
-1962 2
-1961 4
-1960 3
-1959 2
-1958 1
-1957 2
-1956 1
-1955 4
-1954 6
-1953 1
-1952 7
-1951 6
-1950 0
-1949 4
-1948 1
-1947 4
-1946 4
-1945 2
-1944 6
-1943 4
-1942 9
-1941 3
-1940 3
-1939 5
-1938 4
-1937 2
-1936 2
-1935 1
-1934 5
-1933 4
-1932 1
-1931 3
-1930 4
-1929 3
-1928 1
-1927 4
-1926 4
-1925 1
-1924 3
-1923 6
-1922 7
-1921 5
-1920 2
-1919 3
-1918 1
-1917 5
-1916 2
-1915 2
-1914 4
-1913 5
-1912 3
-1911 4
-1910 5
-1909 1
-1908 8
-1907 3
-1906 5
-1905 5
-1904 6
-1903 2
-1902 4
-1901 4
-1900 3
-1899 5
-1898 7
-1897 5
-1896 4
-1895 4
-1894 4
-1893 3
-1892 1
-1891 3
-1890 1
-1889 2
-1888 8
-1887 2
-1886 7
-1885 6
-1884 5
-1883 3
-1882 5
-1881 7
-1880 4
-1879 4
-1878 3
-1877 2
-1876 4
-1875 3
-1874 7
-1873 4
-1872 8
-1871 7
-1870 5
-1869 6
-1868 3
-1867 5
-1866 3
-1865 5
-1864 1
-1863 3
-1862 9
-1861 2
-1860 6
-1859 3
-1858 9
-1857 8
-1856 5
-1855 4
-1854 5
-1853 3
-1852 3
-1851 6
-1850 9
-1849 2
-1848 2
-1847 4
-1846 4
-1845 3
-1844 7
-1843 5
-1842 2
-1841 12
-1840 4
-1839 3
-1838 1
-1837 6
-1836 1
-1835 4
-1834 4
-1833 3
-1832 3
-1831 3
-1830 1
-1829 6
-1828 7
-1827 1
-1826 6
-1825 5
-1824 3
-1823 6
-1822 5
-1821 4
-1820 4
-1819 6
-1818 4
-1817 7
-1816 5
-1815 7
-1814 5
-1813 5
-1812 5
-1811 4
-1810 5
-1809 1
-1808 2
-1807 1
-1806 2
-1805 6
-1804 3
-1803 5
-1802 3
-1801 2
-1800 5
-1799 2
-1798 2
-1797 2
-1796 3
-1795 7
-1794 6
-1793 2
-1792 2
-1791 8
-1790 1
-1789 3
-1788 2
-1787 3
-1786 1
-1785 2
-1784 5
-1783 8
-1782 7
-1781 2
-1780 7
-1779 4
-1778 6
-1777 2
-1776 6
-1775 5
-1774 8
-1773 3
-1772 8
-1771 5
-1770 5
-1769 5
-1768 5
-1767 5
-1766 7
-1765 6
-1764 5
-1763 1
-1762 0
-1761 3
-1760 7
-1759 2
-1758 1
-1757 6
-1756 8
-1755 5
-1754 7
-1753 4
-1752 3
-1751 5
-1750 3
-1749 5
-1748 4
-1747 7
-1746 6
-1745 2
-1744 3
-1743 3
-1742 1
-1741 4
-1740 4
-1739 2
-1738 6
-1737 6
-1736 4
-1735 4
-1734 8
-1733 5
-1732 4
-1731 6
-1730 3
-1729 2
-1728 8
-1727 4
-1726 3
-1725 9
-1724 9
-1723 7
-1722 4
-1721 5
-1720 9
-1719 4
-1718 2
-1717 2
-1716 4
-1715 5
-1714 4
-1713 3
-1712 5
-1711 4
-1710 7
-1709 6
-1708 5
-1707 7
-1706 8
-1705 4
-1704 7
-1703 4
-1702 2
-1701 3
-1700 5
-1699 5
-1698 4
-1697 3
-1696 8
-1695 3
-1694 7
-1693 8
-1692 6
-1691 3
-1690 1
-1689 3
-1688 6
-1687 2
-1686 3
-1685 2
-1684 3
-1683 2
-1682 4
-1681 3
-1680 1
-1679 8
-1678 2
-1677 4
-1676 4
-1675 5
-1674 4
-1673 3
-1672 8
-1671 8
-1670 3
-1669 2
-1668 6
-1667 1
-1666 11
-1665 12
-1664 5
-1663 4
-1662 8
-1661 5
-1660 3
-1659 7
-1658 7
-1657 11
-1656 4
-1655 10
-1654 5
-1653 6
-1652 10
-1651 4
-1650 4
-1649 7
-1648 8
-1647 5
-1646 10
-1645 5
-1644 3
-1643 6
-1642 6
-1641 8
-1640 7
-1639 5
-1638 1
-1637 5
-1636 3
-1635 4
-1634 10
-1633 4
-1632 6
-1631 5
-1630 2
-1629 3
-1628 8
-1627 3
-1626 8
-1625 1
-1624 6
-1623 7
-1622 5
-1621 7
-1620 6
-1619 6
-1618 7
-1617 11
-1616 4
-1615 9
-1614 5
-1613 9
-1612 4
-1611 8
-1610 5
-1609 4
-1608 3
-1607 6
-1606 3
-1605 8
-1604 3
-1603 7
-1602 6
-1601 7
-1600 3
-1599 8
-1598 3
-1597 4
-1596 5
-1595 4
-1594 7
-1593 8
-1592 4
-1591 5
-1590 7
-1589 3
-1588 5
-1587 9
-1586 8
-1585 9
-1584 10
-1583 8
-1582 5
-1581 3
-1580 4
-1579 10
-1578 6
-1577 9
-1576 5
-1575 0
-1574 8
-1573 1
-1572 2
-1571 8
-1570 5
-1569 11
-1568 3
-1567 3
-1566 3
-1565 8
-1564 6
-1563 7
-1562 8
-1561 6
-1560 11
-1559 3
-1558 8
-1557 7
-1556 4
-1555 8
-1554 6
-1553 5
-1552 9
-1551 4
-1550 5
-1549 3
-1548 3
-1547 6
-1546 8
-1545 7
-1544 3
-1543 4
-1542 4
-1541 12
-1540 9
-1539 7
-1538 8
-1537 6
-1536 8
-1535 6
-1534 7
-1533 9
-1532 2
-1531 3
-1530 5
-1529 9
-1528 8
-1527 6
-1526 5
-1525 9
-1524 3
-1523 10
-1522 4
-1521 6
-1520 6
-1519 3
-1518 5
-1517 4
-1516 7
-1515 8
-1514 5
-1513 11
-1512 5
-1511 8
-1510 7
-1509 11
-1508 16
-1507 7
-1506 5
-1505 5
-1504 7
-1503 5
-1502 6
-1501 11
-1500 13
-1499 6
-1498 5
-1497 7
-1496 10
-1495 6
-1494 7
-1493 5
-1492 5
-1491 7
-1490 8
-1489 8
-1488 4
-1487 8
-1486 2
-1485 8
-1484 9
-1483 8
-1482 9
-1481 3
-1480 6
-1479 10
-1478 9
-1477 6
-1476 6
-1475 7
-1474 7
-1473 6
-1472 7
-1471 7
-1470 5
-1469 7
-1468 13
-1467 8
-1466 10
-1465 12
-1464 9
-1463 13
-1462 11
-1461 7
-1460 7
-1459 10
-1458 7
-1457 9
-1456 10
-1455 9
-1454 6
-1453 3
-1452 5
-1451 11
-1450 4
-1449 10
-1448 13
-1447 4
-1446 8
-1445 8
-1444 2
-1443 11
-1442 5
-1441 10
-1440 4
-1439 7
-1438 7
-1437 6
-1436 8
-1435 5
-1434 15
-1433 11
-1432 9
-1431 9
-1430 9
-1429 9
-1428 8
-1427 5
-1426 6
-1425 9
-1424 10
-1423 4
-1422 9
-1421 6
-1420 7
-1419 9
-1418 4
-1417 10
-1416 7
-1415 15
-1414 7
-1413 15
-1412 5
-1411 8
-1410 8
-1409 8
-1408 8
-1407 5
-1406 8
-1405 12
-1404 6
-1403 7
-1402 7
-1401 7
-1400 7
-1399 10
-1398 10
-1397 6
-1396 6
-1395 11
-1394 7
-1393 11
-1392 6
-1391 9
-1390 8
-1389 10
-1388 9
-1387 14
-1386 10
-1385 11
-1384 11
-1383 7
-1382 8
-1381 9
-1380 12
-1379 6
-1378 13
-1377 11
-1376 6
-1375 10
-1374 8
-1373 13
-1372 12
-1371 4
-1370 7
-1369 8
-1368 12
-1367 7
-1366 5
-1365 12
-1364 10
-1363 11
-1362 9
-1361 11
-1360 11
-1359 7
-1358 11
-1357 7
-1356 11
-1355 8
-1354 5
-1353 9
-1352 12
-1351 13
-1350 9
-1349 13
-1348 8
-1347 9
-1346 14
-1345 4
-1344 7
-1343 10
-1342 6
-1341 12
-1340 2
-1339 8
-1338 12
-1337 8
-1336 9
-1335 9
-1334 9
-1333 9
-1332 12
-1331 7
-1330 9
-1329 9
-1328 11
-1327 9
-1326 13
-1325 7
-1324 12
-1323 14
-1322 8
-1321 8
-1320 5
-1319 12
-1318 9
-1317 7
-1316 17
-1315 13
-1314 10
-1313 10
-1312 16
-1311 13
-1310 12
-1309 11
-1308 11
-1307 10
-1306 14
-1305 11
-1304 20
-1303 17
-1302 8
-1301 9
-1300 17
-1299 12
-1298 10
-1297 12
-1296 7
-1295 14
-1294 13
-1293 14
-1292 19
-1291 10
-1290 8
-1289 9
-1288 8
-1287 23
-1286 11
-1285 13
-1284 11
-1283 12
-1282 13
-1281 9
-1280 11
-1279 9
-1278 12
-1277 11
-1276 18
-1275 13
-1274 11
-1273 11
-1272 13
-1271 11
-1270 14
-1269 11
-1268 13
-1267 9
-1266 12
-1265 12
-1264 10
-1263 10
-1262 15
-1261 14
-1260 13
-1259 11
-1258 12
-1257 14
-1256 13
-1255 13
-1254 6
-1253 16
-1252 15
-1251 19
-1250 11
-1249 9
-1248 13
-1247 10
-1246 12
-1245 10
-1244 15
-1243 14
-1242 5
-1241 17
-1240 16
-1239 9
-1238 7
-1237 11
-1236 14
-1235 17
-1234 13
-1233 12
-1232 9
-1231 19
-1230 14
-1229 15
-1228 10
-1227 7
-1226 3
-1225 15
-1224 15
-1223 12
-1222 11
-1221 14
-1220 7
-1219 11
-1218 19
-1217 11
-1216 9
-1215 9
-1214 11
-1213 10
-1212 15
-1211 14
-1210 9
-1209 13
-1208 14
-1207 16
-1206 15
-1205 11
-1204 15
-1203 13
-1202 13
-1201 19
-1200 23
-1199 4
-1198 11
-1197 23
-1196 22
-1195 10
-1194 23
-1193 12
-1192 15
-1191 15
-1190 11
-1189 13
-1188 11
-1187 11
-1186 17
-1185 15
-1184 12
-1183 13
-1182 24
-1181 19
-1180 19
-1179 22
-1178 16
-1177 17
-1176 16
-1175 17
-1174 16
-1173 18
-1172 18
-1171 8
-1170 12
-1169 21
-1168 10
-1167 14
-1166 18
-1165 26
-1164 16
-1163 12
-1162 22
-1161 13
-1160 10
-1159 16
-1158 8
-1157 13
-1156 17
-1155 11
-1154 16
-1153 16
-1152 11
-1151 20
-1150 19
-1149 12
-1148 18
-1147 13
-1146 15
-1145 16
-1144 14
-1143 19
-1142 17
-1141 19
-1140 12
-1139 15
-1138 16
-1137 17
-1136 23
-1135 20
-1134 20
-1133 11
-1132 22
-1131 14
-1130 22
-1129 14
-1128 19
-1127 20
-1126 11
-1125 15
-1124 13
-1123 19
-1122 8
-1121 22
-1120 18
-1119 14
-1118 14
-1117 21
-1116 14
-1115 13
-1114 16
-1113 15
-1112 13
-1111 17
-1110 13
-1109 18
-1108 19
-1107 15
-1106 15
-1105 10
-1104 17
-1103 21
-1102 18
-1101 15
-1100 14
-1099 21
-1098 21
-1097 26
-1096 17
-1095 19
-1094 22
-1093 31
-1092 17
-1091 17
-1090 17
-1089 18
-1088 21
-1087 22
-1086 17
-1085 19
-1084 18
-1083 29
-1082 17
-1081 10
-1080 17
-1079 17
-1078 16
-1077 21
-1076 14
-1075 21
-1074 14
-1073 25
-1072 19
-1071 28
-1070 21
-1069 29
-1068 24
-1067 23
-1066 20
-1065 19
-1064 23
-1063 19
-1062 20
-1061 21
-1060 18
-1059 23
-1058 25
-1057 20
-1056 20
-1055 18
-1054 35
-1053 21
-1052 23
-1051 21
-1050 19
-1049 23
-1048 23
-1047 23
-1046 21
-1045 12
-1044 18
-1043 30
-1042 36
-1041 19
-1040 19
-1039 25
-1038 30
-1037 21
-1036 26
-1035 22
-1034 17
-1033 29
-1032 20
-1031 29
-1030 15
-1029 25
-1028 27
-1027 25
-1026 31
-1025 35
-1024 23
-1023 36
-1022 25
-1021 23
-1020 21
-1019 21
-1018 22
-1017 38
-1016 21
-1015 19
-1014 23
-1013 27
-1012 18
-1011 29
-1010 33
-1009 20
-1008 28
-1007 25
-1006 17
-1005 30
-1004 24
-1003 19
-1002 30
-1001 34
-1000 26
-999 35
-998 34
-997 24
-996 30
-995 26
-994 33
-993 35
-992 26
-991 21
-990 25
-989 23
-988 29
-987 32
-986 28
-985 28
-984 32
-983 32
-982 30
-981 24
-980 25
-979 22
-978 31
-977 31
-976 20
-975 24
-974 24
-973 20
-972 35
-971 27
-970 17
-969 31
-968 25
-967 25
-966 24
-965 21
-964 26
-963 39
-962 30
-961 28
-960 29
-959 32
-958 23
-957 38
-956 28
-955 32
-954 22
-953 37
-952 35
-951 32
-950 35
-949 31
-948 30
-947 24
-946 19
-945 22
-944 40
-943 24
-942 45
-941 30
-940 28
-939 31
-938 20
-937 33
-936 26
-935 35
-934 32
-933 34
-932 32
-931 32
-930 31
-929 40
-928 36
-927 27
-926 26
-925 29
-924 24
-923 27
-922 37
-921 40
-920 40
-919 32
-918 23
-917 41
-916 43
-915 27
-914 37
-913 36
-912 27
-911 30
-910 40
-909 31
-908 31
-907 27
-906 48
-905 42
-904 35
-903 28
-902 33
-901 34
-900 45
-899 32
-898 35
-897 37
-896 34
-895 37
-894 25
-893 30
-892 35
-891 37
-890 47
-889 42
-888 30
-887 38
-886 30
-885 31
-884 33
-883 35
-882 31
-881 36
-880 30
-879 37
-878 44
-877 30
-876 34
-875 41
-874 33
-873 32
-872 50
-871 34
-870 30
-869 38
-868 32
-867 49
-866 40
-865 38
-864 39
-863 44
-862 54
-861 45
-860 40
-859 35
-858 33
-857 48
-856 32
-855 44
-854 40
-853 36
-852 41
-851 38
-850 42
-849 39
-848 34
-847 39
-846 41
-845 44
-844 44
-843 51
-842 51
-841 38
-840 45
-839 36
-838 48
-837 45
-836 39
-835 57
-834 40
-833 48
-832 41
-831 43
-830 41
-829 46
-828 44
-827 39
-826 49
-825 39
-824 45
-823 39
-822 58
-821 45
-820 49
-819 48
-818 44
-817 50
-816 45
-815 45
-814 44
-813 44
-812 60
-811 51
-810 48
-809 51
-808 42
-807 49
-806 41
-805 36
-804 50
-803 62
-802 53
-801 53
-800 49
-799 48
-798 62
-797 52
-796 45
-795 60
-794 55
-793 50
-792 49
-791 46
-790 40
-789 64
-788 55
-787 47
-786 50
-785 48
-784 61
-783 47
-782 60
-781 55
-780 50
-779 46
-778 52
-777 56
-776 53
-775 42
-774 45
-773 55
-772 51
-771 54
-770 51
-769 56
-768 58
-767 52
-766 55
-765 47
-764 70
-763 57
-762 52
-761 71
-760 65
-759 49
-758 54
-757 56
-756 58
-755 62
-754 56
-753 53
-752 60
-751 55
-750 57
-749 65
-748 65
-747 54
-746 65
-745 59
-744 61
-743 61
-742 52
-741 71
-740 48
-739 57
-738 53
-737 66
-736 54
-735 66
-734 73
-733 64
-732 54
-731 68
-730 74
-729 56
-728 61
-727 57
-726 69
-725 66
-724 58
-723 70
-722 60
-721 47
-720 75
-719 61
-718 69
-717 70
-716 65
-715 72
-714 85
-713 80
-712 76
-711 75
-710 65
-709 78
-708 62
-707 79
-706 67
-705 79
-704 67
-703 83
-702 91
-701 73
-700 87
-699 70
-698 62
-697 67
-696 77
-695 58
-694 81
-693 71
-692 76
-691 63
-690 78
-689 75
-688 81
-687 79
-686 76
-685 89
-684 71
-683 81
-682 83
-681 71
-680 83
-679 70
-678 78
-677 87
-676 96
-675 91
-674 75
-673 92
-672 72
-671 78
-670 79
-669 72
-668 68
-667 82
-666 76
-665 90
-664 89
-663 95
-662 91
-661 83
-660 93
-659 97
-658 83
-657 105
-656 88
-655 81
-654 95
-653 103
-652 77
-651 82
-650 100
-649 73
-648 80
-647 84
-646 97
-645 85
-644 94
-643 91
-642 101
-641 94
-640 93
-639 90
-638 104
-637 65
-636 101
-635 96
-634 103
-633 85
-632 84
-631 109
-630 88
-629 95
-628 102
-627 99
-626 106
-625 104
-624 95
-623 105
-622 98
-621 105
-620 105
-619 102
-618 124
-617 117
-616 107
-615 117
-614 124
-613 113
-612 101
-611 101
-610 133
-609 105
-608 118
-607 122
-606 108
-605 109
-604 101
-603 135
-602 106
-601 114
-600 121
-599 123
-598 117
-597 97
-596 92
-595 124
-594 112
-593 116
-592 117
-591 125
-590 115
-589 119
-588 125
-587 114
-586 146
-585 124
-584 129
-583 106
-582 113
-581 116
-580 136
-579 127
-578 131
-577 127
-576 140
-575 122
-574 148
-573 127
-572 129
-571 125
-570 126
-569 132
-568 146
-567 123
-566 142
-565 127
-564 136
-563 146
-562 124
-561 133
-560 121
-559 123
-558 120
-557 142
-556 123
-555 139
-554 133
-553 142
-552 120
-551 132
-550 160
-549 155
-548 132
-547 152
-546 112
-545 150
-544 141
-543 158
-542 153
-541 152
-540 144
-539 135
-538 153
-537 153
-536 150
-535 176
-534 174
-533 175
-532 147
-531 168
-530 167
-529 150
-528 160
-527 148
-526 166
-525 149
-524 156
-523 168
-522 175
-521 139
-520 158
-519 160
-518 175
-517 156
-516 173
-515 180
-514 161
-513 165
-512 162
-511 190
-510 173
-509 170
-508 172
-507 167
-506 180
-505 173
-504 182
-503 180
-502 181
-501 162
-500 187
-499 185
-498 171
-497 181
-496 178
-495 187
-494 189
-493 198
-492 204
-491 215
-490 199
-489 185
-488 186
-487 182
-486 176
-485 182
-484 159
-483 184
-482 205
-481 201
-480 193
-479 217
-478 207
-477 209
-476 223
-475 202
-474 210
-473 200
-472 208
-471 204
-470 222
-469 196
-468 213
-467 229
-466 229
-465 208
-464 225
-463 204
-462 199
-461 205
-460 271
-459 225
-458 252
-457 253
-456 258
-455 230
-454 245
-453 219
-452 276
-451 235
-450 249
-449 267
-448 248
-447 249
-446 269
-445 243
-444 262
-443 272
-442 241
-441 254
-440 261
-439 272
-438 266
-437 256
-436 274
-435 278
-434 304
-433 293
-432 301
-431 271
-430 282
-429 248
-428 292
-427 268
-426 308
-425 268
-424 271
-423 273
-422 345
-421 284
-420 308
-419 282
-418 342
-417 285
-416 329
-415 313
-414 294
-413 269
-412 333
-411 306
-410 330
-409 273
-408 334
-407 295
-406 285
-405 270
-404 341
-403 335
-402 329
-401 316
-400 337
-399 317
-398 330
-397 324
-396 331
-395 312
-394 349
-393 347
-392 345
-391 335
-390 378
-389 346
-388 391
-387 362
-386 358
-385 361
-384 356
-383 370
-382 352
-381 325
-380 405
-379 399
-378 382
-377 363
-376 382
-375 403
-374 372
-373 384
-372 421
-371 384
-370 399
-369 434
-368 415
-367 428
-366 397
-365 413
-364 407
-363 405
-362 384
-361 421
-360 438
-359 432
-358 448
-357 449
-356 479
-355 413
-354 468
-353 462
-352 462
-351 450
-350 469
-349 440
-348 478
-347 488
-346 459
-345 473
-344 458
-343 488
-342 479
-341 497
-340 519
-339 470
-338 499
-337 484
-336 483
-335 532
-334 546
-333 487
-332 544
-331 529
-330 526
-329 556
-328 527
-327 536
-326 576
-325 548
-324 571
-323 580
-322 554
-321 557
-320 572
-319 581
-318 572
-317 597
-316 635
-315 613
-314 588
-313 574
-312 598
-311 624
-310 612
-309 583
-308 642
-307 636
-306 625
-305 670
-304 643
-303 610
-302 633
-301 689
-300 649
-299 670
-298 696
-297 694
-296 729
-295 682
-294 736
-293 688
-292 723
-291 703
-290 719
-289 781
-288 709
-287 724
-286 728
-285 717
-284 741
-283 734
-282 752
-281 720
-280 799
-279 755
-278 771
-277 788
-276 810
-275 826
-274 828
-273 845
-272 853
-271 845
-270 820
-269 853
-268 943
-267 827
-266 873
-265 893
-264 858
-263 906
-262 949
-261 933
-260 965
-259 968
-258 921
-257 924
-256 962
-255 982
-254 927
-253 1008
-252 1057
-251 1027
-250 968
-249 1003
-248 1099
-247 1036
-246 1052
-245 1028
-244 1075
-243 1116
-242 1125
-241 1073
-240 1157
-239 1129
-238 1117
-237 1188
-236 1185
-235 1186
-234 1142
-233 1175
-232 1221
-231 1285
-230 1290
-229 1287
-228 1323
-227 1273
-226 1288
-225 1337
-224 1237
-223 1357
-222 1311
-221 1368
-220 1385
-219 1380
-218 1340
-217 1343
-216 1404
-215 1504
-214 1446
-213 1466
-212 1573
-211 1543
-210 1589
-209 1570
-208 1550
-207 1540
-206 1626
-205 1578
-204 1631
-203 1643
-202 1642
-201 1715
-200 1677
-199 1711
-198 1777
-197 1688
-196 1692
-195 1832
-194 1816
-193 1809
-192 1900
-191 1940
-190 1920
-189 1911
-188 2055
-187 1974
-186 1973
-185 2103
-184 2075
-183 2159
-182 2236
-181 2060
-180 2125
-179 2190
-178 2200
-177 2207
-176 2250
-175 2255
-174 2353
-173 2385
-172 2385
-171 2406
-170 2430
-169 2510
-168 2596
-167 2524
-166 2506
-165 2632
-164 2720
-163 2686
-162 2730
-161 2791
-160 2747
-159 2778
-158 2832
-157 2832
-156 2932
-155 3027
-154 2977
-153 3017
-152 3124
-151 3175
-150 3198
-149 3235
-148 3251
-147 3331
-146 3383
-145 3394
-144 3489
-143 3522
-142 3524
-141 3628
-140 3693
-139 3779
-138 3781
-137 3868
-136 3903
-135 3970
-134 4061
-133 4145
-132 4199
-131 4233
-130 4307
-129 4457
-128 4445
-127 4681
-126 4524
-125 4594
-124 4723
-123 4890
-122 5023
-121 5131
-120 5085
-119 5233
-118 5356
-117 5367
-116 5366
-115 5677
-114 5822
-113 5879
-112 5832
-111 6178
-110 6149
-109 6179
-108 6266
-107 6499
-106 6702
-105 6862
-104 7051
-103 7106
-102 7193
-101 7234
-100 7491
-99 7736
-98 7719
-97 8060
-96 8124
-95 8277
-94 8296
-93 8780
-92 8886
-91 9165
-90 9299
-89 9263
-88 9804
-87 9854
-86 10084
-85 10260
-84 10598
-83 10927
-82 11416
-81 11415
-80 11740
-79 11878
-78 12311
-77 12926
-76 12955
-75 13379
-74 13758
-73 14138
-72 14442
-71 14888
-70 15708
-69 15641
-68 16159
-67 16480
-66 17397
-65 17862
-64 18506
-63 18551
-62 19409
-61 19962
-60 20785
-59 21375
-58 22031
-57 23007
-56 23657
-55 24730
-54 25111
-53 26363
-52 27306
-51 28148
-50 29101
-49 30428
-48 31775
-47 33204
-46 34625
-45 36416
-44 37304
-43 39038
-42 41003
-41 42814
-40 44795
-39 47021
-38 49795
-37 51905
-36 54684
-35 57717
-34 61258
-33 64658
-32 68197
-31 72202
-30 76868
-29 81394
-28 87090
-27 92938
-26 99513
-25 106957
-24 115293
-23 124301
-22 135299
-21 147360
-20 160846
-19 175439
-18 194293
-17 213746
-16 239635
-15 269437
-14 303603
-13 347097
-12 400138
-11 467253
-10 552939
-9 667650
-8 821798
-7 1043060
-6 1375539
-5 1910938
-4 2877232
-3 5038551
-2 14036019
-1 136770370
0 767635964
1 138638986
2 12589171
3 4769899
4 2807317
5 1880645
6 1357734
7 1033485
8 816069
9 662966
10 551665
11 464973
12 398981
13 345025
14 302573
15 268427
16 238313
17 214040
18 193019
19 175834
20 160377
21 146549
22 135295
23 124197
24 114915
25 106484
26 99136
27 92828
28 86545
29 81663
30 76738
31 71763
32 68380
33 64150
34 60867
35 57450
36 54677
37 52056
38 49129
39 47193
40 44782
41 43085
42 40766
43 39207
44 37418
45 35901
46 34477
47 33108
48 31643
49 30607
50 29182
51 28190
52 27384
53 26240
54 25401
55 24174
56 23628
57 22898
58 22041
59 21231
60 20823
61 20148
62 19578
63 18680
64 18340
65 17741
66 17312
67 16544
68 16241
69 15799
70 15338
71 15112
72 14555
73 14168
74 13657
75 13172
76 13020
77 12746
78 12458
79 11982
80 11824
81 11385
82 11275
83 10882
84 10608
85 10266
86 10103
87 9869
88 9780
89 9332
90 9284
91 9072
92 8831
93 8922
94 8449
95 8315
96 8208
97 8019
98 7689
99 7619
100 7395
101 7338
102 7222
103 7184
104 6917
105 6783
106 6633
107 6391
108 6519
109 6361
110 6065
111 6048
112 5937
113 5855
114 5758
115 5537
116 5372
117 5347
118 5399
119 5131
120 5199
121 5037
122 4942
123 4881
124 4719
125 4589
126 4654
127 4583
128 4384
129 4505
130 4321
131 4262
132 4232
133 4164
134 3996
135 3910
136 3922
137 3961
138 3753
139 3735
140 3654
141 3593
142 3727
143 3485
144 3510
145 3426
146 3304
147 3321
148 3331
149 3189
150 3265
151 3092
152 3115
153 3095
154 3068
155 2993
156 2987
157 2936
158 2818
159 2773
160 2684
161 2776
162 2715
163 2728
164 2614
165 2611
166 2593
167 2592
168 2531
169 2538
170 2432
171 2350
172 2330
173 2334
174 2420
175 2332
176 2341
177 2215
178 2192
179 2111
180 2166
181 2083
182 2087
183 2030
184 2132
185 2077
186 1991
187 2007
188 1976
189 1951
190 1899
191 1871
192 1946
193 1811
194 1802
195 1792
196 1763
197 1688
198 1740
199 1724
200 1770
201 1745
202 1658
203 1589
204 1660
205 1563
206 1533
207 1554
208 1637
209 1631
210 1521
211 1564
212 1515
213 1531
214 1411
215 1429
216 1481
217 1416
218 1290
219 1361
220 1278
221 1375
222 1398
223 1298
224 1286
225 1290
226 1323
227 1305
228 1291
229 1252
230 1273
231 1278
232 1223
233 1221
234 1215
235 1252
236 1151
237 1144
238 1101
239 1155
240 1123
241 1128
242 1060
243 1057
244 1108
245 1108
246 992
247 1074
248 981
249 1059
250 1055
251 1004
252 1047
253 988
254 971
255 1021
256 986
257 959
258 932
259 906
260 954
261 937
262 919
263 919
264 812
265 910
266 844
267 861
268 862
269 866
270 900
271 844
272 820
273 821
274 820
275 789
276 820
277 763
278 801
279 764
280 710
281 727
282 776
283 758
284 740
285 712
286 724
287 731
288 721
289 713
290 723
291 721
292 692
293 698
294 707
295 695
296 724
297 724
298 732
299 706
300 640
301 635
302 655
303 646
304 633
305 639
306 608
307 666
308 636
309 681
310 641
311 593
312 572
313 577
314 546
315 597
316 610
317 623
318 575
319 597
320 558
321 590
322 578
323 579
324 558
325 590
326 554
327 535
328 524
329 534
330 593
331 555
332 510
333 482
334 555
335 519
336 480
337 494
338 508
339 492
340 510
341 458
342 458
343 485
344 447
345 471
346 484
347 461
348 471
349 436
350 493
351 429
352 437
353 458
354 458
355 470
356 461
357 429
358 421
359 453
360 435
361 427
362 419
363 380
364 420
365 419
366 376
367 382
368 418
369 397
370 397
371 421
372 398
373 388
374 411
375 398
376 360
377 369
378 390
379 402
380 391
381 353
382 376
383 344
384 344
385 373
386 345
387 332
388 374
389 377
390 379
391 342
392 336
393 371
394 341
395 345
396 328
397 349
398 329
399 347
400 363
401 317
402 318
403 322
404 320
405 319
406 312
407 333
408 326
409 314
410 275
411 321
412 284
413 315
414 299
415 304
416 298
417 275
418 292
419 289
420 301
421 283
422 290
423 284
424 286
425 288
426 296
427 264
428 274
429 292
430 283
431 260
432 267
433 296
434 275
435 281
436 251
437 268
438 261
439 254
440 278
441 264
442 239
443 259
444 262
445 235
446 245
447 258
448 251
449 229
450 255
451 237
452 226
453 243
454 278
455 230
456 235
457 232
458 231
459 229
460 233
461 221
462 222
463 231
464 215
465 225
466 243
467 207
468 233
469 215
470 206
471 214
472 222
473 208
474 219
475 203
476 211
477 219
478 226
479 198
480 198
481 219
482 219
483 181
484 180
485 170
486 177
487 189
488 184
489 206
490 193
491 188
492 170
493 214
494 179
495 211
496 193
497 180
498 184
499 171
500 202
501 164
502 159
503 192
504 183
505 191
506 201
507 146
508 152
509 162
510 179
511 174
512 165
513 182
514 191
515 168
516 164
517 167
518 189
519 181
520 171
521 163
522 166
523 146
524 163
525 168
526 159
527 162
528 160
529 159
530 164
531 156
532 156
533 154
534 175
535 147
536 145
537 158
538 133
539 147
540 160
541 141
542 152
543 134
544 151
545 128
546 143
547 129
548 140
549 140
550 139
551 129
552 142
553 159
554 151
555 150
556 125
557 144
558 110
559 150
560 124
561 118
562 117
563 130
564 120
565 130
566 119
567 150
568 126
569 120
570 140
571 145
572 122
573 120
574 113
575 115
576 144
577 109
578 131
579 103
580 117
581 115
582 154
583 120
584 125
585 133
586 107
587 130
588 147
589 131
590 117
591 115
592 109
593 110
594 124
595 103
596 113
597 111
598 118
599 119
600 130
601 112
602 109
603 129
604 108
605 120
606 113
607 130
608 112
609 127
610 115
611 108
612 116
613 106
614 107
615 82
616 121
617 111
618 106
619 112
620 101
621 102
622 95
623 85
624 95
625 114
626 87
627 122
628 113
629 111
630 108
631 93
632 103
633 94
634 88
635 101
636 98
637 88
638 89
639 88
640 107
641 95
642 87
643 98
644 96
645 95
646 93
647 80
648 100
649 89
650 104
651 88
652 96
653 81
654 97
655 79
656 87
657 78
658 91
659 106
660 92
661 69
662 92
663 88
664 91
665 84
666 77
667 68
668 78
669 74
670 72
671 76
672 72
673 87
674 80
675 100
676 73
677 87
678 82
679 72
680 90
681 85
682 73
683 90
684 88
685 74
686 69
687 67
688 74
689 88
690 81
691 78
692 65
693 75
694 72
695 67
696 80
697 52
698 64
699 73
700 87
701 80
702 72
703 59
704 65
705 74
706 59
707 75
708 68
709 68
710 70
711 62
712 82
713 80
714 60
715 75
716 65
717 60
718 66
719 81
720 63
721 61
722 71
723 66
724 75
725 61
726 73
727 56
728 67
729 61
730 61
731 61
732 65
733 67
734 74
735 42
736 58
737 70
738 60
739 68
740 64
741 57
742 60
743 55
744 61
745 54
746 61
747 47
748 60
749 51
750 60
751 63
752 56
753 62
754 47
755 63
756 50
757 76
758 50
759 60
760 49
761 59
762 52
763 68
764 51
765 51
766 56
767 55
768 43
769 43
770 51
771 49
772 55
773 45
774 59
775 42
776 48
777 50
778 61
779 47
780 63
781 49
782 42
783 51
784 46
785 55
786 64
787 44
788 51
789 50
790 54
791 61
792 48
793 39
794 38
795 39
796 50
797 53
798 56
799 59
800 49
801 42
802 44
803 65
804 52
805 37
806 49
807 58
808 33
809 40
810 49
811 53
812 47
813 57
814 39
815 57
816 51
817 50
818 54
819 56
820 45
821 51
822 51
823 36
824 51
825 47
826 43
827 49
828 46
829 45
830 45
831 57
832 41
833 50
834 54
835 48
836 43
837 54
838 49
839 40
840 53
841 43
842 48
843 42
844 47
845 39
846 30
847 45
848 33
849 47
850 46
851 38
852 45
853 42
854 45
855 43
856 34
857 38
858 45
859 38
860 55
861 35
862 37
863 40
864 32
865 31
866 40
867 42
868 42
869 43
870 32
871 35
872 34
873 48
874 33
875 36
876 39
877 37
878 34
879 39
880 30
881 37
882 40
883 31
884 36
885 36
886 38
887 33
888 29
889 36
890 24
891 32
892 38
893 51
894 34
895 39
896 31
897 31
898 24
899 39
900 35
901 32
902 31
903 31
904 27
905 39
906 33
907 31
908 42
909 41
910 36
911 35
912 28
913 30
914 36
915 33
916 47
917 35
918 26
919 37
920 32
921 33
922 48
923 35
924 34
925 39
926 30
927 37
928 39
929 37
930 30
931 35
932 25
933 31
934 34
935 28
936 33
937 33
938 27
939 24
940 34
941 29
942 38
943 26
944 33
945 32
946 17
947 33
948 21
949 27
950 36
951 38
952 29
953 26
954 37
955 30
956 32
957 29
958 33
959 27
960 29
961 27
962 33
963 31
964 27
965 32
966 29
967 24
968 26
969 31
970 20
971 24
972 38
973 20
974 29
975 23
976 30
977 24
978 29
979 33
980 27
981 26
982 32
983 21
984 21
985 36
986 34
987 32
988 28
989 32
990 23
991 26
992 28
993 17
994 25
995 27
996 25
997 23
998 31
999 25
1000 27
1001 33
1002 22
1003 38
1004 26
1005 34
1006 27
1007 24
1008 34
1009 26
1010 33
1011 26
1012 24
1013 22
1014 25
1015 23
1016 24
1017 23
1018 25
1019 27
1020 18
1021 34
1022 26
1023 22
1024 19
1025 32
1026 21
1027 25
1028 24
1029 27
1030 29
1031 19
1032 23
1033 25
1034 26
1035 29
1036 20
1037 31
1038 20
1039 20
1040 19
1041 21
1042 25
1043 26
1044 24
1045 32
1046 23
1047 27
1048 20
1049 21
1050 26
1051 14
1052 15
1053 28
1054 30
1055 22
1056 21
1057 17
1058 13
1059 19
1060 13
1061 20
1062 16
1063 18
1064 21
1065 32
1066 22
1067 21
1068 28
1069 26
1070 33
1071 20
1072 21
1073 24
1074 23
1075 16
1076 19
1077 10
1078 20
1079 13
1080 13
1081 24
1082 18
1083 22
1084 21
1085 19
1086 24
1087 20
1088 19
1089 25
1090 21
1091 14
1092 18
1093 17
1094 14
1095 25
1096 13
1097 24
1098 21
1099 18
1100 19
1101 23
1102 19
1103 14
1104 14
1105 13
1106 15
1107 16
1108 14
1109 9
1110 12
1111 20
1112 16
1113 16
1114 9
1115 21
1116 14
1117 17
1118 16
1119 17
1120 12
1121 18
1122 12
1123 13
1124 17
1125 24
1126 14
1127 14
1128 12
1129 17
1130 18
1131 22
1132 23
1133 17
1134 21
1135 22
1136 27
1137 19
1138 11
1139 12
1140 10
1141 18
1142 8
1143 13
1144 13
1145 20
1146 12
1147 13
1148 11
1149 11
1150 23
1151 14
1152 19
1153 22
1154 20
1155 21
1156 19
1157 12
1158 16
1159 22
1160 13
1161 13
1162 16
1163 22
1164 20
1165 21
1166 20
1167 16
1168 16
1169 20
1170 17
1171 16
1172 11
1173 16
1174 13
1175 15
1176 15
1177 23
1178 14
1179 21
1180 19
1181 14
1182 26
1183 22
1184 15
1185 9
1186 13
1187 12
1188 17
1189 11
1190 20
1191 11
1192 18
1193 19
1194 20
1195 12
1196 13
1197 11
1198 11
1199 17
1200 15
1201 18
1202 14
1203 16
1204 15
1205 9
1206 16
1207 14
1208 16
1209 17
1210 11
1211 10
1212 19
1213 12
1214 12
1215 16
1216 12
1217 13
1218 7
1219 16
1220 15
1221 11
1222 10
1223 8
1224 18
1225 11
1226 10
1227 8
1228 13
1229 14
1230 8
1231 10
1232 11
1233 13
1234 12
1235 15
1236 12
1237 13
1238 15
1239 8
1240 19
1241 12
1242 13
1243 17
1244 11
1245 12
1246 10
1247 10
1248 9
1249 13
1250 16
1251 9
1252 11
1253 15
1254 9
1255 8
1256 10
1257 15
1258 7
1259 12
1260 14
1261 15
1262 19
1263 10
1264 8
1265 13
1266 12
1267 14
1268 8
1269 11
1270 11
1271 9
1272 7
1273 16
1274 8
1275 14
1276 12
1277 10
1278 8
1279 11
1280 8
1281 17
1282 11
1283 12
1284 13
1285 13
1286 13
1287 11
1288 13
1289 13
1290 17
1291 8
1292 8
1293 7
1294 13
1295 13
1296 12
1297 11
1298 9
1299 10
1300 11
1301 11
1302 16
1303 10
1304 14
1305 12
1306 13
1307 10
1308 11
1309 13
1310 11
1311 12
1312 11
1313 9
1314 15
1315 9
1316 6
1317 5
1318 5
1319 7
1320 7
1321 8
1322 10
1323 13
1324 6
1325 9
1326 16
1327 10
1328 9
1329 6
1330 9
1331 11
1332 8
1333 11
1334 6
1335 14
1336 9
1337 8
1338 8
1339 8
1340 5
1341 11
1342 9
1343 15
1344 9
1345 5
1346 9
1347 11
1348 10
1349 8
1350 5
1351 10
1352 12
1353 6
1354 7
1355 3
1356 10
1357 13
1358 14
1359 10
1360 7
1361 10
1362 11
1363 11
1364 8
1365 12
1366 11
1367 12
1368 4
1369 10
1370 4
1371 10
1372 7
1373 11
1374 6
1375 9
1376 13
1377 13
1378 4
1379 3
1380 11
1381 10
1382 16
1383 12
1384 10
1385 9
1386 11
1387 7
1388 13
1389 7
1390 6
1391 4
1392 3
1393 7
1394 8
1395 11
1396 7
1397 7
1398 17
1399 13
1400 9
1401 8
1402 5
1403 4
1404 6
1405 6
1406 10
1407 8
1408 7
1409 10
1410 4
1411 11
1412 12
1413 8
1414 8
1415 4
1416 5
1417 11
1418 12
1419 10
1420 8
1421 7
1422 8
1423 6
1424 7
1425 11
1426 10
1427 13
1428 11
1429 7
1430 9
1431 6
1432 7
1433 7
1434 9
1435 6
1436 4
1437 15
1438 9
1439 5
1440 5
1441 9
1442 8
1443 8
1444 10
1445 5
1446 11
1447 8
1448 7
1449 6
1450 3
1451 8
1452 6
1453 9
1454 5
1455 8
1456 9
1457 9
1458 11
1459 10
1460 2
1461 6
1462 6
1463 6
1464 5
1465 10
1466 10
1467 10
1468 12
1469 9
1470 5
1471 7
1472 10
1473 7
1474 5
1475 15
1476 9
1477 6
1478 5
1479 3
1480 11
1481 8
1482 6
1483 8
1484 7
1485 8
1486 9
1487 9
1488 3
1489 8
1490 6
1491 6
1492 6
1493 4
1494 9
1495 4
1496 8
1497 5
1498 11
1499 16
1500 4
1501 7
1502 7
1503 5
1504 3
1505 12
1506 6
1507 6
1508 12
1509 5
1510 7
1511 7
1512 4
1513 11
1514 9
1515 4
1516 8
1517 8
1518 7
1519 6
1520 11
1521 5
1522 8
1523 5
1524 3
1525 7
1526 3
1527 3
1528 6
1529 3
1530 3
1531 6
1532 9
1533 6
1534 9
1535 6
1536 6
1537 5
1538 6
1539 10
1540 7
1541 9
1542 7
1543 8
1544 6
1545 3
1546 5
1547 10
1548 9
1549 4
1550 2
1551 6
1552 6
1553 5
1554 1
1555 10
1556 4
1557 2
1558 5
1559 4
1560 8
1561 9
1562 6
1563 14
1564 6
1565 5
1566 2
1567 5
1568 7
1569 3
1570 9
1571 6
1572 8
1573 4
1574 5
1575 4
1576 6
1577 3
1578 2
1579 8
1580 4
1581 8
1582 7
1583 4
1584 6
1585 4
1586 8
1587 4
1588 5
1589 6
1590 7
1591 7
1592 3
1593 8
1594 3
1595 3
1596 11
1597 6
1598 9
1599 9
1600 3
1601 5
1602 9
1603 4
1604 8
1605 9
1606 8
1607 4
1608 4
1609 3
1610 5
1611 10
1612 5
1613 8
1614 6
1615 3
1616 3
1617 4
1618 6
1619 4
1620 7
1621 4
1622 7
1623 6
1624 7
1625 11
1626 8
1627 10
1628 7
1629 7
1630 5
1631 6
1632 4
1633 10
1634 9
1635 3
1636 2
1637 5
1638 8
1639 8
1640 8
1641 5
1642 6
1643 7
1644 6
1645 9
1646 8
1647 6
1648 3
1649 6
1650 6
1651 8
1652 7
1653 0
1654 4
1655 7
1656 3
1657 4
1658 2
1659 9
1660 4
1661 8
1662 3
1663 5
1664 3
1665 5
1666 2
1667 6
1668 5
1669 7
1670 6
1671 6
1672 4
1673 3
1674 7
1675 5
1676 2
1677 4
1678 11
1679 9
1680 4
1681 6
1682 5
1683 6
1684 3
1685 3
1686 3
1687 6
1688 2
1689 6
1690 3
1691 10
1692 4
1693 6
1694 6
1695 4
1696 9
1697 5
1698 8
1699 2
1700 3
1701 1
1702 5
1703 6
1704 4
1705 6
1706 4
1707 3
1708 6
1709 5
1710 7
1711 5
1712 5
1713 6
1714 4
1715 5
1716 3
1717 5
1718 7
1719 3
1720 6
1721 2
1722 6
1723 3
1724 8
1725 5
1726 2
1727 3
1728 5
1729 5
1730 5
1731 6
1732 7
1733 4
1734 6
1735 5
1736 6
1737 2
1738 3
1739 3
1740 5
1741 6
1742 1
1743 5
1744 3
1745 7
1746 0
1747 6
1748 2
1749 4
1750 3
1751 3
1752 4
1753 4
1754 6
1755 4
1756 4
1757 2
1758 4
1759 5
1760 3
1761 5
1762 9
1763 2
1764 2
1765 5
1766 6
1767 5
1768 5
1769 4
1770 6
1771 8
1772 1
1773 2
1774 2
1775 7
1776 2
1777 6
1778 3
1779 2
1780 1
1781 10
1782 2
1783 1
1784 6
1785 5
1786 7
1787 4
1788 5
1789 4
1790 5
1791 2
1792 5
1793 3
1794 2
1795 3
1796 3
1797 2
1798 1
1799 3
1800 4
1801 5
1802 2
1803 6
1804 4
1805 5
1806 6
1807 2
1808 2
1809 5
1810 3
1811 6
1812 3
1813 3
1814 2
1815 1
1816 4
1817 1
1818 6
1819 6
1820 4
1821 7
1822 5
1823 4
1824 3
1825 5
1826 4
1827 3
1828 4
1829 5
1830 6
1831 4
1832 2
1833 6
1834 4
1835 8
1836 4
1837 6
1838 6
1839 2
1840 7
1841 5
1842 4
1843 7
1844 2
1845 2
1846 2
1847 5
1848 5
1849 3
1850 3
1851 1
1852 1
1853 4
1854 4
1855 7
1856 3
1857 11
1858 4
1859 4
1860 1
1861 3
1862 6
1863 6
1864 5
1865 3
1866 4
1867 7
1868 5
1869 6
1870 7
1871 4
1872 4
1873 1
1874 5
1875 3
1876 5
1877 5
1878 3
1879 4
1880 2
1881 6
1882 3
1883 3
1884 1
1885 3
1886 2
1887 7
1888 3
1889 6
1890 5
1891 3
1892 5
1893 3
1894 3
1895 3
1896 2
1897 5
1898 5
1899 2
1900 3
1901 7
1902 3
1903 3
1904 2
1905 3
1906 3
1907 3
1908 6
1909 5
1910 4
1911 1
1912 2
1913 6
1914 2
1915 6
1916 2
1917 3
1918 8
1919 3
1920 2
1921 5
1922 1
1923 5
1924 1
1925 5
1926 3
1927 6
1928 5
1929 4
1930 4
1931 6
1932 6
1933 0
1934 6
1935 6
1936 4
1937 4
1938 5
1939 7
1940 4
1941 3
1942 5
1943 9
1944 4
1945 4
1946 2
1947 4
1948 6
1949 4
1950 1
1951 5
1952 3
1953 4
1954 2
1955 1
1956 3
1957 6
1958 1
1959 1
1960 0
1961 2
1962 1
1963 2
1964 4
1965 1
1966 2
1967 6
1968 1
1969 3
1970 9
1971 6
1972 4
1973 2
1974 3
1975 2
1976 5
1977 2
1978 5
1979 2
1980 3
1981 3
1982 2
1983 6
1984 2
1985 4
1986 4
1987 4
1988 4
1989 3
1990 2
1991 1
1992 5
1993 7
1994 2
1995 1
1996 0
1997 1
1998 1
1999 3
2000 3
2001 4
2002 0
2003 5
2004 2
2005 4
2006 6
2007 2
2008 3
2009 1
2010 4
2011 2
2012 5
2013 3
2014 8
2015 2
2016 0
2017 1
2018 2
2019 2
2020 8
2021 5
2022 8
2023 6
2024 3
2025 1
2026 3
2027 3
2028 6
2029 3
2030 2
2031 5
2032 3
2033 5
2034 1
2035 2
2036 4
2037 3
2038 3
2039 1
2040 5
2041 2
2042 4
2043 2
2044 5
2045 1
2046 7
2047 5
2048 6
2049 2
2050 4
2051 0
2052 1
2053 2
2054 3
2055 3
2056 5
2057 3
2058 4
2059 6
2060 6
2061 4
2062 4
2063 1
2064 2
2065 4
2066 3
2067 2
2068 2
2069 7
2070 3
2071 5
2072 3
2073 2
2074 4
2075 2
2076 5
2077 2
2078 1
2079 2
2080 1
2081 1
2082 3
2083 3
2084 7
2085 5
2086 2
2087 2
2088 3
2089 5
2090 1
2091 3
2092 1
2093 2
2094 2
2095 4
2096 2
2097 4
2098 2
2099 7
2100 1
2101 6
2102 6
2103 2
2104 3
2105 6
2106 1
2107 2
2108 3
2109 3
2110 3
2111 1
2112 6
2113 4
2114 4
2115 3
2116 4
2117 5
2118 0
2119 0
2120 4
2121 7
2122 4
2123 3
2124 3
2125 3
2126 4
2127 2
2128 6
2129 3
2130 2
2131 0
2132 5
2133 2
2134 1
2135 6
2136 4
2137 2
2138 8
2139 1
2140 5
2141 5
2142 5
2143 4
2144 4
2145 4
2146 2
2147 3
2148 4
2149 3
2150 0
2151 3
2152 4
2153 3
2154 5
2155 3
2156 4
2157 5
2158 3
2159 4
2160 3
2161 2
2162 1
2163 1
2164 2
2165 4
2166 4
2167 6
2168 9
2169 6
2170 4
2171 0
2172 5
2173 1
2174 3
2175 1
2176 3
2177 4
2178 6
2179 4
2180 1
2181 5
2182 6
2183 1
2184 2
2185 0
2186 2
2187 3
2188 6
2189 4
2190 7
2191 2
2192 3
2193 3
2194 3
2195 2
2196 4
2197 3
2198 1
2199 0
2200 2
2201 1
2202 3
2203 4
2204 3
2205 5
2206 0
2207 3
2208 4
2209 5
2210 3
2211 2
2212 3
2213 1
2214 7
2215 2
2216 3
2217 2
2218 3
2219 2
2220 4
2221 1
2222 4
2223 1
2224 2
2225 2
2226 4
2227 5
2228 4
2229 2
2230 3
2231 1
2232 2
2233 4
2234 3
2235 4
2236 2
2237 6
2238 2
2239 2
2240 3
2241 3
2242 4
2243 3
2244 0
2245 4
2246 4
2247 1
2248 3
2249 1
2250 4
2251 3
2252 1
2253 1
2254 3
2255 2
2256 2
2257 5
2258 2
2259 1
2260 2
2261 0
2262 4
2263 5
2264 1
2265 1
2266 1
2267 1
2268 6
2269 4
2270 4
2271 2
2272 5
2273 2
2274 3
2275 4
2276 3
2277 1
2278 3
2279 6
2280 2
2281 3
2282 3
2283 4
2284 2
2285 2
2286 2
2287 2
2288 4
2289 8
2290 6
2291 2
2292 0
2293 2
2294 0
2295 1
2296 1
2297 3
2298 2
2299 3
2300 2
2301 3
2302 2
2303 3
2304 4
2305 4
2306 4
2307 1
2308 1
2309 1
2310 1
2311 1
2312 2
2313 3
2314 1
2315 1
2316 2
2317 5
2318 1
2319 2
2320 1
2321 3
2322 5
2323 2
2324 1
2325 3
2326 6
2327 3
2328 2
2329 2
2330 1
2331 3
2332 1
2333 4
2334 2
2335 4
2336 3
2337 2
2338 1
2339 1
2340 2
2341 1
2342 3
2343 0
2344 4
2345 0
2346 1
2347 5
2348 3
2349 2
2350 4
2351 2
2352 2
2353 2
2354 1
2355 3
2356 1
2357 6
2358 4
2359 3
2360 2
2361 1
2362 0
2363 2
2364 1
2365 3
2366 0
2367 1
2368 3
2369 2
2370 2
2371 2
2372 1
2373 2
2374 3
2375 1
2376 1
2377 1
2378 2
2379 1
2380 4
2381 4
2382 1
2383 1
2384 2
2385 2
2386 3
2387 0
2388 3
2389 2
2390 4
2391 3
2392 3
2393 1
2394 4
2395 1
2396 2
2397 1
2398 2
2399 0
2400 2
2401 2
2402 1
2403 1
2404 1
2405 2
2406 3
2407 2
2408 5
2409 1
2410 0
2411 0
2412 2
2413 2
2414 3
2415 3
2416 5
2417 2
2418 3
2419 3
2420 1
2421 4
2422 2
2423 3
2424 4
2425 3
2426 1
2427 2
2428 2
2429 1
2430 1
2431 4
2432 2
2433 1
2434 2
2435 1
2436 1
2437 1
2438 1
2439 1
2440 4
2441 0
2442 0
2443 2
2444 4
2445 1
2446 2
2447 1
2448 4
2449 2
2450 1
2451 1
2452 3
2453 2
2454 2
2455 4
2456 5
2457 1
2458 3
2459 0
2460 2
2461 0
2462 2
2463 1
2464 3
2465 2
2466 2
2467 0
2468 3
2469 2
2470 2
2471 1
2472 1
2473 0
2474 1
2475 3
2476 1
2477 2
2478 3
2479 2
2480 2
2481 2
2482 3
2483 2
2484 3
2485 2
2486 5
2487 2
2488 0
2489 1
2490 2
2491 5
2492 0
2493 2
2494 2
2495 3
2496 2
2497 4
2498 0
2499 0
2500 3
2501 0
2502 2
2503 3
2504 0
2505 2
2506 1
2507 1
2508 2
2509 2
2510 0
2511 3
2512 2
2513 2
2514 1
2515 0
2516 0
2517 0
2518 0
2519 1
2520 1
2521 2
2522 3
2523 0
2524 0
2525 1
2526 3
2527 1
2528 0
2529 1
2530 1
2531 1
2532 1
2533 3
2534 0
2535 2
2536 1
2537 1
2538 0
2539 0
2540 2
2541 2
2542 0
2543 2
2544 2
2545 1
2546 2
2547 1
2548 1
2549 1
2550 0
2551 0
2552 2
2553 1
2554 2
2555 1
2556 2
2557 2
2558 1
2559 1
2560 0
2561 1
2562 0
2563 1
2564 2
2565 1
2566 0
2567 0
2568 3
2569 2
2570 0
2571 1
2572 0
2573 1
2574 1
2575 0
2576 0
2577 0
2578 2
2579 0
2580 2
2581 2
2582 1
2583 0
2584 0
2585 1
2586 1
2587 0
2588 0
2589 1
2590 2
2591 2
2592 0
2593 3
2594 2
2595 2
2596 0
2597 2
2598 0
2599 0
2600 1
2601 0
2602 3
2603 3
2604 0
2605 0
2606 1
2607 2
2608 1
2609 1
2610 0
2611 0
2612 0
2613 0
2614 1
2615 1
2616 0
2617 0
2618 0
2619 2
2620 0
2621 1
2622 0
2623 1
2624 1
2625 0
2626 1
2627 0
2628 1
2629 0
2630 1
2631 1
2632 1
2633 1
2634 1
2635 0
2636 0
2637 2
2638 0
2639 1
2640 2
2641 2
2642 0
2643 0
2644 0
2645 0
2646 0
2647 0
2648 0
2649 1
2650 1
2651 0
2652 0
2653 1
2654 0
2655 0
2656 0
2657 0
2658 0
2659 1
2660 0
2661 1
2662 0
2663 0
2664 1
2665 1
2666 1
2667 0
2668 0
2669 0
2670 1
2671 0
2672 0
2673 0
2674 0
2675 0
2676 1
2677 1
2678 0
2679 0
2680 0
2681 1
2682 0
2683 0
2684 0
2685 1
2686 0
2687 1
2688 0
2689 0
2690 0
2691 0
2692 0
2693 0
2694 0
2695 0
2696 0
2697 2
2698 0
2699 0
2700 0
2701 0
2702 0
2703 0
2704 0
2705 0
2706 0
2707 0
2708 0
2709 0
2710 0
2711 0
2712 0
2713 1
2714 0
2715 0
2716 0
2717 0
2718 0
2719 0
2720 1
2721 0
2722 0
2723 0
2724 0
2725 0
2726 0
2727 0
2728 0
2729 0
2730 0
2731 0
2732 0
2733 0
2734 1
2735 0
2736 0
2737 0
2738 0
2739 0
2740 0
2741 0
2742 0
2743 0
2744 0
2745 0
2746 0
2747 0
2748 0
2749 0
2750 0
2751 0
2752 0
2753 0
2754 0
2755 0
2756 0
2757 1
2758 0
2759 0
2760 0
2761 0
2762 0
2763 0
2764 0
2765 0
2766 0
2767 0
2768 0
2769 0
2770 0
2771 0
2772 0
2773 0
2774 0
2775 0
2776 0
2777 0
2778 0
2779 0
2780 0
2781 0
2782 0
2783 1
2784 0
2785 0
2786 0
2787 0
2788 0
2789 0
2790 0
2791 0
2792 0
2793 0
2794 0
2795 0
2796 0
2797 0
2798 0
2799 1
