0 0.5287
1 0.531
2 0.5354
3 0.5514
4 0.5544
5 0.5415
6 0.5291
7 0.5448
8 0.5321
9 0.5462
10 0.5473
11 0.5438
12 0.5434
13 0.5376
14 0.5438
15 0.523
16 0.5325
17 0.5331
18 0.5577
19 0.5231
20 0.5373
21 0.5377
22 0.5401
23 0.5351
24 0.5341
25 0.5259
26 0.527
27 0.5348
28 0.5447
29 0.5378
30 0.54
31 0.5425
32 0.5343
33 0.5537
34 0.5376
35 0.5474
36 0.5386
37 0.5338
38 0.5346
39 0.5389
40 0.5359
41 0.5223
42 0.5413
43 0.536
44 0.5427
45 0.545
46 0.5386
47 0.5454
48 0.5353
49 0.5523
50 0.5461
51 0.544
52 0.5451
53 0.5414
54 0.5312
55 0.54
56 0.5409
57 0.542
58 0.5239
59 0.5392
60 0.5382
61 0.5499
62 0.5376
63 0.5441
64 0.5439
65 0.5392
66 0.551
67 0.5353
68 0.536
69 0.5304
70 0.5294
71 0.5459
72 0.534
73 0.5465
74 0.5395
75 0.5317
76 0.5384
77 0.5459
78 0.5431
79 0.5313
80 0.5507
81 0.5396
82 0.5231
83 0.5349
84 0.5343
85 0.5375
86 0.5549
87 0.5494
88 0.5343
89 0.5196
90 0.5511
91 0.5329
92 0.5466
93 0.5276
94 0.5363
95 0.5358
96 0.5308
97 0.5406
98 0.5354
99 0.54
100 0.5438
101 0.5452
102 0.5339
103 0.5347
