-4783 1
-4782 1
-4781 0
-4780 0
-4779 0
-4778 1
-4777 1
-4776 2
-4775 1
-4774 3
-4773 1
-4772 0
-4771 0
-4770 0
-4769 0
-4768 0
-4767 0
-4766 0
-4765 0
-4764 0
-4763 0
-4762 0
-4761 0
-4760 0
-4759 0
-4758 1
-4757 0
-4756 1
-4755 1
-4754 0
-4753 0
-4752 1
-4751 0
-4750 2
-4749 0
-4748 1
-4747 0
-4746 0
-4745 0
-4744 0
-4743 0
-4742 0
-4741 0
-4740 0
-4739 0
-4738 0
-4737 0
-4736 0
-4735 0
-4734 0
-4733 0
-4732 0
-4731 0
-4730 0
-4729 1
-4728 0
-4727 0
-4726 0
-4725 0
-4724 0
-4723 1
-4722 0
-4721 0
-4720 0
-4719 2
-4718 1
-4717 0
-4716 0
-4715 1
-4714 0
-4713 0
-4712 0
-4711 0
-4710 0
-4709 1
-4708 1
-4707 0
-4706 0
-4705 1
-4704 0
-4703 0
-4702 0
-4701 0
-4700 0
-4699 0
-4698 0
-4697 1
-4696 0
-4695 0
-4694 0
-4693 1
-4692 0
-4691 0
-4690 0
-4689 0
-4688 0
-4687 0
-4686 0
-4685 0
-4684 0
-4683 0
-4682 0
-4681 0
-4680 0
-4679 0
-4678 0
-4677 0
-4676 0
-4675 0
-4674 0
-4673 0
-4672 1
-4671 1
-4670 1
-4669 0
-4668 1
-4667 1
-4666 1
-4665 0
-4664 0
-4663 0
-4662 0
-4661 0
-4660 0
-4659 0
-4658 1
-4657 0
-4656 0
-4655 0
-4654 1
-4653 2
-4652 0
-4651 1
-4650 2
-4649 0
-4648 0
-4647 0
-4646 0
-4645 1
-4644 1
-4643 0
-4642 1
-4641 0
-4640 0
-4639 0
-4638 0
-4637 0
-4636 1
-4635 0
-4634 0
-4633 2
-4632 0
-4631 2
-4630 1
-4629 0
-4628 1
-4627 0
-4626 0
-4625 0
-4624 0
-4623 0
-4622 0
-4621 0
-4620 1
-4619 1
-4618 0
-4617 1
-4616 2
-4615 1
-4614 0
-4613 1
-4612 1
-4611 2
-4610 1
-4609 1
-4608 2
-4607 0
-4606 2
-4605 3
-4604 1
-4603 1
-4602 0
-4601 3
-4600 1
-4599 1
-4598 1
-4597 1
-4596 3
-4595 4
-4594 0
-4593 0
-4592 1
-4591 0
-4590 0
-4589 4
-4588 0
-4587 2
-4586 0
-4585 1
-4584 0
-4583 0
-4582 1
-4581 2
-4580 0
-4579 1
-4578 4
-4577 2
-4576 1
-4575 0
-4574 2
-4573 0
-4572 0
-4571 1
-4570 0
-4569 0
-4568 1
-4567 1
-4566 1
-4565 1
-4564 0
-4563 1
-4562 3
-4561 0
-4560 1
-4559 4
-4558 2
-4557 4
-4556 0
-4555 2
-4554 3
-4553 1
-4552 0
-4551 3
-4550 0
-4549 1
-4548 3
-4547 1
-4546 2
-4545 1
-4544 2
-4543 1
-4542 2
-4541 2
-4540 0
-4539 0
-4538 3
-4537 2
-4536 0
-4535 2
-4534 0
-4533 3
-4532 2
-4531 0
-4530 3
-4529 3
-4528 0
-4527 0
-4526 3
-4525 2
-4524 5
-4523 0
-4522 0
-4521 2
-4520 1
-4519 3
-4518 1
-4517 2
-4516 1
-4515 3
-4514 1
-4513 1
-4512 1
-4511 2
-4510 3
-4509 0
-4508 3
-4507 1
-4506 2
-4505 2
-4504 2
-4503 1
-4502 2
-4501 5
-4500 2
-4499 1
-4498 3
-4497 3
-4496 1
-4495 4
-4494 1
-4493 3
-4492 3
-4491 2
-4490 1
-4489 1
-4488 2
-4487 3
-4486 3
-4485 3
-4484 6
-4483 4
-4482 1
-4481 1
-4480 3
-4479 1
-4478 4
-4477 1
-4476 1
-4475 1
-4474 2
-4473 4
-4472 2
-4471 1
-4470 0
-4469 2
-4468 4
-4467 2
-4466 5
-4465 3
-4464 3
-4463 3
-4462 4
-4461 3
-4460 7
-4459 1
-4458 5
-4457 0
-4456 2
-4455 1
-4454 7
-4453 4
-4452 1
-4451 5
-4450 4
-4449 3
-4448 7
-4447 6
-4446 2
-4445 8
-4444 3
-4443 7
-4442 5
-4441 8
-4440 7
-4439 5
-4438 7
-4437 3
-4436 5
-4435 7
-4434 4
-4433 3
-4432 7
-4431 1
-4430 4
-4429 2
-4428 10
-4427 0
-4426 6
-4425 3
-4424 10
-4423 6
-4422 0
-4421 1
-4420 8
-4419 2
-4418 4
-4417 1
-4416 2
-4415 3
-4414 3
-4413 3
-4412 3
-4411 5
-4410 3
-4409 4
-4408 6
-4407 3
-4406 0
-4405 2
-4404 3
-4403 9
-4402 9
-4401 7
-4400 5
-4399 6
-4398 8
-4397 4
-4396 4
-4395 9
-4394 9
-4393 4
-4392 5
-4391 5
-4390 6
-4389 4
-4388 7
-4387 6
-4386 1
-4385 4
-4384 3
-4383 4
-4382 4
-4381 6
-4380 6
-4379 8
-4378 4
-4377 9
-4376 4
-4375 9
-4374 6
-4373 3
-4372 9
-4371 5
-4370 4
-4369 8
-4368 4
-4367 13
-4366 6
-4365 7
-4364 7
-4363 7
-4362 8
-4361 8
-4360 7
-4359 2
-4358 2
-4357 7
-4356 3
-4355 6
-4354 5
-4353 7
-4352 5
-4351 7
-4350 9
-4349 7
-4348 4
-4347 7
-4346 8
-4345 6
-4344 7
-4343 5
-4342 6
-4341 3
-4340 8
-4339 4
-4338 7
-4337 4
-4336 6
-4335 5
-4334 8
-4333 5
-4332 3
-4331 4
-4330 3
-4329 6
-4328 7
-4327 2
-4326 5
-4325 7
-4324 4
-4323 11
-4322 11
-4321 5
-4320 6
-4319 7
-4318 7
-4317 8
-4316 9
-4315 9
-4314 8
-4313 9
-4312 9
-4311 7
-4310 5
-4309 8
-4308 8
-4307 9
-4306 12
-4305 8
-4304 12
-4303 9
-4302 13
-4301 9
-4300 11
-4299 10
-4298 12
-4297 8
-4296 11
-4295 9
-4294 8
-4293 9
-4292 12
-4291 7
-4290 6
-4289 13
-4288 10
-4287 10
-4286 15
-4285 11
-4284 7
-4283 13
-4282 6
-4281 11
-4280 9
-4279 9
-4278 8
-4277 7
-4276 9
-4275 5
-4274 8
-4273 6
-4272 8
-4271 12
-4270 6
-4269 11
-4268 11
-4267 12
-4266 12
-4265 11
-4264 11
-4263 13
-4262 13
-4261 6
-4260 9
-4259 8
-4258 9
-4257 7
-4256 13
-4255 13
-4254 13
-4253 14
-4252 11
-4251 14
-4250 21
-4249 16
-4248 10
-4247 8
-4246 14
-4245 10
-4244 17
-4243 11
-4242 7
-4241 13
-4240 15
-4239 9
-4238 12
-4237 10
-4236 3
-4235 4
-4234 18
-4233 7
-4232 14
-4231 10
-4230 22
-4229 10
-4228 14
-4227 18
-4226 22
-4225 8
-4224 14
-4223 14
-4222 15
-4221 8
-4220 20
-4219 16
-4218 14
-4217 7
-4216 12
-4215 9
-4214 15
-4213 17
-4212 21
-4211 16
-4210 9
-4209 16
-4208 16
-4207 16
-4206 17
-4205 17
-4204 12
-4203 13
-4202 24
-4201 21
-4200 19
-4199 21
-4198 13
-4197 14
-4196 11
-4195 17
-4194 20
-4193 23
-4192 19
-4191 19
-4190 29
-4189 22
-4188 28
-4187 17
-4186 10
-4185 16
-4184 13
-4183 19
-4182 25
-4181 13
-4180 17
-4179 21
-4178 15
-4177 22
-4176 24
-4175 19
-4174 21
-4173 23
-4172 24
-4171 11
-4170 12
-4169 22
-4168 19
-4167 19
-4166 16
-4165 15
-4164 16
-4163 15
-4162 20
-4161 31
-4160 21
-4159 24
-4158 20
-4157 21
-4156 23
-4155 20
-4154 15
-4153 18
-4152 18
-4151 18
-4150 20
-4149 28
-4148 16
-4147 24
-4146 17
-4145 16
-4144 13
-4143 11
-4142 20
-4141 16
-4140 18
-4139 16
-4138 21
-4137 20
-4136 24
-4135 16
-4134 21
-4133 20
-4132 23
-4131 28
-4130 18
-4129 14
-4128 24
-4127 25
-4126 20
-4125 21
-4124 24
-4123 25
-4122 22
-4121 25
-4120 17
-4119 34
-4118 16
-4117 25
-4116 23
-4115 18
-4114 17
-4113 29
-4112 23
-4111 15
-4110 29
-4109 15
-4108 29
-4107 32
-4106 17
-4105 19
-4104 16
-4103 21
-4102 19
-4101 28
-4100 19
-4099 24
-4098 28
-4097 19
-4096 19
-4095 13
-4094 21
-4093 27
-4092 24
-4091 33
-4090 33
-4089 26
-4088 15
-4087 26
-4086 29
-4085 25
-4084 12
-4083 25
-4082 21
-4081 26
-4080 15
-4079 24
-4078 28
-4077 17
-4076 30
-4075 31
-4074 37
-4073 33
-4072 29
-4071 29
-4070 19
-4069 29
-4068 22
-4067 24
-4066 26
-4065 26
-4064 30
-4063 29
-4062 32
-4061 24
-4060 27
-4059 29
-4058 25
-4057 32
-4056 41
-4055 29
-4054 20
-4053 24
-4052 27
-4051 21
-4050 32
-4049 26
-4048 32
-4047 19
-4046 28
-4045 18
-4044 24
-4043 37
-4042 32
-4041 23
-4040 34
-4039 30
-4038 29
-4037 23
-4036 34
-4035 32
-4034 22
-4033 46
-4032 26
-4031 29
-4030 19
-4029 30
-4028 35
-4027 29
-4026 28
-4025 26
-4024 27
-4023 27
-4022 33
-4021 21
-4020 30
-4019 29
-4018 31
-4017 34
-4016 32
-4015 32
-4014 29
-4013 33
-4012 32
-4011 32
-4010 40
-4009 23
-4008 33
-4007 37
-4006 44
-4005 39
-4004 19
-4003 36
-4002 26
-4001 26
-4000 36
-3999 49
-3998 37
-3997 46
-3996 33
-3995 42
-3994 36
-3993 42
-3992 47
-3991 45
-3990 38
-3989 30
-3988 38
-3987 35
-3986 37
-3985 25
-3984 35
-3983 38
-3982 45
-3981 36
-3980 40
-3979 36
-3978 32
-3977 43
-3976 34
-3975 40
-3974 39
-3973 31
-3972 37
-3971 40
-3970 47
-3969 40
-3968 47
-3967 46
-3966 31
-3965 37
-3964 33
-3963 37
-3962 34
-3961 35
-3960 39
-3959 31
-3958 38
-3957 35
-3956 52
-3955 33
-3954 35
-3953 32
-3952 42
-3951 44
-3950 40
-3949 45
-3948 42
-3947 36
-3946 39
-3945 42
-3944 43
-3943 41
-3942 41
-3941 46
-3940 41
-3939 40
-3938 33
-3937 41
-3936 32
-3935 29
-3934 31
-3933 37
-3932 47
-3931 35
-3930 38
-3929 41
-3928 44
-3927 44
-3926 32
-3925 44
-3924 49
-3923 40
-3922 49
-3921 40
-3920 42
-3919 31
-3918 50
-3917 38
-3916 48
-3915 51
-3914 39
-3913 37
-3912 34
-3911 34
-3910 39
-3909 46
-3908 35
-3907 53
-3906 30
-3905 40
-3904 43
-3903 46
-3902 47
-3901 44
-3900 42
-3899 35
-3898 48
-3897 56
-3896 43
-3895 52
-3894 56
-3893 57
-3892 58
-3891 55
-3890 39
-3889 49
-3888 53
-3887 39
-3886 31
-3885 55
-3884 39
-3883 40
-3882 45
-3881 52
-3880 47
-3879 41
-3878 62
-3877 38
-3876 62
-3875 53
-3874 60
-3873 61
-3872 50
-3871 46
-3870 49
-3869 54
-3868 55
-3867 51
-3866 49
-3865 58
-3864 56
-3863 60
-3862 47
-3861 61
-3860 57
-3859 69
-3858 58
-3857 75
-3856 60
-3855 55
-3854 56
-3853 56
-3852 47
-3851 57
-3850 49
-3849 71
-3848 67
-3847 50
-3846 55
-3845 56
-3844 64
-3843 76
-3842 74
-3841 65
-3840 57
-3839 62
-3838 62
-3837 72
-3836 82
-3835 63
-3834 64
-3833 67
-3832 75
-3831 81
-3830 76
-3829 81
-3828 70
-3827 71
-3826 51
-3825 63
-3824 71
-3823 69
-3822 71
-3821 54
-3820 70
-3819 88
-3818 61
-3817 53
-3816 76
-3815 74
-3814 72
-3813 74
-3812 81
-3811 77
-3810 67
-3809 68
-3808 68
-3807 66
-3806 68
-3805 72
-3804 77
-3803 80
-3802 61
-3801 72
-3800 76
-3799 74
-3798 68
-3797 80
-3796 69
-3795 57
-3794 63
-3793 73
-3792 78
-3791 72
-3790 64
-3789 81
-3788 67
-3787 80
-3786 71
-3785 88
-3784 86
-3783 68
-3782 70
-3781 82
-3780 82
-3779 69
-3778 64
-3777 73
-3776 62
-3775 93
-3774 82
-3773 67
-3772 73
-3771 71
-3770 88
-3769 67
-3768 85
-3767 75
-3766 83
-3765 73
-3764 75
-3763 82
-3762 71
-3761 74
-3760 91
-3759 66
-3758 74
-3757 65
-3756 77
-3755 78
-3754 82
-3753 71
-3752 70
-3751 66
-3750 68
-3749 67
-3748 80
-3747 68
-3746 58
-3745 74
-3744 70
-3743 77
-3742 77
-3741 78
-3740 80
-3739 74
-3738 88
-3737 74
-3736 90
-3735 62
-3734 78
-3733 86
-3732 83
-3731 74
-3730 81
-3729 71
-3728 73
-3727 71
-3726 94
-3725 77
-3724 77
-3723 82
-3722 86
-3721 88
-3720 84
-3719 75
-3718 68
-3717 72
-3716 71
-3715 84
-3714 81
-3713 94
-3712 93
-3711 73
-3710 78
-3709 74
-3708 90
-3707 78
-3706 68
-3705 100
-3704 94
-3703 65
-3702 78
-3701 86
-3700 70
-3699 63
-3698 72
-3697 84
-3696 74
-3695 77
-3694 83
-3693 80
-3692 96
-3691 82
-3690 89
-3689 88
-3688 92
-3687 77
-3686 91
-3685 102
-3684 77
-3683 95
-3682 83
-3681 81
-3680 86
-3679 79
-3678 84
-3677 71
-3676 83
-3675 103
-3674 85
-3673 94
-3672 82
-3671 84
-3670 76
-3669 70
-3668 73
-3667 103
-3666 90
-3665 90
-3664 93
-3663 94
-3662 85
-3661 61
-3660 87
-3659 88
-3658 90
-3657 88
-3656 90
-3655 93
-3654 79
-3653 97
-3652 92
-3651 81
-3650 105
-3649 84
-3648 99
-3647 100
-3646 79
-3645 103
-3644 90
-3643 88
-3642 100
-3641 76
-3640 100
-3639 104
-3638 95
-3637 115
-3636 81
-3635 88
-3634 85
-3633 114
-3632 97
-3631 91
-3630 75
-3629 96
-3628 97
-3627 97
-3626 92
-3625 75
-3624 88
-3623 97
-3622 92
-3621 86
-3620 94
-3619 94
-3618 82
-3617 95
-3616 87
-3615 100
-3614 111
-3613 103
-3612 93
-3611 87
-3610 78
-3609 93
-3608 106
-3607 86
-3606 89
-3605 74
-3604 101
-3603 91
-3602 95
-3601 108
-3600 105
-3599 85
-3598 100
-3597 109
-3596 97
-3595 101
-3594 120
-3593 107
-3592 100
-3591 105
-3590 103
-3589 119
-3588 87
-3587 109
-3586 120
-3585 108
-3584 120
-3583 116
-3582 107
-3581 121
-3580 103
-3579 123
-3578 105
-3577 105
-3576 122
-3575 117
-3574 116
-3573 133
-3572 113
-3571 129
-3570 104
-3569 98
-3568 118
-3567 108
-3566 109
-3565 94
-3564 121
-3563 124
-3562 127
-3561 115
-3560 104
-3559 113
-3558 110
-3557 121
-3556 102
-3555 126
-3554 122
-3553 120
-3552 118
-3551 124
-3550 135
-3549 114
-3548 114
-3547 107
-3546 111
-3545 108
-3544 122
-3543 102
-3542 113
-3541 113
-3540 110
-3539 93
-3538 115
-3537 120
-3536 109
-3535 133
-3534 108
-3533 132
-3532 96
-3531 125
-3530 94
-3529 117
-3528 115
-3527 120
-3526 126
-3525 121
-3524 134
-3523 132
-3522 127
-3521 120
-3520 123
-3519 121
-3518 133
-3517 105
-3516 126
-3515 104
-3514 120
-3513 130
-3512 109
-3511 125
-3510 119
-3509 110
-3508 114
-3507 133
-3506 127
-3505 132
-3504 125
-3503 106
-3502 121
-3501 124
-3500 128
-3499 133
-3498 102
-3497 126
-3496 118
-3495 112
-3494 103
-3493 127
-3492 122
-3491 117
-3490 101
-3489 136
-3488 127
-3487 123
-3486 124
-3485 140
-3484 122
-3483 135
-3482 126
-3481 120
-3480 117
-3479 116
-3478 122
-3477 134
-3476 141
-3475 128
-3474 129
-3473 123
-3472 123
-3471 151
-3470 127
-3469 131
-3468 118
-3467 132
-3466 133
-3465 143
-3464 133
-3463 145
-3462 130
-3461 134
-3460 157
-3459 141
-3458 128
-3457 117
-3456 149
-3455 154
-3454 150
-3453 143
-3452 140
-3451 151
-3450 118
-3449 110
-3448 154
-3447 147
-3446 150
-3445 137
-3444 149
-3443 162
-3442 139
-3441 162
-3440 150
-3439 149
-3438 148
-3437 110
-3436 122
-3435 123
-3434 146
-3433 135
-3432 134
-3431 130
-3430 145
-3429 120
-3428 124
-3427 139
-3426 142
-3425 147
-3424 129
-3423 144
-3422 167
-3421 154
-3420 159
-3419 154
-3418 137
-3417 154
-3416 138
-3415 142
-3414 148
-3413 176
-3412 139
-3411 138
-3410 131
-3409 161
-3408 135
-3407 160
-3406 144
-3405 145
-3404 169
-3403 164
-3402 146
-3401 162
-3400 135
-3399 143
-3398 133
-3397 140
-3396 148
-3395 124
-3394 141
-3393 139
-3392 130
-3391 137
-3390 132
-3389 157
-3388 134
-3387 132
-3386 156
-3385 121
-3384 143
-3383 154
-3382 172
-3381 161
-3380 165
-3379 159
-3378 173
-3377 166
-3376 153
-3375 138
-3374 151
-3373 168
-3372 151
-3371 140
-3370 126
-3369 169
-3368 157
-3367 130
-3366 148
-3365 177
-3364 140
-3363 148
-3362 172
-3361 139
-3360 162
-3359 147
-3358 178
-3357 167
-3356 174
-3355 160
-3354 161
-3353 145
-3352 160
-3351 154
-3350 169
-3349 177
-3348 139
-3347 183
-3346 159
-3345 157
-3344 139
-3343 146
-3342 191
-3341 160
-3340 171
-3339 161
-3338 166
-3337 157
-3336 166
-3335 177
-3334 176
-3333 176
-3332 159
-3331 144
-3330 189
-3329 158
-3328 159
-3327 159
-3326 166
-3325 144
-3324 143
-3323 156
-3322 166
-3321 165
-3320 186
-3319 171
-3318 163
-3317 173
-3316 149
-3315 173
-3314 142
-3313 169
-3312 146
-3311 161
-3310 147
-3309 174
-3308 184
-3307 182
-3306 185
-3305 154
-3304 190
-3303 139
-3302 168
-3301 176
-3300 154
-3299 171
-3298 167
-3297 178
-3296 198
-3295 171
-3294 194
-3293 149
-3292 168
-3291 181
-3290 187
-3289 179
-3288 202
-3287 179
-3286 215
-3285 179
-3284 196
-3283 169
-3282 197
-3281 171
-3280 159
-3279 182
-3278 180
-3277 184
-3276 166
-3275 145
-3274 175
-3273 184
-3272 171
-3271 205
-3270 196
-3269 181
-3268 204
-3267 208
-3266 198
-3265 203
-3264 196
-3263 196
-3262 158
-3261 206
-3260 190
-3259 176
-3258 194
-3257 200
-3256 175
-3255 175
-3254 195
-3253 184
-3252 184
-3251 167
-3250 195
-3249 181
-3248 185
-3247 187
-3246 204
-3245 200
-3244 198
-3243 190
-3242 194
-3241 193
-3240 219
-3239 179
-3238 188
-3237 204
-3236 204
-3235 244
-3234 203
-3233 208
-3232 194
-3231 182
-3230 205
-3229 206
-3228 205
-3227 188
-3226 201
-3225 193
-3224 191
-3223 218
-3222 196
-3221 195
-3220 199
-3219 184
-3218 212
-3217 204
-3216 211
-3215 165
-3214 223
-3213 234
-3212 183
-3211 214
-3210 216
-3209 201
-3208 220
-3207 202
-3206 195
-3205 204
-3204 184
-3203 198
-3202 189
-3201 191
-3200 224
-3199 215
-3198 207
-3197 195
-3196 190
-3195 169
-3194 196
-3193 217
-3192 206
-3191 188
-3190 219
-3189 191
-3188 195
-3187 196
-3186 208
-3185 205
-3184 209
-3183 205
-3182 185
-3181 210
-3180 187
-3179 216
-3178 209
-3177 197
-3176 196
-3175 224
-3174 214
-3173 198
-3172 214
-3171 217
-3170 221
-3169 228
-3168 194
-3167 211
-3166 228
-3165 223
-3164 219
-3163 211
-3162 204
-3161 201
-3160 203
-3159 193
-3158 208
-3157 226
-3156 205
-3155 216
-3154 218
-3153 223
-3152 211
-3151 220
-3150 224
-3149 207
-3148 190
-3147 189
-3146 229
-3145 198
-3144 202
-3143 239
-3142 221
-3141 216
-3140 227
-3139 222
-3138 233
-3137 205
-3136 224
-3135 195
-3134 193
-3133 184
-3132 227
-3131 245
-3130 238
-3129 206
-3128 222
-3127 233
-3126 203
-3125 210
-3124 210
-3123 206
-3122 225
-3121 218
-3120 195
-3119 243
-3118 224
-3117 218
-3116 220
-3115 246
-3114 216
-3113 252
-3112 207
-3111 246
-3110 220
-3109 238
-3108 229
-3107 238
-3106 239
-3105 196
-3104 207
-3103 223
-3102 204
-3101 225
-3100 199
-3099 228
-3098 209
-3097 226
-3096 201
-3095 234
-3094 222
-3093 243
-3092 206
-3091 248
-3090 214
-3089 220
-3088 247
-3087 212
-3086 249
-3085 224
-3084 230
-3083 215
-3082 225
-3081 226
-3080 216
-3079 216
-3078 237
-3077 232
-3076 208
-3075 216
-3074 191
-3073 239
-3072 223
-3071 223
-3070 224
-3069 247
-3068 216
-3067 200
-3066 216
-3065 242
-3064 244
-3063 241
-3062 237
-3061 244
-3060 217
-3059 217
-3058 244
-3057 225
-3056 241
-3055 252
-3054 221
-3053 234
-3052 276
-3051 247
-3050 280
-3049 241
-3048 268
-3047 238
-3046 247
-3045 233
-3044 247
-3043 231
-3042 271
-3041 231
-3040 263
-3039 253
-3038 255
-3037 218
-3036 232
-3035 253
-3034 247
-3033 268
-3032 242
-3031 257
-3030 245
-3029 235
-3028 235
-3027 230
-3026 230
-3025 215
-3024 215
-3023 254
-3022 241
-3021 246
-3020 228
-3019 217
-3018 255
-3017 242
-3016 269
-3015 260
-3014 265
-3013 247
-3012 257
-3011 251
-3010 251
-3009 247
-3008 232
-3007 270
-3006 243
-3005 242
-3004 234
-3003 244
-3002 242
-3001 240
-3000 241
-2999 217
-2998 226
-2997 258
-2996 273
-2995 235
-2994 271
-2993 236
-2992 266
-2991 253
-2990 239
-2989 249
-2988 245
-2987 248
-2986 270
-2985 290
-2984 233
-2983 260
-2982 255
-2981 245
-2980 261
-2979 260
-2978 250
-2977 285
-2976 242
-2975 293
-2974 252
-2973 271
-2972 252
-2971 265
-2970 253
-2969 260
-2968 280
-2967 265
-2966 305
-2965 301
-2964 292
-2963 278
-2962 274
-2961 283
-2960 269
-2959 238
-2958 266
-2957 247
-2956 262
-2955 268
-2954 264
-2953 267
-2952 227
-2951 251
-2950 266
-2949 301
-2948 261
-2947 268
-2946 264
-2945 274
-2944 264
-2943 245
-2942 270
-2941 265
-2940 257
-2939 260
-2938 276
-2937 287
-2936 245
-2935 268
-2934 300
-2933 269
-2932 277
-2931 273
-2930 273
-2929 271
-2928 257
-2927 263
-2926 267
-2925 271
-2924 259
-2923 283
-2922 303
-2921 292
-2920 286
-2919 281
-2918 299
-2917 280
-2916 276
-2915 272
-2914 256
-2913 274
-2912 298
-2911 270
-2910 293
-2909 298
-2908 248
-2907 256
-2906 273
-2905 251
-2904 251
-2903 272
-2902 284
-2901 247
-2900 291
-2899 274
-2898 250
-2897 286
-2896 264
-2895 279
-2894 303
-2893 254
-2892 281
-2891 319
-2890 284
-2889 271
-2888 257
-2887 303
-2886 286
-2885 278
-2884 279
-2883 268
-2882 283
-2881 302
-2880 273
-2879 276
-2878 306
-2877 323
-2876 287
-2875 287
-2874 312
-2873 298
-2872 298
-2871 295
-2870 291
-2869 304
-2868 281
-2867 297
-2866 320
-2865 285
-2864 289
-2863 295
-2862 294
-2861 303
-2860 310
-2859 321
-2858 292
-2857 315
-2856 309
-2855 310
-2854 328
-2853 320
-2852 320
-2851 333
-2850 306
-2849 304
-2848 303
-2847 275
-2846 306
-2845 271
-2844 309
-2843 277
-2842 309
-2841 305
-2840 318
-2839 279
-2838 340
-2837 312
-2836 293
-2835 293
-2834 304
-2833 315
-2832 302
-2831 313
-2830 304
-2829 329
-2828 290
-2827 297
-2826 325
-2825 342
-2824 321
-2823 309
-2822 311
-2821 306
-2820 305
-2819 325
-2818 315
-2817 302
-2816 320
-2815 287
-2814 299
-2813 263
-2812 303
-2811 323
-2810 304
-2809 303
-2808 293
-2807 287
-2806 315
-2805 313
-2804 298
-2803 288
-2802 334
-2801 322
-2800 290
-2799 303
-2798 291
-2797 308
-2796 319
-2795 312
-2794 318
-2793 293
-2792 316
-2791 297
-2790 307
-2789 318
-2788 292
-2787 290
-2786 318
-2785 307
-2784 325
-2783 303
-2782 301
-2781 317
-2780 324
-2779 292
-2778 311
-2777 321
-2776 321
-2775 323
-2774 332
-2773 288
-2772 317
-2771 307
-2770 312
-2769 318
-2768 346
-2767 346
-2766 304
-2765 287
-2764 315
-2763 369
-2762 327
-2761 338
-2760 320
-2759 365
-2758 305
-2757 310
-2756 340
-2755 310
-2754 295
-2753 344
-2752 314
-2751 345
-2750 352
-2749 308
-2748 337
-2747 321
-2746 308
-2745 305
-2744 353
-2743 311
-2742 315
-2741 310
-2740 320
-2739 315
-2738 358
-2737 308
-2736 309
-2735 328
-2734 315
-2733 323
-2732 334
-2731 329
-2730 336
-2729 314
-2728 331
-2727 336
-2726 305
-2725 332
-2724 348
-2723 343
-2722 328
-2721 321
-2720 303
-2719 356
-2718 318
-2717 361
-2716 345
-2715 303
-2714 319
-2713 329
-2712 333
-2711 337
-2710 333
-2709 312
-2708 326
-2707 347
-2706 344
-2705 302
-2704 335
-2703 351
-2702 318
-2701 321
-2700 365
-2699 354
-2698 329
-2697 334
-2696 334
-2695 343
-2694 346
-2693 356
-2692 355
-2691 370
-2690 295
-2689 324
-2688 366
-2687 346
-2686 340
-2685 327
-2684 321
-2683 332
-2682 343
-2681 331
-2680 347
-2679 349
-2678 363
-2677 350
-2676 307
-2675 367
-2674 298
-2673 377
-2672 350
-2671 348
-2670 368
-2669 362
-2668 340
-2667 375
-2666 322
-2665 375
-2664 349
-2663 370
-2662 333
-2661 344
-2660 347
-2659 329
-2658 327
-2657 363
-2656 311
-2655 355
-2654 358
-2653 342
-2652 332
-2651 342
-2650 327
-2649 349
-2648 351
-2647 360
-2646 322
-2645 347
-2644 338
-2643 329
-2642 371
-2641 344
-2640 371
-2639 358
-2638 381
-2637 339
-2636 322
-2635 354
-2634 311
-2633 356
-2632 365
-2631 344
-2630 336
-2629 371
-2628 357
-2627 353
-2626 344
-2625 364
-2624 348
-2623 335
-2622 309
-2621 326
-2620 354
-2619 384
-2618 337
-2617 342
-2616 332
-2615 348
-2614 345
-2613 347
-2612 329
-2611 361
-2610 360
-2609 391
-2608 356
-2607 376
-2606 382
-2605 361
-2604 365
-2603 362
-2602 329
-2601 314
-2600 352
-2599 388
-2598 363
-2597 331
-2596 393
-2595 336
-2594 341
-2593 358
-2592 389
-2591 355
-2590 356
-2589 328
-2588 365
-2587 370
-2586 371
-2585 390
-2584 396
-2583 379
-2582 397
-2581 349
-2580 337
-2579 375
-2578 353
-2577 365
-2576 376
-2575 369
-2574 366
-2573 348
-2572 382
-2571 373
-2570 366
-2569 338
-2568 344
-2567 376
-2566 363
-2565 383
-2564 325
-2563 359
-2562 367
-2561 329
-2560 359
-2559 374
-2558 349
-2557 385
-2556 342
-2555 362
-2554 383
-2553 377
-2552 324
-2551 427
-2550 349
-2549 368
-2548 361
-2547 377
-2546 369
-2545 399
-2544 372
-2543 394
-2542 376
-2541 415
-2540 390
-2539 410
-2538 352
-2537 366
-2536 387
-2535 363
-2534 362
-2533 409
-2532 390
-2531 348
-2530 333
-2529 390
-2528 374
-2527 378
-2526 394
-2525 397
-2524 408
-2523 367
-2522 355
-2521 381
-2520 395
-2519 384
-2518 397
-2517 399
-2516 405
-2515 409
-2514 396
-2513 401
-2512 386
-2511 382
-2510 357
-2509 390
-2508 390
-2507 364
-2506 400
-2505 378
-2504 369
-2503 416
-2502 422
-2501 344
-2500 387
-2499 402
-2498 391
-2497 408
-2496 397
-2495 379
-2494 438
-2493 405
-2492 398
-2491 397
-2490 368
-2489 406
-2488 380
-2487 385
-2486 365
-2485 378
-2484 368
-2483 410
-2482 378
-2481 383
-2480 421
-2479 363
-2478 375
-2477 368
-2476 396
-2475 393
-2474 396
-2473 376
-2472 385
-2471 376
-2470 377
-2469 390
-2468 438
-2467 430
-2466 394
-2465 396
-2464 409
-2463 402
-2462 409
-2461 376
-2460 417
-2459 421
-2458 408
-2457 411
-2456 423
-2455 400
-2454 404
-2453 367
-2452 409
-2451 383
-2450 383
-2449 398
-2448 401
-2447 430
-2446 434
-2445 442
-2444 422
-2443 445
-2442 432
-2441 428
-2440 396
-2439 430
-2438 417
-2437 376
-2436 406
-2435 413
-2434 425
-2433 386
-2432 414
-2431 434
-2430 398
-2429 381
-2428 400
-2427 445
-2426 439
-2425 455
-2424 378
-2423 412
-2422 402
-2421 392
-2420 410
-2419 403
-2418 413
-2417 419
-2416 416
-2415 402
-2414 424
-2413 413
-2412 422
-2411 426
-2410 430
-2409 418
-2408 415
-2407 439
-2406 427
-2405 425
-2404 420
-2403 441
-2402 411
-2401 386
-2400 457
-2399 412
-2398 442
-2397 438
-2396 414
-2395 397
-2394 442
-2393 406
-2392 418
-2391 423
-2390 445
-2389 428
-2388 386
-2387 404
-2386 428
-2385 441
-2384 438
-2383 452
-2382 447
-2381 430
-2380 418
-2379 439
-2378 477
-2377 467
-2376 446
-2375 434
-2374 414
-2373 435
-2372 418
-2371 402
-2370 417
-2369 406
-2368 416
-2367 421
-2366 381
-2365 393
-2364 408
-2363 411
-2362 392
-2361 409
-2360 431
-2359 382
-2358 418
-2357 425
-2356 404
-2355 414
-2354 384
-2353 432
-2352 449
-2351 400
-2350 427
-2349 467
-2348 411
-2347 439
-2346 448
-2345 423
-2344 425
-2343 404
-2342 443
-2341 450
-2340 428
-2339 456
-2338 437
-2337 447
-2336 397
-2335 444
-2334 397
-2333 411
-2332 426
-2331 454
-2330 430
-2329 448
-2328 444
-2327 411
-2326 407
-2325 408
-2324 429
-2323 467
-2322 451
-2321 449
-2320 429
-2319 434
-2318 453
-2317 452
-2316 447
-2315 440
-2314 457
-2313 461
-2312 403
-2311 435
-2310 397
-2309 429
-2308 456
-2307 460
-2306 446
-2305 424
-2304 445
-2303 450
-2302 479
-2301 436
-2300 433
-2299 466
-2298 443
-2297 449
-2296 479
-2295 494
-2294 484
-2293 400
-2292 458
-2291 446
-2290 465
-2289 446
-2288 456
-2287 460
-2286 395
-2285 452
-2284 406
-2283 469
-2282 457
-2281 429
-2280 450
-2279 442
-2278 432
-2277 469
-2276 450
-2275 428
-2274 459
-2273 460
-2272 436
-2271 429
-2270 449
-2269 428
-2268 487
-2267 477
-2266 464
-2265 457
-2264 465
-2263 491
-2262 490
-2261 457
-2260 459
-2259 450
-2258 463
-2257 453
-2256 470
-2255 483
-2254 472
-2253 487
-2252 451
-2251 449
-2250 450
-2249 500
-2248 450
-2247 472
-2246 421
-2245 462
-2244 457
-2243 485
-2242 432
-2241 458
-2240 445
-2239 414
-2238 455
-2237 441
-2236 472
-2235 489
-2234 473
-2233 473
-2232 465
-2231 475
-2230 474
-2229 415
-2228 449
-2227 454
-2226 447
-2225 502
-2224 476
-2223 482
-2222 515
-2221 459
-2220 464
-2219 468
-2218 521
-2217 480
-2216 467
-2215 476
-2214 449
-2213 488
-2212 415
-2211 492
-2210 476
-2209 473
-2208 482
-2207 406
-2206 479
-2205 448
-2204 486
-2203 490
-2202 447
-2201 487
-2200 478
-2199 455
-2198 454
-2197 498
-2196 450
-2195 462
-2194 499
-2193 445
-2192 459
-2191 437
-2190 503
-2189 450
-2188 487
-2187 498
-2186 492
-2185 471
-2184 504
-2183 515
-2182 458
-2181 529
-2180 490
-2179 536
-2178 504
-2177 476
-2176 489
-2175 471
-2174 483
-2173 478
-2172 480
-2171 472
-2170 430
-2169 468
-2168 409
-2167 447
-2166 461
-2165 480
-2164 454
-2163 466
-2162 453
-2161 485
-2160 462
-2159 485
-2158 469
-2157 477
-2156 483
-2155 469
-2154 524
-2153 523
-2152 503
-2151 476
-2150 499
-2149 483
-2148 453
-2147 467
-2146 506
-2145 445
-2144 551
-2143 499
-2142 506
-2141 535
-2140 519
-2139 494
-2138 490
-2137 471
-2136 478
-2135 498
-2134 475
-2133 507
-2132 510
-2131 563
-2130 472
-2129 519
-2128 516
-2127 453
-2126 504
-2125 522
-2124 512
-2123 461
-2122 534
-2121 522
-2120 532
-2119 510
-2118 508
-2117 512
-2116 511
-2115 493
-2114 524
-2113 489
-2112 493
-2111 517
-2110 528
-2109 514
-2108 520
-2107 507
-2106 523
-2105 502
-2104 507
-2103 542
-2102 504
-2101 499
-2100 566
-2099 527
-2098 506
-2097 523
-2096 518
-2095 517
-2094 533
-2093 497
-2092 491
-2091 535
-2090 547
-2089 518
-2088 518
-2087 535
-2086 516
-2085 504
-2084 546
-2083 519
-2082 486
-2081 480
-2080 456
-2079 507
-2078 490
-2077 511
-2076 503
-2075 522
-2074 503
-2073 512
-2072 522
-2071 467
-2070 541
-2069 520
-2068 505
-2067 532
-2066 486
-2065 523
-2064 500
-2063 531
-2062 542
-2061 518
-2060 547
-2059 539
-2058 526
-2057 501
-2056 567
-2055 488
-2054 557
-2053 542
-2052 486
-2051 514
-2050 477
-2049 526
-2048 532
-2047 503
-2046 494
-2045 520
-2044 534
-2043 534
-2042 514
-2041 451
-2040 497
-2039 486
-2038 516
-2037 527
-2036 471
-2035 514
-2034 523
-2033 523
-2032 508
-2031 495
-2030 501
-2029 497
-2028 489
-2027 544
-2026 503
-2025 501
-2024 516
-2023 493
-2022 554
-2021 543
-2020 555
-2019 536
-2018 571
-2017 524
-2016 524
-2015 547
-2014 528
-2013 526
-2012 531
-2011 526
-2010 530
-2009 539
-2008 544
-2007 543
-2006 544
-2005 509
-2004 537
-2003 577
-2002 549
-2001 555
-2000 514
-1999 529
-1998 548
-1997 530
-1996 527
-1995 565
-1994 536
-1993 563
-1992 599
-1991 553
-1990 531
-1989 540
-1988 557
-1987 558
-1986 503
-1985 516
-1984 535
-1983 514
-1982 545
-1981 538
-1980 557
-1979 521
-1978 558
-1977 561
-1976 572
-1975 555
-1974 587
-1973 563
-1972 562
-1971 568
-1970 501
-1969 539
-1968 565
-1967 560
-1966 603
-1965 563
-1964 560
-1963 579
-1962 578
-1961 553
-1960 591
-1959 538
-1958 550
-1957 629
-1956 578
-1955 553
-1954 556
-1953 627
-1952 566
-1951 577
-1950 583
-1949 562
-1948 602
-1947 559
-1946 573
-1945 586
-1944 532
-1943 616
-1942 540
-1941 555
-1940 556
-1939 559
-1938 564
-1937 591
-1936 540
-1935 604
-1934 552
-1933 616
-1932 586
-1931 555
-1930 618
-1929 595
-1928 588
-1927 614
-1926 563
-1925 574
-1924 536
-1923 584
-1922 579
-1921 563
-1920 524
-1919 592
-1918 605
-1917 624
-1916 580
-1915 603
-1914 600
-1913 605
-1912 555
-1911 554
-1910 575
-1909 564
-1908 642
-1907 584
-1906 549
-1905 567
-1904 601
-1903 587
-1902 567
-1901 544
-1900 582
-1899 590
-1898 594
-1897 569
-1896 629
-1895 609
-1894 607
-1893 626
-1892 612
-1891 617
-1890 578
-1889 578
-1888 600
-1887 591
-1886 607
-1885 643
-1884 649
-1883 578
-1882 598
-1881 593
-1880 572
-1879 589
-1878 561
-1877 569
-1876 586
-1875 565
-1874 575
-1873 581
-1872 554
-1871 599
-1870 593
-1869 577
-1868 622
-1867 579
-1866 593
-1865 613
-1864 618
-1863 612
-1862 573
-1861 596
-1860 604
-1859 603
-1858 617
-1857 637
-1856 602
-1855 590
-1854 548
-1853 639
-1852 606
-1851 629
-1850 601
-1849 625
-1848 595
-1847 646
-1846 611
-1845 575
-1844 612
-1843 634
-1842 603
-1841 596
-1840 622
-1839 569
-1838 577
-1837 608
-1836 604
-1835 613
-1834 623
-1833 569
-1832 665
-1831 582
-1830 631
-1829 631
-1828 668
-1827 660
-1826 637
-1825 618
-1824 625
-1823 594
-1822 588
-1821 576
-1820 585
-1819 589
-1818 615
-1817 632
-1816 629
-1815 587
-1814 615
-1813 584
-1812 605
-1811 597
-1810 647
-1809 653
-1808 618
-1807 594
-1806 653
-1805 594
-1804 673
-1803 611
-1802 673
-1801 610
-1800 590
-1799 668
-1798 620
-1797 614
-1796 639
-1795 623
-1794 659
-1793 592
-1792 624
-1791 571
-1790 633
-1789 668
-1788 615
-1787 626
-1786 632
-1785 621
-1784 657
-1783 606
-1782 613
-1781 622
-1780 613
-1779 618
-1778 620
-1777 624
-1776 609
-1775 619
-1774 640
-1773 611
-1772 597
-1771 635
-1770 632
-1769 575
-1768 595
-1767 645
-1766 640
-1765 637
-1764 643
-1763 618
-1762 685
-1761 614
-1760 575
-1759 633
-1758 637
-1757 580
-1756 630
-1755 612
-1754 636
-1753 619
-1752 654
-1751 571
-1750 639
-1749 623
-1748 632
-1747 691
-1746 649
-1745 594
-1744 633
-1743 623
-1742 628
-1741 620
-1740 591
-1739 639
-1738 637
-1737 657
-1736 629
-1735 690
-1734 651
-1733 613
-1732 710
-1731 609
-1730 650
-1729 614
-1728 580
-1727 615
-1726 683
-1725 629
-1724 615
-1723 639
-1722 641
-1721 633
-1720 644
-1719 685
-1718 632
-1717 618
-1716 606
-1715 611
-1714 638
-1713 659
-1712 630
-1711 618
-1710 645
-1709 645
-1708 607
-1707 629
-1706 601
-1705 619
-1704 646
-1703 694
-1702 649
-1701 634
-1700 623
-1699 649
-1698 672
-1697 638
-1696 659
-1695 664
-1694 683
-1693 660
-1692 710
-1691 633
-1690 675
-1689 600
-1688 685
-1687 696
-1686 685
-1685 671
-1684 652
-1683 653
-1682 701
-1681 697
-1680 685
-1679 605
-1678 665
-1677 641
-1676 650
-1675 694
-1674 734
-1673 726
-1672 683
-1671 684
-1670 660
-1669 699
-1668 681
-1667 647
-1666 721
-1665 671
-1664 669
-1663 715
-1662 644
-1661 644
-1660 661
-1659 678
-1658 648
-1657 709
-1656 661
-1655 655
-1654 696
-1653 681
-1652 654
-1651 684
-1650 641
-1649 648
-1648 702
-1647 675
-1646 734
-1645 691
-1644 681
-1643 717
-1642 672
-1641 676
-1640 653
-1639 641
-1638 652
-1637 687
-1636 702
-1635 664
-1634 697
-1633 667
-1632 673
-1631 659
-1630 664
-1629 678
-1628 615
-1627 660
-1626 669
-1625 727
-1624 678
-1623 644
-1622 739
-1621 682
-1620 706
-1619 695
-1618 691
-1617 685
-1616 697
-1615 753
-1614 654
-1613 686
-1612 649
-1611 668
-1610 720
-1609 682
-1608 695
-1607 735
-1606 683
-1605 697
-1604 711
-1603 714
-1602 684
-1601 674
-1600 684
-1599 685
-1598 650
-1597 754
-1596 673
-1595 680
-1594 668
-1593 683
-1592 675
-1591 701
-1590 676
-1589 720
-1588 717
-1587 667
-1586 695
-1585 676
-1584 670
-1583 674
-1582 729
-1581 745
-1580 681
-1579 720
-1578 738
-1577 641
-1576 695
-1575 683
-1574 691
-1573 683
-1572 695
-1571 734
-1570 707
-1569 669
-1568 749
-1567 758
-1566 706
-1565 739
-1564 728
-1563 725
-1562 689
-1561 739
-1560 738
-1559 684
-1558 705
-1557 742
-1556 703
-1555 661
-1554 718
-1553 707
-1552 673
-1551 688
-1550 738
-1549 726
-1548 780
-1547 718
-1546 791
-1545 682
-1544 753
-1543 733
-1542 760
-1541 759
-1540 734
-1539 679
-1538 797
-1537 765
-1536 756
-1535 735
-1534 707
-1533 740
-1532 698
-1531 694
-1530 725
-1529 699
-1528 695
-1527 736
-1526 704
-1525 716
-1524 660
-1523 721
-1522 676
-1521 721
-1520 744
-1519 720
-1518 731
-1517 715
-1516 700
-1515 768
-1514 709
-1513 656
-1512 763
-1511 731
-1510 723
-1509 750
-1508 754
-1507 772
-1506 650
-1505 743
-1504 692
-1503 740
-1502 664
-1501 720
-1500 719
-1499 724
-1498 700
-1497 699
-1496 739
-1495 697
-1494 692
-1493 732
-1492 735
-1491 738
-1490 739
-1489 731
-1488 744
-1487 770
-1486 714
-1485 714
-1484 734
-1483 663
-1482 675
-1481 691
-1480 694
-1479 710
-1478 716
-1477 732
-1476 752
-1475 703
-1474 751
-1473 730
-1472 697
-1471 710
-1470 732
-1469 754
-1468 730
-1467 736
-1466 716
-1465 745
-1464 696
-1463 726
-1462 741
-1461 780
-1460 782
-1459 813
-1458 744
-1457 700
-1456 796
-1455 738
-1454 757
-1453 774
-1452 775
-1451 687
-1450 762
-1449 735
-1448 746
-1447 792
-1446 808
-1445 783
-1444 772
-1443 770
-1442 767
-1441 740
-1440 749
-1439 704
-1438 824
-1437 761
-1436 773
-1435 770
-1434 801
-1433 766
-1432 731
-1431 778
-1430 790
-1429 684
-1428 740
-1427 705
-1426 746
-1425 741
-1424 758
-1423 828
-1422 806
-1421 741
-1420 823
-1419 710
-1418 764
-1417 765
-1416 756
-1415 746
-1414 742
-1413 733
-1412 708
-1411 734
-1410 754
-1409 772
-1408 764
-1407 763
-1406 727
-1405 788
-1404 800
-1403 759
-1402 759
-1401 795
-1400 755
-1399 781
-1398 732
-1397 760
-1396 762
-1395 764
-1394 722
-1393 751
-1392 782
-1391 745
-1390 772
-1389 816
-1388 791
-1387 780
-1386 763
-1385 799
-1384 814
-1383 769
-1382 763
-1381 766
-1380 744
-1379 758
-1378 769
-1377 768
-1376 752
-1375 848
-1374 776
-1373 798
-1372 817
-1371 784
-1370 765
-1369 799
-1368 807
-1367 862
-1366 814
-1365 774
-1364 829
-1363 801
-1362 774
-1361 744
-1360 818
-1359 820
-1358 791
-1357 832
-1356 778
-1355 816
-1354 810
-1353 778
-1352 786
-1351 853
-1350 849
-1349 800
-1348 793
-1347 820
-1346 798
-1345 815
-1344 800
-1343 791
-1342 795
-1341 794
-1340 853
-1339 864
-1338 838
-1337 822
-1336 861
-1335 839
-1334 811
-1333 784
-1332 808
-1331 823
-1330 823
-1329 833
-1328 811
-1327 868
-1326 826
-1325 846
-1324 790
-1323 841
-1322 823
-1321 848
-1320 764
-1319 822
-1318 856
-1317 824
-1316 827
-1315 800
-1314 818
-1313 837
-1312 848
-1311 841
-1310 852
-1309 839
-1308 835
-1307 854
-1306 827
-1305 831
-1304 815
-1303 814
-1302 851
-1301 776
-1300 821
-1299 892
-1298 842
-1297 854
-1296 836
-1295 890
-1294 796
-1293 863
-1292 852
-1291 847
-1290 844
-1289 841
-1288 900
-1287 879
-1286 833
-1285 834
-1284 826
-1283 857
-1282 818
-1281 812
-1280 830
-1279 857
-1278 842
-1277 771
-1276 821
-1275 843
-1274 810
-1273 820
-1272 798
-1271 873
-1270 812
-1269 844
-1268 822
-1267 868
-1266 883
-1265 842
-1264 852
-1263 873
-1262 849
-1261 837
-1260 876
-1259 857
-1258 864
-1257 892
-1256 879
-1255 848
-1254 864
-1253 873
-1252 881
-1251 831
-1250 846
-1249 850
-1248 877
-1247 849
-1246 858
-1245 939
-1244 858
-1243 884
-1242 851
-1241 852
-1240 874
-1239 852
-1238 902
-1237 885
-1236 888
-1235 859
-1234 919
-1233 890
-1232 879
-1231 923
-1230 894
-1229 942
-1228 865
-1227 932
-1226 915
-1225 879
-1224 847
-1223 890
-1222 894
-1221 898
-1220 874
-1219 908
-1218 900
-1217 871
-1216 855
-1215 864
-1214 909
-1213 902
-1212 892
-1211 876
-1210 876
-1209 883
-1208 891
-1207 908
-1206 895
-1205 878
-1204 857
-1203 888
-1202 878
-1201 908
-1200 853
-1199 956
-1198 874
-1197 874
-1196 902
-1195 917
-1194 879
-1193 906
-1192 818
-1191 943
-1190 902
-1189 889
-1188 880
-1187 813
-1186 913
-1185 908
-1184 859
-1183 961
-1182 913
-1181 942
-1180 901
-1179 988
-1178 911
-1177 912
-1176 910
-1175 979
-1174 880
-1173 938
-1172 851
-1171 921
-1170 922
-1169 902
-1168 906
-1167 928
-1166 886
-1165 906
-1164 893
-1163 979
-1162 807
-1161 943
-1160 919
-1159 873
-1158 948
-1157 887
-1156 882
-1155 978
-1154 911
-1153 911
-1152 926
-1151 919
-1150 885
-1149 957
-1148 891
-1147 932
-1146 968
-1145 974
-1144 971
-1143 928
-1142 969
-1141 967
-1140 930
-1139 952
-1138 980
-1137 956
-1136 955
-1135 934
-1134 938
-1133 937
-1132 921
-1131 953
-1130 921
-1129 969
-1128 979
-1127 969
-1126 960
-1125 936
-1124 929
-1123 948
-1122 987
-1121 938
-1120 1007
-1119 919
-1118 919
-1117 938
-1116 943
-1115 981
-1114 901
-1113 1028
-1112 949
-1111 1015
-1110 923
-1109 985
-1108 979
-1107 983
-1106 974
-1105 991
-1104 964
-1103 980
-1102 963
-1101 955
-1100 1056
-1099 970
-1098 1010
-1097 947
-1096 1009
-1095 984
-1094 1012
-1093 979
-1092 1009
-1091 1001
-1090 988
-1089 962
-1088 1011
-1087 994
-1086 988
-1085 1011
-1084 966
-1083 1016
-1082 1001
-1081 1003
-1080 975
-1079 950
-1078 990
-1077 1007
-1076 1010
-1075 1056
-1074 1017
-1073 1023
-1072 991
-1071 1042
-1070 964
-1069 987
-1068 977
-1067 986
-1066 1013
-1065 1023
-1064 995
-1063 992
-1062 1051
-1061 1003
-1060 977
-1059 1012
-1058 994
-1057 988
-1056 1014
-1055 1030
-1054 966
-1053 1001
-1052 1020
-1051 1042
-1050 1019
-1049 1038
-1048 970
-1047 1044
-1046 1004
-1045 979
-1044 1021
-1043 1073
-1042 1047
-1041 1033
-1040 1061
-1039 1067
-1038 1075
-1037 1059
-1036 939
-1035 1062
-1034 1031
-1033 1084
-1032 1001
-1031 1025
-1030 1041
-1029 1074
-1028 1070
-1027 1037
-1026 1103
-1025 1049
-1024 1059
-1023 1080
-1022 1042
-1021 1110
-1020 1075
-1019 1081
-1018 1058
-1017 1122
-1016 1070
-1015 1012
-1014 1068
-1013 1080
-1012 1044
-1011 1035
-1010 1022
-1009 1045
-1008 1033
-1007 1047
-1006 1077
-1005 1052
-1004 1075
-1003 1007
-1002 1035
-1001 1043
-1000 1041
-999 991
-998 1024
-997 994
-996 1089
-995 1096
-994 1087
-993 1049
-992 1051
-991 1035
-990 1048
-989 1082
-988 1026
-987 1044
-986 1024
-985 1071
-984 1049
-983 1051
-982 1048
-981 1072
-980 1057
-979 989
-978 1024
-977 1035
-976 1049
-975 1002
-974 1031
-973 1015
-972 1022
-971 1103
-970 1026
-969 1066
-968 1092
-967 1115
-966 1097
-965 1092
-964 1125
-963 1137
-962 1104
-961 1020
-960 1077
-959 1129
-958 1066
-957 1115
-956 1099
-955 1110
-954 1131
-953 1124
-952 1055
-951 1145
-950 1078
-949 1079
-948 1142
-947 1073
-946 1118
-945 1155
-944 1074
-943 1056
-942 1109
-941 1164
-940 1156
-939 1146
-938 1134
-937 1121
-936 1161
-935 1053
-934 1083
-933 1085
-932 1125
-931 1155
-930 1092
-929 1159
-928 1112
-927 1081
-926 1123
-925 1178
-924 1140
-923 1135
-922 1126
-921 1154
-920 1196
-919 1149
-918 1110
-917 1215
-916 1127
-915 1112
-914 1119
-913 1115
-912 1091
-911 1183
-910 1103
-909 1146
-908 1202
-907 1082
-906 1127
-905 1142
-904 1147
-903 1156
-902 1138
-901 1113
-900 1094
-899 1123
-898 1113
-897 1103
-896 1174
-895 1134
-894 1161
-893 1178
-892 1134
-891 1183
-890 1165
-889 1145
-888 1166
-887 1128
-886 1126
-885 1178
-884 1158
-883 1185
-882 1189
-881 1183
-880 1219
-879 1186
-878 1141
-877 1221
-876 1150
-875 1193
-874 1176
-873 1212
-872 1228
-871 1215
-870 1162
-869 1260
-868 1175
-867 1206
-866 1213
-865 1200
-864 1203
-863 1224
-862 1207
-861 1289
-860 1193
-859 1256
-858 1211
-857 1181
-856 1217
-855 1185
-854 1178
-853 1158
-852 1272
-851 1207
-850 1142
-849 1256
-848 1213
-847 1243
-846 1205
-845 1217
-844 1229
-843 1170
-842 1283
-841 1172
-840 1189
-839 1249
-838 1193
-837 1193
-836 1234
-835 1224
-834 1185
-833 1178
-832 1274
-831 1238
-830 1260
-829 1277
-828 1149
-827 1198
-826 1269
-825 1259
-824 1206
-823 1248
-822 1252
-821 1229
-820 1262
-819 1281
-818 1264
-817 1288
-816 1242
-815 1322
-814 1200
-813 1257
-812 1268
-811 1221
-810 1279
-809 1243
-808 1232
-807 1248
-806 1282
-805 1177
-804 1302
-803 1335
-802 1251
-801 1339
-800 1284
-799 1380
-798 1281
-797 1247
-796 1307
-795 1318
-794 1230
-793 1274
-792 1300
-791 1215
-790 1253
-789 1302
-788 1291
-787 1289
-786 1289
-785 1345
-784 1218
-783 1332
-782 1257
-781 1319
-780 1254
-779 1274
-778 1252
-777 1280
-776 1273
-775 1266
-774 1306
-773 1320
-772 1298
-771 1281
-770 1334
-769 1259
-768 1310
-767 1283
-766 1329
-765 1341
-764 1325
-763 1328
-762 1353
-761 1388
-760 1350
-759 1291
-758 1347
-757 1274
-756 1336
-755 1347
-754 1256
-753 1281
-752 1318
-751 1325
-750 1280
-749 1291
-748 1297
-747 1356
-746 1320
-745 1373
-744 1403
-743 1334
-742 1406
-741 1338
-740 1309
-739 1365
-738 1301
-737 1342
-736 1343
-735 1387
-734 1412
-733 1337
-732 1349
-731 1412
-730 1358
-729 1384
-728 1414
-727 1313
-726 1408
-725 1345
-724 1376
-723 1355
-722 1314
-721 1385
-720 1359
-719 1417
-718 1436
-717 1397
-716 1384
-715 1436
-714 1436
-713 1410
-712 1358
-711 1335
-710 1390
-709 1407
-708 1384
-707 1432
-706 1359
-705 1433
-704 1413
-703 1424
-702 1383
-701 1392
-700 1430
-699 1378
-698 1378
-697 1418
-696 1464
-695 1369
-694 1412
-693 1396
-692 1401
-691 1368
-690 1409
-689 1452
-688 1417
-687 1506
-686 1483
-685 1403
-684 1451
-683 1533
-682 1488
-681 1471
-680 1419
-679 1442
-678 1470
-677 1513
-676 1399
-675 1482
-674 1494
-673 1430
-672 1470
-671 1474
-670 1521
-669 1368
-668 1426
-667 1561
-666 1492
-665 1491
-664 1477
-663 1409
-662 1420
-661 1484
-660 1496
-659 1452
-658 1529
-657 1415
-656 1536
-655 1529
-654 1418
-653 1456
-652 1590
-651 1573
-650 1481
-649 1560
-648 1452
-647 1504
-646 1564
-645 1502
-644 1497
-643 1492
-642 1600
-641 1482
-640 1573
-639 1577
-638 1493
-637 1540
-636 1638
-635 1533
-634 1536
-633 1561
-632 1478
-631 1506
-630 1536
-629 1575
-628 1544
-627 1590
-626 1577
-625 1487
-624 1547
-623 1600
-622 1651
-621 1585
-620 1623
-619 1621
-618 1655
-617 1588
-616 1597
-615 1527
-614 1566
-613 1580
-612 1548
-611 1562
-610 1610
-609 1569
-608 1569
-607 1581
-606 1557
-605 1639
-604 1563
-603 1592
-602 1611
-601 1622
-600 1654
-599 1587
-598 1644
-597 1657
-596 1642
-595 1650
-594 1638
-593 1648
-592 1635
-591 1700
-590 1592
-589 1634
-588 1699
-587 1630
-586 1636
-585 1652
-584 1626
-583 1655
-582 1657
-581 1630
-580 1650
-579 1649
-578 1659
-577 1644
-576 1657
-575 1708
-574 1672
-573 1650
-572 1605
-571 1613
-570 1659
-569 1690
-568 1718
-567 1618
-566 1729
-565 1747
-564 1686
-563 1763
-562 1768
-561 1686
-560 1638
-559 1770
-558 1712
-557 1694
-556 1722
-555 1758
-554 1757
-553 1717
-552 1715
-551 1734
-550 1744
-549 1718
-548 1792
-547 1744
-546 1685
-545 1788
-544 1821
-543 1761
-542 1687
-541 1753
-540 1763
-539 1765
-538 1854
-537 1742
-536 1856
-535 1841
-534 1773
-533 1775
-532 1747
-531 1754
-530 1756
-529 1793
-528 1772
-527 1742
-526 1815
-525 1832
-524 1805
-523 1778
-522 1802
-521 1851
-520 1820
-519 1836
-518 1820
-517 1729
-516 1784
-515 1770
-514 1842
-513 1833
-512 1843
-511 1796
-510 1883
-509 1820
-508 1880
-507 1789
-506 1868
-505 1863
-504 1880
-503 1845
-502 1876
-501 1898
-500 1989
-499 1893
-498 1933
-497 1805
-496 1864
-495 1924
-494 1859
-493 1913
-492 1883
-491 1883
-490 1911
-489 1839
-488 1928
-487 1824
-486 1930
-485 1960
-484 1969
-483 1953
-482 1949
-481 1904
-480 1954
-479 1875
-478 1978
-477 1934
-476 2030
-475 1988
-474 1984
-473 1947
-472 1956
-471 1936
-470 2059
-469 1909
-468 1893
-467 2036
-466 2032
-465 1999
-464 1993
-463 2045
-462 2028
-461 2061
-460 1978
-459 2059
-458 2017
-457 1988
-456 1873
-455 1968
-454 1938
-453 1974
-452 2057
-451 2057
-450 2084
-449 2078
-448 2032
-447 1951
-446 2059
-445 2059
-444 1947
-443 2064
-442 2059
-441 2073
-440 1956
-439 2066
-438 2077
-437 2016
-436 1997
-435 2136
-434 2058
-433 2094
-432 2207
-431 2234
-430 2177
-429 2108
-428 2208
-427 2107
-426 2111
-425 2167
-424 2190
-423 2098
-422 2160
-421 2130
-420 2199
-419 2155
-418 2065
-417 2174
-416 2100
-415 2173
-414 2114
-413 2128
-412 2095
-411 2152
-410 2163
-409 2084
-408 2229
-407 2223
-406 2273
-405 2256
-404 2217
-403 2277
-402 2231
-401 2274
-400 2262
-399 2215
-398 2267
-397 2216
-396 2303
-395 2235
-394 2192
-393 2223
-392 2277
-391 2258
-390 2275
-389 2149
-388 2294
-387 2363
-386 2294
-385 2332
-384 2318
-383 2359
-382 2293
-381 2294
-380 2367
-379 2287
-378 2395
-377 2239
-376 2218
-375 2344
-374 2407
-373 2354
-372 2378
-371 2330
-370 2315
-369 2490
-368 2405
-367 2359
-366 2375
-365 2427
-364 2485
-363 2461
-362 2419
-361 2340
-360 2411
-359 2418
-358 2412
-357 2381
-356 2312
-355 2417
-354 2462
-353 2424
-352 2455
-351 2446
-350 2466
-349 2473
-348 2462
-347 2421
-346 2464
-345 2469
-344 2436
-343 2513
-342 2510
-341 2459
-340 2564
-339 2463
-338 2594
-337 2565
-336 2461
-335 2575
-334 2519
-333 2502
-332 2567
-331 2505
-330 2592
-329 2691
-328 2529
-327 2642
-326 2583
-325 2526
-324 2605
-323 2638
-322 2680
-321 2588
-320 2634
-319 2664
-318 2613
-317 2618
-316 2701
-315 2599
-314 2688
-313 2633
-312 2616
-311 2712
-310 2646
-309 2739
-308 2680
-307 2695
-306 2772
-305 2674
-304 2699
-303 2648
-302 2743
-301 2773
-300 2718
-299 2831
-298 2789
-297 2685
-296 2835
-295 2697
-294 2811
-293 2813
-292 2849
-291 2786
-290 2822
-289 2808
-288 2805
-287 2895
-286 2914
-285 2936
-284 2835
-283 2902
-282 2910
-281 2858
-280 2943
-279 2804
-278 2939
-277 2955
-276 2988
-275 2871
-274 2927
-273 2966
-272 2938
-271 2871
-270 2939
-269 2983
-268 3039
-267 3034
-266 2985
-265 3054
-264 3086
-263 3068
-262 3044
-261 3142
-260 3091
-259 3107
-258 3069
-257 3114
-256 3114
-255 3091
-254 3183
-253 3113
-252 3128
-251 3066
-250 3094
-249 3168
-248 3223
-247 3248
-246 3093
-245 3237
-244 3229
-243 3359
-242 3116
-241 3141
-240 3239
-239 3296
-238 3413
-237 3401
-236 3322
-235 3266
-234 3275
-233 3300
-232 3386
-231 3335
-230 3382
-229 3405
-228 3340
-227 3277
-226 3335
-225 3355
-224 3424
-223 3443
-222 3462
-221 3485
-220 3349
-219 3441
-218 3529
-217 3435
-216 3605
-215 3521
-214 3739
-213 3576
-212 3505
-211 3746
-210 3624
-209 3631
-208 3684
-207 3613
-206 3592
-205 3574
-204 3662
-203 3797
-202 3711
-201 3681
-200 3778
-199 3775
-198 3817
-197 3895
-196 3832
-195 3872
-194 3836
-193 3893
-192 3932
-191 3831
-190 3839
-189 3882
-188 3823
-187 4101
-186 3959
-185 4038
-184 3960
-183 3949
-182 4038
-181 4043
-180 4000
-179 4082
-178 4119
-177 4039
-176 4084
-175 4186
-174 4182
-173 4105
-172 4241
-171 4150
-170 4185
-169 4254
-168 4242
-167 4210
-166 4270
-165 4315
-164 4410
-163 4359
-162 4472
-161 4409
-160 4385
-159 4621
-158 4593
-157 4581
-156 4619
-155 4501
-154 4488
-153 4602
-152 4606
-151 4599
-150 4711
-149 4653
-148 4694
-147 4659
-146 4800
-145 4830
-144 4740
-143 4818
-142 4883
-141 4868
-140 4896
-139 4964
-138 5098
-137 4876
-136 4918
-135 5157
-134 5069
-133 5174
-132 5158
-131 5014
-130 5274
-129 5271
-128 5288
-127 5312
-126 5368
-125 5512
-124 5343
-123 5441
-122 5429
-121 5560
-120 5447
-119 5659
-118 5637
-117 5644
-116 5788
-115 5687
-114 5809
-113 5821
-112 5741
-111 5800
-110 6013
-109 6087
-108 6012
-107 6119
-106 6119
-105 5963
-104 6236
-103 6150
-102 6204
-101 6391
-100 6501
-99 6525
-98 6438
-97 6610
-96 6563
-95 6665
-94 6739
-93 6793
-92 6650
-91 6749
-90 6923
-89 6935
-88 7054
-87 7063
-86 7144
-85 7291
-84 7103
-83 7359
-82 7409
-81 7543
-80 7555
-79 7570
-78 7756
-77 7975
-76 7925
-75 8056
-74 8121
-73 8262
-72 8407
-71 8266
-70 8434
-69 8452
-68 8472
-67 8696
-66 8821
-65 8879
-64 8966
-63 9231
-62 9328
-61 9307
-60 9538
-59 9695
-58 9894
-57 10116
-56 9864
-55 10192
-54 10460
-53 10528
-52 10630
-51 10753
-50 10975
-49 11164
-48 11561
-47 11627
-46 11677
-45 12159
-44 12149
-43 12413
-42 12782
-41 12780
-40 13136
-39 13499
-38 13745
-37 14069
-36 14383
-35 14458
-34 14795
-33 15086
-32 15608
-31 16083
-30 16690
-29 16793
-28 17240
-27 17915
-26 18582
-25 18989
-24 19788
-23 20525
-22 21000
-21 21611
-20 22477
-19 23394
-18 24603
-17 25550
-16 26758
-15 27746
-14 29206
-13 30724
-12 32500
-11 34621
-10 37106
-9 39782
-8 42697
-7 46506
-6 50639
-5 55522
-4 61726
-3 67225
-2 68706
-1 61445
0 10465474
1 83598202
