2 0.5990449003083832
3 0.568196189522457
4 0.5515896525743311
5 0.5418307912982081
6 0.5353984884006588
7 0.5307202277543384
8 0.5269798650402708
9 0.5243241769347395
10 0.5229794431091285
11 0.5211198674539214
12 0.5194848597563743
13 0.5182829829496886
14 0.5174883976381077
15 0.5161446475258119
16 0.5158685199931458
17 0.5146964039924503
18 0.5136459295714326
19 0.5136063712864335
20 0.5135166608441051
21 0.5132019944835013
22 0.5126546625964697
23 0.5126638538785444
24 0.5121181777570515
25 0.5110131368393227
26 0.5115308519846667
27 0.5116909561320185
28 0.5109654272883735
29 0.5105931640690407
30 0.5109599386165982
31 0.5099061509210738
32 0.5102879191227736
33 0.5098402512907217
34 0.5084133277387202
35 0.5091457749567053
36 0.508631006150335
37 0.508156788664365
38 0.5087181500190447
39 0.5081968909415129
40 0.5085409975001959
41 0.5090829093908978
42 0.5078069472378908
43 0.5089936194443144
44 0.5082314952207464
45 0.5081002631420947
46 0.5078819652040332
47 0.5070094995721902
48 0.5093233309136347
49 0.5080156882253098
50 0.5077298367215017
51 0.5067149913151485
52 0.5076728957513553
53 0.5088773719607357
54 0.5067391213563852
55 0.5069307460689194
56 0.5053555582858937
57 0.5079369969361064
58 0.5058756509018874
59 0.5059311668627141
60 0.5079713145890996
61 0.5058459904926376
62 0.5065681828806508
63 0.5056846016325336
64 0.5054085110400032
65 0.5072426735337942
66 0.5076522437248903
67 0.5065751328578241
68 0.5072092210967517
69 0.506901294037168
70 0.5046052798509492
71 0.5070849566999649
72 0.5080022729239813
73 0.505329374042184
74 0.5048251421450268
75 0.5050543831040324
76 0.5061931621034964
77 0.5082032878548831
78 0.5050972201501815
79 0.5039613640577854
80 0.5049512159603903
81 0.505383723303986
82 0.5061918890441698
83 0.5040473434140716
84 0.5048071016794143
85 0.5050149918457295
86 0.5047249330361324
87 0.5032242440358609
88 0.5057620351797563
89 0.5042860211274481
90 0.5056626738507667
91 0.5031507440371668
92 0.504384422942684
93 0.5051444308634908
94 0.5022114513925601
95 0.5052457794109815
96 0.5051530848508998
97 0.50525752303751
98 0.5072758168342862
99 0.5050551933164081
100 0.5041897233201581
101 0.5036273626336022
102 0.5069363660039934
103 0.506672268221098
104 0.5064919707683939
105 0.5042536043700188
106 0.5084591287972525
107 0.5046115395165961
108 0.5059403196501709
109 0.5047029780319365
110 0.5061893441123982
111 0.5053424797266283
112 0.5055933177120652
113 0.5070170628859385
114 0.5019365037544461
115 0.5057120893077978
116 0.5059971224569377
117 0.5051137521222411
118 0.5027580772261623
119 0.5063919961092198
120 0.506082263403116
121 0.5057079968575938
122 0.5035553236952498
123 0.5064895448239797
124 0.5063522463121884
125 0.5064622076576609
126 0.5055894611491515
127 0.5067463783393067
128 0.5055840490425176
129 0.5066845838455254
130 0.5053854244236483
131 0.5042705921526417
132 0.5013233850382879
133 0.5057590626957011
134 0.5059904821879808
135 0.5045422781271838
136 0.50371059766115
137 0.5058524256279804
138 0.5043223854939751
139 0.5024620246286063
140 0.5049828265908668
141 0.5026305070938837
142 0.5032503079239086
143 0.5034311527983724
144 0.5067012011751004
145 0.5029513873706855
146 0.5035624197902376
147 0.5053725088055643
148 0.5036139398661902
149 0.5044321077539133
150 0.5058446610828871
151 0.5051219760019953
152 0.5054365458236391
153 0.5016971657799014
154 0.5033097531179863
155 0.5043650376263374
156 0.504630877652405
157 0.5079549864183158
158 0.5072524190889875
159 0.5056675001702683
160 0.5041992158856483
161 0.504034969737727
162 0.5033731343283582
163 0.5018986895516675
164 0.505250839523761
165 0.5043976586681377
166 0.5065867278205695
167 0.5040876169555802
168 0.5062344139650873
169 0.5066338809249764
170 0.5024432551350665
171 0.5044958663598398
172 0.5029317355018189
173 0.5027110183531639
174 0.5025034483507651
175 0.5071382678674493
176 0.5006373626373627
177 0.5035359581448967
178 0.5031882574197928
179 0.5041390543766874
180 0.5072426338483651
181 0.5060696224728762
182 0.5031642688034966
183 0.5047531255401279
184 0.5055121034186646
185 0.5035611790814133
186 0.5049278154330487
187 0.5051604760612888
188 0.5063624034435993
189 0.5039506990608218
190 0.5033513023566454
191 0.5045654460273449
192 0.5028359721954045
193 0.5058045142152614
194 0.5044707737024904
195 0.5043108246848831
196 0.5064199160616212
197 0.5058597406487525
198 0.5043552156362864
199 0.5040977443609023
200 0.5061026247577824
201 0.5045708706842993
202 0.5064242146413518
203 0.5006342332184452
204 0.5039163138747557
205 0.505475377041088
206 0.5061635285550816
207 0.5018206972160952
208 0.5024874308863699
209 0.5051788079470199
210 0.5021030774145459
211 0.5028159404973713
212 0.5013468739056649
213 0.502255802576507
214 0.5056376573617953
215 0.5038456792662361
216 0.5050261248782896
217 0.5038788684786524
218 0.504359276457135
219 0.5049156619804486
220 0.5031746031746032
221 0.507323549767652
222 0.5045865056073043
223 0.5012423601987777
224 0.5048671741717202
225 0.504822505983347
226 0.5004708302548279
227 0.5043873096520812
228 0.5047808415450744
229 0.5027307924450529
230 0.508297020115322
231 0.5041021100782057
232 0.5040969058746968
233 0.5013831875780832
234 0.49993974451675105
235 0.5036496350364964
236 0.5041405041405042
237 0.5046811625141044
238 0.5037332843722269
239 0.5020555221950206
240 0.5038081499061535
241 0.5063854189268776
242 0.5036180576088141
243 0.5065631528076575
244 0.5048043231121424
245 0.5014747411358644
246 0.49989725756737535
247 0.5027446070878274
248 0.5080676081538756
249 0.49962356031845195
250 0.5014338717778389
251 0.5011745765774646
252 0.5046379438174479
253 0.5041563582384958
254 0.5031617281906969
255 0.5015933181269288
256 0.5047723071752647
257 0.5021808322527408
258 0.5057986963514772
259 0.5012524068362669
260 0.5029637497430275
261 0.5063477650041975
262 0.5061764154640405
263 0.5019396331711301
264 0.5066411718509919
265 0.5058612295633859
266 0.5036408821535948
267 0.5029325769910885
268 0.5040222934959777
269 0.5016825525467327
270 0.5023655378486056
271 0.5032862336359892
272 0.5045393954678099
273 0.501812345589959
274 0.5034560127383925
275 0.5026807206944344
276 0.5079046332469239
277 0.5023643899143707
278 0.504423800044238
279 0.5050240118212043
280 0.5050185770531803
281 0.5036692986530422
282 0.505616311399444
283 0.5034429992348891
284 0.5028858265496042
285 0.5047173385874507
286 0.5055219638735766
287 0.5046380068951067
288 0.5033270415069877
289 0.502968325098625
290 0.5015322347499277
291 0.5005183779660022
292 0.5014463294503948
293 0.49952832042765616
294 0.5023233741324422
295 0.5031425275468395
296 0.5024904482806906
297 0.5011596248865584
298 0.5069300972821181
299 0.5029491152654204
300 0.5017431433004856
301 0.5024447645519284
302 0.5068061763510768
303 0.503759092941033
304 0.5076386480918678
305 0.5034168098862427
306 0.5053677361085452
307 0.5026390664302502
308 0.501585579571059
309 0.5048669695003245
310 0.5031403090064063
311 0.5048224046598991
312 0.5080636682857083
313 0.5038527306888472
314 0.5063058883077443
315 0.5047673290300806
316 0.5029165609941669
317 0.5061990489130435
318 0.5037435208293338
319 0.506472630631403
320 0.4976199194434273
321 0.5032638768805119
322 0.5042173104373027
323 0.5042740619902121
324 0.5019371785049798
325 0.5055725524475524
326 0.5041496047474106
327 0.5004411894467484
328 0.5032611589315822
329 0.5049961227428824
330 0.5048321635984483
331 0.5028088625230327
332 0.5040657711487488
333 0.5048641621088497
334 0.5045610417553847
335 0.5022134887292767
336 0.5019456133206642
337 0.5042009153213871
338 0.5037188672807915
339 0.5032349837103657
340 0.501762550975739
341 0.5044393063583815
342 0.506004064289673
343 0.4960199236570152
344 0.5059327388892789
345 0.5028442206369189
346 0.5043215515424074
347 0.5045391308448678
348 0.5062738935666206
349 0.4975109262159067
350 0.501546661590444
351 0.5017234866370762
352 0.5028298088990978
353 0.503182284093347
354 0.5033327758797812
355 0.5003491872366045
356 0.50611602276856
357 0.5039216159471004
358 0.5084949993975177
359 0.5068608977146446
360 0.5025525087514586
361 0.503710552568189
362 0.500267068078081
363 0.5065515983955269
364 0.5022481794633693
365 0.5048579329923398
366 0.5040692512577686
367 0.5060023266750823
368 0.5036952532116462
369 0.5020586400499064
370 0.5026891807379612
371 0.505821047280122
372 0.5037274508307253
373 0.5015475124696253
374 0.5051866164954745
375 0.5077346949092564
376 0.5082974029880678
377 0.49842239442663505
378 0.5011843460350155
379 0.5008319467554077
380 0.5031719619364567
381 0.5091026302217638
382 0.5032018442622951
383 0.5028089167072827
384 0.5020977581014646
385 0.5045203285633104
386 0.5006264355815411
387 0.5023551148931741
388 0.5030204764768953
389 0.5006341154090045
390 0.5008760286700292
391 0.5075176926158366
392 0.5055518572759952
393 0.5059476395305613
394 0.5032871097388943
395 0.5079585514368123
396 0.5009879839786382
397 0.49867572701249363
398 0.5031286086419422
399 0.5012747491185245
400 0.5029762706386188
401 0.49956777783780865
402 0.5013043478260869
403 0.49931510602158785
404 0.5063691661438586
405 0.4983876257105378
406 0.4998893315626383
407 0.5050555417047564
408 0.4993779203185048
409 0.498162276549535
410 0.5034434685626655
411 0.5004938898766687
412 0.5024489445192335
413 0.5037359015881133
414 0.5015833166918666
415 0.5002287413507177
416 0.5063432515249577
417 0.5035030758714969
418 0.5064905292718572
419 0.5013163166027585
420 0.5043643591737965
421 0.5039784728451144
422 0.5021271669609007
423 0.4993442336276996
424 0.5031159483893619
425 0.5050780791358459
426 0.4987946139824778
427 0.5034244553344748
428 0.5026514258779166
429 0.502710027100271
430 0.49923467090849066
431 0.5081044037900005
432 0.5100455002068192
433 0.5032242866817821
434 0.5023570221471138
435 0.5000297796307326
436 0.5003328491890583
437 0.5010411951109099
438 0.5053175418454288
439 0.5072866065232478
440 0.5001661581221111
441 0.5098164163252921
442 0.5028327749010052
443 0.49963154016212236
444 0.49919594260267197
445 0.5019065629165762
446 0.5076239080747675
447 0.5074547390841321
448 0.501413438538722
449 0.5018738288569644
450 0.5006131497028582
451 0.5042697197798722
452 0.5055294267192069
453 0.5054850710674426
454 0.5015128593040847
455 0.5076121288692357
456 0.5072898258015652
457 0.5056232427366448
458 0.5049107282939533
459 0.5044328470824949
460 0.5030117602065207
461 0.4987672504882969
462 0.5059982724975207
463 0.5044496188319352
464 0.5061146496815286
465 0.5010391022156856
466 0.4983899014619695
467 0.5009989044274022
468 0.5037784995337171
469 0.4984678902041738
470 0.5030043197245769
471 0.5072070325124426
472 0.5011215791834903
473 0.5048805006972144
474 0.5028759775092095
475 0.5031601465011506
476 0.5006921555702043
477 0.5018775130429003
478 0.5059009692094679
479 0.5018275214857256
480 0.49783621837549935
481 0.5038282290279628
482 0.503996270147862
483 0.5019036804488678
484 0.5062064387653501
485 0.5014063999470532
486 0.5054681248332888
487 0.5023322930299674
488 0.5068818860721342
489 0.501775068658316
490 0.4983489453467215
491 0.5058425687213313
492 0.4992756308749705
493 0.5013815452839843
494 0.500325264491389
495 0.5005510400881664
496 0.4986541514252191
497 0.5040273792650465
498 0.5023980815347722
