2 0.7399880737281151
3 0.7099713884427089
4 0.68792971770208
5 0.67074849845229
6 0.6572101341102798
7 0.6457030475702724
8 0.6367333491860634
9 0.6282792348690177
10 0.621484456227906
11 0.6152914474432117
12 0.610364450704831
13 0.6051166623958557
14 0.6006870077277388
15 0.5962906558036185
16 0.593186311861004
17 0.5893938204190604
18 0.5865132318266025
19 0.5833120070457443
20 0.5811734426202754
21 0.5784560184713018
22 0.5764188588182971
23 0.5742647211275154
24 0.572091450357329
25 0.570068676358557
26 0.5689407528896947
27 0.5666150043982742
28 0.5655974256568658
29 0.5643572716234446
30 0.5629288712650444
31 0.5618167663959571
32 0.5604217864571218
33 0.5578727647355748
34 0.5570892813083783
35 0.5567349333248772
36 0.555313349494028
37 0.5543490813215293
38 0.5532283861246734
39 0.5525546547229343
40 0.5521358233756757
41 0.5511303179152748
42 0.5495918695557992
43 0.5495583463901811
44 0.5488712307958349
45 0.5475120550794647
46 0.546253301311089
47 0.5474678965053466
48 0.5458190963458499
49 0.5451796853370807
50 0.5444527147553277
51 0.543723360890547
52 0.5432767460689722
53 0.541948956856
54 0.5413065672924541
55 0.5423794820164417
56 0.5404261547036204
57 0.5413649866112002
58 0.540212111690867
59 0.5399439948469432
60 0.5384764603680651
61 0.5398418215599498
62 0.5376965224101289
63 0.5370755960643601
64 0.5368010451949635
65 0.536912781594593
66 0.5367102311924705
67 0.5356132032544002
68 0.5360845184734289
69 0.5366722277393133
70 0.5351278158467031
71 0.5338994398578967
72 0.5346946974234995
73 0.5337041218493318
74 0.532706526900714
75 0.5329202874897611
76 0.5323919656131227
77 0.5323296309188262
78 0.5329159689450449
79 0.5324329962081414
80 0.5311502133947855
81 0.5318495138349973
82 0.5302324724315758
83 0.5310117365428733
84 0.5313816668207315
85 0.5300573554487676
86 0.5298720711620327
87 0.5301211418305602
88 0.5296577941519531
89 0.528538645778036
90 0.5289836560757738
91 0.5288749803881659
92 0.5282584967603944
93 0.527611944586496
94 0.526900922159959
95 0.5284950600762014
96 0.5277682542999116
97 0.5280652996264691
98 0.5279886975170006
99 0.5278812192299158
100 0.5263236541578996
101 0.5262749746330554
102 0.5264159002424492
103 0.5267128029820668
104 0.525269657116894
105 0.526428386712536
106 0.5264901859382344
107 0.525938888906438
108 0.5248940509192875
109 0.5244363559262138
110 0.5260095774930532
111 0.5257731288664568
112 0.5246197962759093
113 0.5235919245375151
114 0.5241596848029022
115 0.5241346947091379
116 0.5245668629100084
117 0.5249369800750667
118 0.5231288478824986
119 0.5220433197512331
120 0.5233027807985087
121 0.5238754937216294
122 0.5230161040391699
123 0.5231936758893281
124 0.522777299600683
125 0.5228788680196378
126 0.5223217395186855
127 0.5230428296853037
128 0.522099253102449
129 0.5211471279110115
130 0.5225200655275609
131 0.5221885883061731
132 0.5215598887850916
133 0.5208465198710264
134 0.5221524254432636
135 0.5196503265023622
136 0.5211999901435067
137 0.5222967403450594
138 0.5199802994936893
139 0.5221526600320632
140 0.520687557336681
141 0.5212953616778788
142 0.5207545402386333
143 0.5190200351163228
144 0.520309314061233
145 0.5189294883986306
146 0.5199446525409516
147 0.518652820611668
148 0.5192375259980211
149 0.5206040471401927
150 0.5195363558562313
151 0.5198316754991386
152 0.5200957981325948
153 0.5203542746247704
154 0.5197287848991543
155 0.5179837681545858
156 0.5200010045497734
157 0.5181978468140371
158 0.5179599160403549
159 0.5179779750395126
160 0.5179716060831258
161 0.5194600882539792
162 0.5178707273499171
163 0.5173587208380657
164 0.5192674659742432
165 0.5187216351300761
166 0.5178324073034141
167 0.5177234778796915
168 0.5171232800401092
169 0.518294549737085
170 0.5177679658611078
171 0.517638150533189
172 0.5161860183524373
173 0.5169579113068643
174 0.5177491508101807
175 0.5186092402924735
176 0.516997258358327
177 0.5171252910478648
178 0.5177233707546358
179 0.5179851260285193
180 0.5175952805443802
181 0.5164951853471765
182 0.5150056885233159
183 0.5169756705348408
184 0.5162152377504454
185 0.5159183400043543
186 0.5159088129716354
187 0.5161502410735359
188 0.5152818638736351
189 0.5169810586056427
190 0.5159385231881933
191 0.5148983556375338
192 0.5158864647320482
193 0.5168839118447781
194 0.5157721473174335
195 0.5156666193241988
196 0.5157093746957362
197 0.5153830130578052
198 0.5143592245033096
199 0.5154206333242521
200 0.5156275987359749
201 0.5152802665831455
202 0.5152871452163043
203 0.5159940101394627
204 0.5145961380997295
205 0.5158918918918919
206 0.5147795663128761
207 0.5137991702116486
208 0.5154271013003616
209 0.5147823416669314
210 0.5169844052879746
211 0.5150832338199121
212 0.514271384400319
213 0.515050373114354
214 0.5142254580624362
215 0.5140167963616896
216 0.5145487089090302
217 0.514817950889077
218 0.5139431997354823
219 0.5152227066114572
220 0.5132005138565594
221 0.5139364937437562
222 0.5115166101488134
223 0.5138926913213282
224 0.5153956028567428
225 0.5134770020712289
226 0.5117664682506035
227 0.5159689314651302
228 0.5140323955669224
229 0.5129481787522041
230 0.5141279049770124
231 0.5145847237244839
232 0.5128442930094442
233 0.5142508425280458
234 0.5129115361989574
235 0.5130439348547124
236 0.513187354206473
237 0.5138284393660327
238 0.51396248831068
239 0.5142354003079519
240 0.5131715565575959
241 0.5118814390720281
242 0.5132312708073008
243 0.513994497812655
244 0.5125346172642858
245 0.5126156663473083
246 0.5127502672757314
247 0.5132322322200441
248 0.5130903952905704
249 0.5130168734415396
250 0.5129816270877267
251 0.5117628795307759
252 0.5123388866565697
253 0.5112450622344786
254 0.512649854280169
255 0.5138605248635149
256 0.5116531605043826
257 0.5112265121296505
258 0.5108322537328959
259 0.5123145700808114
260 0.5111743013284756
261 0.512456604134153
262 0.5107182983504418
263 0.5130181519580955
264 0.5115313089193902
265 0.5108749995968042
266 0.511254974931514
267 0.5110942475953275
268 0.5117244072705971
269 0.5124890311173744
270 0.5123649861663128
271 0.5130487371977754
272 0.5098456871537853
273 0.5113323708534542
274 0.5109220426071435
275 0.5122735448087377
276 0.510679631195394
277 0.5096151573374034
278 0.5117335197844046
279 0.5135122261575468
280 0.511836179794375
281 0.51052084221294
282 0.5121378283700826
283 0.509818612257186
284 0.5114978354381989
285 0.5111562851235656
286 0.5114214522853344
287 0.5120872054213309
288 0.5131503846544413
289 0.5117265337998032
290 0.5107002659237685
291 0.5112225700903241
292 0.5112628227803325
293 0.5110517885744794
294 0.5108495704820245
295 0.511022280331365
296 0.5107911601574848
297 0.509594621388273
298 0.5111697271707086
299 0.5119391216915142
300 0.5106163154479444
301 0.510864937059425
302 0.509864387481023
303 0.5095328779512217
304 0.5109422761706464
305 0.5112753913245769
306 0.5111424009933921
307 0.510546676508006
308 0.5117712941911909
309 0.5093852073918296
310 0.5105673804069482
311 0.5096187846550855
312 0.5121306006619093
313 0.5094244718589506
314 0.5085310234569917
315 0.5103083929137194
316 0.5119021620441144
317 0.5117461484272107
318 0.5100898833428954
319 0.508578388991996
320 0.512018934729064
321 0.5078850865163865
322 0.512494215640907
323 0.5083359061438716
324 0.5079442926426742
325 0.5086172861705164
326 0.5097287283625765
327 0.511107862620452
328 0.5125971895847462
329 0.5105807697613464
330 0.5101819501076558
331 0.5102638947276578
332 0.5098776596380382
333 0.5101466626758455
334 0.5092712979817174
335 0.5108501741880911
336 0.5090528296122399
337 0.5087450782433115
338 0.509443321772295
339 0.5089659624365191
340 0.5100331365891022
341 0.5096640428766355
342 0.50846396533687
343 0.5095005002439206
344 0.5105278015326752
345 0.5102575331039516
346 0.510726444377691
347 0.5076035526475424
348 0.5107178726462073
349 0.5083258306898786
350 0.5085720564061172
351 0.509953292992255
352 0.5093993113123326
353 0.5096815367923926
354 0.508882665395485
355 0.509253056260801
356 0.5083889086903683
357 0.509830066713271
358 0.5105374509322337
359 0.5095757847572309
360 0.5082818025993187
361 0.5094621622446001
362 0.5109034131471644
363 0.5093026707526825
364 0.5090655753507488
365 0.5091616647978365
366 0.5092274630569156
367 0.5099374473182201
368 0.5091864682146868
369 0.510799457693419
370 0.5095484220771429
371 0.510916952544311
372 0.5068914424355284
373 0.5094726201113788
374 0.5096504531831149
375 0.5092941840767927
376 0.5083983257824062
377 0.5114804325788811
378 0.5094210533517604
379 0.5088924243605203
380 0.5109012560740809
381 0.5092135736582418
382 0.5106381028334662
383 0.50805308476038
384 0.5079535554766832
385 0.5078870641023858
386 0.5088199301106039
387 0.5079712949449073
388 0.5085760207824247
389 0.5074012038978892
390 0.5072095276353411
391 0.5093697005970957
392 0.5079386213094564
393 0.5082745361823117
394 0.5074735134103274
395 0.508764867688356
396 0.509073060876846
397 0.5090736767153867
398 0.508144748489397
399 0.5081267531259538
400 0.5086236675278171
401 0.5085312585312586
402 0.5056211740700047
403 0.5099480819861716
404 0.5064355704367521
405 0.5074743594820418
406 0.5090980559964573
407 0.5104306429331028
408 0.5092438890237799
409 0.5089769630914045
410 0.5062880405301164
411 0.5075998480030399
412 0.5070436632053047
413 0.5084311034075083
414 0.5089730632111951
415 0.5066670036393045
416 0.5080891068045749
417 0.5075645690910844
418 0.5075529163286858
419 0.5071866061514688
420 0.5081043998238842
421 0.5077989690193385
422 0.5077264397636255
423 0.5075526198635455
424 0.5080593767000855
425 0.506432876370109
426 0.5100737075194145
427 0.5062018067930457
428 0.5062295252456971
429 0.5080847686821592
430 0.5061414499378778
431 0.5069613681154507
432 0.5087836689608293
433 0.5070076393664603
434 0.5097112496866049
435 0.506845072829012
436 0.5076114980155546
437 0.5092696479136614
438 0.5075821805342405
439 0.5078763095713346
440 0.5073985397051369
441 0.5076799100044349
442 0.5067064486958028
443 0.5074770052954216
444 0.5047340952920539
445 0.5062733670552012
446 0.5091017786723854
447 0.507857275925175
448 0.5073615535340931
449 0.506494502965001
450 0.5075127042988601
451 0.5080566473542334
452 0.5080571131534999
453 0.5056019533309286
454 0.5093358623190427
455 0.5082125227042266
456 0.5068698713049687
457 0.5054203279130054
458 0.5078730190876412
459 0.5085943005327396
460 0.5067948536688817
461 0.5079938639850009
462 0.5068121595341802
463 0.5076188570285028
464 0.507761619617907
465 0.5070980389921982
466 0.5070915263584194
467 0.5078917603017759
468 0.5056899496791468
469 0.5057919546175799
470 0.5069320802078164
471 0.5071791628604221
472 0.5050898256171303
473 0.5059360945077915
474 0.5058971156565181
475 0.5057977517475911
476 0.5077677358379112
477 0.5058959893079753
478 0.5076898477427914
479 0.5049957773786442
480 0.5057195681994394
481 0.507506320165822
482 0.5068641963518289
483 0.5059843541584051
484 0.5063602442333786
485 0.5085405654151
486 0.5063395127726534
487 0.5042695591968613
488 0.5067043480388559
489 0.5079613454521005
490 0.5058421604646741
491 0.506931656515018
492 0.5070994290798547
493 0.5055253572775789
494 0.5078555447440672
495 0.508780056948382
496 0.5063391148694525
497 0.5042602537548525
498 0.5075616907677977
