-5412 1
-5411 0
-5410 1
-5409 1
-5408 2
-5407 1
-5406 0
-5405 0
-5404 0
-5403 0
-5402 0
-5401 0
-5400 0
-5399 1
-5398 1
-5397 1
-5396 0
-5395 0
-5394 1
-5393 0
-5392 0
-5391 0
-5390 1
-5389 0
-5388 0
-5387 0
-5386 0
-5385 0
-5384 0
-5383 0
-5382 1
-5381 0
-5380 0
-5379 0
-5378 0
-5377 0
-5376 0
-5375 0
-5374 0
-5373 0
-5372 0
-5371 0
-5370 0
-5369 0
-5368 1
-5367 0
-5366 1
-5365 0
-5364 0
-5363 0
-5362 0
-5361 0
-5360 0
-5359 0
-5358 0
-5357 0
-5356 0
-5355 0
-5354 1
-5353 0
-5352 1
-5351 0
-5350 0
-5349 0
-5348 1
-5347 1
-5346 1
-5345 1
-5344 0
-5343 1
-5342 0
-5341 1
-5340 0
-5339 0
-5338 0
-5337 1
-5336 0
-5335 1
-5334 0
-5333 0
-5332 0
-5331 0
-5330 0
-5329 2
-5328 1
-5327 1
-5326 2
-5325 0
-5324 2
-5323 0
-5322 1
-5321 0
-5320 0
-5319 1
-5318 0
-5317 1
-5316 1
-5315 1
-5314 0
-5313 2
-5312 1
-5311 2
-5310 1
-5309 0
-5308 0
-5307 2
-5306 4
-5305 0
-5304 4
-5303 1
-5302 2
-5301 0
-5300 2
-5299 5
-5298 4
-5297 4
-5296 3
-5295 1
-5294 3
-5293 1
-5292 5
-5291 0
-5290 1
-5289 0
-5288 1
-5287 1
-5286 0
-5285 1
-5284 0
-5283 2
-5282 0
-5281 1
-5280 1
-5279 1
-5278 1
-5277 1
-5276 1
-5275 0
-5274 2
-5273 1
-5272 0
-5271 0
-5270 0
-5269 0
-5268 0
-5267 2
-5266 1
-5265 0
-5264 3
-5263 1
-5262 3
-5261 5
-5260 2
-5259 3
-5258 0
-5257 1
-5256 3
-5255 1
-5254 4
-5253 1
-5252 1
-5251 1
-5250 2
-5249 0
-5248 4
-5247 4
-5246 3
-5245 3
-5244 1
-5243 1
-5242 3
-5241 6
-5240 3
-5239 3
-5238 8
-5237 5
-5236 1
-5235 1
-5234 3
-5233 5
-5232 4
-5231 3
-5230 4
-5229 2
-5228 1
-5227 0
-5226 1
-5225 1
-5224 5
-5223 3
-5222 2
-5221 2
-5220 1
-5219 5
-5218 2
-5217 2
-5216 0
-5215 3
-5214 1
-5213 3
-5212 6
-5211 2
-5210 3
-5209 3
-5208 2
-5207 5
-5206 3
-5205 7
-5204 4
-5203 2
-5202 7
-5201 2
-5200 2
-5199 1
-5198 2
-5197 3
-5196 2
-5195 1
-5194 2
-5193 4
-5192 3
-5191 4
-5190 4
-5189 1
-5188 2
-5187 5
-5186 0
-5185 3
-5184 3
-5183 2
-5182 1
-5181 4
-5180 4
-5179 2
-5178 5
-5177 4
-5176 2
-5175 5
-5174 2
-5173 4
-5172 2
-5171 4
-5170 4
-5169 3
-5168 6
-5167 5
-5166 7
-5165 5
-5164 5
-5163 2
-5162 5
-5161 5
-5160 2
-5159 6
-5158 3
-5157 5
-5156 6
-5155 11
-5154 5
-5153 7
-5152 7
-5151 7
-5150 1
-5149 4
-5148 15
-5147 7
-5146 6
-5145 7
-5144 8
-5143 4
-5142 9
-5141 8
-5140 11
-5139 6
-5138 8
-5137 5
-5136 6
-5135 2
-5134 4
-5133 6
-5132 7
-5131 5
-5130 4
-5129 8
-5128 8
-5127 6
-5126 6
-5125 7
-5124 6
-5123 5
-5122 5
-5121 7
-5120 4
-5119 8
-5118 8
-5117 10
-5116 11
-5115 10
-5114 12
-5113 7
-5112 9
-5111 9
-5110 4
-5109 9
-5108 9
-5107 10
-5106 7
-5105 7
-5104 9
-5103 9
-5102 9
-5101 8
-5100 10
-5099 7
-5098 7
-5097 16
-5096 9
-5095 9
-5094 13
-5093 14
-5092 18
-5091 8
-5090 15
-5089 11
-5088 13
-5087 17
-5086 11
-5085 13
-5084 10
-5083 14
-5082 15
-5081 17
-5080 11
-5079 18
-5078 13
-5077 19
-5076 20
-5075 13
-5074 7
-5073 9
-5072 15
-5071 17
-5070 19
-5069 12
-5068 16
-5067 23
-5066 13
-5065 22
-5064 8
-5063 18
-5062 8
-5061 18
-5060 13
-5059 15
-5058 14
-5057 10
-5056 13
-5055 14
-5054 23
-5053 19
-5052 14
-5051 14
-5050 22
-5049 9
-5048 14
-5047 16
-5046 21
-5045 19
-5044 21
-5043 23
-5042 17
-5041 13
-5040 16
-5039 20
-5038 24
-5037 20
-5036 21
-5035 17
-5034 20
-5033 19
-5032 34
-5031 24
-5030 22
-5029 25
-5028 25
-5027 29
-5026 26
-5025 30
-5024 33
-5023 27
-5022 19
-5021 22
-5020 26
-5019 26
-5018 25
-5017 35
-5016 22
-5015 28
-5014 30
-5013 21
-5012 28
-5011 30
-5010 24
-5009 28
-5008 29
-5007 19
-5006 34
-5005 30
-5004 24
-5003 27
-5002 27
-5001 40
-5000 29
-4999 24
-4998 31
-4997 35
-4996 33
-4995 37
-4994 22
-4993 28
-4992 36
-4991 31
-4990 34
-4989 27
-4988 30
-4987 39
-4986 28
-4985 33
-4984 32
-4983 36
-4982 24
-4981 42
-4980 27
-4979 35
-4978 31
-4977 30
-4976 36
-4975 49
-4974 33
-4973 39
-4972 53
-4971 51
-4970 41
-4969 48
-4968 43
-4967 52
-4966 44
-4965 54
-4964 42
-4963 41
-4962 33
-4961 37
-4960 32
-4959 39
-4958 46
-4957 32
-4956 32
-4955 35
-4954 54
-4953 47
-4952 46
-4951 38
-4950 43
-4949 40
-4948 42
-4947 52
-4946 39
-4945 55
-4944 42
-4943 40
-4942 45
-4941 44
-4940 26
-4939 50
-4938 32
-4937 35
-4936 41
-4935 41
-4934 54
-4933 34
-4932 48
-4931 50
-4930 37
-4929 40
-4928 44
-4927 43
-4926 48
-4925 43
-4924 54
-4923 51
-4922 54
-4921 41
-4920 67
-4919 46
-4918 37
-4917 54
-4916 47
-4915 65
-4914 63
-4913 53
-4912 50
-4911 62
-4910 52
-4909 59
-4908 66
-4907 63
-4906 51
-4905 56
-4904 55
-4903 58
-4902 61
-4901 74
-4900 63
-4899 44
-4898 67
-4897 65
-4896 65
-4895 49
-4894 65
-4893 67
-4892 71
-4891 53
-4890 59
-4889 62
-4888 76
-4887 61
-4886 57
-4885 63
-4884 63
-4883 54
-4882 75
-4881 62
-4880 59
-4879 62
-4878 71
-4877 78
-4876 72
-4875 71
-4874 80
-4873 73
-4872 71
-4871 76
-4870 74
-4869 58
-4868 79
-4867 82
-4866 84
-4865 81
-4864 63
-4863 60
-4862 74
-4861 74
-4860 75
-4859 73
-4858 68
-4857 77
-4856 57
-4855 74
-4854 75
-4853 78
-4852 81
-4851 82
-4850 80
-4849 94
-4848 75
-4847 92
-4846 76
-4845 69
-4844 78
-4843 68
-4842 78
-4841 84
-4840 91
-4839 68
-4838 73
-4837 90
-4836 94
-4835 85
-4834 78
-4833 88
-4832 87
-4831 92
-4830 95
-4829 80
-4828 99
-4827 92
-4826 81
-4825 86
-4824 89
-4823 97
-4822 74
-4821 76
-4820 87
-4819 106
-4818 111
-4817 87
-4816 103
-4815 99
-4814 93
-4813 96
-4812 103
-4811 98
-4810 116
-4809 101
-4808 102
-4807 116
-4806 109
-4805 103
-4804 102
-4803 110
-4802 113
-4801 92
-4800 97
-4799 105
-4798 109
-4797 98
-4796 88
-4795 89
-4794 76
-4793 110
-4792 106
-4791 96
-4790 111
-4789 86
-4788 102
-4787 98
-4786 85
-4785 98
-4784 109
-4783 113
-4782 99
-4781 113
-4780 105
-4779 106
-4778 112
-4777 121
-4776 103
-4775 121
-4774 120
-4773 112
-4772 106
-4771 109
-4770 82
-4769 100
-4768 113
-4767 117
-4766 119
-4765 103
-4764 113
-4763 97
-4762 120
-4761 125
-4760 108
-4759 119
-4758 117
-4757 113
-4756 106
-4755 119
-4754 117
-4753 106
-4752 108
-4751 116
-4750 118
-4749 105
-4748 117
-4747 131
-4746 133
-4745 129
-4744 125
-4743 122
-4742 125
-4741 137
-4740 131
-4739 116
-4738 124
-4737 135
-4736 110
-4735 111
-4734 133
-4733 138
-4732 111
-4731 126
-4730 121
-4729 131
-4728 100
-4727 95
-4726 119
-4725 117
-4724 115
-4723 131
-4722 131
-4721 132
-4720 145
-4719 126
-4718 125
-4717 134
-4716 109
-4715 130
-4714 130
-4713 139
-4712 132
-4711 154
-4710 126
-4709 119
-4708 125
-4707 148
-4706 144
-4705 127
-4704 149
-4703 179
-4702 132
-4701 140
-4700 158
-4699 162
-4698 171
-4697 148
-4696 144
-4695 144
-4694 188
-4693 162
-4692 153
-4691 163
-4690 170
-4689 144
-4688 161
-4687 173
-4686 153
-4685 170
-4684 173
-4683 138
-4682 153
-4681 172
-4680 148
-4679 135
-4678 170
-4677 179
-4676 144
-4675 159
-4674 159
-4673 181
-4672 168
-4671 177
-4670 175
-4669 156
-4668 151
-4667 179
-4666 171
-4665 170
-4664 165
-4663 176
-4662 185
-4661 184
-4660 172
-4659 189
-4658 187
-4657 193
-4656 172
-4655 213
-4654 207
-4653 187
-4652 192
-4651 186
-4650 175
-4649 191
-4648 186
-4647 190
-4646 178
-4645 169
-4644 165
-4643 203
-4642 157
-4641 177
-4640 178
-4639 175
-4638 187
-4637 173
-4636 174
-4635 215
-4634 175
-4633 164
-4632 165
-4631 158
-4630 188
-4629 188
-4628 189
-4627 193
-4626 196
-4625 178
-4624 176
-4623 166
-4622 176
-4621 172
-4620 163
-4619 163
-4618 180
-4617 180
-4616 183
-4615 151
-4614 177
-4613 201
-4612 166
-4611 171
-4610 181
-4609 170
-4608 197
-4607 170
-4606 197
-4605 173
-4604 177
-4603 207
-4602 181
-4601 214
-4600 184
-4599 215
-4598 210
-4597 212
-4596 206
-4595 213
-4594 198
-4593 197
-4592 220
-4591 205
-4590 202
-4589 213
-4588 206
-4587 224
-4586 189
-4585 211
-4584 203
-4583 185
-4582 199
-4581 222
-4580 210
-4579 199
-4578 236
-4577 219
-4576 205
-4575 217
-4574 211
-4573 243
-4572 214
-4571 222
-4570 210
-4569 232
-4568 208
-4567 213
-4566 220
-4565 239
-4564 232
-4563 221
-4562 258
-4561 248
-4560 217
-4559 237
-4558 211
-4557 220
-4556 232
-4555 237
-4554 209
-4553 227
-4552 237
-4551 228
-4550 220
-4549 256
-4548 214
-4547 200
-4546 222
-4545 233
-4544 199
-4543 249
-4542 229
-4541 267
-4540 243
-4539 222
-4538 234
-4537 218
-4536 220
-4535 234
-4534 240
-4533 258
-4532 246
-4531 247
-4530 228
-4529 275
-4528 229
-4527 241
-4526 219
-4525 256
-4524 228
-4523 247
-4522 241
-4521 236
-4520 251
-4519 265
-4518 262
-4517 248
-4516 235
-4515 250
-4514 280
-4513 262
-4512 225
-4511 263
-4510 259
-4509 242
-4508 243
-4507 239
-4506 253
-4505 268
-4504 278
-4503 256
-4502 259
-4501 253
-4500 291
-4499 260
-4498 263
-4497 252
-4496 272
-4495 274
-4494 305
-4493 272
-4492 284
-4491 282
-4490 267
-4489 259
-4488 279
-4487 256
-4486 281
-4485 301
-4484 288
-4483 295
-4482 267
-4481 272
-4480 280
-4479 246
-4478 305
-4477 267
-4476 298
-4475 255
-4474 241
-4473 297
-4472 273
-4471 284
-4470 293
-4469 270
-4468 292
-4467 263
-4466 269
-4465 310
-4464 272
-4463 277
-4462 285
-4461 306
-4460 261
-4459 283
-4458 269
-4457 294
-4456 288
-4455 292
-4454 297
-4453 249
-4452 274
-4451 279
-4450 309
-4449 308
-4448 287
-4447 314
-4446 307
-4445 311
-4444 283
-4443 266
-4442 294
-4441 278
-4440 286
-4439 295
-4438 312
-4437 313
-4436 284
-4435 298
-4434 297
-4433 322
-4432 293
-4431 309
-4430 299
-4429 315
-4428 316
-4427 280
-4426 276
-4425 261
-4424 281
-4423 297
-4422 303
-4421 316
-4420 289
-4419 286
-4418 307
-4417 321
-4416 305
-4415 308
-4414 320
-4413 325
-4412 317
-4411 305
-4410 320
-4409 295
-4408 296
-4407 287
-4406 275
-4405 282
-4404 315
-4403 300
-4402 298
-4401 298
-4400 299
-4399 300
-4398 296
-4397 318
-4396 292
-4395 336
-4394 302
-4393 340
-4392 324
-4391 353
-4390 311
-4389 315
-4388 308
-4387 320
-4386 286
-4385 298
-4384 321
-4383 312
-4382 317
-4381 320
-4380 323
-4379 299
-4378 303
-4377 327
-4376 329
-4375 373
-4374 345
-4373 354
-4372 337
-4371 299
-4370 328
-4369 344
-4368 339
-4367 327
-4366 311
-4365 383
-4364 338
-4363 312
-4362 359
-4361 337
-4360 351
-4359 346
-4358 305
-4357 350
-4356 349
-4355 356
-4354 384
-4353 366
-4352 354
-4351 368
-4350 322
-4349 373
-4348 340
-4347 345
-4346 361
-4345 346
-4344 358
-4343 380
-4342 349
-4341 367
-4340 346
-4339 346
-4338 368
-4337 335
-4336 336
-4335 350
-4334 351
-4333 324
-4332 347
-4331 341
-4330 335
-4329 317
-4328 355
-4327 404
-4326 362
-4325 370
-4324 371
-4323 334
-4322 367
-4321 341
-4320 332
-4319 362
-4318 336
-4317 360
-4316 340
-4315 348
-4314 352
-4313 352
-4312 341
-4311 371
-4310 372
-4309 368
-4308 356
-4307 364
-4306 366
-4305 370
-4304 362
-4303 350
-4302 382
-4301 364
-4300 391
-4299 353
-4298 355
-4297 391
-4296 422
-4295 379
-4294 400
-4293 362
-4292 376
-4291 404
-4290 366
-4289 390
-4288 389
-4287 369
-4286 341
-4285 381
-4284 384
-4283 375
-4282 380
-4281 367
-4280 371
-4279 394
-4278 377
-4277 382
-4276 387
-4275 388
-4274 430
-4273 373
-4272 367
-4271 395
-4270 382
-4269 374
-4268 404
-4267 384
-4266 410
-4265 387
-4264 399
-4263 411
-4262 381
-4261 374
-4260 396
-4259 382
-4258 388
-4257 370
-4256 394
-4255 377
-4254 363
-4253 360
-4252 411
-4251 399
-4250 413
-4249 412
-4248 406
-4247 406
-4246 400
-4245 403
-4244 375
-4243 403
-4242 378
-4241 387
-4240 380
-4239 409
-4238 365
-4237 414
-4236 401
-4235 367
-4234 388
-4233 415
-4232 413
-4231 414
-4230 418
-4229 403
-4228 406
-4227 440
-4226 393
-4225 387
-4224 392
-4223 400
-4222 399
-4221 432
-4220 418
-4219 445
-4218 418
-4217 401
-4216 408
-4215 414
-4214 439
-4213 416
-4212 411
-4211 451
-4210 427
-4209 408
-4208 395
-4207 402
-4206 456
-4205 428
-4204 451
-4203 387
-4202 425
-4201 421
-4200 426
-4199 421
-4198 431
-4197 403
-4196 406
-4195 411
-4194 461
-4193 426
-4192 389
-4191 426
-4190 418
-4189 440
-4188 433
-4187 422
-4186 474
-4185 417
-4184 443
-4183 437
-4182 468
-4181 435
-4180 471
-4179 436
-4178 437
-4177 429
-4176 476
-4175 445
-4174 443
-4173 464
-4172 464
-4171 449
-4170 453
-4169 462
-4168 429
-4167 464
-4166 453
-4165 472
-4164 469
-4163 487
-4162 403
-4161 491
-4160 444
-4159 476
-4158 438
-4157 468
-4156 451
-4155 415
-4154 459
-4153 457
-4152 424
-4151 433
-4150 435
-4149 406
-4148 488
-4147 425
-4146 420
-4145 421
-4144 471
-4143 461
-4142 440
-4141 402
-4140 474
-4139 410
-4138 452
-4137 465
-4136 435
-4135 497
-4134 483
-4133 462
-4132 512
-4131 438
-4130 452
-4129 484
-4128 440
-4127 456
-4126 497
-4125 447
-4124 478
-4123 459
-4122 476
-4121 451
-4120 470
-4119 449
-4118 472
-4117 449
-4116 484
-4115 451
-4114 472
-4113 493
-4112 525
-4111 468
-4110 516
-4109 446
-4108 491
-4107 501
-4106 490
-4105 469
-4104 429
-4103 480
-4102 430
-4101 469
-4100 477
-4099 474
-4098 475
-4097 522
-4096 455
-4095 451
-4094 466
-4093 466
-4092 485
-4091 484
-4090 498
-4089 443
-4088 472
-4087 480
-4086 475
-4085 457
-4084 471
-4083 468
-4082 479
-4081 468
-4080 469
-4079 485
-4078 494
-4077 528
-4076 523
-4075 505
-4074 512
-4073 478
-4072 506
-4071 479
-4070 451
-4069 515
-4068 446
-4067 494
-4066 472
-4065 474
-4064 472
-4063 501
-4062 459
-4061 476
-4060 511
-4059 494
-4058 474
-4057 447
-4056 507
-4055 482
-4054 467
-4053 497
-4052 480
-4051 450
-4050 444
-4049 458
-4048 501
-4047 491
-4046 519
-4045 508
-4044 460
-4043 492
-4042 542
-4041 459
-4040 466
-4039 503
-4038 478
-4037 488
-4036 460
-4035 496
-4034 495
-4033 471
-4032 520
-4031 487
-4030 518
-4029 481
-4028 541
-4027 497
-4026 522
-4025 515
-4024 512
-4023 522
-4022 495
-4021 504
-4020 527
-4019 528
-4018 505
-4017 458
-4016 504
-4015 508
-4014 507
-4013 517
-4012 513
-4011 502
-4010 493
-4009 521
-4008 486
-4007 475
-4006 512
-4005 521
-4004 474
-4003 504
-4002 488
-4001 512
-4000 478
-3999 525
-3998 514
-3997 527
-3996 514
-3995 536
-3994 536
-3993 502
-3992 510
-3991 482
-3990 518
-3989 512
-3988 515
-3987 464
-3986 487
-3985 498
-3984 522
-3983 476
-3982 510
-3981 505
-3980 510
-3979 512
-3978 515
-3977 488
-3976 535
-3975 537
-3974 481
-3973 473
-3972 532
-3971 514
-3970 467
-3969 473
-3968 524
-3967 497
-3966 505
-3965 491
-3964 515
-3963 535
-3962 505
-3961 503
-3960 474
-3959 509
-3958 510
-3957 483
-3956 487
-3955 458
-3954 478
-3953 480
-3952 499
-3951 531
-3950 506
-3949 524
-3948 518
-3947 525
-3946 518
-3945 493
-3944 524
-3943 562
-3942 539
-3941 534
-3940 535
-3939 465
-3938 510
-3937 542
-3936 496
-3935 562
-3934 510
-3933 523
-3932 539
-3931 541
-3930 552
-3929 499
-3928 530
-3927 542
-3926 527
-3925 549
-3924 557
-3923 506
-3922 543
-3921 544
-3920 542
-3919 533
-3918 554
-3917 548
-3916 540
-3915 506
-3914 536
-3913 525
-3912 503
-3911 526
-3910 466
-3909 522
-3908 481
-3907 504
-3906 500
-3905 489
-3904 502
-3903 509
-3902 496
-3901 524
-3900 505
-3899 468
-3898 502
-3897 521
-3896 530
-3895 473
-3894 490
-3893 518
-3892 513
-3891 537
-3890 490
-3889 513
-3888 548
-3887 524
-3886 520
-3885 528
-3884 526
-3883 560
-3882 527
-3881 497
-3880 469
-3879 466
-3878 527
-3877 525
-3876 525
-3875 519
-3874 531
-3873 539
-3872 521
-3871 545
-3870 518
-3869 510
-3868 541
-3867 536
-3866 519
-3865 534
-3864 538
-3863 564
-3862 548
-3861 512
-3860 590
-3859 518
-3858 529
-3857 533
-3856 510
-3855 509
-3854 518
-3853 557
-3852 551
-3851 557
-3850 537
-3849 569
-3848 522
-3847 541
-3846 508
-3845 540
-3844 540
-3843 543
-3842 542
-3841 526
-3840 495
-3839 537
-3838 537
-3837 519
-3836 529
-3835 513
-3834 535
-3833 546
-3832 531
-3831 525
-3830 520
-3829 513
-3828 492
-3827 528
-3826 497
-3825 548
-3824 558
-3823 542
-3822 554
-3821 520
-3820 566
-3819 523
-3818 552
-3817 537
-3816 501
-3815 581
-3814 518
-3813 496
-3812 598
-3811 565
-3810 556
-3809 512
-3808 528
-3807 562
-3806 530
-3805 501
-3804 549
-3803 569
-3802 553
-3801 537
-3800 521
-3799 526
-3798 571
-3797 580
-3796 556
-3795 519
-3794 541
-3793 566
-3792 516
-3791 536
-3790 551
-3789 544
-3788 564
-3787 539
-3786 571
-3785 558
-3784 598
-3783 553
-3782 580
-3781 548
-3780 556
-3779 534
-3778 521
-3777 527
-3776 537
-3775 550
-3774 540
-3773 564
-3772 549
-3771 519
-3770 556
-3769 569
-3768 543
-3767 568
-3766 528
-3765 556
-3764 535
-3763 538
-3762 527
-3761 525
-3760 582
-3759 572
-3758 500
-3757 578
-3756 587
-3755 508
-3754 571
-3753 547
-3752 587
-3751 614
-3750 568
-3749 562
-3748 567
-3747 598
-3746 584
-3745 561
-3744 553
-3743 574
-3742 556
-3741 568
-3740 547
-3739 556
-3738 571
-3737 570
-3736 556
-3735 553
-3734 565
-3733 578
-3732 543
-3731 595
-3730 559
-3729 604
-3728 511
-3727 543
-3726 574
-3725 560
-3724 546
-3723 571
-3722 541
-3721 610
-3720 515
-3719 550
-3718 559
-3717 541
-3716 534
-3715 556
-3714 545
-3713 539
-3712 591
-3711 622
-3710 583
-3709 587
-3708 602
-3707 550
-3706 554
-3705 573
-3704 574
-3703 569
-3702 569
-3701 621
-3700 561
-3699 529
-3698 599
-3697 564
-3696 578
-3695 596
-3694 571
-3693 527
-3692 587
-3691 584
-3690 564
-3689 567
-3688 593
-3687 577
-3686 572
-3685 591
-3684 574
-3683 583
-3682 565
-3681 551
-3680 550
-3679 609
-3678 563
-3677 587
-3676 556
-3675 555
-3674 557
-3673 595
-3672 575
-3671 584
-3670 591
-3669 583
-3668 543
-3667 573
-3666 539
-3665 570
-3664 579
-3663 563
-3662 529
-3661 518
-3660 555
-3659 554
-3658 595
-3657 548
-3656 558
-3655 564
-3654 568
-3653 562
-3652 588
-3651 546
-3650 589
-3649 566
-3648 548
-3647 565
-3646 595
-3645 589
-3644 564
-3643 586
-3642 589
-3641 589
-3640 575
-3639 559
-3638 569
-3637 592
-3636 620
-3635 601
-3634 556
-3633 592
-3632 543
-3631 562
-3630 560
-3629 612
-3628 580
-3627 603
-3626 581
-3625 568
-3624 539
-3623 558
-3622 593
-3621 593
-3620 603
-3619 540
-3618 569
-3617 533
-3616 599
-3615 547
-3614 536
-3613 568
-3612 590
-3611 568
-3610 589
-3609 554
-3608 565
-3607 547
-3606 540
-3605 600
-3604 561
-3603 510
-3602 575
-3601 544
-3600 541
-3599 555
-3598 551
-3597 596
-3596 560
-3595 593
-3594 588
-3593 596
-3592 570
-3591 571
-3590 582
-3589 571
-3588 571
-3587 574
-3586 580
-3585 584
-3584 511
-3583 580
-3582 578
-3581 553
-3580 567
-3579 622
-3578 561
-3577 570
-3576 586
-3575 565
-3574 597
-3573 571
-3572 592
-3571 555
-3570 557
-3569 637
-3568 523
-3567 623
-3566 575
-3565 550
-3564 578
-3563 575
-3562 541
-3561 595
-3560 597
-3559 598
-3558 587
-3557 520
-3556 588
-3555 546
-3554 578
-3553 552
-3552 567
-3551 589
-3550 576
-3549 551
-3548 602
-3547 601
-3546 622
-3545 523
-3544 540
-3543 535
-3542 556
-3541 592
-3540 572
-3539 599
-3538 625
-3537 607
-3536 573
-3535 562
-3534 559
-3533 570
-3532 605
-3531 578
-3530 596
-3529 564
-3528 562
-3527 548
-3526 560
-3525 587
-3524 552
-3523 604
-3522 599
-3521 529
-3520 576
-3519 631
-3518 581
-3517 587
-3516 528
-3515 566
-3514 570
-3513 540
-3512 566
-3511 613
-3510 630
-3509 558
-3508 569
-3507 565
-3506 539
-3505 656
-3504 552
-3503 618
-3502 557
-3501 593
-3500 569
-3499 613
-3498 627
-3497 608
-3496 597
-3495 561
-3494 572
-3493 544
-3492 573
-3491 593
-3490 555
-3489 596
-3488 591
-3487 583
-3486 547
-3485 560
-3484 572
-3483 575
-3482 557
-3481 586
-3480 593
-3479 572
-3478 584
-3477 569
-3476 558
-3475 555
-3474 550
-3473 580
-3472 599
-3471 552
-3470 635
-3469 575
-3468 587
-3467 601
-3466 622
-3465 603
-3464 563
-3463 596
-3462 546
-3461 576
-3460 556
-3459 575
-3458 589
-3457 571
-3456 578
-3455 581
-3454 612
-3453 617
-3452 623
-3451 598
-3450 590
-3449 544
-3448 608
-3447 576
-3446 584
-3445 564
-3444 583
-3443 555
-3442 595
-3441 597
-3440 614
-3439 615
-3438 558
-3437 591
-3436 580
-3435 594
-3434 574
-3433 590
-3432 592
-3431 525
-3430 567
-3429 552
-3428 583
-3427 577
-3426 553
-3425 573
-3424 583
-3423 617
-3422 602
-3421 572
-3420 585
-3419 605
-3418 587
-3417 630
-3416 583
-3415 587
-3414 635
-3413 609
-3412 569
-3411 573
-3410 594
-3409 579
-3408 588
-3407 554
-3406 555
-3405 559
-3404 575
-3403 577
-3402 547
-3401 561
-3400 572
-3399 602
-3398 586
-3397 563
-3396 612
-3395 578
-3394 579
-3393 592
-3392 587
-3391 566
-3390 594
-3389 599
-3388 580
-3387 547
-3386 589
-3385 579
-3384 578
-3383 552
-3382 589
-3381 605
-3380 570
-3379 608
-3378 585
-3377 562
-3376 611
-3375 541
-3374 568
-3373 607
-3372 601
-3371 593
-3370 575
-3369 575
-3368 604
-3367 607
-3366 538
-3365 553
-3364 510
-3363 609
-3362 564
-3361 590
-3360 595
-3359 586
-3358 572
-3357 572
-3356 587
-3355 584
-3354 589
-3353 603
-3352 559
-3351 581
-3350 539
-3349 589
-3348 552
-3347 569
-3346 576
-3345 623
-3344 527
-3343 544
-3342 540
-3341 551
-3340 620
-3339 582
-3338 579
-3337 575
-3336 558
-3335 530
-3334 544
-3333 588
-3332 577
-3331 582
-3330 586
-3329 574
-3328 566
-3327 603
-3326 575
-3325 550
-3324 571
-3323 558
-3322 575
-3321 603
-3320 541
-3319 543
-3318 520
-3317 579
-3316 577
-3315 551
-3314 539
-3313 559
-3312 538
-3311 518
-3310 566
-3309 583
-3308 527
-3307 557
-3306 570
-3305 578
-3304 543
-3303 549
-3302 557
-3301 585
-3300 560
-3299 559
-3298 539
-3297 586
-3296 531
-3295 576
-3294 572
-3293 558
-3292 618
-3291 556
-3290 583
-3289 575
-3288 603
-3287 581
-3286 584
-3285 562
-3284 547
-3283 575
-3282 597
-3281 548
-3280 607
-3279 534
-3278 579
-3277 574
-3276 588
-3275 575
-3274 502
-3273 591
-3272 594
-3271 566
-3270 566
-3269 564
-3268 571
-3267 528
-3266 558
-3265 611
-3264 541
-3263 555
-3262 559
-3261 593
-3260 624
-3259 581
-3258 558
-3257 569
-3256 571
-3255 562
-3254 560
-3253 537
-3252 550
-3251 573
-3250 538
-3249 574
-3248 536
-3247 552
-3246 549
-3245 531
-3244 574
-3243 533
-3242 522
-3241 560
-3240 536
-3239 538
-3238 565
-3237 550
-3236 573
-3235 559
-3234 556
-3233 536
-3232 621
-3231 541
-3230 562
-3229 540
-3228 560
-3227 597
-3226 551
-3225 539
-3224 563
-3223 567
-3222 582
-3221 576
-3220 598
-3219 606
-3218 598
-3217 551
-3216 549
-3215 538
-3214 544
-3213 562
-3212 603
-3211 532
-3210 547
-3209 571
-3208 551
-3207 575
-3206 571
-3205 559
-3204 562
-3203 561
-3202 555
-3201 534
-3200 549
-3199 532
-3198 494
-3197 559
-3196 523
-3195 569
-3194 539
-3193 535
-3192 545
-3191 546
-3190 533
-3189 576
-3188 566
-3187 536
-3186 588
-3185 596
-3184 563
-3183 551
-3182 576
-3181 572
-3180 566
-3179 562
-3178 538
-3177 532
-3176 517
-3175 561
-3174 558
-3173 526
-3172 573
-3171 580
-3170 603
-3169 581
-3168 540
-3167 533
-3166 580
-3165 562
-3164 556
-3163 535
-3162 558
-3161 517
-3160 550
-3159 529
-3158 578
-3157 547
-3156 574
-3155 574
-3154 554
-3153 524
-3152 539
-3151 550
-3150 524
-3149 589
-3148 602
-3147 567
-3146 594
-3145 589
-3144 552
-3143 594
-3142 566
-3141 589
-3140 549
-3139 591
-3138 551
-3137 535
-3136 577
-3135 516
-3134 574
-3133 550
-3132 566
-3131 538
-3130 568
-3129 545
-3128 531
-3127 536
-3126 543
-3125 589
-3124 598
-3123 527
-3122 564
-3121 529
-3120 589
-3119 544
-3118 528
-3117 564
-3116 545
-3115 566
-3114 556
-3113 541
-3112 571
-3111 527
-3110 538
-3109 570
-3108 556
-3107 559
-3106 565
-3105 551
-3104 538
-3103 529
-3102 556
-3101 545
-3100 557
-3099 565
-3098 555
-3097 525
-3096 562
-3095 576
-3094 520
-3093 558
-3092 601
-3091 555
-3090 578
-3089 537
-3088 563
-3087 588
-3086 573
-3085 595
-3084 566
-3083 571
-3082 568
-3081 526
-3080 560
-3079 558
-3078 549
-3077 542
-3076 571
-3075 577
-3074 552
-3073 535
-3072 545
-3071 564
-3070 569
-3069 561
-3068 507
-3067 544
-3066 535
-3065 555
-3064 541
-3063 521
-3062 510
-3061 534
-3060 566
-3059 544
-3058 495
-3057 522
-3056 517
-3055 507
-3054 551
-3053 602
-3052 555
-3051 494
-3050 506
-3049 550
-3048 505
-3047 577
-3046 561
-3045 525
-3044 560
-3043 535
-3042 539
-3041 560
-3040 540
-3039 598
-3038 523
-3037 511
-3036 531
-3035 540
-3034 599
-3033 484
-3032 532
-3031 524
-3030 533
-3029 548
-3028 575
-3027 538
-3026 521
-3025 578
-3024 540
-3023 554
-3022 524
-3021 537
-3020 519
-3019 518
-3018 534
-3017 505
-3016 551
-3015 536
-3014 528
-3013 526
-3012 519
-3011 508
-3010 528
-3009 532
-3008 520
-3007 542
-3006 528
-3005 527
-3004 532
-3003 550
-3002 521
-3001 502
-3000 548
-2999 512
-2998 517
-2997 540
-2996 531
-2995 488
-2994 545
-2993 561
-2992 509
-2991 532
-2990 508
-2989 546
-2988 539
-2987 529
-2986 528
-2985 529
-2984 526
-2983 504
-2982 492
-2981 514
-2980 523
-2979 482
-2978 535
-2977 550
-2976 510
-2975 541
-2974 526
-2973 539
-2972 559
-2971 542
-2970 552
-2969 509
-2968 528
-2967 533
-2966 550
-2965 546
-2964 593
-2963 546
-2962 551
-2961 529
-2960 546
-2959 528
-2958 538
-2957 530
-2956 507
-2955 540
-2954 558
-2953 517
-2952 517
-2951 533
-2950 573
-2949 511
-2948 581
-2947 555
-2946 529
-2945 543
-2944 529
-2943 541
-2942 526
-2941 544
-2940 519
-2939 517
-2938 516
-2937 520
-2936 524
-2935 494
-2934 542
-2933 517
-2932 503
-2931 541
-2930 497
-2929 497
-2928 494
-2927 509
-2926 531
-2925 527
-2924 512
-2923 520
-2922 536
-2921 500
-2920 505
-2919 491
-2918 501
-2917 537
-2916 495
-2915 507
-2914 506
-2913 529
-2912 529
-2911 512
-2910 536
-2909 529
-2908 533
-2907 482
-2906 488
-2905 481
-2904 514
-2903 547
-2902 494
-2901 538
-2900 554
-2899 526
-2898 563
-2897 539
-2896 528
-2895 515
-2894 549
-2893 486
-2892 511
-2891 509
-2890 520
-2889 488
-2888 528
-2887 444
-2886 542
-2885 484
-2884 526
-2883 533
-2882 509
-2881 490
-2880 497
-2879 507
-2878 517
-2877 548
-2876 491
-2875 510
-2874 467
-2873 510
-2872 498
-2871 511
-2870 484
-2869 524
-2868 524
-2867 495
-2866 541
-2865 479
-2864 536
-2863 506
-2862 536
-2861 497
-2860 539
-2859 482
-2858 499
-2857 556
-2856 530
-2855 512
-2854 523
-2853 500
-2852 537
-2851 503
-2850 557
-2849 523
-2848 490
-2847 500
-2846 495
-2845 513
-2844 520
-2843 534
-2842 548
-2841 535
-2840 541
-2839 529
-2838 509
-2837 519
-2836 521
-2835 557
-2834 566
-2833 564
-2832 530
-2831 543
-2830 500
-2829 508
-2828 538
-2827 522
-2826 503
-2825 527
-2824 514
-2823 521
-2822 500
-2821 494
-2820 518
-2819 527
-2818 545
-2817 542
-2816 539
-2815 499
-2814 506
-2813 530
-2812 478
-2811 570
-2810 529
-2809 557
-2808 504
-2807 479
-2806 499
-2805 520
-2804 542
-2803 551
-2802 527
-2801 481
-2800 508
-2799 517
-2798 484
-2797 493
-2796 466
-2795 488
-2794 500
-2793 540
-2792 486
-2791 501
-2790 525
-2789 514
-2788 503
-2787 572
-2786 522
-2785 518
-2784 549
-2783 500
-2782 526
-2781 497
-2780 493
-2779 508
-2778 508
-2777 500
-2776 502
-2775 485
-2774 521
-2773 522
-2772 450
-2771 507
-2770 523
-2769 500
-2768 509
-2767 494
-2766 525
-2765 508
-2764 496
-2763 517
-2762 495
-2761 488
-2760 494
-2759 487
-2758 491
-2757 515
-2756 461
-2755 510
-2754 483
-2753 481
-2752 500
-2751 486
-2750 493
-2749 483
-2748 502
-2747 503
-2746 514
-2745 506
-2744 501
-2743 475
-2742 528
-2741 497
-2740 524
-2739 475
-2738 471
-2737 509
-2736 532
-2735 498
-2734 504
-2733 489
-2732 550
-2731 483
-2730 441
-2729 480
-2728 512
-2727 487
-2726 479
-2725 470
-2724 487
-2723 479
-2722 494
-2721 504
-2720 460
-2719 498
-2718 496
-2717 495
-2716 491
-2715 484
-2714 499
-2713 458
-2712 534
-2711 516
-2710 515
-2709 522
-2708 478
-2707 514
-2706 510
-2705 526
-2704 503
-2703 441
-2702 478
-2701 506
-2700 500
-2699 498
-2698 518
-2697 507
-2696 472
-2695 486
-2694 447
-2693 482
-2692 468
-2691 507
-2690 465
-2689 488
-2688 481
-2687 512
-2686 496
-2685 504
-2684 453
-2683 482
-2682 452
-2681 466
-2680 499
-2679 495
-2678 474
-2677 504
-2676 494
-2675 494
-2674 444
-2673 451
-2672 491
-2671 494
-2670 430
-2669 467
-2668 483
-2667 456
-2666 524
-2665 496
-2664 463
-2663 476
-2662 482
-2661 462
-2660 490
-2659 487
-2658 515
-2657 508
-2656 535
-2655 547
-2654 515
-2653 526
-2652 531
-2651 520
-2650 509
-2649 501
-2648 503
-2647 503
-2646 506
-2645 498
-2644 492
-2643 466
-2642 466
-2641 496
-2640 489
-2639 474
-2638 490
-2637 498
-2636 460
-2635 542
-2634 468
-2633 473
-2632 512
-2631 478
-2630 472
-2629 432
-2628 462
-2627 500
-2626 494
-2625 496
-2624 486
-2623 475
-2622 492
-2621 483
-2620 467
-2619 511
-2618 492
-2617 506
-2616 483
-2615 512
-2614 512
-2613 473
-2612 556
-2611 469
-2610 491
-2609 503
-2608 501
-2607 541
-2606 529
-2605 542
-2604 515
-2603 530
-2602 522
-2601 467
-2600 488
-2599 499
-2598 475
-2597 479
-2596 506
-2595 482
-2594 477
-2593 496
-2592 497
-2591 475
-2590 475
-2589 454
-2588 492
-2587 518
-2586 501
-2585 497
-2584 481
-2583 452
-2582 504
-2581 472
-2580 476
-2579 548
-2578 527
-2577 479
-2576 518
-2575 481
-2574 507
-2573 502
-2572 532
-2571 476
-2570 471
-2569 494
-2568 479
-2567 470
-2566 518
-2565 477
-2564 476
-2563 485
-2562 488
-2561 509
-2560 450
-2559 469
-2558 476
-2557 448
-2556 491
-2555 450
-2554 451
-2553 454
-2552 471
-2551 470
-2550 488
-2549 504
-2548 476
-2547 486
-2546 507
-2545 453
-2544 500
-2543 480
-2542 491
-2541 472
-2540 493
-2539 470
-2538 473
-2537 455
-2536 480
-2535 473
-2534 506
-2533 481
-2532 471
-2531 506
-2530 491
-2529 477
-2528 461
-2527 473
-2526 461
-2525 476
-2524 452
-2523 442
-2522 446
-2521 495
-2520 483
-2519 469
-2518 450
-2517 440
-2516 426
-2515 461
-2514 444
-2513 477
-2512 461
-2511 477
-2510 450
-2509 451
-2508 471
-2507 446
-2506 446
-2505 439
-2504 486
-2503 467
-2502 467
-2501 434
-2500 429
-2499 455
-2498 521
-2497 476
-2496 447
-2495 453
-2494 423
-2493 480
-2492 459
-2491 453
-2490 445
-2489 474
-2488 492
-2487 452
-2486 467
-2485 449
-2484 456
-2483 469
-2482 437
-2481 465
-2480 463
-2479 483
-2478 446
-2477 506
-2476 468
-2475 462
-2474 501
-2473 496
-2472 455
-2471 456
-2470 460
-2469 464
-2468 462
-2467 438
-2466 458
-2465 446
-2464 445
-2463 428
-2462 426
-2461 466
-2460 448
-2459 465
-2458 453
-2457 466
-2456 441
-2455 436
-2454 442
-2453 450
-2452 479
-2451 495
-2450 468
-2449 460
-2448 452
-2447 460
-2446 459
-2445 440
-2444 477
-2443 463
-2442 454
-2441 441
-2440 506
-2439 444
-2438 461
-2437 443
-2436 484
-2435 456
-2434 427
-2433 474
-2432 481
-2431 469
-2430 448
-2429 493
-2428 456
-2427 441
-2426 456
-2425 478
-2424 494
-2423 443
-2422 472
-2421 464
-2420 477
-2419 493
-2418 469
-2417 447
-2416 487
-2415 488
-2414 482
-2413 496
-2412 500
-2411 495
-2410 481
-2409 479
-2408 488
-2407 503
-2406 496
-2405 476
-2404 476
-2403 491
-2402 487
-2401 477
-2400 484
-2399 480
-2398 502
-2397 466
-2396 465
-2395 458
-2394 465
-2393 432
-2392 473
-2391 434
-2390 482
-2389 480
-2388 453
-2387 449
-2386 458
-2385 450
-2384 512
-2383 457
-2382 478
-2381 479
-2380 453
-2379 433
-2378 505
-2377 504
-2376 466
-2375 490
-2374 498
-2373 450
-2372 491
-2371 473
-2370 488
-2369 457
-2368 484
-2367 462
-2366 438
-2365 428
-2364 458
-2363 450
-2362 436
-2361 417
-2360 450
-2359 456
-2358 443
-2357 468
-2356 471
-2355 456
-2354 446
-2353 452
-2352 449
-2351 451
-2350 465
-2349 407
-2348 425
-2347 417
-2346 446
-2345 462
-2344 443
-2343 417
-2342 440
-2341 454
-2340 459
-2339 475
-2338 458
-2337 444
-2336 516
-2335 485
-2334 436
-2333 476
-2332 444
-2331 443
-2330 458
-2329 480
-2328 428
-2327 459
-2326 477
-2325 478
-2324 428
-2323 444
-2322 456
-2321 470
-2320 461
-2319 442
-2318 465
-2317 443
-2316 451
-2315 461
-2314 425
-2313 448
-2312 498
-2311 451
-2310 462
-2309 500
-2308 456
-2307 460
-2306 470
-2305 460
-2304 460
-2303 406
-2302 426
-2301 418
-2300 459
-2299 439
-2298 425
-2297 455
-2296 462
-2295 483
-2294 448
-2293 460
-2292 428
-2291 458
-2290 418
-2289 417
-2288 454
-2287 446
-2286 478
-2285 438
-2284 445
-2283 421
-2282 452
-2281 428
-2280 446
-2279 444
-2278 435
-2277 412
-2276 429
-2275 437
-2274 446
-2273 400
-2272 467
-2271 444
-2270 463
-2269 510
-2268 404
-2267 428
-2266 414
-2265 404
-2264 408
-2263 450
-2262 449
-2261 453
-2260 429
-2259 420
-2258 471
-2257 467
-2256 424
-2255 457
-2254 424
-2253 402
-2252 424
-2251 462
-2250 452
-2249 477
-2248 417
-2247 438
-2246 400
-2245 425
-2244 480
-2243 451
-2242 418
-2241 451
-2240 427
-2239 391
-2238 459
-2237 445
-2236 435
-2235 421
-2234 463
-2233 445
-2232 479
-2231 452
-2230 459
-2229 445
-2228 475
-2227 473
-2226 465
-2225 445
-2224 419
-2223 419
-2222 427
-2221 421
-2220 425
-2219 470
-2218 432
-2217 458
-2216 425
-2215 445
-2214 447
-2213 448
-2212 473
-2211 470
-2210 459
-2209 455
-2208 497
-2207 474
-2206 418
-2205 435
-2204 461
-2203 430
-2202 456
-2201 474
-2200 443
-2199 468
-2198 449
-2197 442
-2196 442
-2195 417
-2194 392
-2193 453
-2192 436
-2191 440
-2190 415
-2189 486
-2188 444
-2187 437
-2186 454
-2185 460
-2184 407
-2183 464
-2182 450
-2181 455
-2180 458
-2179 399
-2178 445
-2177 428
-2176 445
-2175 432
-2174 425
-2173 481
-2172 457
-2171 400
-2170 434
-2169 484
-2168 435
-2167 421
-2166 437
-2165 424
-2164 429
-2163 458
-2162 457
-2161 499
-2160 431
-2159 466
-2158 453
-2157 466
-2156 494
-2155 491
-2154 480
-2153 500
-2152 464
-2151 493
-2150 455
-2149 481
-2148 445
-2147 451
-2146 467
-2145 434
-2144 469
-2143 425
-2142 465
-2141 430
-2140 404
-2139 464
-2138 422
-2137 481
-2136 416
-2135 452
-2134 426
-2133 421
-2132 458
-2131 423
-2130 451
-2129 412
-2128 413
-2127 424
-2126 387
-2125 440
-2124 456
-2123 439
-2122 433
-2121 423
-2120 426
-2119 429
-2118 421
-2117 462
-2116 425
-2115 437
-2114 489
-2113 425
-2112 504
-2111 479
-2110 479
-2109 479
-2108 458
-2107 434
-2106 429
-2105 462
-2104 427
-2103 430
-2102 461
-2101 446
-2100 429
-2099 471
-2098 431
-2097 420
-2096 447
-2095 432
-2094 434
-2093 465
-2092 424
-2091 421
-2090 428
-2089 420
-2088 435
-2087 451
-2086 429
-2085 444
-2084 427
-2083 439
-2082 428
-2081 457
-2080 417
-2079 403
-2078 394
-2077 438
-2076 442
-2075 420
-2074 446
-2073 437
-2072 425
-2071 427
-2070 453
-2069 458
-2068 414
-2067 450
-2066 442
-2065 452
-2064 427
-2063 439
-2062 447
-2061 443
-2060 414
-2059 423
-2058 431
-2057 431
-2056 464
-2055 453
-2054 436
-2053 478
-2052 428
-2051 454
-2050 428
-2049 412
-2048 418
-2047 436
-2046 462
-2045 424
-2044 415
-2043 456
-2042 482
-2041 422
-2040 493
-2039 441
-2038 447
-2037 480
-2036 444
-2035 446
-2034 449
-2033 431
-2032 433
-2031 423
-2030 449
-2029 482
-2028 434
-2027 462
-2026 437
-2025 466
-2024 447
-2023 454
-2022 452
-2021 396
-2020 468
-2019 452
-2018 431
-2017 409
-2016 420
-2015 464
-2014 436
-2013 432
-2012 387
-2011 425
-2010 406
-2009 427
-2008 398
-2007 441
-2006 414
-2005 410
-2004 422
-2003 416
-2002 398
-2001 420
-2000 426
-1999 439
-1998 443
-1997 396
-1996 447
-1995 432
-1994 414
-1993 424
-1992 440
-1991 428
-1990 425
-1989 417
-1988 432
-1987 427
-1986 414
-1985 432
-1984 416
-1983 455
-1982 433
-1981 440
-1980 457
-1979 412
-1978 453
-1977 439
-1976 417
-1975 494
-1974 462
-1973 440
-1972 443
-1971 406
-1970 420
-1969 420
-1968 444
-1967 418
-1966 479
-1965 466
-1964 421
-1963 475
-1962 457
-1961 469
-1960 454
-1959 444
-1958 456
-1957 426
-1956 441
-1955 438
-1954 427
-1953 464
-1952 410
-1951 432
-1950 417
-1949 447
-1948 408
-1947 433
-1946 425
-1945 401
-1944 435
-1943 451
-1942 403
-1941 420
-1940 395
-1939 391
-1938 443
-1937 421
-1936 432
-1935 422
-1934 447
-1933 449
-1932 394
-1931 458
-1930 419
-1929 435
-1928 459
-1927 436
-1926 448
-1925 488
-1924 405
-1923 464
-1922 434
-1921 457
-1920 468
-1919 432
-1918 441
-1917 426
-1916 438
-1915 478
-1914 437
-1913 452
-1912 465
-1911 436
-1910 420
-1909 440
-1908 439
-1907 424
-1906 451
-1905 385
-1904 463
-1903 471
-1902 428
-1901 436
-1900 394
-1899 474
-1898 411
-1897 426
-1896 456
-1895 452
-1894 472
-1893 437
-1892 401
-1891 438
-1890 446
-1889 401
-1888 444
-1887 439
-1886 436
-1885 448
-1884 424
-1883 453
-1882 422
-1881 455
-1880 387
-1879 399
-1878 419
-1877 463
-1876 407
-1875 474
-1874 441
-1873 407
-1872 428
-1871 464
-1870 448
-1869 400
-1868 455
-1867 423
-1866 398
-1865 424
-1864 384
-1863 448
-1862 401
-1861 423
-1860 447
-1859 416
-1858 454
-1857 432
-1856 415
-1855 417
-1854 389
-1853 446
-1852 404
-1851 439
-1850 423
-1849 420
-1848 417
-1847 405
-1846 415
-1845 422
-1844 388
-1843 399
-1842 443
-1841 453
-1840 418
-1839 414
-1838 461
-1837 445
-1836 443
-1835 434
-1834 416
-1833 420
-1832 390
-1831 383
-1830 424
-1829 391
-1828 423
-1827 417
-1826 423
-1825 397
-1824 398
-1823 446
-1822 398
-1821 436
-1820 430
-1819 383
-1818 408
-1817 398
-1816 392
-1815 431
-1814 434
-1813 464
-1812 417
-1811 421
-1810 398
-1809 406
-1808 424
-1807 415
-1806 382
-1805 395
-1804 405
-1803 379
-1802 439
-1801 435
-1800 373
-1799 418
-1798 397
-1797 404
-1796 430
-1795 420
-1794 449
-1793 421
-1792 422
-1791 359
-1790 419
-1789 455
-1788 405
-1787 405
-1786 416
-1785 401
-1784 400
-1783 406
-1782 411
-1781 447
-1780 420
-1779 377
-1778 442
-1777 434
-1776 407
-1775 427
-1774 400
-1773 442
-1772 447
-1771 445
-1770 477
-1769 385
-1768 432
-1767 432
-1766 412
-1765 412
-1764 439
-1763 407
-1762 428
-1761 434
-1760 412
-1759 411
-1758 437
-1757 427
-1756 442
-1755 403
-1754 402
-1753 412
-1752 429
-1751 411
-1750 379
-1749 375
-1748 379
-1747 415
-1746 392
-1745 372
-1744 405
-1743 408
-1742 407
-1741 394
-1740 415
-1739 419
-1738 398
-1737 409
-1736 403
-1735 367
-1734 389
-1733 399
-1732 380
-1731 415
-1730 357
-1729 433
-1728 419
-1727 422
-1726 412
-1725 404
-1724 339
-1723 406
-1722 366
-1721 407
-1720 421
-1719 389
-1718 418
-1717 401
-1716 388
-1715 430
-1714 417
-1713 419
-1712 399
-1711 428
-1710 418
-1709 412
-1708 395
-1707 416
-1706 412
-1705 411
-1704 440
-1703 412
-1702 433
-1701 378
-1700 404
-1699 411
-1698 412
-1697 415
-1696 431
-1695 428
-1694 403
-1693 405
-1692 415
-1691 390
-1690 439
-1689 416
-1688 413
-1687 432
-1686 453
-1685 433
-1684 399
-1683 437
-1682 405
-1681 412
-1680 403
-1679 393
-1678 423
-1677 402
-1676 421
-1675 428
-1674 408
-1673 415
-1672 447
-1671 411
-1670 457
-1669 404
-1668 429
-1667 401
-1666 415
-1665 384
-1664 397
-1663 414
-1662 441
-1661 383
-1660 443
-1659 412
-1658 388
-1657 397
-1656 431
-1655 359
-1654 411
-1653 406
-1652 407
-1651 384
-1650 386
-1649 403
-1648 432
-1647 397
-1646 416
-1645 405
-1644 444
-1643 393
-1642 429
-1641 409
-1640 432
-1639 401
-1638 426
-1637 408
-1636 418
-1635 391
-1634 455
-1633 428
-1632 430
-1631 426
-1630 424
-1629 391
-1628 430
-1627 419
-1626 415
-1625 440
-1624 391
-1623 418
-1622 398
-1621 437
-1620 401
-1619 419
-1618 449
-1617 398
-1616 409
-1615 429
-1614 386
-1613 434
-1612 424
-1611 457
-1610 400
-1609 446
-1608 403
-1607 430
-1606 438
-1605 397
-1604 467
-1603 430
-1602 406
-1601 399
-1600 419
-1599 448
-1598 429
-1597 450
-1596 444
-1595 398
-1594 394
-1593 395
-1592 405
-1591 419
-1590 427
-1589 409
-1588 423
-1587 439
-1586 393
-1585 439
-1584 436
-1583 466
-1582 410
-1581 437
-1580 417
-1579 450
-1578 433
-1577 454
-1576 448
-1575 422
-1574 449
-1573 450
-1572 460
-1571 446
-1570 440
-1569 474
-1568 460
-1567 455
-1566 464
-1565 444
-1564 431
-1563 457
-1562 463
-1561 390
-1560 391
-1559 430
-1558 430
-1557 415
-1556 395
-1555 418
-1554 444
-1553 439
-1552 409
-1551 444
-1550 437
-1549 460
-1548 417
-1547 425
-1546 411
-1545 408
-1544 454
-1543 450
-1542 409
-1541 451
-1540 424
-1539 422
-1538 404
-1537 427
-1536 421
-1535 475
-1534 441
-1533 456
-1532 386
-1531 426
-1530 433
-1529 457
-1528 451
-1527 417
-1526 451
-1525 478
-1524 465
-1523 444
-1522 426
-1521 429
-1520 472
-1519 455
-1518 440
-1517 444
-1516 460
-1515 427
-1514 443
-1513 410
-1512 514
-1511 426
-1510 423
-1509 443
-1508 437
-1507 448
-1506 423
-1505 486
-1504 436
-1503 467
-1502 443
-1501 451
-1500 481
-1499 447
-1498 422
-1497 451
-1496 480
-1495 440
-1494 437
-1493 436
-1492 433
-1491 449
-1490 437
-1489 435
-1488 437
-1487 415
-1486 416
-1485 436
-1484 447
-1483 412
-1482 442
-1481 446
-1480 432
-1479 436
-1478 428
-1477 422
-1476 422
-1475 415
-1474 438
-1473 452
-1472 468
-1471 461
-1470 426
-1469 453
-1468 419
-1467 437
-1466 472
-1465 420
-1464 393
-1463 427
-1462 445
-1461 431
-1460 429
-1459 452
-1458 443
-1457 483
-1456 432
-1455 477
-1454 443
-1453 433
-1452 440
-1451 388
-1450 413
-1449 475
-1448 437
-1447 455
-1446 438
-1445 411
-1444 389
-1443 448
-1442 429
-1441 427
-1440 430
-1439 438
-1438 473
-1437 437
-1436 436
-1435 427
-1434 394
-1433 403
-1432 426
-1431 461
-1430 452
-1429 456
-1428 439
-1427 436
-1426 395
-1425 430
-1424 444
-1423 417
-1422 414
-1421 424
-1420 414
-1419 422
-1418 439
-1417 410
-1416 426
-1415 421
-1414 440
-1413 441
-1412 423
-1411 416
-1410 450
-1409 433
-1408 417
-1407 413
-1406 393
-1405 461
-1404 412
-1403 455
-1402 454
-1401 422
-1400 417
-1399 436
-1398 431
-1397 429
-1396 437
-1395 452
-1394 428
-1393 436
-1392 445
-1391 443
-1390 473
-1389 448
-1388 444
-1387 475
-1386 457
-1385 461
-1384 456
-1383 448
-1382 445
-1381 452
-1380 425
-1379 470
-1378 449
-1377 456
-1376 461
-1375 433
-1374 427
-1373 473
-1372 420
-1371 470
-1370 433
-1369 399
-1368 457
-1367 431
-1366 421
-1365 418
-1364 457
-1363 412
-1362 400
-1361 450
-1360 413
-1359 437
-1358 451
-1357 470
-1356 457
-1355 450
-1354 448
-1353 421
-1352 442
-1351 407
-1350 438
-1349 443
-1348 458
-1347 420
-1346 444
-1345 445
-1344 473
-1343 427
-1342 442
-1341 467
-1340 463
-1339 437
-1338 432
-1337 446
-1336 460
-1335 447
-1334 444
-1333 441
-1332 479
-1331 459
-1330 422
-1329 417
-1328 413
-1327 450
-1326 440
-1325 481
-1324 448
-1323 441
-1322 479
-1321 450
-1320 468
-1319 448
-1318 468
-1317 482
-1316 454
-1315 454
-1314 425
-1313 467
-1312 434
-1311 458
-1310 477
-1309 474
-1308 449
-1307 461
-1306 434
-1305 464
-1304 449
-1303 461
-1302 420
-1301 469
-1300 491
-1299 472
-1298 470
-1297 436
-1296 463
-1295 438
-1294 443
-1293 434
-1292 431
-1291 445
-1290 473
-1289 422
-1288 459
-1287 477
-1286 500
-1285 448
-1284 460
-1283 482
-1282 479
-1281 462
-1280 498
-1279 488
-1278 463
-1277 475
-1276 457
-1275 483
-1274 485
-1273 456
-1272 471
-1271 466
-1270 451
-1269 496
-1268 467
-1267 478
-1266 471
-1265 456
-1264 496
-1263 474
-1262 517
-1261 472
-1260 484
-1259 426
-1258 463
-1257 463
-1256 446
-1255 456
-1254 464
-1253 510
-1252 526
-1251 474
-1250 467
-1249 477
-1248 464
-1247 477
-1246 470
-1245 488
-1244 456
-1243 459
-1242 497
-1241 493
-1240 520
-1239 456
-1238 470
-1237 468
-1236 481
-1235 471
-1234 465
-1233 463
-1232 458
-1231 445
-1230 470
-1229 480
-1228 443
-1227 461
-1226 463
-1225 485
-1224 502
-1223 474
-1222 476
-1221 482
-1220 499
-1219 491
-1218 460
-1217 450
-1216 469
-1215 435
-1214 459
-1213 446
-1212 440
-1211 500
-1210 466
-1209 475
-1208 455
-1207 475
-1206 448
-1205 468
-1204 458
-1203 423
-1202 453
-1201 460
-1200 479
-1199 472
-1198 507
-1197 459
-1196 459
-1195 498
-1194 477
-1193 497
-1192 456
-1191 474
-1190 470
-1189 481
-1188 469
-1187 455
-1186 516
-1185 473
-1184 463
-1183 430
-1182 510
-1181 460
-1180 464
-1179 465
-1178 504
-1177 446
-1176 466
-1175 479
-1174 469
-1173 438
-1172 497
-1171 498
-1170 511
-1169 490
-1168 497
-1167 480
-1166 483
-1165 470
-1164 478
-1163 512
-1162 424
-1161 526
-1160 473
-1159 520
-1158 475
-1157 541
-1156 470
-1155 517
-1154 517
-1153 499
-1152 506
-1151 477
-1150 505
-1149 509
-1148 522
-1147 500
-1146 514
-1145 525
-1144 529
-1143 527
-1142 495
-1141 530
-1140 486
-1139 546
-1138 514
-1137 517
-1136 520
-1135 506
-1134 474
-1133 533
-1132 467
-1131 501
-1130 513
-1129 492
-1128 521
-1127 495
-1126 514
-1125 518
-1124 516
-1123 478
-1122 515
-1121 499
-1120 478
-1119 495
-1118 468
-1117 460
-1116 506
-1115 481
-1114 531
-1113 484
-1112 513
-1111 508
-1110 552
-1109 542
-1108 485
-1107 495
-1106 490
-1105 512
-1104 469
-1103 500
-1102 506
-1101 507
-1100 480
-1099 477
-1098 524
-1097 521
-1096 485
-1095 496
-1094 460
-1093 494
-1092 491
-1091 477
-1090 546
-1089 487
-1088 521
-1087 498
-1086 491
-1085 527
-1084 492
-1083 519
-1082 516
-1081 487
-1080 517
-1079 511
-1078 497
-1077 476
-1076 507
-1075 492
-1074 493
-1073 479
-1072 454
-1071 538
-1070 435
-1069 501
-1068 478
-1067 530
-1066 479
-1065 496
-1064 477
-1063 522
-1062 479
-1061 518
-1060 490
-1059 526
-1058 477
-1057 492
-1056 501
-1055 462
-1054 502
-1053 498
-1052 490
-1051 504
-1050 538
-1049 483
-1048 475
-1047 506
-1046 500
-1045 524
-1044 510
-1043 541
-1042 560
-1041 498
-1040 506
-1039 495
-1038 528
-1037 462
-1036 487
-1035 498
-1034 520
-1033 506
-1032 512
-1031 499
-1030 539
-1029 464
-1028 476
-1027 526
-1026 517
-1025 514
-1024 534
-1023 532
-1022 541
-1021 538
-1020 518
-1019 513
-1018 519
-1017 500
-1016 495
-1015 512
-1014 533
-1013 548
-1012 506
-1011 528
-1010 510
-1009 509
-1008 528
-1007 476
-1006 491
-1005 534
-1004 525
-1003 501
-1002 481
-1001 531
-1000 489
-999 527
-998 504
-997 536
-996 549
-995 512
-994 581
-993 505
-992 499
-991 528
-990 504
-989 544
-988 514
-987 515
-986 541
-985 523
-984 526
-983 543
-982 551
-981 513
-980 517
-979 517
-978 532
-977 492
-976 515
-975 564
-974 514
-973 509
-972 518
-971 531
-970 515
-969 551
-968 565
-967 503
-966 535
-965 537
-964 551
-963 545
-962 551
-961 524
-960 554
-959 537
-958 533
-957 531
-956 511
-955 500
-954 521
-953 510
-952 549
-951 548
-950 551
-949 529
-948 515
-947 528
-946 555
-945 569
-944 510
-943 564
-942 595
-941 526
-940 577
-939 612
-938 567
-937 570
-936 526
-935 521
-934 570
-933 560
-932 542
-931 546
-930 559
-929 546
-928 589
-927 553
-926 518
-925 543
-924 536
-923 549
-922 557
-921 561
-920 567
-919 501
-918 546
-917 548
-916 571
-915 588
-914 589
-913 523
-912 542
-911 574
-910 585
-909 550
-908 558
-907 567
-906 552
-905 544
-904 547
-903 572
-902 551
-901 570
-900 520
-899 564
-898 533
-897 573
-896 520
-895 510
-894 542
-893 582
-892 532
-891 528
-890 543
-889 612
-888 559
-887 576
-886 578
-885 594
-884 551
-883 561
-882 547
-881 562
-880 574
-879 558
-878 569
-877 540
-876 586
-875 587
-874 552
-873 564
-872 557
-871 553
-870 616
-869 598
-868 551
-867 596
-866 597
-865 583
-864 572
-863 607
-862 608
-861 600
-860 597
-859 589
-858 599
-857 569
-856 593
-855 559
-854 580
-853 567
-852 584
-851 558
-850 542
-849 542
-848 584
-847 562
-846 580
-845 582
-844 574
-843 586
-842 549
-841 580
-840 575
-839 579
-838 573
-837 562
-836 556
-835 571
-834 540
-833 559
-832 602
-831 611
-830 616
-829 573
-828 593
-827 544
-826 571
-825 622
-824 549
-823 594
-822 612
-821 596
-820 592
-819 644
-818 588
-817 568
-816 602
-815 573
-814 622
-813 612
-812 566
-811 592
-810 578
-809 653
-808 655
-807 550
-806 576
-805 599
-804 584
-803 628
-802 614
-801 612
-800 545
-799 585
-798 596
-797 643
-796 606
-795 601
-794 583
-793 591
-792 589
-791 580
-790 628
-789 579
-788 611
-787 604
-786 631
-785 617
-784 577
-783 611
-782 608
-781 600
-780 624
-779 593
-778 555
-777 610
-776 616
-775 626
-774 577
-773 614
-772 629
-771 563
-770 601
-769 568
-768 573
-767 613
-766 630
-765 650
-764 633
-763 607
-762 580
-761 609
-760 635
-759 586
-758 620
-757 632
-756 665
-755 614
-754 594
-753 648
-752 596
-751 613
-750 614
-749 613
-748 629
-747 611
-746 602
-745 646
-744 640
-743 611
-742 629
-741 689
-740 616
-739 638
-738 615
-737 656
-736 613
-735 605
-734 675
-733 641
-732 603
-731 610
-730 654
-729 594
-728 650
-727 625
-726 663
-725 675
-724 634
-723 634
-722 622
-721 615
-720 634
-719 618
-718 666
-717 645
-716 628
-715 648
-714 680
-713 661
-712 631
-711 619
-710 632
-709 635
-708 674
-707 616
-706 667
-705 641
-704 632
-703 625
-702 671
-701 688
-700 646
-699 686
-698 647
-697 644
-696 631
-695 662
-694 664
-693 626
-692 685
-691 658
-690 631
-689 681
-688 654
-687 628
-686 642
-685 640
-684 644
-683 655
-682 649
-681 632
-680 661
-679 663
-678 614
-677 643
-676 710
-675 653
-674 652
-673 695
-672 666
-671 660
-670 659
-669 672
-668 681
-667 679
-666 650
-665 646
-664 676
-663 664
-662 684
-661 674
-660 627
-659 669
-658 694
-657 706
-656 716
-655 662
-654 636
-653 618
-652 639
-651 689
-650 728
-649 674
-648 676
-647 702
-646 652
-645 751
-644 708
-643 670
-642 671
-641 675
-640 648
-639 684
-638 688
-637 709
-636 674
-635 674
-634 644
-633 702
-632 703
-631 667
-630 637
-629 696
-628 684
-627 708
-626 679
-625 689
-624 684
-623 704
-622 741
-621 705
-620 711
-619 741
-618 693
-617 748
-616 726
-615 737
-614 765
-613 758
-612 788
-611 750
-610 674
-609 699
-608 674
-607 745
-606 731
-605 750
-604 783
-603 760
-602 785
-601 728
-600 730
-599 762
-598 737
-597 721
-596 766
-595 738
-594 790
-593 715
-592 745
-591 736
-590 723
-589 750
-588 698
-587 743
-586 769
-585 744
-584 758
-583 783
-582 751
-581 758
-580 738
-579 710
-578 742
-577 757
-576 743
-575 730
-574 741
-573 768
-572 714
-571 803
-570 734
-569 743
-568 739
-567 773
-566 808
-565 718
-564 747
-563 759
-562 818
-561 806
-560 762
-559 755
-558 767
-557 798
-556 718
-555 795
-554 758
-553 772
-552 763
-551 779
-550 760
-549 768
-548 743
-547 798
-546 743
-545 784
-544 793
-543 784
-542 761
-541 735
-540 756
-539 768
-538 756
-537 770
-536 854
-535 773
-534 829
-533 826
-532 799
-531 818
-530 799
-529 781
-528 784
-527 788
-526 788
-525 757
-524 823
-523 798
-522 782
-521 760
-520 817
-519 798
-518 836
-517 816
-516 804
-515 787
-514 853
-513 772
-512 811
-511 827
-510 826
-509 879
-508 791
-507 813
-506 845
-505 822
-504 854
-503 773
-502 801
-501 828
-500 806
-499 828
-498 762
-497 800
-496 813
-495 786
-494 869
-493 777
-492 816
-491 880
-490 856
-489 828
-488 835
-487 836
-486 885
-485 847
-484 893
-483 851
-482 861
-481 840
-480 863
-479 832
-478 826
-477 872
-476 892
-475 844
-474 866
-473 906
-472 865
-471 827
-470 909
-469 860
-468 880
-467 893
-466 873
-465 864
-464 824
-463 934
-462 873
-461 907
-460 860
-459 879
-458 802
-457 859
-456 936
-455 858
-454 922
-453 898
-452 873
-451 887
-450 934
-449 900
-448 958
-447 869
-446 937
-445 944
-444 938
-443 932
-442 898
-441 924
-440 923
-439 955
-438 925
-437 923
-436 903
-435 952
-434 899
-433 929
-432 891
-431 919
-430 895
-429 879
-428 906
-427 867
-426 931
-425 910
-424 888
-423 903
-422 895
-421 860
-420 890
-419 908
-418 930
-417 903
-416 945
-415 957
-414 957
-413 966
-412 903
-411 918
-410 980
-409 950
-408 964
-407 967
-406 941
-405 935
-404 957
-403 932
-402 959
-401 968
-400 950
-399 961
-398 890
-397 983
-396 960
-395 994
-394 944
-393 966
-392 1008
-391 963
-390 969
-389 1004
-388 1003
-387 964
-386 991
-385 1008
-384 1037
-383 1025
-382 1016
-381 1019
-380 1052
-379 1025
-378 1054
-377 1055
-376 1053
-375 1062
-374 1088
-373 1034
-372 952
-371 1046
-370 1070
-369 1068
-368 1061
-367 1049
-366 987
-365 1079
-364 1008
-363 1074
-362 1081
-361 1051
-360 970
-359 1102
-358 1095
-357 1057
-356 1109
-355 1159
-354 1132
-353 1085
-352 1017
-351 1143
-350 1120
-349 1086
-348 1088
-347 1128
-346 1069
-345 1138
-344 1069
-343 1130
-342 1061
-341 1157
-340 1146
-339 1118
-338 1115
-337 1221
-336 1185
-335 1155
-334 1158
-333 1145
-332 1084
-331 1162
-330 1120
-329 1152
-328 1195
-327 1181
-326 1104
-325 1065
-324 1214
-323 1162
-322 1172
-321 1093
-320 1182
-319 1104
-318 1136
-317 1129
-316 1159
-315 1202
-314 1202
-313 1204
-312 1141
-311 1160
-310 1282
-309 1191
-308 1235
-307 1208
-306 1176
-305 1188
-304 1193
-303 1214
-302 1237
-301 1166
-300 1249
-299 1223
-298 1171
-297 1219
-296 1257
-295 1275
-294 1249
-293 1284
-292 1227
-291 1261
-290 1247
-289 1222
-288 1196
-287 1258
-286 1232
-285 1275
-284 1294
-283 1308
-282 1312
-281 1261
-280 1263
-279 1259
-278 1280
-277 1348
-276 1261
-275 1234
-274 1298
-273 1296
-272 1321
-271 1288
-270 1323
-269 1326
-268 1303
-267 1245
-266 1382
-265 1308
-264 1363
-263 1325
-262 1405
-261 1322
-260 1377
-259 1353
-258 1341
-257 1356
-256 1326
-255 1300
-254 1386
-253 1422
-252 1421
-251 1404
-250 1436
-249 1420
-248 1483
-247 1427
-246 1402
-245 1396
-244 1423
-243 1434
-242 1417
-241 1461
-240 1478
-239 1446
-238 1506
-237 1486
-236 1423
-235 1475
-234 1459
-233 1499
-232 1494
-231 1472
-230 1495
-229 1424
-228 1520
-227 1510
-226 1457
-225 1520
-224 1500
-223 1556
-222 1616
-221 1527
-220 1590
-219 1536
-218 1573
-217 1514
-216 1564
-215 1542
-214 1623
-213 1652
-212 1575
-211 1647
-210 1571
-209 1647
-208 1680
-207 1660
-206 1624
-205 1620
-204 1664
-203 1599
-202 1641
-201 1649
-200 1722
-199 1689
-198 1699
-197 1777
-196 1638
-195 1739
-194 1724
-193 1689
-192 1766
-191 1838
-190 1799
-189 1734
-188 1757
-187 1784
-186 1841
-185 1797
-184 1800
-183 1844
-182 1933
-181 1779
-180 1874
-179 1850
-178 1892
-177 1906
-176 1840
-175 1907
-174 1843
-173 1860
-172 1953
-171 1932
-170 1981
-169 1939
-168 2062
-167 1880
-166 1880
-165 2016
-164 2007
-163 2006
-162 2011
-161 1973
-160 2041
-159 2032
-158 2000
-157 2033
-156 2044
-155 2035
-154 2090
-153 2101
-152 2099
-151 2166
-150 2127
-149 2138
-148 2159
-147 2118
-146 2223
-145 2252
-144 2214
-143 2276
-142 2224
-141 2275
-140 2311
-139 2301
-138 2385
-137 2320
-136 2440
-135 2376
-134 2311
-133 2508
-132 2302
-131 2423
-130 2488
-129 2548
-128 2414
-127 2448
-126 2517
-125 2492
-124 2600
-123 2513
-122 2533
-121 2648
-120 2582
-119 2599
-118 2632
-117 2633
-116 2579
-115 2624
-114 2680
-113 2742
-112 2751
-111 2799
-110 2746
-109 2716
-108 2800
-107 2931
-106 2926
-105 2882
-104 2956
-103 2914
-102 3048
-101 3035
-100 2945
-99 3037
-98 3048
-97 3060
-96 3083
-95 3181
-94 3116
-93 3158
-92 3201
-91 3207
-90 3332
-89 3283
-88 3398
-87 3430
-86 3546
-85 3506
-84 3538
-83 3595
-82 3608
-81 3554
-80 3681
-79 3732
-78 3777
-77 3779
-76 3812
-75 3875
-74 3950
-73 3915
-72 3983
-71 4092
-70 3989
-69 4169
-68 4293
-67 4289
-66 4400
-65 4391
-64 4491
-63 4552
-62 4530
-61 4553
-60 4737
-59 4867
-58 4927
-57 5002
-56 5053
-55 5105
-54 5329
-53 5157
-52 5216
-51 5377
-50 5561
-49 5633
-48 5634
-47 5924
-46 6068
-45 6140
-44 6280
-43 6338
-42 6562
-41 6653
-40 6686
-39 6817
-38 7181
-37 7214
-36 7208
-35 7582
-34 7752
-33 7767
-32 8263
-31 8388
-30 8735
-29 8937
-28 9299
-27 9559
-26 10046
-25 10284
-24 10725
-23 11016
-22 11313
-21 11761
-20 12522
-19 12806
-18 13366
-17 14232
-16 14944
-15 15829
-14 16587
-13 17551
-12 18758
-11 20233
-10 21820
-9 23417
-8 25674
-7 28076
-6 31225
-5 34581
-4 39121
-3 43790
-2 46512
-1 43653
0 10167530
1 59909339
2 10693381
3 34452
4 39890
5 38743
6 35039
7 31492
8 28531
9 26162
10 23604
11 22192
12 20315
13 19018
14 17490
15 16221
16 15600
17 14878
18 14240
19 13200
20 12598
21 12155
22 11731
23 11174
24 10869
25 10455
26 9948
27 9805
28 9111
29 9023
30 8751
31 8327
32 8149
33 8059
34 7674
35 7314
36 7367
37 7229
38 6986
39 6759
40 6684
41 6447
42 6352
43 6250
44 6131
45 6042
46 5941
47 5799
48 5756
49 5557
50 5471
51 5280
52 5287
53 5255
54 4851
55 4984
56 4874
57 4816
58 4873
59 4661
60 4577
61 4520
62 4525
63 4316
64 4175
65 4353
66 4320
67 4230
68 4147
69 4057
70 4042
71 3965
72 4013
73 3877
74 3746
75 3806
76 3661
77 3785
78 3616
79 3558
80 3537
81 3558
82 3426
83 3424
84 3345
85 3389
86 3399
87 3270
88 3284
89 3246
90 3207
91 3203
92 3122
93 3034
94 3099
95 2967
96 2921
97 2927
98 2909
99 2999
100 2933
101 2791
102 2870
103 2903
104 2845
105 2800
106 2817
107 2773
108 2724
109 2723
110 2651
111 2754
112 2700
113 2569
114 2597
115 2627
116 2578
117 2515
118 2482
119 2413
120 2526
121 2397
122 2431
123 2469
124 2475
125 2421
126 2501
127 2457
128 2461
129 2304
130 2277
131 2429
132 2394
133 2286
134 2343
135 2349
136 2248
137 2234
138 2300
139 2262
140 2277
141 2190
142 2136
143 2184
144 2127
145 2174
146 2130
147 2050
148 2163
149 2088
150 2030
151 2062
152 2082
153 2051
154 2001
155 2013
156 1994
157 1963
158 1969
159 1940
160 1948
161 1965
162 1919
163 1941
164 1950
165 1870
166 1897
167 1901
168 1815
169 1882
170 1840
171 1869
172 1861
173 1797
174 1821
175 1851
176 1841
177 1775
178 1799
179 1813
180 1845
181 1711
182 1737
183 1736
184 1787
185 1752
186 1698
187 1716
188 1744
189 1675
190 1687
191 1615
192 1662
193 1628
194 1638
195 1646
196 1730
197 1609
198 1598
199 1600
200 1578
201 1569
202 1604
203 1611
204 1582
205 1539
206 1624
207 1632
208 1568
209 1579
210 1573
211 1557
212 1498
213 1511
214 1498
215 1474
216 1518
217 1498
218 1473
219 1466
220 1462
221 1503
222 1517
223 1489
224 1450
225 1510
226 1460
227 1461
228 1400
229 1406
230 1403
231 1382
232 1484
233 1450
234 1442
235 1460
236 1388
237 1432
238 1384
239 1356
240 1347
241 1407
242 1422
243 1421
244 1329
245 1373
246 1332
247 1370
248 1331
249 1328
250 1361
251 1382
252 1379
253 1321
254 1331
255 1328
256 1285
257 1281
258 1259
259 1289
260 1192
261 1289
262 1236
263 1288
264 1324
265 1270
266 1274
267 1293
268 1346
269 1212
270 1294
271 1252
272 1272
273 1263
274 1234
275 1272
276 1190
277 1219
278 1265
279 1152
280 1289
281 1198
282 1206
283 1236
284 1253
285 1191
286 1186
287 1206
288 1214
289 1197
290 1199
291 1144
292 1192
293 1193
294 1222
295 1160
296 1123
297 1210
298 1181
299 1164
300 1165
301 1149
302 1155
303 1124
304 1120
305 1123
306 1139
307 1187
308 1142
309 1124
310 1171
311 1170
312 1141
313 1125
314 1108
315 1061
316 1138
317 1110
318 1106
319 1091
320 1108
321 1099
322 1063
323 1118
324 1138
325 1091
326 1119
327 1077
328 1075
329 1083
330 1115
331 1061
332 1110
333 1158
334 1100
335 1091
336 1072
337 1120
338 1126
339 1094
340 1087
341 1087
342 1013
343 1043
344 1113
345 1054
346 1062
347 984
348 1101
349 1022
350 1071
351 1027
352 992
353 1021
354 999
355 1036
356 1071
357 990
358 1053
359 1022
360 1024
361 964
362 1040
363 1029
364 961
365 1051
366 981
367 1020
368 972
369 1006
370 988
371 1005
372 990
373 993
374 1012
375 930
376 963
377 963
378 1014
379 1027
380 970
381 912
382 1014
383 952
384 953
385 968
386 973
387 940
388 957
389 941
390 935
391 951
392 919
393 874
394 933
395 960
396 932
397 902
398 912
399 909
400 907
401 860
402 968
403 891
404 915
405 883
406 922
407 907
408 884
409 850
410 837
411 923
412 897
413 854
414 917
415 922
416 911
417 882
418 931
419 887
420 889
421 827
422 871
423 887
424 838
425 887
426 892
427 807
428 855
429 853
430 894
431 855
432 890
433 827
434 834
435 912
436 894
437 825
438 851
439 911
440 878
441 895
442 890
443 870
444 854
445 876
446 819
447 852
448 831
449 863
450 851
451 830
452 833
453 843
454 842
455 851
456 846
457 831
458 766
459 799
460 804
461 801
462 853
463 851
464 859
465 806
466 835
467 798
468 821
469 843
470 837
471 835
472 825
473 790
474 820
475 848
476 806
477 850
478 757
479 864
480 833
481 832
482 759
483 811
484 784
485 786
486 803
487 797
488 803
489 813
490 805
491 764
492 817
493 795
494 789
495 746
496 803
497 786
498 793
499 780
500 734
501 755
502 751
503 772
504 746
505 756
506 742
507 773
508 804
509 755
510 719
511 795
512 772
513 802
514 801
515 781
516 794
517 806
518 745
519 807
520 784
521 740
522 746
523 743
524 697
525 748
526 766
527 753
528 746
529 774
530 756
531 731
532 741
533 762
534 751
535 788
536 746
537 727
538 757
539 770
540 741
541 768
542 748
543 731
544 718
545 691
546 772
547 694
548 699
549 732
550 690
551 742
552 720
553 713
554 710
555 732
556 722
557 753
558 747
559 759
560 723
561 703
562 708
563 721
564 769
565 730
566 735
567 684
568 655
569 723
570 674
571 734
572 686
573 725
574 704
575 771
576 670
577 701
578 689
579 708
580 724
581 696
582 729
583 720
584 690
585 731
586 719
587 687
588 640
589 729
590 708
591 714
592 684
593 718
594 716
595 701
596 682
597 684
598 673
599 703
600 723
601 710
602 682
603 701
604 770
605 699
606 723
607 704
608 660
609 739
610 670
611 611
612 694
613 696
614 694
615 668
616 705
617 703
618 654
619 679
620 697
621 644
622 670
623 700
624 669
625 657
626 649
627 676
628 642
629 657
630 694
631 666
632 638
633 606
634 669
635 651
636 621
637 653
638 659
639 655
640 637
641 603
642 629
643 628
644 674
645 651
646 664
647 677
648 619
649 593
650 652
651 654
652 665
653 660
654 608
655 666
656 655
657 615
658 646
659 643
660 617
661 646
662 668
663 642
664 661
665 638
666 611
667 641
668 653
669 602
670 588
671 628
672 583
673 614
674 623
675 619
676 603
677 662
678 622
679 643
680 660
681 576
682 660
683 619
684 638
685 597
686 608
687 604
688 582
689 598
690 623
691 643
692 610
693 621
694 629
695 604
696 604
697 644
698 622
699 586
700 579
701 624
702 645
703 637
704 621
705 619
706 596
707 600
708 616
709 567
710 613
711 583
712 579
713 627
714 589
715 612
716 631
717 627
718 612
719 595
720 604
721 572
722 597
723 568
724 579
725 562
726 639
727 582
728 646
729 598
730 586
731 575
732 623
733 572
734 551
735 602
736 597
737 600
738 532
739 585
740 604
741 617
742 583
743 613
744 613
745 602
746 636
747 588
748 565
749 561
750 565
751 609
752 551
753 568
754 578
755 580
756 597
757 585
758 587
759 595
760 598
761 593
762 548
763 588
764 576
765 548
766 576
767 632
768 586
769 546
770 568
771 573
772 572
773 531
774 593
775 542
776 542
777 543
778 593
779 577
780 548
781 563
782 538
783 597
784 577
785 577
786 531
787 617
788 576
789 537
790 575
791 584
792 527
793 579
794 554
795 574
796 549
797 557
798 582
799 552
800 586
801 570
802 542
803 573
804 571
805 574
806 579
807 562
808 565
809 602
810 592
811 544
812 576
813 535
814 551
815 552
816 551
817 565
818 573
819 536
820 548
821 570
822 524
823 531
824 547
825 603
826 566
827 555
828 579
829 538
830 561
831 528
832 543
833 582
834 553
835 563
836 537
837 500
838 499
839 541
840 530
841 537
842 549
843 569
844 522
845 484
846 585
847 514
848 528
849 538
850 542
851 549
852 572
853 560
854 559
855 566
856 569
857 586
858 520
859 545
860 567
861 570
862 543
863 521
864 551
865 519
866 545
867 576
868 553
869 536
870 551
871 516
872 553
873 544
874 537
875 560
876 527
877 561
878 504
879 596
880 495
881 553
882 527
883 557
884 516
885 536
886 528
887 545
888 546
889 585
890 517
891 585
892 520
893 473
894 522
895 521
896 521
897 544
898 535
899 506
900 551
901 531
902 549
903 473
904 512
905 483
906 526
907 538
908 507
909 529
910 528
911 558
912 558
913 518
914 555
915 535
916 544
917 544
918 527
919 539
920 521
921 520
922 531
923 471
924 525
925 513
926 493
927 529
928 500
929 548
930 539
931 512
932 527
933 548
934 538
935 521
936 544
937 515
938 555
939 485
940 502
941 532
942 529
943 514
944 541
945 505
946 473
947 506
948 523
949 500
950 510
951 522
952 499
953 459
954 478
955 443
956 521
957 484
958 508
959 497
960 511
961 476
962 519
963 488
964 511
965 495
966 501
967 496
968 501
969 529
970 535
971 477
972 470
973 494
974 517
975 467
976 557
977 465
978 526
979 484
980 502
981 512
982 503
983 489
984 534
985 489
986 523
987 460
988 475
989 522
990 505
991 496
992 474
993 463
994 500
995 498
996 491
997 475
998 502
999 494
1000 491
1001 514
1002 493
1003 505
1004 457
1005 454
1006 493
1007 457
1008 508
1009 459
1010 495
1011 513
1012 472
1013 484
1014 465
1015 481
1016 467
1017 512
1018 505
1019 460
1020 510
1021 473
1022 471
1023 503
1024 508
1025 497
1026 457
1027 494
1028 475
1029 493
1030 476
1031 478
1032 457
1033 480
1034 466
1035 496
1036 446
1037 460
1038 491
1039 453
1040 440
1041 463
1042 482
1043 456
1044 486
1045 502
1046 480
1047 518
1048 463
1049 509
1050 488
1051 468
1052 436
1053 494
1054 481
1055 459
1056 496
1057 472
1058 502
1059 509
1060 425
1061 475
1062 447
1063 479
1064 439
1065 466
1066 434
1067 474
1068 486
1069 466
1070 440
1071 490
1072 447
1073 473
1074 452
1075 453
1076 459
1077 466
1078 490
1079 454
1080 461
1081 436
1082 429
1083 469
1084 446
1085 475
1086 476
1087 487
1088 474
1089 507
1090 489
1091 496
1092 477
1093 525
1094 441
1095 473
1096 464
1097 479
1098 490
1099 489
1100 484
1101 474
1102 479
1103 469
1104 474
1105 494
1106 468
1107 490
1108 517
1109 469
1110 491
1111 466
1112 477
1113 506
1114 516
1115 476
1116 454
1117 493
1118 455
1119 468
1120 428
1121 480
1122 467
1123 496
1124 452
1125 490
1126 494
1127 475
1128 469
1129 501
1130 481
1131 449
1132 501
1133 486
1134 437
1135 450
1136 500
1137 494
1138 481
1139 531
1140 466
1141 499
1142 483
1143 492
1144 491
1145 418
1146 450
1147 460
1148 468
1149 458
1150 487
1151 469
1152 466
1153 444
1154 455
1155 471
1156 480
1157 456
1158 453
1159 450
1160 450
1161 468
1162 480
1163 484
1164 467
1165 467
1166 435
1167 437
1168 429
1169 453
1170 457
1171 472
1172 470
1173 437
1174 473
1175 425
1176 479
1177 433
1178 440
1179 426
1180 451
1181 471
1182 433
1183 436
1184 411
1185 448
1186 425
1187 442
1188 459
1189 455
1190 451
1191 442
1192 431
1193 465
1194 475
1195 429
1196 447
1197 450
1198 430
1199 456
1200 435
1201 446
1202 428
1203 422
1204 418
1205 399
1206 418
1207 419
1208 424
1209 435
1210 413
1211 468
1212 431
1213 418
1214 447
1215 437
1216 455
1217 417
1218 433
1219 410
1220 439
1221 459
1222 429
1223 476
1224 423
1225 440
1226 437
1227 447
1228 456
1229 415
1230 450
1231 469
1232 433
1233 390
1234 453
1235 448
1236 444
1237 456
1238 437
1239 435
1240 449
1241 459
1242 486
1243 477
1244 463
1245 441
1246 421
1247 435
1248 430
1249 427
1250 452
1251 480
1252 435
1253 434
1254 427
1255 462
1256 432
1257 472
1258 406
1259 397
1260 400
1261 466
1262 487
1263 427
1264 457
1265 465
1266 448
1267 407
1268 412
1269 431
1270 432
1271 447
1272 478
1273 423
1274 419
1275 459
1276 461
1277 495
1278 439
1279 463
1280 446
1281 475
1282 448
1283 415
1284 436
1285 433
1286 462
1287 439
1288 420
1289 452
1290 433
1291 399
1292 438
1293 407
1294 398
1295 393
1296 423
1297 389
1298 405
1299 449
1300 444
1301 421
1302 434
1303 470
1304 451
1305 399
1306 430
1307 402
1308 405
1309 436
1310 442
1311 418
1312 490
1313 447
1314 434
1315 452
1316 418
1317 423
1318 455
1319 415
1320 458
1321 415
1322 438
1323 428
1324 398
1325 421
1326 430
1327 409
1328 408
1329 417
1330 398
1331 410
1332 386
1333 426
1334 473
1335 434
1336 412
1337 418
1338 424
1339 415
1340 402
1341 413
1342 426
1343 423
1344 401
1345 368
1346 419
1347 400
1348 432
1349 395
1350 389
1351 422
1352 417
1353 384
1354 393
1355 414
1356 416
1357 432
1358 405
1359 401
1360 379
1361 382
1362 390
1363 383
1364 381
1365 426
1366 405
1367 415
1368 401
1369 398
1370 411
1371 408
1372 433
1373 431
1374 454
1375 438
1376 438
1377 406
1378 435
1379 416
1380 413
1381 414
1382 419
1383 464
1384 449
1385 418
1386 407
1387 416
1388 432
1389 382
1390 428
1391 413
1392 444
1393 429
1394 402
1395 424
1396 409
1397 408
1398 405
1399 370
1400 428
1401 387
1402 432
1403 390
1404 394
1405 406
1406 425
1407 367
1408 396
1409 396
1410 429
1411 392
1412 403
1413 388
1414 432
1415 425
1416 413
1417 399
1418 406
1419 406
1420 408
1421 400
1422 357
1423 374
1424 407
1425 398
1426 410
1427 420
1428 404
1429 403
1430 419
1431 419
1432 436
1433 427
1434 387
1435 379
1436 400
1437 389
1438 407
1439 416
1440 407
1441 404
1442 429
1443 421
1444 433
1445 422
1446 398
1447 404
1448 411
1449 415
1450 423
1451 379
1452 415
1453 401
1454 422
1455 432
1456 409
1457 443
1458 417
1459 457
1460 426
1461 392
1462 407
1463 420
1464 423
1465 413
1466 372
1467 418
1468 426
1469 400
1470 432
1471 423
1472 403
1473 396
1474 448
1475 397
1476 415
1477 431
1478 387
1479 391
1480 418
1481 381
1482 450
1483 421
1484 430
1485 430
1486 382
1487 418
1488 410
1489 436
1490 440
1491 395
1492 381
1493 388
1494 426
1495 419
1496 420
1497 434
1498 405
1499 428
1500 372
1501 410
1502 413
1503 434
1504 426
1505 415
1506 376
1507 430
1508 421
1509 411
1510 439
1511 386
1512 407
1513 410
1514 461
1515 393
1516 410
1517 422
1518 428
1519 435
1520 421
1521 390
1522 388
1523 418
1524 461
1525 383
1526 453
1527 440
1528 407
1529 453
1530 393
1531 435
1532 441
1533 407
1534 378
1535 386
1536 433
1537 409
1538 429
1539 375
1540 405
1541 388
1542 433
1543 410
1544 414
1545 421
1546 376
1547 384
1548 414
1549 433
1550 425
1551 377
1552 424
1553 405
1554 434
1555 403
1556 400
1557 392
1558 360
1559 414
1560 393
1561 409
1562 396
1563 399
1564 394
1565 432
1566 389
1567 402
1568 423
1569 425
1570 439
1571 433
1572 425
1573 388
1574 441
1575 398
1576 443
1577 417
1578 406
1579 398
1580 377
1581 444
1582 412
1583 421
1584 383
1585 409
1586 386
1587 403
1588 389
1589 407
1590 386
1591 396
1592 400
1593 372
1594 360
1595 379
1596 406
1597 410
1598 393
1599 397
1600 412
1601 363
1602 392
1603 367
1604 372
1605 409
1606 428
1607 387
1608 385
1609 429
1610 444
1611 392
1612 384
1613 450
1614 420
1615 367
1616 425
1617 419
1618 391
1619 387
1620 423
1621 383
1622 374
1623 393
1624 391
1625 387
1626 409
1627 384
1628 386
1629 398
1630 364
1631 413
1632 404
1633 413
1634 395
1635 410
1636 392
1637 420
1638 422
1639 409
1640 391
1641 356
1642 410
1643 426
1644 398
1645 397
1646 388
1647 377
1648 398
1649 387
1650 383
1651 369
1652 364
1653 401
1654 379
1655 412
1656 373
1657 349
1658 376
1659 383
1660 381
1661 379
1662 415
1663 407
1664 393
1665 401
1666 344
1667 343
1668 396
1669 389
1670 361
1671 386
1672 424
1673 381
1674 417
1675 388
1676 401
1677 366
1678 387
1679 447
1680 384
1681 412
1682 384
1683 393
1684 394
1685 385
1686 419
1687 419
1688 371
1689 373
1690 386
1691 379
1692 421
1693 399
1694 393
1695 369
1696 382
1697 384
1698 393
1699 359
1700 362
1701 376
1702 397
1703 390
1704 407
1705 416
1706 392
1707 415
1708 415
1709 384
1710 367
1711 403
1712 426
1713 386
1714 414
1715 373
1716 433
1717 388
1718 379
1719 376
1720 408
1721 432
1722 386
1723 328
1724 424
1725 386
1726 414
1727 387
1728 416
1729 407
1730 398
1731 371
1732 379
1733 363
1734 360
1735 362
1736 367
1737 320
1738 349
1739 363
1740 376
1741 370
1742 402
1743 380
1744 425
1745 389
1746 363
1747 381
1748 377
1749 394
1750 355
1751 379
1752 384
1753 347
1754 360
1755 352
1756 408
1757 406
1758 390
1759 381
1760 386
1761 399
1762 382
1763 393
1764 401
1765 357
1766 352
1767 367
1768 380
1769 396
1770 389
1771 388
1772 399
1773 429
1774 356
1775 373
1776 399
1777 381
1778 377
1779 375
1780 397
1781 433
1782 376
1783 397
1784 376
1785 361
1786 411
1787 381
1788 403
1789 427
1790 424
1791 414
1792 394
1793 348
1794 410
1795 411
1796 406
1797 437
1798 372
1799 387
1800 362
1801 396
1802 372
1803 396
1804 418
1805 396
1806 400
1807 419
1808 405
1809 385
1810 383
1811 379
1812 351
1813 387
1814 408
1815 401
1816 412
1817 392
1818 405
1819 375
1820 340
1821 360
1822 403
1823 386
1824 398
1825 414
1826 415
1827 350
1828 372
1829 365
1830 385
1831 404
1832 382
1833 357
1834 373
1835 408
1836 392
1837 411
1838 420
1839 415
1840 409
1841 416
1842 386
1843 427
1844 429
1845 389
1846 358
1847 394
1848 395
1849 397
1850 382
1851 375
1852 394
1853 408
1854 404
1855 448
1856 378
1857 425
1858 383
1859 416
1860 413
1861 405
1862 421
1863 423
1864 399
1865 408
1866 379
1867 368
1868 381
1869 378
1870 398
1871 428
1872 400
1873 399
1874 394
1875 449
1876 408
1877 362
1878 433
1879 445
1880 418
1881 397
1882 405
1883 452
1884 390
1885 434
1886 426
1887 366
1888 411
1889 415
1890 412
1891 380
1892 440
1893 459
1894 415
1895 395
1896 424
1897 396
1898 403
1899 426
1900 391
1901 395
1902 380
1903 379
1904 447
1905 416
1906 377
1907 403
1908 417
1909 411
1910 400
1911 395
1912 408
1913 412
1914 436
1915 416
1916 402
1917 448
1918 463
1919 409
1920 445
1921 430
1922 390
1923 442
1924 430
1925 399
1926 454
1927 436
1928 428
1929 410
1930 386
1931 428
1932 390
1933 404
1934 391
1935 398
1936 391
1937 398
1938 403
1939 400
1940 425
1941 424
1942 380
1943 393
1944 431
1945 382
1946 423
1947 407
1948 366
1949 404
1950 383
1951 401
1952 396
1953 407
1954 430
1955 423
1956 423
1957 402
1958 406
1959 403
1960 415
1961 449
1962 450
1963 437
1964 391
1965 441
1966 437
1967 387
1968 408
1969 384
1970 425
1971 395
1972 401
1973 400
1974 405
1975 405
1976 412
1977 388
1978 387
1979 408
1980 376
1981 357
1982 400
1983 385
1984 424
1985 397
1986 441
1987 423
1988 411
1989 417
1990 411
1991 413
1992 410
1993 402
1994 358
1995 402
1996 371
1997 454
1998 378
1999 396
2000 375
2001 409
2002 401
2003 387
2004 385
2005 409
2006 398
2007 416
2008 402
2009 343
2010 393
2011 384
2012 389
2013 391
2014 428
2015 420
2016 419
2017 418
2018 375
2019 421
2020 403
2021 414
2022 380
2023 425
2024 398
2025 449
2026 387
2027 439
2028 428
2029 444
2030 468
2031 432
2032 450
2033 421
2034 398
2035 423
2036 406
2037 465
2038 444
2039 425
2040 466
2041 416
2042 418
2043 440
2044 426
2045 402
2046 432
2047 422
2048 398
2049 424
2050 398
2051 400
2052 405
2053 381
2054 394
2055 424
2056 403
2057 407
2058 404
2059 373
2060 409
2061 390
2062 402
2063 425
2064 394
2065 423
2066 390
2067 412
2068 397
2069 398
2070 433
2071 416
2072 431
2073 417
2074 386
2075 407
2076 417
2077 417
2078 443
2079 392
2080 394
2081 402
2082 406
2083 391
2084 369
2085 400
2086 410
2087 398
2088 406
2089 415
2090 444
2091 379
2092 398
2093 376
2094 418
2095 427
2096 419
2097 416
2098 428
2099 384
2100 425
2101 404
2102 396
2103 408
2104 421
2105 422
2106 418
2107 386
2108 421
2109 400
2110 428
2111 399
2112 453
2113 430
2114 422
2115 413
2116 432
2117 415
2118 406
2119 394
2120 443
2121 419
2122 395
2123 439
2124 418
2125 415
2126 436
2127 440
2128 401
2129 372
2130 424
2131 403
2132 434
2133 420
2134 416
2135 415
2136 419
2137 429
2138 397
2139 436
2140 408
2141 417
2142 452
2143 415
2144 446
2145 423
2146 448
2147 423
2148 426
2149 435
2150 409
2151 423
2152 428
2153 418
2154 418
2155 425
2156 400
2157 426
2158 447
2159 463
2160 406
2161 453
2162 416
2163 456
2164 459
2165 465
2166 420
2167 414
2168 399
2169 427
2170 423
2171 409
2172 379
2173 439
2174 416
2175 444
2176 396
2177 432
2178 402
2179 399
2180 412
2181 400
2182 408
2183 431
2184 449
2185 436
2186 404
2187 429
2188 422
2189 396
2190 394
2191 441
2192 417
2193 423
2194 428
2195 430
2196 419
2197 380
2198 427
2199 421
2200 405
2201 410
2202 435
2203 460
2204 405
2205 425
2206 456
2207 447
2208 407
2209 451
2210 418
2211 419
2212 411
2213 415
2214 445
2215 433
2216 407
2217 428
2218 417
2219 451
2220 450
2221 401
2222 408
2223 432
2224 416
2225 428
2226 390
2227 424
2228 482
2229 488
2230 427
2231 425
2232 437
2233 400
2234 418
2235 409
2236 448
2237 435
2238 424
2239 398
2240 407
2241 407
2242 393
2243 419
2244 425
2245 457
2246 438
2247 411
2248 407
2249 429
2250 450
2251 458
2252 433
2253 406
2254 414
2255 388
2256 416
2257 416
2258 410
2259 425
2260 405
2261 410
2262 417
2263 398
2264 406
2265 443
2266 402
2267 400
2268 405
2269 415
2270 427
2271 416
2272 432
2273 410
2274 418
2275 442
2276 445
2277 411
2278 411
2279 408
2280 436
2281 392
2282 442
2283 435
2284 394
2285 430
2286 433
2287 404
2288 394
2289 410
2290 402
2291 405
2292 427
2293 387
2294 389
2295 430
2296 431
2297 425
2298 422
2299 413
2300 406
2301 407
2302 385
2303 438
2304 402
2305 389
2306 404
2307 455
2308 444
2309 449
2310 427
2311 427
2312 412
2313 420
2314 432
2315 454
2316 404
2317 412
2318 430
2319 444
2320 438
2321 414
2322 395
2323 448
2324 420
2325 421
2326 403
2327 448
2328 414
2329 423
2330 389
2331 426
2332 383
2333 441
2334 451
2335 441
2336 435
2337 451
2338 444
2339 419
2340 413
2341 414
2342 444
2343 457
2344 386
2345 429
2346 422
2347 396
2348 437
2349 452
2350 402
2351 414
2352 390
2353 371
2354 383
2355 448
2356 426
2357 403
2358 420
2359 419
2360 441
2361 427
2362 390
2363 405
2364 413
2365 419
2366 432
2367 454
2368 440
2369 432
2370 398
2371 443
2372 430
2373 400
2374 454
2375 419
2376 466
2377 433
2378 434
2379 413
2380 414
2381 447
2382 430
2383 437
2384 470
2385 420
2386 407
2387 473
2388 426
2389 466
2390 394
2391 449
2392 453
2393 447
2394 421
2395 402
2396 431
2397 458
2398 434
2399 436
2400 485
2401 441
2402 476
2403 472
2404 487
2405 470
2406 470
2407 444
2408 459
2409 453
2410 441
2411 446
2412 459
2413 469
2414 443
2415 443
2416 472
2417 431
2418 453
2419 418
2420 428
2421 486
2422 479
2423 436
2424 501
2425 411
2426 443
2427 423
2428 421
2429 435
2430 446
2431 440
2432 429
2433 523
2434 433
2435 494
2436 429
2437 432
2438 425
2439 441
2440 433
2441 441
2442 413
2443 449
2444 491
2445 437
2446 397
2447 422
2448 401
2449 405
2450 407
2451 411
2452 433
2453 425
2454 446
2455 420
2456 433
2457 433
2458 397
2459 442
2460 432
2461 380
2462 411
2463 451
2464 430
2465 418
2466 399
2467 428
2468 437
2469 433
2470 410
2471 427
2472 424
2473 412
2474 445
2475 434
2476 388
2477 425
2478 451
2479 426
2480 379
2481 425
2482 420
2483 443
2484 453
2485 437
2486 466
2487 461
2488 446
2489 468
2490 438
2491 470
2492 429
2493 442
2494 437
2495 447
2496 432
2497 436
2498 434
2499 427
2500 428
2501 408
2502 411
2503 447
2504 462
2505 457
2506 439
2507 483
2508 463
2509 433
2510 433
2511 471
2512 428
2513 468
2514 436
2515 416
2516 400
2517 417
2518 457
2519 415
2520 432
2521 425
2522 436
2523 448
2524 402
2525 431
2526 455
2527 414
2528 472
2529 436
2530 431
2531 413
2532 451
2533 468
2534 428
2535 440
2536 466
2537 446
2538 441
2539 452
2540 429
2541 446
2542 450
2543 382
2544 471
2545 440
2546 430
2547 446
2548 428
2549 438
2550 439
2551 451
2552 467
2553 451
2554 441
2555 434
2556 464
2557 437
2558 362
2559 440
2560 417
2561 434
2562 448
2563 437
2564 484
2565 462
2566 464
2567 482
2568 451
2569 455
2570 437
2571 470
2572 433
2573 468
2574 461
2575 478
2576 456
2577 452
2578 439
2579 461
2580 481
2581 461
2582 445
2583 510
2584 446
2585 476
2586 470
2587 452
2588 484
2589 452
2590 453
2591 471
2592 468
2593 436
2594 420
2595 464
2596 479
2597 470
2598 459
2599 485
2600 443
2601 450
2602 476
2603 489
2604 458
2605 504
2606 533
2607 456
2608 477
2609 500
2610 487
2611 492
2612 491
2613 450
2614 488
2615 463
2616 427
2617 486
2618 475
2619 429
2620 485
2621 477
2622 469
2623 472
2624 437
2625 460
2626 431
2627 470
2628 495
2629 455
2630 462
2631 463
2632 414
2633 464
2634 469
2635 479
2636 461
2637 454
2638 475
2639 437
2640 449
2641 474
2642 463
2643 487
2644 464
2645 480
2646 457
2647 474
2648 491
2649 449
2650 463
2651 463
2652 465
2653 481
2654 513
2655 482
2656 484
2657 515
2658 474
2659 528
2660 469
2661 450
2662 432
2663 449
2664 468
2665 437
2666 429
2667 472
2668 459
2669 432
2670 444
2671 423
2672 432
2673 439
2674 470
2675 428
2676 441
2677 462
2678 480
2679 458
2680 434
2681 453
2682 455
2683 480
2684 461
2685 445
2686 478
2687 459
2688 475
2689 456
2690 455
2691 475
2692 446
2693 434
2694 476
2695 473
2696 428
2697 423
2698 469
2699 444
2700 493
2701 491
2702 455
2703 503
2704 452
2705 450
2706 486
2707 440
2708 500
2709 482
2710 479
2711 468
2712 496
2713 483
2714 454
2715 465
2716 467
2717 519
2718 462
2719 453
2720 458
2721 515
2722 499
2723 445
2724 522
2725 508
2726 443
2727 450
2728 497
2729 504
2730 477
2731 467
2732 487
2733 437
2734 478
2735 483
2736 458
2737 484
2738 439
2739 410
2740 435
2741 405
2742 509
2743 444
2744 466
2745 464
2746 476
2747 432
2748 475
2749 495
2750 466
2751 493
2752 469
2753 468
2754 465
2755 509
2756 468
2757 452
2758 443
2759 473
2760 428
2761 461
2762 476
2763 469
2764 480
2765 472
2766 506
2767 476
2768 468
2769 459
2770 449
2771 486
2772 464
2773 462
2774 435
2775 475
2776 487
2777 483
2778 452
2779 467
2780 480
2781 481
2782 469
2783 511
2784 506
2785 491
2786 458
2787 511
2788 475
2789 444
2790 479
2791 490
2792 482
2793 476
2794 473
2795 462
2796 464
2797 464
2798 453
2799 471
2800 511
2801 451
2802 503
2803 492
2804 509
2805 469
2806 513
2807 479
2808 499
2809 473
2810 507
2811 512
2812 489
2813 494
2814 483
2815 507
2816 457
2817 476
2818 492
2819 507
2820 461
2821 507
2822 489
2823 508
2824 441
2825 510
2826 468
2827 482
2828 479
2829 500
2830 458
2831 475
2832 479
2833 522
2834 494
2835 489
2836 482
2837 475
2838 501
2839 500
2840 493
2841 474
2842 535
2843 505
2844 475
2845 486
2846 485
2847 506
2848 477
2849 476
2850 499
2851 430
2852 499
2853 490
2854 516
2855 470
2856 473
2857 482
2858 526
2859 462
2860 550
2861 461
2862 488
2863 481
2864 508
2865 514
2866 460
2867 474
2868 456
2869 473
2870 497
2871 484
2872 468
2873 460
2874 462
2875 507
2876 461
2877 465
2878 486
2879 494
2880 467
2881 488
2882 479
2883 451
2884 491
2885 471
2886 492
2887 500
2888 470
2889 485
2890 479
2891 498
2892 502
2893 480
2894 480
2895 452
2896 475
2897 472
2898 509
2899 490
2900 481
2901 476
2902 475
2903 499
2904 461
2905 459
2906 473
2907 444
2908 456
2909 455
2910 480
2911 471
2912 507
2913 483
2914 501
2915 466
2916 477
2917 538
2918 490
2919 484
2920 492
2921 479
2922 477
2923 478
2924 478
2925 459
2926 478
2927 445
2928 524
2929 469
2930 463
2931 502
2932 549
2933 455
2934 494
2935 505
2936 522
2937 492
2938 526
2939 496
2940 499
2941 489
2942 492
2943 508
2944 490
2945 503
2946 468
2947 494
2948 501
2949 506
2950 492
2951 494
2952 520
2953 518
2954 481
2955 494
2956 490
2957 527
2958 482
2959 498
2960 494
2961 507
2962 546
2963 511
2964 491
2965 546
2966 524
2967 530
2968 499
2969 552
2970 463
2971 472
2972 523
2973 485
2974 506
2975 476
2976 510
2977 514
2978 492
2979 498
2980 486
2981 503
2982 452
2983 519
2984 503
2985 519
2986 490
2987 494
2988 504
2989 507
2990 475
2991 485
2992 509
2993 514
2994 479
2995 542
2996 470
2997 491
2998 471
2999 505
3000 522
3001 501
3002 513
3003 468
3004 493
3005 477
3006 520
3007 464
3008 520
3009 536
3010 487
3011 506
3012 480
3013 525
3014 500
3015 485
3016 494
3017 499
3018 506
3019 482
3020 540
3021 499
3022 496
3023 492
3024 483
3025 493
3026 535
3027 523
3028 512
3029 487
3030 512
3031 501
3032 540
3033 484
3034 485
3035 501
3036 528
3037 506
3038 503
3039 500
3040 519
3041 500
3042 506
3043 516
3044 501
3045 504
3046 522
3047 506
3048 480
3049 482
3050 525
3051 490
3052 497
3053 488
3054 495
3055 522
3056 488
3057 530
3058 462
3059 516
3060 501
3061 539
3062 514
3063 540
3064 444
3065 495
3066 503
3067 514
3068 502
3069 513
3070 478
3071 503
3072 532
3073 497
3074 496
3075 560
3076 519
3077 521
3078 498
3079 521
3080 523
3081 458
3082 528
3083 477
3084 497
3085 517
3086 530
3087 524
3088 542
3089 502
3090 533
3091 517
3092 493
3093 498
3094 560
3095 562
3096 513
3097 528
3098 465
3099 522
3100 526
3101 501
3102 562
3103 569
3104 495
3105 503
3106 512
3107 539
3108 530
3109 533
3110 536
3111 524
3112 538
3113 569
3114 500
3115 563
3116 517
3117 539
3118 569
3119 519
3120 516
3121 521
3122 527
3123 503
3124 551
3125 499
3126 501
3127 547
3128 490
3129 501
3130 538
3131 511
3132 540
3133 486
3134 515
3135 493
3136 491
3137 500
3138 517
3139 538
3140 522
3141 526
3142 543
3143 538
3144 541
3145 515
3146 509
3147 530
3148 533
3149 529
3150 553
3151 564
3152 509
3153 548
3154 524
3155 508
3156 501
3157 524
3158 519
3159 536
3160 503
3161 528
3162 495
3163 513
3164 550
3165 526
3166 571
3167 525
3168 512
3169 524
3170 556
3171 525
3172 487
3173 609
3174 506
3175 506
3176 513
3177 538
3178 527
3179 493
3180 471
3181 548
3182 485
3183 462
3184 540
3185 556
3186 557
3187 532
3188 552
3189 493
3190 531
3191 548
3192 543
3193 522
3194 549
3195 537
3196 481
3197 520
3198 520
3199 496
3200 520
3201 475
3202 520
3203 509
3204 516
3205 497
3206 527
3207 508
3208 537
3209 541
3210 522
3211 509
3212 510
3213 543
3214 508
3215 503
3216 496
3217 552
3218 544
3219 509
3220 556
3221 577
3222 570
3223 562
3224 542
3225 522
3226 526
3227 459
3228 517
3229 549
3230 542
3231 522
3232 563
3233 532
3234 533
3235 518
3236 515
3237 530
3238 527
3239 560
3240 548
3241 503
3242 496
3243 505
3244 498
3245 490
3246 475
3247 523
3248 546
3249 505
3250 519
3251 490
3252 507
3253 510
3254 511
3255 530
3256 504
3257 521
3258 541
3259 549
3260 561
3261 475
3262 515
3263 536
3264 544
3265 523
3266 543
3267 532
3268 491
3269 527
3270 524
3271 527
3272 506
3273 523
3274 526
3275 510
3276 536
3277 526
3278 549
3279 549
3280 537
3281 554
3282 524
3283 547
3284 545
3285 546
3286 534
3287 526
3288 526
3289 549
3290 532
3291 552
3292 567
3293 508
3294 554
3295 509
3296 496
3297 555
3298 557
3299 515
3300 490
3301 482
3302 516
3303 511
3304 503
3305 516
3306 473
3307 541
3308 515
3309 543
3310 541
3311 519
3312 554
3313 526
3314 519
3315 525
3316 540
3317 519
3318 547
3319 527
3320 528
3321 578
3322 549
3323 567
3324 558
3325 516
3326 564
3327 522
3328 539
3329 552
3330 521
3331 547
3332 544
3333 514
3334 554
3335 549
3336 564
3337 531
3338 503
3339 487
3340 535
3341 556
3342 534
3343 535
3344 522
3345 534
3346 531
3347 561
3348 552
3349 514
3350 529
3351 521
3352 544
3353 495
3354 572
3355 539
3356 540
3357 529
3358 578
3359 569
3360 549
3361 554
3362 533
3363 561
3364 529
3365 524
3366 509
3367 569
3368 490
3369 570
3370 584
3371 511
3372 550
3373 578
3374 558
3375 543
3376 545
3377 539
3378 576
3379 515
3380 578
3381 568
3382 568
3383 518
3384 607
3385 537
3386 529
3387 524
3388 573
3389 518
3390 559
3391 500
3392 569
3393 581
3394 532
3395 562
3396 566
3397 587
3398 568
3399 566
3400 549
3401 555
3402 523
3403 575
3404 532
3405 499
3406 543
3407 525
3408 551
3409 532
3410 518
3411 528
3412 541
3413 516
3414 550
3415 587
3416 551
3417 576
3418 564
3419 539
3420 538
3421 569
3422 576
3423 574
3424 539
3425 542
3426 558
3427 545
3428 516
3429 567
3430 501
3431 578
3432 558
3433 525
3434 553
3435 486
3436 538
3437 531
3438 537
3439 526
3440 531
3441 557
3442 574
3443 553
3444 513
3445 558
3446 531
3447 547
3448 543
3449 540
3450 514
3451 538
3452 530
3453 559
3454 561
3455 624
3456 550
3457 521
3458 529
3459 555
3460 553
3461 503
3462 550
3463 558
3464 493
3465 556
3466 527
3467 538
3468 577
3469 558
3470 581
3471 550
3472 566
3473 527
3474 541
3475 552
3476 545
3477 560
3478 522
3479 571
3480 561
3481 569
3482 570
3483 516
3484 559
3485 540
3486 562
3487 526
3488 534
3489 563
3490 544
3491 545
3492 526
3493 557
3494 556
3495 578
3496 552
3497 571
3498 562
3499 552
3500 563
3501 557
3502 518
3503 569
3504 565
3505 578
3506 528
3507 543
3508 569
3509 517
3510 580
3511 587
3512 580
3513 584
3514 563
3515 510
3516 566
3517 541
3518 523
3519 546
3520 548
3521 541
3522 583
3523 564
3524 540
3525 526
3526 586
3527 547
3528 563
3529 526
3530 535
3531 547
3532 543
3533 565
3534 565
3535 546
3536 578
3537 544
3538 563
3539 599
3540 543
3541 586
3542 514
3543 558
3544 547
3545 500
3546 539
3547 529
3548 494
3549 545
3550 546
3551 555
3552 565
3553 570
3554 533
3555 486
3556 562
3557 516
3558 550
3559 505
3560 568
3561 559
3562 550
3563 558
3564 541
3565 554
3566 523
3567 526
3568 534
3569 535
3570 503
3571 574
3572 575
3573 563
3574 559
3575 567
3576 525
3577 538
3578 563
3579 484
3580 564
3581 586
3582 498
3583 580
3584 512
3585 537
3586 507
3587 519
3588 565
3589 510
3590 526
3591 555
3592 522
3593 509
3594 550
3595 540
3596 505
3597 546
3598 533
3599 565
3600 540
3601 486
3602 531
3603 482
3604 515
3605 501
3606 516
3607 508
3608 535
3609 509
3610 495
3611 547
3612 519
3613 549
3614 520
3615 523
3616 535
3617 545
3618 539
3619 541
3620 538
3621 511
3622 536
3623 551
3624 552
3625 546
3626 531
3627 537
3628 515
3629 546
3630 541
3631 511
3632 550
3633 526
3634 517
3635 524
3636 534
3637 540
3638 476
3639 567
3640 574
3641 565
3642 525
3643 537
3644 526
3645 538
3646 566
3647 552
3648 584
3649 501
3650 577
3651 518
3652 510
3653 510
3654 560
3655 574
3656 551
3657 557
3658 506
3659 517
3660 517
3661 550
3662 548
3663 495
3664 532
3665 543
3666 531
3667 535
3668 552
3669 520
3670 531
3671 564
3672 583
3673 564
3674 524
3675 512
3676 546
3677 509
3678 533
3679 515
3680 535
3681 554
3682 546
3683 545
3684 537
3685 512
3686 530
3687 580
3688 529
3689 578
3690 537
3691 543
3692 497
3693 532
3694 506
3695 562
3696 537
3697 555
3698 552
3699 500
3700 569
3701 560
3702 532
3703 586
3704 576
3705 483
3706 518
3707 571
3708 560
3709 546
3710 550
3711 558
3712 529
3713 564
3714 531
3715 514
3716 481
3717 526
3718 505
3719 537
3720 518
3721 539
3722 509
3723 545
3724 486
3725 515
3726 520
3727 548
3728 548
3729 540
3730 534
3731 538
3732 517
3733 523
3734 567
3735 534
3736 525
3737 496
3738 522
3739 531
3740 531
3741 531
3742 513
3743 502
3744 535
3745 497
3746 546
3747 547
3748 561
3749 562
3750 494
3751 540
3752 533
3753 549
3754 529
3755 493
3756 510
3757 543
3758 489
3759 527
3760 497
3761 522
3762 498
3763 522
3764 518
3765 544
3766 539
3767 536
3768 558
3769 491
3770 502
3771 515
3772 544
3773 509
3774 522
3775 485
3776 498
3777 536
3778 552
3779 516
3780 515
3781 525
3782 498
3783 529
3784 489
3785 508
3786 541
3787 517
3788 503
3789 508
3790 492
3791 501
3792 490
3793 497
3794 479
3795 527
3796 508
3797 486
3798 482
3799 512
3800 534
3801 502
3802 522
3803 479
3804 499
3805 495
3806 496
3807 478
3808 506
3809 518
3810 487
3811 478
3812 476
3813 525
3814 498
3815 534
3816 489
3817 509
3818 531
3819 469
3820 490
3821 508
3822 498
3823 531
3824 541
3825 507
3826 503
3827 526
3828 491
3829 538
3830 505
3831 528
3832 535
3833 515
3834 543
3835 498
3836 487
3837 489
3838 478
3839 488
3840 512
3841 508
3842 470
3843 476
3844 498
3845 483
3846 502
3847 501
3848 487
3849 526
3850 489
3851 533
3852 481
3853 498
3854 524
3855 485
3856 499
3857 464
3858 478
3859 506
3860 511
3861 505
3862 500
3863 448
3864 499
3865 488
3866 546
3867 509
3868 419
3869 535
3870 537
3871 488
3872 453
3873 490
3874 471
3875 488
3876 537
3877 493
3878 486
3879 474
3880 510
3881 438
3882 471
3883 456
3884 478
3885 450
3886 486
3887 488
3888 463
3889 519
3890 479
3891 502
3892 520
3893 483
3894 499
3895 467
3896 446
3897 486
3898 479
3899 516
3900 450
3901 487
3902 435
3903 471
3904 440
3905 490
3906 480
3907 489
3908 443
3909 465
3910 467
3911 469
3912 471
3913 473
3914 523
3915 491
3916 512
3917 473
3918 478
3919 506
3920 494
3921 501
3922 495
3923 486
3924 525
3925 459
3926 511
3927 496
3928 496
3929 531
3930 501
3931 485
3932 512
3933 512
3934 518
3935 478
3936 466
3937 523
3938 465
3939 448
3940 465
3941 512
3942 472
3943 497
3944 480
3945 459
3946 478
3947 459
3948 466
3949 484
3950 516
3951 452
3952 496
3953 463
3954 478
3955 457
3956 494
3957 412
3958 476
3959 416
3960 445
3961 496
3962 468
3963 470
3964 484
3965 492
3966 460
3967 526
3968 521
3969 520
3970 491
3971 488
3972 431
3973 483
3974 490
3975 469
3976 477
3977 456
3978 486
3979 509
3980 458
3981 481
3982 503
3983 472
3984 471
3985 486
3986 436
3987 466
3988 486
3989 472
3990 511
3991 446
3992 461
3993 478
3994 457
3995 476
3996 490
3997 478
3998 495
3999 492
4000 472
4001 466
4002 477
4003 486
4004 518
4005 475
4006 450
4007 441
4008 459
4009 489
4010 468
4011 460
4012 469
4013 462
4014 517
4015 490
4016 471
4017 444
4018 459
4019 457
4020 466
4021 454
4022 478
4023 479
4024 457
4025 474
4026 471
4027 487
4028 447
4029 501
4030 461
4031 514
4032 503
4033 477
4034 490
4035 452
4036 462
4037 445
4038 428
4039 467
4040 449
4041 438
4042 442
4043 421
4044 444
4045 447
4046 470
4047 452
4048 475
4049 494
4050 461
4051 462
4052 450
4053 422
4054 460
4055 436
4056 452
4057 493
4058 446
4059 410
4060 471
4061 449
4062 475
4063 424
4064 467
4065 447
4066 455
4067 457
4068 404
4069 468
4070 513
4071 423
4072 451
4073 479
4074 444
4075 464
4076 477
4077 445
4078 429
4079 454
4080 476
4081 435
4082 432
4083 443
4084 462
4085 448
4086 432
4087 414
4088 410
4089 432
4090 432
4091 468
4092 455
4093 430
4094 453
4095 432
4096 447
4097 441
4098 474
4099 453
4100 431
4101 443
4102 441
4103 440
4104 458
4105 429
4106 463
4107 454
4108 461
4109 447
4110 495
4111 446
4112 485
4113 500
4114 489
4115 454
4116 461
4117 488
4118 429
4119 449
4120 442
4121 460
4122 450
4123 419
4124 461
4125 412
4126 437
4127 399
4128 448
4129 422
4130 454
4131 429
4132 460
4133 431
4134 420
4135 433
4136 466
4137 442
4138 426
4139 427
4140 398
4141 402
4142 410
4143 420
4144 428
4145 411
4146 424
4147 380
4148 397
4149 415
4150 399
4151 376
4152 368
4153 421
4154 444
4155 416
4156 412
4157 383
4158 401
4159 427
4160 383
4161 406
4162 419
4163 455
4164 398
4165 408
4166 469
4167 415
4168 386
4169 426
4170 422
4171 462
4172 415
4173 451
4174 442
4175 433
4176 443
4177 417
4178 377
4179 413
4180 427
4181 421
4182 408
4183 405
4184 415
4185 405
4186 403
4187 385
4188 370
4189 413
4190 424
4191 396
4192 408
4193 395
4194 405
4195 379
4196 399
4197 388
4198 376
4199 400
4200 410
4201 356
4202 383
4203 389
4204 375
4205 353
4206 383
4207 419
4208 402
4209 400
4210 360
4211 403
4212 387
4213 406
4214 421
4215 379
4216 369
4217 379
4218 393
4219 394
4220 379
4221 368
4222 396
4223 392
4224 357
4225 395
4226 410
4227 378
4228 383
4229 394
4230 355
4231 389
4232 360
4233 381
4234 356
4235 361
4236 389
4237 392
4238 370
4239 339
4240 355
4241 364
4242 371
4243 323
4244 375
4245 400
4246 359
4247 379
4248 379
4249 352
4250 343
4251 351
4252 382
4253 369
4254 378
4255 330
4256 363
4257 377
4258 339
4259 401
4260 381
4261 373
4262 378
4263 368
4264 340
4265 364
4266 332
4267 388
4268 388
4269 377
4270 349
4271 357
4272 364
4273 375
4274 394
4275 364
4276 344
4277 339
4278 365
4279 355
4280 348
4281 373
4282 358
4283 343
4284 345
4285 383
4286 364
4287 357
4288 343
4289 356
4290 351
4291 360
4292 354
4293 367
4294 321
4295 335
4296 356
4297 367
4298 377
4299 318
4300 349
4301 325
4302 328
4303 325
4304 349
4305 383
4306 365
4307 355
4308 328
4309 364
4310 368
4311 338
4312 321
4313 371
4314 308
4315 348
4316 302
4317 318
4318 338
4319 317
4320 345
4321 331
4322 321
4323 333
4324 343
4325 308
4326 340
4327 356
4328 325
4329 314
4330 335
4331 330
4332 294
4333 371
4334 306
4335 330
4336 330
4337 325
4338 354
4339 324
4340 341
4341 331
4342 322
4343 347
4344 357
4345 350
4346 338
4347 336
4348 341
4349 341
4350 326
4351 314
4352 317
4353 340
4354 340
4355 347
4356 321
4357 333
4358 326
4359 313
4360 311
4361 330
4362 324
4363 319
4364 295
4365 316
4366 319
4367 329
4368 294
4369 317
4370 325
4371 337
4372 320
4373 314
4374 311
4375 322
4376 328
4377 342
4378 326
4379 300
4380 284
4381 286
4382 278
4383 299
4384 297
4385 323
4386 311
4387 310
4388 321
4389 312
4390 329
4391 320
4392 318
4393 308
4394 304
4395 296
4396 298
4397 337
4398 316
4399 287
4400 290
4401 295
4402 262
4403 290
4404 291
4405 293
4406 286
4407 288
4408 283
4409 275
4410 302
4411 284
4412 279
4413 275
4414 288
4415 279
4416 278
4417 261
4418 290
4419 273
4420 291
4421 292
4422 259
4423 290
4424 302
4425 271
4426 278
4427 257
4428 274
4429 280
4430 272
4431 296
4432 298
4433 267
4434 260
4435 283
4436 261
4437 286
4438 272
4439 327
4440 316
4441 297
4442 260
4443 251
4444 241
4445 262
4446 290
4447 286
4448 277
4449 291
4450 257
4451 262
4452 289
4453 268
4454 274
4455 252
4456 252
4457 261
4458 256
4459 264
4460 295
4461 258
4462 286
4463 263
4464 286
4465 264
4466 255
4467 277
4468 266
4469 268
4470 245
4471 261
4472 263
4473 264
4474 246
4475 243
4476 264
4477 246
4478 263
4479 224
4480 262
4481 241
4482 254
4483 283
4484 268
4485 235
4486 249
4487 266
4488 282
4489 262
4490 275
4491 233
4492 276
4493 258
4494 260
4495 237
4496 267
4497 235
4498 246
4499 263
4500 281
4501 219
4502 276
4503 233
4504 244
4505 234
4506 225
4507 245
4508 236
4509 231
4510 232
4511 230
4512 233
4513 230
4514 215
4515 264
4516 253
4517 225
4518 237
4519 231
4520 209
4521 245
4522 234
4523 266
4524 235
4525 243
4526 209
4527 230
4528 232
4529 243
4530 228
4531 221
4532 199
4533 229
4534 215
4535 207
4536 229
4537 210
4538 210
4539 201
4540 239
4541 226
4542 228
4543 221
4544 228
4545 240
4546 231
4547 214
4548 222
4549 217
4550 186
4551 217
4552 179
4553 209
4554 216
4555 214
4556 208
4557 208
4558 208
4559 202
4560 239
4561 192
4562 195
4563 230
4564 225
4565 244
4566 219
4567 208
4568 223
4569 200
4570 191
4571 201
4572 221
4573 201
4574 213
4575 224
4576 208
4577 208
4578 223
4579 206
4580 190
4581 178
4582 220
4583 191
4584 182
4585 185
4586 193
4587 203
4588 214
4589 205
4590 175
4591 187
4592 199
4593 175
4594 182
4595 205
4596 198
4597 197
4598 211
4599 177
4600 181
4601 185
4602 209
4603 212
4604 162
4605 173
4606 177
4607 172
4608 172
4609 168
4610 177
4611 168
4612 168
4613 187
4614 160
4615 175
4616 153
4617 155
4618 173
4619 156
4620 167
4621 163
4622 176
4623 163
4624 145
4625 172
4626 151
4627 163
4628 143
4629 179
4630 176
4631 159
4632 164
4633 163
4634 157
4635 162
4636 150
4637 150
4638 189
4639 167
4640 174
4641 172
4642 161
4643 177
4644 155
4645 171
4646 162
4647 168
4648 165
4649 150
4650 174
4651 196
4652 176
4653 169
4654 158
4655 174
4656 185
4657 192
4658 165
4659 152
4660 211
4661 168
4662 174
4663 158
4664 156
4665 184
4666 161
4667 136
4668 178
4669 147
4670 135
4671 147
4672 165
4673 145
4674 149
4675 168
4676 154
4677 145
4678 147
4679 146
4680 161
4681 164
4682 139
4683 147
4684 155
4685 157
4686 145
4687 133
4688 154
4689 151
4690 142
4691 135
4692 153
4693 152
4694 148
4695 164
4696 155
4697 129
4698 135
4699 154
4700 148
4701 137
4702 145
4703 127
4704 136
4705 146
4706 134
4707 136
4708 126
4709 133
4710 121
4711 105
4712 135
4713 112
4714 128
4715 119
4716 126
4717 106
4718 116
4719 143
4720 113
4721 126
4722 138
4723 124
4724 119
4725 107
4726 108
4727 124
4728 106
4729 111
4730 130
4731 118
4732 107
4733 120
4734 101
4735 129
4736 119
4737 124
4738 139
4739 122
4740 101
4741 127
4742 143
4743 126
4744 100
4745 117
4746 118
4747 123
4748 122
4749 105
4750 110
4751 132
4752 90
4753 102
4754 102
4755 112
4756 108
4757 117
4758 115
4759 106
4760 116
4761 112
4762 103
4763 118
4764 108
4765 94
4766 105
4767 92
4768 98
4769 108
4770 85
4771 109
4772 86
4773 100
4774 106
4775 104
4776 102
4777 101
4778 96
4779 113
4780 97
4781 98
4782 103
4783 98
4784 103
4785 133
4786 117
4787 105
4788 97
4789 81
4790 93
4791 92
4792 89
4793 88
4794 81
4795 103
4796 75
4797 81
4798 84
4799 85
4800 74
4801 106
4802 86
4803 110
4804 113
4805 97
4806 94
4807 100
4808 88
4809 94
4810 94
4811 100
4812 93
4813 89
4814 91
4815 88
4816 95
4817 97
4818 83
4819 90
4820 90
4821 95
4822 83
4823 74
4824 86
4825 67
4826 86
4827 95
4828 93
4829 73
4830 96
4831 89
4832 88
4833 76
4834 75
4835 73
4836 72
4837 88
4838 80
4839 88
4840 79
4841 70
4842 68
4843 85
4844 81
4845 60
4846 87
4847 72
4848 84
4849 70
4850 79
4851 63
4852 81
4853 72
4854 90
4855 66
4856 69
4857 57
4858 64
4859 61
4860 61
4861 56
4862 83
4863 58
4864 52
4865 65
4866 65
4867 69
4868 68
4869 64
4870 57
4871 87
4872 65
4873 63
4874 54
4875 68
4876 73
4877 66
4878 66
4879 72
4880 61
4881 60
4882 67
4883 52
4884 52
4885 55
4886 56
4887 42
4888 62
4889 49
4890 68
4891 45
4892 59
4893 69
4894 57
4895 61
4896 68
4897 52
4898 66
4899 50
4900 51
4901 47
4902 52
4903 56
4904 37
4905 54
4906 44
4907 65
4908 50
4909 45
4910 59
4911 54
4912 55
4913 42
4914 53
4915 42
4916 46
4917 65
4918 39
4919 35
4920 42
4921 35
4922 54
4923 53
4924 40
4925 36
4926 44
4927 36
4928 44
4929 43
4930 32
4931 53
4932 36
4933 40
4934 48
4935 30
4936 38
4937 43
4938 34
4939 37
4940 40
4941 33
4942 45
4943 42
4944 35
4945 41
4946 39
4947 35
4948 50
4949 44
4950 36
4951 38
4952 49
4953 36
4954 42
4955 33
4956 39
4957 35
4958 35
4959 40
4960 37
4961 29
4962 25
4963 31
4964 45
4965 39
4966 35
4967 39
4968 43
4969 38
4970 45
4971 36
4972 39
4973 48
4974 36
4975 40
4976 32
4977 51
4978 33
4979 28
4980 26
4981 38
4982 26
4983 28
4984 30
4985 35
4986 39
4987 30
4988 32
4989 32
4990 29
4991 24
4992 28
4993 29
4994 32
4995 27
4996 38
4997 27
4998 20
4999 35
5000 17
5001 24
5002 21
5003 33
5004 28
5005 23
5006 22
5007 21
5008 28
5009 33
5010 24
5011 26
5012 35
5013 23
5014 23
5015 32
5016 30
5017 24
5018 23
5019 23
5020 20
5021 17
5022 27
5023 20
5024 30
5025 28
5026 25
5027 21
5028 27
5029 14
5030 16
5031 18
5032 25
5033 24
5034 18
5035 16
5036 24
5037 17
5038 26
5039 19
5040 32
5041 20
5042 21
5043 18
5044 25
5045 14
5046 20
5047 15
5048 20
5049 15
5050 22
5051 13
5052 22
5053 21
5054 11
5055 23
5056 14
5057 13
5058 14
5059 13
5060 12
5061 18
5062 13
5063 10
5064 13
5065 8
5066 19
5067 16
5068 19
5069 11
5070 11
5071 15
5072 8
5073 12
5074 12
5075 12
5076 5
5077 10
5078 17
5079 20
5080 8
5081 14
5082 14
5083 17
5084 12
5085 11
5086 14
5087 11
5088 15
5089 13
5090 16
5091 13
5092 15
5093 10
5094 17
5095 17
5096 11
5097 16
5098 9
5099 6
5100 6
5101 6
5102 9
5103 9
5104 9
5105 6
5106 6
5107 6
5108 7
5109 10
5110 10
5111 10
5112 4
5113 4
5114 8
5115 7
5116 10
5117 7
5118 7
5119 6
5120 8
5121 4
5122 3
5123 7
5124 9
5125 7
5126 3
5127 7
5128 2
5129 4
5130 8
5131 4
5132 5
5133 2
5134 5
5135 6
5136 6
5137 4
5138 5
5139 3
5140 7
5141 6
5142 10
5143 4
5144 5
5145 5
5146 5
5147 1
5148 5
5149 6
5150 9
5151 4
5152 4
5153 5
5154 2
5155 3
5156 8
5157 1
5158 4
5159 2
5160 5
5161 3
5162 4
5163 5
5164 7
5165 6
5166 6
5167 4
5168 3
5169 3
5170 6
5171 12
5172 5
5173 4
5174 7
5175 5
5176 3
5177 1
5178 2
5179 6
5180 3
5181 3
5182 1
5183 2
5184 7
5185 1
5186 3
5187 3
5188 1
5189 3
5190 3
5191 1
5192 3
5193 6
5194 1
5195 1
5196 4
5197 1
5198 1
5199 3
5200 2
5201 6
5202 3
5203 6
5204 2
5205 8
5206 4
5207 7
5208 4
5209 2
5210 1
5211 1
5212 3
5213 4
5214 2
5215 5
5216 2
5217 0
5218 4
5219 4
5220 1
5221 4
5222 3
5223 2
5224 4
5225 3
5226 2
5227 4
5228 0
5229 1
5230 2
5231 1
5232 0
5233 2
5234 2
5235 2
5236 2
5237 2
5238 7
5239 1
5240 5
5241 1
5242 3
5243 2
5244 5
5245 6
5246 4
5247 6
5248 1
5249 3
5250 3
5251 5
5252 1
5253 2
5254 0
5255 3
5256 3
5257 2
5258 6
5259 3
5260 4
5261 2
5262 3
5263 2
5264 1
5265 4
5266 2
5267 1
5268 0
5269 0
5270 1
5271 1
5272 1
5273 0
5274 2
5275 0
5276 2
5277 1
5278 0
5279 2
5280 0
5281 1
5282 1
5283 0
5284 2
5285 2
5286 0
5287 0
5288 1
5289 1
5290 1
5291 0
5292 0
5293 2
5294 2
5295 1
5296 7
5297 4
5298 1
5299 3
5300 3
5301 0
5302 2
5303 1
5304 1
5305 1
5306 1
5307 2
5308 2
5309 2
5310 0
5311 0
5312 3
5313 2
5314 0
5315 1
5316 1
5317 2
5318 1
5319 1
5320 0
5321 1
5322 1
5323 1
5324 1
5325 0
5326 0
5327 1
5328 0
5329 0
5330 1
5331 0
5332 1
5333 0
5334 0
5335 0
5336 0
5337 0
5338 2
5339 0
5340 0
5341 0
5342 0
5343 0
5344 0
5345 0
5346 0
5347 2
5348 0
5349 0
5350 0
5351 2
5352 1
5353 0
5354 1
5355 0
5356 0
5357 2
5358 0
5359 0
5360 0
5361 0
5362 0
5363 0
5364 0
5365 0
5366 0
5367 0
5368 1
5369 0
5370 0
5371 0
5372 0
5373 1
5374 0
5375 0
5376 1
5377 2
5378 0
5379 0
5380 1
5381 1
5382 0
5383 0
5384 0
5385 0
5386 1
5387 0
5388 0
5389 0
5390 0
5391 0
5392 1
5393 1
5394 0
5395 0
5396 1
5397 0
5398 0
5399 0
5400 1
5401 0
5402 1
5403 1
5404 0
5405 0
5406 0
5407 0
5408 0
5409 1
5410 2
5411 0
5412 1
5413 0
5414 1
