-1103 1
-1102 0
-1101 0
-1100 0
-1099 0
-1098 0
-1097 0
-1096 0
-1095 1
-1094 0
-1093 0
-1092 0
-1091 0
-1090 0
-1089 0
-1088 0
-1087 0
-1086 0
-1085 0
-1084 0
-1083 0
-1082 1
-1081 0
-1080 0
-1079 0
-1078 0
-1077 0
-1076 0
-1075 0
-1074 0
-1073 0
-1072 0
-1071 0
-1070 0
-1069 0
-1068 0
-1067 0
-1066 0
-1065 0
-1064 0
-1063 0
-1062 0
-1061 0
-1060 0
-1059 0
-1058 0
-1057 0
-1056 0
-1055 0
-1054 0
-1053 0
-1052 0
-1051 0
-1050 0
-1049 0
-1048 0
-1047 0
-1046 0
-1045 0
-1044 0
-1043 0
-1042 0
-1041 0
-1040 0
-1039 0
-1038 0
-1037 0
-1036 0
-1035 0
-1034 0
-1033 0
-1032 0
-1031 0
-1030 0
-1029 0
-1028 0
-1027 0
-1026 0
-1025 0
-1024 0
-1023 0
-1022 0
-1021 0
-1020 0
-1019 0
-1018 0
-1017 0
-1016 0
-1015 0
-1014 0
-1013 0
-1012 0
-1011 0
-1010 0
-1009 0
-1008 0
-1007 0
-1006 0
-1005 0
-1004 0
-1003 0
-1002 0
-1001 0
-1000 0
-999 0
-998 0
-997 0
-996 0
-995 0
-994 0
-993 0
-992 0
-991 0
-990 0
-989 0
-988 0
-987 0
-986 0
-985 0
-984 2
-983 0
-982 0
-981 0
-980 0
-979 0
-978 0
-977 0
-976 0
-975 1
-974 0
-973 0
-972 0
-971 1
-970 0
-969 1
-968 0
-967 0
-966 1
-965 0
-964 0
-963 0
-962 0
-961 0
-960 0
-959 0
-958 0
-957 0
-956 1
-955 0
-954 0
-953 1
-952 0
-951 0
-950 0
-949 1
-948 0
-947 0
-946 0
-945 1
-944 0
-943 0
-942 0
-941 0
-940 1
-939 2
-938 0
-937 0
-936 0
-935 1
-934 0
-933 0
-932 0
-931 0
-930 0
-929 1
-928 0
-927 0
-926 1
-925 0
-924 0
-923 0
-922 0
-921 0
-920 0
-919 1
-918 0
-917 0
-916 1
-915 0
-914 0
-913 0
-912 0
-911 1
-910 0
-909 0
-908 1
-907 0
-906 0
-905 1
-904 2
-903 1
-902 1
-901 0
-900 0
-899 0
-898 0
-897 0
-896 0
-895 1
-894 0
-893 1
-892 0
-891 0
-890 0
-889 2
-888 0
-887 0
-886 1
-885 1
-884 0
-883 0
-882 1
-881 0
-880 0
-879 0
-878 0
-877 0
-876 0
-875 0
-874 0
-873 0
-872 1
-871 2
-870 0
-869 0
-868 0
-867 1
-866 1
-865 0
-864 0
-863 1
-862 0
-861 1
-860 0
-859 2
-858 0
-857 0
-856 0
-855 3
-854 1
-853 0
-852 0
-851 2
-850 3
-849 1
-848 0
-847 1
-846 0
-845 0
-844 0
-843 0
-842 0
-841 1
-840 1
-839 0
-838 0
-837 2
-836 0
-835 1
-834 1
-833 4
-832 0
-831 1
-830 0
-829 0
-828 1
-827 1
-826 3
-825 1
-824 0
-823 0
-822 0
-821 0
-820 1
-819 1
-818 1
-817 0
-816 2
-815 1
-814 2
-813 0
-812 0
-811 1
-810 3
-809 3
-808 0
-807 1
-806 1
-805 0
-804 1
-803 1
-802 1
-801 0
-800 1
-799 2
-798 2
-797 0
-796 2
-795 0
-794 0
-793 1
-792 1
-791 3
-790 5
-789 1
-788 3
-787 1
-786 2
-785 0
-784 1
-783 2
-782 2
-781 5
-780 3
-779 1
-778 2
-777 0
-776 2
-775 2
-774 1
-773 1
-772 3
-771 3
-770 1
-769 3
-768 3
-767 1
-766 3
-765 1
-764 1
-763 0
-762 1
-761 3
-760 1
-759 0
-758 3
-757 1
-756 1
-755 4
-754 4
-753 0
-752 2
-751 2
-750 3
-749 0
-748 1
-747 2
-746 4
-745 2
-744 1
-743 3
-742 0
-741 3
-740 2
-739 5
-738 2
-737 1
-736 3
-735 3
-734 4
-733 3
-732 5
-731 5
-730 3
-729 4
-728 3
-727 4
-726 1
-725 6
-724 1
-723 4
-722 3
-721 2
-720 2
-719 3
-718 3
-717 8
-716 1
-715 4
-714 5
-713 4
-712 4
-711 5
-710 2
-709 6
-708 3
-707 9
-706 5
-705 5
-704 4
-703 2
-702 5
-701 5
-700 5
-699 2
-698 2
-697 3
-696 4
-695 7
-694 7
-693 2
-692 6
-691 5
-690 7
-689 6
-688 7
-687 4
-686 3
-685 3
-684 7
-683 4
-682 2
-681 6
-680 8
-679 5
-678 10
-677 7
-676 9
-675 4
-674 5
-673 4
-672 10
-671 5
-670 4
-669 9
-668 5
-667 7
-666 3
-665 5
-664 8
-663 6
-662 8
-661 10
-660 12
-659 9
-658 8
-657 10
-656 7
-655 2
-654 6
-653 16
-652 11
-651 12
-650 11
-649 8
-648 12
-647 5
-646 7
-645 6
-644 8
-643 13
-642 9
-641 8
-640 12
-639 12
-638 8
-637 13
-636 15
-635 16
-634 18
-633 7
-632 8
-631 9
-630 9
-629 16
-628 11
-627 12
-626 13
-625 18
-624 11
-623 14
-622 10
-621 13
-620 9
-619 20
-618 17
-617 16
-616 14
-615 16
-614 10
-613 20
-612 19
-611 8
-610 15
-609 16
-608 19
-607 15
-606 12
-605 17
-604 17
-603 18
-602 12
-601 14
-600 22
-599 16
-598 13
-597 14
-596 17
-595 15
-594 22
-593 20
-592 20
-591 16
-590 29
-589 24
-588 19
-587 21
-586 22
-585 21
-584 22
-583 22
-582 23
-581 16
-580 24
-579 24
-578 24
-577 24
-576 27
-575 26
-574 19
-573 24
-572 27
-571 21
-570 26
-569 23
-568 24
-567 34
-566 32
-565 20
-564 19
-563 21
-562 26
-561 26
-560 35
-559 27
-558 26
-557 23
-556 17
-555 31
-554 30
-553 30
-552 31
-551 31
-550 24
-549 29
-548 40
-547 34
-546 41
-545 42
-544 37
-543 34
-542 34
-541 38
-540 30
-539 35
-538 34
-537 39
-536 45
-535 48
-534 40
-533 48
-532 36
-531 46
-530 42
-529 50
-528 42
-527 37
-526 52
-525 43
-524 29
-523 45
-522 41
-521 35
-520 56
-519 47
-518 45
-517 45
-516 47
-515 44
-514 47
-513 57
-512 43
-511 53
-510 43
-509 51
-508 55
-507 45
-506 42
-505 60
-504 59
-503 58
-502 53
-501 55
-500 54
-499 46
-498 63
-497 59
-496 64
-495 51
-494 53
-493 70
-492 70
-491 70
-490 63
-489 58
-488 56
-487 74
-486 69
-485 71
-484 69
-483 71
-482 73
-481 62
-480 77
-479 75
-478 72
-477 88
-476 77
-475 64
-474 80
-473 77
-472 102
-471 72
-470 83
-469 91
-468 90
-467 89
-466 95
-465 81
-464 88
-463 98
-462 99
-461 100
-460 101
-459 85
-458 101
-457 97
-456 94
-455 116
-454 95
-453 108
-452 107
-451 101
-450 125
-449 118
-448 102
-447 119
-446 135
-445 125
-444 95
-443 117
-442 134
-441 115
-440 122
-439 130
-438 96
-437 140
-436 134
-435 140
-434 135
-433 132
-432 144
-431 171
-430 145
-429 164
-428 154
-427 139
-426 158
-425 135
-424 151
-423 163
-422 168
-421 155
-420 169
-419 170
-418 148
-417 173
-416 168
-415 163
-414 172
-413 185
-412 172
-411 186
-410 183
-409 186
-408 200
-407 182
-406 172
-405 177
-404 214
-403 183
-402 205
-401 201
-400 215
-399 203
-398 216
-397 219
-396 218
-395 203
-394 198
-393 237
-392 245
-391 223
-390 221
-389 254
-388 230
-387 219
-386 263
-385 281
-384 258
-383 233
-382 256
-381 262
-380 249
-379 281
-378 308
-377 283
-376 296
-375 294
-374 288
-373 298
-372 300
-371 265
-370 294
-369 318
-368 301
-367 329
-366 323
-365 312
-364 340
-363 335
-362 307
-361 359
-360 343
-359 390
-358 373
-357 371
-356 351
-355 382
-354 387
-353 405
-352 401
-351 412
-350 407
-349 359
-348 442
-347 399
-346 406
-345 414
-344 424
-343 399
-342 426
-341 469
-340 450
-339 483
-338 464
-337 447
-336 471
-335 452
-334 474
-333 479
-332 472
-331 476
-330 514
-329 505
-328 548
-327 532
-326 533
-325 545
-324 566
-323 568
-322 584
-321 599
-320 598
-319 578
-318 584
-317 601
-316 627
-315 591
-314 616
-313 663
-312 597
-311 704
-310 702
-309 658
-308 675
-307 629
-306 735
-305 702
-304 735
-303 746
-302 755
-301 688
-300 803
-299 761
-298 761
-297 802
-296 836
-295 863
-294 809
-293 834
-292 879
-291 901
-290 909
-289 904
-288 923
-287 881
-286 931
-285 999
-284 934
-283 930
-282 956
-281 958
-280 971
-279 1004
-278 1026
-277 1051
-276 1017
-275 1093
-274 1111
-273 1070
-272 1084
-271 1134
-270 1132
-269 1164
-268 1168
-267 1205
-266 1251
-265 1186
-264 1251
-263 1245
-262 1326
-261 1285
-260 1306
-259 1382
-258 1303
-257 1379
-256 1418
-255 1449
-254 1427
-253 1442
-252 1523
-251 1475
-250 1463
-249 1487
-248 1522
-247 1569
-246 1539
-245 1644
-244 1677
-243 1723
-242 1652
-241 1764
-240 1788
-239 1850
-238 1804
-237 1908
-236 1935
-235 1925
-234 1993
-233 1988
-232 2050
-231 1946
-230 2098
-229 2137
-228 2097
-227 2090
-226 2163
-225 2221
-224 2247
-223 2184
-222 2281
-221 2252
-220 2425
-219 2426
-218 2469
-217 2529
-216 2515
-215 2589
-214 2670
-213 2734
-212 2673
-211 2749
-210 2786
-209 2927
-208 2910
-207 2957
-206 3024
-205 2972
-204 3118
-203 3129
-202 3080
-201 3284
-200 3308
-199 3346
-198 3392
-197 3404
-196 3449
-195 3586
-194 3672
-193 3634
-192 3714
-191 3757
-190 3893
-189 3873
-188 3965
-187 4052
-186 4071
-185 4170
-184 4314
-183 4321
-182 4326
-181 4412
-180 4526
-179 4525
-178 4725
-177 4731
-176 4765
-175 4956
-174 4963
-173 5024
-172 5048
-171 5166
-170 5252
-169 5487
-168 5553
-167 5656
-166 5613
-165 5923
-164 5973
-163 6058
-162 6107
-161 6231
-160 6332
-159 6509
-158 6500
-157 6785
-156 6746
-155 6818
-154 7060
-153 7053
-152 7258
-151 7500
-150 7538
-149 7798
-148 7803
-147 7908
-146 8061
-145 8161
-144 8298
-143 8756
-142 8885
-141 8861
-140 9035
-139 9259
-138 9423
-137 9518
-136 9825
-135 10084
-134 10056
-133 10326
-132 10483
-131 10982
-130 10988
-129 11396
-128 11435
-127 11715
-126 11901
-125 12171
-124 12408
-123 12535
-122 12778
-121 13067
-120 13476
-119 13614
-118 13982
-117 14176
-116 14438
-115 14860
-114 15205
-113 15560
-112 15934
-111 16093
-110 16803
-109 16797
-108 17298
-107 17450
-106 17847
-105 18420
-104 18830
-103 19215
-102 19656
-101 20032
-100 20471
-99 21044
-98 21340
-97 21989
-96 22277
-95 23108
-94 23650
-93 24045
-92 24764
-91 25346
-90 26187
-89 26643
-88 27280
-87 28058
-86 28628
-85 29254
-84 29781
-83 30801
-82 31745
-81 32462
-80 33932
-79 34208
-78 35051
-77 36123
-76 37090
-75 38164
-74 38911
-73 40517
-72 41221
-71 42474
-70 43674
-69 44594
-68 46440
-67 47819
-66 48922
-65 50784
-64 51999
-63 54072
-62 55564
-61 57613
-60 58685
-59 60683
-58 62857
-57 65313
-56 66846
-55 70003
-54 72085
-53 74733
-52 77540
-51 79478
-50 83144
-49 86375
-48 89091
-47 92534
-46 96421
-45 99786
-44 103923
-43 107997
-42 113229
-41 117484
-40 123324
-39 128262
-38 134355
-37 140315
-36 145967
-35 154800
-34 161387
-33 169736
-32 178227
-31 187819
-30 198845
-29 208563
-28 222943
-27 234544
-26 249772
-25 266192
-24 283612
-23 301927
-22 324465
-21 348772
-20 376217
-19 405563
-18 441014
-17 480236
-16 525153
-15 577394
-14 637680
-13 710661
-12 799573
-11 901064
-10 1033004
-9 1194434
-8 1406595
-7 1683564
-6 2067293
-5 2626111
-4 3491144
-3 4976744
-2 8108833
-1 17901980
0 100680377
1 791254232
2 103951055
3 15537210
4 7544934
5 4826779
6 3423784
7 2592153
8 2048144
9 1671303
10 1397409
11 1186655
12 1028293
13 896637
14 793691
15 707788
16 635257
17 575374
18 523256
19 478973
20 438629
21 405349
22 374682
23 348195
24 323433
25 301466
26 282205
27 265222
28 249073
29 234793
30 222303
31 209302
32 198147
33 188160
34 178659
35 168920
36 161311
37 153728
38 146215
39 139803
40 133474
41 128488
42 123024
43 117136
44 112936
45 108649
46 104132
47 99645
48 96117
49 92860
50 89348
51 86572
52 82630
53 79580
54 76891
55 74231
56 71707
57 69577
58 67389
59 65030
60 63025
61 60869
62 58897
63 57164
64 55439
65 53637
66 52270
67 50224
68 49051
69 47637
70 46311
71 45171
72 43811
73 42595
74 40944
75 39919
76 39178
77 37702
78 36790
79 36240
80 35201
81 34195
82 33305
83 32470
84 31570
85 31120
86 29957
87 29701
88 28420
89 28154
90 27001
91 26545
92 25969
93 25289
94 24586
95 24213
96 23481
97 23002
98 22312
99 22216
100 21375
101 20691
102 20265
103 20167
104 19737
105 19008
106 18789
107 18437
108 18263
109 17373
110 17226
111 16866
112 16640
113 16099
114 15652
115 15539
116 15310
117 15079
118 14258
119 14211
120 13964
121 13752
122 13409
123 13071
124 12825
125 12555
126 12341
127 12144
128 11660
129 11497
130 11529
131 11227
132 10911
133 10836
134 10499
135 10324
136 9971
137 10108
138 9709
139 9474
140 9407
141 9353
142 9051
143 9039
144 8760
145 8561
146 8499
147 8385
148 7933
149 8057
150 7923
151 7647
152 7533
153 7369
154 7322
155 7115
156 6981
157 6919
158 6802
159 6623
160 6634
161 6439
162 6357
163 6105
164 5895
165 6125
166 5767
167 5881
168 5744
169 5674
170 5608
171 5467
172 5394
173 5286
174 5069
175 5080
176 4932
177 4984
178 4830
179 4803
180 4709
181 4559
182 4638
183 4493
184 4387
185 4268
186 4180
187 4174
188 4092
189 3977
190 3783
191 3780
192 3787
193 3788
194 3691
195 3666
196 3538
197 3549
198 3351
199 3379
200 3370
201 3307
202 3133
203 3130
204 3214
205 3112
206 3078
207 3067
208 3008
209 2948
210 2852
211 2804
212 2784
213 2765
214 2680
215 2693
216 2593
217 2517
218 2547
219 2512
220 2458
221 2462
222 2467
223 2349
224 2390
225 2333
226 2241
227 2225
228 2182
229 2079
230 2140
231 2105
232 2113
233 2029
234 1931
235 1923
236 1902
237 1950
238 1932
239 1910
240 1797
241 1788
242 1847
243 1722
244 1750
245 1656
246 1636
247 1663
248 1640
249 1578
250 1498
251 1584
252 1475
253 1546
254 1451
255 1494
256 1395
257 1422
258 1402
259 1351
260 1354
261 1401
262 1362
263 1225
264 1260
265 1264
266 1176
267 1279
268 1211
269 1211
270 1250
271 1172
272 1166
273 1173
274 1186
275 1125
276 1090
277 1074
278 1009
279 1034
280 1023
281 1034
282 961
283 1029
284 961
285 1053
286 963
287 905
288 924
289 928
290 869
291 922
292 871
293 819
294 874
295 822
296 852
297 832
298 861
299 762
300 740
301 805
302 732
303 798
304 747
305 755
306 743
307 762
308 731
309 702
310 653
311 631
312 657
313 635
314 640
315 638
316 613
317 562
318 609
319 555
320 617
321 616
322 578
323 567
324 538
325 568
326 585
327 548
328 486
329 539
330 519
331 536
332 520
333 531
334 470
335 493
336 461
337 468
338 462
339 462
340 454
341 462
342 480
343 414
344 392
345 415
346 383
347 435
348 377
349 394
350 414
351 405
352 395
353 436
354 395
355 374
356 366
357 345
358 374
359 317
360 363
361 369
362 332
363 355
364 322
365 359
366 318
367 314
368 336
369 290
370 278
371 317
372 317
373 299
374 282
375 294
376 293
377 323
378 299
379 273
380 265
381 272
382 295
383 247
384 271
385 246
386 249
387 222
388 230
389 263
390 254
391 231
392 234
393 219
394 209
395 229
396 230
397 237
398 197
399 197
400 206
401 208
402 212
403 195
404 183
405 207
406 193
407 197
408 208
409 207
410 199
411 189
412 175
413 182
414 174
415 188
416 189
417 165
418 175
419 160
420 168
421 142
422 170
423 169
424 141
425 160
426 179
427 157
428 145
429 128
430 141
431 132
432 120
433 146
434 129
435 129
436 133
437 136
438 124
439 124
440 112
441 113
442 120
443 111
444 119
445 111
446 96
447 110
448 129
449 107
450 122
451 106
452 122
453 118
454 97
455 99
456 98
457 94
458 113
459 102
460 95
461 108
462 103
463 98
464 92
465 90
466 85
467 83
468 93
469 113
470 69
471 104
472 80
473 90
474 92
475 78
476 84
477 77
478 74
479 77
480 80
481 79
482 82
483 88
484 59
485 54
486 66
487 68
488 69
489 67
490 66
491 61
492 65
493 74
494 73
495 66
496 57
497 65
498 71
499 61
500 66
501 54
502 71
503 52
504 50
505 45
506 51
507 48
508 62
509 62
510 63
511 38
512 42
513 45
514 53
515 61
516 48
517 43
518 47
519 43
520 56
521 47
522 41
523 38
524 47
525 38
526 40
527 43
528 51
529 43
530 27
531 50
532 30
533 40
534 36
535 45
536 46
537 40
538 39
539 37
540 27
541 38
542 33
543 37
544 31
545 37
546 39
547 30
548 19
549 30
550 29
551 25
552 25
553 25
554 23
555 30
556 32
557 38
558 32
559 18
560 24
561 31
562 28
563 26
564 22
565 31
566 25
567 14
568 26
569 23
570 31
571 22
572 27
573 23
574 22
575 25
576 23
577 29
578 29
579 25
580 25
581 24
582 18
583 31
584 24
585 18
586 27
587 18
588 25
589 17
590 15
591 25
592 24
593 16
594 16
595 20
596 21
597 13
598 23
599 21
600 15
601 12
602 18
603 20
604 18
605 21
606 18
607 20
608 15
609 14
610 20
611 11
612 16
613 15
614 25
615 11
616 8
617 12
618 15
619 11
620 12
621 12
622 17
623 17
624 5
625 13
626 15
627 7
628 13
629 10
630 12
631 16
632 13
633 11
634 16
635 13
636 17
637 9
638 9
639 12
640 10
641 10
642 9
643 11
644 8
645 11
646 10
647 9
648 5
649 11
650 9
651 7
652 10
653 9
654 10
655 9
656 5
657 8
658 2
659 4
660 6
661 11
662 7
663 9
664 5
665 9
666 9
667 7
668 11
669 9
670 6
671 5
672 10
673 10
674 10
675 11
676 8
677 9
678 5
679 9
680 7
681 4
682 8
683 1
684 8
685 3
686 6
687 7
688 2
689 5
690 8
691 5
692 4
693 5
694 9
695 5
696 7
697 8
698 6
699 3
700 5
701 4
702 5
703 9
704 6
705 6
706 4
707 2
708 1
709 9
710 6
711 4
712 5
713 4
714 4
715 2
716 3
717 3
718 4
719 4
720 4
721 3
722 6
723 5
724 3
725 4
726 3
727 2
728 3
729 3
730 5
731 4
732 5
733 4
734 0
735 3
736 1
737 6
738 3
739 1
740 5
741 3
742 7
743 4
744 4
745 4
746 2
747 2
748 1
749 0
750 1
751 3
752 2
753 2
754 1
755 0
756 2
757 1
758 2
759 2
760 4
761 3
762 3
763 1
764 2
765 1
766 1
767 1
768 3
769 4
770 2
771 2
772 1
773 0
774 0
775 0
776 0
777 2
778 3
779 0
780 6
781 2
782 1
783 1
784 1
785 0
786 1
787 2
788 0
789 0
790 1
791 4
792 3
793 1
794 1
795 3
796 2
797 2
798 1
799 1
800 2
801 2
802 2
803 1
804 3
805 1
806 0
807 2
808 0
809 1
810 2
811 1
812 0
813 0
814 1
815 0
816 1
817 0
818 0
819 0
820 1
821 0
822 2
823 1
824 1
825 2
826 1
827 1
828 2
829 0
830 2
831 0
832 0
833 0
834 1
835 3
836 1
837 1
838 0
839 0
840 0
841 0
842 0
843 1
844 0
845 0
846 0
847 0
848 0
849 3
850 2
851 0
852 0
853 0
854 2
855 1
856 1
857 0
858 1
859 2
860 0
861 4
862 1
863 1
864 0
865 1
866 0
867 0
868 0
869 1
870 0
871 1
872 1
873 1
874 0
875 0
876 0
877 0
878 1
879 0
880 0
881 0
882 1
883 0
884 0
885 0
886 0
887 0
888 0
889 0
890 0
891 1
892 1
893 0
894 0
895 0
896 0
897 0
898 0
899 1
900 0
901 1
902 0
903 1
904 0
905 0
906 0
907 0
908 0
909 0
910 0
911 0
912 1
913 0
914 0
915 0
916 0
917 2
918 0
919 0
920 0
921 1
922 1
923 1
924 0
925 0
926 1
927 0
928 0
929 0
930 1
931 0
932 0
933 0
934 0
935 0
936 0
937 0
938 0
939 0
940 0
941 0
942 0
943 0
944 0
945 0
946 0
947 1
948 1
949 0
950 0
951 0
952 0
953 0
954 0
955 0
956 0
957 1
958 0
959 0
960 0
961 0
962 0
963 0
964 0
965 0
966 1
967 0
968 0
969 0
970 0
971 0
972 0
973 0
974 0
975 0
976 0
977 0
978 0
979 0
980 0
981 0
982 0
983 0
984 0
985 1
986 0
987 2
988 0
989 0
990 0
991 0
992 0
993 0
994 0
995 0
996 0
997 0
998 0
999 0
1000 0
1001 0
1002 0
1003 1
1004 0
1005 0
1006 0
1007 0
1008 0
1009 0
1010 0
1011 0
1012 0
1013 1
1014 0
1015 0
1016 0
1017 0
1018 0
1019 0
1020 0
1021 0
1022 0
1023 0
1024 0
1025 0
1026 0
1027 0
1028 0
1029 0
1030 0
1031 0
1032 0
1033 0
1034 0
1035 0
1036 0
1037 1
1038 0
1039 0
1040 0
1041 0
1042 0
1043 0
1044 0
1045 0
1046 0
1047 0
1048 0
1049 0
1050 0
1051 0
1052 0
1053 0
1054 0
1055 0
1056 0
1057 0
1058 0
1059 1
1060 0
1061 0
1062 0
1063 0
1064 0
1065 0
1066 0
1067 0
1068 0
1069 0
1070 0
1071 0
1072 0
1073 0
1074 0
1075 0
1076 0
1077 0
1078 0
1079 0
1080 0
1081 0
1082 0
1083 0
1084 0
1085 0
1086 0
1087 0
1088 0
1089 0
1090 0
1091 0
1092 0
1093 0
1094 0
1095 0
1096 0
1097 0
1098 0
1099 0
1100 0
1101 0
1102 0
1103 0
1104 0
1105 0
1106 0
1107 0
1108 0
1109 0
1110 0
1111 0
1112 0
1113 0
1114 0
1115 0
1116 0
1117 0
1118 0
1119 0
1120 0
1121 0
1122 0
1123 0
1124 0
1125 0
1126 0
1127 0
1128 0
1129 0
1130 0
1131 0
1132 0
1133 0
1134 0
1135 0
1136 0
1137 0
1138 0
1139 0
1140 0
1141 0
1142 0
1143 0
1144 0
1145 0
1146 0
1147 0
1148 0
1149 0
1150 0
1151 0
1152 0
1153 0
1154 0
1155 0
1156 0
1157 0
1158 0
1159 0
1160 0
1161 0
1162 0
1163 0
1164 0
1165 0
1166 0
1167 0
1168 0
1169 0
1170 0
1171 0
1172 0
1173 0
1174 0
1175 0
1176 0
1177 0
1178 0
1179 0
1180 0
1181 0
1182 0
1183 0
1184 0
1185 0
1186 0
1187 0
1188 0
1189 1
