2 0.5906515073594032
3 0.5831730601572179
4 0.5766487158820354
5 0.5708162445562556
6 0.5675970768831619
7 0.5634478757788308
8 0.5589954046493861
9 0.5563644830214943
10 0.5537076525308526
11 0.5515659116924323
12 0.5481563081503535
13 0.5469867459805763
14 0.545161475645287
15 0.5431411837237978
16 0.5386016062389325
17 0.5392383371902248
18 0.5379510665286652
19 0.5370971937402077
20 0.5360034059391063
21 0.5349956963221352
22 0.5334427885267821
23 0.5313981655934905
24 0.5324545342428066
25 0.5305772802815525
26 0.5295671468319656
27 0.5284032627071328
28 0.5260627537126563
29 0.5285690721649484
30 0.52681198143721
31 0.5263099920865666
32 0.5255648357153294
33 0.525617433709607
34 0.5248513659361295
35 0.5240432236287461
36 0.5230379696822031
37 0.5240195019177786
38 0.5216307939009386
39 0.5212124010413522
40 0.521233495584249
41 0.5212913968131345
42 0.5208415106247066
43 0.5218039008587564
44 0.5206203238752092
45 0.5194120254711626
46 0.5194931980729642
47 0.5195021934007248
48 0.5188030893163359
49 0.5174606053735404
50 0.5193593372838088
51 0.5179767827529022
52 0.5182557452046562
53 0.5168283395477121
54 0.5161759931826482
55 0.517630209279276
56 0.5164052263311176
57 0.5167319900036321
58 0.5157662281456163
59 0.5156488441355837
60 0.5159359777313848
61 0.5141803894651511
62 0.5156548011891715
63 0.5140827216907923
64 0.5142947282077168
65 0.5146250161352782
66 0.5143813415543863
67 0.5160355343945232
68 0.5118033101331726
69 0.5134309920052783
70 0.5127713326701353
71 0.5116507992477668
72 0.5127063847703829
73 0.5137285623219127
74 0.5122644918996213
75 0.514400626879038
76 0.5135909718275554
77 0.5113746711263456
78 0.510584596034707
79 0.5127767131721106
80 0.516196879427631
81 0.5119536192404882
82 0.5085962903595146
83 0.5114425519902136
84 0.5136419829990321
85 0.5114317511763672
86 0.5104572952320305
87 0.5135132408575032
88 0.5081187096774193
89 0.5099214529616356
90 0.5120665201433474
91 0.5107121985643559
92 0.510800223838836
93 0.5055030725488397
94 0.510326981886615
95 0.5101681517677493
96 0.509743038067529
97 0.5108957929611803
98 0.5128391287734047
99 0.5101129156193428
100 0.5125340095623002
101 0.5133575550331267
102 0.5135153435714093
103 0.5082832570704008
104 0.5084992440406381
105 0.5095787107533899
106 0.5086964212015801
107 0.5097374473550584
108 0.5096005734417178
109 0.5107081468634344
110 0.5067581453435983
111 0.509817186115809
112 0.5101278881265454
113 0.5102869653869938
114 0.5110649598256843
115 0.5092215610536939
116 0.5109472228624107
117 0.5087722464892964
118 0.5095619075774653
119 0.509991214460624
120 0.5112154309186242
121 0.5074980724749422
122 0.5073908152592213
123 0.5109024157724995
124 0.5149141061737462
125 0.5037484381507705
126 0.5086804070811597
127 0.5054118669854379
128 0.5040135569033178
129 0.5075017644514264
130 0.5071066932974128
131 0.5091064314171884
132 0.5104339663513611
133 0.5043082465193263
134 0.5073779511804722
135 0.509419648501707
136 0.5076396341151822
137 0.5112959220685009
138 0.5056227120697374
139 0.5087493979772034
140 0.5074857607811228
141 0.5078256085820382
142 0.5061207260447447
143 0.5054711508084666
144 0.5075434520483487
145 0.5113159851301116
146 0.504973313925279
147 0.5040264685685748
148 0.5082451625202554
149 0.5020943598402442
150 0.5076728891250913
151 0.503757624776733
152 0.5041274190786094
153 0.5082566228655752
154 0.5037779767233661
155 0.5064516129032258
156 0.5046206588165151
157 0.5009802037286181
158 0.49968274111675126
159 0.5113673402868318
160 0.5108028480235699
161 0.5093042404281597
162 0.5081481481481481
163 0.5066470958272175
164 0.5073762522720547
165 0.49965415874113783
166 0.506414762741652
167 0.49640905189936313
168 0.510476895323558
169 0.5045484385257433
170 0.5026776322080903
171 0.5073268097950441
172 0.49878345498783455
173 0.5079170497497191
174 0.5034907172777576
175 0.5050292274474696
176 0.5064699930773736
177 0.5046401208589619
178 0.5057293962097841
179 0.5037402244134648
180 0.5073546311192829
181 0.5045239624073318
182 0.5082688875669245
183 0.5072833211944647
184 0.501983880967142
185 0.5049050433907685
186 0.49932566951383983
187 0.4993390614672835
188 0.513477537437604
189 0.4997323340471092
190 0.502545150268461
191 0.51010634551729
192 0.5022431104464858
193 0.5010879025239339
194 0.49773688506344144
195 0.5044955806156659
196 0.4992517917618335
197 0.5031330334190232
198 0.5109381401065137
199 0.5043071621954222
200 0.506935047361299
201 0.5055193394176445
202 0.5141090402368925
203 0.5040228393459641
204 0.5035324901875272
205 0.4994608195542775
206 0.5070097767939494
207 0.5044198380943519
208 0.5063541372493646
209 0.49729473184622686
210 0.4965277777777778
211 0.5050299766283914
212 0.5009762614325352
213 0.49952874646559847
214 0.49956998494947324
215 0.5043363706224613
216 0.5071722450795063
217 0.49854063762909745
218 0.4959171937895342
219 0.5069370330843116
220 0.5014316392269148
221 0.4896907216494845
222 0.5044704697141418
223 0.5079904366427582
224 0.503585356648635
225 0.5
226 0.5100671140939598
227 0.5001314060446781
228 0.504289544235925
229 0.5007620895108771
230 0.4956755990358713
231 0.5019757061320065
232 0.5112301056076156
233 0.5080929958799294
234 0.5043957681418566
235 0.5024024024024024
236 0.48685660317960017
237 0.5064441506939854
238 0.5101167955255799
239 0.4995858870299818
240 0.49741364925746706
241 0.5015075376884423
242 0.4966175195143105
243 0.49884526558891457
244 0.5141773523568719
245 0.4966863033873343
246 0.5120540019286403
247 0.5125434195291393
248 0.49710982658959535
249 0.49811470529867036
250 0.5024806509228021
251 0.5055410034253476
252 0.4963250306247448
253 0.5111202635914333
254 0.5003134796238244
255 0.5042992261392949
256 0.5031514888067812
257 0.4876626289816061
258 0.5057790106333796
259 0.5189930321420544
260 0.49257425742574257
261 0.4967197750702905
262 0.49157581764122893
263 0.49500128172263524
264 0.5130821559392988
265 0.5166495901639344
266 0.49582898852971846
267 0.5023332418336536
268 0.5041574279379157
269 0.507177033492823
270 0.5066244239631337
271 0.5071868583162218
272 0.5110067508071617
273 0.502050380785003
274 0.5057263411693791
275 0.4926539543607377
276 0.5089285714285714
277 0.501746586217847
278 0.517833981841764
279 0.49934296977660975
280 0.5055724417426545
281 0.5041899441340782
282 0.5014204545454546
283 0.5009107468123861
284 0.5044313146233382
285 0.50389032975176
286 0.48984962406015037
287 0.48635634028892455
288 0.5051845707175446
289 0.47674418604651164
290 0.5088919288645691
291 0.5013215859030837
292 0.5017937219730941
293 0.4849624060150376
294 0.5002498750624688
295 0.49921915668922434
296 0.518348623853211
297 0.5168150346191889
298 0.5099177552007741
299 0.48868778280542985
300 0.5032811711256941
301 0.49589322381930184
302 0.5072840790842872
303 0.47935267857142855
304 0.5056852184320766
305 0.5111111111111111
306 0.47330533893221355
307 0.4939271255060729
308 0.5197853789403085
309 0.5166775670372793
310 0.517632241813602
311 0.51375
312 0.4896421845574388
313 0.5087833441769681
314 0.5012987012987012
315 0.5142857142857142
316 0.4983322214809873
317 0.5
318 0.5062413314840499
319 0.5014285714285714
320 0.471847739888977
321 0.512489233419466
322 0.5376518218623482
323 0.5046875
324 0.45998315080033697
325 0.529664660361135
326 0.4739454094292804
327 0.4783427495291902
328 0.5220243673851921
329 0.504147465437788
330 0.498158379373849
331 0.4981751824817518
332 0.5110047846889952
333 0.5058479532163743
334 0.5219885277246654
335 0.5062560153994226
336 0.47874493927125505
337 0.5168067226890757
338 0.4979123173277662
339 0.5025588536335721
340 0.4872611464968153
341 0.49544419134396356
342 0.5045662100456622
343 0.5057736720554272
344 0.5
345 0.4940898345153664
346 0.4769038701622971
347 0.5082417582417582
348 0.5287817938420348
349 0.5013020833333334
350 0.5066844919786097
351 0.4762550881953867
352 0.5035765379113019
353 0.47756874095513746
354 0.49921011058451814
355 0.48856209150326796
356 0.5402843601895735
357 0.4921383647798742
358 0.5122749590834698
359 0.5139573070607554
360 0.5132890365448505
361 0.49586776859504134
362 0.46473779385171793
363 0.5271028037383177
364 0.49214659685863876
365 0.49818840579710144
366 0.4962264150943396
367 0.491362763915547
368 0.5009487666034156
369 0.4621676891615542
370 0.4590909090909091
371 0.47869674185463656
372 0.5120772946859904
373 0.5234741784037559
374 0.5062972292191436
375 0.5773672055427251
376 0.5155642023346303
377 0.49019607843137253
378 0.47280334728033474
379 0.49770642201834864
380 0.5125858123569794
381 0.46634615384615385
382 0.5067750677506775
383 0.5027472527472527
384 0.4896142433234421
385 0.44983818770226536
386 0.4575645756457565
387 0.48872180451127817
388 0.47368421052631576
389 0.45660377358490567
390 0.5111111111111111
391 0.5057915057915058
392 0.46938775510204084
393 0.5020242914979757
394 0.5041666666666667
395 0.5
396 0.44541484716157204
397 0.5367965367965368
398 0.47391304347826085
399 0.5
400 0.5023474178403756
401 0.5229357798165137
402 0.5198019801980198
403 0.5128205128205128
404 0.580952380952381
405 0.484304932735426
406 0.5026178010471204
407 0.4702702702702703
408 0.4861878453038674
409 0.4530386740331492
410 0.5058823529411764
411 0.5340909090909091
412 0.5053191489361702
413 0.5161290322580645
414 0.510752688172043
415 0.4233128834355828
416 0.5398773006134969
417 0.5284090909090909
418 0.5117647058823529
419 0.5
420 0.5058823529411764
421 0.5238095238095238
422 0.4973821989528796
423 0.45930232558139533
424 0.47560975609756095
425 0.44966442953020136
426 0.4461538461538462
427 0.4883720930232558
428 0.5034965034965035
429 0.4855072463768116
430 0.5035971223021583
431 0.49193548387096775
432 0.4959349593495935
433 0.39805825242718446
434 0.5444444444444444
435 0.5663716814159292
436 0.5309734513274337
437 0.5363636363636364
438 0.5648148148148148
439 0.528
440 0.5528455284552846
441 0.4915254237288136
442 0.5247524752475248
443 0.5393258426966292
444 0.4827586206896552
445 0.5113636363636364
446 0.5054945054945055
447 0.5566037735849056
448 0.4953271028037383
449 0.5108695652173914
450 0.44155844155844154
451 0.6
452 0.5806451612903226
453 0.4838709677419355
454 0.47619047619047616
455 0.45535714285714285
456 0.5172413793103449
457 0.46846846846846846
458 0.5185185185185185
459 0.40404040404040403
460 0.6534653465346535
461 0.47244094488188976
462 0.46017699115044247
463 0.57
464 0.4948453608247423
465 0.5673076923076923
466 0.5431034482758621
467 0.452991452991453
468 0.46
469 0.4891304347826087
470 0.4146341463414634
471 0.4126984126984127
472 0.4489795918367347
473 0.4489795918367347
474 0.6578947368421053
475 0.42105263157894735
476 0.375
477 0.5333333333333333
478 0.5230769230769231
479 0.5
480 0.47058823529411764
481 0.5
482 0.4222222222222222
483 0.6041666666666666
484 0.43137254901960786
485 0.5576923076923077
486 0.47540983606557374
487 0.40384615384615385
488 0.43478260869565216
489 0.5641025641025641
490 0.5
491 0.532258064516129
492 0.46808510638297873
493 0.5945945945945946
494 0.5348837209302325
495 0.4
496 0.5
497 0.5
498 0.5813953488372093
