0 0.0857
1 0.0864
2 0.0544
3 0.0
4 0.1485
5 0.0623
6 0.0
7 0.0262
8 0.0053
9 0.0466
10 0.0893
11 0.025
12 0.0101
13 0.0384
14 0.0612
15 0.0288
16 0.0558
17 0.0739
18 0.0
19 0.0
20 0.0581
21 0.0253
22 0.0513
23 0.0
24 0.0098
25 0.0248
26 0.0714
27 0.0983
28 0.0461
29 0.0
30 0.0
31 0.0213
32 0.0562
33 0.0279
34 0.056
35 0.0007
36 0.0
37 0.0596
38 0.0022
39 0.0
40 0.0522
41 0.0966
42 0.0745
43 0.0
44 0.0729
45 0.0591
46 0.0266
47 0.023
48 0.0071
49 0.0379
50 0.0
51 0.0
52 0.0197
53 0.0401
54 0.0113
55 0.0865
56 0.0
57 0.0841
58 0.0048
59 0.0434
60 0.0134
61 0.0
62 0.0295
63 0.0862
64 0.0603
65 0.0232
66 0.0249
67 0.0057
68 0.0703
69 0.0074
70 0.0416
71 0.0
72 0.0373
73 0.0
74 0.0447
75 0.0013
76 0.0
77 0.0696
78 0.0
79 0.0043
80 0.0
81 0.0734
82 0.0851
83 0.0533
84 0.0182
85 0.025
86 0.0106
87 0.0124
88 0.0799
89 0.0552
90 0.0286
91 0.0617
92 0.0645
93 0.0187
94 0.0124
95 0.0811
96 0.0249
97 0.0391
98 0.0094
99 0.0517
100 0.0
101 0.0
102 0.0847
103 0.032
104 0.0669
105 0.0298
106 0.0145
107 0.0208
108 0.0253
109 0.0084
110 0.044
