-125 1
-124 0
-123 0
-122 0
-121 0
-120 0
-119 0
-118 0
-117 0
-116 0
-115 0
-114 0
-113 0
-112 0
-111 0
-110 0
-109 0
-108 1
-107 1
-106 0
-105 1
-104 0
-103 1
-102 0
-101 0
-100 0
-99 1
-98 1
-97 0
-96 1
-95 1
-94 0
-93 0
-92 0
-91 0
-90 0
-89 0
-88 0
-87 1
-86 0
-85 3
-84 1
-83 2
-82 0
-81 2
-80 1
-79 0
-78 1
-77 2
-76 0
-75 0
-74 3
-73 1
-72 0
-71 2
-70 2
-69 0
-68 1
-67 3
-66 0
-65 1
-64 4
-63 1
-62 3
-61 4
-60 9
-59 6
-58 5
-57 9
-56 4
-55 12
-54 12
-53 9
-52 5
-51 11
-50 12
-49 9
-48 13
-47 18
-46 21
-45 22
-44 25
-43 32
-42 36
-41 35
-40 41
-39 51
-38 50
-37 54
-36 60
-35 92
-34 79
-33 105
-32 104
-31 118
-30 156
-29 149
-28 187
-27 222
-26 263
-25 321
-24 393
-23 463
-22 534
-21 691
-20 790
-19 1032
-18 1249
-17 1558
-16 1911
-15 2452
-14 3226
-13 4285
-12 5766
-11 8030
-10 11695
-9 17045
-8 26375
-7 42919
-6 74304
-5 140968
-4 302641
-3 783964
-2 2724483
-1 11281082
0 150659505
1 1887800839
2 150663680
3 11279687
4 2723041
5 783497
6 302476
7 141162
8 73767
9 42921
10 26124
11 16828
12 11510
13 7948
14 5769
15 4262
16 3251
17 2510
18 1929
19 1503
20 1280
21 1010
22 801
23 663
24 515
25 443
26 382
27 299
28 300
29 232
30 186
31 186
32 154
33 119
34 120
35 92
36 65
37 71
38 64
39 68
40 37
41 51
42 44
43 27
44 38
45 30
46 31
47 26
48 26
49 24
50 14
51 12
52 12
53 8
54 12
55 10
56 13
57 8
58 3
59 1
60 5
61 1
62 5
63 2
64 3
65 2
66 3
67 2
68 1
69 3
70 0
71 2
72 1
73 1
74 2
75 0
76 2
77 1
78 2
79 0
80 0
81 2
82 1
83 0
84 0
85 1
86 0
87 1
88 2
89 0
90 0
91 0
92 1
93 0
94 0
95 0
96 1
97 0
98 1
99 0
100 0
101 0
102 0
103 1
104 1
105 0
106 1
107 1
108 0
109 0
110 0
111 0
112 0
113 1
114 0
115 0
116 0
117 0
118 0
119 0
120 0
121 0
122 0
123 0
124 0
125 0
126 0
127 0
128 0
129 0
130 0
131 0
132 0
133 0
134 0
135 1
