0 634359.0
1 16022.0
2 5163.0
3 2965.0
4 1956.0
5 1421.0
6 1058.0
7 889.0
8 771.0
9 592.0
10 513.0
11 413.0
12 397.0
13 327.0
14 316.0
15 268.0
16 286.0
17 241.0
18 197.0
19 179.0
20 157.0
21 168.0
22 147.0
23 136.0
24 136.0
25 116.0
26 108.0
27 107.0
28 103.0
29 90.0
30 110.0
31 75.0
32 85.0
33 73.0
34 82.0
35 73.0
36 59.0
37 65.0
38 74.0
39 58.0
40 52.0
41 57.0
42 58.0
43 55.0
44 52.0
45 47.0
46 42.0
47 38.0
48 43.0
49 51.0
50 49.0
51 30.0
52 35.0
53 39.0
54 39.0
55 43.0
56 41.0
57 34.0
58 22.0
59 39.0
60 28.0
61 22.0
62 39.0
63 29.0
64 26.0
65 22.0
66 31.0
67 26.0
68 19.0
69 22.0
70 25.0
71 26.0
72 27.0
73 34.0
74 16.0
75 22.0
76 23.0
77 18.0
78 24.0
79 22.0
80 20.0
81 20.0
82 17.0
83 11.0
84 20.0
85 12.0
86 16.0
87 20.0
88 13.0
89 9.0
90 13.0
91 11.0
92 13.0
93 15.0
94 11.0
95 14.0
96 23.0
97 18.0
98 14.0
99 14.0
100 11.0
101 12.0
102 14.0
103 7.0
104 12.0
105 14.0
106 15.0
107 7.0
108 6.0
109 6.0
110 13.0
111 7.0
112 13.0
113 10.0
114 16.0
115 7.0
116 8.0
117 11.0
118 10.0
119 9.0
120 9.0
121 11.0
122 8.0
123 11.0
124 5.0
125 4.0
126 6.0
127 10.0
128 9.0
129 15.0
130 11.0
131 7.0
132 10.0
133 10.0
134 8.0
135 2.0
136 9.0
137 3.0
138 8.0
139 6.0
140 6.0
141 5.0
142 8.0
143 4.0
144 8.0
145 9.0
146 7.0
147 8.0
148 10.0
149 8.0
150 3.0
151 4.0
152 2.0
153 7.0
154 8.0
155 2.0
156 2.0
157 3.0
158 5.0
159 8.0
160 4.0
161 7.0
162 6.0
163 6.0
164 8.0
165 6.0
166 4.0
167 7.0
168 6.0
169 7.0
170 2.0
171 3.0
172 5.0
173 6.0
174 5.0
175 3.0
176 0.0
177 2.0
178 7.0
179 8.0
180 2.0
181 3.0
182 4.0
183 3.0
184 2.0
185 2.0
186 2.0
187 3.0
188 3.0
189 3.0
190 1.0
191 6.0
192 0.0
193 4.0
194 3.0
195 1.0
196 4.0
197 4.0
198 3.0
199 5.0
200 6.0
201 3.0
202 5.0
203 3.0
204 4.0
205 2.0
206 4.0
207 0.0
208 0.0
209 2.0
210 4.0
211 4.0
212 3.0
213 0.0
214 2.0
215 2.0
216 0.0
217 3.0
218 3.0
219 1.0
220 2.0
221 6.0
222 5.0
223 9.0
224 2.0
225 3.0
226 5.0
227 3.0
228 1.0
229 1.0
230 1.0
231 5.0
232 1.0
233 2.0
234 2.0
235 0.0
236 2.0
237 2.0
238 1.0
239 1.0
240 3.0
241 0.0
242 2.0
243 3.0
244 2.0
245 1.0
246 2.0
247 2.0
248 0.0
249 1.0
250 0.0
251 0.0
252 4.0
253 3.0
254 1.0
255 2.0
256 1.0
257 0.0
258 1.0
259 1.0
260 3.0
261 3.0
262 1.0
263 0.0
264 1.0
265 1.0
266 1.0
267 1.0
268 0.0
269 2.0
270 3.0
271 1.0
272 1.0
273 2.0
274 1.0
275 2.0
276 1.0
277 2.0
278 1.0
279 1.0
280 0.0
281 1.0
282 0.0
283 2.0
284 2.0
285 2.0
286 1.0
287 0.0
288 2.0
289 1.0
290 2.0
291 1.0
292 1.0
293 0.0
294 2.0
295 1.0
296 1.0
297 0.0
298 3.0
299 1.0
300 2.0
301 0.0
302 0.0
303 1.0
304 0.0
305 2.0
306 0.0
307 2.0
308 0.0
309 3.0
310 0.0
311 1.0
312 3.0
313 1.0
314 1.0
315 1.0
316 1.0
317 1.0
318 0.0
319 2.0
320 1.0
321 0.0
322 0.0
323 0.0
324 1.0
325 0.0
326 1.0
327 2.0
328 4.0
329 0.0
330 1.0
331 1.0
332 2.0
333 0.0
334 0.0
335 1.0
336 0.0
337 1.0
338 1.0
339 0.0
340 1.0
341 1.0
342 0.0
343 3.0
344 0.0
345 0.0
346 1.0
347 2.0
348 1.0
349 1.0
350 0.0
351 0.0
352 1.0
353 0.0
354 0.0
355 1.0
356 1.0
357 0.0
358 1.0
359 0.0
360 0.0
361 0.0
362 0.0
363 1.0
364 1.0
365 0.0
366 0.0
367 2.0
368 1.0
369 0.0
370 1.0
371 1.0
372 0.0
373 1.0
374 0.0
375 1.0
376 1.0
377 1.0
378 0.0
379 0.0
380 0.0
381 0.0
382 0.0
383 0.0
384 1.0
385 2.0
386 0.0
387 1.0
388 0.0
389 0.0
390 1.0
391 1.0
392 0.0
393 0.0
394 1.0
395 0.0
396 0.0
397 1.0
398 0.0
399 0.0
400 1.0
401 1.0
402 0.0
403 0.0
404 0.0
405 1.0
406 0.0
407 0.0
408 0.0
409 1.0
410 0.0
411 1.0
412 0.0
413 0.0
414 0.0
415 0.0
416 0.0
417 0.0
418 1.0
419 0.0
420 0.0
421 0.0
422 0.0
423 0.0
424 0.0
425 1.0
426 1.0
427 2.0
428 1.0
429 0.0
430 0.0
431 1.0
432 1.0
433 0.0
434 0.0
435 0.0
436 0.0
437 1.0
438 0.0
439 0.0
440 0.0
441 0.0
442 2.0
443 0.0
444 0.0
445 0.0
446 0.0
447 0.0
448 0.0
449 0.0
450 0.0
451 2.0
452 0.0
453 1.0
454 0.0
455 0.0
456 0.0
457 2.0
458 1.0
459 0.0
460 0.0
461 0.0
462 0.0
463 0.0
464 0.0
465 0.0
466 0.0
467 0.0
468 0.0
469 0.0
470 1.0
471 0.0
472 1.0
473 1.0
474 1.0
475 0.0
476 0.0
477 0.0
478 0.0
479 1.0
480 0.0
481 0.0
482 0.0
483 0.0
484 0.0
485 1.0
486 1.0
487 0.0
488 1.0
489 0.0
490 1.0
491 1.0
492 0.0
493 1.0
494 0.0
495 0.0
496 0.0
497 0.0
498 0.0
499 0.0
500 0.0
501 1.0
502 0.0
503 0.0
504 0.0
505 1.0
506 0.0
507 1.0
508 0.0
509 1.0
510 0.0
511 0.0
512 0.0
513 0.0
514 0.0
515 1.0
516 0.0
517 0.0
518 0.0
519 0.0
520 1.0
521 0.0
522 1.0
523 0.0
524 0.0
525 0.0
526 0.0
527 1.0
528 0.0
529 0.0
530 1.0
531 0.0
532 1.0
533 0.0
534 0.0
535 0.0
536 1.0
537 1.0
538 0.0
539 0.0
540 0.0
541 0.0
542 0.0
543 0.0
544 0.0
545 0.0
546 0.0
547 0.0
548 0.0
549 0.0
550 2.0
551 1.0
552 1.0
553 1.0
554 0.0
555 2.0
556 0.0
557 0.0
558 0.0
559 0.0
560 2.0
561 0.0
562 0.0
563 0.0
564 0.0
565 0.0
566 0.0
567 0.0
568 0.0
569 0.0
570 0.0
571 0.0
572 1.0
573 0.0
574 0.0
575 0.0
576 0.0
577 0.0
578 1.0
579 0.0
580 0.0
581 0.0
582 0.0
583 0.0
584 0.0
585 0.0
586 0.0
587 0.0
588 1.0
589 0.0
590 0.0
591 0.0
592 1.0
593 0.0
594 0.0
595 0.0
596 0.0
597 0.0
598 0.0
599 0.0
600 0.0
601 0.0
602 0.0
603 1.0
604 0.0
605 0.0
606 0.0
607 0.0
608 0.0
609 0.0
610 1.0
611 0.0
612 0.0
613 0.0
614 0.0
615 0.0
616 0.0
617 0.0
618 0.0
619 0.0
620 1.0
621 0.0
622 0.0
623 0.0
624 0.0
625 0.0
626 0.0
627 0.0
628 0.0
629 0.0
630 0.0
631 0.0
632 0.0
633 0.0
634 0.0
635 0.0
636 0.0
637 0.0
638 0.0
639 0.0
640 0.0
641 0.0
642 0.0
643 0.0
644 0.0
645 0.0
646 0.0
647 0.0
648 0.0
649 0.0
650 0.0
651 0.0
652 0.0
653 0.0
654 0.0
655 0.0
656 0.0
657 0.0
658 0.0
659 0.0
660 0.0
661 0.0
662 0.0
663 0.0
664 0.0
665 0.0
666 0.0
667 0.0
668 0.0
669 0.0
670 0.0
671 0.0
672 0.0
673 0.0
674 1.0
675 0.0
676 0.0
677 0.0
678 0.0
679 1.0
680 0.0
681 0.0
682 0.0
683 0.0
684 0.0
685 0.0
686 1.0
687 0.0
688 0.0
689 0.0
690 0.0
691 0.0
692 1.0
693 0.0
694 0.0
695 0.0
696 0.0
697 0.0
698 0.0
699 0.0
700 0.0
701 0.0
702 0.0
703 0.0
704 0.0
705 0.0
706 0.0
707 0.0
708 0.0
709 0.0
710 0.0
711 0.0
712 0.0
713 0.0
714 0.0
715 0.0
716 0.0
717 0.0
718 0.0
719 0.0
720 0.0
721 0.0
722 0.0
723 0.0
724 0.0
725 0.0
726 0.0
727 0.0
728 0.0
729 0.0
730 0.0
731 0.0
732 0.0
733 0.0
734 0.0
735 0.0
736 0.0
737 0.0
738 0.0
739 0.0
740 0.0
741 0.0
742 0.0
743 1.0
744 0.0
745 0.0
746 0.0
747 0.0
748 1.0
749 0.0
750 0.0
751 0.0
752 0.0
753 0.0
754 0.0
755 0.0
756 0.0
757 1.0
758 0.0
759 0.0
760 0.0
761 0.0
762 0.0
763 0.0
764 0.0
765 0.0
766 0.0
767 0.0
768 0.0
769 0.0
770 0.0
771 0.0
772 0.0
773 0.0
774 0.0
775 0.0
776 0.0
777 0.0
778 0.0
779 0.0
780 0.0
781 0.0
782 0.0
783 0.0
784 0.0
785 0.0
786 0.0
787 0.0
788 0.0
789 0.0
790 0.0
791 0.0
792 0.0
793 0.0
794 0.0
795 0.0
796 1.0
797 0.0
798 0.0
799 0.0
800 0.0
801 0.0
802 0.0
803 0.0
804 0.0
805 0.0
806 0.0
807 1.0
808 0.0
809 0.0
810 0.0
811 0.0
812 0.0
813 0.0
814 0.0
815 0.0
816 0.0
817 0.0
818 0.0
819 0.0
820 0.0
821 0.0
822 0.0
823 0.0
824 0.0
825 0.0
826 0.0
827 0.0
828 0.0
829 0.0
830 0.0
831 0.0
832 0.0
833 0.0
834 0.0
835 0.0
836 0.0
837 0.0
838 0.0
839 0.0
840 0.0
841 0.0
842 0.0
843 0.0
844 0.0
845 0.0
846 0.0
847 0.0
848 0.0
849 0.0
850 0.0
851 0.0
852 0.0
853 0.0
854 0.0
855 0.0
856 0.0
857 0.0
858 0.0
859 0.0
860 0.0
861 0.0
862 0.0
863 0.0
864 0.0
865 0.0
866 0.0
867 0.0
868 0.0
869 1.0
870 0.0
871 0.0
872 0.0
873 0.0
874 0.0
875 0.0
876 0.0
877 0.0
878 0.0
879 0.0
880 0.0
881 0.0
882 0.0
883 0.0
884 0.0
885 0.0
886 0.0
887 0.0
888 0.0
889 0.0
890 0.0
891 0.0
892 0.0
893 0.0
894 0.0
895 0.0
896 0.0
897 0.0
898 0.0
899 0.0
900 0.0
901 0.0
902 0.0
903 0.0
904 0.0
905 0.0
906 0.0
907 0.0
908 0.0
909 0.0
910 0.0
911 0.0
912 0.0
913 0.0
914 0.0
915 0.0
916 0.0
917 0.0
918 0.0
919 0.0
920 0.0
921 0.0
922 0.0
923 0.0
924 0.0
925 0.0
926 0.0
927 0.0
928 0.0
929 0.0
930 0.0
931 0.0
932 0.0
933 0.0
934 0.0
935 0.0
936 0.0
937 0.0
938 0.0
939 0.0
940 0.0
941 1.0
942 0.0
943 0.0
944 1.0
945 0.0
946 0.0
947 0.0
948 0.0
949 0.0
950 0.0
951 0.0
952 0.0
953 0.0
954 0.0
955 0.0
956 0.0
957 0.0
958 0.0
959 0.0
960 0.0
961 0.0
962 0.0
963 0.0
964 0.0
965 0.0
966 0.0
967 0.0
968 0.0
969 0.0
970 0.0
971 0.0
972 0.0
973 0.0
974 0.0
975 0.0
976 0.0
977 0.0
978 0.0
979 0.0
980 0.0
981 0.0
982 0.0
983 0.0
984 0.0
985 0.0
986 0.0
987 0.0
988 0.0
989 0.0
990 0.0
991 0.0
992 0.0
993 0.0
994 2.0
