-249 1
-248 1
-247 1
-246 0
-245 0
-244 0
-243 0
-242 0
-241 0
-240 0
-239 0
-238 0
-237 0
-236 0
-235 0
-234 0
-233 0
-232 0
-231 0
-230 0
-229 0
-228 0
-227 0
-226 0
-225 1
-224 0
-223 0
-222 0
-221 0
-220 0
-219 0
-218 0
-217 1
-216 0
-215 0
-214 0
-213 0
-212 0
-211 0
-210 0
-209 0
-208 0
-207 0
-206 0
-205 0
-204 0
-203 0
-202 0
-201 0
-200 0
-199 0
-198 0
-197 0
-196 0
-195 0
-194 0
-193 2
-192 0
-191 0
-190 0
-189 0
-188 0
-187 1
-186 0
-185 0
-184 0
-183 0
-182 0
-181 1
-180 0
-179 1
-178 0
-177 0
-176 0
-175 0
-174 0
-173 0
-172 0
-171 0
-170 0
-169 1
-168 0
-167 0
-166 0
-165 0
-164 2
-163 0
-162 3
-161 0
-160 1
-159 1
-158 0
-157 1
-156 2
-155 0
-154 1
-153 1
-152 0
-151 1
-150 1
-149 3
-148 4
-147 2
-146 1
-145 0
-144 4
-143 3
-142 4
-141 3
-140 1
-139 4
-138 1
-137 3
-136 5
-135 1
-134 0
-133 1
-132 3
-131 2
-130 2
-129 4
-128 6
-127 6
-126 5
-125 8
-124 7
-123 10
-122 7
-121 9
-120 4
-119 10
-118 9
-117 10
-116 7
-115 17
-114 11
-113 14
-112 15
-111 14
-110 19
-109 18
-108 12
-107 17
-106 19
-105 18
-104 28
-103 16
-102 21
-101 27
-100 20
-99 32
-98 33
-97 27
-96 33
-95 32
-94 47
-93 47
-92 47
-91 45
-90 62
-89 52
-88 56
-87 73
-86 76
-85 72
-84 68
-83 73
-82 84
-81 90
-80 90
-79 83
-78 96
-77 87
-76 114
-75 128
-74 126
-73 124
-72 126
-71 136
-70 141
-69 159
-68 193
-67 186
-66 209
-65 199
-64 265
-63 243
-62 247
-61 278
-60 330
-59 344
-58 334
-57 384
-56 392
-55 402
-54 421
-53 445
-52 529
-51 521
-50 587
-49 645
-48 699
-47 729
-46 798
-45 838
-44 831
-43 939
-42 990
-41 1123
-40 1179
-39 1297
-38 1338
-37 1500
-36 1624
-35 1792
-34 1947
-33 2037
-32 2323
-31 2472
-30 2688
-29 2852
-28 3182
-27 3489
-26 3732
-25 4117
-24 4567
-23 5188
-22 5755
-21 6277
-20 7089
-19 7967
-18 8886
-17 10074
-16 11174
-15 13006
-14 14793
-13 17070
-12 19872
-11 23514
-10 27855
-9 33502
-8 41663
-7 52085
-6 66937
-5 90529
-4 130975
-3 208193
-2 396255
-1 1053033
0 7337228
1 1090746912
2 7970435
3 614897
4 263438
5 160654
6 109297
7 78577
8 60491
9 47793
10 38548
11 31430
12 26387
13 22256
14 19040
15 16322
16 14189
17 12419
18 11078
19 9647
20 8534
21 7627
22 6855
23 6108
24 5567
25 5056
26 4635
27 4041
28 3784
29 3327
30 3154
31 2846
32 2558
33 2373
34 2199
35 2064
36 1808
37 1765
38 1672
39 1479
40 1346
41 1219
42 1213
43 1090
44 1026
45 929
46 851
47 848
48 750
49 687
50 718
51 640
52 590
53 546
54 457
55 432
56 431
57 384
58 403
59 355
60 321
61 379
62 322
63 271
64 283
65 247
66 215
67 193
68 193
69 157
70 175
71 182
72 158
73 148
74 126
75 111
76 138
77 131
78 116
79 117
80 101
81 89
82 83
83 89
84 81
85 62
86 67
87 66
88 63
89 59
90 56
91 55
92 52
93 58
94 61
95 38
96 43
97 24
98 35
99 30
100 38
101 34
102 32
103 33
104 27
105 20
106 28
107 13
108 18
109 11
110 19
111 14
112 15
113 11
114 10
115 12
116 12
117 11
118 13
119 13
120 8
121 10
122 11
123 8
124 5
125 8
126 8
127 9
128 7
129 6
130 6
131 3
132 3
133 3
134 5
135 7
136 2
137 3
138 4
139 0
140 3
141 4
142 2
143 1
144 3
145 1
146 2
147 2
148 5
149 2
150 1
151 0
152 0
153 3
154 0
155 3
156 0
157 1
158 2
159 0
160 1
161 1
162 1
163 1
164 1
165 0
166 0
167 0
168 0
169 0
170 1
171 0
172 0
173 1
174 1
175 0
176 0
177 0
178 0
179 0
180 2
181 0
182 0
183 1
184 0
185 0
186 0
187 0
188 0
189 0
190 0
191 0
192 0
193 0
194 0
195 1
196 0
197 0
198 0
199 0
200 0
201 0
202 0
203 0
204 0
205 0
206 0
207 1
208 0
209 0
210 0
211 1
212 0
213 0
214 0
215 0
216 0
217 0
218 0
219 0
220 0
221 0
222 0
223 0
224 0
225 0
226 0
227 0
228 0
229 0
230 0
231 0
232 0
233 0
234 0
235 0
236 1
237 0
238 0
239 0
240 1
241 0
242 0
243 0
244 0
245 0
246 0
247 0
248 1
