0 703605.0
1 22105.0
2 8791.0
3 5550.0
4 3760.0
5 2788.0
6 2099.0
7 1717.0
8 1419.0
9 1146.0
10 1008.0
11 835.0
12 729.0
13 641.0
14 579.0
15 539.0
16 470.0
17 414.0
18 363.0
19 317.0
20 298.0
21 306.0
22 264.0
23 235.0
24 209.0
25 229.0
26 188.0
27 184.0
28 180.0
29 145.0
30 140.0
31 127.0
32 126.0
33 113.0
34 138.0
35 100.0
36 114.0
37 80.0
38 81.0
39 79.0
40 80.0
41 72.0
42 72.0
43 66.0
44 54.0
45 57.0
46 60.0
47 48.0
48 46.0
49 50.0
50 42.0
51 37.0
52 44.0
53 32.0
54 34.0
55 38.0
56 29.0
57 29.0
58 38.0
59 30.0
60 36.0
61 27.0
62 26.0
63 24.0
64 22.0
65 27.0
66 18.0
67 9.0
68 20.0
69 11.0
70 24.0
71 13.0
72 20.0
73 13.0
74 16.0
75 9.0
76 10.0
77 17.0
78 17.0
79 16.0
80 13.0
81 13.0
82 7.0
83 11.0
84 10.0
85 15.0
86 10.0
87 7.0
88 10.0
89 8.0
90 6.0
91 6.0
92 9.0
93 5.0
94 3.0
95 11.0
96 3.0
97 9.0
98 9.0
99 5.0
100 4.0
101 1.0
102 4.0
103 6.0
104 6.0
105 5.0
106 4.0
107 4.0
108 4.0
109 5.0
110 1.0
111 5.0
112 2.0
113 4.0
114 3.0
115 7.0
116 4.0
117 1.0
118 2.0
119 3.0
120 1.0
121 1.0
122 1.0
123 3.0
124 2.0
125 1.0
126 3.0
127 6.0
128 2.0
129 0.0
130 1.0
131 0.0
132 0.0
133 1.0
134 0.0
135 2.0
136 0.0
137 0.0
138 1.0
139 1.0
140 1.0
141 0.0
142 4.0
143 2.0
144 0.0
145 2.0
146 2.0
147 1.0
148 1.0
149 2.0
150 0.0
151 0.0
152 0.0
153 0.0
154 0.0
155 1.0
156 1.0
157 1.0
158 0.0
159 0.0
160 0.0
161 1.0
162 0.0
163 0.0
164 2.0
165 1.0
166 0.0
167 0.0
168 0.0
169 0.0
170 0.0
171 0.0
172 0.0
173 1.0
174 0.0
175 0.0
176 3.0
177 0.0
178 0.0
179 0.0
180 0.0
181 1.0
182 0.0
183 1.0
184 0.0
185 0.0
186 1.0
187 1.0
188 0.0
189 1.0
190 0.0
191 0.0
192 0.0
193 0.0
194 0.0
195 0.0
196 0.0
197 0.0
198 0.0
199 0.0
200 0.0
201 0.0
202 0.0
203 0.0
204 0.0
205 0.0
206 0.0
207 0.0
208 0.0
209 0.0
210 0.0
211 0.0
212 0.0
213 1.0
214 0.0
215 0.0
216 0.0
217 1.0
218 0.0
219 0.0
220 0.0
221 0.0
222 0.0
223 0.0
224 0.0
225 0.0
226 0.0
227 0.0
228 0.0
229 0.0
230 0.0
231 0.0
232 0.0
233 0.0
234 0.0
235 0.0
236 0.0
237 1.0
238 0.0
239 0.0
240 0.0
241 0.0
242 0.0
243 0.0
244 0.0
245 1.0
246 0.0
247 0.0
248 0.0
249 1.0
250 0.0
251 0.0
252 0.0
253 0.0
254 1.0
255 0.0
256 0.0
257 0.0
258 0.0
259 0.0
260 0.0
261 0.0
262 0.0
263 0.0
264 0.0
265 0.0
266 0.0
267 0.0
268 0.0
269 0.0
270 0.0
271 0.0
272 0.0
273 0.0
274 0.0
275 0.0
276 0.0
277 0.0
278 0.0
279 0.0
280 0.0
281 0.0
282 0.0
283 0.0
284 0.0
285 0.0
286 0.0
287 0.0
288 0.0
289 0.0
290 0.0
291 1.0
