0 1.0 1.0 419052
1 0.09869033578683632 1.3687836374872246 14463402
2 0.24368539510538595 1.7414005474202843 11874971
3 0.17785185018798855 2.7082960791190467 11174351
4 0.20724965615856192 3.453804706743672 10137667
5 0.21648671809162118 4.301615499073821 9286542
6 0.2354041811985254 5.1489674494941635 8549606
7 0.236387189393417 6.123132780331451 7932583
8 0.2486394292393846 7.058911532590648 7406818
9 0.24837942483602984 8.118345992294179 6953704
10 0.2559827767092416 9.126146624465168 6552058
11 0.25512579031058125 10.240710738377558 6195191
12 0.2585808505025233 11.3326036746747 5875350
13 0.25843810996079236 12.505974269067847 5583863
14 0.25492158109498475 13.625034493325519 5312622
15 0.2508751175214224 14.83535766985967 5065034
16 0.2538888699481057 16.076018385646055 4839645
17 0.24581887303504976 17.288774282707227 4625308
18 0.24143766926626847 18.54525088260571 4429781
19 0.238252101647986 19.84191616681833 4245121
20 0.22892798293958777 21.135712555225304 4073993
21 0.22465557778307693 22.473342437330786 3912567
22 0.21466860489714526 23.714087322019537 3758067
23 0.2040183464906939 25.04742545700145 3612680
24 0.1990749861731112 26.37520725952646 3476921
25 0.1856508259309366 27.757917206468843 3347677
26 0.17994072316253892 29.136427234613407 3226218
27 0.16672736288114975 30.56856006741455 3113868
28 0.15667243270961287 31.879235752352063 3003215
29 0.14348016783517947 33.18380705925062 2897843
30 0.13711819898954222 34.65543154089632 2800117
31 0.12093660775410202 36.09756281485052 2705252
32 0.11247483600345981 37.45216161600698 2612860
33 0.09609126006844981 39.018473998068636 2523601
34 0.0900536668073077 40.436860465068506 2434093
35 0.07710146132897003 41.821303119465064 2356622
36 0.0510516906859645 43.262096754754225 2281707
37 0.03351429349946545 44.49725934515775 2209326
38 0.02133053572223094 46.15157307080751 2135155
39 0.004436981922168972 47.42708966637132 2064241
40 -0.012813858707212689 48.95211544785192 1997993
41 -0.02583847174886411 50.348976514327354 1937692
42 -0.043509678106445855 51.78264117788014 1877950
43 -0.05508611730096797 53.32462820490237 1816592
44 -0.06970268463700106 54.9468171091043 1759344
45 -0.09596867113719505 56.15090436187134 1706286
46 -0.10893208121403901 57.43719381953014 1654049
47 -0.12226981702281746 59.20743750299935 1604517
48 -0.15390696400957893 60.49657885975703 1555914
49 -0.16468025135542919 62.2810677631688 1507825
50 -0.176316242963352 63.483668001509905 1462344
51 -0.19444552091208672 65.25063924563027 1419251
52 -0.20695591585231388 66.49804278952314 1374916
53 -0.23460714956582782 68.09343589121859 1336221
54 -0.252543157310131 69.35216827879854 1296420
55 -0.27794000340726893 70.59897957071595 1256138
56 -0.30082532145999974 72.61362330404403 1218192
57 -0.32398380156922296 73.63854889057623 1185300
58 -0.32495547406108727 75.42045611598213 1150453
59 -0.368979995502997 76.37319033699752 1116299
60 -0.36742490287952634 78.1045709124758 1083963
61 -0.3995486034325501 79.69978901291644 1053619
62 -0.4030431844226569 81.19428484676337 1020970
63 -0.4160524185326283 83.15925531120223 990642
64 -0.442360308744796 83.7937120525389 964162
65 -0.47215577742546033 85.15416319031758 937286
66 -0.488835073490586 86.89731077916817 910933
67 -0.5065357523531303 88.141223909721 886585
68 -0.5100877309876601 90.04227565213058 862979
69 -0.5445605782948421 90.96570105117384 837635
70 -0.5680264999028632 92.32190643881734 813286
71 -0.5869084447869127 93.97612043957047 789043
72 -0.5923923097165518 96.06091180769602 767618
73 -0.6130996366874587 97.67765232237048 745639
74 -0.6659824601873326 98.01427716992677 723953
75 -0.6628833738314842 99.98451619122689 705382
76 -0.6786137514157069 101.832699514469 686053
77 -0.6887297350479089 103.00429895620383 665743
78 -0.7222995788741645 103.99261600278174 647075
79 -0.7297921148318072 106.20572921624246 630348
80 -0.7598915599216458 106.89867916321933 611582
81 -0.8058554385116854 108.85451704297502 595788
82 -0.8211135588095546 109.92246036888255 578775
83 -0.8159432780388987 112.05776328532461 562745
84 -0.8467961437988437 113.62783204604659 547793
85 -0.8490884359876154 115.52450626747228 532272
86 -0.8870161609721698 116.96625418997111 517605
87 -0.9246919823830648 116.54918923869673 502244
88 -0.9266003782451716 119.12819195533105 488572
89 -0.951930798175359 121.16722583086334 475710
90 -0.9522812548038097 123.29303293329552 461873
91 -1.002243895936549 124.36264913021262 450110
92 -1.036751238895613 125.53791819863436 437890
93 -1.0223542190098833 125.52585315044584 426273
94 -1.0397755237938988 128.50033777589053 414476
95 -1.072193674369211 130.48116627421985 403027
96 -1.0908520744153318 131.52044585971024 392231
97 -1.1471880480607635 131.9588733896325 382599
98 -1.1254230737228608 133.36904375273437 372571
99 -1.183579977190596 134.94349863280982 363885
100 -1.164074387869892 138.2238380083138 352907
101 -1.2108691031796173 139.04065869117736 343469
102 -1.2203197814318723 138.81659049264513 334541
103 -1.2407012672690751 140.92704756405453 325582
104 -1.2416109496200323 140.85540757163957 317527
105 -1.3010581271895505 145.3067270135748 307997
106 -1.2897776291590035 145.99184082929276 299050
107 -1.3380879163120178 150.23198841327806 291368
108 -1.3659049592017927 148.39057413435927 283836
109 -1.3596423454304731 150.8094274262292 275685
110 -1.4028256861637278 152.04628817389752 269032
111 -1.38829797391487 152.43679034506465 261835
112 -1.4032437358346788 154.23372338294388 254583
113 -1.4798163621486757 158.694018871651 248097
114 -1.4945095107567075 160.05311902981975 240780
115 -1.4821999991478156 158.6992130077421 234691
116 -1.4766277237833805 162.5539039622238 229139
117 -1.5006716052488533 163.17406929888006 222601
118 -1.5680547438369465 163.01009650119877 217303
119 -1.580943562026967 165.79182296637154 211666
120 -1.618207121278979 168.39318808885355 206227
121 -1.6042970056770804 170.21190938640598 200279
122 -1.693803687890981 172.25468665212807 195342
123 -1.6896012016996067 172.90965193779314 190397
124 -1.6733518322572287 173.8998196894772 185236
125 -1.692226323495844 175.5460279814496 179619
126 -1.664229258093422 178.01531948624864 174092
127 -1.77442996742671 180.21641174526744 169464
128 -1.7330009559882378 182.76649684765903 165274
129 -1.7945295663029235 182.39176826428007 161011
130 -1.7766995880561882 185.05056546324488 156332
131 -1.8013679818997423 188.63127264166982 152926
132 -1.8281683875663872 187.47129512306904 148372
133 -1.9020239952506524 191.32468832406013 144862
134 -1.8284656286950303 190.3666107323152 141237
135 -1.9021439554382198 190.6834837100003 137876
136 -1.8759810095920937 191.80212114210758 134173
137 -1.889944636783748 193.23984626412678 131134
138 -1.9898468017817024 200.59171148321238 127743
139 -2.0362143230948835 198.3734632261181 124205
140 -2.0461562644781255 204.6398256006354 120872
141 -2.055186062907185 201.22268090275122 117729
142 -2.0819822495544917 206.38220238303225 114476
143 -2.052211806526701 203.05135469202523 110837
144 -2.0459495499499942 208.09139904433826 107988
145 -2.101973963692662 209.59876898677416 105929
146 -2.2015360092740184 209.34594986233878 103515
147 -2.079458288621279 211.70179046937722 100644
148 -2.1420804341346598 214.2492574282866 97297
149 -2.241292510558522 217.49342264631846 94947
150 -2.1261304805482157 216.61797813151168 93102
151 -2.221392294895947 223.89287327450398 90771
152 -2.245822359458723 216.78453364817003 88088
153 -2.204348687353616 221.74932124587795 85819
154 -2.1806207491138996 218.52660695468916 83512
155 -2.1970416228252625 226.23169060611252 81734
156 -2.3298839287962334 224.89148223682554 79434
157 -2.3153741672595562 227.28951555526808 77305
158 -2.40176365906133 230.6407872719063 75298
159 -2.398547354598676 230.9641215735624 73108
160 -2.279365659576263 234.3761756808053 71129
161 -2.3513937457727123 231.06413964800186 69489
162 -2.409366026065827 240.99276931006554 67905
163 -2.38481845197689 244.98091746994314 66291
164 -2.514248341586471 242.25073966800585 64218
165 -2.490318660761396 246.86455718465695 62543
166 -2.4641912445443723 239.7784353921439 60488
167 -2.537279434263761 250.49236732057253 58826
168 -2.3919478567808903 250.43364146294581 57227
169 -2.575553931442628 254.92900051694326 56099
170 -2.554204124801692 246.85187549007094 54839
171 -2.703481974673157 255.9622894869356 53619
172 -2.521167494339479 248.2296744486938 52557
173 -2.583870207416719 252.99638592080453 50912
174 -2.6142813857186145 263.9257852742147 49505
175 -2.6872501203608734 256.24880162434846 47773
176 -2.697557010225474 270.6396269199504 46746
177 -2.605840537101233 268.0409188643644 45578
178 -2.678026745382173 259.1605170177557 44718
179 -2.709724736998923 270.0217276706929 43631
180 -2.620283794577832 265.95590377296435 42566
181 -2.7971366763083054 265.6401400063197 41141
182 -2.7403089994184135 275.0042986825802 39547
183 -2.94091519471129 281.96818510484457 38724
184 -2.8876276052743513 284.2492822203318 37616
185 -2.758617877337973 287.5578240539365 36784
186 -2.897365119196989 293.193698591942 35865
187 -2.911586851230906 278.8024532141117 34893
188 -2.7698461719462335 279.5692226241948 33999
189 -2.953303271494719 287.7285355445934 33043
190 -2.846048834972542 287.13012317334244 32231
191 -3.1333081333081334 303.996030996031 31746
192 -2.8869891846383005 301.9917751440969 30882
193 -3.0441602557698073 300.5568654877277 30027
194 -2.817026898841385 286.1485534250288 29518
195 -3.091662620517445 309.0176527710342 28834
196 -3.0083798882681565 300.90975504941986 27924
197 -3.071011104617183 305.051870251315 27376
198 -3.218040889687711 319.59907885868347 26706
199 -2.8926398201620094 308.4768419828689 25801
200 -3.128193850213923 320.4055739933624 25009
201 -3.1533951123503363 304.6779973757586 24388
202 -2.9931597059948167 312.885754344224 23537
203 -3.077864817430761 314.4463850006421 23361
204 -3.348514592330847 326.71727086332504 22923
205 -3.2403950706777818 322.334813338166 22072
206 -3.184820931527185 313.6169048060865 21556
207 -3.24940470521002 321.04062291646824 20998
208 -3.3357620817843867 329.81278810408924 20175
209 -3.107996953541508 331.1910637217568 19695
210 -3.1590427456453196 334.1212591099395 19347
211 -3.286164193445073 327.4433116259208 18734
212 -3.2927802371973547 324.35929387331254 18297
213 -3.3226831716293073 342.87827590052416 17934
214 -3.3142045454545452 339.03170454545455 17600
215 -3.369051794691921 344.48608675318604 17106
216 -3.4747221226245966 347.38376957093345 16734
217 -3.4011394302848577 340.72203898050975 16675
218 -3.1891516871649324 342.06206244087036 15855
219 -3.3246069897362607 340.79725867221 15394
220 -3.6297637069703153 364.4796287764102 15193
221 -3.5832769584629953 356.0361250169125 14782
222 -3.1456766268718517 333.8937271409841 14491
223 -3.276798613117596 345.9127419820861 13844
224 -3.6142921213933326 361.22006278965466 13378
225 -3.4947001817080556 372.7751362810418 13208
226 -3.7423781676413257 353.3798050682261 12825
227 -3.6644584563811957 384.56572751217175 12529
228 -3.4207156927117532 356.6344386080105 12184
229 -3.51347216319592 367.7684657883553 11765
230 -3.6257222903169324 361.18079145508665 11422
231 -3.6195710455764076 364.7471849865952 11190
232 -3.702746365105008 370.0929815113983 11142
233 -4.135848703304934 405.83100833255315 10681
234 -3.5852512466436517 388.8710203298811 10428
235 -3.8541264944080216 400.85894716544544 10372
236 -3.724818894512256 397.636895901558 10077
237 -3.8565078052310553 406.2082084151763 9673
238 -4.134084147896303 423.9320016999575 9412
239 -3.8323259458249384 366.0257443474368 8934
240 -3.7669267844847374 404.86171677759927 8714
241 -3.610271546635183 406.9370720188902 8470
242 -3.8944305901911886 428.8085738035863 8421
243 -3.623073217726397 389.01830443159923 8304
244 -3.6877227479415016 433.9743148580558 8137
245 -3.4605793450881612 388.8527707808564 7940
246 -3.9110996252745833 416.1173278201318 7739
247 -3.845092629089476 426.75141242937855 7611
248 -3.356360235168359 391.09847675040083 7484
249 -3.9815782238108333 437.3898817706901 7274
250 -4.122720694645442 444.24573082489144 6910
251 -3.6300518134715025 406.60917838638045 6755
252 -4.486523526724532 472.7316887467641 6567
253 -3.6600218034574055 395.3286092508955 6421
254 -4.427722152690864 471.12828535669587 6392
255 -4.0821114369501466 423.09840338872596 6138
256 -4.270306481326411 454.4387874727851 5971
257 -4.211216566005177 465.58205349439174 5795
258 -4.322858681989585 472.41587358592204 5569
259 -4.23526210774533 471.14148376564486 5513
260 -4.1820014662756595 463.81213343108504 5456
261 -4.228818443804035 460.7387127761767 5205
262 -4.2881792939309795 454.77251090836967 5042
263 -3.6595657517410896 428.2785743547726 4882
264 -3.9652461729416633 413.5428216797683 4834
265 -4.33701537795105 456.48992852501624 4617
266 -4.400970445522717 488.9770621967358 4534
267 -4.20217246730215 468.32675681667035 4511
268 -4.201807909604519 470.4354802259887 4425
269 -4.677270631627478 499.0903642231443 4338
270 -4.193943763518385 488.3737082432108 4161
271 -4.259985297721147 446.61382014212205 4081
272 -3.854042882975975 421.2583311805735 3871
273 -4.520200686559281 541.416952733034 3787
274 -4.4244090159428255 502.44529961517316 3638
275 -4.815461346633416 558.6586311997784 3609
276 -4.339822502147151 450.6467220154595 3493
277 -4.1947750362844705 525.0487663280117 3445
278 -4.516996748448123 497.21814957138633 3383
279 -4.890113253749617 504.0997857361494 3267
280 -3.911038961038961 474.8188311688312 3080
281 -5.033559212649242 558.1526298806067 3099
282 -3.7960376745696656 432.0701526469633 3079
283 -4.215303080490228 483.2355084465055 3019
284 -4.897164332080629 545.9337205329689 2927
285 -4.697286012526096 501.6283924843424 2874
286 -3.6017537449762513 411.4015345268542 2737
287 -5.064973861090366 602.2860343539955 2678
288 -4.4280936454849495 489.81939799331104 2691
289 -4.299036608863198 489.5121387283237 2595
290 -4.234782608695652 540.2853754940711 2530
291 -4.433139534883721 565.2379568106312 2408
292 -4.764106915570641 488.32286805260924 2357
293 -4.367855608079072 442.86205414697037 2327
294 -4.03920704845815 474.652422907489 2270
295 -4.4251361161524505 495.6057168784029 2204
296 -4.964548802946593 567.982044198895 2172
297 -5.5002333177788145 558.6350909939338 2143
298 -4.803809523809524 538.6561904761904 2100
299 -4.897297297297297 561.9567567567567 2035
300 -5.159754224270353 574.21044546851 1953
301 -5.526260504201681 651.3109243697479 1904
302 -5.165397170837867 544.4537540805223 1838
303 -4.819578827546955 603.4741035856574 1757
304 -5.042179261862917 599.3210310486234 1707
305 -4.3156923076923075 509.5501538461538 1625
306 -4.3252487562189055 577.6237562189054 1608
307 -4.357993730407523 515.9479623824451 1595
308 -6.353316326530612 674.797193877551 1568
309 -4.439630681818182 571.6867897727273 1408
310 -4.411927877947296 550.6712898751733 1442
311 -5.299431009957326 625.5782361308677 1406
312 -4.710386656557999 621.1046247156937 1319
313 -5.304580152671756 644.9 1310
314 -5.140364188163884 632.9264036418816 1318
315 -4.595565749235474 525.1490825688073 1308
316 -4.255150554675119 473.23454833597464 1262
317 -6.150298889837745 760.1605465414176 1171
318 -5.922867513611616 734.3294010889292 1102
319 -6.7650765076507655 835.3483348334834 1111
320 -4.341312056737588 575.7118794326241 1128
321 -5.6654343807763405 687.0240295748614 1082
322 -5.094924812030075 678.7998120300751 1064
323 -5.941881918819188 725.980627306273 1084
324 -4.849660523763337 546.9156159068865 1031
325 -4.545542635658915 553.4292635658915 1032
326 -4.281976744186046 531.9583333333334 1032
327 -4.58148893360161 565.6136820925553 994
328 -5.319354838709677 623.7731182795699 930
329 -4.543973941368078 525.4842562432138 921
330 -6.795110593713621 813.314318975553 859
331 -5.505841121495327 764.5292056074767 856
332 -5.513325608342989 710.0996523754345 863
333 -4.940382452193476 667.8717660292464 889
334 -5.1079478054567025 702.3819691577698 843
335 -6.002642007926024 672.7952443857332 757
336 -6.2557510148849795 713.5629228687416 739
337 -4.700645161290322 620.1535483870967 775
338 -3.964980544747082 516.5123216601816 771
339 -5.726415094339623 814.4649595687332 742
340 -6.195804195804196 684.7300699300699 715
341 -4.791176470588235 843.4264705882352 680
342 -4.465361445783133 481.27560240963857 664
343 -4.43739837398374 523.8975609756097 615
344 -4.284228769497401 467.1507798960139 577
345 -6.824707846410685 847.5358931552588 599
346 -6.368088467614534 759.9699842022117 633
347 -5.303501945525292 708.0466926070039 514
348 -7.569523809523809 950.1104761904762 525
349 -5.863984674329502 624.0478927203065 522
350 -5.0664206642066425 636.2583025830259 542
351 -5.996497373029772 780.8266199649737 571
352 -4.692929292929293 455.04040404040404 495
353 -8.044025157232705 964.6687631027254 477
354 -3.6703056768558953 489.20742358078604 458
355 -4.078674948240166 487.7432712215321 483
356 -5.746203904555315 650.2711496746203 461
357 -4.913135593220339 625.1122881355932 472
358 -5.497767857142857 716.0334821428571 448
359 -8.276346604215457 1278.248243559719 427
360 -5.231678486997636 682.418439716312 423
361 -4.853211009174312 788.1284403669724 436
362 -5.553884711779449 740.6115288220551 399
363 -7.078378378378378 1050.0891891891893 370
364 -4.239583333333333 520.796875 384
365 -5.765840220385675 746.7741046831956 363
366 -8.55240793201133 1099.084985835694 353
367 -6.905044510385757 1046.020771513353 337
368 -4.385579937304075 519.6018808777429 319
369 -5.177570093457944 545.993769470405 321
370 -7.72972972972973 1031.1418918918919 296
371 -5.885304659498208 605.5627240143369 279
372 -7.956810631229236 1106.2225913621262 301
373 -6.361370716510903 707.981308411215 321
374 -4.882352941176471 947.6993464052288 306
375 -7.26158940397351 1018.182119205298 302
376 -3.8203389830508474 487.25762711864405 295
377 -5.219745222929936 755.4554140127389 314
378 -5.398058252427185 675.5533980582525 309
379 -4.200743494423792 469.4944237918216 269
380 -5.854166666666667 815.3541666666666 240
381 -5.9126637554585155 669.703056768559 229
382 -6.7 831.0043478260869 230
383 -3.862222222222222 617.5688888888889 225
384 -9.358744394618833 1267.798206278027 223
385 -5.037558685446009 826.0610328638497 213
386 -6.170731707317073 1201.5756097560975 205
387 -5.495726495726496 787.6923076923077 234
388 -3.5294117647058822 479.12605042016804 238
389 -4.293023255813954 902.9255813953488 215
390 -8.741626794258373 1076.511961722488 209
391 -5.697435897435898 718.4974358974359 195
392 -4.552238805970149 557.3781094527363 201
393 -5.025773195876289 627.2216494845361 194
394 -5.133333333333334 376.31555555555553 225
395 -5.776190476190476 901.4333333333333 210
396 -6.170984455958549 963.9844559585492 193
397 -3.1920903954802258 515.5197740112994 177
398 -6.021052631578947 780.7578947368421 190
399 -5.132275132275132 559.4497354497355 189
400 -4.672131147540983 715.9726775956284 183
401 -7.026041666666667 898.546875 192
402 -3.0171428571428573 390.7885714285714 175
403 -10.39375 1430.20625 160
404 -2.664233576642336 497.3941605839416 137
405 -6.796407185628743 988.2215568862275 167
406 -4.1656441717791415 552.2024539877301 163
407 -7.2827586206896555 1293.6275862068965 145
408 -6.108527131782946 938.4031007751938 129
409 -2.49618320610687 218.6793893129771 131
410 -6.64 971.168 125
411 -6.217687074829932 876.1904761904761 147
412 -12.007407407407408 1663.9333333333334 135
413 -6.422535211267606 920.9577464788732 142
414 -9.056 1538.24 125
415 -3.536363636363636 418.6090909090909 110
416 -4.909090909090909 896.060606060606 99
417 -10.01980198019802 1135.3663366336634 101
418 -6.0 1043.578947368421 95
419 -4.472727272727273 480.0181818181818 110
420 -6.46875 682.34375 96
421 -6.462264150943396 856.311320754717 106
422 -10.68503937007874 1366.4330708661416 127
423 -9.095652173913043 1102.5217391304348 115
424 -13.34862385321101 2031.4220183486239 109
425 -5.118181818181818 1273.8636363636363 110
426 -4.484536082474227 891.3505154639175 97
427 -8.511363636363637 1399.3977272727273 88
428 -13.226666666666667 1944.6666666666667 75
429 -1.8108108108108107 63.08108108108108 74
430 -6.649484536082475 886.1134020618557 97
431 -6.1020408163265305 738.3673469387755 98
432 -5.0095238095238095 767.2761904761904 105
433 -7.252747252747253 996.1538461538462 91
434 -8.759036144578314 1095.1927710843374 83
435 -7.430379746835443 996.6708860759494 79
436 -1.5522388059701493 55.40298507462686 67
437 -4.957746478873239 1282.5633802816901 71
438 -6.08 804.6666666666666 75
439 -6.486486486486487 743.7297297297297 74
440 -1.3870967741935485 177.90322580645162 62
441 0.19642857142857142 21.017857142857142 56
442 -15.88 2417.72 50
443 -1.9285714285714286 306.2142857142857 42
444 -6.195121951219512 620.8780487804878 41
445 -17.18 2107.9 50
446 -7.530612244897959 991.2857142857143 49
447 -11.434782608695652 2202.4347826086955 46
448 -7.744186046511628 1843.8837209302326 43
449 -8.108695652173912 1052.4565217391305 46
450 -11.205128205128204 1606.2307692307693 39
451 -6.513513513513513 1241.5405405405406 37
452 -2.625 201.925 40
453 -0.631578947368421 7.526315789473684 38
454 -14.63888888888889 2035.361111111111 36
455 -2.3636363636363638 172.54545454545453 33
456 -0.7878787878787878 215.21212121212122 33
457 -5.612903225806452 570.1290322580645 31
458 -17.714285714285715 2325.5714285714284 28
459 -11.869565217391305 1823.9565217391305 23
460 -1.2962962962962963 337.22222222222223 27
461 -18.677419354838708 3010.6129032258063 31
462 -6.821428571428571 1880.0357142857142 28
463 -0.42857142857142855 34.42857142857143 21
464 -9.870967741935484 1196.3870967741937 31
465 -5.090909090909091 276.1212121212121 33
466 -2.4642857142857144 113.32142857142857 28
467 -1.4838709677419355 129.09677419354838 31
468 1.0 64.85185185185185 27
469 -3.0 115.8695652173913 23
470 -12.789473684210526 1758.157894736842 19
471 0.8333333333333334 7.5 18
472 -1.05 17.65 20
473 5.884615384615385 355.5769230769231 26
474 -4.0 171.31034482758622 29
475 -9.846153846153847 1333.7692307692307 26
476 -37.13333333333333 8998.066666666668 15
477 -3.15 131.85 20
478 -2.8421052631578947 135.26315789473685 19
479 -6.035714285714286 868.1785714285714 28
480 -13.7 2141.9 30
481 -11.941176470588236 817.8235294117648 17
482 -7.714285714285714 596.8571428571429 14
483 -1.7857142857142858 34.357142857142854 14
484 -16.142857142857142 3165.0 21
485 0.4230769230769231 2.8076923076923075 26
486 -1.3225806451612903 33.516129032258064 31
487 -13.181818181818182 1770.3636363636363 22
488 0.75 4.625 16
489 -16.782608695652176 1965.8260869565217 23
490 -9.083333333333334 718.0833333333334 12
491 -44.875 7056.125 8
492 -16.2 995.6 10
493 -6.0 252.88888888888889 9
494 -21.5 2795.1666666666665 6
495 -62.833333333333336 11929.5 6
496 0.0 1.0 6
497 3.3333333333333335 76.88888888888889 9
498 -25.90909090909091 4417.181818181818 11
499 -1.8571428571428572 48.42857142857143 7
500 -6.0 332.8 10
501 -7.466666666666667 270.93333333333334 15
502 -0.5714285714285714 3.142857142857143 7
503 -0.07142857142857142 5.214285714285714 14
504 -7.647058823529412 548.7058823529412 17
505 -4.111111111111111 89.66666666666667 9
506 0.0 1.7333333333333334 15
507 -15.052631578947368 2984.9473684210525 19
508 -1.7692307692307692 23.76923076923077 13
509 -0.36363636363636365 4.0 11
510 -33.57142857142857 4295.571428571428 7
511 1.0 5.5 4
512 4.0 57.0 4
513 -1.375 23.875 8
514 1.1428571428571428 4.0 7
515 2.2857142857142856 50.857142857142854 7
516 1.8333333333333333 24.833333333333332 6
517 1.0 2.142857142857143 7
518 -4.1 157.7 10
519 -3.5555555555555554 114.66666666666667 9
520 -4.0 199.55555555555554 9
521 1.4444444444444444 16.333333333333332 9
522 -36.42857142857143 7019.0 7
523 -44.0 4847.6 5
524 -4.333333333333333 41.0 3
525 -20.0 761.0 2
526 -3.0 13.0 2
527 -1.0 1.0 2
530 1.0 1.0 1
531 -70.0 14982.0 3
532 2.0 12.666666666666666 3
533 -3.5 54.5 2
535 1.0 1.0 1
536 0.0 2.3333333333333335 6
537 1.5714285714285714 18.142857142857142 7
538 -54.5 10084.833333333334 6
539 -7.666666666666667 177.0 3
540 -2.0 4.0 1
543 4.0 16.0 1
544 -55.0 6161.0 2
545 -0.25 1.75 4
546 -1.0 1.0 3
547 -4.5 50.5 2
548 -3.6666666666666665 41.0 3
549 -1.0 1.0 1
554 1.0 1.0 1
555 -94.5 18050.5 2
556 25.5 1352.5 2
560 9.0 130.0 2
561 0.0 1.0 2
562 -0.16666666666666666 1.5 6
563 0.7142857142857143 7.857142857142857 7
564 0.0 1.0 2
565 1.5 2.5 2
566 -3.0 9.0 2
567 -38.0 4332.666666666667 3
568 -1.0 1.0 2
569 1.0 1.0 1
570 -1.5 2.5 2
571 1.0 1.0 1
572 -9.0 81.0 1
576 -11.0 121.0 1
580 3.0 9.0 1
583 1.0 1.0 1
584 1.0 1.0 1
585 -41.0 1681.0 1
601 1.0 1.0 1
602 -6.5 243.0 4
603 -0.2 1.0 5
604 -0.3333333333333333 1.0 3
605 -1.5 2.5 2
608 -249.0 62001.0 1
