0 965172.0
1 68408.0
2 13550.0
3 5209.0
4 2425.0
5 1240.0
6 716.0
7 379.0
8 273.0
9 169.0
10 110.0
11 76.0
12 70.0
13 53.0
14 20.0
15 25.0
16 17.0
17 13.0
18 16.0
19 11.0
20 13.0
21 12.0
22 5.0
23 5.0
24 8.0
25 6.0
26 4.0
27 1.0
28 0.0
29 2.0
30 2.0
31 1.0
32 2.0
33 0.0
34 0.0
35 2.0
36 0.0
37 0.0
38 0.0
39 0.0
40 3.0
41 0.0
42 0.0
43 0.0
44 0.0
45 0.0
46 0.0
47 0.0
48 0.0
49 0.0
50 1.0
51 0.0
52 0.0
53 2.0
54 0.0
55 1.0
56 0.0
57 0.0
58 0.0
59 1.0
60 0.0
61 0.0
62 0.0
63 0.0
64 0.0
65 0.0
66 0.0
67 0.0
68 0.0
69 0.0
70 1.0
71 0.0
72 0.0
73 0.0
74 0.0
75 0.0
76 1.0
