2 0.3868134433167539
3 0.3710967466873571
4 0.367433302574748
5 0.36783500292942733
6 0.36990711094415957
7 0.3736029617475168
8 0.37708824933419366
9 0.3809340500946066
10 0.38433013333149624
11 0.38852078378072263
12 0.39180494498191804
13 0.39512510915058263
14 0.39796010038376284
15 0.40179791356184796
16 0.4050423160536798
17 0.4063565896771636
18 0.41095210421812195
19 0.4118592080689094
20 0.41477555889009016
21 0.4155248419434291
22 0.4183527076733893
23 0.42077502910955406
24 0.4225644989142836
25 0.42351725606051954
26 0.4268195256783313
27 0.4287631806507402
28 0.4284472067397471
29 0.4309738404044845
30 0.4314385321418376
31 0.434117009029238
32 0.4363397692975565
33 0.43772902007508485
34 0.43766380091606044
35 0.4383916818465875
36 0.43878157288391034
37 0.43941907414942566
38 0.4412952060555088
39 0.44423484603499697
40 0.4416488325910502
41 0.444653918664153
42 0.4460251420390999
43 0.4452615151801759
44 0.44634097000960904
45 0.44705281273529096
46 0.45321378601410583
47 0.44910126091751873
48 0.4462642036437504
49 0.45283527745937563
50 0.44680547123317027
51 0.45165808600847973
52 0.4534026015228426
53 0.4574006014032743
54 0.4523164335664336
55 0.45391736907558383
56 0.45554594386774316
57 0.45600159180221855
58 0.4542454085706681
59 0.45363941769316907
60 0.4591070493043833
61 0.45598818970289723
62 0.4603405709944926
63 0.4529083141636543
64 0.45347394540942926
65 0.45917040034687095
66 0.459866094937185
67 0.4624031007751938
68 0.4545159721096157
69 0.45621301775147927
70 0.4568905211612452
71 0.4579130753713552
72 0.46410477009846096
73 0.4655983975963946
74 0.458402146985962
75 0.47249119718309857
76 0.46400179151270854
77 0.4677090414683889
78 0.456488727952342
79 0.46568390526824555
80 0.46193146417445485
81 0.464041095890411
82 0.4653255690841715
83 0.4666025288620121
84 0.47108964341525783
85 0.46050541516245486
86 0.4591375150784077
87 0.4635843513220968
88 0.462267180475273
89 0.4660795825179387
90 0.46023401729693064
91 0.4636604774535809
92 0.4643115942028985
93 0.4569625095638868
94 0.4692826000792707
95 0.4782865002947534
96 0.46374162096282756
97 0.4869143098353736
98 0.45855875351655484
99 0.4800543970988214
100 0.48554244737450847
101 0.46893974778141057
102 0.47707528957528955
103 0.48110709987966305
104 0.46924428822495606
105 0.46396044756700494
106 0.4733820459290188
107 0.47823779193205945
108 0.456992230854606
109 0.4832330180567498
110 0.4662801342691486
111 0.47583762886597936
112 0.47570332480818417
113 0.4715871979098628
114 0.4600798403193613
115 0.4687924016282225
116 0.47736916548797736
117 0.4762071378586424
118 0.4786262331019364
119 0.4570563753310632
120 0.4865186360031721
121 0.4823622671422909
122 0.46807661612130885
123 0.4768267223382046
124 0.48223764801959984
125 0.47297297297297297
126 0.44760614272809396
127 0.4644808743169399
128 0.46497414198401504
129 0.47207883622712343
130 0.46157564040599325
131 0.47469635627530365
132 0.46659707724425886
133 0.48034006376195537
134 0.46465753424657535
135 0.46691973969631234
136 0.46383213694091663
137 0.4732041049030787
138 0.4802483069977427
139 0.46576117713638937
140 0.4579067121729238
141 0.460880195599022
142 0.4532828282828283
143 0.45887728459530025
144 0.4929214929214929
145 0.47900763358778625
146 0.4397834912043302
147 0.4366715758468336
148 0.4650986342943854
149 0.45339652448657186
150 0.46616541353383456
151 0.47893379191745483
152 0.48936170212765956
153 0.47332768839966133
154 0.47214854111405835
155 0.46779661016949153
156 0.46566901408450706
157 0.4522706209453197
158 0.43673469387755104
159 0.4672897196261682
160 0.4900398406374502
161 0.45317220543806647
162 0.4640171858216971
163 0.4926315789473684
164 0.4801223241590214
165 0.45741324921135645
166 0.4807916181606519
167 0.47794117647058826
168 0.4722863741339492
169 0.4879807692307692
170 0.49034749034749037
171 0.46033810143042914
172 0.47579529737206083
173 0.454421768707483
174 0.4574314574314574
175 0.4745308310991957
176 0.5126498002663116
177 0.4756756756756757
178 0.4733893557422969
179 0.46142208774583965
180 0.47619047619047616
181 0.4912559618441971
182 0.4661290322580645
183 0.4517766497461929
184 0.49466192170818507
185 0.5208333333333334
186 0.5049342105263158
187 0.4682274247491639
188 0.5145797598627787
189 0.4780405405405405
190 0.4740484429065744
191 0.48785046728971965
192 0.5098814229249012
193 0.5216572504708098
194 0.49107142857142855
195 0.4628252788104089
196 0.4896694214876033
197 0.45434298440979953
198 0.4938875305623472
199 0.541371158392435
200 0.44761904761904764
201 0.46835443037974683
202 0.4857142857142857
203 0.457286432160804
204 0.4877450980392157
205 0.5069444444444444
206 0.48711340206185566
207 0.5079787234042553
208 0.4947916666666667
209 0.47214854111405835
210 0.48186528497409326
211 0.472
212 0.45549738219895286
213 0.49606299212598426
214 0.46814404432132967
215 0.42813455657492355
216 0.49666666666666665
217 0.4481707317073171
218 0.43859649122807015
219 0.47368421052631576
220 0.5018587360594795
221 0.45878136200716846
222 0.47509578544061304
223 0.44298245614035087
224 0.46255506607929514
225 0.4793388429752066
226 0.4892703862660944
227 0.44813278008298757
228 0.4434389140271493
229 0.5021834061135371
230 0.46360153256704983
231 0.507177033492823
232 0.4692982456140351
233 0.505
234 0.5118483412322274
235 0.5227272727272727
236 0.5
237 0.40703517587939697
238 0.5085714285714286
239 0.4418604651162791
240 0.514792899408284
241 0.47513812154696133
242 0.4508670520231214
243 0.4627659574468085
244 0.4277456647398844
245 0.49032258064516127
246 0.47019867549668876
247 0.42483660130718953
248 0.49032258064516127
249 0.5364238410596026
250 0.4520547945205479
251 0.45864661654135336
252 0.4413793103448276
253 0.5
254 0.49032258064516127
255 0.42857142857142855
256 0.4661016949152542
257 0.4174757281553398
258 0.5157894736842106
259 0.45871559633027525
260 0.44329896907216493
261 0.4574468085106383
262 0.5047619047619047
263 0.5094339622641509
264 0.45535714285714285
265 0.5238095238095238
266 0.5
267 0.415929203539823
268 0.46808510638297873
269 0.37373737373737376
270 0.4827586206896552
271 0.5104166666666666
272 0.5588235294117647
273 0.5
274 0.4444444444444444
275 0.46511627906976744
276 0.4578313253012048
277 0.5222222222222223
278 0.39759036144578314
279 0.47058823529411764
280 0.47297297297297297
281 0.4935064935064935
282 0.4520547945205479
283 0.3548387096774194
284 0.41818181818181815
285 0.5789473684210527
286 0.3670886075949367
287 0.34
288 0.5106382978723404
289 0.5128205128205128
290 0.391304347826087
291 0.4897959183673469
292 0.5625
293 0.4716981132075472
294 0.40384615384615385
295 0.40540540540540543
296 0.4838709677419355
297 0.5
298 0.5227272727272727
299 0.5869565217391305
300 0.4583333333333333
301 0.5476190476190477
302 0.4857142857142857
303 0.5172413793103449
304 0.5333333333333333
305 0.5641025641025641
306 0.35555555555555557
307 0.48148148148148145
308 0.6153846153846154
309 0.5294117647058824
310 0.5405405405405406
311 0.53125
312 0.5517241379310345
313 0.5333333333333333
314 0.4444444444444444
315 0.7037037037037037
316 0.4666666666666667
317 0.6666666666666666
318 0.5
319 0.45652173913043476
320 0.38636363636363635
321 0.5882352941176471
322 0.6341463414634146
323 0.48717948717948717
324 0.43137254901960786
325 0.48717948717948717
326 0.4883720930232558
327 0.41025641025641024
328 0.3225806451612903
329 0.3888888888888889
330 0.28125
331 0.35
332 0.23076923076923078
333 0.23076923076923078
334 0.375
335 0.5714285714285714
336 0.5714285714285714
337 0.2727272727272727
338 0.14285714285714285
339 0.8333333333333334
340 0.2
341 0.6666666666666666
342 0.5714285714285714
343 0.0
344 0.3333333333333333
345 0.3333333333333333
346 0.6666666666666666
347 0.36363636363636365
348 0.75
349 0.75
350 0.75
351 0.6
352 0.5
353 0.2
354 0.0
355 0.0
356 0.5
357 0.6
358 0.5
359 0
360 0.5
361 0
362 1.0
363 0.5
364 0.0
365 1.0
366 0
367 1.0
368 0.5
369 0.0
370 0
371 0
372 0
373 0
374 1.0
375 0.0
376 0
377 0
378 0
379 0
380 1.0
381 0
382 0
383 0
384 0.0
385 0
386 1.0
387 0.8
388 0.6
389 0.5
390 1.0
391 0.6666666666666666
392 0.6666666666666666
393 0.6
394 0.6666666666666666
395 0.4
396 0.4
397 0.3333333333333333
398 0.5
399 0.3333333333333333
400 0.0
401 0.6666666666666666
402 0.3333333333333333
403 1.0
404 1.0
405 0.5
406 0.0
407 0.5
408 0.0
409 0
410 0
411 0
412 0
413 0
414 0
415 0
416 0
417 0
418 0
419 0
420 0
421 0
422 0
423 0
424 0
425 0
426 0
427 0
428 0
429 0
430 0
431 0
432 0
433 0
434 0
435 0
436 0
437 0
438 0
439 0
440 0
441 0
442 0
443 0
444 0
445 0
446 0
447 0
448 0
449 0
450 0
451 0
452 0
453 0
454 0
455 0
456 0
457 0
458 0
459 0
460 0
461 0
462 0
463 0
464 0
465 0
466 0
467 0
468 0
469 0
470 0
471 0
472 0
473 0
474 0
475 0
476 0
477 0
478 0
479 0
480 0
481 0
482 0
483 0
484 0
485 0
486 0
487 0
488 0
489 0
490 0
491 0
492 0
493 0
494 0
495 0
496 0
497 0
498 0
