0 0.5455
1 0.5478
2 0.5433
3 0.5565
4 0.5505
5 0.5567
6 0.5633
7 0.5513
8 0.5497
9 0.5598
10 0.5372
11 0.5491
12 0.5552
13 0.5464
14 0.5549
15 0.5475
16 0.5556
17 0.5471
18 0.5435
19 0.5438
20 0.5553
21 0.5488
22 0.5499
23 0.5475
24 0.5526
25 0.5486
26 0.5596
27 0.5485
28 0.5465
29 0.5468
30 0.552
31 0.5604
32 0.5539
33 0.5469
34 0.55
35 0.5448
36 0.5437
37 0.5657
38 0.5484
39 0.5642
40 0.5571
41 0.5524
42 0.5528
43 0.5458
44 0.5456
45 0.5512
46 0.5551
47 0.5488
48 0.5526
49 0.5475
50 0.558
51 0.5544
52 0.5574
53 0.563
54 0.5498
55 0.5442
56 0.5482
57 0.5452
58 0.5516
59 0.5512
60 0.5515
61 0.5473
62 0.548
63 0.5443
64 0.5469
65 0.5504
66 0.5488
67 0.5475
68 0.5585
69 0.5517
70 0.5478
71 0.5485
72 0.5454
73 0.5576
74 0.5536
75 0.5564
76 0.5574
77 0.5515
78 0.5504
79 0.555
80 0.5587
81 0.5482
82 0.5457
83 0.5503
84 0.5523
85 0.5487
86 0.5527
87 0.5526
88 0.5512
89 0.5494
90 0.5461
91 0.5426
92 0.5554
93 0.5515
94 0.5567
95 0.5429
96 0.5585
97 0.5455
98 0.545
99 0.5445
100 0.5568
101 0.5531
102 0.5561
103 0.5533
104 0.5502
105 0.5444
106 0.5526
107 0.556
108 0.5457
109 0.5486
110 0.5403
