2 0.7858011854146137
3 0.7453458683018334
4 0.7179732386349059
5 0.6971049423942619
6 0.6815715592647071
7 0.6683125418211827
8 0.6568802846237127
9 0.6476495172857958
10 0.6392331353026529
11 0.6321566193817233
12 0.6259680464464294
13 0.6197893301800724
14 0.6151731123450146
15 0.6101980016845362
16 0.6061118565196997
17 0.6022478317198956
18 0.5986784341190008
19 0.5951378576940285
20 0.5919924137291431
21 0.5893569829168316
22 0.5867387535423024
23 0.5836617328239111
24 0.5817985873557814
25 0.5792438056292628
26 0.5769759615753922
27 0.5755886160388756
28 0.574084178950888
29 0.5712863991440007
30 0.5699272832620567
31 0.5685759130546506
32 0.5663099383181626
33 0.5650994123536914
34 0.5642420643863877
35 0.5627191005359251
36 0.5609116095387667
37 0.5596195839292029
38 0.5584688123236113
39 0.5577894405881926
40 0.556970760308916
41 0.5552962377508812
42 0.5545435851784087
43 0.5534864709954053
44 0.5526641988770195
45 0.5519703560600658
46 0.5500531467731216
47 0.5502268399159906
48 0.5489555779461368
49 0.5486007353403705
50 0.5477090173606048
51 0.5469072079161783
52 0.5456030838009877
53 0.5453464744681737
54 0.5445839012134336
55 0.5440245622267464
56 0.5440202605956472
57 0.5425264578942021
58 0.5416054671763721
59 0.5412330236929475
60 0.541361448816899
61 0.5402299792417786
62 0.5394781357345224
63 0.5391099619516092
64 0.5383059255309494
65 0.538421534365119
66 0.537076715922464
67 0.5378750732024448
68 0.5366792160747093
69 0.536712279721453
70 0.5351345497943284
71 0.5356462060491971
72 0.5345639291887039
73 0.5344033513673745
74 0.534180299834692
75 0.5332197097725052
76 0.5339444414836492
77 0.532256447989518
78 0.531734826188075
79 0.5317736970986338
80 0.5315999462428814
81 0.5306709920738553
82 0.5306723418372539
83 0.5301418256121385
84 0.5298673241997658
85 0.5298591043325286
86 0.5291082462214086
87 0.5286480176672846
88 0.5289569440123365
89 0.5283523307386694
90 0.5286189013506208
91 0.528209326635769
92 0.5280433803977345
93 0.5269684745256238
94 0.5264804922757131
95 0.5267167758679903
96 0.5259062433366234
97 0.5255921392123409
98 0.5264583083877882
99 0.5256532579770833
100 0.525418450526676
101 0.5249411698677474
102 0.5249563844475936
103 0.5254838899855458
104 0.5238606962730071
105 0.52375669721018
106 0.524129232237025
107 0.5243235032214132
108 0.5231134314190793
109 0.522903805928269
110 0.5229720481618512
111 0.5236022523769167
112 0.5225183059987643
113 0.5225531013040585
114 0.5229623759072328
115 0.5215193081033438
116 0.5211184817271687
117 0.5205336351658774
118 0.5210732718790146
119 0.5204478281761394
120 0.519931289127817
121 0.5207507688770084
122 0.5200353735638171
123 0.5196290226460072
124 0.5189787549673849
125 0.5200398648185891
126 0.5190669233866609
127 0.5197423362502362
128 0.5193278844180148
129 0.5190260370286687
130 0.5185658818991625
131 0.5187981719624931
132 0.518973034467915
133 0.5181968425818487
134 0.5182102417290927
135 0.5173581858808655
136 0.5183985602770559
137 0.5190404165383081
138 0.5173791156051457
139 0.5172981962324253
140 0.5173659835412523
141 0.5173809323704915
142 0.5176402514741927
143 0.5170680683036531
144 0.516606194091341
145 0.5159460757662931
146 0.5154863064612515
147 0.515510699266073
148 0.5160440876704382
149 0.5160418563066725
150 0.5157291843598193
151 0.5159257357437935
152 0.5160184773310522
153 0.5143314797154759
154 0.5158619983308259
155 0.5139633905691527
156 0.5148634809421746
157 0.5147972340252019
158 0.5140176080781689
159 0.5150478796169631
160 0.5142590155642524
161 0.5141387769154628
162 0.5142647670068813
163 0.5146129490403534
164 0.5143070589451703
165 0.5136142537986216
166 0.5128312832751973
167 0.5132166851236619
168 0.5144187978401471
169 0.5127182178829378
170 0.5127758246241346
171 0.5132050633216451
172 0.5132049560086323
173 0.5129587371717453
174 0.5125991237778164
175 0.5138613043305291
176 0.5118823990953777
177 0.5117999142949522
178 0.5118246368497071
179 0.512162037709107
180 0.5125083477819199
181 0.5123159232134581
182 0.5126432637000979
183 0.5113866967305524
184 0.5122859472249124
185 0.5113629266402218
186 0.5110924001764481
187 0.5116083635811228
188 0.5114436062653034
189 0.510396251712616
190 0.5111355161250666
191 0.5114700748109161
192 0.5111562602637759
193 0.5109810440535797
194 0.5106223723298203
195 0.5110276213506932
196 0.5110727305685915
197 0.5110873531663457
198 0.5109604955432561
199 0.5104023625704821
200 0.5096136454383815
201 0.5102840066970412
202 0.5104739268644797
203 0.5112679706939453
204 0.5086967153835348
205 0.5098972278000893
206 0.5102067226391106
207 0.5107183151560737
208 0.5085760517799353
209 0.5093354797874585
210 0.5088498799459001
211 0.5087591776667377
212 0.5093334288220865
213 0.5095790873794425
214 0.5096067571609258
215 0.5093800860790625
216 0.5077112411062595
217 0.508942038353803
218 0.5084905539027514
219 0.5090368551817692
220 0.5093649899842148
221 0.5091196727810278
222 0.5093036813688722
223 0.5086534426321238
224 0.5080580751362074
225 0.5084702988664207
226 0.5095950601038346
227 0.5078732825297885
228 0.5088879285234255
229 0.5086952373683407
230 0.5086160520275147
231 0.5071509051159059
232 0.5079953310810551
233 0.5079012536759016
234 0.5081165203976755
235 0.5085535667973801
236 0.5071675390208739
237 0.506906283656832
238 0.5078230890464933
239 0.5074440236766125
240 0.5070404343091511
241 0.5078180078809195
242 0.5076954147445626
243 0.5069548978096902
244 0.5072209270640952
245 0.5070239191829216
246 0.5072893712523069
247 0.5073523724224968
248 0.5059172141033569
249 0.5077346547812924
250 0.5072342455920975
251 0.5074422918384172
252 0.5074894440607592
253 0.5055972981572484
254 0.5077245034993662
255 0.5073566303747931
256 0.5069446340546455
257 0.5057982194344681
258 0.5048462520980017
259 0.5067376811686425
260 0.5050468299865106
261 0.5052393895939901
262 0.5046630698202509
263 0.5061302187520165
264 0.5055765534221723
265 0.5070280733206023
266 0.5052971483266941
267 0.5064018962108552
268 0.5059522638279451
269 0.506408023884154
270 0.5055557630742256
271 0.5042016806722689
272 0.5053320106640213
273 0.5052974535750028
274 0.5050756478586026
275 0.5053290255079245
276 0.5060302739316307
277 0.5051296151887095
278 0.5049443408487314
279 0.5055381452376035
280 0.5040765476204021
281 0.505650681814044
282 0.5039030163714604
283 0.5042904805751564
284 0.5043774094241419
285 0.504830412294411
286 0.5066132535714369
287 0.5055422024128999
288 0.5064763143246063
289 0.5044545356760372
290 0.5039471367706951
291 0.5055780120794113
292 0.5040440690137385
293 0.5043427909669947
294 0.5038384146632209
295 0.5045583991131668
296 0.5054255492738738
297 0.5050390323905208
298 0.5043314982114793
299 0.5043840600691026
300 0.5037039008293254
301 0.5036219235468669
302 0.5035144376899696
303 0.5041227327410133
304 0.5045316407377863
305 0.5035795248235998
306 0.5028542401803041
307 0.5036229279405459
308 0.5035747002827896
309 0.5034563362835395
310 0.5041414176737122
311 0.5048088106916934
312 0.5034478421112215
313 0.5032252357000228
314 0.504651985942912
315 0.5019848814394573
316 0.5047370082267655
317 0.5028215134337729
318 0.5037850618278054
319 0.5036426792905229
320 0.5031596895004841
321 0.5032139222733186
322 0.5038300646493182
323 0.5039337796460637
324 0.501697643027723
325 0.5023806480058649
326 0.5034478425459058
327 0.5022089689905824
328 0.5030736598026428
329 0.503329274638085
330 0.502745680059366
331 0.5021575202333948
332 0.5033424385663526
333 0.5019265787651178
334 0.5031732393272893
335 0.5024026387392929
336 0.5012513310594964
337 0.5034686787536641
338 0.5028676164654757
339 0.503060971049737
340 0.5036484767233478
341 0.5036546199058164
342 0.5032019440079477
343 0.5047225030230079
344 0.5026063992546056
345 0.5014745834924113
346 0.5030625935792482
347 0.5024061463827135
348 0.501980714172212
349 0.5027019603226657
350 0.5018037396789119
351 0.5008585858585859
352 0.5033584488534464
353 0.5032306472620194
354 0.5023957752410002
355 0.5020476539735903
356 0.5027566515472404
357 0.5017759417938302
358 0.5015280252748293
359 0.5005653033219122
360 0.49976925694969226
361 0.5004464376601432
362 0.5005593837723206
363 0.5027514458979772
364 0.5015780081054233
365 0.5026649340439824
366 0.5029553782001894
367 0.5018311028420365
368 0.5011489438271186
369 0.502063534357699
370 0.501815070115596
371 0.500214204112719
372 0.5026584574691485
373 0.5012508060086452
374 0.5003329394050283
375 0.4999456853006319
376 0.5016827706003691
377 0.5006761058727223
378 0.5027070876476594
379 0.5017741440173188
380 0.5031188568546489
381 0.5020153145682792
382 0.502436085100167
383 0.5006046171319413
384 0.49904963756842763
385 0.5012802610679885
386 0.5013398852587866
387 0.5012064880174156
388 0.5018148509329736
389 0.5016190912519206
390 0.4994477178072676
391 0.5020937576514757
392 0.5012312528036489
393 0.5006375482883796
394 0.5006034564468738
395 0.4992872269158356
396 0.5018345404077466
397 0.5016413144579507
398 0.5014658340515653
399 0.501876025576642
400 0.49975916304340845
401 0.5002041242747159
402 0.4990914049816183
403 0.5003996906038727
404 0.5009305691981596
405 0.5006141069130893
406 0.5003633851197867
407 0.5011383800427952
408 0.5019606434698002
409 0.5008725547225799
410 0.4998486423880283
411 0.5006805822612511
412 0.4987345280796175
413 0.500321515697921
414 0.5011825356753741
415 0.5006095692377387
416 0.5000083516233885
417 0.5005193638965025
418 0.5002282553237197
419 0.49981864954360133
420 0.4981144305985543
421 0.5003337738698889
422 0.49955664874010103
423 0.5009677825363726
424 0.498755265855461
425 0.499491241473584
426 0.502427575337068
427 0.4989957667706949
428 0.4999810476187194
429 0.500271409357918
430 0.4986786772187284
431 0.5004626827248881
432 0.4990613005507037
433 0.49918829185184665
434 0.5007946559823737
435 0.49859055920705775
436 0.5013345728310551
437 0.49964974038546156
438 0.5007616146230007
439 0.49784017662555596
440 0.4997896703171344
441 0.49923331163124957
442 0.4995940266475901
443 0.4986954527209129
444 0.49938887355596734
445 0.49984939759036146
446 0.5004565422139781
447 0.4978225643103099
448 0.4989020577328583
449 0.49992726003084176
450 0.4984607108717065
451 0.4994078947368421
452 0.500995075837949
453 0.4997572494151918
454 0.5013553121625494
455 0.498574189897327
456 0.5011988281408744
457 0.49943690990927786
458 0.4994133187708475
459 0.4979204507543463
460 0.49866222235508656
461 0.49920049846856046
462 0.5005436045857733
463 0.5000338562239025
464 0.4999943567228361
465 0.49921602099634893
466 0.4997188138094501
467 0.5000891045936262
468 0.4995908051052297
469 0.5014428912792872
470 0.4996189198664695
471 0.49803930570380317
472 0.4990035336230751
473 0.4993951442022453
474 0.49987817659366285
475 0.4997871418177315
476 0.4999631427230156
477 0.49859798404455424
478 0.4990079751021202
479 0.49799349007686083
480 0.4996420453878624
481 0.4998862013216343
482 0.4989791639725217
483 0.4979210264907163
484 0.49722796986305695
485 0.49894168193593225
486 0.49941315713557455
487 0.49865913511243853
488 0.49853399267195253
489 0.4962127265173064
490 0.4986569663097289
491 0.49918580854237615
492 0.49927063772858055
493 0.4976632113459579
494 0.4989536488712765
495 0.496637902732236
496 0.4983768881928812
497 0.49826533105301735
498 0.49877564046175843
