0 0.0296
1 0.0288
2 0.0285
3 0.0277
4 0.03
5 0.0317
6 0.031
7 0.0302
8 0.0286
9 0.032
10 0.0298
11 0.0295
12 0.0279
13 0.0302
14 0.0301
15 0.0334
16 0.0313
17 0.0316
18 0.0301
19 0.0275
20 0.0303
21 0.0329
22 0.0295
23 0.0334
24 0.0316
25 0.0338
26 0.0281
27 0.0297
28 0.0289
29 0.0285
30 0.0271
31 0.0281
32 0.0313
33 0.0331
34 0.0304
35 0.0305
36 0.031
37 0.0308
38 0.0299
39 0.0351
40 0.0314
41 0.0312
42 0.0296
43 0.0313
44 0.0315
45 0.0306
46 0.0269
47 0.031
48 0.0318
49 0.029
50 0.0274
51 0.0305
52 0.0312
53 0.029
54 0.0312
55 0.031
56 0.0305
57 0.0311
58 0.031
59 0.0271
60 0.0309
61 0.026
62 0.0303
63 0.0317
64 0.0294
65 0.029
66 0.0262
67 0.0291
68 0.0306
69 0.0288
70 0.0333
71 0.0312
72 0.0315
73 0.0283
74 0.0287
75 0.0312
76 0.0282
77 0.0295
78 0.031
79 0.0289
80 0.0286
81 0.0301
82 0.0281
83 0.0302
84 0.0316
85 0.0325
86 0.0308
87 0.0311
88 0.0328
89 0.0303
90 0.0306
91 0.029
92 0.029
93 0.0285
94 0.0268
95 0.0279
96 0.0267
97 0.0294
98 0.0302
99 0.0267
100 0.0291
101 0.0279
102 0.0305
103 0.0271
104 0.0317
105 0.0292
106 0.029
107 0.0296
108 0.0299
109 0.0299
110 0.0325
