0 0.5199
1 0.5129
2 0.5142
3 0.5167
4 0.513
5 0.5104
6 0.4953
7 0.5145
8 0.5001
9 0.5021
10 0.5109
11 0.5126
12 0.5162
13 0.5117
14 0.5095
15 0.519
16 0.499
17 0.5028
18 0.5244
19 0.4975
20 0.5119
21 0.515
22 0.5075
23 0.4974
24 0.5125
25 0.5253
26 0.5148
27 0.5195
28 0.5055
29 0.524
30 0.5079
31 0.5175
32 0.5118
33 0.5191
34 0.5031
35 0.5105
36 0.5113
37 0.5099
38 0.5203
39 0.5007
40 0.5065
41 0.5197
42 0.5073
43 0.5031
44 0.5151
45 0.5148
46 0.5076
47 0.512
48 0.5062
49 0.5165
50 0.5189
51 0.5174
52 0.4997
53 0.515
54 0.5222
55 0.5109
56 0.5199
57 0.5128
58 0.522
59 0.5122
60 0.5112
61 0.5114
62 0.5061
63 0.5043
64 0.5102
65 0.5169
66 0.5126
67 0.5071
68 0.5048
69 0.5074
70 0.5074
71 0.5152
72 0.5057
73 0.5108
74 0.5216
75 0.5115
76 0.5126
77 0.5186
78 0.5094
79 0.5053
80 0.519
81 0.5217
82 0.5004
83 0.5017
84 0.5226
85 0.5109
86 0.5176
87 0.5064
88 0.514
89 0.5008
90 0.5109
91 0.5131
92 0.5083
93 0.5067
94 0.5193
95 0.5004
96 0.5182
97 0.5052
98 0.5029
99 0.5144
100 0.5042
101 0.5291
102 0.5118
103 0.5077
104 0.5112
105 0.5073
106 0.5018
107 0.5281
108 0.5079
109 0.5157
110 0.5086
