2 0.7778176380533895
3 0.7433704681046351
4 0.717211433165505
5 0.6967898149559572
6 0.6807337220352385
7 0.6679575542794841
8 0.6575196690089972
9 0.6476753898478963
10 0.6394149523792919
11 0.6329495491799624
12 0.6271513017434452
13 0.6208135948650857
14 0.615914243226348
15 0.6115822898758442
16 0.6077009735478961
17 0.60345654296875
18 0.6002670018159599
19 0.5973009307080324
20 0.59435023536052
21 0.592114653089692
22 0.5888386505315
23 0.5869901076998804
24 0.5838411353349887
25 0.5820450019912385
26 0.581041145092607
27 0.5783409927537404
28 0.5758558587275278
29 0.5744063238239094
30 0.5730764877027991
31 0.5728463498591801
32 0.5705085844069189
33 0.5684561536395071
34 0.5678932948640671
35 0.5664763066142247
36 0.5651971306663109
37 0.5636422473296019
38 0.5628141532119546
39 0.5618889436614458
40 0.5606485957686539
41 0.5598061316064405
42 0.5594842804407654
43 0.5573767362035685
44 0.5575134535889532
45 0.5560457509548766
46 0.5548655097568038
47 0.5555213882900657
48 0.5537494190655841
49 0.5542626507172684
50 0.5521865738254996
51 0.5521832660042613
52 0.5515095049333063
53 0.5508397860761649
54 0.5502322607226339
55 0.5489521958184305
56 0.5482509268435929
57 0.5485482802016547
58 0.5474071334027851
59 0.5468651879893666
60 0.5466666150592904
61 0.5455785563048422
62 0.5457440174192457
63 0.5441387646173224
64 0.544661211085057
65 0.5442232904275417
66 0.5438729020918772
67 0.5432872014320934
68 0.5429155563593412
69 0.5421006795728399
70 0.5423237868605802
71 0.5406253783353682
72 0.5411488797252275
73 0.5396191705712143
74 0.5405910280069964
75 0.540038876975195
76 0.5394668893707333
77 0.5396870642912471
78 0.5392131139348052
79 0.5373363411251513
80 0.5381015446916347
81 0.53676485914059
82 0.5372277663016949
83 0.5373599747394184
84 0.5379378120467965
85 0.5363341446326408
86 0.535343271047659
87 0.5357178524094295
88 0.5365445618434637
89 0.5357469338332272
90 0.5352286837837698
91 0.5345978314432029
92 0.533819809335628
93 0.5346042639045772
94 0.5326822436267118
95 0.5342297670860129
96 0.5334332942576993
97 0.533336874223904
98 0.5339047622561726
99 0.5315825208138552
100 0.5331003150985337
101 0.5312168434700835
102 0.5315328467153285
103 0.5318240541842172
104 0.5320492458151646
105 0.531762423755306
106 0.530788186913563
107 0.5311761497909471
108 0.529927315570414
109 0.5306268544810644
110 0.5295147614012375
111 0.5303534825689262
112 0.530553219837759
113 0.5283315640806943
114 0.5291512930349972
115 0.5291775785813371
116 0.5296785132623472
117 0.5287071779512721
118 0.5288981139421022
119 0.5286003099509563
120 0.5287803254059037
121 0.527454753998359
122 0.5277887805923338
123 0.5280455921824558
124 0.5286559409722981
125 0.5269170064448244
126 0.526220925999872
127 0.5263073592977289
128 0.525534494948139
129 0.5256241698372318
130 0.5265629984592307
131 0.5260341484372691
132 0.5252154161647187
133 0.526691535442631
134 0.5248444673224155
135 0.5257722554115187
136 0.5258425010526118
137 0.5260780878901916
138 0.5255310742616772
139 0.5247250857068293
140 0.5262771810322242
141 0.5231608934000431
142 0.5242119832558498
143 0.5238695019244324
144 0.5234236978373439
145 0.5240257589696412
146 0.5235209420211244
147 0.5245912162412386
148 0.5251143706079329
149 0.5243035312993607
150 0.5242478772142635
151 0.5241689554891348
152 0.5236941050597962
153 0.5220531476655228
154 0.5230403375311641
155 0.5233115122593132
156 0.5226941363731039
157 0.5232731510551925
158 0.5225120270445975
159 0.522926711920426
160 0.5223569962637479
161 0.5240155856789392
162 0.5221392487887321
163 0.522932972118509
164 0.5216586330424438
165 0.5224787920651024
166 0.522592267991041
167 0.5226596375546089
168 0.5204440449290845
169 0.5225691586836532
170 0.5208536763148557
171 0.5197988738713726
172 0.5214518876155804
173 0.522228430934287
174 0.5196024745649432
175 0.5219632040438841
176 0.5209913911155409
177 0.5206221571065947
178 0.5211613248532401
179 0.5205389154627239
180 0.5213539782872036
181 0.518566651619748
182 0.5205589630829766
183 0.5230110347348965
184 0.5200677017748451
185 0.5205793910362456
186 0.5209683259783502
187 0.5213560202317086
188 0.5192539073844676
189 0.5202438712782741
190 0.5198315731756741
191 0.5198861081972126
192 0.5196328449990957
193 0.5198953496451737
194 0.5200021850361441
195 0.5208957448167422
196 0.5200202412488607
197 0.5196037299606486
198 0.5193536506767332
199 0.5178569777654509
200 0.5181803247693171
201 0.5189052207912398
202 0.5187179487179487
203 0.518401748283495
204 0.518605691671708
205 0.5188024884343495
206 0.5193520978511055
207 0.5178817931411778
208 0.5190582422948402
209 0.5190843841675029
210 0.5184586624083319
211 0.517771833527941
212 0.5184777133200085
213 0.5198058744750289
214 0.5180615135441025
215 0.5180012577297978
216 0.5178831648580103
217 0.5181987405441799
218 0.5171797700116909
219 0.5173849711826558
220 0.5171481229215914
221 0.5175873516835112
222 0.5178308774369534
223 0.5174712620504498
224 0.5177356509801546
225 0.5150091103111077
226 0.5184277779670835
227 0.5189384883363503
228 0.5188953687351979
229 0.5173753241281509
230 0.5174318426473977
231 0.5171786371499659
232 0.5167491244265123
233 0.5163968509175584
234 0.5147874885260494
235 0.5164600510113293
236 0.5156603436122421
237 0.5151050980364602
238 0.5169942416935281
239 0.5158615322024305
240 0.5170303069080981
241 0.5159579583216096
242 0.5145230738420165
243 0.5155677392466551
244 0.5156630687035042
245 0.516568769906983
246 0.5173390719647567
247 0.5169685764412302
248 0.5155159376454165
249 0.514548496204899
250 0.5154228308493282
251 0.5147721785415446
252 0.5159907291535539
253 0.5176079513100582
254 0.5159421792768336
255 0.5155683665707084
256 0.516161355572256
257 0.5133701466911089
258 0.5147686792538089
259 0.5158154431153311
260 0.5150964151920554
261 0.5154211712138137
262 0.5138765571352902
263 0.5142098466938206
264 0.5152006625487422
265 0.5138360887631509
266 0.5140656163515206
267 0.5137618244424926
268 0.5139774303661331
269 0.5129659201557936
270 0.5143985454829818
271 0.5142458461864091
272 0.5149504273235472
273 0.51360796148482
274 0.5135882209130843
275 0.5150308304405028
276 0.5120248873289993
277 0.5145329843225758
278 0.5152248566471256
279 0.5146495537952471
280 0.5145094130319449
281 0.5148818742432348
282 0.5145195513792058
283 0.5137571945287154
284 0.5145356733111984
285 0.5141727066150138
286 0.5140873975397344
287 0.5129233166243163
288 0.5125922638128586
289 0.5141369415722554
290 0.5121843209641506
291 0.5138062845260873
292 0.5148928540154204
293 0.5136805824394021
294 0.514022235556889
295 0.5131423040336442
296 0.5136747615208921
297 0.5131381049278952
298 0.5142741257441262
299 0.5140211449790202
300 0.5144036423981958
301 0.5125280375223981
302 0.5136004304987892
303 0.5124775541165428
304 0.5146540155529558
305 0.5141990139991489
306 0.5129678401013806
307 0.5151601521845216
308 0.5132633240257375
309 0.5121710512014538
310 0.5127755500067781
311 0.5134285489110922
312 0.5140336949036568
313 0.5154422354139591
314 0.5143815030933633
315 0.5132695900648423
316 0.5126349167093571
317 0.5134570170941681
318 0.5126975056809876
319 0.5112650103703967
320 0.5136826939425667
321 0.5116547457695353
322 0.512694807385252
323 0.513567334343969
324 0.5124653863531643
325 0.5094179313817162
326 0.5131856850179322
327 0.510956795029589
328 0.511803558160842
329 0.5103468803663423
330 0.5132445767523912
331 0.5128041882130933
332 0.5109710518694232
333 0.5131903261675315
334 0.5126698426233155
335 0.5111926247227995
336 0.5111020869216156
337 0.513726517966622
338 0.5131812426751262
339 0.5110229007633588
340 0.5123058947685813
341 0.5122943094641208
342 0.5142927005892006
343 0.5116161568464496
344 0.5136348354775625
345 0.5128231879659313
346 0.5108089708983752
347 0.5136630295618276
348 0.5131571398519822
349 0.5116822205810418
350 0.5134736347914401
351 0.5119652130508654
352 0.5112166570715794
353 0.5113276855172945
354 0.510320501654764
355 0.5112312487823885
356 0.5116096428327529
357 0.5132634929313442
358 0.5120915176282755
359 0.5110204721938976
360 0.5107378352957398
361 0.5092413820347336
362 0.511201418138545
363 0.512709553975949
364 0.510449183370637
365 0.5120477716864883
366 0.5107735569559868
367 0.5122060391478405
368 0.5130344160691829
369 0.512403479522296
370 0.5118223119636547
371 0.5121073828219865
372 0.5102753770676064
373 0.5122958713038894
374 0.5127718285613022
375 0.513361604908943
376 0.5083490397840151
377 0.5096446388510434
378 0.5116456152084995
379 0.5112156983771828
380 0.5120362532774532
381 0.5123575275632104
382 0.5106962130324775
383 0.5074110543234189
384 0.5122285102878932
385 0.5122622635694548
386 0.5111585696979823
387 0.5099794432907516
388 0.5118603193993229
389 0.5120008831136063
390 0.5088773918907528
391 0.5108306688970292
392 0.5113015498813297
393 0.5111431082125502
394 0.5109490990440462
395 0.5104817400273275
396 0.5113264817082912
397 0.5108251155459947
398 0.5104571554178305
399 0.5110515847555499
400 0.5105037524856209
401 0.5093271116667026
402 0.5105967817781838
403 0.5097759244536029
404 0.508836885147717
405 0.5127330765836678
406 0.5117130824616221
407 0.5091990781853545
408 0.5082529592284086
409 0.5096619552608865
410 0.5113548109918316
411 0.5111185576637844
412 0.5105841526894158
413 0.5092469365553574
414 0.5105269824486042
415 0.5095103619541569
416 0.5100320740288391
417 0.5081404602427216
418 0.5093161816752964
419 0.5111979457407614
420 0.5088687205541691
421 0.5114913821649258
422 0.5094136572296551
423 0.5099878067282136
424 0.5085503160820514
425 0.5106248900041443
426 0.5115397688647179
427 0.5086024066324158
428 0.5080942897738621
429 0.5096547219325487
430 0.5070995666012443
431 0.5097221982025607
432 0.510111205961747
433 0.5107726040043852
434 0.5108089059376769
435 0.5085954192318546
436 0.5101611083793712
437 0.5094824648054116
438 0.5078126811174221
439 0.5090640846174846
440 0.5106110894749385
441 0.5092095299120405
442 0.508890879602794
443 0.5094243145552323
444 0.5082499675198129
445 0.5075545640190281
446 0.5092328069039658
447 0.5085316488948858
448 0.5109333619640685
449 0.5088149953228988
450 0.5099231064054041
451 0.5100136549840691
452 0.5095157260522887
453 0.5104171675883626
454 0.5093445295253448
455 0.5102646728701257
456 0.5112731575103073
457 0.5106582958776675
458 0.5106246091683102
459 0.5093595702736431
460 0.5075833992715588
461 0.5101136267174369
462 0.5091822329397081
463 0.5086462435556421
464 0.507373672984039
465 0.5101106821421797
466 0.5086375419008108
467 0.5087063682796855
468 0.510333267842232
469 0.5092143191505087
470 0.5103798218485528
471 0.5098665083076619
472 0.5083793681335733
473 0.5091409780628959
474 0.5103090849983746
475 0.5086739580920423
476 0.5083854078171509
477 0.5106306488133155
478 0.5082444167557414
479 0.5096824363197259
480 0.5094679492851635
481 0.5094750943086246
482 0.5100314986527684
483 0.5087789381574692
484 0.5062224237122552
485 0.5077085668534828
486 0.5092759441070661
487 0.5100264729579375
488 0.5063426367201244
489 0.5078801018608201
490 0.5077814996135017
491 0.5080363247036364
492 0.5078477370522059
493 0.509205401194495
494 0.5085428965230281
495 0.5089805508419266
496 0.5067575077971244
497 0.5075445816186557
498 0.5097546600109977
