-2154 1
-2153 0
-2152 0
-2151 0
-2150 0
-2149 0
-2148 0
-2147 0
-2146 0
-2145 0
-2144 0
-2143 0
-2142 0
-2141 0
-2140 0
-2139 0
-2138 0
-2137 0
-2136 0
-2135 0
-2134 0
-2133 0
-2132 0
-2131 0
-2130 0
-2129 0
-2128 0
-2127 0
-2126 0
-2125 0
-2124 0
-2123 0
-2122 0
-2121 0
-2120 0
-2119 0
-2118 0
-2117 0
-2116 0
-2115 0
-2114 0
-2113 0
-2112 0
-2111 0
-2110 0
-2109 0
-2108 0
-2107 0
-2106 0
-2105 0
-2104 0
-2103 0
-2102 0
-2101 0
-2100 0
-2099 0
-2098 0
-2097 0
-2096 0
-2095 0
-2094 0
-2093 0
-2092 0
-2091 0
-2090 0
-2089 0
-2088 0
-2087 0
-2086 0
-2085 0
-2084 0
-2083 0
-2082 0
-2081 0
-2080 0
-2079 0
-2078 0
-2077 0
-2076 0
-2075 0
-2074 0
-2073 0
-2072 0
-2071 0
-2070 0
-2069 0
-2068 0
-2067 0
-2066 0
-2065 0
-2064 0
-2063 0
-2062 0
-2061 0
-2060 0
-2059 0
-2058 0
-2057 0
-2056 0
-2055 0
-2054 0
-2053 0
-2052 0
-2051 0
-2050 0
-2049 0
-2048 0
-2047 0
-2046 0
-2045 1
-2044 0
-2043 0
-2042 0
-2041 0
-2040 0
-2039 0
-2038 0
-2037 0
-2036 0
-2035 0
-2034 0
-2033 0
-2032 0
-2031 0
-2030 0
-2029 0
-2028 0
-2027 0
-2026 0
-2025 0
-2024 0
-2023 0
-2022 0
-2021 0
-2020 0
-2019 0
-2018 0
-2017 0
-2016 0
-2015 0
-2014 0
-2013 0
-2012 0
-2011 0
-2010 0
-2009 0
-2008 0
-2007 0
-2006 0
-2005 0
-2004 1
-2003 0
-2002 0
-2001 1
-2000 0
-1999 0
-1998 0
-1997 0
-1996 0
-1995 0
-1994 0
-1993 1
-1992 0
-1991 0
-1990 0
-1989 0
-1988 0
-1987 2
-1986 0
-1985 1
-1984 0
-1983 0
-1982 0
-1981 0
-1980 0
-1979 1
-1978 0
-1977 0
-1976 0
-1975 0
-1974 0
-1973 1
-1972 0
-1971 0
-1970 0
-1969 0
-1968 2
-1967 1
-1966 0
-1965 0
-1964 1
-1963 0
-1962 0
-1961 1
-1960 0
-1959 0
-1958 1
-1957 0
-1956 0
-1955 0
-1954 0
-1953 2
-1952 0
-1951 1
-1950 0
-1949 3
-1948 0
-1947 1
-1946 0
-1945 1
-1944 0
-1943 1
-1942 0
-1941 2
-1940 0
-1939 0
-1938 1
-1937 0
-1936 0
-1935 0
-1934 2
-1933 1
-1932 0
-1931 0
-1930 1
-1929 0
-1928 2
-1927 1
-1926 1
-1925 1
-1924 5
-1923 3
-1922 1
-1921 3
-1920 1
-1919 0
-1918 0
-1917 0
-1916 0
-1915 1
-1914 0
-1913 1
-1912 4
-1911 0
-1910 0
-1909 0
-1908 0
-1907 3
-1906 2
-1905 2
-1904 2
-1903 2
-1902 4
-1901 0
-1900 2
-1899 4
-1898 2
-1897 0
-1896 1
-1895 2
-1894 3
-1893 3
-1892 3
-1891 3
-1890 2
-1889 2
-1888 1
-1887 4
-1886 4
-1885 2
-1884 1
-1883 3
-1882 3
-1881 1
-1880 4
-1879 2
-1878 3
-1877 3
-1876 1
-1875 0
-1874 4
-1873 3
-1872 4
-1871 3
-1870 3
-1869 1
-1868 3
-1867 4
-1866 3
-1865 5
-1864 2
-1863 5
-1862 2
-1861 2
-1860 4
-1859 3
-1858 6
-1857 2
-1856 2
-1855 3
-1854 4
-1853 3
-1852 3
-1851 7
-1850 5
-1849 8
-1848 2
-1847 4
-1846 6
-1845 4
-1844 8
-1843 3
-1842 3
-1841 6
-1840 4
-1839 5
-1838 7
-1837 7
-1836 6
-1835 4
-1834 7
-1833 8
-1832 7
-1831 8
-1830 6
-1829 5
-1828 4
-1827 4
-1826 13
-1825 4
-1824 7
-1823 7
-1822 4
-1821 1
-1820 11
-1819 3
-1818 5
-1817 7
-1816 9
-1815 5
-1814 6
-1813 11
-1812 9
-1811 3
-1810 7
-1809 11
-1808 8
-1807 6
-1806 9
-1805 9
-1804 14
-1803 16
-1802 6
-1801 8
-1800 8
-1799 11
-1798 5
-1797 10
-1796 10
-1795 8
-1794 5
-1793 10
-1792 9
-1791 8
-1790 10
-1789 11
-1788 14
-1787 9
-1786 14
-1785 10
-1784 11
-1783 15
-1782 8
-1781 12
-1780 12
-1779 5
-1778 15
-1777 10
-1776 16
-1775 13
-1774 14
-1773 13
-1772 10
-1771 13
-1770 18
-1769 12
-1768 19
-1767 14
-1766 9
-1765 16
-1764 14
-1763 12
-1762 21
-1761 13
-1760 9
-1759 15
-1758 16
-1757 19
-1756 22
-1755 23
-1754 19
-1753 16
-1752 16
-1751 11
-1750 18
-1749 18
-1748 13
-1747 22
-1746 12
-1745 12
-1744 11
-1743 13
-1742 14
-1741 18
-1740 18
-1739 21
-1738 11
-1737 18
-1736 21
-1735 22
-1734 28
-1733 25
-1732 20
-1731 26
-1730 30
-1729 29
-1728 20
-1727 19
-1726 25
-1725 25
-1724 22
-1723 18
-1722 28
-1721 18
-1720 21
-1719 32
-1718 18
-1717 19
-1716 28
-1715 33
-1714 33
-1713 26
-1712 34
-1711 30
-1710 18
-1709 42
-1708 29
-1707 26
-1706 21
-1705 38
-1704 25
-1703 34
-1702 25
-1701 36
-1700 18
-1699 27
-1698 35
-1697 27
-1696 31
-1695 30
-1694 33
-1693 32
-1692 35
-1691 38
-1690 35
-1689 19
-1688 31
-1687 32
-1686 39
-1685 36
-1684 38
-1683 41
-1682 39
-1681 35
-1680 37
-1679 46
-1678 41
-1677 36
-1676 26
-1675 44
-1674 35
-1673 39
-1672 31
-1671 42
-1670 44
-1669 36
-1668 37
-1667 38
-1666 29
-1665 51
-1664 42
-1663 30
-1662 50
-1661 34
-1660 47
-1659 60
-1658 41
-1657 43
-1656 33
-1655 38
-1654 35
-1653 34
-1652 46
-1651 56
-1650 39
-1649 46
-1648 40
-1647 47
-1646 43
-1645 42
-1644 55
-1643 48
-1642 46
-1641 49
-1640 62
-1639 49
-1638 45
-1637 64
-1636 62
-1635 47
-1634 53
-1633 46
-1632 56
-1631 55
-1630 50
-1629 52
-1628 58
-1627 50
-1626 72
-1625 53
-1624 53
-1623 47
-1622 58
-1621 52
-1620 62
-1619 66
-1618 58
-1617 69
-1616 47
-1615 67
-1614 58
-1613 59
-1612 69
-1611 59
-1610 56
-1609 68
-1608 53
-1607 69
-1606 73
-1605 75
-1604 65
-1603 62
-1602 56
-1601 73
-1600 64
-1599 73
-1598 59
-1597 53
-1596 87
-1595 69
-1594 57
-1593 73
-1592 59
-1591 67
-1590 69
-1589 74
-1588 66
-1587 80
-1586 87
-1585 67
-1584 59
-1583 67
-1582 60
-1581 80
-1580 91
-1579 89
-1578 94
-1577 67
-1576 90
-1575 81
-1574 68
-1573 73
-1572 71
-1571 73
-1570 71
-1569 86
-1568 93
-1567 79
-1566 76
-1565 68
-1564 89
-1563 77
-1562 71
-1561 74
-1560 82
-1559 74
-1558 104
-1557 86
-1556 89
-1555 74
-1554 81
-1553 91
-1552 87
-1551 100
-1550 82
-1549 89
-1548 81
-1547 95
-1546 92
-1545 81
-1544 86
-1543 76
-1542 96
-1541 97
-1540 93
-1539 104
-1538 115
-1537 94
-1536 91
-1535 98
-1534 82
-1533 100
-1532 119
-1531 94
-1530 98
-1529 90
-1528 77
-1527 105
-1526 110
-1525 102
-1524 97
-1523 113
-1522 99
-1521 121
-1520 102
-1519 118
-1518 119
-1517 126
-1516 105
-1515 91
-1514 120
-1513 112
-1512 100
-1511 87
-1510 124
-1509 126
-1508 122
-1507 100
-1506 116
-1505 119
-1504 114
-1503 103
-1502 113
-1501 108
-1500 120
-1499 125
-1498 107
-1497 102
-1496 113
-1495 105
-1494 113
-1493 101
-1492 140
-1491 103
-1490 127
-1489 117
-1488 105
-1487 115
-1486 122
-1485 130
-1484 137
-1483 128
-1482 121
-1481 131
-1480 111
-1479 106
-1478 128
-1477 121
-1476 138
-1475 97
-1474 138
-1473 121
-1472 128
-1471 122
-1470 131
-1469 122
-1468 143
-1467 131
-1466 123
-1465 148
-1464 133
-1463 128
-1462 135
-1461 127
-1460 139
-1459 106
-1458 123
-1457 150
-1456 113
-1455 147
-1454 120
-1453 130
-1452 141
-1451 147
-1450 158
-1449 151
-1448 143
-1447 129
-1446 130
-1445 137
-1444 135
-1443 131
-1442 142
-1441 142
-1440 159
-1439 149
-1438 141
-1437 152
-1436 153
-1435 143
-1434 146
-1433 139
-1432 168
-1431 128
-1430 146
-1429 132
-1428 171
-1427 165
-1426 161
-1425 141
-1424 172
-1423 178
-1422 152
-1421 157
-1420 141
-1419 145
-1418 142
-1417 146
-1416 145
-1415 151
-1414 179
-1413 145
-1412 154
-1411 153
-1410 161
-1409 174
-1408 164
-1407 163
-1406 161
-1405 160
-1404 131
-1403 153
-1402 169
-1401 171
-1400 178
-1399 160
-1398 164
-1397 155
-1396 171
-1395 139
-1394 173
-1393 194
-1392 167
-1391 184
-1390 181
-1389 180
-1388 173
-1387 179
-1386 208
-1385 204
-1384 174
-1383 191
-1382 177
-1381 187
-1380 160
-1379 148
-1378 179
-1377 171
-1376 184
-1375 194
-1374 181
-1373 187
-1372 201
-1371 172
-1370 164
-1369 168
-1368 213
-1367 182
-1366 180
-1365 202
-1364 202
-1363 202
-1362 157
-1361 195
-1360 163
-1359 192
-1358 178
-1357 180
-1356 205
-1355 213
-1354 165
-1353 170
-1352 205
-1351 168
-1350 183
-1349 194
-1348 188
-1347 180
-1346 210
-1345 196
-1344 193
-1343 214
-1342 209
-1341 203
-1340 189
-1339 205
-1338 181
-1337 213
-1336 219
-1335 186
-1334 174
-1333 176
-1332 199
-1331 208
-1330 208
-1329 181
-1328 187
-1327 185
-1326 166
-1325 210
-1324 213
-1323 188
-1322 196
-1321 188
-1320 221
-1319 208
-1318 190
-1317 205
-1316 226
-1315 199
-1314 212
-1313 205
-1312 211
-1311 217
-1310 201
-1309 215
-1308 214
-1307 245
-1306 200
-1305 215
-1304 214
-1303 196
-1302 198
-1301 215
-1300 249
-1299 249
-1298 219
-1297 219
-1296 223
-1295 214
-1294 221
-1293 226
-1292 214
-1291 243
-1290 235
-1289 232
-1288 216
-1287 220
-1286 235
-1285 206
-1284 221
-1283 213
-1282 211
-1281 214
-1280 260
-1279 233
-1278 216
-1277 203
-1276 210
-1275 215
-1274 233
-1273 228
-1272 257
-1271 245
-1270 218
-1269 264
-1268 229
-1267 241
-1266 221
-1265 253
-1264 253
-1263 256
-1262 223
-1261 277
-1260 266
-1259 239
-1258 247
-1257 238
-1256 239
-1255 260
-1254 286
-1253 214
-1252 248
-1251 221
-1250 267
-1249 254
-1248 247
-1247 276
-1246 262
-1245 255
-1244 238
-1243 248
-1242 278
-1241 249
-1240 263
-1239 250
-1238 233
-1237 247
-1236 254
-1235 260
-1234 258
-1233 255
-1232 272
-1231 255
-1230 243
-1229 248
-1228 272
-1227 299
-1226 276
-1225 260
-1224 257
-1223 239
-1222 263
-1221 248
-1220 273
-1219 267
-1218 256
-1217 256
-1216 278
-1215 292
-1214 253
-1213 275
-1212 295
-1211 254
-1210 273
-1209 298
-1208 268
-1207 269
-1206 290
-1205 263
-1204 277
-1203 266
-1202 298
-1201 278
-1200 261
-1199 279
-1198 274
-1197 282
-1196 292
-1195 290
-1194 270
-1193 279
-1192 275
-1191 300
-1190 254
-1189 293
-1188 293
-1187 307
-1186 282
-1185 287
-1184 300
-1183 275
-1182 272
-1181 282
-1180 284
-1179 280
-1178 285
-1177 286
-1176 275
-1175 305
-1174 283
-1173 321
-1172 309
-1171 309
-1170 288
-1169 298
-1168 277
-1167 305
-1166 302
-1165 306
-1164 280
-1163 273
-1162 304
-1161 258
-1160 292
-1159 286
-1158 297
-1157 338
-1156 294
-1155 297
-1154 343
-1153 323
-1152 291
-1151 302
-1150 278
-1149 318
-1148 323
-1147 290
-1146 351
-1145 280
-1144 300
-1143 313
-1142 325
-1141 324
-1140 334
-1139 295
-1138 292
-1137 303
-1136 339
-1135 325
-1134 332
-1133 297
-1132 297
-1131 305
-1130 300
-1129 319
-1128 321
-1127 310
-1126 316
-1125 338
-1124 296
-1123 334
-1122 316
-1121 319
-1120 325
-1119 356
-1118 309
-1117 335
-1116 314
-1115 332
-1114 316
-1113 352
-1112 325
-1111 343
-1110 339
-1109 337
-1108 322
-1107 345
-1106 305
-1105 359
-1104 330
-1103 311
-1102 341
-1101 332
-1100 329
-1099 348
-1098 325
-1097 329
-1096 341
-1095 323
-1094 322
-1093 346
-1092 353
-1091 305
-1090 353
-1089 366
-1088 307
-1087 330
-1086 357
-1085 355
-1084 321
-1083 344
-1082 365
-1081 354
-1080 336
-1079 356
-1078 364
-1077 351
-1076 354
-1075 363
-1074 368
-1073 334
-1072 350
-1071 337
-1070 378
-1069 368
-1068 356
-1067 387
-1066 362
-1065 361
-1064 337
-1063 376
-1062 352
-1061 367
-1060 371
-1059 376
-1058 383
-1057 383
-1056 377
-1055 355
-1054 364
-1053 356
-1052 397
-1051 403
-1050 391
-1049 365
-1048 367
-1047 377
-1046 412
-1045 379
-1044 371
-1043 407
-1042 344
-1041 392
-1040 371
-1039 377
-1038 395
-1037 404
-1036 367
-1035 380
-1034 356
-1033 374
-1032 413
-1031 385
-1030 407
-1029 411
-1028 371
-1027 395
-1026 400
-1025 397
-1024 400
-1023 348
-1022 363
-1021 371
-1020 373
-1019 367
-1018 396
-1017 434
-1016 400
-1015 384
-1014 399
-1013 388
-1012 428
-1011 390
-1010 422
-1009 417
-1008 410
-1007 389
-1006 420
-1005 386
-1004 364
-1003 414
-1002 382
-1001 399
-1000 391
-999 397
-998 419
-997 405
-996 464
-995 407
-994 396
-993 450
-992 402
-991 422
-990 404
-989 446
-988 424
-987 376
-986 422
-985 459
-984 409
-983 429
-982 452
-981 469
-980 443
-979 446
-978 429
-977 418
-976 437
-975 432
-974 401
-973 445
-972 453
-971 426
-970 445
-969 430
-968 424
-967 445
-966 430
-965 435
-964 448
-963 436
-962 450
-961 433
-960 439
-959 453
-958 438
-957 432
-956 445
-955 441
-954 452
-953 428
-952 438
-951 466
-950 452
-949 437
-948 445
-947 435
-946 449
-945 500
-944 501
-943 446
-942 458
-941 449
-940 435
-939 444
-938 441
-937 491
-936 459
-935 428
-934 485
-933 425
-932 525
-931 478
-930 463
-929 467
-928 476
-927 477
-926 451
-925 455
-924 483
-923 461
-922 488
-921 500
-920 465
-919 452
-918 490
-917 484
-916 455
-915 478
-914 479
-913 532
-912 484
-911 507
-910 463
-909 475
-908 503
-907 518
-906 465
-905 536
-904 474
-903 502
-902 488
-901 466
-900 517
-899 529
-898 497
-897 525
-896 511
-895 481
-894 479
-893 459
-892 562
-891 504
-890 550
-889 501
-888 565
-887 467
-886 503
-885 481
-884 480
-883 495
-882 503
-881 500
-880 487
-879 515
-878 520
-877 520
-876 535
-875 533
-874 540
-873 533
-872 555
-871 491
-870 574
-869 494
-868 527
-867 511
-866 544
-865 572
-864 512
-863 572
-862 542
-861 523
-860 594
-859 510
-858 530
-857 520
-856 537
-855 605
-854 542
-853 571
-852 555
-851 556
-850 546
-849 545
-848 538
-847 560
-846 575
-845 561
-844 595
-843 549
-842 562
-841 558
-840 536
-839 555
-838 577
-837 569
-836 581
-835 555
-834 583
-833 546
-832 553
-831 567
-830 584
-829 551
-828 562
-827 574
-826 564
-825 574
-824 560
-823 564
-822 602
-821 616
-820 593
-819 646
-818 624
-817 608
-816 566
-815 612
-814 619
-813 614
-812 518
-811 612
-810 624
-809 626
-808 630
-807 580
-806 580
-805 617
-804 622
-803 582
-802 587
-801 595
-800 668
-799 643
-798 617
-797 589
-796 644
-795 593
-794 596
-793 623
-792 640
-791 658
-790 587
-789 652
-788 605
-787 646
-786 630
-785 630
-784 583
-783 625
-782 614
-781 615
-780 576
-779 630
-778 674
-777 644
-776 580
-775 663
-774 669
-773 653
-772 642
-771 652
-770 691
-769 702
-768 704
-767 626
-766 655
-765 632
-764 632
-763 649
-762 653
-761 760
-760 650
-759 702
-758 680
-757 674
-756 633
-755 683
-754 700
-753 702
-752 715
-751 643
-750 712
-749 700
-748 669
-747 666
-746 696
-745 688
-744 733
-743 691
-742 680
-741 668
-740 675
-739 775
-738 720
-737 708
-736 682
-735 746
-734 721
-733 710
-732 737
-731 689
-730 752
-729 759
-728 753
-727 714
-726 722
-725 728
-724 734
-723 710
-722 747
-721 744
-720 729
-719 730
-718 737
-717 728
-716 740
-715 756
-714 720
-713 752
-712 755
-711 784
-710 766
-709 749
-708 757
-707 744
-706 769
-705 736
-704 702
-703 762
-702 759
-701 738
-700 732
-699 753
-698 758
-697 760
-696 815
-695 799
-694 761
-693 746
-692 800
-691 781
-690 738
-689 812
-688 800
-687 829
-686 841
-685 769
-684 796
-683 793
-682 803
-681 827
-680 744
-679 796
-678 837
-677 853
-676 779
-675 788
-674 869
-673 815
-672 867
-671 807
-670 881
-669 840
-668 829
-667 825
-666 818
-665 794
-664 850
-663 825
-662 823
-661 848
-660 831
-659 825
-658 837
-657 878
-656 862
-655 923
-654 908
-653 853
-652 831
-651 847
-650 852
-649 888
-648 863
-647 914
-646 873
-645 860
-644 859
-643 939
-642 894
-641 852
-640 857
-639 928
-638 891
-637 858
-636 882
-635 880
-634 906
-633 921
-632 909
-631 927
-630 978
-629 916
-628 970
-627 878
-626 937
-625 949
-624 945
-623 934
-622 946
-621 935
-620 941
-619 971
-618 924
-617 904
-616 977
-615 1005
-614 1015
-613 987
-612 1008
-611 990
-610 971
-609 964
-608 961
-607 979
-606 947
-605 1008
-604 993
-603 1010
-602 1015
-601 1031
-600 1014
-599 964
-598 1036
-597 1018
-596 1049
-595 1004
-594 1052
-593 1075
-592 1054
-591 1047
-590 1014
-589 1071
-588 1087
-587 1048
-586 1072
-585 1037
-584 1020
-583 1063
-582 1053
-581 1047
-580 1086
-579 1106
-578 1042
-577 1067
-576 1043
-575 979
-574 1127
-573 1113
-572 1110
-571 1051
-570 1125
-569 1094
-568 1054
-567 1087
-566 1090
-565 1137
-564 1146
-563 1159
-562 1058
-561 1129
-560 1109
-559 1130
-558 1163
-557 1145
-556 1122
-555 1186
-554 1138
-553 1115
-552 1246
-551 1222
-550 1221
-549 1167
-548 1171
-547 1211
-546 1199
-545 1235
-544 1202
-543 1220
-542 1186
-541 1195
-540 1216
-539 1212
-538 1194
-537 1222
-536 1248
-535 1205
-534 1262
-533 1199
-532 1229
-531 1232
-530 1211
-529 1267
-528 1217
-527 1190
-526 1296
-525 1281
-524 1202
-523 1205
-522 1320
-521 1236
-520 1351
-519 1347
-518 1223
-517 1359
-516 1339
-515 1365
-514 1378
-513 1326
-512 1378
-511 1308
-510 1342
-509 1393
-508 1368
-507 1307
-506 1328
-505 1329
-504 1281
-503 1348
-502 1418
-501 1403
-500 1428
-499 1414
-498 1412
-497 1433
-496 1399
-495 1447
-494 1321
-493 1446
-492 1398
-491 1460
-490 1439
-489 1446
-488 1435
-487 1482
-486 1432
-485 1487
-484 1490
-483 1466
-482 1536
-481 1537
-480 1540
-479 1438
-478 1471
-477 1474
-476 1492
-475 1456
-474 1473
-473 1581
-472 1519
-471 1566
-470 1566
-469 1490
-468 1486
-467 1644
-466 1610
-465 1574
-464 1566
-463 1590
-462 1572
-461 1629
-460 1569
-459 1644
-458 1591
-457 1664
-456 1656
-455 1621
-454 1679
-453 1622
-452 1652
-451 1685
-450 1676
-449 1663
-448 1758
-447 1618
-446 1696
-445 1675
-444 1692
-443 1726
-442 1786
-441 1734
-440 1738
-439 1787
-438 1706
-437 1793
-436 1819
-435 1848
-434 1750
-433 1826
-432 1848
-431 1759
-430 1864
-429 1802
-428 1798
-427 1874
-426 1884
-425 1813
-424 1828
-423 1866
-422 1827
-421 1861
-420 1893
-419 1873
-418 1897
-417 1952
-416 1895
-415 1894
-414 1823
-413 1969
-412 2039
-411 1847
-410 2012
-409 2012
-408 2049
-407 2060
-406 1928
-405 1978
-404 2044
-403 1972
-402 2063
-401 2139
-400 2002
-399 2129
-398 2172
-397 2070
-396 2117
-395 2164
-394 2131
-393 2109
-392 2136
-391 2091
-390 2185
-389 2160
-388 2160
-387 2236
-386 2231
-385 2302
-384 2183
-383 2173
-382 2290
-381 2271
-380 2331
-379 2200
-378 2356
-377 2392
-376 2343
-375 2368
-374 2343
-373 2300
-372 2303
-371 2385
-370 2262
-369 2392
-368 2418
-367 2347
-366 2480
-365 2444
-364 2354
-363 2529
-362 2445
-361 2520
-360 2570
-359 2586
-358 2565
-357 2557
-356 2593
-355 2520
-354 2680
-353 2511
-352 2575
-351 2548
-350 2584
-349 2750
-348 2618
-347 2572
-346 2672
-345 2683
-344 2692
-343 2725
-342 2710
-341 2675
-340 2736
-339 2823
-338 2883
-337 2766
-336 2836
-335 2762
-334 2850
-333 2908
-332 2930
-331 2958
-330 2915
-329 2890
-328 3068
-327 3069
-326 2987
-325 2935
-324 3040
-323 3034
-322 3066
-321 3040
-320 3137
-319 3127
-318 3064
-317 3214
-316 3227
-315 3236
-314 3207
-313 3297
-312 3143
-311 3269
-310 3385
-309 3276
-308 3272
-307 3464
-306 3278
-305 3382
-304 3471
-303 3425
-302 3482
-301 3465
-300 3455
-299 3564
-298 3620
-297 3524
-296 3597
-295 3568
-294 3722
-293 3631
-292 3745
-291 3731
-290 3775
-289 3742
-288 3875
-287 3866
-286 3876
-285 3860
-284 3894
-283 3939
-282 4071
-281 3926
-280 4058
-279 4054
-278 4033
-277 4168
-276 4166
-275 4177
-274 4110
-273 4179
-272 4273
-271 4262
-270 4319
-269 4456
-268 4268
-267 4362
-266 4375
-265 4524
-264 4467
-263 4466
-262 4547
-261 4672
-260 4503
-259 4535
-258 4696
-257 4726
-256 4670
-255 4778
-254 4853
-253 4863
-252 4880
-251 4929
-250 4986
-249 5104
-248 5007
-247 5029
-246 5212
-245 5135
-244 5158
-243 5264
-242 5420
-241 5396
-240 5587
-239 5422
-238 5410
-237 5495
-236 5604
-235 5604
-234 5540
-233 5779
-232 5666
-231 5846
-230 5833
-229 5884
-228 5980
-227 6005
-226 5917
-225 6021
-224 6075
-223 6302
-222 6251
-221 6366
-220 6243
-219 6296
-218 6541
-217 6409
-216 6527
-215 6636
-214 6597
-213 6774
-212 6709
-211 6850
-210 7004
-209 7084
-208 7088
-207 7147
-206 7130
-205 7287
-204 7393
-203 7473
-202 7439
-201 7597
-200 7552
-199 7721
-198 7921
-197 7873
-196 7956
-195 8042
-194 8018
-193 8220
-192 8277
-191 8256
-190 8491
-189 8543
-188 8767
-187 8824
-186 8739
-185 8918
-184 8931
-183 9298
-182 9271
-181 9415
-180 9559
-179 9621
-178 9867
-177 9629
-176 9773
-175 9965
-174 10150
-173 10025
-172 10290
-171 10339
-170 10432
-169 10594
-168 10767
-167 10977
-166 11044
-165 11423
-164 11067
-163 11292
-162 11630
-161 11879
-160 11906
-159 12073
-158 12348
-157 12165
-156 12365
-155 12668
-154 12728
-153 12953
-152 13149
-151 13374
-150 13546
-149 13643
-148 13977
-147 14080
-146 14081
-145 14479
-144 14803
-143 14719
-142 14724
-141 15256
-140 15600
-139 15596
-138 15846
-137 16291
-136 16524
-135 16863
-134 16770
-133 17307
-132 17379
-131 17606
-130 17707
-129 18209
-128 18673
-127 18990
-126 19248
-125 19581
-124 19625
-123 20196
-122 20299
-121 20597
-120 21143
-119 21274
-118 22010
-117 22269
-116 22656
-115 23162
-114 23322
-113 24091
-112 24303
-111 24857
-110 25326
-109 25877
-108 26058
-107 26672
-106 27177
-105 28175
-104 28111
-103 29058
-102 29329
-101 30148
-100 30625
-99 31567
-98 31773
-97 32598
-96 33623
-95 34145
-94 34565
-93 35865
-92 36261
-91 37392
-90 37829
-89 38956
-88 39733
-87 40927
-86 42091
-85 42509
-84 43897
-83 44991
-82 45610
-81 46651
-80 48536
-79 50009
-78 51282
-77 52359
-76 53715
-75 55483
-74 56882
-73 58632
-72 60147
-71 61865
-70 64184
-69 65790
-68 67599
-67 69339
-66 71691
-65 74877
-64 76933
-63 78924
-62 81818
-61 84578
-60 88062
-59 91271
-58 93611
-57 97447
-56 100856
-55 104378
-54 109521
-53 113397
-52 118259
-51 123199
-50 128715
-49 133674
-48 139925
-47 145101
-46 151786
-45 158442
-44 166267
-43 174986
-42 183472
-41 194167
-40 203707
-39 215730
-38 227614
-37 239139
-36 254380
-35 268883
-34 285167
-33 303192
-32 323288
-31 344448
-30 368837
-29 395673
-28 424131
-27 456914
-26 493335
-25 532730
-24 579975
-23 628085
-22 686183
-21 753794
-20 827980
-19 914371
-18 1014855
-17 1130737
-16 1268472
-15 1429210
-14 1622792
-13 1858324
-12 2150520
-11 2521449
-10 2994496
-9 3622551
-8 4470834
-7 5688648
-6 7505322
-5 10364638
-4 15451816
-3 26591621
-2 57953273
-1 347630835
0 1194720781
1 347627656
2 57962021
3 26577867
4 15457127
5 10365071
6 7502716
7 5690317
8 4475697
9 3621233
10 2994909
11 2518407
12 2147532
13 1860783
14 1622512
15 1428806
16 1266664
17 1131846
18 1014375
19 914745
20 830212
21 753404
22 686832
23 629889
24 578278
25 533865
26 493231
27 456827
28 423753
29 394634
30 368290
31 344393
32 322389
33 303523
34 284999
35 269732
36 253679
37 238799
38 226468
39 214727
40 203707
41 193633
42 184417
43 174669
44 167312
45 159040
46 152580
47 145641
48 139641
49 132607
50 128187
51 123332
52 117915
53 113522
54 109245
55 105086
56 101581
57 98119
58 93977
59 90899
60 87046
61 85468
62 82114
63 79417
64 76685
65 74444
66 72135
67 69706
68 67865
69 65512
70 63559
71 62122
72 60676
73 58616
74 56643
75 54913
76 54003
77 52446
78 51721
79 50228
80 48457
81 46884
82 45868
83 44896
84 43822
85 42534
86 41675
87 40604
88 39804
89 38703
90 37863
91 37148
92 36074
93 35707
94 34935
95 33869
96 33511
97 32949
98 32002
99 31225
100 30669
101 29860
102 29861
103 28996
104 28217
105 27806
106 27109
107 26903
108 26371
109 25749
110 25037
111 24753
112 24369
113 24010
114 23602
115 22908
116 22829
117 22261
118 21877
119 21239
120 21214
121 20699
122 20407
123 19957
124 19866
125 19434
126 19120
127 19095
128 18704
129 18223
130 18133
131 17701
132 17343
133 17206
134 16859
135 16809
136 16468
137 16239
138 15863
139 15831
140 15667
141 15237
142 15076
143 14780
144 14778
145 14606
146 14254
147 14244
148 13870
149 13637
150 13463
151 13250
152 13083
153 12977
154 12838
155 12502
156 12595
157 12410
158 12046
159 12333
160 12009
161 11787
162 11808
163 11544
164 11259
165 11369
166 11123
167 11060
168 10612
169 10607
170 10472
171 10397
172 10352
173 10160
174 9941
175 10145
176 9809
177 9949
178 9755
179 9431
180 9671
181 9439
182 9226
183 9198
184 9063
185 8868
186 8718
187 8747
188 8594
189 8506
190 8553
191 8299
192 8092
193 8069
194 8060
195 8107
196 7863
197 7972
198 7670
199 7666
200 7672
201 7584
202 7520
203 7596
204 7362
205 7159
206 7188
207 7036
208 7116
209 7013
210 7020
211 6938
212 6734
213 6801
214 6771
215 6737
216 6663
217 6529
218 6388
219 6395
220 6222
221 6298
222 6193
223 6233
224 6047
225 6044
226 5997
227 5856
228 6002
229 5995
230 5735
231 5721
232 5771
233 5548
234 5695
235 5562
236 5524
237 5597
238 5520
239 5304
240 5416
241 5278
242 5469
243 5186
244 5348
245 5135
246 5076
247 5010
248 5099
249 5038
250 5053
251 4885
252 4956
253 4739
254 4934
255 4823
256 4675
257 4741
258 4715
259 4740
260 4650
261 4605
262 4590
263 4383
264 4415
265 4425
266 4439
267 4291
268 4385
269 4344
270 4193
271 4226
272 4289
273 4192
274 4157
275 4190
276 4074
277 4138
278 4021
279 3993
280 3960
281 3931
282 3852
283 3891
284 3891
285 3952
286 3887
287 3923
288 3651
289 3760
290 3733
291 3732
292 3601
293 3686
294 3691
295 3657
296 3608
297 3494
298 3534
299 3551
300 3604
301 3444
302 3481
303 3469
304 3342
305 3407
306 3313
307 3378
308 3340
309 3302
310 3190
311 3268
312 3194
313 3247
314 3278
315 3277
316 3109
317 3236
318 3200
319 3117
320 3158
321 3121
322 3120
323 3102
324 2973
325 2983
326 3038
327 3000
328 2954
329 3016
330 2940
331 2880
332 2951
333 2811
334 2846
335 2791
336 2874
337 2753
338 2768
339 2803
340 2728
341 2733
342 2799
343 2741
344 2767
345 2779
346 2640
347 2697
348 2689
349 2677
350 2596
351 2578
352 2653
353 2567
354 2579
355 2569
356 2626
357 2540
358 2543
359 2573
360 2457
361 2617
362 2486
363 2451
364 2460
365 2452
366 2436
367 2417
368 2344
369 2406
370 2297
371 2352
372 2376
373 2347
374 2397
375 2302
376 2332
377 2361
378 2352
379 2297
380 2265
381 2297
382 2176
383 2255
384 2231
385 2203
386 2188
387 2285
388 2246
389 2142
390 2255
391 2163
392 2098
393 2223
394 2126
395 2140
396 2127
397 2228
398 2063
399 2073
400 2003
401 2055
402 2053
403 2075
404 1941
405 1918
406 2026
407 1997
408 1982
409 1914
410 2013
411 1984
412 2034
413 1978
414 1926
415 1973
416 1947
417 1894
418 1927
419 1884
420 1886
421 1891
422 1881
423 1904
424 1885
425 1855
426 1817
427 1907
428 1788
429 1874
430 1781
431 1810
432 1778
433 1835
434 1826
435 1746
436 1800
437 1773
438 1768
439 1765
440 1703
441 1711
442 1726
443 1766
444 1759
445 1668
446 1717
447 1700
448 1693
449 1675
450 1700
451 1673
452 1590
453 1679
454 1665
455 1724
456 1706
457 1610
458 1578
459 1581
460 1628
461 1529
462 1601
463 1601
464 1554
465 1551
466 1554
467 1520
468 1539
469 1558
470 1526
471 1608
472 1605
473 1498
474 1521
475 1496
476 1556
477 1513
478 1476
479 1452
480 1488
481 1510
482 1442
483 1548
484 1484
485 1516
486 1520
487 1487
488 1455
489 1438
490 1493
491 1345
492 1494
493 1436
494 1405
495 1431
496 1378
497 1361
498 1454
499 1349
500 1311
501 1414
502 1354
503 1357
504 1379
505 1346
506 1431
507 1392
508 1367
509 1312
510 1379
511 1355
512 1311
513 1326
514 1281
515 1324
516 1307
517 1345
518 1318
519 1322
520 1257
521 1244
522 1274
523 1272
524 1209
525 1272
526 1189
527 1252
528 1258
529 1221
530 1281
531 1271
532 1232
533 1258
534 1206
535 1185
536 1206
537 1218
538 1300
539 1178
540 1213
541 1232
542 1246
543 1219
544 1182
545 1213
546 1213
547 1218
548 1213
549 1231
550 1152
551 1145
552 1191
553 1205
554 1163
555 1146
556 1130
557 1132
558 1148
559 1180
560 1101
561 1173
562 1098
563 1117
564 1164
565 1062
566 1083
567 1102
568 1084
569 1102
570 1073
571 1095
572 1135
573 1043
574 1107
575 1168
576 1051
577 1072
578 1071
579 1088
580 1098
581 996
582 1120
583 1070
584 1028
585 1058
586 1056
587 1047
588 1018
589 1074
590 1068
591 1014
592 1017
593 1020
594 1044
595 1074
596 1058
597 1039
598 989
599 1038
600 991
601 973
602 1000
603 989
604 1031
605 996
606 935
607 936
608 941
609 1028
610 929
611 1011
612 983
613 941
614 953
615 974
616 902
617 980
618 946
619 955
620 883
621 948
622 893
623 916
624 956
625 934
626 952
627 910
628 897
629 950
630 874
631 928
632 924
633 952
634 937
635 910
636 887
637 908
638 885
639 915
640 943
641 923
642 892
643 913
644 847
645 893
646 897
647 860
648 870
649 919
650 894
651 882
652 893
653 848
654 850
655 876
656 865
657 821
658 883
659 847
660 889
661 799
662 833
663 823
664 848
665 805
666 828
667 842
668 809
669 838
670 899
671 816
672 848
673 842
674 827
675 794
676 799
677 836
678 785
679 818
680 805
681 829
682 823
683 763
684 861
685 827
686 792
687 825
688 760
689 769
690 790
691 783
692 765
693 780
694 805
695 778
696 816
697 812
698 740
699 760
700 762
701 764
702 746
703 769
704 772
705 742
706 751
707 827
708 734
709 777
710 703
711 763
712 789
713 772
714 717
715 745
716 716
717 708
718 741
719 724
720 679
721 739
722 737
723 733
724 724
725 699
726 693
727 705
728 696
729 702
730 704
731 671
732 731
733 744
734 685
735 720
736 683
737 710
738 691
739 721
740 664
741 736
742 668
743 662
744 682
745 688
746 727
747 702
748 658
749 710
750 678
751 665
752 657
753 672
754 660
755 667
756 710
757 632
758 694
759 659
760 684
761 654
762 657
763 671
764 678
765 640
766 644
767 637
768 670
769 684
770 666
771 656
772 646
773 618
774 650
775 619
776 672
777 629
778 680
779 622
780 621
781 699
782 638
783 619
784 600
785 626
786 678
787 577
788 663
789 640
790 574
791 638
792 610
793 606
794 644
795 612
796 625
797 606
798 617
799 642
800 618
801 633
802 639
803 619
804 637
805 611
806 628
807 599
808 565
809 587
810 591
811 632
812 637
813 611
814 610
815 608
816 557
817 617
818 592
819 575
820 578
821 582
822 557
823 577
824 549
825 573
826 573
827 605
828 556
829 566
830 574
831 561
832 576
833 552
834 560
835 559
836 576
837 525
838 562
839 619
840 549
841 552
842 529
843 566
844 503
845 538
846 549
847 567
848 563
849 555
850 531
851 514
852 529
853 500
854 584
855 562
856 545
857 561
858 528
859 557
860 515
861 556
862 504
863 535
864 605
865 528
866 580
867 536
868 540
869 541
870 497
871 554
872 522
873 533
874 542
875 511
876 526
877 522
878 515
879 542
880 505
881 484
882 488
883 522
884 485
885 521
886 523
887 506
888 462
889 519
890 516
891 509
892 508
893 514
894 506
895 486
896 556
897 525
898 511
899 481
900 513
901 482
902 459
903 492
904 508
905 537
906 474
907 484
908 467
909 489
910 489
911 460
912 488
913 462
914 456
915 479
916 523
917 466
918 514
919 469
920 499
921 449
922 476
923 485
924 464
925 485
926 486
927 438
928 461
929 488
930 509
931 433
932 452
933 456
934 419
935 466
936 454
937 473
938 456
939 466
940 421
941 473
942 462
943 428
944 437
945 495
946 493
947 432
948 447
949 440
950 427
951 440
952 473
953 457
954 458
955 439
956 441
957 443
958 439
959 478
960 434
961 416
962 464
963 444
964 435
965 446
966 454
967 469
968 457
969 407
970 435
971 456
972 446
973 409
974 393
975 429
976 438
977 432
978 381
979 423
980 409
981 429
982 416
983 382
984 446
985 420
986 386
987 394
988 444
989 407
990 418
991 425
992 394
993 424
994 420
995 423
996 429
997 406
998 400
999 441
1000 404
1001 416
1002 413
1003 415
1004 435
1005 427
1006 426
1007 419
1008 383
1009 396
1010 391
1011 402
1012 397
1013 416
1014 426
1015 374
1016 372
1017 382
1018 383
1019 398
1020 386
1021 408
1022 361
1023 426
1024 384
1025 390
1026 393
1027 357
1028 427
1029 416
1030 392
1031 359
1032 382
1033 385
1034 369
1035 382
1036 376
1037 372
1038 360
1039 356
1040 404
1041 380
1042 404
1043 354
1044 352
1045 373
1046 349
1047 407
1048 374
1049 391
1050 387
1051 354
1052 370
1053 391
1054 352
1055 345
1056 360
1057 367
1058 384
1059 318
1060 403
1061 342
1062 360
1063 374
1064 365
1065 352
1066 372
1067 356
1068 344
1069 336
1070 388
1071 346
1072 324
1073 340
1074 356
1075 374
1076 363
1077 310
1078 341
1079 347
1080 384
1081 310
1082 352
1083 341
1084 383
1085 350
1086 371
1087 336
1088 325
1089 374
1090 332
1091 356
1092 335
1093 340
1094 352
1095 373
1096 337
1097 360
1098 356
1099 368
1100 354
1101 325
1102 342
1103 341
1104 322
1105 320
1106 337
1107 346
1108 313
1109 319
1110 351
1111 330
1112 317
1113 330
1114 348
1115 332
1116 336
1117 344
1118 311
1119 362
1120 346
1121 341
1122 297
1123 323
1124 322
1125 356
1126 314
1127 287
1128 330
1129 306
1130 299
1131 301
1132 356
1133 334
1134 318
1135 292
1136 311
1137 320
1138 326
1139 310
1140 322
1141 330
1142 329
1143 289
1144 302
1145 280
1146 301
1147 307
1148 304
1149 285
1150 305
1151 309
1152 312
1153 286
1154 295
1155 285
1156 290
1157 307
1158 314
1159 298
1160 331
1161 290
1162 322
1163 296
1164 303
1165 312
1166 273
1167 296
1168 290
1169 274
1170 310
1171 310
1172 291
1173 286
1174 312
1175 277
1176 269
1177 289
1178 294
1179 319
1180 293
1181 266
1182 272
1183 271
1184 279
1185 289
1186 272
1187 261
1188 295
1189 289
1190 246
1191 295
1192 281
1193 303
1194 324
1195 264
1196 299
1197 310
1198 273
1199 301
1200 277
1201 300
1202 287
1203 268
1204 276
1205 274
1206 294
1207 285
1208 294
1209 274
1210 246
1211 246
1212 256
1213 260
1214 275
1215 251
1216 282
1217 259
1218 269
1219 245
1220 248
1221 226
1222 235
1223 239
1224 264
1225 285
1226 251
1227 265
1228 278
1229 257
1230 249
1231 260
1232 232
1233 259
1234 255
1235 263
1236 250
1237 243
1238 252
1239 254
1240 250
1241 268
1242 276
1243 271
1244 230
1245 264
1246 281
1247 264
1248 244
1249 271
1250 253
1251 239
1252 240
1253 243
1254 243
1255 265
1256 261
1257 242
1258 275
1259 231
1260 233
1261 232
1262 239
1263 255
1264 240
1265 229
1266 212
1267 230
1268 234
1269 246
1270 223
1271 218
1272 267
1273 236
1274 259
1275 219
1276 243
1277 228
1278 222
1279 239
1280 241
1281 229
1282 234
1283 226
1284 232
1285 201
1286 246
1287 245
1288 230
1289 232
1290 221
1291 232
1292 227
1293 222
1294 224
1295 224
1296 236
1297 225
1298 229
1299 243
1300 198
1301 201
1302 214
1303 231
1304 245
1305 219
1306 208
1307 218
1308 218
1309 187
1310 202
1311 232
1312 219
1313 223
1314 205
1315 202
1316 205
1317 184
1318 194
1319 215
1320 210
1321 190
1322 220
1323 211
1324 225
1325 213
1326 205
1327 232
1328 194
1329 220
1330 232
1331 220
1332 182
1333 215
1334 191
1335 209
1336 201
1337 213
1338 203
1339 212
1340 207
1341 196
1342 203
1343 205
1344 198
1345 208
1346 167
1347 213
1348 201
1349 191
1350 190
1351 206
1352 172
1353 178
1354 177
1355 175
1356 202
1357 162
1358 178
1359 185
1360 217
1361 186
1362 194
1363 168
1364 190
1365 197
1366 185
1367 175
1368 178
1369 206
1370 164
1371 181
1372 169
1373 182
1374 161
1375 190
1376 169
1377 189
1378 187
1379 158
1380 218
1381 178
1382 174
1383 173
1384 185
1385 165
1386 204
1387 180
1388 173
1389 163
1390 136
1391 174
1392 169
1393 162
1394 170
1395 177
1396 196
1397 157
1398 170
1399 158
1400 171
1401 183
1402 151
1403 153
1404 174
1405 168
1406 151
1407 178
1408 161
1409 131
1410 157
1411 162
1412 147
1413 168
1414 141
1415 137
1416 161
1417 151
1418 159
1419 153
1420 154
1421 153
1422 166
1423 145
1424 151
1425 164
1426 153
1427 157
1428 157
1429 150
1430 145
1431 125
1432 154
1433 152
1434 163
1435 128
1436 136
1437 154
1438 151
1439 131
1440 163
1441 169
1442 155
1443 147
1444 150
1445 150
1446 139
1447 136
1448 140
1449 128
1450 131
1451 116
1452 148
1453 125
1454 142
1455 118
1456 130
1457 122
1458 138
1459 134
1460 117
1461 114
1462 147
1463 136
1464 135
1465 110
1466 143
1467 153
1468 126
1469 110
1470 124
1471 142
1472 136
1473 132
1474 116
1475 143
1476 128
1477 114
1478 128
1479 107
1480 111
1481 127
1482 110
1483 111
1484 139
1485 99
1486 100
1487 99
1488 139
1489 114
1490 113
1491 125
1492 116
1493 112
1494 103
1495 103
1496 125
1497 106
1498 94
1499 111
1500 104
1501 111
1502 103
1503 105
1504 121
1505 117
1506 90
1507 99
1508 111
1509 119
1510 121
1511 111
1512 113
1513 100
1514 126
1515 118
1516 102
1517 123
1518 117
1519 120
1520 109
1521 115
1522 116
1523 102
1524 110
1525 100
1526 95
1527 82
1528 94
1529 83
1530 101
1531 107
1532 112
1533 97
1534 94
1535 93
1536 103
1537 90
1538 81
1539 99
1540 102
1541 106
1542 97
1543 94
1544 94
1545 75
1546 80
1547 91
1548 76
1549 102
1550 80
1551 98
1552 81
1553 97
1554 93
1555 96
1556 88
1557 86
1558 89
1559 78
1560 73
1561 83
1562 94
1563 84
1564 75
1565 87
1566 78
1567 83
1568 80
1569 76
1570 77
1571 75
1572 85
1573 75
1574 78
1575 71
1576 74
1577 61
1578 65
1579 70
1580 71
1581 95
1582 82
1583 79
1584 62
1585 89
1586 70
1587 70
1588 73
1589 72
1590 67
1591 65
1592 77
1593 60
1594 60
1595 64
1596 62
1597 53
1598 88
1599 70
1600 66
1601 66
1602 68
1603 76
1604 78
1605 70
1606 62
1607 70
1608 55
1609 69
1610 72
1611 62
1612 55
1613 59
1614 54
1615 59
1616 59
1617 49
1618 75
1619 65
1620 62
1621 53
1622 68
1623 49
1624 56
1625 54
1626 55
1627 45
1628 48
1629 58
1630 54
1631 53
1632 49
1633 43
1634 43
1635 51
1636 54
1637 56
1638 62
1639 52
1640 34
1641 54
1642 53
1643 55
1644 45
1645 50
1646 53
1647 48
1648 45
1649 42
1650 48
1651 39
1652 54
1653 36
1654 44
1655 41
1656 37
1657 46
1658 37
1659 42
1660 40
1661 51
1662 44
1663 44
1664 30
1665 45
1666 29
1667 36
1668 37
1669 47
1670 48
1671 38
1672 44
1673 29
1674 34
1675 32
1676 33
1677 41
1678 33
1679 35
1680 42
1681 33
1682 36
1683 38
1684 24
1685 30
1686 21
1687 41
1688 26
1689 31
1690 35
1691 32
1692 28
1693 26
1694 44
1695 29
1696 29
1697 23
1698 31
1699 38
1700 29
1701 35
1702 23
1703 36
1704 25
1705 27
1706 37
1707 25
1708 19
1709 24
1710 28
1711 30
1712 35
1713 34
1714 28
1715 22
1716 26
1717 26
1718 27
1719 32
1720 26
1721 27
1722 26
1723 21
1724 19
1725 21
1726 27
1727 27
1728 28
1729 23
1730 23
1731 16
1732 18
1733 20
1734 26
1735 21
1736 18
1737 14
1738 24
1739 16
1740 28
1741 16
1742 23
1743 19
1744 21
1745 18
1746 22
1747 18
1748 21
1749 19
1750 14
1751 14
1752 19
1753 22
1754 26
1755 13
1756 14
1757 19
1758 21
1759 9
1760 16
1761 14
1762 8
1763 13
1764 12
1765 13
1766 13
1767 11
1768 11
1769 12
1770 13
1771 13
1772 17
1773 10
1774 14
1775 14
1776 12
1777 8
1778 12
1779 18
1780 22
1781 12
1782 15
1783 8
1784 9
1785 10
1786 18
1787 17
1788 10
1789 11
1790 16
1791 7
1792 13
1793 16
1794 12
1795 7
1796 12
1797 10
1798 3
1799 6
1800 10
1801 9
1802 8
1803 9
1804 8
1805 6
1806 9
1807 12
1808 8
1809 15
1810 14
1811 5
1812 8
1813 8
1814 1
1815 9
1816 13
1817 3
1818 8
1819 10
1820 5
1821 14
1822 5
1823 10
1824 3
1825 6
1826 12
1827 12
1828 3
1829 11
1830 6
1831 4
1832 6
1833 5
1834 9
1835 12
1836 7
1837 5
1838 6
1839 4
1840 5
1841 3
1842 3
1843 4
1844 4
1845 2
1846 3
1847 7
1848 3
1849 3
1850 1
1851 7
1852 4
1853 8
1854 3
1855 4
1856 6
1857 1
1858 2
1859 1
1860 8
1861 3
1862 6
1863 4
1864 4
1865 1
1866 7
1867 3
1868 4
1869 4
1870 2
1871 4
1872 2
1873 4
1874 3
1875 2
1876 3
1877 1
1878 2
1879 3
1880 3
1881 1
1882 3
1883 2
1884 1
1885 4
1886 3
1887 3
1888 3
1889 2
1890 3
1891 1
1892 2
1893 3
1894 1
1895 2
1896 2
1897 4
1898 0
1899 1
1900 3
1901 4
1902 3
1903 0
1904 2
1905 3
1906 1
1907 2
1908 1
1909 3
1910 1
1911 0
1912 3
1913 1
1914 1
1915 0
1916 0
1917 0
1918 0
1919 2
1920 3
1921 1
1922 3
1923 3
1924 1
1925 1
1926 2
1927 0
1928 0
1929 1
1930 0
1931 0
1932 1
1933 0
1934 0
1935 1
1936 0
1937 0
1938 0
1939 1
1940 1
1941 0
1942 0
1943 0
1944 0
1945 1
1946 1
1947 0
1948 0
1949 0
1950 0
1951 2
1952 1
1953 1
1954 0
1955 1
1956 0
1957 0
1958 2
1959 0
1960 0
1961 0
1962 0
1963 1
1964 2
1965 0
1966 2
1967 0
1968 1
1969 0
1970 0
1971 1
1972 0
1973 0
1974 1
1975 0
1976 1
1977 0
1978 0
1979 0
1980 0
1981 0
1982 1
1983 1
1984 0
1985 0
1986 0
1987 0
1988 0
1989 0
1990 0
1991 0
1992 0
1993 1
1994 0
1995 1
1996 0
1997 0
1998 0
1999 0
2000 1
2001 0
2002 0
2003 1
2004 0
2005 0
2006 1
2007 1
2008 0
2009 0
2010 0
2011 0
2012 0
2013 0
2014 0
2015 1
2016 0
2017 0
2018 0
2019 0
2020 0
2021 0
2022 0
2023 0
2024 0
2025 0
2026 0
2027 0
2028 0
2029 0
2030 0
2031 0
2032 0
2033 0
2034 0
2035 0
2036 0
2037 0
2038 0
2039 0
2040 0
2041 0
2042 0
2043 0
2044 1
2045 1
2046 0
2047 0
2048 0
2049 0
2050 0
2051 0
2052 0
2053 0
2054 0
2055 0
2056 0
2057 0
2058 0
2059 0
2060 0
2061 0
2062 0
2063 0
2064 0
2065 0
2066 0
2067 0
2068 0
2069 0
2070 0
2071 0
2072 0
2073 0
2074 0
2075 0
2076 0
2077 0
2078 0
2079 0
2080 0
2081 0
2082 0
2083 0
2084 0
2085 0
2086 0
2087 0
2088 0
2089 0
2090 0
2091 0
2092 0
2093 1
2094 0
2095 0
2096 0
2097 0
2098 0
2099 0
2100 0
2101 0
2102 0
2103 0
2104 0
2105 0
2106 0
2107 0
2108 0
2109 0
2110 0
2111 0
2112 0
2113 0
2114 0
2115 0
2116 0
2117 0
2118 0
2119 0
2120 0
2121 0
2122 0
2123 0
2124 0
2125 0
2126 0
2127 0
2128 0
2129 0
2130 0
2131 0
2132 0
2133 0
2134 1
