2 0.5492700729927007
3 0.5442348008385745
4 0.5402237613212574
5 0.5514612452350699
6 0.5454545454545454
7 0.5473421926910299
8 0.519774011299435
9 0.5246252676659529
10 0.5304948216340621
11 0.5428226779252111
12 0.5376623376623376
13 0.5414012738853503
14 0.5365497076023392
15 0.556732223903177
16 0.5153970826580226
17 0.5667244367417678
18 0.5617792421746294
19 0.48576512455516013
20 0.5308641975308642
21 0.5318275154004107
22 0.5524193548387096
23 0.5504761904761905
24 0.5093555093555093
25 0.5309168443496801
26 0.5324675324675324
27 0.556935817805383
28 0.5112474437627812
29 0.5292887029288703
30 0.5220883534136547
31 0.502127659574468
32 0.5217391304347826
33 0.5509761388286334
34 0.48873873873873874
35 0.4899497487437186
36 0.523936170212766
37 0.5254691689008043
38 0.5274151436031331
39 0.5682382133995038
40 0.5354691075514875
41 0.49537037037037035
42 0.49385749385749383
43 0.5370370370370371
44 0.5157657657657657
45 0.5256124721603563
46 0.5058275058275058
47 0.5317647058823529
48 0.5220417633410673
49 0.5163551401869159
50 0.5035971223021583
51 0.5358024691358024
52 0.5340314136125655
53 0.5115681233933161
54 0.5485564304461942
55 0.5422885572139303
56 0.49370277078085645
57 0.5137844611528822
58 0.5012658227848101
59 0.5109289617486339
60 0.5372750642673522
61 0.513189448441247
62 0.5156626506024097
63 0.5240641711229946
64 0.49728260869565216
65 0.4868804664723032
66 0.5049180327868853
67 0.5257731958762887
68 0.5323741007194245
69 0.48046875
70 0.5159817351598174
71 0.5294117647058824
72 0.5630252100840336
73 0.5
74 0.5086206896551724
75 0.5803921568627451
76 0.5070921985815603
77 0.5144927536231884
78 0.4759825327510917
79 0.535
80 0.4789473684210526
81 0.5176470588235295
82 0.5029239766081871
83 0.475
84 0.5253164556962026
85 0.5536723163841808
86 0.48255813953488375
87 0.46153846153846156
88 0.5714285714285714
89 0.3698630136986301
90 0.55
91 0.47692307692307695
92 0.5172413793103449
93 0.5609756097560976
94 0.5641025641025641
95 0.5671641791044776
96 0.6035502958579881
97 0.5129533678756477
98 0.5291375291375291
