2 0.7309141497814975
3 0.7067736977293452
4 0.6897579964011604
5 0.676484171459763
6 0.6656285666288629
7 0.6563363623886556
8 0.64886255522652
9 0.6419681604909394
10 0.6361271141478457
11 0.6313289184900857
12 0.6262177855451757
13 0.6211549853118363
14 0.617601827007014
15 0.6145458563618691
16 0.6112620723195731
17 0.6074208537212673
18 0.6051044046837815
19 0.6024616698004887
20 0.6010661002224599
21 0.5986870174557991
22 0.5958607612307104
23 0.5945958878981704
24 0.5911267819229603
25 0.5898926173647276
26 0.5892662927051131
27 0.5878595450319899
28 0.5862607088832968
29 0.5841252888696565
30 0.5830898006211038
31 0.5819028848584429
32 0.5809689504768152
33 0.5796063159355621
34 0.5782352584219013
35 0.5778506282799418
36 0.5754246872679499
37 0.5745453862250206
38 0.5730764201972852
39 0.57261722215733
40 0.5706136242397016
41 0.5706813136178946
42 0.5691905585266798
43 0.5694329711586753
44 0.567
45 0.5666358047765004
46 0.5671479177034225
47 0.5659357326709776
48 0.5642148080887406
49 0.5626299947844993
50 0.5631620060370128
51 0.5640937080603142
52 0.5631709275866684
53 0.5640518184304074
54 0.5619739955602175
55 0.5626455157307142
56 0.5607459466079746
57 0.559943468604886
58 0.5600296664768811
59 0.5584778618162984
60 0.5588173735087325
61 0.5575477610351935
62 0.5577063199109623
63 0.5570835919380656
64 0.5584569954152189
65 0.5552640746787997
66 0.5570201282675343
67 0.5554625057493209
68 0.5566966723624641
69 0.5545364336095691
70 0.554604536089976
71 0.5526824831839859
72 0.5529109958447844
73 0.5543342587978454
74 0.5530894767536354
75 0.5523802584280579
76 0.55188872087124
77 0.5518751560549313
78 0.5509003189470709
79 0.5502733162542633
80 0.5499657377798082
81 0.5503022656783894
82 0.5499173641840379
83 0.550387177712407
84 0.5489155098224684
85 0.5488307349665924
86 0.5479196516364658
87 0.5497034872173198
88 0.5477044353036883
89 0.547462416900234
90 0.5489194659927223
91 0.5499442890332369
92 0.5480159535722389
93 0.5480051231241391
94 0.5459373761395164
95 0.5461154695005471
96 0.5479656239085965
97 0.5452207620308216
98 0.545123884527858
99 0.546340044598132
100 0.5448570253705722
101 0.5473077352896707
102 0.5446117574974526
103 0.5465910242123392
104 0.5426351295987764
105 0.5451996372120717
106 0.5465488556768773
107 0.5450401013085691
108 0.5469789650642067
109 0.5453558504221954
110 0.5447588258854494
111 0.5431537585999405
112 0.5416858894088183
113 0.5411827526364972
114 0.5437430285490338
115 0.5439964796746733
116 0.5418206582038274
117 0.54523295065706
118 0.5424413967211591
119 0.5425327279665438
120 0.5424185951420506
121 0.5397543271915132
122 0.5415558698727015
123 0.5415320965143946
124 0.5418784330790768
125 0.5403288569488831
126 0.5420702658957609
127 0.5391005610993516
128 0.5427679041265638
129 0.5399820305480683
130 0.5388127459780432
131 0.5391969742072178
132 0.5389029879121754
133 0.5431965442764579
134 0.5410281870309244
135 0.5407603061417664
136 0.5412675418741512
137 0.5399761716369722
138 0.5395204140627151
139 0.5409061607882862
140 0.5412974449859695
141 0.538652742095549
142 0.5370196373203044
143 0.5353397172822617
144 0.5389259735115971
145 0.5409725370657972
146 0.5362764732630927
147 0.5382670246521846
148 0.5353233635309608
149 0.5346478705686415
150 0.5371042498215417
151 0.5391103595621665
152 0.534372313863534
153 0.5378114842903575
154 0.5400391130242231
155 0.5386882829771555
156 0.538018074166407
157 0.5342778697629577
158 0.5362500791256093
159 0.5393534637378405
160 0.5354796250888981
161 0.5373187010653317
162 0.5344829440936327
163 0.5361550306894831
164 0.5369066520667944
165 0.533821623877188
166 0.535263647230708
167 0.5324236257075813
168 0.5355125734008696
169 0.536426825284171
170 0.5365050258082043
171 0.5315053836873136
172 0.5354555610581961
173 0.5318179168852364
174 0.53327921122916
175 0.5373051224944321
176 0.5342387419585418
177 0.5355913155755344
178 0.533054081951079
179 0.5339467883941369
180 0.53768644108703
181 0.5354350628229994
182 0.5322813618984038
183 0.5361009947938308
184 0.5355591714890441
185 0.5333061849054741
186 0.5328757942811755
187 0.5348201188433903
188 0.5318251245711997
189 0.5313690981146887
190 0.5357834888582939
191 0.5339233794013295
192 0.5352418916470375
193 0.5346018727716759
194 0.5339142722562412
195 0.5342687960752767
196 0.5342308907138344
197 0.5332812727489312
198 0.5349894614048809
199 0.5345247117954446
200 0.5330466485930635
201 0.531900839815052
202 0.5336828704020589
203 0.5306544296994502
204 0.536964495812859
205 0.533081732978679
206 0.5353665181128543
207 0.5345356602385216
208 0.5306399094428218
209 0.5309809099720463
210 0.5316758541567563
211 0.5312902176526326
212 0.5330098745055633
213 0.5315746602455093
214 0.5289909421335026
215 0.5290773939658941
216 0.5322402276648137
217 0.5309585147019632
218 0.5335579893288402
219 0.5313923372331875
220 0.5321937919463087
221 0.5339009728822198
222 0.5319225090599973
223 0.5319506558213525
224 0.5316049531499503
225 0.5294554830881237
226 0.5302099019637972
227 0.5352280647409587
228 0.5295782092940098
229 0.5329654914430001
230 0.5311804528830442
231 0.5270443395931631
232 0.5329460110528553
233 0.5280872207101716
234 0.5294590079671035
235 0.5334752476832215
236 0.5288461538461539
237 0.5316896842378266
238 0.530859375
239 0.5317121261912586
240 0.529435103903189
241 0.5367049455430885
242 0.5314893617021277
243 0.530247126154048
244 0.5322633907932105
245 0.5289921498691645
246 0.5329021043306758
247 0.531144358536667
248 0.5328651543474966
249 0.5323558129355914
250 0.5311291963377416
251 0.5285818329635338
252 0.5267914893617022
253 0.527371823527389
254 0.5291922246220302
255 0.5294495907123864
256 0.5286065960158528
257 0.5304780491235473
258 0.5300692889507925
259 0.5287151114489244
260 0.5307451382867658
261 0.5274003178401158
262 0.5313517695532485
263 0.5318240222958177
264 0.5295525852844629
265 0.5296419062109439
266 0.5275278550266281
267 0.5298070076137962
268 0.5293072173259799
269 0.5281963136337039
270 0.5250328770675508
271 0.5264051020027598
272 0.528201550095231
273 0.5273160049509664
274 0.5287021709762734
275 0.5313363357680808
276 0.525787747005417
277 0.528983969598179
278 0.5284562234155167
279 0.5315578256110909
280 0.529132374432736
281 0.5280844376321763
282 0.5278328089189294
283 0.5289206219152962
284 0.5312481696245533
285 0.5324292338435869
286 0.5246080648935341
287 0.5288554371170178
288 0.5285745349595746
289 0.5273844933571287
290 0.5284479833961963
291 0.5289041068460784
292 0.5268697500253011
293 0.5295533837961357
294 0.5307246613350742
295 0.5320126032249428
296 0.5261887072808321
297 0.5312006975006228
298 0.5288600886091673
299 0.5285162463076574
300 0.5309549011061993
301 0.5303676243435279
302 0.5253762905834058
303 0.5296255529480177
304 0.5266808297925518
305 0.5322829394356217
306 0.5294730915990742
307 0.5250411722477936
308 0.523768054375531
309 0.5232977231034854
310 0.5321378416333585
311 0.5287092229326975
312 0.5306658561472829
313 0.5270402505055777
314 0.5278789332519244
315 0.5272076739030226
316 0.528635715069696
317 0.5309958352412726
318 0.5274872267175406
319 0.5261362629573846
320 0.5248639728837748
321 0.5314115130992693
322 0.5270577231427044
323 0.5256294964028777
324 0.5286980231765508
325 0.5291068761033905
326 0.5254465099325679
327 0.5265930642722984
328 0.5265835021174737
329 0.5304969445405281
330 0.5266069000483972
331 0.526398702652612
332 0.5258195297115719
333 0.5221451752235531
334 0.5293577333427542
335 0.5264421379651204
336 0.5277547442488569
337 0.527369826435247
338 0.5272000574396286
339 0.5279346993489085
340 0.5258327093548465
341 0.5291606714628297
342 0.5280939345915574
343 0.526849498969171
344 0.5278031871359107
345 0.5295060469182573
346 0.524483531475346
347 0.5242663656884876
348 0.5259535066016706
349 0.5251855128016119
350 0.5218512183634516
351 0.5276072088263192
352 0.5239284020271113
353 0.5235596811623449
354 0.5303495096806639
355 0.5274213836477988
356 0.5256555580745107
357 0.5306790978959305
358 0.5222526575025759
359 0.524470617717078
360 0.5236900850284683
361 0.5201465201465202
362 0.5249827661041183
363 0.5275721215215726
364 0.5250886843864069
365 0.5263510726072608
366 0.5237416411798248
367 0.524636699828116
368 0.525470840368879
369 0.5278770920773097
370 0.5251863739904742
371 0.5237835450601408
372 0.5235011489450595
373 0.5253329851136067
374 0.5237806964440818
375 0.5292702066439968
376 0.5294424043545068
377 0.525019587359624
378 0.526467173316445
379 0.5254773710306995
380 0.5225909211574197
381 0.5250381393357064
382 0.5215785643043912
383 0.5211719302060118
384 0.5255946508823852
385 0.5253026064315984
386 0.5249579205871803
387 0.5298072735191638
388 0.5274300642211821
389 0.5265506103903214
390 0.522454718385576
391 0.5229250660364243
392 0.5301599644523439
393 0.5213004795033122
394 0.5210916724982505
395 0.5295251396648045
396 0.5239845207271917
397 0.527087120682422
398 0.5291444819223371
399 0.5282078562029285
400 0.5235886189833558
401 0.5260711856721831
402 0.5248632801488414
403 0.5219227389961171
404 0.52464616886286
405 0.5280284151127151
406 0.5264122837171995
407 0.5226754785779398
408 0.518462522533
409 0.5277266216492735
410 0.5259179891115487
411 0.5266844176892799
412 0.5230572656522244
413 0.521086803930744
414 0.5226167457666843
415 0.5212840809146878
416 0.5203631954097779
417 0.5219443697529205
418 0.5227951603656881
419 0.5271869742850276
420 0.5235416227925028
421 0.5238772976410381
422 0.51904038870331
423 0.5270696250956388
424 0.5242987804878049
425 0.5231527993424057
426 0.5245206489675516
427 0.5273867809057528
428 0.5280946861082301
429 0.521010193214666
430 0.5257057678267218
431 0.5263555810929326
432 0.5181101881260689
433 0.5201847947414114
434 0.5203698532377672
435 0.5223465413859183
436 0.5214112828151183
437 0.5255472179842451
438 0.5231261454353431
439 0.5221473579137813
440 0.5269747396898298
441 0.5197946521369405
442 0.5213329081632653
443 0.5304924482802386
444 0.5257927117841931
445 0.5282115869017632
446 0.5173362859854477
447 0.525172501916688
448 0.5185386782786885
449 0.5254713068997416
450 0.5225319506548695
451 0.5231600699411858
452 0.5206875619029362
453 0.5213495503655302
454 0.5200689005167539
455 0.5223856368299731
456 0.5201636469900643
457 0.5147557164007238
458 0.521494268195148
459 0.5254005340453939
460 0.5250789429948479
461 0.5211803585138699
462 0.5305841693789216
463 0.5283845672300748
464 0.5216500297481325
465 0.5187807472410584
466 0.5258774139378674
467 0.5230294078152276
468 0.5254168498664051
469 0.5275664443476221
470 0.523752811962419
471 0.513993973886843
472 0.5261177735227922
473 0.5197236684020825
474 0.5216408595621226
475 0.5255403735008185
476 0.5270666666666667
477 0.5152762440183382
478 0.521179953046851
479 0.523856587826324
480 0.5255564292796335
481 0.5226435684081299
482 0.5207970197204279
483 0.526136639922198
484 0.5242203742203743
485 0.5251442988974527
486 0.5203074685779578
487 0.5264451367255105
488 0.5236594140825767
489 0.5188103005483445
490 0.5213561691716183
491 0.521531607976241
492 0.518606045642129
493 0.5244117232633507
494 0.5203562340966921
495 0.521971559927296
496 0.5269931944003667
497 0.5237297599106644
498 0.5190731343813207
