-106 1
-105 0
-104 0
-103 0
-102 0
-101 0
-100 0
-99 2
-98 0
-97 0
-96 3
-95 0
-94 0
-93 0
-92 1
-91 0
-90 0
-89 0
-88 1
-87 2
-86 1
-85 1
-84 1
-83 1
-82 1
-81 0
-80 3
-79 0
-78 5
-77 5
-76 4
-75 6
-74 6
-73 4
-72 8
-71 8
-70 10
-69 12
-68 9
-67 11
-66 13
-65 18
-64 15
-63 17
-62 21
-61 32
-60 27
-59 43
-58 49
-57 42
-56 58
-55 56
-54 70
-53 91
-52 102
-51 134
-50 144
-49 163
-48 175
-47 198
-46 220
-45 248
-44 295
-43 319
-42 402
-41 447
-40 466
-39 609
-38 622
-37 750
-36 933
-35 1046
-34 1211
-33 1357
-32 1539
-31 1868
-30 2117
-29 2519
-28 2985
-27 3543
-26 4175
-25 4756
-24 5579
-23 6411
-22 7736
-21 9243
-20 11127
-19 13169
-18 15634
-17 18800
-16 22472
-15 27442
-14 33967
-13 42355
-12 51565
-11 65535
-10 83055
-9 107920
-8 142329
-7 192212
-6 270650
-5 400907
-4 648090
-3 1224963
-2 2963003
-1 15207358
0 1066807175
1 16897935
2 1863156
3 866714
4 525711
5 347662
6 243877
7 176832
8 132812
9 101096
10 78792
11 62280
12 49827
13 40129
14 32757
15 26838
16 21924
17 18324
18 15348
19 12575
20 10956
21 8958
22 7608
23 6454
24 5401
25 4656
26 4011
27 3376
28 2832
29 2554
30 2150
31 1825
32 1556
33 1329
34 1183
35 1016
36 913
37 747
38 652
39 581
40 489
41 410
42 371
43 350
44 262
45 253
46 233
47 206
48 156
49 166
50 136
51 119
52 100
53 103
54 82
55 71
56 55
57 52
58 51
59 35
60 22
61 26
62 32
63 25
64 19
65 20
66 12
67 13
68 10
69 8
70 7
71 11
72 5
73 3
74 6
75 7
76 5
77 1
78 3
79 2
80 2
81 1
82 1
83 2
84 0
85 1
86 1
87 1
88 2
89 1
90 1
91 0
92 0
93 1
94 0
95 1
96 0
97 1
98 0
99 0
100 0
101 0
102 0
103 0
104 0
105 0
106 0
107 1
108 0
109 0
110 0
111 1
