0 0.0056
1 0.04
2 0.0825
3 0.0475
4 0.0506
5 0.0478
6 0.065
7 0.0448
8 0.0408
9 0.0406
10 0.0617
11 0.0605
12 0.0688
13 0.0587
14 0.0796
15 0.049
16 0.0643
17 0.0372
18 0.0686
19 0.0646
20 0.0696
21 0.0647
22 0.0504
23 0.0373
24 0.0159
25 0.0524
26 0.0114
27 0.0645
28 0.0265
29 0.0532
30 0.0308
31 0.0531
32 0.0344
33 0.0498
34 0.0418
35 0.0603
36 0.0421
37 0.0018
38 0.0611
39 0.0369
40 0.0587
41 0.0715
42 0.0698
43 0.0165
44 0.0693
45 0.0463
46 0.0344
47 0.0215
48 0.0101
49 0.0731
50 0.0274
51 0.0563
52 0.0459
53 0.0
54 0.0674
55 0.0694
56 0.031
57 0.0929
58 0.0401
59 0.0454
60 0.055
61 0.0123
62 0.0183
63 0.0198
64 0.0572
65 0.0494
66 0.0029
67 0.0552
68 0.0331
69 0.0708
70 0.07
71 0.0
72 0.0192
73 0.0506
74 0.0424
75 0.0339
76 0.0328
77 0.0467
78 0.0287
79 0.0351
80 0.0839
81 0.0276
82 0.0802
83 0.0316
84 0.0
85 0.0019
86 0.0406
87 0.0374
88 0.0281
89 0.0402
90 0.0479
91 0.0865
92 0.0171
93 0.0658
94 0.023
95 0.0361
96 0.0272
97 0.0329
98 0.0612
99 0.0943
100 0.0401
101 0.0396
102 0.0428
103 0.0847
104 0.0564
105 0.0665
106 0.0296
107 0.051
108 0.0378
109 0.0588
110 0.0175
