2 0.6122587955515143
3 0.593994571576557
4 0.5799875969038752
5 0.5695945530587111
6 0.5603627675275352
7 0.5531412393346187
8 0.5467932486540314
9 0.5410474308424496
10 0.537339737910316
11 0.5333401678034505
12 0.5295224398828844
13 0.5267610742411721
14 0.5228671522961911
15 0.5220706632658101
16 0.5191146308413432
17 0.5175270038961435
18 0.514409329507869
19 0.513939489024718
20 0.5117512214642169
21 0.5103484081402784
22 0.5086133216249451
23 0.5081304058549567
24 0.5057769360685742
25 0.5048708413510824
26 0.5046524696184636
27 0.5026650292591155
28 0.5019437890025489
29 0.5005529058809954
30 0.500273306394348
31 0.4994744256610316
32 0.49921352846277944
33 0.4988521698727452
34 0.4980535153512756
35 0.4968252330340866
36 0.49861808953613024
37 0.4956307373179151
38 0.49584813699506863
39 0.4957274620907387
40 0.4947184562921068
41 0.4939319619095914
42 0.4943870098633785
43 0.4930439228141928
44 0.4919161814457665
45 0.49218702238742096
46 0.4929347756017689
47 0.49258034831805325
48 0.490240071797173
49 0.4927598118084839
50 0.4895798048229696
51 0.49225340136054424
52 0.4905790605951954
53 0.4898530109056425
54 0.4888435292469632
55 0.48869428276529864
56 0.4883454079107231
57 0.4877169527538377
58 0.4882325387079214
59 0.48436850364131384
60 0.4868387096774194
61 0.4865368306275745
62 0.4894342629482072
63 0.4896850155982691
64 0.49007841679500114
65 0.4872623361099697
66 0.48467009087317264
67 0.48418831982621774
68 0.484402460456942
69 0.48509598603839443
70 0.4860906320652708
71 0.4837602392406709
72 0.48675027262813525
73 0.48386074125309814
74 0.4830873590613255
75 0.4813081074052402
76 0.4809181608874625
77 0.4863530885115474
78 0.48605348086675887
79 0.4784064005224916
80 0.4880122057541412
81 0.48688983790237406
82 0.4846854705825337
83 0.48349384559921715
84 0.48675818830396717
85 0.4816962255570714
86 0.48643783005280844
87 0.48936975585136583
88 0.48416772215185655
89 0.4865876041225469
90 0.48235118157343704
91 0.48465725329336595
92 0.48045670472539376
93 0.48450679215129183
94 0.4808738046127883
95 0.48318914667715296
96 0.47229523709389126
97 0.48323187603763146
98 0.48099667011137903
99 0.4809373482272948
100 0.47797695262483997
101 0.48662230069265244
102 0.47731188971855254
103 0.49395432154052843
104 0.4765891472868217
105 0.4792052534096649
106 0.4841709890896083
107 0.4766511627906977
108 0.47042081723927626
109 0.4959930690924843
110 0.4844167408726625
111 0.4898435675928088
112 0.4820600439345863
113 0.4802215189873418
114 0.4903820102953129
115 0.46623704118800785
116 0.47604879500148767
117 0.46720257234726686
118 0.46631944444444445
119 0.491035492133187
120 0.4859669357939254
121 0.4882047181127549
122 0.47990155865463496
123 0.48616432524478503
124 0.4788607031597686
125 0.46027131782945735
126 0.49592252803261977
127 0.49897013388259526
128 0.4715846994535519
129 0.4555487431023912
130 0.49489795918367346
131 0.4744094488188976
132 0.48222996515679445
133 0.4739162380602498
134 0.46040816326530615
135 0.49547920433996384
136 0.4820415879017013
137 0.5
138 0.48128342245989303
139 0.47113163972286376
140 0.467005076142132
141 0.505249343832021
142 0.47780678851174935
143 0.4884393063583815
144 0.4954268292682927
145 0.48580441640378547
146 0.4697452229299363
147 0.47603305785123967
148 0.4503424657534247
149 0.4747663551401869
150 0.5110220440881763
151 0.4751908396946565
152 0.4198645598194131
153 0.45792079207920794
154 0.43513513513513513
155 0.439873417721519
156 0.5126582278481012
157 0.5097402597402597
158 0.4357142857142857
159 0.49230769230769234
160 0.5345454545454545
161 0.45422535211267606
162 0.46551724137931033
163 0.5
164 0.47058823529411764
165 0.4397905759162304
166 0.4551282051282051
167 0.5
168 0.5
169 0.5637583892617449
170 0.45098039215686275
171 0.4411764705882353
172 0.4032258064516129
173 0.45045045045045046
174 0.4
175 0.46153846153846156
176 0.5631067961165048
177 0.5588235294117647
178 0.45263157894736844
179 0.4126984126984127
180 0.4909090909090909
181 0.578125
182 0.4745762711864407
183 0.5961538461538461
184 0.45454545454545453
185 0.41509433962264153
186 0.5116279069767442
187 0.4489795918367347
188 0.42105263157894735
189 0.375
190 0.5714285714285714
191 0.5405405405405406
192 0.5405405405405406
193 0.4864864864864865
194 0.5526315789473685
195 0.36363636363636365
196 0.4117647058823529
197 0.45714285714285713
198 0.5862068965517241
199 0.42857142857142855
200 0.7142857142857143
201 0.47368421052631576
202 0.4666666666666667
203 0.6666666666666666
204 0.6428571428571429
205 0.5238095238095238
206 0.6538461538461539
207 0.5172413793103449
208 0.36363636363636365
209 0.46153846153846156
210 0.5833333333333334
211 0.7272727272727273
212 0.391304347826087
213 0.5
214 0.3157894736842105
215 0.2
216 0.25
217 0.5
218 0.5
219 0.3333333333333333
220 0.8571428571428571
221 0.5
222 0.0
223 0.5
224 0.5
225 0.0
226 0.75
227 0.5
228 0.3333333333333333
229 0.0
230 0.0
231 0
232 1.0
233 0
234 1.0
235 0.5
236 1.0
237 0.6666666666666666
238 0.5
239 0.3333333333333333
240 0.3333333333333333
241 0.3333333333333333
242 0.16666666666666666
243 0.3333333333333333
244 0.0
245 0.5
246 0.3333333333333333
247 0.0
248 0.5
249 0.3333333333333333
250 0.3333333333333333
251 0.0
252 0.5
253 0.5
254 0.5
255 1.0
256 0.7142857142857143
257 0.0
258 0
259 0
260 0
261 0
262 0
263 0
264 0
265 0
266 0
267 0
268 0
269 0
270 1.0
271 0.3333333333333333
272 0.5
273 0.42857142857142855
274 0.5
275 0.5
276 0.25
277 1.0
278 1.0
279 1.0
280 1.0
281 0.0
282 1.0
283 0.6666666666666666
284 0.5
285 0.0
286 1.0
287 1.0
288 0.3333333333333333
289 1.0
290 1.0
291 0.5
292 0.5
293 0.0
294 0
295 0
296 0
297 0
298 0
299 0
300 0
301 0
302 0
303 0
304 0
305 0
306 0
307 0
308 0
309 0
310 0
311 0
312 0
313 0
314 0
315 0
316 0
317 0
318 0
319 0
320 0
321 0
322 0
323 0
324 0
325 0
326 0
327 0
328 0
329 0
330 0
331 0
332 0
333 0
334 0
335 0
336 0
337 0
338 0
339 0
340 0
341 0
342 0
343 0
344 0
345 0
346 0
347 0
348 0
349 0
350 0
351 0
352 0
353 0
354 0
355 0
356 0
357 0
358 0
359 0
360 0
361 0
362 0
363 0
364 0
365 0
366 0
367 0
368 0
369 0
370 0
371 0
372 0
373 0
374 0
375 0
376 0
377 0
378 0
379 0
380 0
381 0
382 0
383 0
384 0
385 0
386 0
387 0
388 0
389 0
390 0
391 0
392 0
393 0
394 0
395 0
396 0
397 0
398 0
399 0
400 0
401 0
402 0
403 0
404 0
405 0
406 0
407 0
408 0
409 0
410 0
411 0
412 0
413 0
414 0
415 0
416 0
417 0
418 0
419 0
420 0
421 0
422 0
423 0
424 0
425 0
426 0
427 0
428 0
429 0
430 0
431 0
432 0
433 0
434 0
435 0
436 0
437 0
438 0
439 0
440 0
441 0
442 0
443 0
444 0
445 0
446 0
447 0
448 0
449 0
450 0
451 0
452 0
453 0
454 0
455 0
456 0
457 0
458 0
459 0
460 0
461 0
462 0
463 0
464 0
465 0
466 0
467 0
468 0
469 0
470 0
471 0
472 0
473 0
474 0
475 0
476 0
477 0
478 0
479 0
480 0
481 0
482 0
483 0
484 0
485 0
486 0
487 0
488 0
489 0
490 0
491 0
492 0
493 0
494 0
495 0
496 0
497 0
498 0
