2 0.6848912609833031
3 0.6356479734370193
4 0.6038176643494081
5 0.5808070969859949
6 0.5633993584090515
7 0.5493652303001839
8 0.5382847082695876
9 0.5285478711015491
10 0.5206955025211611
11 0.5134464996678897
12 0.5074690369261324
13 0.5020518583672515
14 0.4973757358961168
15 0.4929284336727534
16 0.4887938681398358
17 0.48560311557824304
18 0.482130950260055
19 0.47958010588519073
20 0.4767609032582277
21 0.47422997373803627
22 0.4714238099014502
23 0.46926072479728403
24 0.4676814926966063
25 0.46596173254427353
26 0.4639521351060278
27 0.46214043297941004
28 0.4608863919602792
29 0.45937652348918984
30 0.4574223885881264
31 0.4570813447349113
32 0.4551677251050284
33 0.4538199105272874
34 0.453040445975202
35 0.45182508453666026
36 0.4514154617556773
37 0.4496322772813431
38 0.4492483039847879
39 0.4488471654128102
40 0.44755799232838406
41 0.4463561963702202
42 0.4457837379722089
43 0.4457103648154928
44 0.44492048645622195
45 0.44369549002347924
46 0.44290100572023133
47 0.44203199073082816
48 0.4416172601705233
49 0.4417134496413747
50 0.4404825216931508
51 0.4397064118856198
52 0.43924378469234515
53 0.43878837734133574
54 0.43837984546359016
55 0.43766145767162157
56 0.4373759258863961
57 0.4365293350864224
58 0.4363630071268659
59 0.43656606646608076
60 0.43555370458089615
61 0.4351514707601639
62 0.4350720793586602
63 0.43452452623069
64 0.433104003391919
65 0.4346246825017549
66 0.4329577907374375
67 0.43300595597957725
68 0.4315580835974357
69 0.43257218408960996
70 0.4313451493267462
71 0.43262318046166026
72 0.4318564087792483
73 0.431161073096557
74 0.4301561815793315
75 0.42940784895155676
76 0.43042752854238847
77 0.4286427620315769
78 0.43152917461883217
79 0.43078933239217687
80 0.4283650965594137
81 0.43004350235987704
82 0.42909987669543775
83 0.4290111240972439
84 0.42763497851859505
85 0.4278297690823116
86 0.42750780693584617
87 0.4278704612365064
88 0.42593717219676475
89 0.42787871744211575
90 0.4280365688456852
91 0.4270210521026981
92 0.42505054176226065
93 0.4250567811820016
94 0.4252319546437193
95 0.4250006652415714
96 0.4262744141541117
97 0.42276002069816504
98 0.424933569530558
99 0.42754250455009546
100 0.4265726946024214
101 0.4222018684740795
102 0.4251219606878971
103 0.4248713879159369
104 0.4260484381292067
105 0.4257636283548764
106 0.42486623305885746
107 0.42482152478448276
108 0.4251545520193036
109 0.42280033447923443
110 0.4216463295013144
111 0.42307214445456803
112 0.42035901926444835
113 0.4176855340097534
114 0.4211128698404968
115 0.4248578811369509
116 0.4243050082882687
117 0.42005251715277975
118 0.42122313048743565
119 0.4203046657937598
120 0.42483094040441055
121 0.42406381251544134
122 0.42099352375248006
123 0.42111751839331873
124 0.421085885177541
125 0.41980276831910845
126 0.4174784432533209
127 0.4208949359005845
128 0.4248301612819582
129 0.4210699769306822
130 0.4266944492678127
131 0.4224771464420147
132 0.42084382871536524
133 0.4127562028047465
134 0.4260943718021603
135 0.4163313962151691
136 0.4159720568389299
137 0.41423327215084266
138 0.4224645967103527
139 0.4231660947788185
140 0.41514463421858033
141 0.4220580474934037
142 0.42044581091468103
143 0.41850989522700816
144 0.42611016743508856
145 0.42739828294139603
146 0.4207356983898416
147 0.41202672605790647
148 0.41516405557197755
149 0.41921808761187
150 0.4151666666666667
151 0.419454984477406
152 0.423963133640553
153 0.42048517520215634
154 0.41577350859453993
155 0.4222842421640189
156 0.41010978956999083
157 0.42388132295719844
158 0.4212509419743783
159 0.4251497005988024
160 0.4075595727198028
161 0.4091974223784417
162 0.41544117647058826
163 0.4088131231907366
164 0.4032258064516129
165 0.41072088724584105
166 0.42785299806576405
167 0.435720097640358
168 0.4087779690189329
169 0.4168181818181818
170 0.4235466536394724
171 0.4132066033016508
172 0.41424116424116425
173 0.4315492957746479
174 0.4469525959367946
175 0.4304018637157833
176 0.40309597523219814
177 0.3941018766756032
178 0.3926247288503254
179 0.43197540353574176
180 0.4219242902208202
181 0.43066884176182707
182 0.4141578519121237
183 0.4259581881533101
184 0.41155234657039713
185 0.41642228739002934
186 0.4240570846075433
187 0.41857923497267757
188 0.42707117852975496
189 0.4012345679012346
190 0.41192411924119243
191 0.4056047197640118
192 0.41540785498489424
193 0.3832807570977918
194 0.4098939929328622
195 0.3916967509025271
196 0.40827338129496404
197 0.4198198198198198
198 0.43023255813953487
199 0.43010752688172044
200 0.44539614561027835
201 0.387308533916849
202 0.42045454545454547
203 0.4089775561097257
204 0.4332425068119891
205 0.43333333333333335
206 0.4143646408839779
207 0.3795379537953795
208 0.3945578231292517
209 0.43661971830985913
210 0.45255474452554745
211 0.4929078014184397
212 0.40074906367041196
213 0.40625
214 0.43548387096774194
215 0.35294117647058826
216 0.35175879396984927
217 0.41621621621621624
218 0.4419889502762431
219 0.366120218579235
220 0.41379310344827586
221 0.3941176470588235
222 0.40601503759398494
223 0.4015151515151515
224 0.4051724137931034
225 0.35135135135135137
226 0.49122807017543857
227 0.3333333333333333
228 0.3333333333333333
229 0.3375
230 0.4111111111111111
231 0.38666666666666666
232 0.29411764705882354
233 0.47058823529411764
234 0.4125
235 0.375
236 0.3387096774193548
237 0.421875
238 0.3484848484848485
239 0.3382352941176471
240 0.4444444444444444
241 0.3333333333333333
242 0.28888888888888886
243 0.5517241379310345
244 0.3548387096774194
245 0.45714285714285713
246 0.35294117647058826
247 0.42105263157894735
248 0.34615384615384615
249 0.25925925925925924
250 0.3181818181818182
251 0.5
252 0.4827586206896552
253 0.4838709677419355
254 0.2608695652173913
255 0.5238095238095238
256 0.5555555555555556
257 0.5294117647058824
258 0.4166666666666667
259 0.5384615384615384
260 0.4166666666666667
261 0.4
262 0.3076923076923077
263 0.3076923076923077
264 0.5
265 0.5
266 0.45454545454545453
267 0.5
268 0.5
269 0.5
270 0.2222222222222222
271 0.5555555555555556
272 0.5
273 0.42857142857142855
274 0.6153846153846154
275 0.625
276 0.625
277 0.4375
278 0.36363636363636365
279 0.46153846153846156
280 0.25
281 0.4
282 0.875
283 0.5
284 0.375
285 0.4444444444444444
286 0.6666666666666666
287 0.46153846153846156
288 0.0
289 0.75
290 0.8333333333333334
291 0.5
292 0.0
293 0.5
294 0.6666666666666666
295 0.5
296 1.0
297 0.2
298 0.5
299 0.2
300 1.0
301 1.0
302 0.0
303 0.0
304 0.3333333333333333
305 0.0
306 1.0
307 0.75
308 0.5
309 0.14285714285714285
310 0.75
311 0.0
312 0.6666666666666666
313 0.5
314 0.5
315 0
316 0.0
317 1.0
318 1.0
319 1.0
320 0.0
321 0.0
322 0.0
323 0.3333333333333333
324 0.0
325 0.3333333333333333
326 0.5
327 0.3333333333333333
328 0.0
329 0
330 0.0
331 0
332 0
333 0
334 0
335 0
336 0
337 0
338 0
339 0
340 0
341 0
342 0
343 0
344 0
345 0
346 0
347 0
348 0
349 0
350 0
351 0
352 0.5
353 0
354 1.0
355 0.5
356 0.0
357 1.0
358 0.0
359 0.0
360 0.0
361 0.0
362 0
363 0.0
364 0
365 0
366 0
367 0
368 0
369 0
370 0
371 1.0
372 0.0
373 0
374 0
375 0
376 0
377 0
378 0
379 0.0
380 0.0
381 0.0
382 0
383 0
384 0
385 0
386 1.0
387 1.0
388 0
389 0
390 0
391 0
392 0
393 0
394 1.0
395 1.0
396 0.5
397 0.0
398 0
399 0
400 0
401 0
402 0
403 0
404 0
405 0
406 0
407 0
408 0
409 0
410 0
411 0
412 0
413 0
414 0
415 0
416 0
417 0
418 0
419 0
420 0
421 0
422 0
423 0
424 0
425 0
426 0
427 0
428 0
429 0
430 0
431 0
432 0
433 0
434 0
435 0
436 0
437 0
438 0
439 0
440 0
441 0
442 0
443 0
444 0
445 0
446 0
447 0
448 0
449 0
450 0
451 0
452 0
453 0
454 0
455 0
456 0
457 0
458 0
459 0
460 0
461 0
462 0
463 0
464 0
465 0
466 0
467 0
468 0
469 0
470 0
471 0
472 0
473 0
474 0
475 0
476 0
477 0
478 0
479 0
480 0
481 0
482 0
483 0
484 0
485 0
486 0
487 0
488 0
489 0
490 0
491 0
492 0
493 0
494 0
495 0
496 0
497 0
498 0
