0 0.458
1 0.4532
2 0.4609
3 0.4526
4 0.4541
5 0.4653
6 0.4893
7 0.4578
8 0.4572
9 0.4531
10 0.4558
11 0.4466
12 0.4606
13 0.4621
14 0.4539
15 0.4623
16 0.4623
17 0.4665
18 0.459
19 0.4514
20 0.458
21 0.4618
22 0.4386
23 0.4565
24 0.4522
25 0.4435
26 0.4514
27 0.45
28 0.4446
29 0.475
30 0.4519
31 0.4439
32 0.4456
33 0.4701
34 0.4432
35 0.4562
36 0.4628
37 0.4447
38 0.458
39 0.4673
40 0.4574
41 0.4374
42 0.4504
43 0.4531
44 0.464
45 0.4388
46 0.4635
47 0.4361
48 0.4394
49 0.4532
50 0.449
51 0.4251
52 0.4514
53 0.4492
54 0.4546
55 0.4619
56 0.4488
57 0.4647
58 0.4478
59 0.4663
60 0.4521
61 0.448
62 0.4648
63 0.4625
64 0.4521
65 0.4556
66 0.4523
67 0.4513
68 0.4417
69 0.4504
70 0.4495
71 0.4618
72 0.4584
73 0.4587
74 0.4573
75 0.4636
76 0.4613
77 0.4497
78 0.452
79 0.4577
80 0.4368
81 0.4531
82 0.4522
83 0.4658
84 0.4586
85 0.4534
86 0.458
87 0.4542
