-161 1
-160 0
-159 0
-158 0
-157 1
-156 0
-155 1
-154 0
-153 1
-152 0
-151 0
-150 0
-149 0
-148 0
-147 0
-146 0
-145 0
-144 0
-143 0
-142 0
-141 0
-140 0
-139 2
-138 0
-137 0
-136 0
-135 1
-134 0
-133 1
-132 1
-131 2
-130 0
-129 0
-128 2
-127 2
-126 3
-125 1
-124 3
-123 3
-122 1
-121 5
-120 3
-119 1
-118 1
-117 3
-116 6
-115 4
-114 3
-113 5
-112 5
-111 9
-110 3
-109 5
-108 3
-107 3
-106 5
-105 10
-104 4
-103 12
-102 5
-101 19
-100 15
-99 15
-98 15
-97 22
-96 19
-95 25
-94 25
-93 17
-92 22
-91 24
-90 17
-89 31
-88 51
-87 37
-86 49
-85 40
-84 78
-83 61
-82 69
-81 75
-80 100
-79 82
-78 87
-77 101
-76 124
-75 142
-74 101
-73 154
-72 139
-71 175
-70 206
-69 223
-68 235
-67 304
-66 307
-65 303
-64 349
-63 365
-62 419
-61 468
-60 508
-59 619
-58 653
-57 732
-56 828
-55 844
-54 950
-53 1041
-52 1159
-51 1213
-50 1461
-49 1573
-48 1696
-47 1873
-46 2173
-45 2195
-44 2563
-43 2789
-42 3245
-41 3487
-40 3798
-39 4398
-38 4904
-37 5379
-36 6201
-35 6679
-34 7491
-33 8622
-32 9561
-31 10782
-30 12152
-29 13763
-28 15340
-27 17575
-26 19661
-25 22387
-24 25375
-23 28856
-22 33325
-21 38012
-20 43455
-19 50568
-18 58460
-17 67777
-16 78417
-15 92656
-14 108889
-13 129156
-12 155118
-11 187381
-10 228175
-9 282493
-8 354454
-7 454073
-6 597190
-5 813846
-4 1175908
-3 1842783
-2 3383967
-1 8109967
0 42899007
1 987118382
2 47232496
3 5302626
4 2491602
5 1534071
6 1039909
7 746216
8 556997
9 429022
10 338271
11 270818
12 219759
13 181406
14 150724
15 126517
16 105783
17 90735
18 77065
19 66184
20 57505
21 49742
22 42803
23 37360
24 32537
25 28722
26 25211
27 22041
28 19574
29 17097
30 15336
31 13315
32 12016
33 10395
34 9394
35 8632
36 7564
37 6594
38 6066
39 5388
40 4841
41 4283
42 3850
43 3405
44 3230
45 2760
46 2492
47 2245
48 2048
49 1962
50 1654
51 1478
52 1429
53 1252
54 1181
55 973
56 966
57 860
58 761
59 710
60 602
61 555
62 502
63 446
64 436
65 381
66 368
67 295
68 295
69 283
70 222
71 239
72 183
73 191
74 168
75 140
76 144
77 110
78 106
79 127
80 107
81 92
82 76
83 72
84 71
85 71
86 39
87 53
88 44
89 44
90 44
91 32
92 39
93 32
94 19
95 24
96 21
97 20
98 13
99 21
100 15
101 17
102 11
103 13
104 12
105 7
106 9
107 8
108 5
109 5
110 9
111 9
112 4
113 3
114 4
115 4
116 3
117 3
118 4
119 3
120 4
121 3
122 2
123 3
124 4
125 1
126 1
127 0
128 1
129 2
130 3
131 2
132 0
133 1
134 0
135 2
136 1
137 0
138 0
139 0
140 0
141 2
142 0
143 0
144 0
145 0
146 1
147 0
148 0
149 0
150 0
151 0
152 0
153 0
154 1
155 0
156 0
157 1
158 0
159 0
160 0
161 0
162 0
163 0
164 0
165 0
166 1
