-354 1
-353 0
-352 0
-351 0
-350 0
-349 0
-348 0
-347 0
-346 0
-345 0
-344 0
-343 0
-342 0
-341 0
-340 0
-339 0
-338 2
-337 0
-336 2
-335 1
-334 0
-333 0
-332 0
-331 0
-330 0
-329 0
-328 0
-327 0
-326 0
-325 0
-324 0
-323 2
-322 0
-321 0
-320 0
-319 0
-318 0
-317 0
-316 0
-315 0
-314 0
-313 1
-312 1
-311 0
-310 1
-309 0
-308 0
-307 1
-306 0
-305 0
-304 1
-303 0
-302 1
-301 1
-300 0
-299 0
-298 1
-297 1
-296 0
-295 3
-294 2
-293 1
-292 0
-291 1
-290 1
-289 0
-288 2
-287 0
-286 2
-285 1
-284 2
-283 0
-282 1
-281 1
-280 1
-279 0
-278 1
-277 3
-276 0
-275 2
-274 1
-273 1
-272 2
-271 6
-270 1
-269 2
-268 5
-267 4
-266 0
-265 0
-264 3
-263 1
-262 3
-261 1
-260 4
-259 4
-258 1
-257 2
-256 4
-255 3
-254 4
-253 4
-252 4
-251 6
-250 4
-249 5
-248 2
-247 8
-246 3
-245 8
-244 4
-243 10
-242 5
-241 13
-240 9
-239 6
-238 5
-237 5
-236 8
-235 8
-234 8
-233 9
-232 7
-231 8
-230 11
-229 11
-228 9
-227 9
-226 13
-225 6
-224 10
-223 15
-222 14
-221 14
-220 19
-219 16
-218 18
-217 11
-216 18
-215 20
-214 18
-213 14
-212 18
-211 15
-210 28
-209 19
-208 20
-207 17
-206 27
-205 29
-204 28
-203 24
-202 39
-201 36
-200 25
-199 26
-198 34
-197 28
-196 31
-195 28
-194 35
-193 44
-192 32
-191 34
-190 40
-189 60
-188 45
-187 47
-186 52
-185 63
-184 54
-183 50
-182 56
-181 59
-180 78
-179 56
-178 77
-177 59
-176 82
-175 75
-174 78
-173 88
-172 77
-171 76
-170 106
-169 111
-168 108
-167 109
-166 110
-165 138
-164 115
-163 120
-162 112
-161 137
-160 152
-159 137
-158 138
-157 182
-156 180
-155 165
-154 188
-153 175
-152 191
-151 185
-150 216
-149 214
-148 248
-147 239
-146 267
-145 276
-144 259
-143 255
-142 306
-141 285
-140 343
-139 304
-138 352
-137 354
-136 333
-135 421
-134 394
-133 456
-132 472
-131 442
-130 476
-129 521
-128 508
-127 571
-126 592
-125 615
-124 590
-123 624
-122 651
-121 682
-120 765
-119 815
-118 803
-117 828
-116 860
-115 849
-114 941
-113 962
-112 1061
-111 1055
-110 1123
-109 1163
-108 1183
-107 1375
-106 1304
-105 1364
-104 1431
-103 1470
-102 1581
-101 1723
-100 1766
-99 1812
-98 1877
-97 1911
-96 2054
-95 2160
-94 2384
-93 2362
-92 2508
-91 2598
-90 2734
-89 2863
-88 2955
-87 3072
-86 3267
-85 3459
-84 3636
-83 3708
-82 3862
-81 4145
-80 4282
-79 4584
-78 4858
-77 4887
-76 5186
-75 5530
-74 5891
-73 6021
-72 6495
-71 6697
-70 7097
-69 7413
-68 7856
-67 8223
-66 8575
-65 9031
-64 9576
-63 9986
-62 10568
-61 11318
-60 11786
-59 12418
-58 13127
-57 13694
-56 14577
-55 15333
-54 16160
-53 17083
-52 18249
-51 19283
-50 20278
-49 21443
-48 22749
-47 24270
-46 25458
-45 27450
-44 28858
-43 30587
-42 33007
-41 34568
-40 36980
-39 39673
-38 42150
-37 44807
-36 47737
-35 51414
-34 55321
-33 59189
-32 63803
-31 68497
-30 73377
-29 78830
-28 85547
-27 92639
-26 99834
-25 109271
-24 119038
-23 128546
-22 141174
-21 153663
-20 169264
-19 186932
-18 206982
-17 229649
-16 256013
-15 287868
-14 324102
-13 367736
-12 421937
-11 486250
-10 568346
-9 671626
-8 806765
-7 988838
-6 1246548
-5 1627642
-4 2244836
-3 3364929
-2 5914129
-1 14064941
0 82896032
1 870839616
2 89103770
3 9991654
4 4676068
5 2948004
6 2057757
7 1531539
8 1189483
9 952698
10 783749
11 655664
12 555264
13 476834
14 414867
15 362324
16 319472
17 283236
18 252523
19 227381
20 204236
21 185058
22 168438
23 153032
24 139568
25 128032
26 117502
27 108199
28 99445
29 92284
30 85078
31 78807
32 72862
33 67764
34 62857
35 59319
36 55006
37 51004
38 47871
39 44397
40 41908
41 39291
42 36856
43 34784
44 32398
45 30401
46 28524
47 26908
48 25633
49 23944
50 22780
51 21502
52 20481
53 18941
54 18114
55 17190
56 16044
57 15385
58 14385
59 13748
60 12602
61 12253
62 11842
63 11340
64 10608
65 10023
66 9564
67 9014
68 8708
69 8046
70 7937
71 7550
72 7212
73 6584
74 6382
75 5972
76 5815
77 5437
78 5236
79 4898
80 4753
81 4524
82 4307
83 4051
84 3861
85 3807
86 3547
87 3403
88 3258
89 3046
90 2949
91 2805
92 2792
93 2586
94 2392
95 2432
96 2357
97 2202
98 2069
99 1954
100 1798
101 1753
102 1743
103 1653
104 1556
105 1530
106 1435
107 1450
108 1371
109 1257
110 1202
111 1133
112 1148
113 1093
114 972
115 1023
116 971
117 912
118 891
119 823
120 766
121 789
122 700
123 636
124 688
125 643
126 587
127 642
128 552
129 543
130 466
131 497
132 458
133 464
134 435
135 422
136 392
137 391
138 378
139 329
140 341
141 324
142 308
143 306
144 268
145 309
146 302
147 243
148 264
149 248
150 230
151 211
152 207
153 224
154 198
155 196
156 184
157 158
158 181
159 155
160 172
161 127
162 159
163 141
164 132
165 121
166 106
167 99
168 106
169 118
170 117
171 98
172 122
173 87
174 81
175 85
176 79
177 73
178 74
179 63
180 58
181 65
182 61
183 59
184 57
185 64
186 70
187 51
188 54
189 49
190 43
191 50
192 45
193 36
194 36
195 37
196 27
197 42
198 47
199 36
200 43
201 45
202 28
203 48
204 30
205 29
206 23
207 30
208 24
209 21
210 20
211 19
212 22
213 28
214 23
215 6
216 12
217 17
218 17
219 23
220 15
221 18
222 17
223 7
224 12
225 18
226 14
227 9
228 8
229 12
230 9
231 11
232 14
233 7
234 6
235 10
236 7
237 3
238 10
239 4
240 7
241 10
242 3
243 5
244 12
245 10
246 5
247 3
248 8
249 4
250 3
251 4
252 3
253 3
254 1
255 2
256 4
257 4
258 3
259 2
260 3
261 5
262 4
263 2
264 3
265 3
266 4
267 4
268 3
269 3
270 5
271 2
272 0
273 0
274 3
275 2
276 1
277 1
278 2
279 1
280 2
281 4
282 2
283 2
284 3
285 0
286 0
287 1
288 1
289 1
290 0
291 2
292 0
293 1
294 1
295 1
296 0
297 1
298 2
299 0
300 1
301 0
302 1
303 0
304 1
305 2
306 0
307 0
308 0
309 1
310 0
311 1
312 1
313 0
314 0
315 0
316 2
317 0
318 0
319 0
320 0
321 0
322 0
323 1
324 0
325 0
326 0
327 1
328 1
329 1
330 0
331 0
332 0
333 0
334 0
335 1
336 0
337 0
338 0
339 0
340 0
341 1
342 1
343 0
344 1
345 0
346 0
347 0
348 0
349 0
350 0
351 0
352 0
353 0
354 0
355 0
356 1
