2 1.0
3 0.25
4 0.42857142857142855
5 0.0
6 0.3333333333333333
7 0.5
8 1.0
9 1.0
10 0.5
11 0.5
12 1.0
13 1.0
14 0.0
15 0.0
16 0.0
17 1.0
18 0.0
19 0.3333333333333333
20 0
21 0.3333333333333333
22 0.0
23 1.0
24 0.0
25 0.0
26 1.0
27 1.0
28 1.0
29 0.5
30 1.0
31 0.0
32 0.6666666666666666
33 0.16666666666666666
34 0.0
35 0
36 0.5
37 0.0
38 0
39 0
40 0
41 0
42 0
43 0.0
44 1.0
45 0
46 0
47 1.0
48 1.0
49 0.5
50 0.0
51 0
52 1.0
53 0.6666666666666666
54 0.5
55 0.5
56 0
57 0.0
58 0
59 0
60 0
61 0
62 0.0
63 1.0
64 0.5
65 0
66 0
67 0
68 0
69 0
70 0
71 0.0
72 0
73 0
74 0
75 0
76 0
77 0
78 0
79 0
80 0
81 0
82 1.0
83 0.0
84 0
85 0
86 0
87 0
88 0
89 0
90 0
91 0
92 0
93 0
94 0
95 0
96 0
97 0
98 0.0
