0 0.5353
1 0.5353
2 0.5353
3 0.5353
4 0.5353
5 0.5353
6 0.5353
7 0.5353
8 0.5353
9 0.5353
10 0.5353
11 0.5353
12 0.5353
13 0.5353
14 0.5353
15 0.5353
16 0.5353
17 0.5353
18 0.5353
19 0.5353
20 0.5353
21 0.5353
22 0.5353
23 0.5353
24 0.5353
25 0.5353
26 0.5353
27 0.5353
28 0.5353
29 0.5353
30 0.5353
31 0.5353
32 0.5353
33 0.5353
34 0.5353
35 0.5353
36 0.5353
37 0.5353
38 0.5353
39 0.5353
40 0.5353
41 0.5353
42 0.5353
43 0.5353
44 0.5353
45 0.5353
46 0.5353
47 0.5353
48 0.5353
49 0.5353
50 0.5353
51 0.5353
52 0.5353
53 0.5353
54 0.5353
55 0.5353
56 0.5353
57 0.5353
58 0.5353
59 0.5353
60 0.5353
61 0.5353
62 0.5353
63 0.5353
64 0.5353
65 0.5353
66 0.5353
67 0.5353
68 0.5353
69 0.5353
70 0.5353
71 0.5353
72 0.5353
73 0.5353
74 0.5353
75 0.5353
76 0.5353
77 0.5353
78 0.5353
79 0.5353
80 0.5353
81 0.5353
82 0.5353
83 0.5353
84 0.5353
85 0.5353
86 0.5353
87 0.5353
88 0.5353
89 0.5353
90 0.5353
91 0.5353
92 0.5353
93 0.5353
94 0.5353
95 0.5353
96 0.5353
97 0.5353
98 0.5353
99 0.5353
100 0.5353
101 0.5353
102 0.5353
103 0.5353
104 0.5353
105 0.5353
106 0.5353
107 0.5353
