2 0.0
3 0.0
4 0.6
5 0.5
6 0
7 0
8 1.0
9 0
10 1.0
11 0.3333333333333333
12 0.5
13 0.0
14 1.0
15 0
16 0
17 0
18 0
19 1.0
20 0
21 0
22 1.0
23 0
24 0.0
25 0.6666666666666666
26 0.0
27 0
28 0
29 0
30 1.0
31 0
32 0
33 0
34 0
35 0
36 0
37 0
38 0
39 0
40 0
41 0
42 0
43 1.0
44 0.0
45 0
46 1.0
47 0.5
48 0.5
49 0.0
50 0.0
51 0.0
52 0
53 1.0
54 0
55 1.0
56 0.0
57 0
58 1.0
59 0
60 0
61 0
62 1.0
63 0.0
64 1.0
65 0.0
66 0
67 0
68 0
69 0
70 0
71 0
72 0
73 0
74 0
75 0
76 0
77 0.0
78 0
79 0
80 0
81 0
82 0
83 0
84 0
85 1.0
86 0.5
87 1.0
88 0
89 0
90 0
91 0
92 0
93 0
94 0
95 0
96 0
97 0
98 0
