0 0.5861
1 0.5861
2 0.5861
3 0.5861
4 0.5861
5 0.5861
6 0.5861
7 0.5861
8 0.5861
9 0.5861
10 0.5861
11 0.5861
12 0.5861
13 0.5861
14 0.5861
15 0.5861
16 0.5861
17 0.5861
18 0.5861
19 0.5861
20 0.5861
21 0.5861
22 0.5861
23 0.5861
24 0.5861
25 0.5861
26 0.5861
27 0.5861
28 0.5861
29 0.5861
30 0.5861
31 0.5861
32 0.5861
33 0.5861
34 0.5861
35 0.5861
36 0.5861
37 0.5861
38 0.5861
39 0.5861
40 0.5861
41 0.5861
42 0.5861
43 0.5861
44 0.5861
45 0.5861
46 0.5861
47 0.5861
48 0.5861
49 0.5861
50 0.5861
51 0.5861
52 0.5861
53 0.5861
54 0.5861
55 0.5861
56 0.5861
57 0.5861
58 0.5861
59 0.5861
60 0.5861
61 0.5861
62 0.5861
63 0.5861
64 0.5861
65 0.5861
66 0.5861
67 0.5861
68 0.5861
69 0.5861
70 0.5861
71 0.5861
72 0.5861
73 0.5861
74 0.5861
75 0.5861
76 0.5861
77 0.5861
78 0.5861
79 0.5861
80 0.5861
81 0.5861
82 0.5861
83 0.5861
84 0.5861
85 0.5861
86 0.5861
87 0.5861
88 0.5861
89 0.5861
90 0.5861
91 0.5861
92 0.5861
93 0.5861
94 0.5861
95 0.5861
96 0.5861
97 0.5861
98 0.5861
99 0.5861
100 0.5861
101 0.5861
102 0.5861
103 0.5861
104 0.5861
105 0.5861
106 0.5861
107 0.5861
