0 0.3843
1 0.3706
2 0.382
3 0.3826
4 0.3888
5 0.3976
6 0.3761
7 0.3962
8 0.4013
9 0.3885
10 0.3894
11 0.3753
12 0.3818
13 0.4159
14 0.3856
15 0.3934
16 0.3834
17 0.3883
18 0.3924
19 0.3908
20 0.3877
21 0.373
22 0.3879
23 0.3817
24 0.3966
25 0.3952
26 0.3736
27 0.4094
28 0.3956
29 0.3902
30 0.386
31 0.402
32 0.3907
33 0.4218
34 0.3809
35 0.379
36 0.4006
37 0.3913
38 0.389
39 0.3981
40 0.4003
41 0.3966
42 0.3768
43 0.4134
44 0.377
45 0.3874
46 0.3863
47 0.3648
48 0.3709
49 0.4127
50 0.3891
51 0.3856
52 0.4047
53 0.3792
54 0.3859
55 0.4057
56 0.3802
57 0.3755
58 0.3591
59 0.3864
60 0.3944
61 0.4112
62 0.421
63 0.3551
64 0.3908
65 0.3936
66 0.3644
67 0.4076
68 0.3667
69 0.402
70 0.377
71 0.3831
72 0.4202
73 0.3829
74 0.4039
75 0.4061
76 0.4013
77 0.3989
78 0.3937
79 0.3708
80 0.4039
81 0.4005
82 0.3913
83 0.3746
84 0.4261
85 0.3951
86 0.3768
87 0.3829
88 0.3922
89 0.3749
90 0.4031
91 0.3477
92 0.3922
93 0.3982
94 0.4021
95 0.408
96 0.3915
97 0.3889
98 0.3848
99 0.4144
100 0.3862
101 0.3916
102 0.388
103 0.3978
104 0.3697
105 0.4083
106 0.4015
107 0.4015
108 0.4185
109 0.4108
110 0.4028
