-866 1
-865 0
-864 0
-863 0
-862 1
-861 0
-860 0
-859 0
-858 0
-857 0
-856 0
-855 0
-854 0
-853 0
-852 0
-851 0
-850 0
-849 0
-848 0
-847 0
-846 0
-845 0
-844 0
-843 0
-842 0
-841 0
-840 0
-839 0
-838 0
-837 0
-836 0
-835 0
-834 0
-833 0
-832 0
-831 0
-830 1
-829 0
-828 0
-827 0
-826 0
-825 1
-824 0
-823 0
-822 0
-821 0
-820 0
-819 0
-818 0
-817 0
-816 0
-815 0
-814 0
-813 0
-812 0
-811 0
-810 1
-809 0
-808 0
-807 0
-806 0
-805 0
-804 0
-803 0
-802 0
-801 0
-800 0
-799 0
-798 0
-797 0
-796 0
-795 0
-794 0
-793 0
-792 0
-791 0
-790 0
-789 0
-788 0
-787 0
-786 0
-785 0
-784 0
-783 0
-782 0
-781 0
-780 0
-779 0
-778 0
-777 0
-776 0
-775 0
-774 0
-773 0
-772 0
-771 0
-770 1
-769 1
-768 1
-767 0
-766 0
-765 2
-764 0
-763 0
-762 0
-761 0
-760 0
-759 1
-758 0
-757 0
-756 0
-755 0
-754 1
-753 0
-752 0
-751 0
-750 0
-749 0
-748 0
-747 0
-746 0
-745 0
-744 0
-743 0
-742 0
-741 1
-740 0
-739 0
-738 0
-737 1
-736 1
-735 0
-734 0
-733 0
-732 0
-731 0
-730 0
-729 0
-728 0
-727 0
-726 0
-725 1
-724 0
-723 0
-722 0
-721 0
-720 3
-719 0
-718 0
-717 0
-716 0
-715 2
-714 1
-713 2
-712 0
-711 0
-710 0
-709 0
-708 0
-707 1
-706 0
-705 0
-704 0
-703 0
-702 0
-701 1
-700 0
-699 0
-698 1
-697 0
-696 1
-695 1
-694 0
-693 0
-692 0
-691 0
-690 0
-689 0
-688 1
-687 1
-686 0
-685 0
-684 1
-683 0
-682 1
-681 0
-680 0
-679 0
-678 0
-677 1
-676 0
-675 1
-674 0
-673 0
-672 0
-671 2
-670 0
-669 0
-668 1
-667 2
-666 2
-665 0
-664 1
-663 1
-662 1
-661 0
-660 0
-659 1
-658 0
-657 0
-656 2
-655 1
-654 1
-653 1
-652 0
-651 3
-650 0
-649 1
-648 1
-647 1
-646 2
-645 1
-644 1
-643 1
-642 1
-641 1
-640 2
-639 0
-638 1
-637 1
-636 0
-635 0
-634 0
-633 1
-632 2
-631 0
-630 0
-629 4
-628 1
-627 2
-626 0
-625 1
-624 1
-623 1
-622 0
-621 1
-620 0
-619 0
-618 1
-617 2
-616 2
-615 1
-614 2
-613 4
-612 3
-611 3
-610 1
-609 2
-608 2
-607 2
-606 0
-605 3
-604 0
-603 0
-602 1
-601 4
-600 0
-599 1
-598 0
-597 2
-596 2
-595 3
-594 0
-593 3
-592 1
-591 1
-590 0
-589 1
-588 3
-587 2
-586 1
-585 4
-584 1
-583 3
-582 1
-581 4
-580 2
-579 0
-578 2
-577 3
-576 1
-575 0
-574 2
-573 1
-572 0
-571 2
-570 1
-569 2
-568 2
-567 1
-566 2
-565 5
-564 2
-563 3
-562 2
-561 5
-560 4
-559 3
-558 1
-557 6
-556 4
-555 1
-554 2
-553 4
-552 1
-551 1
-550 3
-549 4
-548 6
-547 6
-546 2
-545 4
-544 6
-543 4
-542 3
-541 3
-540 5
-539 2
-538 4
-537 5
-536 1
-535 4
-534 4
-533 2
-532 6
-531 6
-530 6
-529 5
-528 6
-527 10
-526 6
-525 3
-524 3
-523 4
-522 4
-521 5
-520 4
-519 7
-518 2
-517 3
-516 5
-515 10
-514 2
-513 7
-512 8
-511 6
-510 9
-509 3
-508 7
-507 3
-506 10
-505 6
-504 7
-503 9
-502 9
-501 6
-500 10
-499 11
-498 12
-497 6
-496 7
-495 11
-494 11
-493 8
-492 10
-491 8
-490 13
-489 8
-488 11
-487 7
-486 6
-485 10
-484 6
-483 10
-482 15
-481 9
-480 14
-479 10
-478 13
-477 9
-476 10
-475 8
-474 17
-473 9
-472 13
-471 9
-470 16
-469 16
-468 16
-467 19
-466 17
-465 15
-464 11
-463 15
-462 18
-461 14
-460 12
-459 12
-458 18
-457 11
-456 10
-455 13
-454 17
-453 21
-452 17
-451 16
-450 14
-449 15
-448 13
-447 19
-446 16
-445 17
-444 24
-443 19
-442 11
-441 15
-440 15
-439 17
-438 15
-437 18
-436 20
-435 24
-434 17
-433 15
-432 20
-431 23
-430 29
-429 31
-428 19
-427 28
-426 21
-425 29
-424 23
-423 23
-422 21
-421 23
-420 21
-419 37
-418 24
-417 26
-416 29
-415 19
-414 27
-413 26
-412 33
-411 24
-410 34
-409 50
-408 25
-407 28
-406 33
-405 33
-404 41
-403 44
-402 28
-401 39
-400 45
-399 42
-398 28
-397 37
-396 44
-395 47
-394 47
-393 32
-392 46
-391 41
-390 45
-389 45
-388 55
-387 53
-386 41
-385 35
-384 43
-383 49
-382 56
-381 63
-380 59
-379 52
-378 57
-377 57
-376 43
-375 67
-374 62
-373 66
-372 55
-371 49
-370 54
-369 57
-368 47
-367 66
-366 72
-365 61
-364 57
-363 68
-362 89
-361 67
-360 77
-359 88
-358 74
-357 81
-356 87
-355 81
-354 65
-353 69
-352 90
-351 79
-350 83
-349 86
-348 94
-347 105
-346 93
-345 100
-344 93
-343 86
-342 112
-341 104
-340 110
-339 88
-338 113
-337 113
-336 100
-335 113
-334 117
-333 107
-332 110
-331 148
-330 109
-329 123
-328 115
-327 111
-326 124
-325 132
-324 136
-323 129
-322 113
-321 149
-320 146
-319 156
-318 138
-317 140
-316 153
-315 138
-314 164
-313 173
-312 166
-311 169
-310 198
-309 179
-308 172
-307 162
-306 200
-305 189
-304 191
-303 188
-302 202
-301 181
-300 226
-299 202
-298 222
-297 217
-296 188
-295 231
-294 227
-293 230
-292 200
-291 227
-290 246
-289 232
-288 236
-287 244
-286 251
-285 272
-284 255
-283 275
-282 262
-281 265
-280 289
-279 277
-278 347
-277 302
-276 296
-275 296
-274 296
-273 307
-272 315
-271 333
-270 329
-269 337
-268 354
-267 337
-266 344
-265 343
-264 385
-263 364
-262 386
-261 422
-260 353
-259 424
-258 387
-257 448
-256 416
-255 385
-254 458
-253 439
-252 459
-251 438
-250 457
-249 515
-248 481
-247 519
-246 536
-245 461
-244 548
-243 517
-242 570
-241 578
-240 588
-239 550
-238 609
-237 568
-236 538
-235 660
-234 634
-233 636
-232 674
-231 649
-230 712
-229 701
-228 759
-227 715
-226 802
-225 726
-224 813
-223 801
-222 782
-221 792
-220 833
-219 849
-218 874
-217 881
-216 835
-215 870
-214 842
-213 915
-212 967
-211 994
-210 962
-209 982
-208 1026
-207 1026
-206 1080
-205 1087
-204 1087
-203 1155
-202 1160
-201 1173
-200 1208
-199 1207
-198 1265
-197 1310
-196 1317
-195 1306
-194 1314
-193 1391
-192 1427
-191 1478
-190 1492
-189 1568
-188 1431
-187 1509
-186 1676
-185 1619
-184 1673
-183 1706
-182 1693
-181 1726
-180 1767
-179 1777
-178 1829
-177 1940
-176 1896
-175 1956
-174 2038
-173 2075
-172 2107
-171 2197
-170 2198
-169 2276
-168 2197
-167 2354
-166 2312
-165 2367
-164 2401
-163 2581
-162 2575
-161 2589
-160 2711
-159 2784
-158 2720
-157 2869
-156 2938
-155 2918
-154 2991
-153 3207
-152 3199
-151 3252
-150 3288
-149 3382
-148 3532
-147 3546
-146 3642
-145 3714
-144 3718
-143 3887
-142 3895
-141 4053
-140 4227
-139 4172
-138 4288
-137 4398
-136 4407
-135 4797
-134 4612
-133 4869
-132 4923
-131 5040
-130 5152
-129 5333
-128 5283
-127 5485
-126 5518
-125 5836
-124 6016
-123 6172
-122 6274
-121 6316
-120 6516
-119 6657
-118 6779
-117 7084
-116 7092
-115 7306
-114 7478
-113 7643
-112 7861
-111 7982
-110 8098
-109 8356
-108 8595
-107 8769
-106 9127
-105 9463
-104 9408
-103 9911
-102 10118
-101 10329
-100 10684
-99 10906
-98 11209
-97 11532
-96 12071
-95 12160
-94 12411
-93 12785
-92 13045
-91 13159
-90 13922
-89 14378
-88 14557
-87 15036
-86 15304
-85 16039
-84 16389
-83 16949
-82 17297
-81 17810
-80 18386
-79 18760
-78 19496
-77 20164
-76 20672
-75 21257
-74 21896
-73 22417
-72 23436
-71 24103
-70 24811
-69 25924
-68 26255
-67 27531
-66 28052
-65 29046
-64 30151
-63 31071
-62 32235
-61 33378
-60 34504
-59 35455
-58 36931
-57 38909
-56 39542
-55 41362
-54 42574
-53 44430
-52 46064
-51 47750
-50 49526
-49 51699
-48 53766
-47 55854
-46 58112
-45 60456
-44 63125
-43 66558
-42 69367
-41 72247
-40 75269
-39 79422
-38 82443
-37 86943
-36 91515
-35 96276
-34 101200
-33 106734
-32 112558
-31 118857
-30 125219
-29 132395
-28 140658
-27 149735
-26 159397
-25 170703
-24 181658
-23 194711
-22 208990
-21 225301
-20 243134
-19 263538
-18 286833
-17 312713
-16 342801
-15 378810
-14 420162
-13 469381
-12 529090
-11 600785
-10 688951
-9 803975
-8 951587
-7 1151830
-6 1430548
-5 1844395
-4 2503671
-3 3706699
-2 6418462
-1 15524336
0 103033987
1 816392394
2 108937923
3 11584288
4 5285474
5 3324732
6 2334332
7 1755877
8 1377375
9 1118759
10 931014
11 788775
12 680595
13 590446
14 522061
15 463286
16 416069
17 374976
18 340193
19 310335
20 284323
21 262645
22 241033
23 223376
24 208209
25 194157
26 181123
27 169013
28 157989
29 149351
30 140499
31 131507
32 125329
33 117637
34 112047
35 106149
36 100650
37 95874
38 90865
39 86951
40 82433
41 79127
42 75782
43 71848
44 68700
45 65738
46 62947
47 60601
48 58350
49 55860
50 53678
51 51551
52 49819
53 47738
54 46136
55 44251
56 42587
57 40697
58 39869
59 38215
60 36799
61 35504
62 34644
63 33237
64 31962
65 31064
66 30113
67 28810
68 28189
69 27398
70 26274
71 25386
72 24651
73 24003
74 23476
75 22486
76 21749
77 21257
78 20490
79 20177
80 19704
81 18658
82 18593
83 17717
84 17457
85 16939
86 16444
87 15694
88 15427
89 14781
90 14403
91 14058
92 13948
93 13585
94 12961
95 12730
96 12370
97 12110
98 11853
99 11519
100 11167
101 10857
102 10490
103 10546
104 10101
105 9746
106 9660
107 9470
108 9259
109 8719
110 8832
111 8483
112 8409
113 8003
114 7596
115 7716
116 7390
117 7178
118 7144
119 7022
120 6782
121 6764
122 6463
123 6277
124 6267
125 5909
126 5792
127 5782
128 5641
129 5374
130 5363
131 5291
132 5107
133 5018
134 4900
135 4844
136 4702
137 4492
138 4546
139 4376
140 4332
141 4158
142 4058
143 3987
144 3963
145 3831
146 3835
147 3735
148 3594
149 3582
150 3451
151 3324
152 3361
153 3225
154 3172
155 3074
156 3036
157 3007
158 2889
159 2883
160 2757
161 2684
162 2648
163 2618
164 2482
165 2483
166 2450
167 2488
168 2395
169 2372
170 2147
171 2225
172 2094
173 2112
174 2190
175 2119
176 1980
177 2000
178 1973
179 1870
180 1924
181 1838
182 1769
183 1784
184 1718
185 1641
186 1593
187 1673
188 1565
189 1544
190 1459
191 1471
192 1448
193 1440
194 1425
195 1382
196 1330
197 1309
198 1307
199 1309
200 1283
201 1242
202 1227
203 1143
204 1118
205 1094
206 1178
207 1084
208 1106
209 1068
210 1064
211 1000
212 1022
213 976
214 972
215 930
216 892
217 894
218 878
219 897
220 859
221 802
222 815
223 843
224 796
225 775
226 761
227 734
228 749
229 720
230 721
231 677
232 668
233 661
234 649
235 606
236 638
237 599
238 611
239 621
240 568
241 601
242 589
243 557
244 538
245 533
246 531
247 559
248 508
249 496
250 486
251 475
252 502
253 450
254 441
255 415
256 436
257 459
258 403
259 398
260 448
261 409
262 386
263 409
264 378
265 331
266 399
267 344
268 335
269 344
270 366
271 327
272 311
273 351
274 342
275 304
276 333
277 301
278 281
279 284
280 318
281 293
282 276
283 253
284 269
285 258
286 240
287 247
288 235
289 245
290 290
291 220
292 242
293 235
294 232
295 266
296 214
297 226
298 208
299 187
300 198
301 215
302 202
303 183
304 201
305 187
306 200
307 184
308 151
309 167
310 179
311 160
312 180
313 162
314 172
315 163
316 171
317 151
318 149
319 141
320 156
321 115
322 140
323 149
324 126
325 118
326 114
327 110
328 146
329 105
330 120
331 91
332 132
333 130
334 119
335 118
336 94
337 90
338 107
339 107
340 99
341 118
342 106
343 92
344 83
345 82
346 94
347 93
348 93
349 102
350 99
351 86
352 79
353 80
354 87
355 81
356 79
357 86
358 75
359 86
360 79
361 83
362 76
363 92
364 81
365 61
366 79
367 71
368 69
369 57
370 59
371 58
372 58
373 68
374 60
375 70
376 54
377 48
378 51
379 41
380 52
381 43
382 50
383 54
384 52
385 58
386 45
387 41
388 46
389 51
390 39
391 41
392 43
393 35
394 36
395 52
396 41
397 44
398 44
399 41
400 39
401 36
402 38
403 31
404 37
405 37
406 28
407 33
408 27
409 30
410 33
411 29
412 24
413 34
414 29
415 28
416 25
417 34
418 21
419 29
420 29
421 32
422 25
423 20
424 10
425 23
426 18
427 18
428 22
429 26
430 21
431 25
432 36
433 22
434 14
435 26
436 22
437 19
438 17
439 25
440 29
441 13
442 27
443 19
444 23
445 20
446 28
447 16
448 16
449 20
450 17
451 15
452 12
453 18
454 13
455 20
456 17
457 19
458 13
459 25
460 10
461 9
462 19
463 14
464 12
465 19
466 19
467 15
468 12
469 15
470 15
471 8
472 14
473 19
474 10
475 8
476 14
477 10
478 9
479 14
480 15
481 12
482 10
483 12
484 12
485 8
486 7
487 18
488 9
489 2
490 9
491 5
492 8
493 7
494 8
495 6
496 7
497 6
498 7
499 12
500 11
501 10
502 10
503 8
504 10
505 8
506 3
507 15
508 8
509 9
510 9
511 4
512 9
513 9
514 9
515 9
516 2
517 9
518 9
519 2
520 6
521 3
522 3
523 3
524 4
525 6
526 7
527 8
528 6
529 6
530 4
531 5
532 4
533 6
534 4
535 7
536 2
537 5
538 4
539 3
540 5
541 3
542 7
543 4
544 5
545 1
546 2
547 3
548 3
549 7
550 4
551 5
552 1
553 3
554 5
555 3
556 6
557 2
558 2
559 5
560 4
561 2
562 1
563 4
564 3
565 3
566 3
567 2
568 2
569 1
570 3
571 2
572 6
573 0
574 3
575 3
576 2
577 0
578 2
579 3
580 3
581 3
582 3
583 3
584 5
585 1
586 1
587 1
588 0
589 2
590 0
591 1
592 0
593 2
594 1
595 3
596 1
597 0
598 0
599 0
600 0
601 0
602 1
603 2
604 4
605 3
606 2
607 2
608 2
609 1
610 2
611 0
612 3
613 0
614 1
615 0
616 2
617 3
618 0
619 0
620 1
621 1
622 1
623 1
624 5
625 0
626 0
627 0
628 0
629 2
630 2
631 3
632 1
633 4
634 0
635 0
636 2
637 0
638 2
639 1
640 0
641 2
642 0
643 1
644 1
645 1
646 1
647 0
648 1
649 1
650 1
651 2
652 0
653 1
654 0
655 0
656 0
657 1
658 0
659 0
660 1
661 1
662 0
663 0
664 1
665 2
666 1
667 1
668 0
669 0
670 0
671 0
672 0
673 1
674 0
675 2
676 1
677 0
678 0
679 0
680 0
681 1
682 0
683 0
684 0
685 0
686 2
687 0
688 0
689 2
690 0
691 0
692 0
693 0
694 2
695 0
696 1
697 0
698 0
699 1
700 0
701 0
702 1
703 0
704 0
705 0
706 1
707 0
708 0
709 0
710 0
711 1
712 0
713 0
714 0
715 1
716 0
717 0
718 0
719 0
720 0
721 0
722 0
723 0
724 0
725 0
726 0
727 0
728 0
729 2
730 0
731 1
732 0
733 0
734 2
735 0
736 0
737 0
738 0
739 0
740 0
741 0
742 0
743 0
744 0
745 0
746 0
747 1
748 0
749 0
750 0
751 0
752 0
753 0
754 0
755 0
756 0
757 0
758 0
759 0
760 0
761 0
762 0
763 0
764 0
765 0
766 0
767 1
768 1
769 0
770 1
771 0
772 0
773 0
774 0
775 0
776 0
777 0
778 0
779 0
780 0
781 0
782 1
783 0
784 0
785 0
786 0
787 0
788 0
789 0
790 0
791 0
792 0
793 0
794 0
795 0
796 0
797 0
798 0
799 0
800 0
801 0
802 0
803 0
804 0
805 0
806 0
807 0
808 0
809 0
810 0
811 0
812 1
813 0
814 0
815 0
816 0
817 0
818 0
819 0
820 0
821 0
822 0
823 0
824 0
825 0
826 0
827 0
828 0
829 0
830 1
831 0
832 0
833 0
834 0
835 0
836 0
837 0
838 0
839 0
840 0
841 0
842 0
843 0
844 0
845 0
846 0
847 0
848 0
849 0
850 0
851 0
852 0
853 0
854 0
855 0
856 0
857 0
858 0
859 0
860 0
861 0
862 0
863 0
864 0
865 0
866 1
867 0
868 1
869 0
870 0
871 0
872 0
873 0
874 0
875 0
876 0
877 0
878 0
879 0
880 0
881 0
882 0
883 0
884 0
885 0
886 0
887 0
888 0
889 0
890 0
891 0
892 0
893 0
894 0
895 0
896 0
897 0
898 0
899 0
900 0
901 0
902 0
903 0
904 0
905 0
906 0
907 0
908 0
909 0
910 0
911 0
912 0
913 0
914 0
915 0
916 0
917 0
918 0
919 0
920 0
921 0
922 0
923 0
924 0
925 0
926 0
927 0
928 0
929 0
930 0
931 0
932 0
933 0
934 0
935 0
936 0
937 0
938 0
939 0
940 0
941 0
942 0
943 0
944 0
945 0
946 0
947 0
948 0
949 0
950 0
951 0
952 0
953 0
954 0
955 0
956 0
957 0
958 0
959 0
960 0
961 0
962 0
963 0
964 0
965 0
966 0
967 0
968 0
969 0
970 0
971 0
972 0
973 0
974 0
975 0
976 0
977 0
978 0
979 0
980 0
981 0
982 0
983 0
984 0
985 0
986 0
987 0
988 0
989 0
990 0
991 0
992 0
993 0
994 0
995 0
996 0
997 0
998 0
999 0
1000 0
1001 0
1002 0
1003 0
1004 0
1005 0
1006 0
1007 0
1008 0
1009 0
1010 0
1011 0
1012 0
1013 0
1014 0
1015 0
1016 0
1017 0
1018 1
