0 0.4282
1 0.4268
2 0.4316
3 0.433
4 0.4302
5 0.429
6 0.4333
7 0.4368
8 0.4327
9 0.4297
10 0.43
11 0.4335
12 0.4313
13 0.4278
14 0.4324
15 0.4295
16 0.4317
17 0.434
18 0.428
19 0.4284
20 0.4266
21 0.4247
22 0.4346
23 0.4274
24 0.4298
25 0.4283
26 0.4336
27 0.4304
28 0.4339
29 0.4282
30 0.4329
31 0.4346
32 0.4267
33 0.4346
34 0.4299
35 0.4255
36 0.4259
37 0.4325
38 0.4225
39 0.4288
40 0.4274
41 0.4318
42 0.4254
43 0.4336
44 0.4298
45 0.431
46 0.4374
47 0.4359
48 0.4301
49 0.4318
50 0.4313
51 0.4237
52 0.438
53 0.4296
54 0.4266
55 0.4316
56 0.4326
57 0.4292
58 0.4271
59 0.4332
60 0.4272
61 0.4279
62 0.434
63 0.4331
64 0.4271
65 0.4257
66 0.4246
67 0.4328
68 0.4359
69 0.4292
70 0.4309
71 0.4344
72 0.428
73 0.4354
74 0.4338
75 0.4319
76 0.4267
77 0.4308
78 0.4311
79 0.429
80 0.4356
81 0.4254
82 0.4267
83 0.4294
84 0.4309
85 0.4318
86 0.4254
87 0.4269
88 0.4316
89 0.4267
90 0.4326
91 0.4256
92 0.4292
93 0.4287
94 0.4325
95 0.433
96 0.4256
97 0.4313
98 0.4344
99 0.429
100 0.4332
101 0.4343
102 0.4336
103 0.4283
104 0.4367
105 0.4295
106 0.4283
107 0.4316
108 0.4208
109 0.4362
110 0.4288
