2 0.6368195627547777
3 0.5935843123112066
4 0.5681013372159402
5 0.5514985162819558
6 0.5396128850108641
7 0.5310649728079706
8 0.5246120599104416
9 0.5198837046453727
10 0.5158130977673526
11 0.5124728934048418
12 0.5099131863952887
13 0.5077295936530675
14 0.5058322672577025
15 0.5044633617060117
16 0.5037221061888535
17 0.5020765194542838
18 0.5016728885944823
19 0.5004455440755686
20 0.5001779068117571
21 0.49954723547923224
22 0.499142918512597
23 0.49865638164306947
24 0.49811132843615324
25 0.4978368250493597
26 0.49779556487237736
27 0.49758719550399666
28 0.4976257947925031
29 0.49726052519488595
30 0.4972770445499779
31 0.4966443893545372
32 0.49640002706967795
33 0.49646544270965776
34 0.49695682418659004
35 0.49688280420846676
36 0.4957249560915355
37 0.49650011228933544
38 0.4964007640127166
39 0.49573603472311895
40 0.4957653274206683
41 0.4961253029437753
42 0.4956731044759012
43 0.4952786748270194
44 0.49604001963417926
45 0.49595801851980215
46 0.4961377331613407
47 0.49642917222350363
48 0.4959494374044963
49 0.49616362873422754
50 0.4955430531485102
51 0.4961159909657433
52 0.49521952434217
53 0.4961449303795181
54 0.4965349712507839
55 0.49491525423728816
56 0.4951066681559254
57 0.49641461920486035
58 0.4965355545999187
59 0.49653614748249997
60 0.4964857224369116
61 0.49640504166208527
62 0.49599907989175807
63 0.49703060335654836
64 0.49551414582169895
65 0.4957390761133961
66 0.49599557937967165
67 0.4970755010545484
68 0.4966458651461255
69 0.4967719703042244
70 0.49654807702595094
71 0.4958241970598732
72 0.4961871984612083
73 0.4962429737784811
74 0.49639368088989455
75 0.4976091025481624
76 0.49607972310591064
77 0.49541793414834795
78 0.4952971609213132
79 0.496437252084971
80 0.4954556081863486
81 0.4968264878237891
82 0.4974195021694451
83 0.49635135370486116
84 0.4965797340885847
85 0.4951763545539126
86 0.4958009583337554
87 0.49553551212965746
88 0.4955104241327502
89 0.49723355276442793
90 0.4961398243787176
91 0.4967312096606288
92 0.4966701087016866
93 0.4972853589308767
94 0.49684371438515557
95 0.4965104271348077
96 0.49614424774203214
97 0.49599077080434345
98 0.4965504764202147
99 0.4959049379765174
100 0.49661140575356355
101 0.4954779843296983
102 0.49683663869722766
103 0.49478818311844663
104 0.4972910206642662
105 0.4965628449999868
106 0.49714507898969884
107 0.49634665961020236
108 0.4962464228847827
109 0.496876063092739
110 0.49599116911425656
111 0.4973995926358045
112 0.4965608141070812
113 0.49699830955909596
114 0.4961937999929732
115 0.4949107113737373
116 0.4982580174708394
117 0.4969496795424368
118 0.49697386940823696
119 0.49826867446743933
120 0.49762173340853544
121 0.4984255397022724
122 0.4982414856337507
123 0.4972968442227903
124 0.4974113197704747
125 0.4978696902895442
126 0.49726835809402425
127 0.49693461175098996
128 0.496188604044512
129 0.4954213145701047
130 0.4950437114694716
131 0.4986540978946371
132 0.4990425070445384
133 0.49594132168493843
134 0.49644117879661515
135 0.497649343812964
136 0.49873492482463944
137 0.4975946862426351
138 0.49594250458463573
139 0.49767441860465117
140 0.49697240176852586
141 0.4960777346003798
142 0.4964614963805943
143 0.4977002348283424
144 0.49745489829374506
145 0.4976429248262792
146 0.4956381645682917
147 0.49769969544128784
148 0.49948334758348495
149 0.49646446913963305
150 0.49734869865807485
151 0.497382004223507
152 0.4981162394727968
153 0.49815512063961404
154 0.49599858027769095
155 0.4982401051243872
156 0.49714519462624873
157 0.4974995538803703
158 0.4990140919129246
159 0.4958846286031531
160 0.4957702275586456
161 0.4966293444254198
162 0.4975320784681742
163 0.4974468412873176
164 0.49734631904358056
165 0.4952290516184348
166 0.49707474514472805
167 0.49827967215866176
168 0.4956473429724245
169 0.4980516593997976
170 0.49701444806667017
171 0.4961531459888283
172 0.4979277136336661
173 0.498400586370763
174 0.498077788429558
175 0.4967747971322776
176 0.4988420219044631
177 0.49729802756011887
178 0.4967569035216508
179 0.49586646760712144
180 0.4968393533694842
181 0.49770177585373626
182 0.49679854418009034
183 0.49770604024052767
184 0.49645308082771955
185 0.4981778309832297
186 0.4991064331478626
187 0.4996148687591233
188 0.4997360596397483
189 0.4960785588162014
190 0.49849569966316754
191 0.496895968577819
192 0.49800895556914127
193 0.498980612295639
194 0.4973198431181648
195 0.49761426978818285
196 0.49653253136431985
197 0.4979842591019761
198 0.4984335465529495
199 0.49767766040710926
200 0.49868498122222094
201 0.4973322928408335
202 0.49893818181818184
203 0.4988557153089569
204 0.4969483376317233
205 0.4971620682752205
206 0.49637930625133553
207 0.4993047806030804
208 0.4975193124356004
209 0.497923213060281
210 0.499676520203883
211 0.4967046317388003
212 0.4989702188514121
213 0.4979447130893205
214 0.4968105668113696
215 0.4995847896680796
216 0.49606728689281576
217 0.4970041959960347
218 0.496689824274622
219 0.4978926611688958
220 0.49696758009716446
221 0.49698073420876065
222 0.4977863206791607
223 0.49522814619928296
224 0.49718458617628575
225 0.4997099030619895
226 0.4975997805513647
227 0.496854474040334
228 0.4965999907302571
229 0.49803529137062613
230 0.4983214744275626
231 0.49790870701789663
232 0.49909387947586487
233 0.4991903708101689
234 0.4948837146264773
235 0.49717595350079075
236 0.4987207174986588
237 0.49803274614832405
238 0.4981598572159885
239 0.5001458860143941
240 0.498258495061092
241 0.4967620492505654
242 0.49770165339518835
243 0.4975037461561952
244 0.4976366164046626
245 0.49622232864668586
246 0.4972053428112818
247 0.4964081862968509
248 0.4990169432718441
249 0.4978538287261225
250 0.4967857480871015
251 0.49571742313323575
252 0.49567246625114464
253 0.49963488843813386
254 0.49760538528831755
255 0.49876763840798244
256 0.49629269023367284
257 0.5017025850728767
258 0.49820234712413225
259 0.49865588344427025
260 0.49989770789922333
261 0.49579300358204403
262 0.4962661079259822
263 0.498040096678235
264 0.4981864881693649
265 0.4980566265529462
266 0.49671060369635617
267 0.4981027804893409
268 0.4982853547270725
269 0.49924720052695964
270 0.49931808562336377
271 0.49722963266981324
272 0.49872962854496955
273 0.49953274387175617
274 0.4961440413012458
275 0.4986023055915832
276 0.50027873156938
277 0.4981596084617563
278 0.49997571911876587
279 0.49611103879198126
280 0.4987584307876384
281 0.49765997032957127
282 0.497848796399521
283 0.4971457451303678
284 0.49947985585765525
285 0.4987306348501479
286 0.4983505552710881
287 0.49867963281217254
288 0.4975944901163085
289 0.49680772589684674
290 0.4991007117589396
291 0.4993380085589087
292 0.49851423678013274
293 0.49957916072624836
294 0.5010682472130809
295 0.4996949621495287
296 0.49553347732181424
297 0.49632551416679727
298 0.4980283259486233
299 0.4957263457184478
300 0.49781043764813687
301 0.499212389380531
302 0.49886354591362947
303 0.4956831647881677
304 0.4965960328634314
305 0.49657466688187085
306 0.500152946468736
307 0.49763514728626407
308 0.498139081103543
309 0.5022464582050075
310 0.4989957477607889
311 0.4994404837108564
312 0.4958450512564638
313 0.4995811022474775
314 0.4999090925619534
315 0.49669642775548994
316 0.5001652376668442
317 0.4979360784567223
318 0.4998288795774713
319 0.4998752414309346
320 0.4995159548721004
321 0.49502547699631794
322 0.49913053233858756
323 0.49925775598023187
324 0.500478307354679
325 0.4989792832300015
326 0.49812348783600996
327 0.5000760499648269
328 0.495696449212369
329 0.4975298575471246
330 0.49929206437879853
331 0.49874252016303877
332 0.4987341282878843
333 0.5013456288765205
334 0.49710757863011035
335 0.49956147189522104
336 0.4981156266998213
337 0.4946495399968813
338 0.4954201240240211
339 0.4992225021651838
340 0.49594057354812615
341 0.49835306685658326
342 0.49841481231179
343 0.5018583307729665
344 0.49827420806424494
345 0.4977757522316784
346 0.4969278110280132
347 0.49490155774540034
348 0.4980713352839339
349 0.4987747828024059
350 0.49833180754755363
351 0.497327504893658
352 0.501252649836192
353 0.4968898089236608
354 0.4973329790930085
355 0.49894042853779136
356 0.49692905554359307
357 0.49640951990151827
358 0.4969428262102387
359 0.4984159522922102
360 0.49995845623364216
361 0.4970892291118523
362 0.4955750360901312
363 0.4983443535666907
364 0.49733853053355126
365 0.49744329767544
366 0.4989339910538857
367 0.4959792286426086
368 0.49576100548949786
369 0.49719154911597624
370 0.4957021888480588
371 0.49878235868387455
372 0.5000645161290322
373 0.49829373580355896
374 0.500680433749514
375 0.49663803574527154
376 0.4971283747035917
377 0.49657272588356
378 0.4999017252675257
379 0.49942432602698067
380 0.49972328627391405
381 0.4982193308147779
382 0.4975556762629006
383 0.49806613281037204
384 0.5005907449950772
385 0.4979258561999934
386 0.49739975591789165
387 0.4994263018534863
388 0.4985095312998427
389 0.49774807016771094
390 0.49750678954632477
391 0.4974471919111022
392 0.49643514644351466
393 0.49877570187502096
394 0.4997428731134712
395 0.4978002664308343
396 0.49688847951114307
397 0.4995626233626413
398 0.49753744207392153
399 0.5004019065086212
400 0.49825851173660984
401 0.4974466294371211
402 0.49944656815199406
403 0.49702408099972634
404 0.4996746092456643
405 0.49815320929913437
406 0.5007049760995907
407 0.4986821964160346
408 0.4991381404657512
409 0.49926396172600973
410 0.5003831067095136
411 0.4959234436537
412 0.4987164662349676
413 0.49867456909025665
414 0.49568649366071743
415 0.4976058541865198
416 0.4984034185626071
417 0.4961158316586163
418 0.5001357588922074
419 0.5000999282867589
420 0.4987677502640535
421 0.49651726048062983
422 0.4962966479916437
423 0.49932053880081056
424 0.49685002798651884
425 0.4969386899270318
426 0.5008697112558631
427 0.49771788741577916
428 0.4970047560842783
429 0.5017153174842011
430 0.49750620437076837
431 0.5005369791603818
432 0.4974152716380414
433 0.4983351696916129
434 0.4967173525235732
435 0.4944326939440352
436 0.4976991712133973
437 0.5005665411747505
438 0.4988042364195422
439 0.4994929811486726
440 0.49557370634843
441 0.49660089741225644
442 0.49919929586934464
443 0.49892631449782193
444 0.49525583920441224
445 0.4979279882875506
446 0.4983791034765436
447 0.498171857764337
448 0.4982997222256823
449 0.4999120912241925
450 0.5000439681921536
451 0.5005070930421827
452 0.4973196392785571
453 0.4952087568017978
454 0.5001916198262647
455 0.4985203530831269
456 0.4980329949238579
457 0.4996019259203094
458 0.49950080250736156
459 0.4963724381535647
460 0.5006723328681973
461 0.4970414954127273
462 0.4988935364621308
463 0.5000511522033811
464 0.497191659613757
465 0.4991979879120738
466 0.49818947584683737
467 0.5007369999615479
468 0.498827088487521
469 0.4986562960283211
470 0.49932923997729733
471 0.5000972674335663
472 0.49948860031849196
473 0.5002834028958624
474 0.4991990698876114
475 0.5002395287110766
476 0.49520530145530145
477 0.5010415039316773
478 0.49932333957942954
479 0.5001754636790184
480 0.49490055760868146
481 0.4968897440628377
482 0.4982296342121543
483 0.49784134899284826
484 0.4949005139016998
485 0.4979514989193991
486 0.4983362615130703
487 0.49775371038908944
488 0.5010000800064005
489 0.49789406339135767
490 0.49841882403387466
491 0.49617549624282903
492 0.4978274614256696
493 0.497463914744368
494 0.49787044173122946
495 0.5022347047624192
496 0.4976805298581503
497 0.49722031525528676
498 0.4958996688584759
