2 0.7032620136412614
3 0.6500747442686463
4 0.6111192730166926
5 0.5802126357141896
6 0.5565245534037253
7 0.5391092356556889
8 0.5252075121172786
9 0.5105844145786113
10 0.5017390094602114
11 0.492351065854587
12 0.48332844246285306
13 0.47660140950125596
14 0.47052710928253394
15 0.4669239433498901
16 0.461429023079355
17 0.45716855881868673
18 0.4533007130460239
19 0.4503593304099673
20 0.44768235182858457
21 0.44554879098084266
22 0.44226057185601464
23 0.43732431722298515
24 0.43582000789529
25 0.43408798803227916
26 0.43372034929185854
27 0.4323177032423828
28 0.42973559476900236
29 0.42721782957576043
30 0.4280266176594237
31 0.42409435136517404
32 0.4219204102953747
33 0.4218835092450922
34 0.4227715674039457
35 0.4209482002949111
36 0.42008740871874306
37 0.4208924447959551
38 0.416953339892704
39 0.41707313468132906
40 0.4177680048965158
41 0.4163236838273053
42 0.41501020568378083
43 0.4157103347426646
44 0.41788143044989956
45 0.4121070820311854
46 0.41295825253313856
47 0.41239855301753997
48 0.4099679582581899
49 0.4099613437725978
50 0.40947108022146306
51 0.409356401384083
52 0.4096992791710467
53 0.40952544343731834
54 0.40878421016863586
55 0.4092885821708699
56 0.4080423785245038
57 0.4073065714775489
58 0.40742184694620853
59 0.4091746191193705
60 0.40630693614677343
61 0.4072772626213329
62 0.40783744557329465
63 0.4097625065413693
64 0.4070059603619033
65 0.40426943669061455
66 0.4043968353987258
67 0.4068272568930175
68 0.40398081534772184
69 0.4058221260244656
70 0.4014554573504284
71 0.40425478757292227
72 0.40473272605526145
73 0.4040117933334192
74 0.4035018689750148
75 0.40097080922933703
76 0.40316611286706105
77 0.4020777800560454
78 0.4074048471609683
79 0.4002321645851107
80 0.4020026170563805
81 0.4031898843307709
82 0.40613844144536354
83 0.3984388755208639
84 0.40464339954588513
85 0.4044875590168663
86 0.4023280747434523
87 0.4015554075198686
88 0.4033822860993997
89 0.4027191674334486
90 0.40205703599813
91 0.4010986291879052
92 0.4064285714285714
93 0.403798957808035
94 0.40235955246365035
95 0.40510056481609036
96 0.4055057329702163
97 0.3988899656417937
98 0.40340053088456845
