0 0.1847
1 0.1893
2 0.1926
3 0.2033
4 0.1882
5 0.1833
6 0.1916
7 0.1912
8 0.187
9 0.1945
10 0.19
11 0.1862
12 0.1913
13 0.1811
14 0.1967
15 0.1883
16 0.1976
17 0.1888
18 0.1856
19 0.1922
20 0.1982
21 0.1871
22 0.1881
23 0.1924
24 0.1912
25 0.1862
26 0.1939
27 0.1866
28 0.1895
29 0.1933
30 0.1926
31 0.1853
32 0.1902
33 0.195
34 0.1821
35 0.1867
36 0.1854
37 0.1864
38 0.1944
39 0.1919
40 0.1922
41 0.1885
42 0.1842
43 0.1888
44 0.1918
45 0.19
46 0.1905
47 0.1912
48 0.1854
49 0.1929
50 0.184
51 0.1854
52 0.1886
53 0.1886
54 0.1982
55 0.1922
56 0.1895
57 0.1869
58 0.1993
59 0.1865
60 0.1886
61 0.1962
62 0.1949
63 0.1931
64 0.1918
65 0.1894
66 0.1879
67 0.1939
68 0.1913
69 0.1897
70 0.1897
71 0.1871
72 0.1827
73 0.189
74 0.1901
75 0.1826
76 0.1959
77 0.1948
78 0.1873
79 0.1915
80 0.1799
81 0.1854
82 0.1936
83 0.1886
84 0.1892
85 0.1866
86 0.1889
87 0.1885
88 0.1832
89 0.1883
90 0.1808
91 0.1877
92 0.193
93 0.1899
94 0.1904
95 0.1869
96 0.1841
97 0.1915
98 0.1902
99 0.1955
100 0.186
101 0.1926
102 0.1861
103 0.1917
104 0.1913
105 0.1912
106 0.1924
107 0.1878
108 0.1924
109 0.192
110 0.1954
