0 1.0 0.0 74226772
1 -0.15699819350779723 1.235322533975272 119883717
2 -0.10103559990560632 1.4797957193096152 59326000
3 -0.361345113992272 2.1515578104050452 36272108
4 -0.4944110707248598 2.507227764778648 21354627
5 -0.647832499567297 2.916757058799757 12531693
6 -0.7758639063512442 3.2320375148141762 7366163
7 -0.9243813197699966 3.6866131136027818 4353501
8 -1.0477939382768922 4.056025575482492 2582566
9 -1.1887094516512313 4.561852243194672 1535975
10 -1.307084554264054 4.997784161635643 913579
11 -1.4232619673238114 5.568748327905252 544984
12 -1.5450907027739869 6.066248459498495 326065
13 -1.6552038656848729 6.695819985925644 195153
14 -1.7577532971826408 7.2440158627099756 116918
15 -1.8452823126313669 7.855320160862524 69462
16 -1.981098430813124 8.568663177657903 42060
17 -2.0695025291751303 9.382392085339985 25107
18 -2.200913846765115 10.2111401489243 15101
19 -2.2738255033557047 11.153878654114896 8940
20 -2.400816478010763 11.811140546946884 5389
21 -2.415980481854224 12.374688204559833 3279
22 -2.510438413361169 13.167427573973063 1916
23 -2.384548611111111 14.104726532359196 1152
24 -2.3972602739726026 13.592869206230018 730
25 -2.9302325581395348 18.66024878312597 430
26 -3.10727969348659 19.758606009894173 261
27 -2.782608695652174 15.052119902781527 161
28 -2.8969072164948453 17.123392496545872 97
29 -2.689655172413793 13.558858501783593 58
30 -3.7560975609756095 11.160023795359903 41
31 -2.0555555555555554 15.941358024691361 18
32 -5.416666666666667 44.40972222222223 12
33 -1.7142857142857142 11.63265306122449 7
34 -0.8333333333333334 0.8055555555555555 6
35 -1.0 0.0 1
36 -16.0 0.0 1
