0 0.0
1 0.0
2 0.0051
3 0.0049
4 0.0058
5 0.0085
6 0.012
7 0.0
8 0.0
9 0.0
10 0.0158
11 0.0048
12 0.0048
13 0.0079
14 0.0083
15 0.0
16 0.0
17 0.0008
18 0.0091
19 0.0024
20 0.0
21 0.0107
22 0.0
23 0.0
24 0.0221
25 0.0114
26 0.0032
27 0.0
28 0.0133
29 0.0392
30 0.0
31 0.0
32 0.0
33 0.0
34 0.0
35 0.004
36 0.0106
37 0.0126
38 0.0244
39 0.0059
40 0.0227
41 0.0
42 0.0
43 0.0068
44 0.0031
45 0.0025
46 0.0
47 0.0053
48 0.004
49 0.0016
50 0.0281
51 0.0095
52 0.0021
53 0.0101
54 0.0083
55 0.0062
56 0.0032
57 0.0026
58 0.0
59 0.0
60 0.0
61 0.0072
62 0.0124
63 0.015
64 0.0
65 0.0134
66 0.007
67 0.0123
68 0.0
69 0.0
70 0.0119
71 0.0175
72 0.0067
73 0.0254
74 0.0172
75 0.0094
76 0.0
77 0.0059
78 0.0055
79 0.0
80 0.0
81 0.0
82 0.0
83 0.0
84 0.0167
85 0.0065
86 0.0
87 0.0061
88 0.0098
89 0.0
90 0.0
91 0.0
92 0.0
93 0.0217
94 0.0205
95 0.0
96 0.0035
97 0.0064
98 0.0
99 0.0363
100 0.0
101 0.0069
102 0.0177
103 0.0103
104 0.0
105 0.0152
106 0.0072
107 0.0
108 0.0101
109 0.0158
110 0.0
