-36 1
-35 2
-34 1
-33 0
-32 1
-31 1
-30 0
-29 2
-28 2
-27 4
-26 6
-25 8
-24 14
-23 21
-22 40
-21 46
-20 75
-19 119
-18 132
-17 269
-16 365
-15 603
-14 864
-13 1198
-12 1917
-11 2956
-10 4537
-9 7113
-8 11342
-7 18041
-6 30138
-5 51209
-4 90704
-3 172343
-2 368042
-1 895442
0 3420561
1 1099858400
2 3873390
3 573608
4 270545
5 144060
6 80511
7 46546
8 27985
9 17076
10 10539
11 6740
12 4314
13 2759
14 1802
15 1202
16 779
17 532
18 361
19 234
20 177
21 107
22 86
23 45
24 35
25 9
26 10
27 9
28 4
29 4
30 4
31 6
32 1
33 1
