-273 1
-272 0
-271 0
-270 0
-269 0
-268 0
-267 0
-266 0
-265 0
-264 0
-263 0
-262 0
-261 0
-260 0
-259 0
-258 0
-257 0
-256 0
-255 0
-254 0
-253 0
-252 0
-251 0
-250 0
-249 0
-248 0
-247 0
-246 0
-245 0
-244 0
-243 0
-242 0
-241 0
-240 0
-239 0
-238 0
-237 0
-236 0
-235 0
-234 0
-233 0
-232 0
-231 0
-230 0
-229 0
-228 0
-227 0
-226 0
-225 0
-224 0
-223 0
-222 0
-221 0
-220 0
-219 0
-218 0
-217 0
-216 0
-215 0
-214 0
-213 0
-212 1
-211 0
-210 0
-209 0
-208 0
-207 0
-206 0
-205 0
-204 0
-203 0
-202 0
-201 0
-200 0
-199 0
-198 0
-197 0
-196 0
-195 1
-194 0
-193 0
-192 0
-191 1
-190 0
-189 0
-188 0
-187 0
-186 2
-185 0
-184 1
-183 2
-182 0
-181 1
-180 0
-179 1
-178 3
-177 4
-176 1
-175 0
-174 3
-173 1
-172 1
-171 2
-170 3
-169 2
-168 2
-167 1
-166 4
-165 1
-164 3
-163 0
-162 1
-161 6
-160 2
-159 4
-158 3
-157 2
-156 2
-155 3
-154 2
-153 0
-152 7
-151 4
-150 4
-149 3
-148 2
-147 3
-146 5
-145 3
-144 2
-143 7
-142 1
-141 8
-140 8
-139 6
-138 11
-137 8
-136 9
-135 8
-134 11
-133 6
-132 7
-131 13
-130 7
-129 6
-128 7
-127 13
-126 13
-125 15
-124 9
-123 8
-122 15
-121 17
-120 15
-119 14
-118 11
-117 18
-116 26
-115 7
-114 11
-113 23
-112 25
-111 24
-110 20
-109 26
-108 21
-107 25
-106 29
-105 31
-104 37
-103 30
-102 39
-101 41
-100 37
-99 40
-98 46
-97 39
-96 41
-95 52
-94 54
-93 57
-92 47
-91 45
-90 57
-89 58
-88 60
-87 66
-86 68
-85 94
-84 77
-83 88
-82 82
-81 93
-80 101
-79 106
-78 111
-77 108
-76 147
-75 119
-74 134
-73 136
-72 155
-71 152
-70 177
-69 174
-68 193
-67 232
-66 205
-65 220
-64 268
-63 259
-62 271
-61 324
-60 324
-59 357
-58 373
-57 377
-56 402
-55 443
-54 516
-53 507
-52 568
-51 572
-50 648
-49 732
-48 786
-47 840
-46 918
-45 1024
-44 1083
-43 1136
-42 1325
-41 1417
-40 1534
-39 1711
-38 1900
-37 2002
-36 2299
-35 2449
-34 2666
-33 2985
-32 3261
-31 3880
-30 4228
-29 4731
-28 5417
-27 6189
-26 6848
-25 7825
-24 9062
-23 10404
-22 12090
-21 13947
-20 16573
-19 19563
-18 23249
-17 27854
-16 33978
-15 41628
-14 51987
-13 65347
-12 83325
-11 108572
-10 145674
-9 199870
-8 284322
-7 418995
-6 652930
-5 1084802
-4 1979271
-3 4140005
-2 10804007
-1 32568161
0 244120263
1 1626009187
2 244123001
3 32568134
4 10806815
5 4135596
6 1979722
7 1083903
8 653091
9 418498
10 284060
11 199750
12 145584
13 108700
14 83531
15 65459
16 51972
17 41271
18 34003
19 27948
20 23061
21 19521
22 16410
23 14172
24 12107
25 10398
26 8761
27 7761
28 6948
29 6011
30 5187
31 4730
32 4357
33 3732
34 3301
35 3007
36 2854
37 2486
38 2229
39 2041
40 1839
41 1718
42 1490
43 1395
44 1272
45 1161
46 1037
47 987
48 937
49 848
50 800
51 757
52 677
53 657
54 604
55 488
56 511
57 420
58 378
59 392
60 369
61 336
62 347
63 297
64 273
65 285
66 238
67 241
68 213
69 221
70 187
71 162
72 166
73 157
74 144
75 136
76 144
77 147
78 136
79 123
80 108
81 100
82 96
83 84
84 82
85 85
86 103
87 71
88 67
89 68
90 69
91 66
92 45
93 63
94 48
95 49
96 42
97 46
98 40
99 41
100 44
101 48
102 37
103 37
104 28
105 27
106 36
107 34
108 28
109 27
110 29
111 22
112 32
113 17
114 18
115 20
116 19
117 13
118 20
119 11
120 16
121 16
122 15
123 11
124 18
125 15
126 13
127 18
128 8
129 12
130 9
131 8
132 6
133 10
134 11
135 9
136 5
137 5
138 3
139 2
140 5
141 7
142 7
143 4
144 3
145 7
146 5
147 6
148 6
149 2
150 9
151 4
152 3
153 2
154 4
155 4
156 3
157 1
158 3
159 3
160 1
161 3
162 1
163 4
164 4
165 5
166 1
167 3
168 1
169 3
170 2
171 1
172 1
173 0
174 3
175 1
176 1
177 0
178 1
179 2
180 1
181 3
182 3
183 2
184 0
185 1
186 1
187 3
188 0
189 0
190 0
191 2
192 0
193 0
194 1
195 0
196 1
197 0
198 1
199 1
200 0
201 0
202 0
203 0
204 0
205 1
206 0
207 0
208 2
209 0
210 0
211 0
212 0
213 0
214 0
215 0
216 0
217 0
218 1
