0 727148
1 65380
2 17644
3 9871
4 5869
5 3907
6 2658
7 1974
8 1370
9 1045
10 852
11 656
12 560
13 485
14 379
15 324
16 264
17 241
18 196
19 164
20 146
21 123
22 126
23 114
24 83
25 93
26 86
27 72
28 58
29 51
30 55
31 49
32 46
33 50
34 39
35 39
36 40
37 35
38 24
39 24
40 25
41 20
42 23
43 18
44 22
45 21
46 17
47 13
48 12
49 15
50 9
51 24
52 13
53 9
54 13
55 8
56 8
57 10
58 7
59 14
60 6
61 16
62 11
63 11
64 7
65 5
66 2
67 7
68 6
69 11
70 3
71 8
72 5
73 7
74 5
75 3
76 4
77 3
78 5
79 4
80 6
81 6
82 6
83 3
84 6
85 1
86 5
87 2
88 7
89 2
90 2
91 1
92 5
93 3
94 1
95 4
96 2
97 5
98 4
99 3
100 5
101 3
102 0
103 3
104 2
105 3
106 3
107 3
108 0
109 1
110 2
111 3
112 2
113 1
114 1
115 2
116 2
117 3
118 1
119 2
120 2
121 1
122 1
123 1
124 2
125 1
126 0
127 1
128 0
129 1
130 1
131 1
132 4
133 2
134 0
135 1
136 1
137 0
138 4
139 1
140 0
141 1
142 0
143 1
144 1
145 0
146 0
147 0
148 1
149 1
150 1
151 1
152 1
153 1
154 0
155 2
156 2
157 0
158 0
159 3
160 0
161 0
162 1
163 0
164 1
165 2
166 0
167 1
168 0
169 0
170 1
171 2
172 2
173 1
174 0
175 0
176 1
177 0
178 1
179 0
180 1
181 1
182 1
183 0
184 1
185 0
186 0
187 0
188 0
189 1
190 2
191 0
192 0
193 1
194 0
195 2
196 0
197 1
198 0
199 0
200 0
201 1
202 1
203 0
204 0
205 0
206 0
207 0
208 2
209 0
210 0
211 1
212 0
213 1
214 1
215 1
216 1
217 0
218 0
219 1
220 1
221 1
222 0
223 0
224 0
225 0
226 0
227 0
228 1
229 0
230 0
231 1
232 1
233 0
234 0
235 0
236 2
237 0
238 1
239 0
240 0
241 0
242 0
243 0
244 2
245 0
246 0
247 1
248 0
249 0
250 0
251 0
252 0
253 0
254 1
255 0
256 0
257 0
258 1
259 0
260 0
261 0
262 1
263 0
264 0
265 0
266 0
267 1
268 0
269 0
270 0
271 0
272 1
273 0
274 0
275 0
276 0
277 0
278 0
279 0
280 0
281 1
282 0
283 0
284 0
285 1
286 1
287 0
288 1
289 0
290 1
291 0
292 0
293 0
294 1
295 0
296 0
297 1
298 0
299 0
300 1
301 0
302 0
303 0
304 1
305 0
306 1
307 0
308 0
309 0
310 0
311 0
312 1
313 0
314 0
315 0
316 1
317 0
318 0
319 0
320 0
321 1
322 0
323 0
324 2
325 1
326 0
327 1
328 0
329 0
330 0
331 0
332 0
333 0
334 0
335 0
336 0
337 0
338 0
339 1
340 1
341 0
342 0
343 1
344 0
345 0
346 0
347 0
348 0
349 0
350 0
351 0
352 0
353 0
354 0
355 0
356 1
357 0
358 0
359 0
360 0
361 0
362 0
363 0
364 0
365 0
366 0
367 0
368 0
369 0
370 0
371 0
372 0
373 1
374 0
375 1
376 0
377 0
378 1
379 0
380 0
381 0
382 0
383 0
384 0
385 0
386 0
387 0
388 0
389 1
390 0
391 0
392 0
393 0
394 0
395 0
396 0
397 0
398 0
399 0
400 0
401 1
402 0
403 0
404 0
405 0
406 0
407 0
408 0
409 0
410 0
411 0
412 0
413 1
414 0
415 0
416 0
417 0
418 0
419 0
420 0
421 0
422 0
423 0
424 0
425 1
426 0
427 0
428 0
429 0
430 0
431 0
432 0
433 0
434 0
435 0
436 0
437 0
438 0
439 0
440 0
441 0
442 0
443 0
444 0
445 0
446 0
447 0
448 0
449 0
450 0
451 1
452 0
453 0
454 0
455 0
456 0
457 0
458 0
459 1
460 0
461 0
462 0
463 0
464 0
465 0
466 0
467 0
468 0
469 0
470 0
471 0
472 1
473 0
474 0
475 0
476 0
477 0
478 0
479 0
480 0
481 0
482 0
483 0
484 0
485 0
486 0
487 0
488 0
489 0
490 0
491 0
492 0
493 0
494 0
495 0
496 0
497 0
498 0
499 1
500 0
501 0
502 0
503 0
504 0
505 0
506 0
507 0
508 0
509 0
510 0
511 0
512 0
513 0
514 0
515 0
516 0
517 0
518 0
519 0
520 0
521 0
522 0
523 0
524 0
525 0
526 0
527 0
528 0
529 0
530 0
531 0
532 0
533 0
534 0
535 0
536 0
537 0
538 0
539 0
540 0
541 0
542 0
543 0
544 0
545 0
546 0
547 0
548 0
549 0
550 0
551 0
552 0
553 0
554 0
555 0
556 0
557 0
558 0
559 0
560 0
561 0
562 0
563 0
564 0
565 0
566 0
567 0
568 0
569 0
570 0
571 0
572 0
573 0
574 0
575 0
576 0
577 0
578 0
579 0
580 0
581 0
582 0
583 0
584 0
585 0
586 0
587 1
588 0
589 0
590 0
591 0
592 0
593 0
594 0
595 0
596 0
597 0
598 0
599 0
600 0
601 0
602 0
603 0
604 0
605 0
606 0
607 0
608 0
609 0
610 0
611 0
612 0
613 0
614 0
615 0
616 0
617 0
618 0
619 0
620 0
621 0
622 0
623 0
624 0
625 0
626 0
627 0
628 0
629 0
630 0
631 0
632 0
633 0
634 0
635 0
636 0
637 1
638 0
639 0
640 0
641 0
642 0
643 0
644 1
645 0
646 0
647 0
648 0
649 0
650 0
651 0
652 0
653 0
654 0
655 0
656 0
657 0
658 0
659 0
660 0
661 0
662 0
663 0
664 0
665 0
666 0
667 0
668 0
669 0
670 0
671 0
672 0
673 0
674 0
675 0
676 0
677 0
678 0
679 0
680 1
681 0
682 0
683 0
684 0
685 0
686 0
687 0
688 0
689 0
690 0
691 0
692 0
693 0
694 0
695 0
696 0
697 0
698 0
699 0
700 0
701 0
702 0
703 0
704 0
705 0
706 0
707 0
708 0
709 0
710 0
711 0
712 0
713 0
714 0
715 0
716 0
717 0
718 0
719 0
720 0
721 1
722 0
723 0
724 0
725 1
726 0
727 0
728 0
729 0
730 0
731 0
732 0
733 0
734 0
735 0
736 0
737 0
738 0
739 0
740 0
741 0
742 0
743 0
744 0
745 0
746 0
747 0
748 0
749 0
750 0
751 0
752 0
753 0
754 0
755 0
756 0
757 0
758 0
759 0
760 0
761 0
762 0
763 0
764 0
765 0
766 0
767 0
768 0
769 0
770 0
771 0
772 0
773 0
774 0
775 0
776 0
777 0
778 0
779 0
780 0
781 0
782 0
783 1
784 0
785 0
786 0
787 0
788 0
789 0
790 0
791 0
792 0
793 0
794 0
795 0
796 0
797 0
798 0
799 0
800 0
801 0
802 1
803 0
804 0
805 0
806 0
807 0
808 0
809 0
810 0
811 0
812 0
813 0
814 0
815 0
816 0
817 0
818 0
819 0
820 0
821 0
822 1
823 0
824 0
825 0
826 1
827 0
828 0
829 0
830 0
831 0
832 0
833 0
834 0
835 0
836 0
837 0
838 0
839 0
840 0
841 0
842 0
843 0
844 0
845 0
846 0
847 0
848 0
849 0
850 0
851 0
852 0
853 0
854 0
855 0
856 0
857 0
858 0
859 0
860 0
861 1
