2 0.8346659261045937
3 0.7996896665347579
4 0.7742455290296949
5 0.7552529279505329
6 0.7391453396246231
7 0.7264427577898948
8 0.715359050734991
9 0.7059558601339403
10 0.6967022930370621
11 0.689950252699865
12 0.6822815643644878
13 0.6766646470206997
14 0.6702090229280657
15 0.6653129537492616
16 0.6608743013949552
17 0.6558779934370853
18 0.6528264951514273
19 0.6475324980798074
20 0.6453601385878102
21 0.640942445626546
22 0.6381016870248796
23 0.634099960398407
24 0.6314031224348046
25 0.6294353684799796
26 0.6252807129778739
27 0.6253905542736967
28 0.6229310071758385
29 0.6201308070863628
30 0.6171251452925223
31 0.6159226565783943
32 0.6147680988043621
33 0.6123707963313437
34 0.6098576157367079
35 0.6107355225095958
36 0.6082140766779506
37 0.6068977727417585
38 0.605198351384184
39 0.6024403223354112
40 0.601008950110403
41 0.5991381584019412
42 0.598173247401457
43 0.5952969435354731
44 0.5949535968088261
45 0.595557247089839
46 0.5966350075609768
47 0.5924725957125114
48 0.5938963109460769
49 0.5913906702068744
50 0.5902914071166482
51 0.5889085036262973
52 0.5886809992887824
53 0.588325079904287
54 0.5858763889298241
55 0.5859534158299128
56 0.5854668163703438
57 0.5831916459422423
58 0.5825419039869812
59 0.5813151776818333
60 0.5824116701626304
61 0.5799398152663036
62 0.5784135203573563
63 0.579019033888185
64 0.5755320498943738
65 0.579207958559342
66 0.5784729668826829
67 0.5765531109721244
68 0.5736862040342663
69 0.5739328766220934
70 0.5733436496055708
71 0.5750757433114805
72 0.5723457741729221
73 0.5721420643729189
74 0.5751806181758923
75 0.5684653817382551
76 0.5707085429498331
77 0.5687371830500029
78 0.5674092586445907
79 0.5699651264167394
80 0.5705526430093841
81 0.5684908278094651
82 0.5673928055747379
83 0.566774966711052
84 0.5651286948218238
85 0.5693331567445864
86 0.5656880506824805
87 0.5666260074554553
88 0.5641898148148148
89 0.5642298170896249
90 0.5623579528552219
91 0.5665734045516757
92 0.5655308074822535
93 0.5621893014318478
94 0.5628590867856063
95 0.5639990833630392
96 0.5580495557697819
97 0.564914368842161
98 0.5611142921821112
99 0.5622260520280631
100 0.5601890006043624
101 0.5590685661917854
102 0.5587273059155562
103 0.5576022389764679
104 0.5561140001743122
105 0.5603450818463354
106 0.5594162716513132
107 0.5563959720397965
108 0.5568916393492847
109 0.5574391174958321
110 0.5579521664657743
111 0.5607276193502264
112 0.5575354057894653
113 0.5556813037573562
114 0.5560857231869086
115 0.5575298086236264
116 0.5564047128228334
117 0.5574781594822488
118 0.5519250816002187
119 0.5550383018638503
120 0.5546988549753624
121 0.5551214116219736
122 0.5551108319124114
123 0.5500453473607836
124 0.5542683488350677
125 0.5532188841201717
126 0.5487932245874556
127 0.5542419894787183
128 0.551889968260075
129 0.5513870029097964
130 0.553947523238028
131 0.5500109302649099
132 0.5494057656789528
133 0.5518387194813089
134 0.5497845316398277
135 0.5521430064812879
136 0.5510414475068378
137 0.5519184728490011
138 0.5494643579749963
139 0.5495830272652638
140 0.548887227304715
141 0.551788284796811
142 0.5497976794616709
143 0.5460893854748603
144 0.5477540938614949
145 0.5505316095253404
146 0.5459498307599573
147 0.5501141901914157
148 0.5454588660234779
149 0.5475442843788202
150 0.5468901610712207
151 0.5467676546986139
152 0.5495873821963964
153 0.5483089997282542
154 0.5433260558608748
155 0.5453321136352086
156 0.5455724530797009
157 0.5440598257651684
158 0.5433922243203394
159 0.5463582190533192
160 0.5437251260281242
161 0.5477612343610668
162 0.5493967429529838
163 0.543852071804562
164 0.546615129161336
165 0.5454169766096372
166 0.5457303370786517
167 0.5476197251230686
168 0.5457320552322265
169 0.5459738611119125
170 0.5438985736925515
171 0.5420184022199503
172 0.5414978859288607
173 0.5431376080691642
174 0.5452819384587565
175 0.5448432530667878
176 0.5434107110217511
177 0.5457256155666902
178 0.5480469833831736
179 0.5405413795244304
180 0.5436905436905437
181 0.5422681069368767
182 0.5413982113664776
183 0.5399817672722537
184 0.5424015382575256
185 0.5465790877567351
186 0.5441357511229413
187 0.5449298437655488
188 0.5428552408214892
189 0.5426941104544528
190 0.5439483958580886
191 0.5385247585781796
192 0.5402251082251083
193 0.5441844219350331
194 0.5445675656840198
195 0.5389355742296918
196 0.5455537946821624
197 0.5383136305369606
198 0.5385109343227141
199 0.5394675552689097
200 0.5391522988505747
201 0.534425747666985
202 0.5422793436793956
203 0.54280422300426
204 0.5418790697674418
205 0.5381612043398281
206 0.5350923884115276
207 0.5354751306367331
208 0.5372185841050877
209 0.5421326498912706
210 0.5428692863490592
211 0.5395265395265395
212 0.5393699242810625
213 0.5300258983489803
214 0.5397933766180735
215 0.53808122905941
216 0.5398108479508528
217 0.5376906668813136
218 0.5347016590272989
219 0.5400768036604298
220 0.5397022332506204
221 0.5376947040498442
222 0.5392858620546982
223 0.5356093054505753
224 0.5401934765859088
225 0.5435627910951587
226 0.5363227939306603
227 0.537835145319877
228 0.5423090399439383
229 0.5341108383023501
230 0.5348102673606477
231 0.5342207879521312
232 0.5331530313274735
233 0.5340600687533924
234 0.5346108004034107
235 0.5367568817950498
236 0.5421133231240429
237 0.5346668531729379
238 0.5331613508442776
239 0.5364368677407269
240 0.5290692169302149
241 0.5295223405793609
242 0.5359907678992162
243 0.5335209081206946
244 0.5334796391124116
245 0.5344734118574738
246 0.5328286576616694
247 0.5359033998119463
248 0.5339543269230769
249 0.5380797192278767
250 0.5394604893702367
251 0.5361
252 0.5317830251498233
253 0.5350380237840044
254 0.5338651569737519
255 0.5393729304635762
256 0.5336822468649601
257 0.540520871237719
258 0.5327107625632029
259 0.535956862135117
260 0.5338057742782152
261 0.536184038149138
262 0.5294782749151995
263 0.5374528765776102
264 0.5368541655300344
265 0.5270517729315798
266 0.5409918463085
267 0.5326503039855889
268 0.5317531809480914
269 0.5352112676056338
270 0.5366659075381462
271 0.5350650840071105
272 0.5398854630647307
273 0.5313477807393673
274 0.5349636098981078
275 0.5352309846010266
276 0.5356957349800889
277 0.5310607371517564
278 0.5273373746794124
279 0.527296082209377
280 0.5288969810877482
281 0.531699773997859
282 0.5362535059974936
283 0.534167468719923
284 0.5271181293653204
285 0.5336080191870118
286 0.5356241147853932
287 0.5442705072010019
288 0.5365928470645973
289 0.5301021649233764
290 0.5367077628399728
291 0.5298195216386686
292 0.5394417852924722
293 0.5274156322125881
294 0.5337284075148153
295 0.5322344555463628
296 0.5259703014466892
297 0.5323768902675455
298 0.5296670553180464
299 0.5292933229410236
300 0.5349973931178311
301 0.5357419855222337
302 0.5238064051345864
303 0.5246043934032183
304 0.5242278840305468
305 0.5322908204711616
306 0.5304371326261739
307 0.5377478991596638
308 0.5337180433469771
309 0.5371990505256019
310 0.5282771017699115
311 0.536558396682792
312 0.5304468306200207
313 0.5254522507362221
314 0.523307319130985
315 0.533493329568716
316 0.5294863665187064
317 0.5276117791057672
318 0.529141439929973
319 0.5229046987774341
320 0.5340415980846925
321 0.5390128565095316
322 0.5322011468901632
323 0.5340875697913605
324 0.5265661592505855
325 0.5370908819801685
326 0.5303245057814249
327 0.5320757541732165
328 0.5241218151665913
329 0.5402519588262406
330 0.5333025688355637
331 0.5364341085271318
332 0.5307202577280049
333 0.5342224266114816
334 0.5333740644570032
335 0.5333027803238619
336 0.5367490088441598
337 0.535202682109113
338 0.5329098423388948
339 0.523680334857763
340 0.5255046158660617
341 0.5274373147480573
342 0.532069970845481
343 0.537679186353808
344 0.5263157894736842
345 0.5315836661504605
346 0.5301165271623174
347 0.5295663600525624
348 0.5388512133344228
349 0.5308510638297872
350 0.5281707619756764
351 0.5266583229036296
352 0.5307743769861181
353 0.528300280874968
354 0.5336652041849477
355 0.521808555340785
356 0.5329618516930991
357 0.5284974093264249
358 0.5267719238029861
359 0.5293562231759656
360 0.5313008478205018
361 0.5270767388142699
362 0.5329826679313615
363 0.5229302123970524
364 0.5337156760514424
365 0.5302819352593108
366 0.5199646643109541
367 0.5273534635879219
368 0.5262401150251618
369 0.5268073641670409
370 0.5231751824817519
371 0.5248265790434465
372 0.526920249908122
373 0.5308641975308642
374 0.5214975405356167
375 0.5336538461538461
376 0.5281065088757396
377 0.5341141476110801
378 0.5279370952821462
379 0.5276433358153388
380 0.5283336450345988
381 0.524179047979559
382 0.5322793148880105
383 0.5288262910798122
384 0.5257207461842849
385 0.5228726497383214
386 0.5257407225120583
387 0.5266488677939286
388 0.5397214593958415
389 0.5322549585981129
390 0.5286790266512167
391 0.5250536166894132
392 0.5180819180819181
393 0.5276042716099134
394 0.5237361282367448
395 0.5323331608898086
396 0.534357316087308
397 0.5189797148021691
398 0.5349397590361445
399 0.526772360155549
400 0.5261331155573703
401 0.5236625514403292
402 0.5335813184542261
403 0.5239110569600974
404 0.5302767282752987
405 0.5241793517655586
406 0.5229425384129657
407 0.5306863059024443
408 0.5266617194953885
409 0.5326177573989163
410 0.5245041452408438
411 0.5239102835378756
412 0.5184712019589056
413 0.5277185501066098
414 0.523625843780135
415 0.5201928227102303
416 0.5253104106972302
417 0.5243720732226479
418 0.5225293042262609
419 0.5225715218100729
420 0.5246009906439185
421 0.529626758223502
422 0.5231094776701192
423 0.5300065948560123
424 0.5198944823038031
425 0.5232876712328767
426 0.514610751728753
427 0.5218274111675127
428 0.5285746555229275
429 0.5245864232743868
430 0.5333409715857012
431 0.532942238267148
432 0.5244494635798984
433 0.5187098255280074
434 0.531712962962963
435 0.526584629672626
436 0.5297434127258083
437 0.5162009861469828
438 0.5330222541277818
439 0.5320397652413462
440 0.5274569879802027
441 0.5223230062433738
442 0.5233745943997116
443 0.5201842647593647
444 0.5366456556667902
445 0.519719648372535
446 0.5223810086217078
447 0.5305232558139535
448 0.5312080127030658
449 0.527503015681544
450 0.5187914517317612
451 0.5278350515463918
452 0.5345693779904306
453 0.5183290707587382
454 0.5293401509617726
455 0.5187692307692308
456 0.5240029542097489
457 0.531593071480849
458 0.5182437363171978
459 0.5135337408007983
460 0.5217773314924061
461 0.5193650793650794
462 0.5211603666959689
463 0.5280415242435751
464 0.529969650986343
465 0.5229148152850069
466 0.5219062259800153
467 0.5309265010351967
468 0.5309165702532459
469 0.5283893395133256
470 0.5378836113587164
471 0.5252281947261663
472 0.5230966090850928
473 0.5192681977423121
474 0.5210313842948301
475 0.5268092974115162
476 0.521876647337902
477 0.5261946663056721
478 0.5259437108176604
479 0.5270982565211515
480 0.5263802012510198
481 0.536871961102107
482 0.526998411858126
483 0.5226541554959786
484 0.5186074429771909
485 0.5212751402380627
486 0.5245283018867924
487 0.5212187159956474
488 0.5243513251005967
489 0.5319932049830125
490 0.5221724685829843
491 0.5260180995475113
492 0.5145839290820704
493 0.5313359386307714
494 0.5291492730675111
495 0.5378257214906136
496 0.5257645580226226
497 0.5279302096524553
498 0.5283908292264838
