-138 1
-137 1
-136 0
-135 0
-134 0
-133 0
-132 0
-131 0
-130 0
-129 0
-128 0
-127 0
-126 0
-125 0
-124 0
-123 1
-122 0
-121 0
-120 0
-119 0
-118 0
-117 0
-116 1
-115 1
-114 1
-113 1
-112 0
-111 2
-110 0
-109 3
-108 1
-107 2
-106 0
-105 2
-104 1
-103 1
-102 1
-101 2
-100 2
-99 6
-98 1
-97 1
-96 4
-95 7
-94 12
-93 6
-92 6
-91 6
-90 8
-89 11
-88 9
-87 6
-86 11
-85 15
-84 16
-83 14
-82 17
-81 19
-80 19
-79 19
-78 14
-77 27
-76 31
-75 38
-74 33
-73 37
-72 43
-71 44
-70 42
-69 57
-68 64
-67 64
-66 88
-65 80
-64 100
-63 98
-62 134
-61 120
-60 158
-59 167
-58 181
-57 198
-56 240
-55 264
-54 325
-53 324
-52 405
-51 443
-50 505
-49 539
-48 629
-47 734
-46 793
-45 935
-44 966
-43 1168
-42 1267
-41 1479
-40 1689
-39 1864
-38 2142
-37 2449
-36 2765
-35 3111
-34 3582
-33 4072
-32 4650
-31 5263
-30 6099
-29 7005
-28 8161
-27 9342
-26 10525
-25 12264
-24 14376
-23 16623
-22 19295
-21 22596
-20 26109
-19 31173
-18 36889
-17 43326
-16 51954
-15 61978
-14 75145
-13 91456
-12 111517
-11 138848
-10 173628
-9 221605
-8 289390
-7 385676
-6 535556
-5 781450
-4 1242470
-3 2317294
-2 5588113
-1 29018855
0 1027218074
1 32128277
2 3577335
3 1671767
4 1022504
5 684845
6 484183
7 357117
8 271091
9 209933
10 166332
11 133283
12 107643
13 88276
14 71983
15 60619
16 50357
17 42771
18 35939
19 30260
20 25683
21 22267
22 18863
23 16187
24 14020
25 12086
26 10605
27 9291
28 8050
29 6870
30 5937
31 5334
32 4579
33 3979
34 3539
35 2977
36 2665
37 2404
38 2153
39 1834
40 1591
41 1436
42 1289
43 1211
44 1022
45 911
46 815
47 712
48 622
49 550
50 489
51 438
52 368
53 346
54 321
55 276
56 223
57 207
58 212
59 173
60 166
61 137
62 126
63 109
64 94
65 87
66 68
67 64
68 67
69 46
70 63
71 38
72 44
73 48
74 30
75 27
76 34
77 28
78 18
79 13
80 20
81 24
82 12
83 19
84 16
85 8
86 4
87 8
88 14
89 4
90 6
91 4
92 5
93 3
94 2
95 6
96 2
97 1
98 4
99 1
100 3
101 0
102 2
103 3
104 2
105 2
106 0
107 2
108 1
109 1
110 1
111 1
112 2
113 0
114 0
115 1
116 3
117 0
118 0
119 0
120 1
121 0
122 1
123 0
124 2
125 0
126 0
127 0
128 0
129 0
130 2
