2 0.6175950496431201
3 0.5980324168841201
4 0.5843970541178084
5 0.5741961962781289
6 0.5647934516156323
7 0.5574245446632146
8 0.551049787922747
9 0.5458075861647493
10 0.5409651838502075
11 0.5368467052616386
12 0.5335757034259391
13 0.529861926194283
14 0.5271424249375138
15 0.5246144505160899
16 0.5230444816996477
17 0.5202256696536822
18 0.5176726842381796
19 0.5170105060204372
20 0.5155899856794353
21 0.513949999542623
22 0.51276826017373
23 0.511144872675751
24 0.5094580322125118
25 0.5090352299486075
26 0.5082116107700527
27 0.5067959447114642
28 0.5055660202308726
29 0.504541997433094
30 0.504494724675367
31 0.503221540414727
32 0.5021284603161328
33 0.5015189698368634
34 0.5019274844080002
35 0.5005700153912334
36 0.5004288717492983
37 0.49999819654096556
38 0.49930008482667587
39 0.4989004524253078
40 0.4989378298885616
41 0.49728775100490596
42 0.49773219123673035
43 0.49701052569623605
44 0.49618105981071675
45 0.4947922043346681
46 0.4946424491660955
47 0.49459519479506153
48 0.49611880701732286
49 0.4937105152787089
50 0.4946310004680755
51 0.49367356315133126
52 0.49207691895491884
53 0.49232729889562954
54 0.4927827832894648
55 0.4909468501060518
56 0.49276504465014337
57 0.49127708906241574
58 0.4918002370767407
59 0.4912914727093256
60 0.4905934986974742
61 0.48977551360487537
62 0.4902548913009517
63 0.48946303522394335
64 0.4892044242244874
65 0.4898506901241355
66 0.49056446352452177
67 0.4904720418184698
68 0.4890775896282577
69 0.48718574141505655
70 0.4881907777340569
71 0.48617958340971146
72 0.48824352836160023
73 0.48819883686377724
74 0.48672823307389085
75 0.486934383140227
76 0.4884669079947122
77 0.4855822001833701
78 0.4861345682375375
79 0.4894109626010255
80 0.4889461830251304
81 0.4880403502800384
82 0.4824547086665579
83 0.48818260120585705
84 0.48581939435675325
85 0.4847157395363073
86 0.48497114459762747
87 0.48677337472990834
88 0.4858529941566715
89 0.49028363139309716
90 0.4833205887975531
91 0.4844900635529103
92 0.48556183301946015
93 0.47977432695204447
94 0.48693862166942103
95 0.4858892358058747
96 0.4837983512999366
97 0.483095995979226
98 0.4846821321055428
99 0.4834366238748709
100 0.48075650854185314
101 0.4907554146856841
102 0.4842676617759308
103 0.4898357745228584
104 0.48230292948895664
105 0.48501335924216665
106 0.4774705972201008
107 0.49141873352343035
108 0.48406676783004554
109 0.48635176833610255
110 0.4816516609748525
111 0.4801322314049587
112 0.485967095257846
113 0.48256946950559365
114 0.4788635319344463
115 0.48418907905460473
116 0.4883151944655362
117 0.485089637079143
118 0.48147463734639195
119 0.4910339565051507
120 0.4796586624330224
121 0.484375
122 0.48401976935749585
123 0.47084836494821364
124 0.47875354107648727
125 0.48282144716293596
126 0.4860402684563758
127 0.48771929824561405
128 0.48799079534014095
129 0.4732628398791541
130 0.4817402349952366
131 0.48010610079575594
132 0.4708976157082749
133 0.4752994011976048
134 0.4767832444180992
135 0.4844897959183673
136 0.4795064826432455
137 0.47587574355584933
138 0.4786184210526316
139 0.48838358872960946
140 0.49047981721249045
141 0.4728786251342642
142 0.47667638483965014
143 0.4816770186335404
144 0.4851517107811491
145 0.49542184434270764
146 0.4805460750853242
147 0.47921225382932164
148 0.4950980392156863
149 0.48996138996138994
150 0.4856015779092702
151 0.4719665271966527
152 0.4740376007162041
153 0.4858648778150455
154 0.4803262955854127
155 0.46118951612903225
156 0.4880889359449444
157 0.45255474452554745
158 0.4825090470446321
159 0.49210206561360875
160 0.4964901084875558
161 0.4932649134060295
162 0.4766101694915254
163 0.4793028322440087
164 0.4846041055718475
165 0.48538461538461536
166 0.505358615004122
167 0.48761742100768574
168 0.4713375796178344
169 0.4935185185185185
170 0.4685114503816794
171 0.44678609062170704
172 0.4941860465116279
173 0.4954128440366973
174 0.5083798882681564
175 0.44768856447688565
176 0.5305039787798409
177 0.4986842105263158
178 0.47545582047685836
179 0.5076452599388379
180 0.4728171334431631
181 0.4558058925476603
182 0.48404255319148937
183 0.46654275092936803
184 0.4389233954451346
185 0.4922048997772829
186 0.4927536231884058
187 0.4778225806451613
188 0.4911504424778761
189 0.5336134453781513
190 0.47572815533980584
191 0.4707112970711297
192 0.47586206896551725
193 0.4467005076142132
194 0.4572192513368984
195 0.49343832020997375
196 0.5
197 0.4905149051490515
198 0.447887323943662
199 0.484472049689441
200 0.4838709677419355
201 0.459546925566343
202 0.5144694533762058
203 0.46504559270516715
204 0.47719298245614034
205 0.46303501945525294
206 0.44541484716157204
207 0.5236051502145923
208 0.4351851851851852
209 0.5550239234449761
210 0.4481132075471698
211 0.489247311827957
212 0.5233160621761658
213 0.48936170212765956
214 0.4146341463414634
215 0.5
216 0.4722222222222222
217 0.49230769230769234
218 0.5317460317460317
219 0.44
220 0.4878048780487805
221 0.4166666666666667
222 0.5043478260869565
223 0.5
224 0.5137614678899083
225 0.5403225806451613
226 0.46017699115044247
227 0.42857142857142855
228 0.5444444444444444
229 0.5346534653465347
230 0.4222222222222222
231 0.5
232 0.5172413793103449
233 0.4805194805194805
234 0.3770491803278688
235 0.5333333333333333
236 0.5490196078431373
237 0.5344827586206896
238 0.46153846153846156
239 0.4810126582278481
240 0.4411764705882353
241 0.45454545454545453
242 0.5098039215686274
243 0.5
244 0.4883720930232558
245 0.47368421052631576
246 0.5675675675675675
247 0.41025641025641024
248 0.3333333333333333
249 0.45
250 0.4117647058823529
251 0.631578947368421
252 0.5666666666666667
253 0.34615384615384615
254 0.6190476190476191
255 0.5555555555555556
256 0.5714285714285714
257 0.5172413793103449
258 0.45161290322580644
259 0.4090909090909091
260 0.35294117647058826
261 0.3
262 0.0
263 0.8333333333333334
264 0.4
265 0.2857142857142857
266 0.4
267 0.5714285714285714
268 0.7692307692307693
269 0.35
270 0.625
271 0.46153846153846156
272 0.4090909090909091
273 0.47058823529411764
274 0.36363636363636365
275 0.6
276 0.5
277 0.5
278 0.8
279 0.5714285714285714
280 0.5714285714285714
281 0.2
282 0.6666666666666666
283 0.8
284 0.5
285 0.5
286 0.125
287 0.6666666666666666
288 0.6
289 0.42857142857142855
290 0.5
291 0.4
292 0.4166666666666667
293 0.14285714285714285
294 0.5
295 0.75
296 0.5555555555555556
297 0.5714285714285714
298 0.2857142857142857
299 0.5454545454545454
300 0.2222222222222222
301 0.42857142857142855
302 0.5
303 0.6666666666666666
304 0.4375
305 0.5
306 0.6
307 0.3333333333333333
308 0.5
309 0.6666666666666666
310 0.0
311 0.5
312 0.0
313 0
314 1.0
315 0.6666666666666666
316 0.6
317 0.2857142857142857
318 0.5
319 0.5
320 0.2857142857142857
321 0.4
322 0.8
323 0.2
324 0.6
325 0.4
326 0.0
327 0
328 0
329 0
330 0
331 0.5
332 0.0
333 0
334 0.0
335 0
336 0
337 0
338 0
339 0
340 0
341 0
342 0
343 0
344 0
345 0
346 0
347 0
348 0
349 0
350 0
351 0
352 0
353 0
354 0
355 0
356 0
357 0
358 0
359 0
360 0
361 0
362 0
363 0
364 0
365 0
366 0
367 0
368 0
369 0
370 0
371 0
372 0
373 0
374 0
375 0
376 0
377 0
378 0
379 0
380 0
381 0
382 0
383 0
384 0
385 0
386 0
387 0
388 0
389 0
390 0
391 0
392 0
393 0
394 0
395 0
396 0
397 0
398 0
399 0
400 0
401 0
402 0
403 0
404 0
405 0
406 0
407 0
408 0
409 0
410 0
411 0
412 0
413 0
414 0
415 0
416 0
417 0
418 0
419 0
420 0
421 0
422 0
423 0
424 0
425 0
426 0
427 0
428 0
429 0
430 0
431 0
432 0
433 0
434 0
435 0
436 0
437 0
438 0
439 0
440 0
441 0
442 0
443 0
444 0
445 0
446 0
447 0
448 0
449 0
450 0
451 0
452 0
453 0
454 0
455 0
456 0
457 0
458 0
459 0
460 0
461 0
462 0
463 0
464 0
465 0
466 0
467 0
468 0
469 0
470 0
471 0
472 0
473 0
474 0
475 0
476 0
477 0
478 0
479 0
480 0
481 0
482 0
483 0
484 0
485 0
486 0
487 0
488 0
489 0
490 0
491 0
492 0
493 0
494 0
495 0
496 0
497 0
498 0
