0 1001639
1 7580
2 2884
3 1815
4 1211
5 915
6 759
7 539
8 445
9 406
10 354
11 281
12 254
13 206
14 179
15 160
16 158
17 145
18 112
19 88
20 93
21 100
22 88
23 71
24 56
25 61
26 59
27 50
28 43
29 37
30 45
31 36
32 27
33 25
34 29
35 30
36 23
37 20
38 9
39 16
40 23
41 11
42 10
43 13
44 6
45 11
46 12
47 9
48 11
49 8
50 9
51 10
52 9
53 6
54 6
55 7
56 4
57 4
58 1
59 2
60 3
61 6
62 2
63 1
64 2
65 6
66 3
67 4
68 4
69 4
70 2
71 1
72 3
73 5
74 2
75 2
76 2
77 2
78 0
79 3
80 2
81 2
82 2
83 1
84 2
85 1
86 0
87 0
88 2
89 0
90 2
91 1
92 2
93 2
94 1
95 0
96 0
97 0
98 1
99 1
100 0
101 1
102 0
103 0
104 0
105 0
106 0
107 0
108 0
109 0
110 0
111 0
112 1
113 0
114 0
115 0
116 0
117 0
118 0
119 0
120 0
121 0
122 1
123 0
124 0
125 0
126 0
127 0
128 0
129 0
130 1
