0 0.5624
1 0.5705
2 0.55
3 0.5748
4 0.5748
5 0.5604
6 0.5532
7 0.5686
8 0.5597
9 0.5747
10 0.5666
11 0.5794
12 0.5712
13 0.5742
14 0.5652
15 0.572
16 0.5739
17 0.566
18 0.5694
19 0.5744
20 0.5625
21 0.5625
22 0.5677
23 0.5712
24 0.5772
25 0.5633
26 0.5738
27 0.5686
28 0.5732
29 0.57
30 0.5663
31 0.5578
32 0.565
33 0.5681
34 0.5606
35 0.5647
36 0.5825
37 0.5705
38 0.5723
39 0.5734
40 0.5657
41 0.5641
42 0.5636
43 0.5713
44 0.5602
45 0.5653
46 0.5637
47 0.5569
48 0.5687
49 0.5753
50 0.5808
51 0.5791
52 0.5646
53 0.5789
54 0.5708
55 0.5618
56 0.5524
57 0.5666
58 0.564
59 0.5647
60 0.5618
61 0.5797
62 0.5611
63 0.5759
64 0.5584
65 0.5685
66 0.5752
67 0.5683
68 0.565
69 0.5687
70 0.5579
71 0.5572
72 0.5732
73 0.5655
74 0.5686
75 0.5571
76 0.5658
77 0.5633
78 0.5754
79 0.5592
80 0.5637
81 0.5632
82 0.5555
83 0.558
84 0.562
85 0.5725
86 0.5824
87 0.5713
88 0.5766
89 0.5636
90 0.5599
91 0.5617
92 0.5681
93 0.5613
94 0.5665
95 0.5704
96 0.5706
97 0.5721
98 0.564
99 0.5531
100 0.5758
101 0.5647
102 0.565
103 0.5639
104 0.5655
105 0.5761
106 0.5733
107 0.5681
108 0.5731
109 0.5781
110 0.548
