0 150877.0
1 8742.0
2 2387.0
3 1426.0
4 682.0
5 775.0
6 372.0
7 527.0
8 279.0
9 186.0
10 248.0
11 434.0
12 93.0
13 217.0
14 93.0
15 124.0
16 62.0
17 62.0
18 31.0
19 31.0
20 93.0
21 62.0
22 62.0
23 62.0
24 124.0
25 93.0
26 0.0
27 31.0
28 31.0
29 0.0
30 0.0
31 93.0
32 31.0
33 31.0
34 31.0
35 0.0
36 93.0
37 31.0
38 0.0
39 31.0
40 0.0
41 31.0
42 0.0
43 62.0
44 31.0
45 0.0
46 62.0
47 0.0
48 31.0
49 31.0
50 0.0
51 31.0
52 0.0
53 0.0
54 0.0
55 31.0
56 0.0
57 93.0
58 0.0
59 0.0
60 31.0
61 0.0
62 0.0
63 0.0
64 0.0
65 31.0
66 0.0
67 0.0
68 0.0
69 0.0
70 0.0
71 0.0
72 0.0
73 0.0
74 0.0
75 0.0
76 0.0
77 0.0
78 31.0
79 0.0
80 0.0
81 31.0
82 0.0
83 0.0
84 0.0
85 0.0
86 0.0
87 0.0
88 0.0
89 0.0
90 0.0
91 0.0
92 31.0
93 0.0
94 0.0
95 0.0
96 31.0
97 0.0
98 0.0
99 0.0
100 0.0
101 0.0
102 0.0
103 0.0
104 31.0
105 31.0
106 0.0
107 0.0
108 0.0
109 0.0
110 0.0
111 0.0
112 0.0
113 0.0
114 0.0
115 0.0
116 0.0
117 31.0
118 0.0
119 0.0
120 0.0
121 0.0
122 0.0
123 0.0
124 0.0
125 0.0
126 0.0
127 0.0
128 0.0
129 0.0
130 0.0
131 0.0
132 0.0
133 0.0
134 0.0
135 0.0
136 0.0
137 0.0
138 0.0
139 0.0
140 0.0
141 31.0
142 0.0
143 0.0
144 0.0
145 0.0
146 31.0
147 0.0
148 0.0
149 0.0
150 0.0
151 0.0
152 0.0
153 0.0
154 0.0
155 0.0
156 0.0
157 0.0
158 0.0
159 0.0
160 0.0
161 0.0
162 0.0
163 0.0
164 0.0
165 0.0
166 0.0
167 0.0
168 0.0
169 0.0
170 0.0
171 0.0
172 0.0
173 0.0
174 0.0
175 0.0
176 0.0
177 31.0
178 0.0
179 0.0
180 0.0
181 31.0
182 0.0
183 31.0
184 0.0
185 0.0
186 0.0
187 0.0
188 0.0
189 0.0
190 0.0
191 0.0
192 0.0
193 0.0
194 31.0
195 0.0
196 0.0
197 0.0
198 0.0
199 0.0
200 0.0
201 0.0
202 0.0
203 0.0
204 0.0
205 0.0
206 0.0
207 0.0
208 0.0
209 0.0
210 0.0
211 0.0
212 31.0
