-2024 1
-2023 0
-2022 0
-2021 0
-2020 0
-2019 0
-2018 1
-2017 0
-2016 0
-2015 0
-2014 0
-2013 1
-2012 0
-2011 0
-2010 0
-2009 0
-2008 0
-2007 0
-2006 0
-2005 1
-2004 0
-2003 0
-2002 1
-2001 0
-2000 0
-1999 0
-1998 0
-1997 0
-1996 0
-1995 0
-1994 0
-1993 0
-1992 0
-1991 0
-1990 0
-1989 0
-1988 0
-1987 1
-1986 0
-1985 0
-1984 0
-1983 0
-1982 0
-1981 0
-1980 0
-1979 0
-1978 0
-1977 1
-1976 0
-1975 0
-1974 0
-1973 0
-1972 0
-1971 0
-1970 0
-1969 0
-1968 0
-1967 0
-1966 0
-1965 0
-1964 0
-1963 0
-1962 1
-1961 0
-1960 0
-1959 0
-1958 0
-1957 0
-1956 0
-1955 0
-1954 0
-1953 0
-1952 0
-1951 0
-1950 2
-1949 0
-1948 0
-1947 1
-1946 0
-1945 0
-1944 0
-1943 0
-1942 0
-1941 0
-1940 0
-1939 0
-1938 0
-1937 0
-1936 0
-1935 1
-1934 2
-1933 1
-1932 0
-1931 1
-1930 0
-1929 0
-1928 0
-1927 1
-1926 0
-1925 0
-1924 0
-1923 0
-1922 0
-1921 0
-1920 0
-1919 0
-1918 0
-1917 1
-1916 0
-1915 0
-1914 0
-1913 0
-1912 0
-1911 0
-1910 0
-1909 0
-1908 0
-1907 0
-1906 0
-1905 0
-1904 0
-1903 1
-1902 0
-1901 0
-1900 0
-1899 1
-1898 0
-1897 0
-1896 0
-1895 0
-1894 0
-1893 0
-1892 0
-1891 0
-1890 0
-1889 1
-1888 0
-1887 1
-1886 0
-1885 1
-1884 0
-1883 0
-1882 0
-1881 0
-1880 0
-1879 0
-1878 0
-1877 1
-1876 2
-1875 0
-1874 1
-1873 0
-1872 0
-1871 1
-1870 0
-1869 0
-1868 0
-1867 0
-1866 0
-1865 0
-1864 0
-1863 0
-1862 1
-1861 0
-1860 0
-1859 0
-1858 0
-1857 0
-1856 1
-1855 0
-1854 0
-1853 1
-1852 2
-1851 0
-1850 1
-1849 0
-1848 0
-1847 0
-1846 1
-1845 1
-1844 0
-1843 1
-1842 0
-1841 1
-1840 0
-1839 0
-1838 1
-1837 0
-1836 0
-1835 0
-1834 1
-1833 1
-1832 0
-1831 0
-1830 0
-1829 0
-1828 0
-1827 0
-1826 0
-1825 0
-1824 1
-1823 0
-1822 1
-1821 1
-1820 1
-1819 1
-1818 1
-1817 0
-1816 2
-1815 0
-1814 0
-1813 0
-1812 0
-1811 0
-1810 1
-1809 1
-1808 1
-1807 1
-1806 0
-1805 1
-1804 0
-1803 0
-1802 1
-1801 0
-1800 0
-1799 1
-1798 1
-1797 0
-1796 2
-1795 1
-1794 1
-1793 0
-1792 1
-1791 3
-1790 2
-1789 0
-1788 1
-1787 0
-1786 1
-1785 0
-1784 0
-1783 2
-1782 3
-1781 2
-1780 0
-1779 0
-1778 0
-1777 1
-1776 0
-1775 0
-1774 0
-1773 0
-1772 1
-1771 3
-1770 1
-1769 1
-1768 0
-1767 1
-1766 1
-1765 2
-1764 0
-1763 1
-1762 0
-1761 1
-1760 0
-1759 0
-1758 1
-1757 0
-1756 2
-1755 0
-1754 2
-1753 0
-1752 0
-1751 2
-1750 1
-1749 1
-1748 1
-1747 1
-1746 3
-1745 2
-1744 0
-1743 2
-1742 2
-1741 0
-1740 1
-1739 3
-1738 0
-1737 0
-1736 1
-1735 2
-1734 3
-1733 0
-1732 1
-1731 3
-1730 2
-1729 1
-1728 1
-1727 0
-1726 1
-1725 1
-1724 1
-1723 2
-1722 2
-1721 1
-1720 2
-1719 2
-1718 0
-1717 2
-1716 1
-1715 2
-1714 2
-1713 1
-1712 3
-1711 1
-1710 1
-1709 0
-1708 0
-1707 1
-1706 0
-1705 3
-1704 2
-1703 2
-1702 1
-1701 1
-1700 2
-1699 0
-1698 2
-1697 4
-1696 0
-1695 5
-1694 1
-1693 3
-1692 4
-1691 0
-1690 3
-1689 1
-1688 2
-1687 2
-1686 2
-1685 3
-1684 2
-1683 3
-1682 2
-1681 2
-1680 1
-1679 3
-1678 2
-1677 2
-1676 1
-1675 5
-1674 5
-1673 1
-1672 1
-1671 4
-1670 2
-1669 1
-1668 2
-1667 3
-1666 1
-1665 1
-1664 1
-1663 0
-1662 3
-1661 4
-1660 5
-1659 4
-1658 2
-1657 3
-1656 2
-1655 3
-1654 4
-1653 4
-1652 2
-1651 1
-1650 2
-1649 2
-1648 2
-1647 3
-1646 1
-1645 3
-1644 3
-1643 5
-1642 2
-1641 1
-1640 5
-1639 2
-1638 4
-1637 2
-1636 0
-1635 3
-1634 1
-1633 2
-1632 4
-1631 3
-1630 6
-1629 7
-1628 2
-1627 2
-1626 5
-1625 5
-1624 3
-1623 1
-1622 1
-1621 3
-1620 4
-1619 8
-1618 4
-1617 5
-1616 3
-1615 4
-1614 4
-1613 6
-1612 2
-1611 3
-1610 3
-1609 4
-1608 3
-1607 5
-1606 8
-1605 3
-1604 2
-1603 4
-1602 2
-1601 7
-1600 3
-1599 8
-1598 9
-1597 4
-1596 7
-1595 4
-1594 2
-1593 5
-1592 5
-1591 3
-1590 3
-1589 5
-1588 1
-1587 4
-1586 8
-1585 4
-1584 8
-1583 10
-1582 4
-1581 6
-1580 6
-1579 5
-1578 6
-1577 7
-1576 4
-1575 2
-1574 5
-1573 3
-1572 7
-1571 5
-1570 5
-1569 4
-1568 5
-1567 4
-1566 7
-1565 3
-1564 7
-1563 5
-1562 7
-1561 6
-1560 7
-1559 11
-1558 5
-1557 7
-1556 7
-1555 8
-1554 6
-1553 3
-1552 8
-1551 10
-1550 4
-1549 12
-1548 8
-1547 3
-1546 9
-1545 8
-1544 5
-1543 12
-1542 10
-1541 5
-1540 7
-1539 4
-1538 10
-1537 5
-1536 8
-1535 7
-1534 5
-1533 5
-1532 10
-1531 8
-1530 5
-1529 7
-1528 3
-1527 5
-1526 8
-1525 11
-1524 9
-1523 11
-1522 5
-1521 9
-1520 5
-1519 7
-1518 11
-1517 10
-1516 7
-1515 9
-1514 13
-1513 6
-1512 7
-1511 5
-1510 8
-1509 9
-1508 8
-1507 5
-1506 9
-1505 11
-1504 9
-1503 3
-1502 12
-1501 14
-1500 13
-1499 16
-1498 2
-1497 4
-1496 13
-1495 5
-1494 10
-1493 12
-1492 10
-1491 5
-1490 11
-1489 5
-1488 7
-1487 11
-1486 9
-1485 12
-1484 11
-1483 5
-1482 14
-1481 10
-1480 5
-1479 9
-1478 13
-1477 11
-1476 10
-1475 6
-1474 13
-1473 9
-1472 2
-1471 12
-1470 19
-1469 14
-1468 12
-1467 6
-1466 14
-1465 11
-1464 12
-1463 9
-1462 9
-1461 14
-1460 12
-1459 16
-1458 13
-1457 10
-1456 10
-1455 8
-1454 13
-1453 12
-1452 14
-1451 8
-1450 13
-1449 18
-1448 11
-1447 12
-1446 16
-1445 14
-1444 15
-1443 13
-1442 17
-1441 14
-1440 15
-1439 10
-1438 12
-1437 10
-1436 10
-1435 15
-1434 16
-1433 13
-1432 11
-1431 19
-1430 15
-1429 11
-1428 13
-1427 12
-1426 13
-1425 18
-1424 9
-1423 8
-1422 17
-1421 8
-1420 14
-1419 16
-1418 18
-1417 20
-1416 8
-1415 17
-1414 16
-1413 13
-1412 20
-1411 17
-1410 16
-1409 17
-1408 18
-1407 14
-1406 19
-1405 17
-1404 14
-1403 18
-1402 19
-1401 11
-1400 18
-1399 18
-1398 18
-1397 21
-1396 23
-1395 26
-1394 12
-1393 16
-1392 13
-1391 18
-1390 14
-1389 16
-1388 11
-1387 13
-1386 12
-1385 22
-1384 20
-1383 16
-1382 18
-1381 21
-1380 24
-1379 23
-1378 18
-1377 21
-1376 21
-1375 19
-1374 18
-1373 20
-1372 19
-1371 15
-1370 17
-1369 20
-1368 17
-1367 18
-1366 17
-1365 20
-1364 12
-1363 20
-1362 18
-1361 25
-1360 24
-1359 19
-1358 26
-1357 25
-1356 18
-1355 22
-1354 19
-1353 25
-1352 28
-1351 20
-1350 23
-1349 26
-1348 17
-1347 18
-1346 23
-1345 28
-1344 28
-1343 26
-1342 35
-1341 24
-1340 31
-1339 25
-1338 26
-1337 25
-1336 23
-1335 20
-1334 33
-1333 28
-1332 21
-1331 25
-1330 19
-1329 30
-1328 28
-1327 20
-1326 31
-1325 28
-1324 35
-1323 24
-1322 36
-1321 26
-1320 20
-1319 34
-1318 30
-1317 28
-1316 33
-1315 20
-1314 32
-1313 33
-1312 30
-1311 31
-1310 34
-1309 24
-1308 29
-1307 34
-1306 32
-1305 30
-1304 23
-1303 28
-1302 33
-1301 35
-1300 23
-1299 29
-1298 22
-1297 34
-1296 31
-1295 37
-1294 30
-1293 23
-1292 36
-1291 35
-1290 36
-1289 35
-1288 35
-1287 27
-1286 47
-1285 40
-1284 40
-1283 29
-1282 41
-1281 35
-1280 36
-1279 28
-1278 33
-1277 40
-1276 32
-1275 38
-1274 42
-1273 23
-1272 25
-1271 27
-1270 35
-1269 30
-1268 41
-1267 35
-1266 45
-1265 49
-1264 28
-1263 33
-1262 29
-1261 36
-1260 37
-1259 35
-1258 33
-1257 36
-1256 38
-1255 44
-1254 37
-1253 32
-1252 29
-1251 44
-1250 39
-1249 44
-1248 37
-1247 42
-1246 40
-1245 43
-1244 44
-1243 42
-1242 29
-1241 35
-1240 40
-1239 42
-1238 44
-1237 39
-1236 41
-1235 47
-1234 39
-1233 42
-1232 41
-1231 31
-1230 42
-1229 40
-1228 29
-1227 32
-1226 46
-1225 39
-1224 43
-1223 49
-1222 36
-1221 44
-1220 47
-1219 46
-1218 55
-1217 37
-1216 51
-1215 54
-1214 54
-1213 46
-1212 45
-1211 52
-1210 47
-1209 46
-1208 63
-1207 52
-1206 48
-1205 54
-1204 47
-1203 65
-1202 52
-1201 44
-1200 40
-1199 52
-1198 57
-1197 54
-1196 45
-1195 50
-1194 39
-1193 53
-1192 63
-1191 63
-1190 68
-1189 53
-1188 51
-1187 60
-1186 46
-1185 55
-1184 60
-1183 44
-1182 51
-1181 58
-1180 58
-1179 54
-1178 68
-1177 49
-1176 61
-1175 66
-1174 61
-1173 58
-1172 60
-1171 57
-1170 66
-1169 67
-1168 53
-1167 58
-1166 72
-1165 57
-1164 63
-1163 50
-1162 62
-1161 55
-1160 56
-1159 65
-1158 55
-1157 65
-1156 82
-1155 57
-1154 69
-1153 75
-1152 71
-1151 57
-1150 70
-1149 56
-1148 63
-1147 76
-1146 82
-1145 69
-1144 64
-1143 68
-1142 82
-1141 80
-1140 51
-1139 63
-1138 70
-1137 65
-1136 80
-1135 70
-1134 63
-1133 76
-1132 68
-1131 61
-1130 69
-1129 66
-1128 60
-1127 66
-1126 86
-1125 76
-1124 64
-1123 69
-1122 78
-1121 65
-1120 65
-1119 71
-1118 75
-1117 87
-1116 71
-1115 61
-1114 87
-1113 77
-1112 116
-1111 80
-1110 66
-1109 90
-1108 76
-1107 77
-1106 78
-1105 74
-1104 57
-1103 89
-1102 64
-1101 74
-1100 64
-1099 77
-1098 76
-1097 71
-1096 95
-1095 86
-1094 83
-1093 86
-1092 81
-1091 73
-1090 111
-1089 72
-1088 95
-1087 97
-1086 85
-1085 86
-1084 89
-1083 101
-1082 103
-1081 81
-1080 99
-1079 98
-1078 113
-1077 87
-1076 92
-1075 92
-1074 91
-1073 93
-1072 92
-1071 93
-1070 86
-1069 108
-1068 91
-1067 98
-1066 97
-1065 118
-1064 93
-1063 81
-1062 109
-1061 104
-1060 81
-1059 87
-1058 96
-1057 102
-1056 107
-1055 115
-1054 98
-1053 110
-1052 114
-1051 121
-1050 92
-1049 95
-1048 131
-1047 118
-1046 116
-1045 101
-1044 98
-1043 97
-1042 116
-1041 137
-1040 103
-1039 81
-1038 109
-1037 109
-1036 96
-1035 112
-1034 102
-1033 121
-1032 108
-1031 109
-1030 115
-1029 121
-1028 120
-1027 119
-1026 112
-1025 107
-1024 122
-1023 103
-1022 133
-1021 122
-1020 128
-1019 111
-1018 116
-1017 126
-1016 127
-1015 134
-1014 112
-1013 128
-1012 111
-1011 107
-1010 112
-1009 137
-1008 135
-1007 117
-1006 136
-1005 128
-1004 123
-1003 142
-1002 154
-1001 127
-1000 124
-999 153
-998 122
-997 131
-996 144
-995 132
-994 146
-993 135
-992 136
-991 124
-990 136
-989 130
-988 152
-987 144
-986 134
-985 137
-984 148
-983 161
-982 150
-981 161
-980 165
-979 172
-978 148
-977 150
-976 171
-975 159
-974 157
-973 158
-972 147
-971 160
-970 148
-969 174
-968 144
-967 160
-966 142
-965 162
-964 137
-963 161
-962 184
-961 163
-960 155
-959 166
-958 175
-957 143
-956 150
-955 169
-954 153
-953 152
-952 145
-951 163
-950 180
-949 154
-948 166
-947 154
-946 183
-945 158
-944 171
-943 180
-942 173
-941 198
-940 169
-939 197
-938 184
-937 186
-936 191
-935 176
-934 179
-933 173
-932 191
-931 176
-930 180
-929 187
-928 219
-927 175
-926 181
-925 154
-924 193
-923 173
-922 178
-921 196
-920 195
-919 171
-918 182
-917 217
-916 206
-915 196
-914 193
-913 186
-912 190
-911 177
-910 192
-909 180
-908 200
-907 208
-906 206
-905 189
-904 217
-903 194
-902 201
-901 184
-900 203
-899 196
-898 192
-897 212
-896 227
-895 212
-894 199
-893 201
-892 233
-891 242
-890 215
-889 230
-888 225
-887 209
-886 235
-885 212
-884 205
-883 219
-882 235
-881 228
-880 213
-879 239
-878 235
-877 226
-876 220
-875 226
-874 231
-873 232
-872 231
-871 238
-870 249
-869 235
-868 264
-867 223
-866 271
-865 237
-864 235
-863 265
-862 216
-861 242
-860 232
-859 249
-858 261
-857 240
-856 262
-855 256
-854 250
-853 260
-852 259
-851 274
-850 268
-849 255
-848 229
-847 267
-846 257
-845 241
-844 261
-843 291
-842 247
-841 267
-840 272
-839 301
-838 270
-837 269
-836 281
-835 277
-834 280
-833 288
-832 279
-831 284
-830 294
-829 271
-828 288
-827 248
-826 325
-825 284
-824 275
-823 321
-822 289
-821 291
-820 282
-819 312
-818 282
-817 310
-816 280
-815 292
-814 289
-813 284
-812 291
-811 315
-810 325
-809 293
-808 311
-807 310
-806 355
-805 328
-804 310
-803 325
-802 319
-801 311
-800 333
-799 320
-798 318
-797 314
-796 321
-795 328
-794 331
-793 350
-792 345
-791 350
-790 364
-789 331
-788 305
-787 373
-786 305
-785 333
-784 343
-783 315
-782 379
-781 349
-780 370
-779 351
-778 383
-777 358
-776 360
-775 365
-774 360
-773 381
-772 391
-771 351
-770 401
-769 435
-768 365
-767 390
-766 399
-765 369
-764 413
-763 377
-762 403
-761 367
-760 366
-759 377
-758 419
-757 398
-756 408
-755 382
-754 377
-753 421
-752 384
-751 389
-750 428
-749 393
-748 413
-747 389
-746 374
-745 378
-744 412
-743 419
-742 418
-741 406
-740 439
-739 431
-738 419
-737 394
-736 428
-735 434
-734 420
-733 427
-732 420
-731 466
-730 433
-729 466
-728 469
-727 469
-726 448
-725 460
-724 462
-723 480
-722 470
-721 442
-720 439
-719 481
-718 449
-717 477
-716 482
-715 427
-714 459
-713 450
-712 472
-711 471
-710 490
-709 480
-708 514
-707 460
-706 502
-705 462
-704 462
-703 444
-702 477
-701 510
-700 478
-699 468
-698 501
-697 527
-696 516
-695 493
-694 518
-693 514
-692 560
-691 543
-690 532
-689 531
-688 549
-687 561
-686 533
-685 499
-684 555
-683 587
-682 529
-681 528
-680 545
-679 526
-678 541
-677 543
-676 506
-675 575
-674 547
-673 534
-672 578
-671 558
-670 520
-669 632
-668 535
-667 546
-666 617
-665 589
-664 616
-663 645
-662 600
-661 572
-660 608
-659 636
-658 598
-657 611
-656 641
-655 610
-654 598
-653 638
-652 614
-651 618
-650 647
-649 619
-648 642
-647 654
-646 633
-645 634
-644 633
-643 655
-642 658
-641 667
-640 624
-639 618
-638 676
-637 657
-636 682
-635 687
-634 667
-633 703
-632 652
-631 605
-630 699
-629 678
-628 707
-627 680
-626 710
-625 692
-624 661
-623 739
-622 676
-621 715
-620 678
-619 702
-618 699
-617 743
-616 729
-615 749
-614 745
-613 751
-612 694
-611 672
-610 758
-609 774
-608 727
-607 739
-606 776
-605 707
-604 806
-603 802
-602 800
-601 774
-600 730
-599 781
-598 757
-597 784
-596 779
-595 813
-594 788
-593 797
-592 773
-591 824
-590 792
-589 803
-588 815
-587 782
-586 793
-585 862
-584 842
-583 868
-582 819
-581 843
-580 870
-579 902
-578 859
-577 899
-576 855
-575 901
-574 851
-573 874
-572 874
-571 889
-570 883
-569 907
-568 856
-567 918
-566 890
-565 913
-564 923
-563 905
-562 955
-561 946
-560 958
-559 904
-558 962
-557 940
-556 918
-555 985
-554 967
-553 979
-552 1011
-551 956
-550 956
-549 876
-548 1020
-547 950
-546 974
-545 1011
-544 1007
-543 967
-542 977
-541 1041
-540 1037
-539 1026
-538 1040
-537 1039
-536 1060
-535 1043
-534 987
-533 1086
-532 1008
-531 1108
-530 1061
-529 1123
-528 1088
-527 1059
-526 1060
-525 1075
-524 1027
-523 1051
-522 1130
-521 1157
-520 1162
-519 1114
-518 1155
-517 1139
-516 1155
-515 1202
-514 1226
-513 1073
-512 1175
-511 1148
-510 1179
-509 1195
-508 1206
-507 1214
-506 1123
-505 1224
-504 1169
-503 1206
-502 1239
-501 1228
-500 1210
-499 1273
-498 1261
-497 1272
-496 1238
-495 1314
-494 1255
-493 1288
-492 1228
-491 1260
-490 1287
-489 1379
-488 1302
-487 1257
-486 1246
-485 1345
-484 1410
-483 1251
-482 1405
-481 1408
-480 1368
-479 1389
-478 1401
-477 1396
-476 1426
-475 1390
-474 1352
-473 1411
-472 1410
-471 1511
-470 1398
-469 1438
-468 1481
-467 1485
-466 1458
-465 1449
-464 1471
-463 1486
-462 1506
-461 1538
-460 1525
-459 1455
-458 1485
-457 1528
-456 1531
-455 1559
-454 1562
-453 1564
-452 1574
-451 1576
-450 1589
-449 1575
-448 1531
-447 1583
-446 1611
-445 1572
-444 1643
-443 1631
-442 1576
-441 1599
-440 1684
-439 1656
-438 1745
-437 1670
-436 1732
-435 1669
-434 1734
-433 1774
-432 1738
-431 1759
-430 1782
-429 1838
-428 1693
-427 1717
-426 1780
-425 1855
-424 1802
-423 1896
-422 1792
-421 1882
-420 1936
-419 1924
-418 1929
-417 1867
-416 1888
-415 1944
-414 1851
-413 1920
-412 1982
-411 1935
-410 2005
-409 1985
-408 2006
-407 1999
-406 2106
-405 2021
-404 2000
-403 2053
-402 2014
-401 2045
-400 1971
-399 2087
-398 2099
-397 2117
-396 2110
-395 2135
-394 2160
-393 2191
-392 2119
-391 2144
-390 2223
-389 2291
-388 2231
-387 2173
-386 2235
-385 2248
-384 2244
-383 2305
-382 2335
-381 2252
-380 2328
-379 2300
-378 2296
-377 2312
-376 2348
-375 2321
-374 2369
-373 2432
-372 2383
-371 2386
-370 2505
-369 2474
-368 2438
-367 2549
-366 2493
-365 2515
-364 2475
-363 2457
-362 2500
-361 2642
-360 2642
-359 2704
-358 2504
-357 2669
-356 2668
-355 2672
-354 2767
-353 2718
-352 2701
-351 2758
-350 2714
-349 2708
-348 2672
-347 2772
-346 2659
-345 2852
-344 2831
-343 2830
-342 2879
-341 2920
-340 2958
-339 2908
-338 2996
-337 3020
-336 2902
-335 3124
-334 3067
-333 3042
-332 3073
-331 3124
-330 3143
-329 3105
-328 3194
-327 3216
-326 3170
-325 3267
-324 3246
-323 3244
-322 3248
-321 3338
-320 3336
-319 3360
-318 3332
-317 3338
-316 3467
-315 3440
-314 3388
-313 3455
-312 3517
-311 3491
-310 3535
-309 3538
-308 3557
-307 3468
-306 3770
-305 3764
-304 3646
-303 3604
-302 3645
-301 3657
-300 3782
-299 3695
-298 3948
-297 3837
-296 3778
-295 3946
-294 4009
-293 3953
-292 3977
-291 3991
-290 4018
-289 4098
-288 4095
-287 4138
-286 4073
-285 4066
-284 4200
-283 4267
-282 4249
-281 4234
-280 4344
-279 4264
-278 4344
-277 4452
-276 4437
-275 4507
-274 4410
-273 4494
-272 4540
-271 4570
-270 4650
-269 4605
-268 4670
-267 4732
-266 4746
-265 4714
-264 4860
-263 4740
-262 4814
-261 4930
-260 4842
-259 5030
-258 5039
-257 5015
-256 5102
-255 5049
-254 5128
-253 5313
-252 5286
-251 5257
-250 5363
-249 5443
-248 5448
-247 5449
-246 5544
-245 5532
-244 5564
-243 5679
-242 5683
-241 5650
-240 5678
-239 5822
-238 5905
-237 5823
-236 5888
-235 6048
-234 5994
-233 6094
-232 6160
-231 6175
-230 6264
-229 6297
-228 6391
-227 6331
-226 6386
-225 6539
-224 6499
-223 6531
-222 6643
-221 6715
-220 6908
-219 6712
-218 6910
-217 6672
-216 7001
-215 7178
-214 7049
-213 7148
-212 7330
-211 7216
-210 7397
-209 7380
-208 7523
-207 7469
-206 7301
-205 7573
-204 7718
-203 7928
-202 7960
-201 7932
-200 8059
-199 8066
-198 8046
-197 8106
-196 8307
-195 8408
-194 8441
-193 8435
-192 8620
-191 8733
-190 8721
-189 8837
-188 8918
-187 9040
-186 9072
-185 9100
-184 9311
-183 9263
-182 9518
-181 9493
-180 9590
-179 9581
-178 9742
-177 9945
-176 9954
-175 10144
-174 10469
-173 10433
-172 10586
-171 10454
-170 10589
-169 10816
-168 11120
-167 11170
-166 11048
-165 11350
-164 11428
-163 11595
-162 11585
-161 11704
-160 12006
-159 11802
-158 12066
-157 12238
-156 12214
-155 12438
-154 12928
-153 12663
-152 13046
-151 13006
-150 13287
-149 13347
-148 13415
-147 13575
-146 13895
-145 13953
-144 14078
-143 14521
-142 14369
-141 14692
-140 14602
-139 14875
-138 15162
-137 15416
-136 15484
-135 15799
-134 16082
-133 16096
-132 16364
-131 16564
-130 16785
-129 16972
-128 17084
-127 17517
-126 17566
-125 17951
-124 18216
-123 18654
-122 18689
-121 18787
-120 19404
-119 19510
-118 19806
-117 20161
-116 20325
-115 20661
-114 20988
-113 21064
-112 21596
-111 21942
-110 22094
-109 22661
-108 22702
-107 23118
-106 23262
-105 23865
-104 24191
-103 24570
-102 25199
-101 25491
-100 26124
-99 26319
-98 26702
-97 27161
-96 27647
-95 27753
-94 28624
-93 29200
-92 29644
-91 30175
-90 30459
-89 31365
-88 31820
-87 32044
-86 32791
-85 33652
-84 34058
-83 34592
-82 35544
-81 35800
-80 36910
-79 37284
-78 38703
-77 39479
-76 39618
-75 40460
-74 41791
-73 42361
-72 43185
-71 44274
-70 45308
-69 46501
-68 47544
-67 48278
-66 49882
-65 50708
-64 52236
-63 53210
-62 54610
-61 56417
-60 57662
-59 58848
-58 60642
-57 62252
-56 63571
-55 65734
-54 67499
-53 69399
-52 71286
-51 73854
-50 76058
-49 78502
-48 81233
-47 83391
-46 86525
-45 89526
-44 92229
-43 95648
-42 98246
-41 102960
-40 106369
-39 110523
-38 115271
-37 119910
-36 124693
-35 129994
-34 135605
-33 141920
-32 148165
-31 155230
-30 162599
-29 171067
-28 180518
-27 190223
-26 202300
-25 213360
-24 226765
-23 239868
-22 257649
-21 274048
-20 295240
-19 318448
-18 344148
-17 373450
-16 407006
-15 447084
-14 494048
-13 549213
-12 613587
-11 694058
-10 794634
-9 922071
-8 1084352
-7 1307714
-6 1613440
-5 2068263
-4 2791150
-3 4068703
-2 6879764
-1 16756545
0 123771606
1 758514898
2 127266689
3 14271624
4 6270527
5 3885502
6 2709527
7 2025737
8 1590850
9 1290691
10 1074578
11 913442
12 789323
13 690697
14 609505
15 546849
16 490624
17 444796
18 405662
19 371550
20 342434
21 317527
22 294134
23 273033
24 255920
25 240058
26 225856
27 212812
28 201964
29 190323
30 180268
31 171074
32 163194
33 154722
34 148708
35 141464
36 135551
37 129989
38 124534
39 119324
40 114998
41 110479
42 106091
43 102685
44 99264
45 95675
46 91876
47 89551
48 85753
49 83654
50 80653
51 78572
52 75561
53 73859
54 71351
55 69509
56 67339
57 65602
58 63927
59 62275
60 60656
61 59187
62 57669
63 56102
64 54633
65 53561
66 52356
67 50705
68 49560
69 48812
70 47857
71 46137
72 45155
73 44264
74 43171
75 42352
76 41327
77 40637
78 39778
79 38825
80 38103
81 37323
82 36492
83 36125
84 35436
85 34873
86 33972
87 33725
88 32914
89 32341
90 31550
91 31316
92 30745
93 30158
94 29902
95 28959
96 28525
97 28122
98 27547
99 26999
100 26473
101 26114
102 25675
103 25533
104 24925
105 24506
106 24459
107 23731
108 23395
109 23275
110 22752
111 22555
112 22260
113 21922
114 21520
115 21308
116 20851
117 20428
118 20468
119 20063
120 19836
121 19525
122 19233
123 19083
124 18718
125 18315
126 18144
127 17811
128 17864
129 17498
130 17433
131 16857
132 16713
133 16532
134 16257
135 15926
136 15914
137 15938
138 15566
139 15336
140 15199
141 14862
142 15007
143 14634
144 14205
145 14360
146 14554
147 13888
148 13808
149 13755
150 13601
151 13305
152 13085
153 13029
154 12881
155 12770
156 12527
157 12551
158 12280
159 12501
160 12024
161 11787
162 11957
163 11798
164 11481
165 11514
166 11455
167 11314
168 11263
169 10937
170 10892
171 10621
172 10691
173 10571
174 10409
175 10380
176 10198
177 10120
178 10239
179 9895
180 9885
181 9534
182 9668
183 9610
184 9424
185 9507
186 9225
187 9086
188 9125
189 8902
190 8906
191 8965
192 8831
193 8695
194 8757
195 8669
196 8357
197 8409
198 8338
199 8199
200 8107
201 7906
202 7881
203 7890
204 7979
205 7690
206 7649
207 7583
208 7559
209 7483
210 7427
211 7274
212 7187
213 7191
214 7115
215 7170
216 7143
217 6930
218 6818
219 6832
220 6897
221 6716
222 6639
223 6743
224 6685
225 6490
226 6469
227 6426
228 6462
229 6430
230 6339
231 6191
232 6317
233 6142
234 6075
235 6077
236 6069
237 6011
238 5928
239 5808
240 5791
241 5692
242 5721
243 5840
244 5656
245 5578
246 5591
247 5488
248 5373
249 5546
250 5385
251 5412
252 5327
253 5269
254 5208
255 5292
256 5150
257 5216
258 5156
259 5020
260 4993
261 5010
262 4952
263 4807
264 4797
265 4844
266 4860
267 4606
268 4738
269 4643
270 4628
271 4599
272 4667
273 4581
274 4553
275 4436
276 4431
277 4368
278 4368
279 4392
280 4393
281 4403
282 4398
283 4332
284 4264
285 4162
286 4032
287 4125
288 4073
289 4041
290 4155
291 4044
292 4199
293 3964
294 4032
295 3883
296 3971
297 3795
298 3861
299 3953
300 3860
301 3708
302 3721
303 3693
304 3646
305 3671
306 3592
307 3546
308 3729
309 3535
310 3594
311 3610
312 3574
313 3463
314 3455
315 3421
316 3346
317 3517
318 3409
319 3363
320 3366
321 3365
322 3369
323 3252
324 3312
325 3253
326 3280
327 3255
328 3115
329 3222
330 3091
331 3123
332 3144
333 3081
334 3033
335 3008
336 3109
337 3009
338 3006
339 2945
340 3002
341 2939
342 2922
343 2925
344 2873
345 2866
346 2940
347 2842
348 2802
349 2859
350 2811
351 2799
352 2688
353 2714
354 2724
355 2700
356 2650
357 2706
358 2735
359 2554
360 2630
361 2551
362 2587
363 2546
364 2523
365 2636
366 2515
367 2466
368 2406
369 2478
370 2496
371 2518
372 2356
373 2400
374 2396
375 2364
376 2414
377 2349
378 2385
379 2321
380 2312
381 2367
382 2237
383 2297
384 2258
385 2291
386 2274
387 2248
388 2180
389 2206
390 2312
391 2171
392 2204
393 2206
394 2144
395 2220
396 2122
397 2086
398 2164
399 2081
400 2126
401 2042
402 2097
403 2061
404 1957
405 2072
406 2094
407 2068
408 1962
409 1975
410 1992
411 1989
412 1915
413 1891
414 1900
415 1947
416 1859
417 1902
418 1850
419 1919
420 1820
421 1808
422 1843
423 1861
424 1834
425 1831
426 1812
427 1859
428 1896
429 1749
430 1744
431 1825
432 1732
433 1736
434 1764
435 1784
436 1658
437 1721
438 1692
439 1762
440 1670
441 1668
442 1671
443 1663
444 1569
445 1612
446 1660
447 1637
448 1704
449 1621
450 1562
451 1593
452 1647
453 1556
454 1548
455 1540
456 1567
457 1573
458 1488
459 1543
460 1567
461 1490
462 1490
463 1531
464 1534
465 1555
466 1468
467 1495
468 1490
469 1414
470 1435
471 1451
472 1496
473 1429
474 1378
475 1392
476 1439
477 1366
478 1367
479 1345
480 1340
481 1367
482 1399
483 1345
484 1322
485 1316
486 1373
487 1348
488 1346
489 1311
490 1278
491 1326
492 1296
493 1325
494 1221
495 1315
496 1243
497 1269
498 1254
499 1264
500 1235
501 1261
502 1239
503 1239
504 1246
505 1248
506 1195
507 1222
508 1198
509 1200
510 1125
511 1152
512 1167
513 1162
514 1146
515 1144
516 1141
517 1126
518 1140
519 1146
520 1121
521 1058
522 1112
523 1092
524 1125
525 1116
526 1088
527 1050
528 1030
529 1117
530 1078
531 1150
532 1031
533 1117
534 1084
535 1032
536 1049
537 1078
538 1085
539 1083
540 997
541 1038
542 1024
543 964
544 1011
545 988
546 933
547 973
548 952
549 996
550 998
551 982
552 985
553 957
554 930
555 994
556 902
557 995
558 982
559 948
560 930
561 992
562 943
563 880
564 962
565 994
566 944
567 923
568 888
569 876
570 882
571 849
572 861
573 930
574 927
575 889
576 873
577 846
578 818
579 823
580 913
581 878
582 824
583 912
584 860
585 867
586 845
587 847
588 808
589 825
590 856
591 828
592 771
593 788
594 826
595 803
596 801
597 796
598 792
599 796
600 810
601 777
602 781
603 805
604 775
605 739
606 775
607 770
608 740
609 771
610 711
611 734
612 757
613 738
614 735
615 722
616 717
617 753
618 709
619 708
620 724
621 750
622 702
623 692
624 659
625 676
626 730
627 672
628 694
629 744
630 656
631 677
632 683
633 656
634 657
635 627
636 707
637 653
638 669
639 636
640 676
641 662
642 620
643 657
644 701
645 674
646 664
647 598
648 622
649 634
650 634
651 611
652 627
653 647
654 603
655 618
656 561
657 610
658 640
659 655
660 613
661 593
662 656
663 594
664 598
665 598
666 603
667 577
668 598
669 571
670 564
671 572
672 575
673 595
674 579
675 565
676 557
677 573
678 528
679 538
680 569
681 575
682 536
683 533
684 495
685 558
686 540
687 512
688 536
689 512
690 526
691 545
692 551
693 547
694 524
695 486
696 505
697 511
698 505
699 566
700 514
701 468
702 445
703 492
704 501
705 486
706 454
707 492
708 461
709 491
710 455
711 489
712 463
713 490
714 503
715 505
716 483
717 445
718 479
719 494
720 473
721 472
722 465
723 451
724 428
725 457
726 435
727 473
728 473
729 466
730 434
731 404
732 431
733 429
734 452
735 433
736 447
737 428
738 419
739 430
740 456
741 420
742 427
743 403
744 386
745 391
746 408
747 413
748 452
749 401
750 404
751 406
752 442
753 379
754 406
755 437
756 365
757 366
758 418
759 400
760 388
761 434
762 361
763 385
764 369
765 392
766 370
767 385
768 383
769 375
770 361
771 352
772 406
773 387
774 362
775 374
776 346
777 367
778 360
779 353
780 382
781 350
782 368
783 363
784 344
785 348
786 324
787 331
788 377
789 328
790 376
791 334
792 379
793 345
794 320
795 337
796 342
797 354
798 300
799 311
800 324
801 332
802 309
803 298
804 333
805 309
806 328
807 289
808 332
809 323
810 324
811 324
812 328
813 300
814 325
815 308
816 295
817 347
818 275
819 283
820 300
821 289
822 290
823 308
824 291
825 288
826 303
827 269
828 292
829 303
830 301
831 287
832 274
833 269
834 271
835 264
836 265
837 254
838 270
839 259
840 265
841 271
842 286
843 242
844 259
845 288
846 266
847 239
848 252
849 277
850 275
851 268
852 287
853 247
854 245
855 267
856 235
857 251
858 215
859 239
860 239
861 237
862 232
863 247
864 235
865 239
866 233
867 246
868 206
869 289
870 260
871 233
872 228
873 242
874 261
875 244
876 223
877 230
878 244
879 255
880 263
881 239
882 245
883 218
884 226
885 238
886 216
887 230
888 216
889 232
890 206
891 200
892 198
893 231
894 216
895 202
896 196
897 192
898 211
899 220
900 196
901 200
902 208
903 209
904 199
905 206
906 190
907 201
908 202
909 196
910 190
911 208
912 194
913 189
914 194
915 190
916 199
917 200
918 177
919 173
920 188
921 190
922 207
923 192
924 180
925 193
926 174
927 199
928 183
929 192
930 182
931 175
932 177
933 194
934 183
935 166
936 191
937 192
938 171
939 172
940 202
941 179
942 163
943 173
944 173
945 152
946 180
947 188
948 166
949 169
950 184
951 176
952 166
953 155
954 158
955 173
956 171
957 174
958 143
959 161
960 168
961 190
962 153
963 167
964 168
965 164
966 162
967 170
968 149
969 140
970 142
971 132
972 164
973 142
974 146
975 158
976 146
977 141
978 169
979 146
980 143
981 151
982 153
983 158
984 134
985 171
986 133
987 138
988 130
989 131
990 122
991 147
992 164
993 137
994 132
995 134
996 121
997 129
998 149
999 139
1000 126
1001 151
1002 122
1003 150
1004 124
1005 166
1006 129
1007 130
1008 116
1009 108
1010 138
1011 122
1012 106
1013 118
1014 122
1015 139
1016 152
1017 132
1018 133
1019 129
1020 112
1021 124
1022 117
1023 109
1024 136
1025 102
1026 125
1027 106
1028 116
1029 110
1030 132
1031 117
1032 112
1033 133
1034 136
1035 104
1036 105
1037 135
1038 127
1039 129
1040 101
1041 104
1042 115
1043 108
1044 110
1045 110
1046 107
1047 107
1048 109
1049 118
1050 111
1051 117
1052 113
1053 87
1054 102
1055 97
1056 112
1057 132
1058 110
1059 110
1060 105
1061 85
1062 103
1063 113
1064 88
1065 100
1066 103
1067 115
1068 89
1069 86
1070 90
1071 99
1072 95
1073 77
1074 90
1075 73
1076 95
1077 92
1078 105
1079 89
1080 110
1081 99
1082 87
1083 88
1084 96
1085 70
1086 89
1087 81
1088 80
1089 98
1090 82
1091 104
1092 80
1093 95
1094 76
1095 75
1096 71
1097 89
1098 79
1099 78
1100 80
1101 68
1102 85
1103 76
1104 83
1105 88
1106 90
1107 68
1108 76
1109 75
1110 80
1111 86
1112 79
1113 82
1114 72
1115 70
1116 66
1117 85
1118 58
1119 83
1120 75
1121 58
1122 86
1123 73
1124 87
1125 72
1126 70
1127 66
1128 92
1129 76
1130 63
1131 58
1132 83
1133 75
1134 66
1135 79
1136 72
1137 76
1138 58
1139 71
1140 64
1141 75
1142 62
1143 79
1144 72
1145 73
1146 65
1147 77
1148 66
1149 70
1150 66
1151 63
1152 55
1153 67
1154 65
1155 58
1156 94
1157 59
1158 66
1159 61
1160 70
1161 71
1162 58
1163 57
1164 58
1165 75
1166 72
1167 59
1168 47
1169 53
1170 51
1171 60
1172 50
1173 52
1174 58
1175 52
1176 55
1177 53
1178 64
1179 54
1180 55
1181 58
1182 59
1183 61
1184 51
1185 44
1186 56
1187 59
1188 57
1189 55
1190 50
1191 49
1192 48
1193 60
1194 48
1195 46
1196 57
1197 43
1198 50
1199 56
1200 47
1201 52
1202 61
1203 45
1204 55
1205 50
1206 49
1207 55
1208 54
1209 37
1210 43
1211 56
1212 50
1213 54
1214 41
1215 43
1216 42
1217 42
1218 43
1219 43
1220 51
1221 49
1222 31
1223 45
1224 44
1225 36
1226 48
1227 51
1228 40
1229 31
1230 50
1231 40
1232 39
1233 40
1234 33
1235 40
1236 43
1237 39
1238 33
1239 37
1240 56
1241 40
1242 35
1243 39
1244 24
1245 44
1246 40
1247 41
1248 45
1249 39
1250 35
1251 43
1252 28
1253 46
1254 38
1255 44
1256 30
1257 33
1258 38
1259 37
1260 30
1261 35
1262 35
1263 37
1264 42
1265 29
1266 26
1267 37
1268 35
1269 34
1270 42
1271 39
1272 27
1273 34
1274 37
1275 38
1276 33
1277 38
1278 30
1279 34
1280 42
1281 40
1282 41
1283 34
1284 35
1285 30
1286 30
1287 36
1288 21
1289 30
1290 27
1291 23
1292 39
1293 24
1294 27
1295 33
1296 24
1297 23
1298 29
1299 36
1300 31
1301 34
1302 27
1303 31
1304 26
1305 30
1306 27
1307 30
1308 28
1309 24
1310 37
1311 28
1312 24
1313 30
1314 32
1315 28
1316 28
1317 33
1318 25
1319 26
1320 33
1321 21
1322 14
1323 26
1324 19
1325 31
1326 29
1327 25
1328 30
1329 26
1330 27
1331 25
1332 31
1333 19
1334 24
1335 24
1336 20
1337 26
1338 21
1339 18
1340 26
1341 26
1342 25
1343 16
1344 25
1345 30
1346 28
1347 26
1348 37
1349 15
1350 27
1351 27
1352 18
1353 23
1354 32
1355 20
1356 22
1357 22
1358 16
1359 13
1360 13
1361 20
1362 24
1363 14
1364 17
1365 12
1366 20
1367 12
1368 21
1369 23
1370 16
1371 21
1372 12
1373 22
1374 24
1375 23
1376 16
1377 21
1378 22
1379 20
1380 29
1381 14
1382 12
1383 22
1384 12
1385 15
1386 18
1387 17
1388 21
1389 17
1390 14
1391 17
1392 17
1393 14
1394 17
1395 15
1396 17
1397 27
1398 17
1399 13
1400 22
1401 22
1402 17
1403 20
1404 28
1405 22
1406 13
1407 14
1408 13
1409 7
1410 14
1411 14
1412 12
1413 15
1414 10
1415 11
1416 17
1417 8
1418 22
1419 12
1420 18
1421 12
1422 17
1423 10
1424 18
1425 15
1426 14
1427 21
1428 12
1429 9
1430 12
1431 12
1432 15
1433 19
1434 12
1435 11
1436 12
1437 18
1438 15
1439 9
1440 11
1441 12
1442 11
1443 10
1444 14
1445 14
1446 15
1447 13
1448 16
1449 13
1450 7
1451 15
1452 8
1453 17
1454 18
1455 16
1456 17
1457 13
1458 15
1459 9
1460 12
1461 13
1462 11
1463 10
1464 7
1465 16
1466 10
1467 14
1468 14
1469 10
1470 8
1471 9
1472 6
1473 9
1474 8
1475 8
1476 12
1477 9
1478 14
1479 7
1480 13
1481 11
1482 7
1483 10
1484 14
1485 11
1486 13
1487 6
1488 11
1489 7
1490 18
1491 9
1492 11
1493 9
1494 10
1495 14
1496 13
1497 12
1498 9
1499 12
1500 9
1501 8
1502 10
1503 12
1504 12
1505 13
1506 9
1507 8
1508 11
1509 12
1510 7
1511 7
1512 6
1513 5
1514 8
1515 11
1516 10
1517 8
1518 10
1519 7
1520 8
1521 7
1522 5
1523 8
1524 9
1525 7
1526 3
1527 9
1528 4
1529 6
1530 7
1531 6
1532 6
1533 4
1534 6
1535 6
1536 10
1537 8
1538 10
1539 6
1540 5
1541 11
1542 11
1543 3
1544 9
1545 2
1546 8
1547 11
1548 6
1549 5
1550 6
1551 4
1552 5
1553 4
1554 6
1555 5
1556 6
1557 5
1558 4
1559 6
1560 4
1561 5
1562 11
1563 5
1564 4
1565 5
1566 8
1567 7
1568 11
1569 5
1570 10
1571 6
1572 8
1573 9
1574 9
1575 6
1576 7
1577 4
1578 3
1579 5
1580 6
1581 6
1582 7
1583 7
1584 5
1585 3
1586 5
1587 7
1588 5
1589 4
1590 6
1591 3
1592 4
1593 4
1594 6
1595 6
1596 6
1597 5
1598 9
1599 4
1600 3
1601 6
1602 3
1603 1
1604 6
1605 7
1606 2
1607 3
1608 4
1609 6
1610 7
1611 4
1612 3
1613 3
1614 3
1615 8
1616 5
1617 2
1618 7
1619 3
1620 3
1621 1
1622 2
1623 5
1624 3
1625 1
1626 3
1627 7
1628 6
1629 3
1630 6
1631 5
1632 2
1633 3
1634 4
1635 0
1636 5
1637 5
1638 2
1639 5
1640 0
1641 2
1642 1
1643 5
1644 2
1645 1
1646 3
1647 3
1648 1
1649 4
1650 2
1651 2
1652 4
1653 4
1654 1
1655 3
1656 4
1657 4
1658 3
1659 4
1660 4
1661 1
1662 1
1663 3
1664 4
1665 1
1666 4
1667 1
1668 1
1669 3
1670 2
1671 0
1672 4
1673 4
1674 0
1675 3
1676 2
1677 1
1678 1
1679 1
1680 6
1681 1
1682 2
1683 2
1684 5
1685 1
1686 3
1687 0
1688 1
1689 3
1690 2
1691 3
1692 3
1693 3
1694 2
1695 1
1696 4
1697 0
1698 3
1699 0
1700 2
1701 2
1702 1
1703 2
1704 1
1705 2
1706 2
1707 3
1708 1
1709 1
1710 3
1711 2
1712 3
1713 0
1714 3
1715 0
1716 3
1717 2
1718 3
1719 2
1720 0
1721 0
1722 1
1723 0
1724 4
1725 5
1726 0
1727 6
1728 2
1729 0
1730 1
1731 2
1732 2
1733 3
1734 1
1735 1
1736 1
1737 0
1738 1
1739 1
1740 0
1741 2
1742 3
1743 1
1744 2
1745 3
1746 1
1747 3
1748 2
1749 3
1750 0
1751 1
1752 0
1753 1
1754 0
1755 0
1756 1
1757 0
1758 0
1759 0
1760 0
1761 0
1762 2
1763 0
1764 0
1765 0
1766 1
1767 0
1768 1
1769 2
1770 0
1771 0
1772 0
1773 1
1774 0
1775 2
1776 0
1777 0
1778 1
1779 0
1780 1
1781 1
1782 2
1783 0
1784 1
1785 0
1786 0
1787 0
1788 1
1789 0
1790 0
1791 0
1792 2
1793 0
1794 0
1795 4
1796 2
1797 0
1798 0
1799 2
1800 2
1801 1
1802 2
1803 1
1804 0
1805 1
1806 1
1807 0
1808 0
1809 1
1810 1
1811 1
1812 0
1813 0
1814 2
1815 1
1816 1
1817 0
1818 1
1819 0
1820 0
1821 0
1822 0
1823 0
1824 2
1825 0
1826 1
1827 0
1828 0
1829 0
1830 1
1831 1
1832 0
1833 0
1834 0
1835 0
1836 0
1837 0
1838 2
1839 0
1840 0
1841 1
1842 1
1843 1
1844 1
1845 0
1846 1
1847 0
1848 1
1849 0
1850 0
1851 0
1852 0
1853 0
1854 1
1855 0
1856 0
1857 0
1858 0
1859 0
1860 2
1861 0
1862 0
1863 0
1864 1
1865 0
1866 0
1867 0
1868 0
1869 0
1870 0
1871 2
1872 2
1873 0
1874 0
1875 0
1876 1
1877 0
1878 1
1879 0
1880 0
1881 0
1882 0
1883 0
1884 0
1885 0
1886 0
1887 1
1888 0
1889 0
1890 0
1891 0
1892 0
1893 0
1894 0
1895 0
1896 0
1897 0
1898 0
1899 0
1900 0
1901 0
1902 0
1903 0
1904 0
1905 0
1906 0
1907 0
1908 0
1909 0
1910 0
1911 0
1912 0
1913 1
1914 0
1915 0
1916 1
1917 0
1918 0
1919 0
1920 0
1921 0
1922 0
1923 0
1924 0
1925 1
1926 0
1927 0
1928 0
1929 1
1930 0
1931 0
1932 0
1933 0
1934 0
1935 0
1936 0
1937 0
1938 0
1939 0
1940 0
1941 0
1942 0
1943 0
1944 0
1945 0
1946 0
1947 0
1948 0
1949 0
1950 0
1951 0
1952 0
1953 0
1954 0
1955 0
1956 1
1957 0
1958 0
1959 0
1960 0
1961 0
1962 0
1963 0
1964 1
1965 0
1966 0
1967 0
1968 0
1969 0
1970 0
1971 0
1972 0
1973 0
1974 0
1975 0
1976 0
1977 0
1978 0
1979 0
1980 0
1981 0
1982 1
1983 0
1984 0
1985 0
1986 0
1987 0
1988 0
1989 0
1990 1
1991 0
1992 0
1993 0
1994 0
1995 0
1996 1
1997 0
1998 0
1999 0
2000 0
2001 0
2002 0
2003 0
2004 0
2005 0
2006 0
2007 0
2008 0
2009 0
2010 0
2011 0
2012 0
2013 0
2014 0
2015 1
2016 0
2017 0
2018 0
2019 0
2020 0
2021 0
2022 0
2023 0
2024 0
2025 0
2026 0
2027 0
2028 0
2029 0
2030 0
2031 0
2032 1
2033 0
2034 0
2035 0
2036 0
2037 0
2038 0
2039 0
2040 0
2041 0
2042 0
2043 0
2044 0
2045 0
2046 0
2047 1
2048 1
