0 0.1946
1 0.2184
2 0.1307
3 0.1132
4 0.0632
5 0.0377
6 0.144
7 0.013
8 0.1918
9 0.177
10 0.0
11 0.1396
12 0.0828
13 0.3091
14 0.0542
15 0.1443
16 0.1541
17 0.0742
18 0.148
19 0.1399
20 0.1966
21 0.087
22 0.0559
23 0.0031
24 0.1158
25 0.1574
26 0.0231
27 0.1276
28 0.0953
29 0.1447
30 0.1805
31 0.0164
32 0.0728
33 0.298
34 0.0654
35 0.1787
36 0.2784
37 0.2045
38 0.109
39 0.0504
40 0.0697
41 0.0398
42 0.1599
43 0.1969
44 0.0085
45 0.1002
46 0.2082
47 0.054
48 0.0877
49 0.0976
50 0.1683
51 0.0401
52 0.0403
53 0.161
54 0.056
55 0.0516
56 0.0638
57 0.0029
58 0.0343
59 0.1333
60 0.3014
61 0.0085
62 0.0
63 0.2037
64 0.309
65 0.1596
66 0.1572
67 0.2931
68 0.2291
69 0.3528
70 0.3393
71 0.1017
72 0.0584
73 0.1842
74 0.2085
75 0.2481
76 0.0875
77 0.2506
78 0.0634
79 0.2724
80 0.0362
81 0.1549
82 0.3154
83 0.0888
84 0.0418
85 0.0562
86 0.0996
87 0.3464
88 0.1788
89 0.2389
90 0.038
91 0.1516
92 0.1099
93 0.1478
94 0.0742
95 0.1342
96 0.0226
97 0.1284
98 0.1482
99 0.1605
100 0.0129
101 0.0254
102 0.2232
103 0.1218
104 0.1818
105 0.1682
106 0.0611
107 0.0735
108 0.1316
109 0.1813
110 0.0534
