-2120 1
-2119 0
-2118 0
-2117 0
-2116 0
-2115 0
-2114 0
-2113 0
-2112 0
-2111 0
-2110 0
-2109 0
-2108 0
-2107 0
-2106 0
-2105 0
-2104 0
-2103 0
-2102 0
-2101 0
-2100 0
-2099 0
-2098 0
-2097 0
-2096 1
-2095 0
-2094 0
-2093 0
-2092 0
-2091 0
-2090 0
-2089 0
-2088 0
-2087 0
-2086 0
-2085 0
-2084 0
-2083 0
-2082 0
-2081 0
-2080 0
-2079 0
-2078 0
-2077 0
-2076 0
-2075 0
-2074 0
-2073 0
-2072 0
-2071 0
-2070 0
-2069 0
-2068 0
-2067 0
-2066 0
-2065 0
-2064 0
-2063 0
-2062 0
-2061 0
-2060 0
-2059 0
-2058 0
-2057 0
-2056 0
-2055 0
-2054 0
-2053 0
-2052 0
-2051 0
-2050 0
-2049 0
-2048 0
-2047 0
-2046 0
-2045 0
-2044 0
-2043 0
-2042 0
-2041 0
-2040 0
-2039 0
-2038 0
-2037 1
-2036 0
-2035 0
-2034 0
-2033 0
-2032 0
-2031 0
-2030 0
-2029 0
-2028 0
-2027 0
-2026 0
-2025 0
-2024 0
-2023 0
-2022 0
-2021 0
-2020 0
-2019 0
-2018 0
-2017 0
-2016 0
-2015 0
-2014 0
-2013 0
-2012 0
-2011 0
-2010 0
-2009 0
-2008 0
-2007 0
-2006 0
-2005 0
-2004 1
-2003 1
-2002 0
-2001 0
-2000 0
-1999 0
-1998 0
-1997 0
-1996 0
-1995 0
-1994 0
-1993 1
-1992 0
-1991 0
-1990 0
-1989 0
-1988 0
-1987 0
-1986 0
-1985 0
-1984 0
-1983 0
-1982 0
-1981 0
-1980 0
-1979 0
-1978 0
-1977 0
-1976 0
-1975 0
-1974 0
-1973 0
-1972 0
-1971 0
-1970 0
-1969 0
-1968 0
-1967 0
-1966 0
-1965 0
-1964 0
-1963 0
-1962 0
-1961 0
-1960 0
-1959 1
-1958 0
-1957 0
-1956 1
-1955 1
-1954 0
-1953 0
-1952 0
-1951 0
-1950 0
-1949 0
-1948 0
-1947 0
-1946 0
-1945 2
-1944 0
-1943 0
-1942 0
-1941 0
-1940 1
-1939 0
-1938 1
-1937 0
-1936 0
-1935 0
-1934 0
-1933 0
-1932 1
-1931 0
-1930 0
-1929 0
-1928 0
-1927 0
-1926 0
-1925 0
-1924 0
-1923 0
-1922 0
-1921 1
-1920 0
-1919 0
-1918 1
-1917 0
-1916 0
-1915 0
-1914 0
-1913 0
-1912 0
-1911 1
-1910 0
-1909 0
-1908 0
-1907 0
-1906 0
-1905 1
-1904 1
-1903 1
-1902 0
-1901 1
-1900 1
-1899 0
-1898 0
-1897 0
-1896 1
-1895 0
-1894 0
-1893 0
-1892 0
-1891 0
-1890 0
-1889 0
-1888 0
-1887 0
-1886 0
-1885 0
-1884 0
-1883 0
-1882 0
-1881 0
-1880 0
-1879 0
-1878 0
-1877 0
-1876 0
-1875 0
-1874 0
-1873 0
-1872 0
-1871 0
-1870 0
-1869 0
-1868 0
-1867 0
-1866 1
-1865 1
-1864 0
-1863 0
-1862 1
-1861 0
-1860 0
-1859 0
-1858 1
-1857 2
-1856 0
-1855 0
-1854 0
-1853 1
-1852 1
-1851 0
-1850 0
-1849 0
-1848 0
-1847 1
-1846 0
-1845 0
-1844 0
-1843 1
-1842 0
-1841 0
-1840 1
-1839 0
-1838 0
-1837 0
-1836 0
-1835 0
-1834 0
-1833 0
-1832 0
-1831 1
-1830 1
-1829 0
-1828 3
-1827 0
-1826 1
-1825 0
-1824 1
-1823 0
-1822 0
-1821 0
-1820 0
-1819 1
-1818 1
-1817 0
-1816 1
-1815 0
-1814 2
-1813 0
-1812 0
-1811 1
-1810 0
-1809 0
-1808 0
-1807 0
-1806 0
-1805 2
-1804 0
-1803 0
-1802 1
-1801 0
-1800 0
-1799 0
-1798 1
-1797 0
-1796 2
-1795 0
-1794 2
-1793 0
-1792 0
-1791 0
-1790 0
-1789 0
-1788 0
-1787 1
-1786 0
-1785 0
-1784 0
-1783 0
-1782 0
-1781 0
-1780 1
-1779 0
-1778 0
-1777 0
-1776 0
-1775 0
-1774 1
-1773 1
-1772 0
-1771 0
-1770 1
-1769 0
-1768 0
-1767 0
-1766 0
-1765 0
-1764 0
-1763 0
-1762 0
-1761 0
-1760 0
-1759 0
-1758 2
-1757 0
-1756 0
-1755 1
-1754 0
-1753 3
-1752 0
-1751 1
-1750 1
-1749 0
-1748 0
-1747 2
-1746 2
-1745 1
-1744 0
-1743 0
-1742 0
-1741 0
-1740 3
-1739 2
-1738 1
-1737 0
-1736 0
-1735 0
-1734 2
-1733 1
-1732 0
-1731 1
-1730 1
-1729 0
-1728 0
-1727 2
-1726 1
-1725 0
-1724 1
-1723 0
-1722 0
-1721 0
-1720 1
-1719 1
-1718 0
-1717 1
-1716 1
-1715 1
-1714 2
-1713 2
-1712 0
-1711 1
-1710 1
-1709 0
-1708 1
-1707 1
-1706 0
-1705 0
-1704 1
-1703 0
-1702 0
-1701 0
-1700 0
-1699 0
-1698 0
-1697 0
-1696 1
-1695 0
-1694 1
-1693 0
-1692 1
-1691 0
-1690 0
-1689 1
-1688 1
-1687 1
-1686 2
-1685 0
-1684 1
-1683 1
-1682 0
-1681 2
-1680 1
-1679 0
-1678 1
-1677 0
-1676 0
-1675 1
-1674 0
-1673 0
-1672 0
-1671 3
-1670 0
-1669 0
-1668 0
-1667 0
-1666 2
-1665 0
-1664 0
-1663 0
-1662 1
-1661 1
-1660 1
-1659 1
-1658 0
-1657 2
-1656 0
-1655 1
-1654 1
-1653 0
-1652 0
-1651 0
-1650 1
-1649 1
-1648 2
-1647 1
-1646 1
-1645 0
-1644 2
-1643 0
-1642 1
-1641 0
-1640 0
-1639 1
-1638 0
-1637 1
-1636 1
-1635 5
-1634 1
-1633 2
-1632 1
-1631 3
-1630 2
-1629 1
-1628 0
-1627 1
-1626 0
-1625 2
-1624 1
-1623 1
-1622 3
-1621 2
-1620 0
-1619 1
-1618 3
-1617 0
-1616 0
-1615 3
-1614 0
-1613 1
-1612 2
-1611 0
-1610 0
-1609 0
-1608 0
-1607 1
-1606 2
-1605 0
-1604 1
-1603 2
-1602 1
-1601 2
-1600 0
-1599 1
-1598 3
-1597 3
-1596 0
-1595 2
-1594 0
-1593 2
-1592 0
-1591 2
-1590 0
-1589 1
-1588 0
-1587 1
-1586 2
-1585 0
-1584 0
-1583 2
-1582 2
-1581 2
-1580 2
-1579 4
-1578 2
-1577 0
-1576 2
-1575 1
-1574 0
-1573 1
-1572 3
-1571 0
-1570 0
-1569 0
-1568 1
-1567 0
-1566 0
-1565 2
-1564 0
-1563 3
-1562 1
-1561 1
-1560 1
-1559 1
-1558 1
-1557 5
-1556 1
-1555 1
-1554 0
-1553 0
-1552 3
-1551 1
-1550 0
-1549 0
-1548 1
-1547 1
-1546 1
-1545 0
-1544 0
-1543 2
-1542 0
-1541 3
-1540 1
-1539 1
-1538 0
-1537 1
-1536 0
-1535 2
-1534 1
-1533 1
-1532 1
-1531 2
-1530 1
-1529 3
-1528 2
-1527 2
-1526 1
-1525 3
-1524 1
-1523 0
-1522 0
-1521 2
-1520 1
-1519 5
-1518 0
-1517 2
-1516 1
-1515 0
-1514 1
-1513 4
-1512 1
-1511 2
-1510 1
-1509 2
-1508 1
-1507 0
-1506 1
-1505 2
-1504 1
-1503 2
-1502 0
-1501 3
-1500 2
-1499 1
-1498 5
-1497 0
-1496 2
-1495 3
-1494 0
-1493 2
-1492 0
-1491 0
-1490 1
-1489 1
-1488 1
-1487 1
-1486 1
-1485 0
-1484 4
-1483 1
-1482 1
-1481 2
-1480 2
-1479 3
-1478 1
-1477 3
-1476 1
-1475 3
-1474 1
-1473 1
-1472 3
-1471 0
-1470 0
-1469 3
-1468 2
-1467 2
-1466 6
-1465 3
-1464 3
-1463 3
-1462 1
-1461 3
-1460 0
-1459 0
-1458 1
-1457 0
-1456 0
-1455 1
-1454 1
-1453 3
-1452 4
-1451 1
-1450 2
-1449 2
-1448 3
-1447 1
-1446 2
-1445 1
-1444 2
-1443 4
-1442 1
-1441 3
-1440 3
-1439 1
-1438 0
-1437 1
-1436 1
-1435 1
-1434 1
-1433 5
-1432 1
-1431 4
-1430 2
-1429 2
-1428 1
-1427 4
-1426 2
-1425 1
-1424 1
-1423 4
-1422 3
-1421 5
-1420 4
-1419 1
-1418 3
-1417 3
-1416 1
-1415 6
-1414 1
-1413 2
-1412 1
-1411 4
-1410 1
-1409 2
-1408 1
-1407 3
-1406 1
-1405 1
-1404 0
-1403 5
-1402 2
-1401 1
-1400 5
-1399 1
-1398 4
-1397 4
-1396 3
-1395 2
-1394 4
-1393 3
-1392 3
-1391 3
-1390 4
-1389 1
-1388 3
-1387 3
-1386 3
-1385 1
-1384 2
-1383 5
-1382 2
-1381 2
-1380 1
-1379 3
-1378 5
-1377 3
-1376 3
-1375 5
-1374 2
-1373 5
-1372 2
-1371 1
-1370 3
-1369 3
-1368 4
-1367 3
-1366 5
-1365 2
-1364 2
-1363 4
-1362 3
-1361 1
-1360 2
-1359 3
-1358 2
-1357 4
-1356 2
-1355 3
-1354 4
-1353 2
-1352 3
-1351 9
-1350 2
-1349 1
-1348 3
-1347 1
-1346 7
-1345 3
-1344 4
-1343 4
-1342 4
-1341 1
-1340 3
-1339 4
-1338 1
-1337 5
-1336 6
-1335 2
-1334 1
-1333 0
-1332 4
-1331 2
-1330 3
-1329 3
-1328 1
-1327 2
-1326 1
-1325 8
-1324 1
-1323 2
-1322 6
-1321 5
-1320 3
-1319 10
-1318 2
-1317 5
-1316 5
-1315 1
-1314 6
-1313 2
-1312 9
-1311 2
-1310 6
-1309 4
-1308 6
-1307 6
-1306 1
-1305 2
-1304 3
-1303 3
-1302 0
-1301 5
-1300 3
-1299 5
-1298 3
-1297 7
-1296 8
-1295 6
-1294 1
-1293 3
-1292 3
-1291 5
-1290 2
-1289 6
-1288 8
-1287 3
-1286 7
-1285 5
-1284 6
-1283 5
-1282 6
-1281 3
-1280 8
-1279 4
-1278 7
-1277 6
-1276 8
-1275 4
-1274 5
-1273 8
-1272 5
-1271 4
-1270 4
-1269 1
-1268 4
-1267 1
-1266 1
-1265 4
-1264 5
-1263 1
-1262 5
-1261 1
-1260 5
-1259 5
-1258 4
-1257 6
-1256 3
-1255 3
-1254 8
-1253 9
-1252 8
-1251 8
-1250 2
-1249 3
-1248 4
-1247 3
-1246 3
-1245 5
-1244 4
-1243 3
-1242 2
-1241 4
-1240 1
-1239 3
-1238 6
-1237 5
-1236 4
-1235 4
-1234 2
-1233 4
-1232 3
-1231 7
-1230 4
-1229 6
-1228 7
-1227 6
-1226 9
-1225 5
-1224 7
-1223 2
-1222 8
-1221 2
-1220 6
-1219 4
-1218 3
-1217 8
-1216 5
-1215 7
-1214 5
-1213 5
-1212 3
-1211 6
-1210 6
-1209 5
-1208 4
-1207 7
-1206 3
-1205 1
-1204 4
-1203 4
-1202 5
-1201 3
-1200 7
-1199 6
-1198 4
-1197 6
-1196 4
-1195 5
-1194 9
-1193 2
-1192 7
-1191 6
-1190 4
-1189 5
-1188 4
-1187 5
-1186 6
-1185 7
-1184 10
-1183 2
-1182 7
-1181 15
-1180 5
-1179 5
-1178 2
-1177 7
-1176 9
-1175 6
-1174 4
-1173 6
-1172 4
-1171 2
-1170 5
-1169 4
-1168 5
-1167 6
-1166 11
-1165 6
-1164 7
-1163 10
-1162 3
-1161 9
-1160 4
-1159 7
-1158 11
-1157 5
-1156 5
-1155 1
-1154 7
-1153 3
-1152 6
-1151 4
-1150 6
-1149 9
-1148 5
-1147 7
-1146 5
-1145 5
-1144 3
-1143 8
-1142 7
-1141 8
-1140 8
-1139 8
-1138 9
-1137 13
-1136 6
-1135 8
-1134 2
-1133 9
-1132 6
-1131 11
-1130 6
-1129 9
-1128 7
-1127 8
-1126 8
-1125 3
-1124 7
-1123 5
-1122 8
-1121 5
-1120 8
-1119 12
-1118 10
-1117 6
-1116 6
-1115 7
-1114 4
-1113 8
-1112 7
-1111 11
-1110 3
-1109 5
-1108 6
-1107 7
-1106 13
-1105 10
-1104 7
-1103 8
-1102 6
-1101 5
-1100 7
-1099 6
-1098 8
-1097 6
-1096 8
-1095 6
-1094 10
-1093 6
-1092 8
-1091 5
-1090 4
-1089 8
-1088 11
-1087 2
-1086 7
-1085 13
-1084 15
-1083 7
-1082 10
-1081 5
-1080 6
-1079 5
-1078 11
-1077 5
-1076 7
-1075 8
-1074 13
-1073 12
-1072 8
-1071 11
-1070 11
-1069 4
-1068 6
-1067 11
-1066 13
-1065 19
-1064 9
-1063 9
-1062 11
-1061 10
-1060 9
-1059 11
-1058 4
-1057 10
-1056 10
-1055 12
-1054 5
-1053 7
-1052 10
-1051 14
-1050 14
-1049 7
-1048 6
-1047 10
-1046 8
-1045 8
-1044 15
-1043 15
-1042 6
-1041 9
-1040 11
-1039 16
-1038 9
-1037 11
-1036 11
-1035 9
-1034 12
-1033 10
-1032 13
-1031 15
-1030 18
-1029 9
-1028 12
-1027 8
-1026 9
-1025 4
-1024 10
-1023 12
-1022 13
-1021 13
-1020 14
-1019 14
-1018 11
-1017 7
-1016 12
-1015 13
-1014 12
-1013 15
-1012 9
-1011 9
-1010 13
-1009 17
-1008 16
-1007 9
-1006 11
-1005 11
-1004 9
-1003 11
-1002 11
-1001 14
-1000 20
-999 17
-998 6
-997 10
-996 12
-995 20
-994 13
-993 11
-992 12
-991 14
-990 11
-989 11
-988 14
-987 12
-986 13
-985 10
-984 9
-983 17
-982 13
-981 14
-980 19
-979 12
-978 14
-977 14
-976 9
-975 12
-974 8
-973 11
-972 13
-971 13
-970 16
-969 8
-968 19
-967 13
-966 18
-965 16
-964 18
-963 14
-962 8
-961 16
-960 16
-959 20
-958 17
-957 11
-956 11
-955 16
-954 17
-953 16
-952 12
-951 12
-950 16
-949 14
-948 24
-947 10
-946 13
-945 13
-944 13
-943 13
-942 11
-941 11
-940 16
-939 19
-938 17
-937 9
-936 10
-935 16
-934 18
-933 16
-932 14
-931 8
-930 20
-929 12
-928 19
-927 10
-926 18
-925 16
-924 13
-923 19
-922 22
-921 12
-920 17
-919 20
-918 17
-917 14
-916 6
-915 15
-914 18
-913 15
-912 16
-911 18
-910 18
-909 22
-908 25
-907 16
-906 14
-905 19
-904 22
-903 22
-902 18
-901 26
-900 22
-899 12
-898 14
-897 14
-896 9
-895 13
-894 16
-893 21
-892 17
-891 26
-890 18
-889 12
-888 14
-887 17
-886 27
-885 18
-884 20
-883 20
-882 18
-881 16
-880 17
-879 15
-878 22
-877 21
-876 16
-875 26
-874 10
-873 18
-872 15
-871 22
-870 15
-869 18
-868 24
-867 14
-866 25
-865 16
-864 27
-863 10
-862 22
-861 18
-860 20
-859 24
-858 22
-857 32
-856 21
-855 16
-854 20
-853 21
-852 20
-851 21
-850 14
-849 21
-848 23
-847 18
-846 25
-845 15
-844 16
-843 15
-842 16
-841 14
-840 28
-839 16
-838 27
-837 22
-836 18
-835 26
-834 14
-833 23
-832 15
-831 16
-830 25
-829 22
-828 20
-827 13
-826 35
-825 16
-824 15
-823 23
-822 24
-821 24
-820 17
-819 21
-818 21
-817 24
-816 31
-815 22
-814 21
-813 21
-812 16
-811 16
-810 23
-809 23
-808 22
-807 27
-806 20
-805 24
-804 20
-803 25
-802 22
-801 21
-800 19
-799 26
-798 27
-797 25
-796 23
-795 27
-794 28
-793 23
-792 25
-791 26
-790 24
-789 28
-788 20
-787 27
-786 19
-785 26
-784 13
-783 26
-782 25
-781 22
-780 12
-779 21
-778 28
-777 41
-776 28
-775 30
-774 20
-773 28
-772 28
-771 32
-770 41
-769 31
-768 22
-767 29
-766 19
-765 28
-764 38
-763 31
-762 32
-761 30
-760 26
-759 26
-758 26
-757 22
-756 30
-755 25
-754 34
-753 25
-752 20
-751 24
-750 27
-749 30
-748 27
-747 33
-746 33
-745 34
-744 25
-743 14
-742 25
-741 30
-740 27
-739 33
-738 30
-737 34
-736 14
-735 32
-734 28
-733 47
-732 36
-731 30
-730 25
-729 26
-728 18
-727 36
-726 33
-725 28
-724 37
-723 29
-722 31
-721 31
-720 25
-719 37
-718 37
-717 36
-716 25
-715 41
-714 31
-713 27
-712 30
-711 28
-710 35
-709 34
-708 30
-707 33
-706 28
-705 33
-704 36
-703 38
-702 24
-701 34
-700 41
-699 37
-698 36
-697 38
-696 38
-695 31
-694 34
-693 38
-692 37
-691 42
-690 35
-689 34
-688 40
-687 42
-686 38
-685 32
-684 48
-683 33
-682 31
-681 38
-680 29
-679 34
-678 39
-677 44
-676 25
-675 35
-674 31
-673 34
-672 32
-671 31
-670 51
-669 39
-668 35
-667 36
-666 34
-665 27
-664 40
-663 42
-662 30
-661 39
-660 42
-659 42
-658 23
-657 26
-656 42
-655 33
-654 32
-653 34
-652 23
-651 27
-650 37
-649 33
-648 32
-647 29
-646 35
-645 46
-644 41
-643 42
-642 42
-641 41
-640 40
-639 40
-638 36
-637 34
-636 40
-635 45
-634 45
-633 37
-632 43
-631 40
-630 52
-629 39
-628 44
-627 35
-626 35
-625 44
-624 46
-623 29
-622 38
-621 40
-620 41
-619 41
-618 62
-617 40
-616 43
-615 46
-614 49
-613 49
-612 50
-611 49
-610 43
-609 44
-608 43
-607 48
-606 39
-605 52
-604 47
-603 44
-602 46
-601 47
-600 41
-599 49
-598 43
-597 47
-596 52
-595 44
-594 50
-593 44
-592 32
-591 47
-590 45
-589 39
-588 33
-587 48
-586 57
-585 39
-584 42
-583 40
-582 46
-581 47
-580 31
-579 45
-578 44
-577 65
-576 64
-575 57
-574 49
-573 52
-572 48
-571 42
-570 44
-569 48
-568 44
-567 49
-566 39
-565 63
-564 62
-563 59
-562 51
-561 56
-560 49
-559 45
-558 67
-557 65
-556 61
-555 64
-554 58
-553 51
-552 68
-551 49
-550 53
-549 49
-548 55
-547 59
-546 55
-545 72
-544 62
-543 49
-542 42
-541 59
-540 58
-539 65
-538 51
-537 69
-536 61
-535 60
-534 50
-533 50
-532 54
-531 66
-530 76
-529 60
-528 66
-527 77
-526 54
-525 62
-524 67
-523 70
-522 88
-521 59
-520 66
-519 67
-518 64
-517 58
-516 64
-515 65
-514 78
-513 65
-512 58
-511 56
-510 67
-509 84
-508 62
-507 65
-506 73
-505 64
-504 75
-503 61
-502 63
-501 68
-500 63
-499 64
-498 61
-497 74
-496 75
-495 71
-494 72
-493 66
-492 76
-491 74
-490 75
-489 75
-488 64
-487 76
-486 84
-485 76
-484 67
-483 58
-482 66
-481 81
-480 71
-479 79
-478 90
-477 86
-476 91
-475 76
-474 65
-473 76
-472 85
-471 71
-470 82
-469 65
-468 76
-467 79
-466 73
-465 87
-464 95
-463 85
-462 85
-461 86
-460 70
-459 66
-458 83
-457 90
-456 84
-455 80
-454 95
-453 81
-452 89
-451 96
-450 80
-449 83
-448 72
-447 72
-446 74
-445 78
-444 75
-443 67
-442 87
-441 90
-440 81
-439 105
-438 83
-437 76
-436 68
-435 81
-434 88
-433 87
-432 95
-431 97
-430 95
-429 90
-428 91
-427 90
-426 80
-425 97
-424 86
-423 88
-422 89
-421 98
-420 107
-419 86
-418 98
-417 94
-416 90
-415 100
-414 90
-413 111
-412 84
-411 97
-410 89
-409 113
-408 95
-407 92
-406 90
-405 92
-404 107
-403 95
-402 102
-401 96
-400 117
-399 101
-398 104
-397 111
-396 88
-395 82
-394 116
-393 110
-392 111
-391 95
-390 103
-389 108
-388 128
-387 95
-386 110
-385 103
-384 121
-383 125
-382 127
-381 116
-380 120
-379 113
-378 122
-377 119
-376 119
-375 123
-374 104
-373 109
-372 111
-371 125
-370 102
-369 122
-368 117
-367 121
-366 106
-365 124
-364 110
-363 116
-362 119
-361 116
-360 132
-359 113
-358 117
-357 135
-356 121
-355 99
-354 126
-353 142
-352 118
-351 118
-350 141
-349 139
-348 129
-347 135
-346 139
-345 137
-344 127
-343 144
-342 131
-341 136
-340 136
-339 130
-338 134
-337 129
-336 139
-335 138
-334 140
-333 133
-332 122
-331 144
-330 122
-329 152
-328 144
-327 148
-326 144
-325 158
-324 138
-323 130
-322 157
-321 127
-320 151
-319 166
-318 128
-317 162
-316 129
-315 147
-314 170
-313 158
-312 161
-311 163
-310 168
-309 125
-308 124
-307 149
-306 173
-305 170
-304 157
-303 180
-302 155
-301 159
-300 180
-299 176
-298 154
-297 178
-296 163
-295 167
-294 180
-293 169
-292 185
-291 186
-290 181
-289 170
-288 168
-287 174
-286 161
-285 190
-284 189
-283 174
-282 191
-281 173
-280 188
-279 177
-278 176
-277 197
-276 180
-275 199
-274 210
-273 186
-272 205
-271 206
-270 207
-269 197
-268 225
-267 198
-266 181
-265 199
-264 222
-263 244
-262 195
-261 197
-260 232
-259 223
-258 221
-257 206
-256 207
-255 247
-254 236
-253 250
-252 215
-251 220
-250 216
-249 242
-248 239
-247 237
-246 228
-245 234
-244 252
-243 234
-242 248
-241 258
-240 264
-239 246
-238 244
-237 241
-236 276
-235 218
-234 258
-233 245
-232 231
-231 272
-230 253
-229 269
-228 273
-227 270
-226 280
-225 278
-224 266
-223 287
-222 287
-221 283
-220 270
-219 285
-218 289
-217 274
-216 292
-215 294
-214 306
-213 328
-212 308
-211 306
-210 343
-209 315
-208 286
-207 354
-206 332
-205 324
-204 324
-203 339
-202 314
-201 357
-200 320
-199 325
-198 345
-197 345
-196 335
-195 374
-194 372
-193 349
-192 361
-191 399
-190 362
-189 358
-188 361
-187 346
-186 373
-185 340
-184 383
-183 420
-182 415
-181 412
-180 378
-179 402
-178 412
-177 436
-176 400
-175 401
-174 436
-173 412
-172 446
-171 396
-170 485
-169 478
-168 469
-167 498
-166 470
-165 466
-164 492
-163 459
-162 474
-161 458
-160 465
-159 498
-158 479
-157 488
-156 532
-155 526
-154 566
-153 542
-152 517
-151 540
-150 580
-149 549
-148 576
-147 582
-146 568
-145 564
-144 605
-143 614
-142 548
-141 593
-140 598
-139 577
-138 637
-137 622
-136 676
-135 626
-134 713
-133 731
-132 657
-131 672
-130 705
-129 703
-128 705
-127 701
-126 769
-125 746
-124 743
-123 788
-122 774
-121 807
-120 840
-119 839
-118 845
-117 841
-116 852
-115 871
-114 886
-113 927
-112 881
-111 911
-110 956
-109 933
-108 1020
-107 1012
-106 990
-105 1016
-104 1066
-103 1050
-102 1063
-101 1085
-100 1046
-99 1127
-98 1130
-97 1186
-96 1173
-95 1181
-94 1205
-93 1238
-92 1278
-91 1243
-90 1280
-89 1319
-88 1356
-87 1396
-86 1478
-85 1446
-84 1415
-83 1498
-82 1482
-81 1548
-80 1593
-79 1628
-78 1671
-77 1647
-76 1736
-75 1779
-74 1682
-73 1789
-72 1887
-71 1928
-70 2008
-69 2005
-68 2149
-67 2217
-66 2157
-65 2181
-64 2365
-63 2452
-62 2530
-61 2432
-60 2579
-59 2659
-58 2740
-57 2774
-56 2906
-55 3034
-54 3170
-53 3269
-52 3254
-51 3425
-50 3541
-49 3589
-48 3761
-47 3901
-46 4038
-45 4265
-44 4526
-43 4602
-42 4717
-41 4975
-40 5172
-39 5299
-38 5648
-37 5914
-36 6163
-35 6432
-34 7002
-33 7207
-32 7544
-31 7992
-30 8516
-29 8986
-28 9681
-27 10198
-26 11060
-25 11934
-24 12753
-23 13804
-22 14522
-21 15956
-20 17528
-19 19089
-18 21574
-17 23236
-16 26285
-15 29735
-14 33587
-13 38252
-12 45088
-11 53603
-10 63928
-9 79006
-8 99969
-7 131484
-6 181802
-5 269870
-4 454258
-3 952914
-2 3083235
-1 43545386
0 1010943822
1 45371101
2 1701433
3 600965
4 336454
5 216998
6 153613
7 115332
8 88887
9 71807
10 59322
11 49817
12 42218
13 36216
14 31442
15 27967
16 25329
17 22365
18 20434
19 18438
20 16841
21 15311
22 14179
23 13461
24 12253
25 11539
26 10626
27 9991
28 9319
29 8757
30 8433
31 8091
32 7356
33 7016
34 6664
35 6413
36 6010
37 5927
38 5578
39 5466
40 4969
41 4834
42 4674
43 4493
44 4287
45 4240
46 4102
47 3812
48 3675
49 3654
50 3474
51 3338
52 3278
53 3146
54 3047
55 3024
56 2898
57 2781
58 2701
59 2593
60 2590
61 2455
62 2475
63 2365
64 2328
65 2206
66 2188
67 2089
68 2096
69 1969
70 1986
71 1945
72 1853
73 1842
74 1769
75 1782
76 1696
77 1653
78 1598
79 1624
80 1596
81 1493
82 1544
83 1492
84 1412
85 1477
86 1394
87 1409
88 1380
89 1364
90 1268
91 1228
92 1223
93 1265
94 1228
95 1215
96 1175
97 1130
98 1184
99 1068
100 1091
101 1094
102 1062
103 1029
104 1005
105 987
106 947
107 992
108 1016
109 996
110 925
111 881
112 931
113 917
114 922
115 862
116 860
117 857
118 805
119 816
120 779
121 805
122 796
123 747
124 769
125 773
126 749
127 764
128 745
129 689
130 703
131 659
132 697
133 674
134 686
135 621
136 667
137 632
138 593
139 584
140 610
141 555
142 558
143 577
144 565
145 575
146 561
147 546
148 570
149 548
150 549
151 586
152 528
153 538
154 513
155 522
156 512
157 533
158 469
159 494
160 502
161 460
162 456
163 461
164 467
165 454
166 426
167 456
168 505
169 454
170 438
171 469
172 416
173 420
174 425
175 425
176 420
177 427
178 395
179 431
180 415
181 436
182 388
183 387
184 401
185 399
186 380
187 361
188 386
189 366
190 336
191 369
192 343
193 385
194 386
195 328
196 334
197 337
198 365
199 367
200 369
201 299
202 349
203 335
204 342
205 338
206 324
207 327
208 317
209 266
210 287
211 335
212 285
213 313
214 340
215 302
216 283
217 306
218 318
219 249
220 271
221 278
222 276
223 282
224 286
225 265
226 289
227 271
228 277
229 259
230 265
231 274
232 248
233 232
234 261
235 243
236 230
237 235
238 256
239 243
240 262
241 231
242 254
243 235
244 244
245 234
246 228
247 224
248 234
249 221
250 229
251 200
252 245
253 235
254 204
255 228
256 222
257 213
258 213
259 223
260 203
261 198
262 212
263 224
264 205
265 203
266 183
267 209
268 225
269 207
270 198
271 193
272 203
273 202
274 194
275 182
276 184
277 192
278 214
279 203
280 169
281 189
282 189
283 176
284 196
285 173
286 169
287 171
288 191
289 181
290 188
291 185
292 172
293 159
294 165
295 170
296 158
297 166
298 154
299 170
300 172
301 149
302 167
303 153
304 162
305 169
306 148
307 156
308 155
309 150
310 160
311 166
312 166
313 155
314 141
315 149
316 137
317 160
318 163
319 119
320 164
321 158
322 151
323 135
324 135
325 155
326 139
327 134
328 157
329 131
330 139
331 129
332 126
333 145
334 140
335 121
336 138
337 124
338 136
339 138
340 137
341 138
342 143
343 128
344 116
345 133
346 144
347 139
348 120
349 143
350 155
351 107
352 126
353 134
354 122
355 130
356 116
357 117
358 127
359 107
360 119
361 125
362 152
363 115
364 120
365 142
366 109
367 97
368 121
369 120
370 110
371 103
372 130
373 126
374 114
375 130
376 112
377 111
378 114
379 126
380 108
381 104
382 120
383 116
384 124
385 102
386 104
387 94
388 101
389 103
390 95
391 100
392 123
393 89
394 96
395 110
396 95
397 106
398 112
399 87
400 88
401 85
402 93
403 100
404 106
405 95
406 91
407 84
408 105
409 98
410 101
411 97
412 94
413 106
414 85
415 103
416 100
417 78
418 93
419 72
420 104
421 101
422 85
423 85
424 99
425 99
426 108
427 102
428 101
429 82
430 89
431 89
432 69
433 94
434 81
435 84
436 87
437 71
438 74
439 93
440 111
441 85
442 85
443 92
444 83
445 67
446 88
447 76
448 67
449 69
450 79
451 83
452 107
453 92
454 81
455 91
456 90
457 80
458 78
459 97
460 82
461 76
462 75
463 78
464 91
465 70
466 77
467 82
468 74
469 78
470 62
471 75
472 62
473 80
474 90
475 79
476 73
477 79
478 83
479 81
480 71
481 59
482 65
483 71
484 84
485 70
486 68
487 74
488 78
489 77
490 70
491 56
492 62
493 76
494 79
495 89
496 59
497 69
498 70
499 71
500 56
501 71
502 75
503 62
504 59
505 62
506 71
507 70
508 71
509 72
510 58
511 64
512 74
513 73
514 56
515 54
516 64
517 53
518 66
519 66
520 85
521 63
522 65
523 75
524 58
525 69
526 59
527 68
528 56
529 72
530 71
531 54
532 62
533 56
534 49
535 65
536 64
537 54
538 64
539 65
540 60
541 44
542 65
543 42
544 65
545 69
546 59
547 57
548 66
549 80
550 48
551 54
552 51
553 73
554 54
555 64
556 55
557 56
558 49
559 42
560 52
561 48
562 43
563 52
564 60
565 44
566 49
567 50
568 51
569 54
570 51
571 45
572 48
573 58
574 44
575 39
576 51
577 50
578 45
579 46
580 41
581 67
582 34
583 47
584 56
585 42
586 51
587 44
588 46
589 50
590 42
591 47
592 44
593 45
594 59
595 26
596 39
597 49
598 34
599 51
600 53
601 55
602 42
603 34
604 55
605 47
606 47
607 41
608 41
609 43
610 40
611 46
612 41
613 36
614 47
615 43
616 40
617 36
618 44
619 41
620 44
621 44
622 43
623 40
624 46
625 45
626 36
627 35
628 47
629 27
630 33
631 40
632 35
633 45
634 39
635 35
636 36
637 32
638 41
639 37
640 32
641 43
642 43
643 35
644 29
645 42
646 40
647 30
648 31
649 42
650 40
651 29
652 41
653 34
654 26
655 35
656 44
657 31
658 35
659 41
660 35
661 46
662 42
663 26
664 27
665 37
666 45
667 33
668 34
669 27
670 24
671 39
672 40
673 43
674 39
675 25
676 45
677 39
678 35
679 33
680 35
681 35
682 33
683 30
684 36
685 34
686 41
687 29
688 32
689 43
690 36
691 30
692 30
693 30
694 29
695 39
696 31
697 38
698 41
699 30
700 38
701 38
702 37
703 34
704 22
705 33
706 33
707 42
708 35
709 31
710 32
711 39
712 37
713 27
714 34
715 27
716 32
717 25
718 43
719 27
720 29
721 24
722 39
723 32
724 38
725 24
726 30
727 25
728 26
729 31
730 31
731 22
732 38
733 32
734 27
735 26
736 34
737 32
738 32
739 30
740 27
741 30
742 24
743 36
744 21
745 26
746 31
747 27
748 36
749 27
750 34
751 32
752 20
753 21
754 27
755 21
756 26
757 25
758 24
759 36
760 24
761 24
762 28
763 33
764 27
765 25
766 21
767 35
768 31
769 32
770 28
771 23
772 27
773 28
774 32
775 33
776 17
777 21
778 23
779 24
780 26
781 24
782 26
783 24
784 21
785 16
786 32
787 16
788 25
789 25
790 22
791 29
792 32
793 23
794 20
795 29
796 23
797 27
798 24
799 31
800 26
801 25
802 19
803 17
804 23
805 15
806 25
807 22
808 23
809 17
810 25
811 21
812 23
813 28
814 24
815 28
816 16
817 29
818 17
819 21
820 16
821 23
822 20
823 26
824 19
825 24
826 22
827 18
828 18
829 21
830 28
831 22
832 20
833 23
834 16
835 19
836 21
837 24
838 28
839 20
840 20
841 25
842 14
843 22
844 23
845 15
846 22
847 23
848 27
849 13
850 19
851 23
852 18
853 22
854 17
855 17
856 17
857 15
858 28
859 27
860 21
861 20
862 13
863 20
864 18
865 26
866 25
867 22
868 24
869 22
870 18
871 26
872 20
873 15
874 19
875 19
876 16
877 17
878 13
879 24
880 20
881 16
882 19
883 20
884 24
885 12
886 22
887 23
888 11
889 14
890 18
891 19
892 20
893 14
894 16
895 18
896 21
897 14
898 18
899 19
900 21
901 18
902 20
903 19
904 21
905 12
906 24
907 21
908 15
909 14
910 18
911 17
912 16
913 18
914 11
915 13
916 13
917 12
918 23
919 19
920 16
921 21
922 14
923 20
924 13
925 15
926 9
927 14
928 13
929 12
930 10
931 18
932 20
933 10
934 15
935 26
936 26
937 12
938 19
939 10
940 19
941 18
942 16
943 10
944 13
945 12
946 17
947 13
948 19
949 14
950 11
951 13
952 16
953 12
954 16
955 12
956 22
957 14
958 5
959 23
960 8
961 17
962 13
963 10
964 18
965 18
966 13
967 8
968 16
969 15
970 15
971 18
972 17
973 11
974 16
975 13
976 5
977 8
978 9
979 20
980 10
981 17
982 16
983 10
984 15
985 9
986 18
987 8
988 13
989 13
990 14
991 13
992 10
993 9
994 18
995 16
996 11
997 10
998 16
999 12
1000 10
1001 10
1002 14
1003 12
1004 13
1005 9
1006 15
1007 13
1008 13
1009 11
1010 12
1011 13
1012 12
1013 12
1014 14
1015 10
1016 9
1017 14
1018 12
1019 10
1020 15
1021 9
1022 9
1023 12
1024 12
1025 10
1026 12
1027 13
1028 6
1029 13
1030 15
1031 14
1032 10
1033 7
1034 18
1035 5
1036 8
1037 10
1038 9
1039 8
1040 10
1041 9
1042 13
1043 6
1044 13
1045 10
1046 13
1047 10
1048 13
1049 12
1050 18
1051 12
1052 5
1053 6
1054 7
1055 8
1056 2
1057 8
1058 6
1059 16
1060 9
1061 9
1062 9
1063 17
1064 4
1065 8
1066 8
1067 11
1068 9
1069 10
1070 8
1071 10
1072 11
1073 4
1074 7
1075 10
1076 7
1077 11
1078 7
1079 8
1080 10
1081 6
1082 8
1083 11
1084 10
1085 9
1086 13
1087 8
1088 8
1089 9
1090 10
1091 10
1092 10
1093 7
1094 7
1095 7
1096 2
1097 7
1098 5
1099 7
1100 10
1101 6
1102 6
1103 7
1104 7
1105 6
1106 7
1107 9
1108 3
1109 3
1110 7
1111 10
1112 14
1113 5
1114 5
1115 6
1116 6
1117 7
1118 9
1119 8
1120 9
1121 5
1122 6
1123 6
1124 11
1125 8
1126 8
1127 13
1128 9
1129 9
1130 5
1131 4
1132 6
1133 8
1134 8
1135 4
1136 8
1137 7
1138 8
1139 3
1140 3
1141 7
1142 6
1143 6
1144 7
1145 8
1146 4
1147 12
1148 7
1149 5
1150 5
1151 9
1152 9
1153 5
1154 4
1155 9
1156 3
1157 4
1158 4
1159 6
1160 6
1161 8
1162 7
1163 4
1164 5
1165 11
1166 9
1167 8
1168 7
1169 3
1170 7
1171 7
1172 5
1173 8
1174 4
1175 6
1176 6
1177 7
1178 3
1179 6
1180 4
1181 14
1182 6
1183 7
1184 3
1185 8
1186 7
1187 5
1188 2
1189 3
1190 3
1191 5
1192 5
1193 8
1194 8
1195 6
1196 4
1197 5
1198 5
1199 3
1200 7
1201 4
1202 8
1203 6
1204 5
1205 5
1206 5
1207 7
1208 3
1209 5
1210 6
1211 6
1212 7
1213 7
1214 5
1215 8
1216 4
1217 2
1218 6
1219 5
1220 4
1221 5
1222 5
1223 8
1224 4
1225 6
1226 3
1227 3
1228 8
1229 6
1230 7
1231 5
1232 8
1233 1
1234 6
1235 2
1236 4
1237 4
1238 5
1239 6
1240 2
1241 3
1242 1
1243 3
1244 3
1245 3
1246 8
1247 7
1248 2
1249 5
1250 3
1251 8
1252 5
1253 9
1254 3
1255 7
1256 2
1257 5
1258 9
1259 4
1260 6
1261 7
1262 2
1263 3
1264 4
1265 6
1266 5
1267 5
1268 6
1269 4
1270 3
1271 8
1272 4
1273 4
1274 4
1275 2
1276 7
1277 7
1278 3
1279 3
1280 4
1281 5
1282 8
1283 4
1284 3
1285 3
1286 4
1287 3
1288 3
1289 4
1290 2
1291 2
1292 7
1293 7
1294 2
1295 4
1296 2
1297 3
1298 5
1299 2
1300 4
1301 6
1302 5
1303 7
1304 4
1305 7
1306 5
1307 1
1308 4
1309 2
1310 6
1311 5
1312 1
1313 5
1314 6
1315 5
1316 5
1317 6
1318 2
1319 4
1320 4
1321 4
1322 5
1323 3
1324 5
1325 3
1326 2
1327 2
1328 4
1329 6
1330 6
1331 2
1332 1
1333 3
1334 4
1335 3
1336 4
1337 4
1338 3
1339 1
1340 2
1341 3
1342 3
1343 0
1344 5
1345 7
1346 0
1347 1
1348 2
1349 3
1350 2
1351 3
1352 3
1353 6
1354 1
1355 5
1356 5
1357 1
1358 3
1359 2
1360 3
1361 4
1362 2
1363 1
1364 5
1365 3
1366 0
1367 7
1368 4
1369 2
1370 1
1371 2
1372 4
1373 2
1374 2
1375 2
1376 3
1377 3
1378 6
1379 3
1380 3
1381 5
1382 3
1383 4
1384 2
1385 2
1386 1
1387 1
1388 2
1389 2
1390 1
1391 1
1392 2
1393 3
1394 3
1395 1
1396 3
1397 3
1398 3
1399 3
1400 2
1401 4
1402 1
1403 2
1404 5
1405 2
1406 1
1407 1
1408 6
1409 3
1410 4
1411 0
1412 0
1413 2
1414 4
1415 4
1416 4
1417 3
1418 2
1419 4
1420 1
1421 6
1422 0
1423 3
1424 5
1425 3
1426 2
1427 0
1428 1
1429 2
1430 1
1431 3
1432 0
1433 2
1434 1
1435 3
1436 0
1437 2
1438 2
1439 0
1440 4
1441 3
1442 2
1443 2
1444 1
1445 1
1446 3
1447 3
1448 3
1449 2
1450 4
1451 1
1452 2
1453 1
1454 2
1455 1
1456 2
1457 1
1458 0
1459 2
1460 1
1461 1
1462 1
1463 4
1464 0
1465 1
1466 1
1467 0
1468 3
1469 2
1470 1
1471 2
1472 3
1473 1
1474 2
1475 2
1476 1
1477 2
1478 1
1479 2
1480 0
1481 1
1482 2
1483 3
1484 0
1485 4
1486 2
1487 1
1488 1
1489 2
1490 1
1491 2
1492 5
1493 2
1494 0
1495 2
1496 4
1497 1
1498 0
1499 1
1500 1
1501 4
1502 4
1503 1
1504 2
1505 1
1506 0
1507 1
1508 3
1509 2
1510 1
1511 0
1512 1
1513 1
1514 5
1515 0
1516 0
1517 0
1518 0
1519 3
1520 1
1521 1
1522 1
1523 1
1524 3
1525 2
1526 3
1527 0
1528 4
1529 1
1530 1
1531 2
1532 0
1533 1
1534 2
1535 3
1536 0
1537 3
1538 3
1539 2
1540 0
1541 0
1542 0
1543 2
1544 1
1545 2
1546 1
1547 0
1548 0
1549 2
1550 0
1551 0
1552 0
1553 1
1554 1
1555 1
1556 0
1557 2
1558 2
1559 4
1560 2
1561 0
1562 2
1563 7
1564 1
1565 2
1566 0
1567 0
1568 1
1569 3
1570 1
1571 0
1572 0
1573 1
1574 0
1575 1
1576 1
1577 2
1578 1
1579 0
1580 0
1581 1
1582 0
1583 0
1584 0
1585 0
1586 1
1587 2
1588 1
1589 0
1590 1
1591 0
1592 3
1593 1
1594 0
1595 0
1596 3
1597 0
1598 1
1599 0
1600 2
1601 1
1602 0
1603 0
1604 2
1605 3
1606 1
1607 0
1608 1
1609 1
1610 0
1611 0
1612 1
1613 2
1614 1
1615 0
1616 0
1617 5
1618 1
1619 0
1620 2
1621 2
1622 2
1623 1
1624 1
1625 1
1626 3
1627 3
1628 1
1629 0
1630 0
1631 0
1632 3
1633 1
1634 1
1635 2
1636 1
1637 1
1638 0
1639 0
1640 0
1641 1
1642 2
1643 1
1644 1
1645 0
1646 0
1647 1
1648 1
1649 2
1650 0
1651 0
1652 1
1653 0
1654 0
1655 2
1656 1
1657 2
1658 1
1659 1
1660 0
1661 0
1662 2
1663 0
1664 1
1665 1
1666 2
1667 1
1668 1
1669 0
1670 0
1671 0
1672 0
1673 0
1674 1
1675 0
1676 1
1677 0
1678 2
1679 1
1680 2
1681 0
1682 0
1683 0
1684 0
1685 1
1686 0
1687 2
1688 0
1689 2
1690 0
1691 2
1692 0
1693 1
1694 3
1695 2
1696 0
1697 1
1698 0
1699 0
1700 0
1701 1
1702 0
1703 0
1704 1
1705 1
1706 0
1707 0
1708 0
1709 0
1710 2
1711 0
1712 1
1713 1
1714 1
1715 0
1716 0
1717 1
1718 1
1719 0
1720 2
1721 0
1722 0
1723 0
1724 0
1725 0
1726 1
1727 1
1728 1
1729 0
1730 0
1731 0
1732 0
1733 2
1734 1
1735 1
1736 0
1737 0
1738 1
1739 0
1740 0
1741 1
1742 1
1743 3
1744 1
1745 0
1746 0
1747 3
1748 0
1749 0
1750 0
1751 0
1752 1
1753 0
1754 2
1755 1
1756 1
1757 0
1758 0
1759 0
1760 2
1761 1
1762 1
1763 0
1764 0
1765 1
1766 0
1767 3
1768 0
1769 1
1770 1
1771 0
1772 0
1773 1
1774 0
1775 0
1776 0
1777 0
1778 0
1779 0
1780 0
1781 0
1782 0
1783 0
1784 0
1785 0
1786 0
1787 1
1788 1
1789 0
1790 0
1791 2
1792 1
1793 0
1794 0
1795 0
1796 0
1797 0
1798 0
1799 0
1800 0
1801 0
1802 2
1803 0
1804 0
1805 0
1806 0
1807 1
1808 1
1809 0
1810 1
1811 2
1812 0
1813 0
1814 1
1815 1
1816 1
1817 1
1818 0
1819 1
1820 0
1821 0
1822 0
1823 1
1824 0
1825 1
1826 0
1827 0
1828 0
1829 0
1830 0
1831 1
1832 0
1833 0
1834 0
1835 1
1836 0
1837 1
1838 1
1839 0
1840 0
1841 0
1842 1
1843 0
1844 0
1845 0
1846 0
1847 0
1848 0
1849 1
1850 1
1851 0
1852 0
1853 0
1854 1
1855 0
1856 0
1857 0
1858 0
1859 0
1860 0
1861 0
1862 0
1863 1
1864 0
1865 0
1866 0
1867 0
1868 0
1869 1
1870 0
1871 0
1872 0
1873 0
1874 0
1875 0
1876 0
1877 0
1878 0
1879 0
1880 0
1881 0
1882 1
1883 0
1884 0
1885 2
1886 1
1887 0
1888 0
1889 0
1890 0
1891 0
1892 0
1893 0
1894 0
1895 0
1896 0
1897 1
1898 0
1899 0
1900 1
1901 1
1902 1
1903 0
1904 0
1905 0
1906 0
1907 0
1908 0
1909 0
1910 0
1911 0
1912 1
1913 0
1914 1
1915 0
1916 1
1917 1
1918 0
1919 0
1920 0
1921 0
1922 0
1923 0
1924 0
1925 0
1926 0
1927 0
1928 0
1929 1
1930 0
1931 0
1932 0
1933 1
1934 0
1935 0
1936 0
1937 1
1938 0
1939 0
1940 0
1941 0
1942 0
1943 0
1944 0
1945 0
1946 1
1947 0
1948 0
1949 0
1950 0
1951 0
1952 1
1953 1
1954 0
1955 0
1956 0
1957 0
1958 1
1959 0
1960 0
1961 0
1962 1
1963 0
1964 0
1965 0
1966 0
1967 0
1968 0
1969 0
1970 0
1971 0
1972 0
1973 0
1974 0
1975 0
1976 0
1977 0
1978 0
1979 0
1980 0
1981 0
1982 0
1983 0
1984 1
1985 0
1986 0
1987 0
1988 0
1989 0
1990 0
1991 0
1992 0
1993 0
1994 1
1995 0
1996 0
1997 0
1998 1
1999 0
2000 0
2001 0
2002 0
2003 0
2004 0
2005 0
2006 0
2007 0
2008 0
2009 0
2010 0
2011 0
2012 0
2013 0
2014 0
2015 0
2016 0
2017 0
2018 0
2019 0
2020 0
2021 0
2022 0
2023 0
2024 0
2025 0
2026 0
2027 0
2028 0
2029 0
2030 0
2031 0
2032 0
2033 1
2034 0
2035 0
2036 0
2037 0
2038 0
2039 0
2040 0
2041 0
2042 0
2043 0
2044 0
2045 0
2046 0
2047 0
2048 0
2049 0
2050 0
2051 0
2052 0
2053 1
2054 0
2055 0
2056 0
2057 0
2058 0
2059 0
2060 0
2061 0
2062 0
2063 0
2064 0
2065 0
2066 0
2067 0
2068 0
2069 0
2070 0
2071 0
2072 0
2073 0
2074 0
2075 0
2076 0
2077 0
2078 0
2079 0
2080 0
2081 0
2082 0
2083 0
2084 0
2085 0
2086 0
2087 0
2088 0
2089 0
2090 0
2091 1
2092 0
2093 0
2094 1
