2 0.44765006979990696
3 0.46096256684491976
4 0.45407166123778503
5 0.4355195283714075
6 0.4621276595744681
7 0.47696737044145876
8 0.5121693121693122
9 0.48237885462555063
10 0.4614485981308411
11 0.48531289910600256
12 0.481371087928465
13 0.4914965986394558
14 0.4930555555555556
15 0.5035714285714286
16 0.48180242634315423
17 0.4662813102119461
18 0.5102880658436214
19 0.47619047619047616
20 0.48951048951048953
21 0.49671772428884026
22 0.5158371040723982
23 0.5157384987893463
24 0.48009367681498827
25 0.5216346153846154
26 0.4827586206896552
27 0.5039370078740157
28 0.48484848484848486
29 0.49560117302052786
30 0.49441340782122906
31 0.4298780487804878
32 0.5220338983050847
33 0.48562300319488816
34 0.44594594594594594
35 0.49310344827586206
36 0.5126353790613718
37 0.5106382978723404
38 0.48905109489051096
39 0.5465116279069767
40 0.46296296296296297
41 0.52
42 0.46558704453441296
43 0.5179282868525896
44 0.516245487364621
45 0.4596774193548387
46 0.5278810408921933
47 0.44274809160305345
48 0.4939759036144578
49 0.4748858447488584
50 0.5
51 0.5041322314049587
52 0.445
53 0.4635416666666667
54 0.48255813953488375
55 0.5495049504950495
56 0.42857142857142855
57 0.4583333333333333
58 0.47530864197530864
59 0.5031055900621118
60 0.5176470588235295
61 0.5056179775280899
62 0.4430379746835443
63 0.5136986301369864
64 0.49673202614379086
65 0.5476190476190477
66 0.40229885057471265
67 0.5497076023391813
68 0.4888888888888889
69 0.47435897435897434
70 0.525
71 0.5144927536231884
72 0.5149253731343284
73 0.4883720930232558
74 0.48854961832061067
75 0.5130434782608696
76 0.5161290322580645
77 0.48739495798319327
78 0.5271317829457365
79 0.45217391304347826
80 0.5087719298245614
81 0.5950413223140496
82 0.4153846153846154
83 0.4396551724137931
84 0.5488721804511278
85 0.49206349206349204
86 0.5
87 0.46616541353383456
88 0.5570469798657718
89 0.4722222222222222
90 0.4859154929577465
91 0.43089430894308944
92 0.5178571428571429
93 0.4846153846153846
94 0.549618320610687
95 0.5
96 0.5594405594405595
97 0.536
98 0.47540983606557374
