-130 1
-129 0
-128 0
-127 0
-126 0
-125 0
-124 1
-123 1
-122 0
-121 0
-120 0
-119 1
-118 0
-117 0
-116 0
-115 0
-114 0
-113 0
-112 1
-111 0
-110 1
-109 1
-108 0
-107 2
-106 0
-105 0
-104 0
-103 2
-102 2
-101 0
-100 1
-99 2
-98 2
-97 0
-96 3
-95 1
-94 0
-93 3
-92 2
-91 3
-90 4
-89 5
-88 7
-87 6
-86 3
-85 5
-84 6
-83 7
-82 12
-81 13
-80 15
-79 18
-78 21
-77 18
-76 25
-75 21
-74 34
-73 40
-72 32
-71 49
-70 45
-69 55
-68 75
-67 99
-66 67
-65 103
-64 115
-63 113
-62 172
-61 165
-60 213
-59 242
-58 238
-57 261
-56 310
-55 368
-54 440
-53 495
-52 554
-51 627
-50 744
-49 938
-48 974
-47 1196
-46 1296
-45 1491
-44 1719
-43 1953
-42 2187
-41 2630
-40 3118
-39 3533
-38 4073
-37 4673
-36 5352
-35 6393
-34 7236
-33 8550
-32 9751
-31 11515
-30 13383
-29 15543
-28 17855
-27 21060
-26 24833
-25 29402
-24 34484
-23 40823
-22 48097
-21 57179
-20 67386
-19 80688
-18 96490
-17 115707
-16 139360
-15 170247
-14 206504
-13 252849
-12 312948
-11 388438
-10 489843
-9 623401
-8 802717
-7 1051674
-6 1412577
-5 1955128
-4 2826160
-3 4372596
-2 7680753
-1 16528663
0 65422514
1 899234141
2 71037220
3 12651664
4 6581455
5 4057495
6 2697578
7 1888346
8 1375532
9 1026069
10 785827
11 610660
12 482106
13 382823
14 308774
15 249704
16 203493
17 167624
18 137924
19 114771
20 95128
21 79913
22 66473
23 56029
24 47560
25 40304
26 33846
27 28977
28 24425
29 20973
30 17779
31 15222
32 13051
33 11323
34 9866
35 8307
36 7110
37 6191
38 5368
39 4640
40 3928
41 3414
42 3028
43 2569
44 2250
45 1940
46 1718
47 1462
48 1310
49 1159
50 1050
51 832
52 744
53 668
54 581
55 500
56 426
57 377
58 304
59 284
60 257
61 206
62 186
63 170
64 125
65 128
66 128
67 105
68 78
69 94
70 76
71 51
72 48
73 49
74 32
75 36
76 29
77 18
78 21
79 19
80 30
81 14
82 10
83 9
84 7
85 5
86 8
87 5
88 9
89 5
90 7
91 4
92 5
93 4
94 2
95 2
96 5
97 2
98 3
99 3
100 1
101 1
102 2
103 2
104 1
105 2
106 2
107 1
108 1
109 0
110 0
111 0
112 2
113 1
114 0
115 0
116 1
117 0
118 1
