0 809542.0
1 22433.0
2 9696.0
3 6245.0
4 4211.0
5 3059.0
6 2353.0
7 1857.0
8 1504.0
9 1304.0
10 1061.0
11 834.0
12 671.0
13 638.0
14 500.0
15 452.0
16 420.0
17 386.0
18 309.0
19 293.0
20 267.0
21 228.0
22 177.0
23 173.0
24 141.0
25 150.0
26 131.0
27 116.0
28 101.0
29 117.0
30 86.0
31 66.0
32 73.0
33 71.0
34 69.0
35 56.0
36 43.0
37 46.0
38 44.0
39 30.0
40 32.0
41 33.0
42 31.0
43 25.0
44 28.0
45 18.0
46 23.0
47 18.0
48 11.0
49 18.0
50 14.0
51 20.0
52 11.0
53 15.0
54 9.0
55 8.0
56 18.0
57 14.0
58 10.0
59 9.0
60 2.0
61 8.0
62 8.0
63 1.0
64 2.0
65 10.0
66 6.0
67 0.0
68 7.0
69 4.0
70 1.0
71 2.0
72 1.0
73 6.0
74 1.0
75 3.0
76 1.0
77 1.0
78 1.0
79 3.0
80 2.0
81 0.0
82 0.0
83 2.0
84 2.0
85 0.0
86 0.0
87 5.0
88 1.0
89 0.0
90 0.0
91 1.0
92 3.0
93 4.0
94 0.0
95 0.0
96 4.0
97 0.0
98 1.0
99 0.0
100 0.0
101 1.0
102 0.0
103 0.0
104 0.0
105 0.0
106 0.0
107 0.0
108 0.0
109 1.0
110 0.0
111 0.0
112 0.0
113 2.0
114 0.0
115 0.0
116 0.0
117 0.0
118 0.0
119 0.0
120 0.0
121 0.0
122 0.0
123 0.0
124 0.0
125 1.0
126 1.0
127 0.0
128 0.0
129 0.0
130 0.0
131 0.0
132 0.0
133 0.0
134 0.0
135 0.0
136 0.0
137 0.0
138 0.0
139 0.0
140 0.0
141 0.0
142 0.0
143 0.0
144 0.0
145 0.0
146 0.0
147 0.0
148 0.0
149 0.0
150 0.0
151 0.0
152 0.0
153 1.0
