2 0.6855491918863927
3 0.6626292431804223
4 0.6465802370240201
5 0.6340688985694335
6 0.6237945268819926
7 0.6146955691235116
8 0.6071558178517481
9 0.6015417307422106
10 0.5961066552909945
11 0.5914759355175325
12 0.5870208317384268
13 0.5828874121220341
14 0.5798232707382561
15 0.576893790096313
16 0.5733628126476474
17 0.5708596135484367
18 0.5684409425852376
19 0.5660458839850242
20 0.5641221484730161
21 0.5620842126907211
22 0.5603788401308115
23 0.5593097050624505
24 0.5567548949755258
25 0.5557637949799638
26 0.5541816095397952
27 0.5519965846141466
28 0.551668072039369
29 0.5505369480468559
30 0.5493337002240654
31 0.5481154764538718
32 0.5478034191891161
33 0.5461989268415672
34 0.5448486985550074
35 0.5445269016697588
36 0.5428910537356929
37 0.5426944983806216
38 0.5420068411000236
39 0.540477607946754
40 0.5410599194035071
41 0.5394413455726857
42 0.5390313133525194
43 0.5380811056899395
44 0.5376936354221552
45 0.5382378806524247
46 0.5369668001762836
47 0.5357190889066012
48 0.5354988230922182
49 0.535161194922004
50 0.5344317741870358
51 0.5334760265036774
52 0.5330197819088915
53 0.5338359135935863
54 0.5321499270485834
55 0.5313318553916968
56 0.5317916594792259
57 0.5312194284286993
58 0.531487807233994
59 0.5300786574284416
60 0.5301158790528678
61 0.5300395935774256
62 0.5289408114290861
63 0.5288025546395037
64 0.5291126297216222
65 0.5291403351340755
66 0.5286017183223348
67 0.5278101883238624
68 0.527836176645199
69 0.5269901621961666
70 0.526642411725623
71 0.525558477614926
72 0.5261801365014083
73 0.5257499239114174
74 0.5255918493413694
75 0.5259524714408588
76 0.5251047719744029
77 0.5244345459472239
78 0.5251111997367383
79 0.5258675759810394
80 0.524567958794505
81 0.5235687247649379
82 0.5237247409114639
83 0.5250106839549729
84 0.5236139841715809
85 0.5231786704080525
86 0.5234320058495601
87 0.5223159712527305
88 0.5232173610239232
89 0.5209071470195126
90 0.5216764963447145
91 0.5223110838065914
92 0.521074684819739
93 0.5224986568889836
94 0.5201768864096603
95 0.5211659749105791
96 0.5205397529299969
97 0.5211609025552475
98 0.5208637494602208
99 0.5206309501151667
100 0.519714652731224
101 0.5212166189708513
102 0.519402627799351
103 0.5200634523737506
104 0.5191977030664715
105 0.5206646031685269
106 0.5193569025653726
107 0.518323858706592
108 0.5193294230325571
109 0.519236066218837
110 0.5191199425397867
111 0.5184300229386246
112 0.5194924995689407
113 0.5173688324786547
114 0.5186075199051601
115 0.5188352024196278
116 0.5184909106979759
117 0.5173698983113237
118 0.5181954927690523
119 0.5170001070184509
120 0.5172298819775161
121 0.5182476276782858
122 0.5177857510549694
123 0.5171793971519921
124 0.5175919518816202
125 0.516807874015748
126 0.5177396953298588
127 0.5161827484937479
128 0.5162025052694006
129 0.5169551856099164
130 0.5167816292815686
131 0.5165787257837468
132 0.5156160256262985
133 0.5173167943540716
134 0.5166953144629495
135 0.5157770707353038
136 0.515865019922731
137 0.5165242820974534
138 0.5151382888397105
139 0.5149507535893998
140 0.5150702227757022
141 0.5133864715362167
142 0.5149083334211534
143 0.5154480398531762
144 0.5146641757250399
145 0.5142030759758518
146 0.515181288489551
147 0.5139939067990058
148 0.5160740658657942
149 0.5146996180896438
150 0.5138683091167776
151 0.5147213956635798
152 0.514189216941925
153 0.5141078136739293
154 0.5138499119468273
155 0.5151972129093112
156 0.5129212345386529
157 0.5140012613056051
158 0.5139247474395057
159 0.5142255560455686
160 0.5129576419153938
161 0.5132498999671179
162 0.5140156978999831
163 0.5131689652484807
164 0.513646423414697
165 0.5131152277259329
166 0.5143503719264063
167 0.5129104389304411
168 0.514056851470555
169 0.5125625649404975
170 0.513301267746268
171 0.512298939530214
172 0.5134014746368786
173 0.5119383858154762
174 0.5137236531954124
175 0.5118364302972956
176 0.512750250196041
177 0.5119801257395644
178 0.513208331055595
179 0.5128186010609254
180 0.5128142484229803
181 0.5124398829448108
182 0.5123423725030688
183 0.5129541938627276
184 0.5131549960660897
185 0.5107163121689653
186 0.5124792279176786
187 0.5104119802043833
188 0.511761396131787
189 0.5132102157456033
190 0.5113627358204711
191 0.5123015500234852
192 0.5118274489422271
193 0.5120659099439823
194 0.5115308927865212
195 0.5104975795114883
196 0.5108237224340105
197 0.5123324214403374
198 0.5116336367982982
199 0.5115381592005581
200 0.5120796134523695
201 0.511885871902481
202 0.5110117486820946
203 0.510677955076532
204 0.5111581633550092
205 0.5106517447019356
206 0.5107480435003557
207 0.5093126266795828
208 0.5101818181818182
209 0.5111577024474291
210 0.511037801045755
211 0.5106552849742289
212 0.5106712895319481
213 0.5098427172873619
214 0.5102416503521023
215 0.5112468670012079
216 0.5097289348744486
217 0.5098972385548903
218 0.5104008872538411
219 0.5109494613033764
220 0.5110066504780031
221 0.5099350169353148
222 0.5100559600025398
223 0.5087896201424501
224 0.5106756624072489
225 0.5107184298269636
226 0.5119734727597837
227 0.5104584129287524
228 0.5100192909161473
229 0.5108693466326141
230 0.5105123565283394
231 0.5093235768209387
232 0.5103028888921296
233 0.5098843966170861
234 0.5107875532309649
235 0.5106426427848446
236 0.5101433450339595
237 0.5093663837782776
238 0.5085885525921486
239 0.5091604844677894
240 0.5079334324318596
241 0.5078620285681162
242 0.5087958237514911
243 0.5111007727099072
244 0.5094756351841842
245 0.509901881636962
246 0.5092402849518041
247 0.5100246329439672
248 0.5088410380723317
249 0.508450918688458
250 0.5093759478918884
251 0.5084463745956693
252 0.5095631152680193
253 0.5097030666883011
254 0.5096877455213656
255 0.5097968862634835
256 0.5079736122706215
257 0.5095529458205862
258 0.5089707583016686
259 0.5087539303869127
260 0.5083350050150451
261 0.5089068010075567
262 0.5100681776800706
263 0.5082116385588803
264 0.5086892037027566
265 0.5084513852453113
266 0.5082466177466385
267 0.5085553675594359
268 0.5090068848439121
269 0.5083443903361212
270 0.5087817539559275
271 0.5096338127591988
272 0.5111504424778761
273 0.5079920683430228
274 0.5094086933540947
275 0.510029260236595
276 0.5085612477955419
277 0.5083224074874428
278 0.5101162917866647
279 0.5087713525213525
280 0.508692546721058
281 0.5084168099104973
282 0.5080315241503082
283 0.5078684423405339
284 0.5091485333363446
285 0.5077619247605968
286 0.5085933132271229
287 0.5077325301389027
288 0.508943912616593
289 0.5076834835898344
290 0.5066398312464924
291 0.50861007657703
292 0.5074989220663696
293 0.5080558665340985
294 0.5082264831588441
295 0.5066873196468026
296 0.5063895163499367
297 0.5073371996421268
298 0.5077035950110051
299 0.5077771151335407
300 0.5071674346784685
301 0.5065201260981319
302 0.5078215694184869
303 0.5080278441387264
304 0.50654506126542
305 0.5070796386425762
306 0.5101241046143595
307 0.50628709175609
308 0.5052578994429355
309 0.5068138590122129
310 0.5073493135536993
311 0.5070118339399279
312 0.5074970519629193
313 0.5066589912612913
314 0.5090048912784476
315 0.5066377557462631
316 0.5077313498140451
317 0.5075822528238341
318 0.5088395815593136
319 0.5076704256832266
320 0.5081935933333037
321 0.5066158261289371
322 0.5063564760399357
323 0.5076021166322352
324 0.5073303784520968
325 0.5066224108767114
326 0.506481045739689
327 0.5064715165848429
328 0.5082718719384831
329 0.5076396048209258
330 0.5079398119238259
331 0.5064350363335626
332 0.5066064449696941
333 0.5065409745840448
334 0.5055625400289394
335 0.5052357521616586
336 0.5077803192688178
337 0.509161739197102
338 0.5074417487388903
339 0.5058746987951808
340 0.5069959047180556
341 0.5044246923703953
342 0.5047376183171467
343 0.5055953535313558
344 0.505328663175674
345 0.5071994384839066
346 0.5049286516599255
347 0.5053262553656245
348 0.5071417304003134
349 0.5071143501648447
350 0.507248458484236
351 0.5056855980320869
352 0.5079642901528647
353 0.507593248831309
354 0.5082649368527538
355 0.5071264846843092
356 0.5060206166077645
357 0.5046659102236456
358 0.505693292198831
359 0.5065728379952441
360 0.5066977254631921
361 0.5075663807299459
362 0.5062084881843694
363 0.506286130308167
364 0.5076798310546025
365 0.5051430258819155
366 0.5052869423021679
367 0.5034969707769066
368 0.5071849709686821
369 0.5075171761174975
370 0.5064146833083484
371 0.5063031518592174
372 0.5069879490625783
373 0.5065447189218452
374 0.5059119684389192
375 0.5054914516306456
376 0.5080028279363019
377 0.5066907859644241
378 0.507705449600781
379 0.5059278170245506
380 0.5077773110224276
381 0.5050894762764735
382 0.5071146035981497
383 0.5074298196416448
384 0.5069431718087716
385 0.5076614558848908
386 0.5072622357760038
387 0.5068369809236827
388 0.5064829577930868
389 0.5050077088366334
390 0.5040452778691621
391 0.505591015097582
392 0.5075451319240858
393 0.5058131996369452
394 0.50564797699733
395 0.5072839390240085
396 0.5054103503995674
397 0.5070974088624597
398 0.5070202513306667
399 0.5044680150874618
400 0.5056536944902756
401 0.5047043783956535
402 0.5049594809441358
403 0.502259806524301
404 0.5048336594911937
405 0.5070732042301882
406 0.5068024087217768
407 0.5018538554916345
408 0.5050867423431141
409 0.5064862687168469
410 0.5066016438796632
411 0.505143639401687
412 0.503065372098362
413 0.5064209331257605
414 0.5056416767349948
415 0.5029905697822428
416 0.5031947014037429
417 0.5049742307214016
418 0.5055033185840708
419 0.5045408818121899
420 0.5042430342937829
421 0.505576548239781
422 0.5029785011504637
423 0.5056003185959024
424 0.504864548709682
425 0.5064612647001844
426 0.5039897723926424
427 0.5066272767786547
428 0.5022705970398681
429 0.5065075363959052
430 0.5072306098283008
431 0.5070911207158585
432 0.5076186040322044
433 0.506686269874106
434 0.5051564802000089
435 0.506651992603074
436 0.5050377833753149
437 0.5055692466723096
438 0.5053826492256803
439 0.5052061294807472
440 0.5033576376783034
441 0.5028235600609919
442 0.5047039420195591
443 0.5064348366063806
444 0.504432029213939
445 0.5063165154151189
446 0.5048912490111767
447 0.5054260149677744
448 0.5047057159915784
449 0.5042098292417577
450 0.5078125618708967
451 0.5024141545694228
452 0.50468284717108
453 0.5056869936721615
454 0.5060565931967925
455 0.5071697073787226
456 0.5043014858201256
457 0.5037986704653371
458 0.5038512812916605
459 0.5042287488849978
460 0.5042791691866679
461 0.5038847294815652
462 0.5027420923758092
463 0.5057428646065948
464 0.504343576478122
465 0.5016745660966077
466 0.5049510021511251
467 0.5048766739546324
468 0.5049277803077822
469 0.5053417695259828
470 0.5021764767090978
471 0.5057206847459981
472 0.5031999302467521
473 0.503814046576136
474 0.5050599683586258
475 0.5035926439725394
476 0.5029931024623852
477 0.5055043729684104
478 0.5055228045618096
479 0.5037835503288675
480 0.5042813344701849
481 0.5065544689561065
482 0.5048649930239556
483 0.5064641773031489
484 0.505096377030982
485 0.5067104195855763
486 0.5037864059693755
487 0.507155560107636
488 0.5043969907948227
489 0.5060626174427627
490 0.5037590452025186
491 0.5068464572902442
492 0.5042257010280793
493 0.5050765805535297
494 0.5050202149878327
495 0.5026927219572241
496 0.5064513949875026
497 0.5056750443438564
498 0.5069183368755866
