-1159 1
-1158 0
-1157 0
-1156 0
-1155 0
-1154 0
-1153 0
-1152 0
-1151 0
-1150 0
-1149 0
-1148 0
-1147 0
-1146 0
-1145 0
-1144 0
-1143 0
-1142 0
-1141 0
-1140 0
-1139 0
-1138 0
-1137 0
-1136 0
-1135 0
-1134 0
-1133 0
-1132 0
-1131 0
-1130 0
-1129 0
-1128 0
-1127 0
-1126 0
-1125 0
-1124 0
-1123 0
-1122 0
-1121 0
-1120 0
-1119 0
-1118 0
-1117 0
-1116 0
-1115 0
-1114 0
-1113 0
-1112 0
-1111 0
-1110 1
-1109 0
-1108 0
-1107 0
-1106 0
-1105 0
-1104 0
-1103 0
-1102 0
-1101 0
-1100 0
-1099 0
-1098 0
-1097 0
-1096 0
-1095 0
-1094 0
-1093 0
-1092 0
-1091 0
-1090 0
-1089 0
-1088 0
-1087 0
-1086 0
-1085 0
-1084 0
-1083 1
-1082 0
-1081 0
-1080 0
-1079 0
-1078 0
-1077 0
-1076 0
-1075 0
-1074 0
-1073 0
-1072 0
-1071 0
-1070 0
-1069 0
-1068 0
-1067 0
-1066 0
-1065 0
-1064 0
-1063 0
-1062 0
-1061 0
-1060 0
-1059 0
-1058 0
-1057 0
-1056 0
-1055 0
-1054 0
-1053 0
-1052 0
-1051 0
-1050 0
-1049 0
-1048 0
-1047 0
-1046 0
-1045 0
-1044 0
-1043 0
-1042 0
-1041 0
-1040 0
-1039 0
-1038 0
-1037 0
-1036 0
-1035 0
-1034 0
-1033 0
-1032 0
-1031 0
-1030 0
-1029 0
-1028 0
-1027 0
-1026 0
-1025 0
-1024 0
-1023 0
-1022 0
-1021 0
-1020 0
-1019 0
-1018 0
-1017 0
-1016 0
-1015 0
-1014 0
-1013 0
-1012 0
-1011 0
-1010 0
-1009 0
-1008 0
-1007 0
-1006 0
-1005 0
-1004 0
-1003 0
-1002 0
-1001 0
-1000 0
-999 0
-998 0
-997 0
-996 0
-995 0
-994 0
-993 0
-992 0
-991 0
-990 0
-989 0
-988 0
-987 0
-986 0
-985 0
-984 0
-983 0
-982 0
-981 0
-980 0
-979 0
-978 0
-977 0
-976 0
-975 1
-974 0
-973 0
-972 0
-971 0
-970 0
-969 0
-968 0
-967 0
-966 0
-965 0
-964 0
-963 0
-962 0
-961 0
-960 0
-959 0
-958 0
-957 0
-956 0
-955 0
-954 0
-953 0
-952 1
-951 0
-950 0
-949 1
-948 0
-947 0
-946 0
-945 0
-944 0
-943 0
-942 0
-941 0
-940 0
-939 0
-938 1
-937 0
-936 0
-935 0
-934 0
-933 0
-932 0
-931 0
-930 0
-929 1
-928 0
-927 0
-926 0
-925 0
-924 0
-923 0
-922 0
-921 0
-920 0
-919 0
-918 0
-917 0
-916 0
-915 0
-914 0
-913 0
-912 0
-911 0
-910 0
-909 0
-908 1
-907 0
-906 0
-905 0
-904 0
-903 1
-902 2
-901 0
-900 0
-899 1
-898 0
-897 0
-896 0
-895 2
-894 1
-893 0
-892 1
-891 0
-890 0
-889 0
-888 0
-887 0
-886 1
-885 0
-884 1
-883 0
-882 0
-881 1
-880 0
-879 0
-878 1
-877 0
-876 0
-875 0
-874 0
-873 1
-872 0
-871 0
-870 0
-869 0
-868 0
-867 0
-866 0
-865 0
-864 0
-863 1
-862 0
-861 0
-860 1
-859 0
-858 0
-857 0
-856 0
-855 2
-854 1
-853 2
-852 0
-851 0
-850 0
-849 0
-848 0
-847 0
-846 0
-845 0
-844 0
-843 0
-842 0
-841 1
-840 1
-839 1
-838 0
-837 1
-836 1
-835 0
-834 0
-833 0
-832 0
-831 1
-830 0
-829 4
-828 0
-827 0
-826 0
-825 0
-824 0
-823 0
-822 2
-821 0
-820 0
-819 1
-818 1
-817 1
-816 0
-815 0
-814 1
-813 0
-812 0
-811 1
-810 0
-809 1
-808 2
-807 0
-806 0
-805 0
-804 3
-803 0
-802 0
-801 0
-800 0
-799 3
-798 1
-797 1
-796 0
-795 2
-794 0
-793 1
-792 0
-791 3
-790 2
-789 0
-788 0
-787 0
-786 0
-785 1
-784 1
-783 0
-782 2
-781 0
-780 4
-779 0
-778 2
-777 0
-776 1
-775 0
-774 0
-773 1
-772 1
-771 0
-770 1
-769 1
-768 2
-767 2
-766 0
-765 1
-764 1
-763 1
-762 1
-761 2
-760 0
-759 2
-758 0
-757 0
-756 2
-755 0
-754 1
-753 2
-752 2
-751 1
-750 3
-749 2
-748 1
-747 2
-746 1
-745 1
-744 3
-743 0
-742 0
-741 2
-740 3
-739 1
-738 2
-737 1
-736 1
-735 2
-734 6
-733 1
-732 0
-731 1
-730 1
-729 1
-728 3
-727 3
-726 2
-725 4
-724 0
-723 1
-722 1
-721 1
-720 2
-719 2
-718 3
-717 6
-716 4
-715 1
-714 1
-713 1
-712 3
-711 3
-710 2
-709 1
-708 0
-707 2
-706 2
-705 2
-704 1
-703 3
-702 3
-701 1
-700 4
-699 3
-698 4
-697 4
-696 2
-695 2
-694 4
-693 3
-692 6
-691 2
-690 2
-689 2
-688 3
-687 0
-686 5
-685 2
-684 4
-683 1
-682 4
-681 1
-680 6
-679 3
-678 3
-677 3
-676 7
-675 5
-674 3
-673 3
-672 5
-671 11
-670 5
-669 5
-668 6
-667 5
-666 6
-665 4
-664 6
-663 2
-662 5
-661 5
-660 5
-659 4
-658 7
-657 3
-656 5
-655 5
-654 11
-653 3
-652 7
-651 10
-650 5
-649 8
-648 6
-647 5
-646 3
-645 8
-644 3
-643 4
-642 6
-641 8
-640 5
-639 7
-638 9
-637 4
-636 4
-635 10
-634 6
-633 4
-632 10
-631 9
-630 8
-629 8
-628 10
-627 9
-626 8
-625 3
-624 7
-623 7
-622 0
-621 8
-620 8
-619 5
-618 12
-617 6
-616 10
-615 9
-614 7
-613 6
-612 8
-611 11
-610 11
-609 9
-608 13
-607 12
-606 15
-605 7
-604 13
-603 4
-602 11
-601 11
-600 6
-599 9
-598 6
-597 12
-596 12
-595 18
-594 5
-593 9
-592 9
-591 10
-590 12
-589 13
-588 18
-587 16
-586 9
-585 13
-584 18
-583 16
-582 15
-581 8
-580 14
-579 9
-578 22
-577 18
-576 14
-575 19
-574 21
-573 17
-572 15
-571 21
-570 16
-569 11
-568 13
-567 15
-566 12
-565 14
-564 17
-563 18
-562 23
-561 18
-560 21
-559 16
-558 21
-557 15
-556 21
-555 23
-554 24
-553 15
-552 19
-551 16
-550 24
-549 24
-548 19
-547 32
-546 20
-545 17
-544 25
-543 37
-542 20
-541 22
-540 15
-539 22
-538 29
-537 26
-536 26
-535 20
-534 25
-533 27
-532 26
-531 37
-530 36
-529 32
-528 24
-527 29
-526 33
-525 28
-524 29
-523 24
-522 30
-521 33
-520 30
-519 38
-518 33
-517 32
-516 22
-515 28
-514 28
-513 25
-512 38
-511 29
-510 23
-509 39
-508 42
-507 55
-506 25
-505 36
-504 28
-503 40
-502 39
-501 35
-500 44
-499 35
-498 38
-497 39
-496 38
-495 40
-494 41
-493 43
-492 50
-491 45
-490 40
-489 40
-488 42
-487 51
-486 35
-485 32
-484 59
-483 50
-482 46
-481 45
-480 40
-479 43
-478 56
-477 55
-476 48
-475 51
-474 70
-473 52
-472 55
-471 51
-470 71
-469 53
-468 62
-467 50
-466 61
-465 54
-464 56
-463 51
-462 44
-461 70
-460 68
-459 54
-458 73
-457 69
-456 68
-455 66
-454 58
-453 79
-452 62
-451 79
-450 82
-449 74
-448 81
-447 84
-446 87
-445 71
-444 77
-443 75
-442 71
-441 87
-440 80
-439 98
-438 86
-437 86
-436 71
-435 102
-434 91
-433 79
-432 91
-431 103
-430 98
-429 104
-428 107
-427 92
-426 99
-425 107
-424 98
-423 106
-422 126
-421 125
-420 115
-419 128
-418 124
-417 111
-416 109
-415 124
-414 103
-413 124
-412 120
-411 123
-410 121
-409 126
-408 141
-407 132
-406 133
-405 114
-404 144
-403 132
-402 136
-401 151
-400 142
-399 133
-398 159
-397 177
-396 174
-395 139
-394 170
-393 144
-392 165
-391 160
-390 156
-389 145
-388 164
-387 177
-386 171
-385 161
-384 181
-383 178
-382 161
-381 173
-380 161
-379 208
-378 197
-377 198
-376 192
-375 168
-374 201
-373 204
-372 176
-371 196
-370 224
-369 235
-368 208
-367 178
-366 215
-365 246
-364 222
-363 238
-362 238
-361 262
-360 245
-359 286
-358 234
-357 249
-356 244
-355 250
-354 293
-353 280
-352 297
-351 284
-350 314
-349 316
-348 296
-347 268
-346 302
-345 322
-344 329
-343 267
-342 306
-341 307
-340 361
-339 366
-338 340
-337 342
-336 344
-335 367
-334 353
-333 346
-332 371
-331 389
-330 375
-329 362
-328 406
-327 387
-326 388
-325 397
-324 383
-323 410
-322 419
-321 397
-320 445
-319 461
-318 461
-317 421
-316 445
-315 468
-314 490
-313 502
-312 489
-311 505
-310 472
-309 475
-308 489
-307 545
-306 541
-305 526
-304 558
-303 563
-302 584
-301 562
-300 574
-299 596
-298 611
-297 619
-296 624
-295 654
-294 638
-293 634
-292 676
-291 658
-290 683
-289 676
-288 665
-287 736
-286 703
-285 682
-284 724
-283 763
-282 754
-281 705
-280 805
-279 809
-278 744
-277 812
-276 857
-275 884
-274 813
-273 783
-272 867
-271 838
-270 867
-269 913
-268 936
-267 867
-266 887
-265 938
-264 973
-263 1025
-262 1032
-261 995
-260 1035
-259 1042
-258 1104
-257 1119
-256 1076
-255 1165
-254 1129
-253 1144
-252 1170
-251 1220
-250 1153
-249 1205
-248 1235
-247 1241
-246 1313
-245 1287
-244 1300
-243 1387
-242 1317
-241 1362
-240 1396
-239 1445
-238 1492
-237 1540
-236 1420
-235 1663
-234 1585
-233 1562
-232 1641
-231 1633
-230 1697
-229 1650
-228 1636
-227 1791
-226 1705
-225 1731
-224 1833
-223 1816
-222 1794
-221 1936
-220 2018
-219 1980
-218 1985
-217 2076
-216 2055
-215 2062
-214 2143
-213 2156
-212 2198
-211 2178
-210 2197
-209 2254
-208 2337
-207 2457
-206 2359
-205 2460
-204 2565
-203 2572
-202 2587
-201 2747
-200 2632
-199 2826
-198 2804
-197 2854
-196 2802
-195 2918
-194 2992
-193 3052
-192 3040
-191 3080
-190 3257
-189 3290
-188 3336
-187 3362
-186 3398
-185 3385
-184 3371
-183 3620
-182 3618
-181 3721
-180 3698
-179 3961
-178 3927
-177 4050
-176 4089
-175 4179
-174 4150
-173 4259
-172 4337
-171 4468
-170 4616
-169 4695
-168 4654
-167 4751
-166 4756
-165 4845
-164 5044
-163 5094
-162 5401
-161 5204
-160 5449
-159 5571
-158 5557
-157 5667
-156 5716
-155 6012
-154 6000
-153 6122
-152 6134
-151 6478
-150 6475
-149 6544
-148 6830
-147 6926
-146 7113
-145 6974
-144 7222
-143 7418
-142 7589
-141 7742
-140 7826
-139 8098
-138 8069
-137 8231
-136 8540
-135 8597
-134 8748
-133 9098
-132 9039
-131 9282
-130 9521
-129 9782
-128 10094
-127 10114
-126 10432
-125 10598
-124 10845
-123 11161
-122 11372
-121 11459
-120 12120
-119 11929
-118 12360
-117 12655
-116 13032
-115 13219
-114 13584
-113 13827
-112 14099
-111 14284
-110 14740
-109 15138
-108 15272
-107 15553
-106 16036
-105 16559
-104 16896
-103 17218
-102 17649
-101 18141
-100 18460
-99 18747
-98 19193
-97 19837
-96 20292
-95 20525
-94 21202
-93 21665
-92 22331
-91 22675
-90 23554
-89 24118
-88 24882
-87 25325
-86 26063
-85 26698
-84 27463
-83 27820
-82 29031
-81 29413
-80 30299
-79 30968
-78 32287
-77 32782
-76 33911
-75 35001
-74 35837
-73 36878
-72 38140
-71 38920
-70 40102
-69 41203
-68 42291
-67 43593
-66 45315
-65 46893
-64 48235
-63 49728
-62 51286
-61 52699
-60 54410
-59 56540
-58 58614
-57 59697
-56 62261
-55 64304
-54 66815
-53 68750
-52 71942
-51 74552
-50 76823
-49 80610
-48 83058
-47 86025
-46 89805
-45 92927
-44 97461
-43 100855
-42 105618
-41 109909
-40 115057
-39 120592
-38 125869
-37 132042
-36 137934
-35 145409
-34 152729
-33 159909
-32 169515
-31 178100
-30 188336
-29 199188
-28 211085
-27 224446
-26 238944
-25 254541
-24 271125
-23 290341
-22 313180
-21 337000
-20 364041
-19 395535
-18 430634
-17 469870
-16 516946
-15 572236
-14 636631
-13 714736
-12 805967
-11 925754
-10 1072602
-9 1262459
-8 1516001
-7 1861830
-6 2377950
-5 3184479
-4 4600285
-3 7680832
-2 17570721
-1 105934453
0 788721058
1 110606291
2 14359850
3 6811476
4 4331493
5 3063629
6 2320200
7 1828334
8 1491088
9 1245397
10 1061082
11 916452
12 801458
13 709248
14 631700
15 567701
16 515115
17 467967
18 428988
19 392843
20 363091
21 335417
22 312194
23 289638
24 270751
25 253189
26 236987
27 223792
28 210493
29 198690
30 188021
31 177412
32 168055
33 160248
34 152194
35 144684
36 138332
37 131779
38 125534
39 119887
40 114861
41 110691
42 105357
43 101423
44 96799
45 92576
46 89395
47 85799
48 83263
49 80014
50 76697
51 74305
52 71637
53 68836
54 66899
55 64256
56 62234
57 60313
58 58406
59 56056
60 54651
61 52757
62 51012
63 49660
64 48290
65 46443
66 45389
67 43551
68 42385
69 41282
70 40256
71 38859
72 38176
73 36927
74 35628
75 34620
76 33830
77 32638
78 32023
79 31288
80 30086
81 29608
82 28826
83 28057
84 27655
85 26604
86 26319
87 25375
88 24520
89 23800
90 23406
91 22738
92 22174
93 21866
94 21245
95 20877
96 20242
97 19537
98 19325
99 18890
100 18246
101 17786
102 17547
103 17106
104 16720
105 16392
106 15952
107 15678
108 15303
109 15128
110 14496
111 14178
112 14022
113 13857
114 13502
115 13006
116 12842
117 12466
118 12232
119 12119
120 11821
121 11599
122 11140
123 11038
124 10831
125 10483
126 10249
127 10370
128 10157
129 9733
130 9622
131 9333
132 9209
133 8926
134 8683
135 8712
136 8520
137 8280
138 8321
139 7769
140 7820
141 7851
142 7560
143 7496
144 7205
145 7178
146 7060
147 6737
148 6721
149 6629
150 6469
151 6403
152 6304
153 6184
154 6135
155 6040
156 5903
157 5707
158 5451
159 5488
160 5422
161 5348
162 5167
163 5054
164 4861
165 4972
166 4852
167 4803
168 4669
169 4607
170 4474
171 4310
172 4362
173 4140
174 4224
175 4010
176 3876
177 3969
178 3938
179 3835
180 3615
181 3748
182 3696
183 3579
184 3481
185 3431
186 3446
187 3423
188 3212
189 3347
190 3199
191 3084
192 2886
193 3079
194 2941
195 2949
196 2912
197 2715
198 2741
199 2805
200 2603
201 2599
202 2596
203 2524
204 2497
205 2496
206 2485
207 2491
208 2284
209 2416
210 2191
211 2327
212 2207
213 2203
214 2177
215 2203
216 2057
217 2011
218 2047
219 1981
220 1956
221 1949
222 1822
223 1793
224 1876
225 1825
226 1727
227 1721
228 1757
229 1690
230 1610
231 1564
232 1587
233 1609
234 1519
235 1552
236 1513
237 1518
238 1419
239 1485
240 1427
241 1316
242 1395
243 1357
244 1327
245 1303
246 1287
247 1244
248 1284
249 1260
250 1214
251 1242
252 1140
253 1170
254 1175
255 1102
256 1121
257 1108
258 1035
259 1023
260 1032
261 1007
262 1054
263 993
264 1047
265 1019
266 911
267 913
268 897
269 913
270 925
271 784
272 838
273 900
274 821
275 862
276 798
277 813
278 772
279 774
280 780
281 803
282 764
283 776
284 730
285 675
286 702
287 675
288 696
289 659
290 685
291 614
292 631
293 680
294 638
295 585
296 608
297 625
298 618
299 607
300 628
301 608
302 554
303 540
304 527
305 505
306 534
307 510
308 480
309 490
310 514
311 480
312 464
313 517
314 428
315 445
316 441
317 404
318 464
319 428
320 400
321 429
322 432
323 411
324 396
325 408
326 356
327 358
328 391
329 337
330 421
331 363
332 361
333 344
334 348
335 322
336 336
337 343
338 334
339 333
340 298
341 315
342 349
343 315
344 288
345 286
346 292
347 276
348 322
349 278
350 278
351 276
352 271
353 249
354 290
355 252
356 266
357 244
358 235
359 213
360 248
361 229
362 243
363 257
364 228
365 223
366 209
367 240
368 240
369 195
370 219
371 226
372 197
373 207
374 223
375 228
376 185
377 175
378 177
379 190
380 183
381 191
382 161
383 177
384 200
385 175
386 150
387 162
388 140
389 163
390 168
391 156
392 181
393 151
394 156
395 129
396 141
397 148
398 152
399 139
400 158
401 167
402 131
403 122
404 118
405 134
406 130
407 137
408 117
409 138
410 156
411 106
412 114
413 98
414 113
415 126
416 118
417 136
418 131
419 119
420 97
421 99
422 116
423 97
424 97
425 77
426 114
427 107
428 98
429 104
430 97
431 75
432 93
433 91
434 76
435 82
436 83
437 103
438 82
439 92
440 90
441 78
442 86
443 86
444 88
445 86
446 74
447 92
448 79
449 69
450 77
451 74
452 90
453 80
454 57
455 62
456 70
457 75
458 69
459 73
460 68
461 56
462 67
463 64
464 65
465 65
466 54
467 57
468 54
469 57
470 51
471 53
472 64
473 62
474 62
475 51
476 56
477 52
478 48
479 62
480 63
481 39
482 42
483 44
484 42
485 45
486 42
487 47
488 49
489 41
490 38
491 49
492 48
493 30
494 31
495 43
496 37
497 35
498 41
499 35
500 49
501 48
502 49
503 41
504 31
505 37
506 27
507 33
508 33
509 36
510 29
511 32
512 28
513 38
514 33
515 28
516 26
517 38
518 30
519 30
520 30
521 31
522 22
523 27
524 28
525 26
526 39
527 24
528 32
529 29
530 26
531 21
532 22
533 28
534 29
535 23
536 24
537 24
538 24
539 21
540 27
541 29
542 14
543 23
544 20
545 19
546 24
547 15
548 26
549 20
550 17
551 19
552 24
553 19
554 18
555 18
556 22
557 25
558 26
559 23
560 10
561 23
562 17
563 16
564 21
565 15
566 13
567 16
568 21
569 15
570 17
571 15
572 19
573 27
574 12
575 24
576 15
577 9
578 23
579 15
580 7
581 14
582 20
583 6
584 16
585 17
586 9
587 8
588 15
589 13
590 6
591 7
592 14
593 11
594 17
595 14
596 10
597 19
598 6
599 8
600 12
601 10
602 8
603 11
604 14
605 8
606 11
607 4
608 4
609 11
610 11
611 4
612 10
613 8
614 7
615 8
616 10
617 4
618 9
619 8
620 10
621 5
622 9
623 8
624 5
625 4
626 7
627 7
628 6
629 12
630 7
631 2
632 5
633 11
634 9
635 11
636 8
637 8
638 6
639 2
640 8
641 6
642 5
643 8
644 5
645 4
646 10
647 3
648 8
649 7
650 7
651 10
652 2
653 5
654 7
655 2
656 3
657 4
658 7
659 6
660 3
661 2
662 6
663 4
664 3
665 4
666 5
667 1
668 5
669 7
670 2
671 3
672 4
673 6
674 4
675 4
676 8
677 4
678 6
679 4
680 2
681 2
682 6
683 7
684 4
685 3
686 5
687 5
688 6
689 6
690 2
691 3
692 7
693 2
694 5
695 4
696 5
697 4
698 1
699 5
700 3
701 2
702 2
703 2
704 2
705 2
706 3
707 3
708 0
709 2
710 0
711 3
712 2
713 2
714 1
715 0
716 2
717 3
718 2
719 1
720 4
721 2
722 1
723 4
724 2
725 4
726 1
727 4
728 2
729 2
730 2
731 2
732 2
733 3
734 1
735 3
736 1
737 4
738 1
739 1
740 3
741 0
742 2
743 0
744 1
745 2
746 1
747 1
748 0
749 3
750 5
751 2
752 1
753 2
754 2
755 1
756 3
757 1
758 0
759 3
760 1
761 0
762 1
763 1
764 2
765 1
766 6
767 3
768 1
769 2
770 0
771 1
772 1
773 1
774 0
775 1
776 1
777 1
778 1
779 0
780 0
781 1
782 1
783 0
784 1
785 0
786 1
787 0
788 4
789 0
790 2
791 0
792 0
793 1
794 1
795 0
796 1
797 0
798 2
799 0
800 1
801 1
802 1
803 0
804 0
805 0
806 1
807 0
808 1
809 0
810 0
811 0
812 0
813 1
814 0
815 2
816 1
817 1
818 1
819 1
820 0
821 1
822 1
823 2
824 1
825 0
826 4
827 0
828 1
829 0
830 0
831 1
832 1
833 2
834 0
835 3
836 0
837 1
838 0
839 0
840 0
841 0
842 0
843 0
844 0
845 0
846 0
847 0
848 1
849 2
850 1
851 1
852 1
853 1
854 0
855 0
856 0
857 0
858 0
859 0
860 0
861 0
862 0
863 1
864 0
865 0
866 1
867 0
868 0
869 0
870 0
871 1
872 0
873 0
874 0
875 0
876 0
877 0
878 0
879 0
880 0
881 0
882 0
883 0
884 0
885 1
886 0
887 0
888 1
889 0
890 0
891 0
892 1
893 0
894 1
895 2
896 0
897 0
898 1
899 0
900 0
901 0
902 0
903 1
904 0
905 0
906 1
907 0
908 1
909 0
910 1
911 1
912 2
913 0
914 0
915 0
916 0
917 0
918 0
919 0
920 0
921 0
922 0
923 0
924 0
925 0
926 0
927 0
928 1
929 0
930 0
931 0
932 1
933 0
934 0
935 0
936 0
937 0
938 0
939 0
940 0
941 0
942 0
943 0
944 0
945 0
946 0
947 1
948 0
949 0
950 0
951 0
952 0
953 0
954 0
955 0
956 0
957 0
958 0
959 0
960 0
961 0
962 0
963 0
964 0
965 0
966 0
967 0
968 0
969 0
970 0
971 0
972 0
973 0
974 0
975 0
976 0
977 0
978 0
979 0
980 0
981 0
982 0
983 0
984 0
985 0
986 0
987 0
988 0
989 0
990 0
991 0
992 0
993 0
994 0
995 0
996 0
997 0
998 0
999 0
1000 0
1001 0
1002 0
1003 0
1004 0
1005 0
1006 1
1007 0
1008 0
1009 0
1010 0
1011 0
1012 0
1013 0
1014 0
1015 0
1016 0
1017 0
1018 0
1019 0
1020 0
1021 0
1022 0
1023 0
1024 0
1025 0
1026 0
1027 1
1028 0
1029 0
1030 0
1031 0
1032 0
1033 0
1034 0
1035 0
1036 0
1037 0
1038 0
1039 0
1040 0
1041 0
1042 0
1043 0
1044 0
1045 0
1046 0
1047 0
1048 0
1049 0
1050 0
1051 0
1052 0
1053 0
1054 0
1055 0
1056 0
1057 0
1058 0
1059 0
1060 0
1061 0
1062 0
1063 0
1064 0
1065 0
1066 1
1067 0
1068 0
1069 0
1070 0
1071 0
1072 0
1073 0
1074 0
1075 0
1076 0
1077 0
1078 0
1079 0
1080 0
1081 0
1082 0
1083 0
1084 0
1085 0
1086 0
1087 0
1088 0
1089 0
1090 0
1091 0
1092 0
1093 0
1094 0
1095 0
1096 0
1097 0
1098 0
1099 0
1100 0
1101 0
1102 0
1103 0
1104 0
1105 0
1106 0
1107 0
1108 0
1109 0
1110 0
1111 0
1112 1
