2 0.723850325848115
3 0.693256923409701
4 0.6707780022844807
5 0.6541880394498365
6 0.6402394305809815
7 0.6295459232488243
8 0.6200754488985691
9 0.6127027941737476
10 0.6051496382648455
11 0.5994158178620304
12 0.5940334758147158
13 0.5892306572016098
14 0.5853332324902929
15 0.5814716356259791
16 0.5782455004527971
17 0.5741929801578873
18 0.5718427393483361
19 0.5695391229194552
20 0.5666093480094734
21 0.5644161755094591
22 0.5625296815102713
23 0.5601120680709765
24 0.5582927667592233
25 0.5563916939321987
26 0.5545928080718596
27 0.5534018724588433
28 0.551813073947141
29 0.5505274996475376
30 0.5489352857444488
31 0.547909102318315
32 0.5467424015885478
33 0.5452635370693777
34 0.5447633944024923
35 0.543767891901277
36 0.5419583103251983
37 0.5414161011893919
38 0.5409512164868073
39 0.5396881354863161
40 0.5389968953705507
41 0.537838413362387
42 0.537396444292953
43 0.5359168938333456
44 0.5350122657469868
45 0.5354837139890994
46 0.5343969176467008
47 0.5339831338695165
48 0.533732346541468
49 0.5324024410712426
50 0.5323344808547297
51 0.5315053803833715
52 0.5308188627509874
53 0.5302351832053513
54 0.5300753057293008
55 0.5294902684999495
56 0.5284262655664509
57 0.5281113093368791
58 0.528169151759867
59 0.5276059885692704
60 0.5271826673086182
61 0.5264473958304888
62 0.5261214307178907
63 0.5261211638720249
64 0.525522871385585
65 0.5258336249153867
66 0.5247698947771061
67 0.5242180465926556
68 0.5243428389627577
69 0.5235627520671968
70 0.5233278651563096
71 0.5224381302679849
72 0.5221902936006482
73 0.5221623605008099
74 0.5208333899494983
75 0.5212237591657222
76 0.5210527582287806
77 0.5208114532604268
78 0.5205233511262883
79 0.5203321810155243
80 0.5204173086217991
81 0.5197794755831286
82 0.5192416060454371
83 0.5184290618781521
84 0.519395843611434
85 0.5185155884712558
86 0.5187395466718655
87 0.5180639824924456
88 0.5181444160435278
89 0.5188364088163141
90 0.517636816635217
91 0.5167906264717209
92 0.5166811512592916
93 0.5166746249979418
94 0.5169385402861233
95 0.5164799839268672
96 0.5158370274162125
97 0.5156982713725204
98 0.5160407034360357
99 0.5156666779018425
100 0.5163466637634028
101 0.5155719222813884
102 0.5150748232884136
103 0.5149833451580706
104 0.5152172437038366
105 0.5147279417617202
106 0.5153642560692885
107 0.5150848499478632
108 0.5145026697455182
109 0.5144250474383302
110 0.5141976560696112
111 0.5136829713434904
112 0.5137130006369676
113 0.5138504282185192
114 0.5124809841920762
115 0.513642582100409
116 0.5137500083943886
117 0.5127340803705247
118 0.5132838538325686
119 0.5136766297926593
120 0.5129398459664242
121 0.5129106653200741
122 0.5120812091337767
123 0.5119578251275393
124 0.512791798603543
125 0.5127565855765078
126 0.5128020450810525
127 0.5109699406236345
128 0.511957234056653
129 0.5107096904407498
130 0.5107326573540855
131 0.5104701430001906
132 0.5119401166598133
133 0.5111577966665287
134 0.5114027146525115
135 0.5113626096303335
136 0.5108583604118975
137 0.5110702128905353
138 0.51030164019147
139 0.5109035918280854
140 0.5106574476095679
141 0.5099520543709293
142 0.5100334695204125
143 0.5092856232907421
144 0.5100505615165117
145 0.5094054315611202
146 0.5101195329654529
147 0.5098202002396875
148 0.5100342196579407
149 0.5098853055520968
150 0.5082032527680541
151 0.5096743226222363
152 0.5088447459371623
153 0.5091575807081721
154 0.5089158868471434
155 0.5088946221205385
156 0.5085565158644687
157 0.508013675401692
158 0.5086819855725013
159 0.5075789167976051
160 0.5079659543466791
161 0.5090219230653008
162 0.5071313505873771
163 0.5082057311813954
164 0.5085657497125491
165 0.508286982632281
166 0.5083614059001071
167 0.5072702229978518
168 0.5061068581987527
169 0.5072499180547693
170 0.5072568009969587
171 0.508268582615189
172 0.5062760402932335
173 0.5072690393979274
174 0.5073685294875097
175 0.5087842717334462
176 0.5079676375944112
177 0.5069266452095431
178 0.5075440102503816
179 0.5058382029471564
180 0.5073451793565309
181 0.505639777483765
182 0.5049813947905414
183 0.5070984671537667
184 0.5059219744940492
185 0.5070639203533519
186 0.5072076081924056
187 0.5056670556818412
188 0.5074221109864503
189 0.5057426593633695
190 0.5060778648677292
191 0.5061570839530637
192 0.5064119169472975
193 0.5064266266078302
194 0.5069511671066239
195 0.5047351456199903
196 0.5041546916148583
197 0.5061720311196477
198 0.5070536613366932
199 0.5058399772767341
200 0.5043957048319405
201 0.5061444008835997
202 0.5037754448469807
203 0.5072730930764782
204 0.5045730551244002
205 0.5055745552297662
206 0.5065196893852865
207 0.5046808971440211
208 0.5054664713583864
209 0.5045749181933763
210 0.5059814168046456
211 0.5044426441055467
212 0.5064538323198997
213 0.5050428946616118
214 0.5053704666072492
215 0.5027985403638238
216 0.5041176582985077
217 0.5049451241897394
218 0.5044314002672645
219 0.503401266142484
220 0.5042652093168952
221 0.5030381907764078
222 0.5040644165237936
223 0.5037223819817864
224 0.5043297829784418
225 0.506627274248553
226 0.5026212566399861
227 0.5043450066745144
228 0.5044748676044258
229 0.503507236262339
230 0.5025397090987319
231 0.5033428297806983
232 0.5047198032307385
233 0.5030317235165558
234 0.5050673551932341
235 0.5033240330366292
236 0.5040756105658691
237 0.5046576930628578
238 0.5049960319196136
239 0.504430933454177
240 0.5032932934838477
241 0.5044130964376363
242 0.5037769691670738
243 0.5024793924839359
244 0.501946769798143
245 0.5033097436500624
246 0.502282068988195
247 0.5014741835673254
248 0.5030733065182068
249 0.5024279256756077
250 0.5015555675792663
251 0.5024840699219681
252 0.503437007564493
253 0.5012703146790384
254 0.5035157592824726
255 0.502025593434211
256 0.5024928724913276
257 0.5027110766847405
258 0.5019963986534095
259 0.5042970400555751
260 0.5032429753490777
261 0.5021565248934433
262 0.5023827439177326
263 0.5018580419349996
264 0.5012968134912875
265 0.5028075491878161
266 0.5023546827051072
267 0.5031175149700599
268 0.5018575290333298
269 0.5028689430250013
270 0.5035961050475405
271 0.502233739071595
272 0.5029062783362138
273 0.5022571645954856
274 0.5034653717773219
275 0.5024772589208933
276 0.5013821041343978
277 0.5035442583015515
278 0.5024137529745543
279 0.5022430192569445
280 0.5045043585339771
281 0.5022299336518371
282 0.5023483422139637
283 0.50071442730186
284 0.5025586238718984
285 0.5014065343327936
286 0.5025354926999639
287 0.5015750920385107
288 0.5012604169755924
289 0.5019223301799438
290 0.5015494400495821
291 0.5031763055853478
292 0.5032145633697009
293 0.5017727146917849
294 0.4990969775306762
295 0.502696468094392
296 0.5021206988250122
297 0.5016633369997082
298 0.5016202877197106
299 0.5020778702283842
300 0.5021445338316735
301 0.5022648450296946
302 0.5016592588489959
303 0.5021839128477202
304 0.5011367676503059
305 0.5021913033675143
306 0.4988723799416291
307 0.5027931623767968
308 0.5025479752824825
309 0.5026763755605922
310 0.5010754667622637
311 0.5022223304043035
312 0.5021891654695306
313 0.5003065209867998
314 0.5008038305137049
315 0.5009316940846168
316 0.4995499730989506
317 0.49995440221301257
318 0.49983388959024394
319 0.5000334532503693
320 0.5002294630564479
321 0.5004836065149815
322 0.502353417910913
323 0.5020506684918051
324 0.5003009027081243
325 0.5025191932197258
326 0.5007818859517587
327 0.5030840276432216
328 0.5016968968708897
329 0.5015387459492376
330 0.5003253090435914
331 0.5006313408581844
332 0.4997259667284856
333 0.5013162068754418
334 0.50015979725373
335 0.5012652805879468
336 0.5003811685781565
337 0.49956192751891676
338 0.5004959663316266
339 0.5018117924935911
340 0.49964829875422184
341 0.5035568839249821
342 0.5010854975196966
343 0.5001790399934254
344 0.501457138795432
345 0.5017733028658479
346 0.4998207028448482
347 0.49939586530212776
348 0.501109631602308
349 0.500693793590321
350 0.501736942245136
351 0.5004630487127246
352 0.4972358128953847
353 0.500248795389412
354 0.5020258525331058
355 0.5009129217919802
356 0.5008060216800793
357 0.5002320923282357
358 0.4972618795995619
359 0.500665168423228
360 0.5014719866609351
361 0.5015867223594268
362 0.5009856507587218
363 0.4988011014057415
364 0.49898200883589716
365 0.5006317224966743
366 0.5000973069463738
367 0.4990536192304572
368 0.49811638945178094
369 0.49861887896730434
370 0.49908317366133054
371 0.5001035697024098
372 0.49929476178234194
373 0.49784316746264057
374 0.49867958058098455
375 0.5014177996034426
376 0.5007865120336341
377 0.49964122728968746
378 0.5020007642558959
379 0.5015568240788791
380 0.4993169895223286
381 0.5038252642644396
382 0.4994240603379335
383 0.5019635291950636
384 0.4980466288594833
385 0.499408620663842
386 0.4995220137148191
387 0.49829882892598387
388 0.4988334791484398
389 0.5018963045187549
390 0.5001691422947997
391 0.5023777569179926
392 0.49803441336598914
393 0.501446086136435
394 0.49939238029102617
395 0.5009839707982859
396 0.5012708902586261
397 0.5014818591755764
398 0.5011088072116501
399 0.497947630299267
400 0.5015292251925692
401 0.4985147593262592
402 0.49744630696699843
403 0.49954196961319125
404 0.5020833333333333
405 0.5011408232180341
406 0.49863280924354336
407 0.5005759642145445
408 0.49911622675338074
409 0.4993696548434359
410 0.4997310473783523
411 0.4971985656656208
412 0.4988058296433179
413 0.4993201217639989
414 0.500941652732553
415 0.49994287170743285
416 0.5015067406819984
417 0.49675864583425966
418 0.4994757077944775
419 0.4996270098774975
420 0.49924402234434556
421 0.49809635980169276
422 0.49896038419783983
423 0.4990712016792674
424 0.5003538965876918
425 0.49625078205978207
426 0.4957151342025624
427 0.5005313597115476
428 0.49968512652188846
429 0.49842648479573
430 0.5003461471894771
431 0.5007724841157953
432 0.5016979081771258
433 0.4997469684878448
434 0.49818285120931005
435 0.5000940938759744
436 0.4977629302630794
437 0.4974058560674977
438 0.49992411287956207
439 0.5010662279900079
440 0.4997645999222156
441 0.49804046946226355
442 0.49649841780360016
443 0.49851192030158414
444 0.49973208375797185
445 0.4990248273680881
446 0.5007474158494567
447 0.49996265192662703
448 0.4971742375773086
449 0.49842366011109446
450 0.49619279718386133
451 0.5007203667321546
452 0.4988638234809814
453 0.49923443816573587
454 0.500105620101173
455 0.49958667530552514
456 0.49983803406869587
457 0.4988054243828026
458 0.49867910043352603
459 0.49664185051112175
460 0.5012423503427966
461 0.5011586483588697
462 0.49767109389411546
463 0.4962721342031687
464 0.49997657037089105
465 0.49935004859996956
466 0.49885720313653786
467 0.5004866836321844
468 0.4994120966983351
469 0.4944237037037037
470 0.4985911793500322
471 0.49729192129796057
472 0.4942975446752869
473 0.50195374508511
474 0.49952894250651525
475 0.49814094356347877
476 0.4985507246376812
477 0.497211556618619
478 0.4971965430302422
479 0.4986063953783003
480 0.4979745222929936
481 0.4993796922762096
482 0.49747302632424995
483 0.4962009533334199
484 0.49840251407620795
485 0.49971852375528586
486 0.49756161682550115
487 0.4989389326057443
488 0.4963747023021963
489 0.49602051172480105
490 0.4982424357137063
491 0.5005138190275299
492 0.4934595501479956
493 0.4986426828265102
494 0.4973438105251508
495 0.4977459928762244
496 0.4963204095544148
497 0.49669533979765096
498 0.49508024019384067
