2 0.7975965213468503
3 0.7606901725431358
4 0.7375819624985621
5 0.7136921250494658
6 0.7001731337203381
7 0.6843135719320229
8 0.6746508750220965
9 0.6606370819460319
10 0.6542143485915493
11 0.6467338513841671
12 0.6467691488653756
13 0.6443244011656835
14 0.6326269912834386
15 0.6162242814512329
16 0.6163090128755365
17 0.621210758298102
18 0.6138250627534273
19 0.6041729970626962
20 0.6050573234758384
21 0.6059195211173928
22 0.5971785006412499
23 0.5953246124031008
24 0.5974826935179358
25 0.5882120773582423
26 0.5855405405405405
27 0.5840388619014574
28 0.5888129803586678
29 0.5942369891208468
30 0.5889145496535797
31 0.588632438373371
32 0.5858951175406871
33 0.572642452515828
34 0.5788742182070883
35 0.5661698689172203
36 0.5722468588322247
37 0.5707564922845314
38 0.5714839209608679
39 0.5743162901307967
40 0.5694942254082039
41 0.5742131979695432
42 0.5712518044957723
43 0.5723779854620976
44 0.5652266894781864
45 0.5709711846318036
46 0.5657205240174672
47 0.5524459613196815
48 0.56862292051756
49 0.5497541559353781
50 0.5682096497673279
51 0.5655717461101507
52 0.5562279374684821
53 0.5657142857142857
54 0.5559652357124045
55 0.5542137043843528
56 0.5651020949350305
57 0.5463521667580911
58 0.5486870897155361
59 0.5525938664373746
60 0.5530921820303384
61 0.56212164889017
62 0.5464123006833713
63 0.5592163846838825
64 0.5575326215895611
65 0.5609756097560976
66 0.551909307875895
67 0.5465080817322354
68 0.5421233949264015
69 0.5448051948051948
70 0.5565335138794855
71 0.5532423208191126
72 0.5692256118002011
73 0.5481886534518113
74 0.5593103448275862
75 0.550581600281988
76 0.5628571428571428
77 0.5678481919083422
78 0.5393424455116365
79 0.5472275334608031
80 0.5600760456273765
81 0.5485103132161956
82 0.5582137161084529
83 0.5395962732919255
84 0.5568612585291888
85 0.5483503981797497
86 0.5554272517321016
87 0.545926517571885
88 0.5432389937106918
89 0.5352459016393443
90 0.5284237726098191
91 0.5534317984361424
92 0.549876339653751
93 0.5594605639558643
94 0.5463494667760459
95 0.5326359832635983
96 0.5475890985324947
97 0.5418781725888325
98 0.5490278951817413
99 0.5609756097560976
100 0.5484287559190701
101 0.5336003560302626
102 0.5386333184457347
103 0.5338983050847458
104 0.5131275909719023
105 0.5364583333333334
106 0.5358472998137802
107 0.5285188592456301
108 0.5351506456241033
109 0.5440758293838862
110 0.5297982167996246
111 0.521887159533074
112 0.5379417879417879
113 0.5264259549973835
114 0.5317829457364341
115 0.555667001003009
116 0.5255286230015472
117 0.5471204188481675
118 0.5425250924458531
119 0.5288461538461539
120 0.5559681697612732
121 0.5323076923076923
122 0.5378670788253478
123 0.5294117647058824
124 0.5179407176287052
125 0.5315560391730142
126 0.5195107746068724
127 0.5486880466472304
128 0.5240825688073395
129 0.5319396051103368
130 0.5353658536585366
131 0.5532544378698225
132 0.5563178959405375
133 0.5353477765108324
134 0.5332187857961054
135 0.5402431962941517
136 0.531502423263328
137 0.5356382978723404
138 0.4972466960352423
139 0.5268935236004391
140 0.5251336898395722
141 0.5258476931628683
142 0.5499419279907085
143 0.5355603448275862
144 0.5260243632336655
145 0.5269390171699231
146 0.5238678090575275
147 0.5572139303482587
148 0.5130759651307597
149 0.5267363245236631
150 0.5090322580645161
151 0.5301204819277109
152 0.5352380952380953
153 0.5419896640826873
154 0.5212765957446809
155 0.5563957151858853
156 0.5222013758599124
157 0.511875
158 0.5261070720423001
159 0.49965823650034175
160 0.5312046444121916
161 0.541019955654102
162 0.5490051584377302
163 0.5658536585365853
164 0.5665294924554184
165 0.5401412973667309
166 0.5265459088069956
167 0.5234680573663625
168 0.5403389830508475
169 0.5158462575859744
170 0.5246826516220028
171 0.5368938861560084
172 0.5419630156472262
173 0.5324675324675324
174 0.5206499661475965
175 0.520387007601935
176 0.509393063583815
177 0.533625730994152
178 0.5268656716417911
179 0.5218637992831541
180 0.5156482861400894
181 0.5159817351598174
182 0.5383411580594679
183 0.5296769346356123
184 0.5264727815063386
185 0.5135929463629684
186 0.5388489208633094
187 0.5182012847965739
188 0.5177664974619289
189 0.5144337527757217
190 0.5268256333830105
191 0.5214395099540582
192 0.5352852852852853
193 0.554882664647994
194 0.5376506024096386
195 0.5083758193736344
196 0.5275056518462697
197 0.5184905660377358
198 0.5386938467346168
