2 0.5481078997220822
3 0.54514285472782
4 0.545309832265465
5 0.5446357645354195
6 0.5444476620577411
7 0.5434262454284357
8 0.5423614917630114
9 0.539974579521724
10 0.5405027516671228
11 0.5383666750045083
12 0.5381194566767972
13 0.5367875239311832
14 0.5380961770637663
15 0.5343432841773965
16 0.534150766153109
17 0.5325803372573974
18 0.5337690451454281
19 0.5328808679109466
20 0.5337227095603281
21 0.5319382043161228
22 0.5311937612477504
23 0.5311228879849812
24 0.5311818796822931
25 0.5291097035775478
26 0.5291742325070732
27 0.5299692719780962
28 0.5279122867007137
29 0.5289859559258112
30 0.5271575395527398
31 0.5276565370528558
32 0.5275811271016109
33 0.5269390783903459
34 0.5287164459611509
35 0.5266103084978866
36 0.5274306779932681
37 0.5253872465502217
38 0.5233268407732772
39 0.5262044875649454
40 0.5249979402960481
41 0.5258807417655361
42 0.5266119943579312
43 0.5243589467100864
44 0.5278422020749874
45 0.5254409096585108
46 0.5251209776330754
47 0.5239181158490082
48 0.5249595209727187
49 0.5210724102054444
50 0.5228503442769393
51 0.523284607396757
52 0.5249859132254688
53 0.5235230690653198
54 0.5234091861640492
55 0.5270543080028911
56 0.5239043158246905
57 0.523107103466276
58 0.5226811218637688
59 0.5238193036051995
60 0.52227028240393
61 0.5213762517133304
62 0.5205670380465945
63 0.5203103931706359
64 0.5190850723760847
65 0.520461142600749
66 0.5196747575962438
67 0.519445120923175
68 0.5212130943160996
69 0.5231515843562661
70 0.5222453978338245
71 0.5220264317180616
72 0.519128183163305
73 0.5217720970537262
74 0.5200873796048059
75 0.5222404943439478
76 0.5176909689037333
77 0.5213006309790352
78 0.5223839408000981
79 0.5186402266288952
80 0.5197478115881617
81 0.5199637787979615
82 0.5196044174793262
83 0.5207654161047456
84 0.5228184074852015
85 0.519072104585183
86 0.5172002706505279
87 0.5201698053952198
88 0.5207587571782366
89 0.5195721832510609
90 0.519141030544779
91 0.5197811169215154
92 0.5185222067317268
93 0.5221308655947983
94 0.519439831728108
95 0.5203259282378251
96 0.5171979818637421
97 0.5211014564807177
98 0.518238550464347
99 0.5173314095296987
100 0.5169058088405462
101 0.5195030506264263
102 0.5180383975245552
103 0.5194519900791308
104 0.5145766511261879
105 0.5185956130957394
106 0.514835985000182
107 0.5194822704597546
108 0.5197031603820026
109 0.5203700034672346
110 0.5184510818731684
111 0.5220469104414367
112 0.515072478306666
113 0.5164363802004251
114 0.5169869331283627
115 0.5166965240814012
116 0.5193241406098271
117 0.5190997235310152
118 0.5175088623490784
119 0.5186947296282141
120 0.5159745046639432
121 0.5158084059068535
122 0.516707827914148
123 0.5192023431512099
124 0.5169023587568676
125 0.5177845880770457
126 0.5199672645055692
127 0.5156923162723255
128 0.5169196666573136
129 0.5145997213739921
130 0.5180880203232994
131 0.5167556789859716
132 0.5184693557135109
133 0.5184841829021308
134 0.5183636181966114
135 0.5178072426575421
136 0.5160461946775697
137 0.5157938847465464
138 0.5148063781321185
139 0.5171845816727209
140 0.5224074696436138
141 0.5150291545189505
142 0.515523571743281
143 0.5178618838313814
144 0.5170445302216898
145 0.5151406878070567
146 0.5183320384868224
147 0.5173031293369745
148 0.5159769512833945
149 0.5154712097041206
150 0.5154698648853803
151 0.5165341594054722
152 0.515739166398603
153 0.5159313347124024
154 0.5166909462852184
155 0.5152664635283876
156 0.5141064351764484
157 0.5141976877143946
158 0.5171672794995463
159 0.5146587118296125
160 0.5175687895620721
161 0.5161959392672533
162 0.5146198830409356
163 0.5151948457505383
164 0.5179070190225924
165 0.5146611570247934
166 0.5124158037599276
167 0.5138378892968857
168 0.5215804748892547
169 0.5143011332973556
170 0.5190025156595587
171 0.5179988923758538
172 0.5161111484443249
173 0.5162613289227186
174 0.5173576402419395
175 0.5196499949615397
176 0.5148373676882559
177 0.5178004401807765
178 0.5167195713877832
179 0.5168349039203193
180 0.51189390099679
181 0.5202730236348818
182 0.5175333748590091
183 0.5148494779876339
184 0.5138589126998964
185 0.5134893015883955
186 0.5151773000382037
187 0.5186914265879903
188 0.5172509352916724
189 0.5153922026683279
190 0.5163706992230854
191 0.5156117265650734
192 0.5121811057901611
193 0.5137248028045575
194 0.5143220653460797
195 0.5160821305720061
196 0.5177435317404213
197 0.5148287238523094
198 0.5161205444849846
199 0.5125545851528385
200 0.5147074553428174
201 0.5158720211985032
202 0.5134021731308915
203 0.5112843288316867
204 0.5150566786149675
205 0.5110777181183456
206 0.5139485572047571
207 0.5165471339810838
208 0.5105922002888782
209 0.5111913629011022
210 0.5168602472836268
211 0.5110321756126899
212 0.5136285877209656
213 0.5149312114793825
214 0.5115474985195515
215 0.5125254543358819
216 0.5141195053357476
217 0.5172374166858194
218 0.5121469143383481
219 0.5131070130778648
220 0.5126201453465656
221 0.5099830327901196
222 0.5162400302325119
223 0.5150109496316942
224 0.5105122592823149
225 0.5125717075552301
226 0.5112389672523303
227 0.5180730374296124
228 0.5119795636678272
229 0.5160113582191639
230 0.5132415363909307
231 0.5149887584311766
232 0.5124668767083272
233 0.5174282366725249
234 0.5143066151112969
235 0.515783740757033
236 0.5164332009199247
237 0.5104905375351433
238 0.516023406637514
239 0.5141283474370608
240 0.511011341149435
241 0.516140080486343
242 0.5175395729310528
243 0.510853158152093
244 0.513288148639114
245 0.5136838044619704
246 0.5096238628787716
247 0.5156324634156932
248 0.5134823139919846
249 0.5130339299439991
250 0.5171589588404272
251 0.5150795380257137
252 0.5154774110512423
253 0.5112027009251545
254 0.5154430379746835
255 0.5118435285547143
256 0.5135171187194308
257 0.5158930204545962
258 0.5169386581752244
259 0.5132698496671516
260 0.5139921439826014
261 0.5131733215352284
262 0.5118374794179165
263 0.5146750055840965
264 0.5155960020571071
265 0.515467136516716
266 0.5148744480620846
267 0.5125555233142117
268 0.5133969474178194
269 0.5144739200573579
270 0.5114855555304587
271 0.5123751135331517
272 0.5150656767561393
273 0.511450031008108
274 0.518303857784294
275 0.5152366593567251
276 0.513546235380117
277 0.5156502906645389
278 0.5125
279 0.5134096973042598
280 0.5151921875361581
281 0.513764855197877
282 0.5121651112039746
283 0.5119324181626188
284 0.5128035528678069
285 0.5171115347950429
286 0.5131228604031951
287 0.5084908837254053
288 0.5162934512162717
289 0.514582481786925
290 0.5138438633143626
291 0.5119915325587548
292 0.5161924395330441
293 0.5118074477747502
294 0.5159550347263658
295 0.5147418107640124
296 0.5134467943696741
297 0.5107087180717113
298 0.5124701641580204
299 0.5148444748278724
300 0.5128048631625205
301 0.5127453136837989
302 0.514049911573983
303 0.5173232780784016
304 0.5127765391871034
305 0.5121136173767753
306 0.5100208354003374
307 0.5117460158614996
308 0.5134407926169939
309 0.5077009241108933
310 0.5147721454173068
311 0.5102014726938024
312 0.5151165769920574
313 0.5144492351914588
314 0.5113592308288749
315 0.5158629277024047
316 0.5153406001605261
317 0.5123392240928579
318 0.5154936218141813
319 0.5112183289831
320 0.515590259396506
321 0.5128644939965694
322 0.5150852414956127
323 0.5092969435799218
324 0.5121899001793025
325 0.516204753394329
326 0.5070702192170436
327 0.5174876050873033
328 0.5163925701208154
329 0.5107385229540918
330 0.5110676909076309
331 0.5151507039991434
332 0.5087846745769097
333 0.509185992388358
334 0.5102108400485705
335 0.5095863610955841
336 0.5146078075731786
337 0.5148330930464677
338 0.5114966613583661
339 0.5142841153921487
340 0.5148364617286726
341 0.5119118438571145
342 0.5139597546293642
343 0.5173145281504414
344 0.5132415405228199
345 0.516153824257778
346 0.5119528715350902
347 0.5159193911581108
348 0.51413357502974
349 0.5098862792159552
350 0.5125999304831421
351 0.5117641913758418
352 0.5129103867274214
353 0.5115936043424391
354 0.5175867623370918
355 0.5082217524077989
356 0.5098510474155836
357 0.5089765000596446
358 0.5097560975609756
359 0.5192904921165791
360 0.5096573208722741
361 0.5136499402628435
362 0.5148776790226212
363 0.5090680928620515
364 0.5144997004194128
365 0.5108925230824936
366 0.5135036273852344
367 0.5133312902237205
368 0.5130160480215608
369 0.5120250637343735
370 0.5116637391759884
371 0.5119003115264797
372 0.5109957143304033
373 0.5123429648241206
374 0.5078720162519045
375 0.5165095093495286
376 0.5120963886144136
377 0.508005164622337
378 0.5100662338514
379 0.5152561320444532
380 0.5043895974821931
381 0.5105715730905412
382 0.511071623838163
383 0.5091016057585825
384 0.5201224390413579
385 0.515638470292079
386 0.515725861832166
387 0.5143432825626665
388 0.51255884273099
389 0.5115979381443299
390 0.5134448812049953
391 0.5119667013527576
392 0.5129346314325453
393 0.5149578554649716
394 0.5119072200426733
395 0.5094943240454076
396 0.5122111526221115
397 0.5110453991998608
398 0.5163568387163776
399 0.5104524180967238
400 0.5107800725648898
401 0.5128677749182723
402 0.5086906141367323
403 0.5107151712656299
404 0.5169882252801816
405 0.5113393999715626
406 0.51472962790197
407 0.5096748526167312
408 0.5160256410256411
409 0.5140903967128468
410 0.5227848552974342
411 0.5126555578991774
412 0.5118001904963488
413 0.5110209023252501
414 0.5073992726749
415 0.5115113661122812
416 0.5115323050058207
417 0.51642480687315
418 0.5071503948182381
419 0.5149560972055234
420 0.5113063046713368
421 0.5145803827577441
422 0.5142533025945036
423 0.5121915714389693
424 0.5118533694300139
425 0.5111389328718194
426 0.5163793418981736
427 0.5186832102130101
428 0.5073813960154794
429 0.5072495606326889
430 0.5055455635491607
431 0.5097626339969372
432 0.5124570280814246
433 0.5150814746330752
434 0.5105483610652115
435 0.5117688184572361
436 0.5161604361370716
437 0.5190200617283951
438 0.5124078576666281
439 0.5142381799891667
440 0.5140024015183794
441 0.5158292523040142
442 0.5173616434156063
443 0.5155521879143777
444 0.5135737209741363
445 0.5131251414347138
446 0.5102164600629289
447 0.5049155145929339
448 0.5110144034506663
449 0.5099996131677691
450 0.5188719335522504
451 0.5093823450082842
452 0.5078400627205018
453 0.5171779621223979
454 0.5122036805988771
455 0.5109807934508817
456 0.5179780116592981
457 0.5119727678222084
458 0.509604743083004
459 0.5081177875049742
460 0.5157424254410252
461 0.5125324114088159
462 0.5141389183041142
463 0.5105908147684116
464 0.5098703888334996
465 0.5126684418623416
466 0.5124682753897595
467 0.5108462936780448
468 0.5127736485114334
469 0.5120241297790821
470 0.5153587811271297
471 0.5121233184773275
472 0.5062754550743912
473 0.5098966026587888
474 0.5113492532275757
475 0.5128032060746678
476 0.5101092553057893
477 0.5114471572188899
478 0.5117470262032765
479 0.5153495825250907
480 0.5161208962125352
481 0.5142570449034201
482 0.5117212249208025
483 0.5129334302449869
484 0.51809231556067
485 0.5121132267936076
486 0.514070330235148
487 0.5122351923908344
488 0.5129441403874555
489 0.5117175522361909
490 0.5134911294189443
491 0.5033724597056762
492 0.5130718954248366
493 0.5124204384724187
494 0.5112983195120882
495 0.5111951788149386
496 0.5057270693512305
497 0.5103717488992783
498 0.5124576983351882
