0 577026.0
1 38887.0
2 10132.0
3 6243.0
4 4322.0
5 3160.0
6 2326.0
7 1924.0
8 1504.0
9 1263.0
10 1037.0
11 881.0
12 779.0
13 704.0
14 633.0
15 560.0
16 488.0
17 460.0
18 426.0
19 424.0
20 341.0
21 332.0
22 257.0
23 269.0
24 247.0
25 232.0
26 226.0
27 179.0
28 181.0
29 165.0
30 194.0
31 154.0
32 159.0
33 149.0
34 140.0
35 131.0
36 126.0
37 106.0
38 101.0
39 110.0
40 85.0
41 111.0
42 75.0
43 82.0
44 80.0
45 61.0
46 75.0
47 51.0
48 65.0
49 61.0
50 60.0
51 53.0
52 49.0
53 53.0
54 54.0
55 55.0
56 38.0
57 53.0
58 39.0
59 41.0
60 53.0
61 34.0
62 43.0
63 40.0
64 37.0
65 32.0
66 25.0
67 29.0
68 29.0
69 25.0
70 34.0
71 30.0
72 24.0
73 30.0
74 19.0
75 21.0
76 24.0
77 24.0
78 27.0
79 23.0
80 23.0
81 15.0
82 15.0
83 13.0
84 17.0
85 18.0
86 23.0
87 15.0
88 13.0
89 13.0
90 12.0
91 19.0
92 13.0
93 6.0
94 11.0
95 15.0
96 12.0
97 8.0
98 11.0
99 10.0
100 9.0
101 8.0
102 7.0
103 9.0
104 6.0
105 7.0
106 7.0
107 9.0
108 12.0
109 9.0
110 5.0
111 10.0
112 8.0
113 1.0
114 10.0
115 7.0
116 8.0
117 6.0
118 10.0
119 4.0
120 6.0
121 4.0
122 3.0
123 4.0
124 10.0
125 5.0
126 5.0
127 4.0
128 6.0
129 5.0
130 10.0
131 1.0
132 5.0
133 5.0
134 4.0
135 3.0
136 5.0
137 5.0
138 1.0
139 8.0
140 1.0
141 5.0
142 4.0
143 5.0
144 3.0
145 0.0
146 5.0
147 3.0
148 2.0
149 4.0
150 2.0
151 3.0
152 2.0
153 1.0
154 6.0
155 0.0
156 0.0
157 3.0
158 1.0
159 4.0
160 1.0
161 0.0
162 0.0
163 1.0
164 0.0
165 0.0
166 3.0
167 1.0
168 1.0
169 1.0
170 5.0
171 0.0
172 1.0
173 1.0
174 0.0
175 1.0
176 0.0
177 1.0
178 1.0
179 1.0
180 1.0
181 2.0
182 1.0
183 1.0
184 1.0
185 1.0
186 0.0
187 0.0
188 2.0
189 2.0
190 2.0
191 1.0
192 0.0
193 0.0
194 0.0
195 1.0
196 0.0
197 0.0
198 1.0
199 1.0
200 2.0
201 0.0
202 0.0
203 0.0
204 0.0
205 1.0
206 1.0
207 0.0
208 1.0
209 0.0
210 1.0
211 0.0
212 0.0
213 0.0
214 0.0
215 1.0
216 0.0
217 0.0
218 1.0
219 0.0
220 0.0
221 0.0
222 0.0
223 0.0
224 2.0
225 1.0
226 0.0
227 0.0
228 0.0
229 0.0
230 0.0
231 0.0
232 0.0
233 0.0
234 0.0
235 0.0
236 0.0
237 1.0
238 0.0
239 0.0
240 0.0
241 0.0
242 2.0
243 1.0
244 1.0
245 0.0
246 0.0
247 0.0
248 1.0
249 0.0
250 0.0
251 1.0
252 1.0
253 0.0
254 0.0
255 0.0
256 0.0
257 1.0
258 0.0
259 0.0
260 0.0
261 1.0
262 0.0
263 0.0
264 0.0
265 0.0
266 0.0
267 0.0
268 0.0
269 0.0
270 0.0
271 0.0
272 1.0
273 1.0
274 1.0
275 1.0
276 1.0
277 1.0
278 0.0
279 1.0
280 0.0
281 1.0
282 0.0
283 0.0
284 0.0
285 0.0
286 0.0
287 1.0
288 0.0
289 0.0
290 0.0
291 0.0
292 0.0
293 0.0
294 0.0
295 0.0
296 0.0
297 0.0
298 2.0
299 0.0
300 1.0
301 0.0
302 0.0
303 0.0
304 0.0
305 0.0
306 0.0
307 0.0
308 0.0
309 0.0
310 1.0
311 0.0
312 0.0
313 0.0
314 0.0
315 0.0
316 0.0
317 0.0
318 0.0
319 1.0
320 0.0
321 0.0
322 0.0
323 0.0
324 0.0
325 0.0
326 0.0
327 0.0
328 0.0
329 0.0
330 0.0
331 0.0
332 0.0
333 0.0
334 0.0
335 0.0
336 0.0
337 0.0
338 0.0
339 0.0
340 0.0
341 0.0
342 0.0
343 1.0
344 0.0
345 0.0
346 0.0
347 0.0
348 0.0
349 0.0
350 0.0
351 0.0
352 0.0
353 0.0
354 0.0
355 0.0
356 0.0
357 0.0
358 1.0
359 0.0
360 0.0
361 0.0
362 0.0
363 0.0
364 0.0
365 0.0
366 0.0
367 0.0
368 0.0
369 0.0
370 0.0
371 0.0
372 0.0
373 0.0
374 0.0
375 0.0
376 0.0
377 0.0
378 0.0
379 0.0
380 0.0
381 0.0
382 0.0
383 0.0
384 0.0
385 0.0
386 0.0
387 0.0
388 0.0
389 0.0
390 0.0
391 0.0
392 0.0
393 0.0
394 0.0
395 0.0
396 0.0
397 0.0
398 0.0
399 0.0
400 0.0
401 0.0
402 0.0
403 0.0
404 0.0
405 0.0
406 0.0
407 0.0
408 0.0
409 0.0
410 0.0
411 0.0
412 0.0
413 0.0
414 1.0
