0 0.4741
1 0.4715
2 0.4787
3 0.4811
4 0.4807
5 0.4731
6 0.4806
7 0.4798
8 0.4904
9 0.482
10 0.4821
11 0.4826
12 0.48
13 0.4788
14 0.477
15 0.4759
16 0.479
17 0.484
18 0.4853
19 0.481
20 0.479
21 0.4755
22 0.4837
23 0.4885
24 0.4888
25 0.4731
26 0.4778
27 0.4841
28 0.4764
29 0.4742
30 0.4829
31 0.4876
32 0.4813
33 0.4813
34 0.4871
35 0.4813
36 0.4804
37 0.4846
38 0.4764
39 0.4748
40 0.4824
41 0.4833
42 0.4836
43 0.4791
44 0.4814
45 0.4768
46 0.4706
47 0.4809
48 0.4833
49 0.478
50 0.4806
51 0.482
52 0.4903
53 0.4782
54 0.4799
55 0.4877
56 0.4806
57 0.4848
58 0.4761
59 0.4804
60 0.4762
61 0.4777
62 0.4798
63 0.4743
64 0.4769
65 0.4853
66 0.4778
67 0.4786
68 0.4795
69 0.4744
70 0.4757
71 0.4823
72 0.4828
73 0.4761
74 0.4796
75 0.4803
76 0.4801
77 0.4742
78 0.4717
79 0.4813
80 0.4804
81 0.4734
82 0.4836
83 0.4835
84 0.4744
85 0.4733
86 0.4728
87 0.4813
88 0.477
89 0.4832
90 0.4794
91 0.4839
92 0.4739
93 0.4897
94 0.4807
95 0.4862
96 0.4806
97 0.481
98 0.4877
99 0.4769
100 0.4754
101 0.4796
102 0.4811
103 0.4791
104 0.4802
105 0.4756
106 0.4776
107 0.4868
108 0.4741
109 0.4799
110 0.4788
