2 0.7140468153004347
3 0.6900525202959872
4 0.6736665521761276
5 0.6603760561698802
6 0.6498017159807351
7 0.6410062973186796
8 0.6326857796689549
9 0.6269173832489028
10 0.6208202733398475
11 0.6156355898084775
12 0.6106819429028325
13 0.6070459026648718
14 0.6031660483304924
15 0.6000594107468245
16 0.5963765597569296
17 0.5936758008116042
18 0.5907900381264928
19 0.5880931585745065
20 0.586021501211254
21 0.5837405436126044
22 0.5828183636888498
23 0.5804319182887359
24 0.577794662686395
25 0.5767858042392503
26 0.5743336397058824
27 0.5736296520833915
28 0.5728665432333044
29 0.5706779759606995
30 0.5695006997097862
31 0.5682303129529228
32 0.5669732015633852
33 0.5665017059240383
34 0.5649122807017544
35 0.5639374379832395
36 0.5635231303288366
37 0.5630994109967826
38 0.5605052361626961
39 0.560296092030489
40 0.5592070501466043
41 0.5595231779943769
42 0.5575685924413191
43 0.5571082898031319
44 0.5570541029139388
45 0.5557406654927988
46 0.5549992027767897
47 0.5548583475755043
48 0.5541590240224543
49 0.5536072956722086
50 0.552300003433207
51 0.552181426131299
52 0.5512525900686358
53 0.5512207822461571
54 0.5487603622631514
55 0.5500180283363028
56 0.549979469948128
57 0.5487982883201421
58 0.5480200164478515
59 0.5482765552697315
60 0.5472541747463148
61 0.5449259497991892
62 0.5468753329007641
63 0.5476385353436459
64 0.5459140074218842
65 0.5458338006505055
66 0.5456743260798961
67 0.5457007586654721
68 0.5458308484908724
69 0.5424890402552003
70 0.543549225668431
71 0.5437378541749428
72 0.5414231426159312
73 0.5432456336227468
74 0.5412343030394369
75 0.5431184522649535
76 0.5421923907025097
77 0.5429395167636439
78 0.541657186850058
79 0.5400214858659662
80 0.5386257376544877
81 0.5401258804633805
82 0.5397553919304703
83 0.5385733673996725
84 0.5389218195972014
85 0.538912666795018
86 0.5384989245275025
87 0.5388242453809999
88 0.5373156297266295
89 0.5385922622944086
90 0.5392966190868923
91 0.5359971436836578
92 0.5372797630146304
93 0.5380937159040174
94 0.5380598364230029
95 0.5361921088566776
96 0.5370685941703489
97 0.5358185057270263
98 0.535237800599957
99 0.5369927339918588
100 0.5382217471359574
101 0.536316484903465
102 0.5357056766651825
103 0.5360165807126628
104 0.5350909659519649
105 0.5345362033186014
106 0.5366684127815611
107 0.5350054538383032
108 0.5345926612327287
109 0.5353069686566498
110 0.5347094631654983
111 0.5350000905408913
112 0.5325407841862754
113 0.5337506971385145
114 0.5328067556564435
115 0.5328128303670261
116 0.5327621787255331
117 0.5336830332529968
118 0.531612985036774
119 0.5341138564114016
120 0.5331863067387543
121 0.5329146156242073
122 0.5314995649544092
123 0.5307579885489598
124 0.531364756117589
125 0.5329065655068855
126 0.5313793274558777
127 0.5313940226634564
128 0.5309093596423161
129 0.5306257736770545
130 0.5312341600982456
131 0.5315062307800191
132 0.5310075927181109
133 0.5288474800695153
134 0.5312750127021026
135 0.5298789951612111
136 0.5312522063288101
137 0.5303273927579759
138 0.5299044300611547
139 0.5300071424213167
140 0.5305794204710976
141 0.5315477742056941
142 0.5303562541548454
143 0.5304337980430328
144 0.5288247807509029
145 0.5304779236695324
146 0.5284877391259267
147 0.5294286150080171
148 0.5306162902900058
149 0.5285307772951925
150 0.5299779501960401
151 0.5312563701841407
152 0.528226630438896
153 0.5273658050551439
154 0.5280882912012166
155 0.5291368256510856
156 0.5279742515898868
157 0.5295024587004512
158 0.526588511137163
159 0.5273642001248915
160 0.5262801875037085
161 0.526711681350281
162 0.5281198364550794
163 0.5278798453040451
164 0.5270290527373424
165 0.5280415201306032
166 0.5257172955294329
167 0.5269767251605514
168 0.526878276899832
169 0.5264395460894432
170 0.5285501849496929
171 0.527262698192164
172 0.5255269398932157
173 0.5265152947801494
174 0.526720741599073
175 0.52589688661592
176 0.5257241952443947
177 0.5252132141389232
178 0.5262527579131718
179 0.5253376706640677
180 0.5263982616148455
181 0.5258183685280027
182 0.5263635491104538
183 0.5269261944925187
184 0.5265753785963909
185 0.5246558695508076
186 0.5260501739933243
187 0.5251718497197665
188 0.5249187577773202
189 0.5274781876489242
190 0.5251208876898463
191 0.5256921807582541
192 0.5245564749241219
193 0.5230127803362673
194 0.5240438206969648
195 0.525702526580542
196 0.5249264431643943
197 0.5250633494586501
198 0.525474114416222
199 0.5250435136836648
200 0.5250233309654144
201 0.5247482362577018
202 0.5260730390896984
203 0.5251719356108164
204 0.5242129213932126
205 0.5245767675622567
206 0.523505987441324
207 0.5233540532675638
208 0.5247377031091837
209 0.5247334272810785
210 0.5229649072863339
211 0.5232134552782515
212 0.5217966040515295
213 0.524347288586258
214 0.5252011921771964
215 0.5235977424622068
216 0.5223441777865476
217 0.523433872417779
218 0.5242778027982203
219 0.5239851482691181
220 0.5222841433715318
221 0.5242589286160833
222 0.5250713046253266
223 0.52202833750944
224 0.5224377708354329
225 0.5233397582803402
226 0.5214634616457603
227 0.5232270716934109
228 0.523402201593691
229 0.5194488331736123
230 0.5231217021806466
231 0.5241553144797317
232 0.5245138644411771
233 0.5222861586314153
234 0.5219934621781269
235 0.5229191828881256
236 0.5233596540703139
237 0.5225444605039904
238 0.523170642124815
239 0.5214475661926234
240 0.5209933259588972
241 0.5226426650334194
242 0.5221814373721021
243 0.5254535253413128
244 0.5226972328800843
245 0.5212906638455435
246 0.5237099475873994
247 0.5236113360323886
248 0.5227741765140126
249 0.5218087148349004
250 0.5229425567046145
251 0.521914149408968
252 0.5215487903818614
253 0.5211589699260872
254 0.5222695425195769
255 0.5219310588378111
256 0.5217828455257605
257 0.5197326277677203
258 0.5230581982223413
259 0.5218128762644438
260 0.5226595560325792
261 0.5196987806451975
262 0.5200674252001686
263 0.5208579421821573
264 0.5212331829681743
265 0.5209177937519164
266 0.5209455127295836
267 0.5204438520341319
268 0.5195546674279189
269 0.5209669433857986
270 0.52112822407463
271 0.5202296083695954
272 0.5213265193658602
273 0.5207992617167422
274 0.5230153396639883
275 0.522014639369489
276 0.5206287526773488
277 0.5191864430698309
278 0.5219065790403505
279 0.5202223126891693
280 0.5212253958857481
281 0.5198667816467929
282 0.5205182941372896
283 0.5200261811543727
284 0.5229904467818199
285 0.5215915042713432
286 0.5219613999001618
287 0.5208072138103964
288 0.5211930736454021
289 0.5199025478170226
290 0.5203125284351133
291 0.5200539162468437
292 0.5200178534306712
293 0.5200767279100837
294 0.5179221928040937
295 0.5228251507321274
296 0.5173228928122923
297 0.5187079592052618
298 0.5202960571593028
299 0.5176560016584894
300 0.5200324136891301
301 0.5215425182104584
302 0.5202085234588891
303 0.5193657118512393
304 0.5185881880827423
305 0.5196209475051385
306 0.52142464923409
307 0.5193082043275157
308 0.5194132709512218
309 0.5201507903823613
310 0.5176871570192229
311 0.5193755762729229
312 0.5216804605973372
313 0.5209788188131597
314 0.5216590866812493
315 0.5180359108730501
316 0.5177601581860638
317 0.5220858135729142
318 0.5207979654093573
319 0.5186350106031816
320 0.5184350461856048
321 0.5188466431466155
322 0.518509975021255
323 0.5193935515369035
324 0.5214295142555438
325 0.5192920330682955
326 0.5188381797708154
327 0.518401563601069
328 0.520175602465907
329 0.5181773174909013
330 0.520896982365868
331 0.5183249235063611
332 0.5193250377073907
333 0.5204995398268136
334 0.5201067519965581
335 0.5184036282399807
336 0.5165846336912134
337 0.5190943529683812
338 0.5185730448888344
339 0.5212912556451503
340 0.518693052585702
341 0.5177281232500649
342 0.5178201380597527
343 0.5187198898830007
344 0.5186416364363646
345 0.5190375352931407
346 0.5197840483333563
347 0.5187904729790177
348 0.5203085827157765
349 0.5161883941666436
350 0.5202717236689635
351 0.5193336304880767
352 0.5191823547511818
353 0.5206159301424652
354 0.5188857675298306
355 0.5174099938790273
356 0.517164168660873
357 0.5165676707679253
358 0.5189753521873431
359 0.5208051420838972
360 0.5185185185185185
361 0.5205449460421493
362 0.5186127903277123
363 0.5179112683800206
364 0.515878851293073
365 0.5155332313979908
366 0.5201264867584174
367 0.5186587962896794
368 0.5170533234785479
369 0.518825322863635
370 0.518400357204586
371 0.5175389232789346
372 0.5189643572808229
373 0.5165208020853053
374 0.519571865443425
375 0.517363644322526
376 0.5204153916936267
377 0.5199810847186352
378 0.5194021354390933
379 0.5197981366459627
380 0.5181026833185441
381 0.5169026143694365
382 0.5174067574802212
383 0.5173385687407507
384 0.5176139628245021
385 0.5179000462610616
386 0.5192864139008725
387 0.5186004094546808
388 0.5197406532685709
389 0.5173298335620116
390 0.5161355460657687
391 0.5165941794116096
392 0.5172824252651881
393 0.5161533873415428
394 0.5175477061723168
395 0.516316121529071
396 0.5184722402115032
397 0.5208377518557794
398 0.5154357111371202
399 0.5207524770558422
400 0.5161525161525161
401 0.5177131446166979
402 0.5160507210419036
403 0.5170902111324376
404 0.5171501326910982
405 0.5172741704180311
406 0.5144093886715585
407 0.5176816222752783
408 0.5171095585555547
409 0.5172916021072204
410 0.5162148496752362
411 0.5146615425473746
412 0.5173985443230946
413 0.5200546448087432
414 0.5161823321665453
415 0.5172432712053047
416 0.5172952273333647
417 0.5178204303269041
418 0.5172343238478972
419 0.5182236027782815
420 0.519156696589998
421 0.5160564308063896
422 0.5174736247174077
423 0.5180456301114951
424 0.5146514242583872
425 0.5169757240811415
426 0.5171551560422865
427 0.5159349231112101
428 0.5173951473550935
429 0.5177451363263225
430 0.5132731308242723
431 0.5157528707747049
432 0.5180427146836771
433 0.5167256287724331
434 0.5175970726742543
435 0.518782976585105
436 0.5162152097534123
437 0.5185684799037852
438 0.5176517190923128
439 0.5152553882969263
440 0.5160783227719224
441 0.5167051678679586
442 0.5186036242313228
443 0.5157986168015996
444 0.5166161653487055
445 0.5160287769784173
446 0.5175431375131717
447 0.5164777221196942
448 0.5147519830602404
449 0.5161542296825661
450 0.514817950889077
451 0.5171826162133404
452 0.5165168651122682
453 0.5162163287397477
454 0.516087141108993
455 0.5166497394315779
456 0.5175625443762268
457 0.5157488213461732
458 0.515435095590451
459 0.5162492307432917
460 0.5189964218201458
461 0.5165135672861194
462 0.5177646125542221
463 0.5150916855912958
464 0.5177115654354572
465 0.5166680847443206
466 0.5187521251275077
467 0.5158276011597555
468 0.5165036466498535
469 0.5165362368152433
470 0.5151146971498978
471 0.5157189089227924
472 0.516144263871361
473 0.516678562522036
474 0.5176133823883369
475 0.5159591459676932
476 0.5182670602535162
477 0.5190320119307738
478 0.5184248367145406
479 0.5170685334024717
480 0.5163448341346777
481 0.5145545504030691
482 0.5164927619196309
483 0.5182690892722661
484 0.5160052544247787
485 0.5180936561902537
486 0.5157391063579414
487 0.5151120397975153
488 0.5184085354636954
489 0.5155763103148618
490 0.5140969703341569
491 0.5178209214720371
492 0.5170030290222598
493 0.5168166787501547
494 0.5148798948191315
495 0.5166428552413236
496 0.5160115222690007
497 0.5149984939492195
498 0.5155405435513986
