-2432 1
-2431 0
-2430 0
-2429 0
-2428 0
-2427 0
-2426 0
-2425 0
-2424 0
-2423 0
-2422 0
-2421 0
-2420 0
-2419 0
-2418 0
-2417 0
-2416 0
-2415 0
-2414 0
-2413 0
-2412 0
-2411 0
-2410 0
-2409 0
-2408 0
-2407 0
-2406 0
-2405 0
-2404 0
-2403 0
-2402 0
-2401 0
-2400 0
-2399 0
-2398 0
-2397 0
-2396 0
-2395 0
-2394 0
-2393 0
-2392 0
-2391 0
-2390 0
-2389 0
-2388 0
-2387 0
-2386 0
-2385 0
-2384 0
-2383 0
-2382 0
-2381 0
-2380 0
-2379 0
-2378 0
-2377 0
-2376 0
-2375 0
-2374 0
-2373 0
-2372 0
-2371 0
-2370 0
-2369 0
-2368 0
-2367 0
-2366 0
-2365 0
-2364 0
-2363 0
-2362 0
-2361 0
-2360 0
-2359 0
-2358 0
-2357 0
-2356 0
-2355 0
-2354 0
-2353 0
-2352 0
-2351 0
-2350 0
-2349 0
-2348 0
-2347 0
-2346 0
-2345 0
-2344 0
-2343 0
-2342 0
-2341 0
-2340 0
-2339 0
-2338 0
-2337 0
-2336 0
-2335 0
-2334 0
-2333 0
-2332 0
-2331 0
-2330 0
-2329 0
-2328 0
-2327 0
-2326 0
-2325 0
-2324 0
-2323 0
-2322 0
-2321 0
-2320 0
-2319 0
-2318 0
-2317 0
-2316 0
-2315 0
-2314 0
-2313 0
-2312 0
-2311 0
-2310 0
-2309 0
-2308 0
-2307 0
-2306 0
-2305 0
-2304 0
-2303 0
-2302 0
-2301 0
-2300 0
-2299 0
-2298 1
-2297 0
-2296 0
-2295 0
-2294 0
-2293 0
-2292 0
-2291 0
-2290 0
-2289 0
-2288 0
-2287 0
-2286 0
-2285 0
-2284 0
-2283 0
-2282 0
-2281 0
-2280 0
-2279 2
-2278 0
-2277 0
-2276 1
-2275 0
-2274 0
-2273 0
-2272 0
-2271 0
-2270 0
-2269 0
-2268 0
-2267 0
-2266 0
-2265 0
-2264 0
-2263 0
-2262 0
-2261 0
-2260 0
-2259 0
-2258 0
-2257 0
-2256 1
-2255 0
-2254 0
-2253 0
-2252 0
-2251 0
-2250 0
-2249 0
-2248 0
-2247 0
-2246 1
-2245 0
-2244 0
-2243 0
-2242 0
-2241 1
-2240 0
-2239 0
-2238 0
-2237 0
-2236 0
-2235 0
-2234 0
-2233 0
-2232 0
-2231 0
-2230 0
-2229 1
-2228 0
-2227 1
-2226 0
-2225 0
-2224 2
-2223 0
-2222 1
-2221 1
-2220 1
-2219 1
-2218 2
-2217 0
-2216 0
-2215 0
-2214 1
-2213 2
-2212 0
-2211 1
-2210 0
-2209 1
-2208 0
-2207 0
-2206 1
-2205 0
-2204 1
-2203 0
-2202 2
-2201 0
-2200 0
-2199 0
-2198 0
-2197 1
-2196 0
-2195 0
-2194 0
-2193 0
-2192 1
-2191 0
-2190 0
-2189 0
-2188 1
-2187 0
-2186 0
-2185 0
-2184 0
-2183 0
-2182 0
-2181 1
-2180 2
-2179 0
-2178 1
-2177 0
-2176 1
-2175 1
-2174 0
-2173 1
-2172 0
-2171 0
-2170 3
-2169 0
-2168 0
-2167 0
-2166 0
-2165 1
-2164 0
-2163 0
-2162 0
-2161 1
-2160 1
-2159 2
-2158 0
-2157 1
-2156 0
-2155 3
-2154 2
-2153 1
-2152 1
-2151 1
-2150 1
-2149 0
-2148 0
-2147 0
-2146 0
-2145 2
-2144 0
-2143 1
-2142 1
-2141 1
-2140 4
-2139 0
-2138 1
-2137 2
-2136 0
-2135 1
-2134 1
-2133 3
-2132 1
-2131 1
-2130 1
-2129 1
-2128 2
-2127 2
-2126 2
-2125 2
-2124 4
-2123 0
-2122 2
-2121 2
-2120 1
-2119 2
-2118 0
-2117 2
-2116 1
-2115 3
-2114 2
-2113 0
-2112 3
-2111 2
-2110 3
-2109 0
-2108 0
-2107 2
-2106 1
-2105 1
-2104 4
-2103 0
-2102 1
-2101 2
-2100 3
-2099 2
-2098 2
-2097 2
-2096 2
-2095 1
-2094 6
-2093 0
-2092 4
-2091 0
-2090 4
-2089 1
-2088 4
-2087 7
-2086 3
-2085 2
-2084 2
-2083 2
-2082 4
-2081 2
-2080 2
-2079 1
-2078 5
-2077 7
-2076 3
-2075 2
-2074 4
-2073 5
-2072 3
-2071 3
-2070 3
-2069 3
-2068 2
-2067 1
-2066 5
-2065 4
-2064 4
-2063 3
-2062 3
-2061 4
-2060 2
-2059 4
-2058 3
-2057 4
-2056 3
-2055 4
-2054 7
-2053 2
-2052 7
-2051 6
-2050 8
-2049 6
-2048 5
-2047 1
-2046 2
-2045 4
-2044 5
-2043 3
-2042 4
-2041 4
-2040 3
-2039 2
-2038 2
-2037 0
-2036 2
-2035 8
-2034 4
-2033 7
-2032 5
-2031 6
-2030 4
-2029 3
-2028 3
-2027 4
-2026 5
-2025 4
-2024 7
-2023 4
-2022 7
-2021 5
-2020 5
-2019 6
-2018 4
-2017 12
-2016 4
-2015 3
-2014 1
-2013 6
-2012 9
-2011 4
-2010 11
-2009 2
-2008 3
-2007 8
-2006 10
-2005 2
-2004 13
-2003 6
-2002 5
-2001 4
-2000 10
-1999 1
-1998 2
-1997 6
-1996 7
-1995 9
-1994 8
-1993 5
-1992 6
-1991 8
-1990 10
-1989 8
-1988 7
-1987 7
-1986 6
-1985 6
-1984 5
-1983 6
-1982 3
-1981 1
-1980 10
-1979 7
-1978 6
-1977 4
-1976 4
-1975 8
-1974 4
-1973 4
-1972 9
-1971 10
-1970 10
-1969 8
-1968 7
-1967 10
-1966 8
-1965 7
-1964 11
-1963 14
-1962 12
-1961 8
-1960 7
-1959 5
-1958 11
-1957 9
-1956 9
-1955 4
-1954 8
-1953 12
-1952 13
-1951 5
-1950 13
-1949 7
-1948 9
-1947 7
-1946 6
-1945 5
-1944 12
-1943 11
-1942 11
-1941 13
-1940 9
-1939 7
-1938 7
-1937 11
-1936 16
-1935 11
-1934 11
-1933 12
-1932 17
-1931 10
-1930 11
-1929 18
-1928 15
-1927 12
-1926 7
-1925 6
-1924 8
-1923 7
-1922 12
-1921 10
-1920 13
-1919 7
-1918 17
-1917 9
-1916 6
-1915 11
-1914 14
-1913 10
-1912 9
-1911 9
-1910 12
-1909 13
-1908 11
-1907 12
-1906 15
-1905 10
-1904 26
-1903 11
-1902 12
-1901 17
-1900 10
-1899 20
-1898 12
-1897 11
-1896 14
-1895 13
-1894 18
-1893 12
-1892 19
-1891 20
-1890 17
-1889 15
-1888 13
-1887 16
-1886 14
-1885 16
-1884 21
-1883 16
-1882 17
-1881 5
-1880 16
-1879 18
-1878 11
-1877 17
-1876 18
-1875 13
-1874 15
-1873 20
-1872 19
-1871 11
-1870 15
-1869 17
-1868 21
-1867 14
-1866 16
-1865 18
-1864 24
-1863 18
-1862 16
-1861 16
-1860 29
-1859 28
-1858 26
-1857 24
-1856 21
-1855 21
-1854 16
-1853 25
-1852 14
-1851 20
-1850 21
-1849 12
-1848 24
-1847 28
-1846 22
-1845 30
-1844 22
-1843 21
-1842 17
-1841 14
-1840 23
-1839 24
-1838 19
-1837 19
-1836 19
-1835 26
-1834 28
-1833 22
-1832 20
-1831 22
-1830 26
-1829 34
-1828 22
-1827 23
-1826 19
-1825 26
-1824 19
-1823 23
-1822 25
-1821 29
-1820 18
-1819 24
-1818 21
-1817 23
-1816 19
-1815 30
-1814 25
-1813 13
-1812 31
-1811 35
-1810 31
-1809 25
-1808 31
-1807 28
-1806 25
-1805 15
-1804 28
-1803 22
-1802 25
-1801 20
-1800 33
-1799 26
-1798 33
-1797 21
-1796 25
-1795 29
-1794 26
-1793 25
-1792 20
-1791 26
-1790 33
-1789 25
-1788 38
-1787 26
-1786 26
-1785 28
-1784 35
-1783 29
-1782 29
-1781 41
-1780 23
-1779 26
-1778 43
-1777 29
-1776 24
-1775 33
-1774 37
-1773 25
-1772 28
-1771 38
-1770 23
-1769 27
-1768 41
-1767 29
-1766 30
-1765 33
-1764 33
-1763 30
-1762 35
-1761 35
-1760 35
-1759 30
-1758 21
-1757 44
-1756 37
-1755 29
-1754 30
-1753 29
-1752 29
-1751 26
-1750 36
-1749 27
-1748 38
-1747 32
-1746 30
-1745 37
-1744 35
-1743 35
-1742 40
-1741 31
-1740 39
-1739 33
-1738 31
-1737 36
-1736 51
-1735 32
-1734 44
-1733 43
-1732 34
-1731 26
-1730 29
-1729 37
-1728 46
-1727 32
-1726 52
-1725 46
-1724 39
-1723 40
-1722 44
-1721 42
-1720 41
-1719 53
-1718 39
-1717 40
-1716 44
-1715 49
-1714 46
-1713 31
-1712 44
-1711 47
-1710 51
-1709 41
-1708 49
-1707 32
-1706 38
-1705 38
-1704 53
-1703 51
-1702 36
-1701 33
-1700 38
-1699 47
-1698 43
-1697 46
-1696 51
-1695 44
-1694 61
-1693 43
-1692 32
-1691 42
-1690 46
-1689 55
-1688 47
-1687 55
-1686 45
-1685 44
-1684 51
-1683 45
-1682 50
-1681 33
-1680 46
-1679 53
-1678 49
-1677 64
-1676 47
-1675 55
-1674 47
-1673 49
-1672 49
-1671 48
-1670 46
-1669 52
-1668 41
-1667 35
-1666 54
-1665 42
-1664 47
-1663 61
-1662 50
-1661 47
-1660 60
-1659 54
-1658 64
-1657 40
-1656 68
-1655 58
-1654 48
-1653 67
-1652 55
-1651 51
-1650 49
-1649 55
-1648 50
-1647 53
-1646 65
-1645 69
-1644 59
-1643 64
-1642 71
-1641 55
-1640 48
-1639 68
-1638 66
-1637 55
-1636 62
-1635 61
-1634 70
-1633 58
-1632 61
-1631 58
-1630 68
-1629 55
-1628 53
-1627 70
-1626 54
-1625 68
-1624 65
-1623 55
-1622 68
-1621 64
-1620 56
-1619 65
-1618 72
-1617 57
-1616 62
-1615 70
-1614 71
-1613 65
-1612 54
-1611 51
-1610 63
-1609 72
-1608 77
-1607 69
-1606 53
-1605 78
-1604 88
-1603 67
-1602 72
-1601 72
-1600 65
-1599 64
-1598 69
-1597 67
-1596 85
-1595 71
-1594 63
-1593 68
-1592 69
-1591 67
-1590 75
-1589 87
-1588 83
-1587 74
-1586 78
-1585 73
-1584 66
-1583 68
-1582 62
-1581 84
-1580 85
-1579 73
-1578 63
-1577 82
-1576 72
-1575 88
-1574 79
-1573 66
-1572 74
-1571 67
-1570 74
-1569 91
-1568 81
-1567 71
-1566 75
-1565 82
-1564 85
-1563 79
-1562 79
-1561 76
-1560 79
-1559 75
-1558 81
-1557 66
-1556 79
-1555 98
-1554 84
-1553 93
-1552 86
-1551 92
-1550 89
-1549 78
-1548 104
-1547 86
-1546 73
-1545 95
-1544 89
-1543 85
-1542 74
-1541 86
-1540 91
-1539 97
-1538 82
-1537 98
-1536 83
-1535 80
-1534 76
-1533 81
-1532 75
-1531 69
-1530 77
-1529 91
-1528 88
-1527 71
-1526 82
-1525 93
-1524 90
-1523 96
-1522 101
-1521 95
-1520 93
-1519 89
-1518 77
-1517 86
-1516 82
-1515 72
-1514 93
-1513 87
-1512 99
-1511 90
-1510 90
-1509 94
-1508 88
-1507 120
-1506 93
-1505 80
-1504 93
-1503 98
-1502 92
-1501 80
-1500 101
-1499 100
-1498 107
-1497 106
-1496 102
-1495 108
-1494 88
-1493 102
-1492 95
-1491 109
-1490 92
-1489 133
-1488 103
-1487 92
-1486 92
-1485 101
-1484 99
-1483 94
-1482 105
-1481 106
-1480 85
-1479 113
-1478 112
-1477 130
-1476 115
-1475 100
-1474 120
-1473 109
-1472 108
-1471 104
-1470 107
-1469 91
-1468 122
-1467 130
-1466 122
-1465 105
-1464 110
-1463 114
-1462 128
-1461 102
-1460 111
-1459 119
-1458 117
-1457 114
-1456 111
-1455 120
-1454 117
-1453 107
-1452 136
-1451 143
-1450 112
-1449 114
-1448 127
-1447 118
-1446 123
-1445 119
-1444 119
-1443 145
-1442 113
-1441 118
-1440 106
-1439 124
-1438 127
-1437 106
-1436 127
-1435 116
-1434 129
-1433 122
-1432 110
-1431 126
-1430 117
-1429 112
-1428 125
-1427 124
-1426 119
-1425 112
-1424 126
-1423 127
-1422 123
-1421 123
-1420 129
-1419 138
-1418 138
-1417 118
-1416 147
-1415 150
-1414 130
-1413 118
-1412 126
-1411 143
-1410 143
-1409 149
-1408 125
-1407 141
-1406 122
-1405 115
-1404 115
-1403 163
-1402 164
-1401 143
-1400 117
-1399 153
-1398 148
-1397 137
-1396 140
-1395 131
-1394 158
-1393 140
-1392 144
-1391 149
-1390 114
-1389 132
-1388 158
-1387 144
-1386 152
-1385 130
-1384 142
-1383 179
-1382 150
-1381 153
-1380 148
-1379 164
-1378 165
-1377 149
-1376 156
-1375 142
-1374 131
-1373 155
-1372 156
-1371 117
-1370 135
-1369 159
-1368 152
-1367 150
-1366 159
-1365 144
-1364 137
-1363 128
-1362 188
-1361 128
-1360 128
-1359 162
-1358 150
-1357 162
-1356 167
-1355 139
-1354 174
-1353 164
-1352 173
-1351 152
-1350 171
-1349 183
-1348 162
-1347 147
-1346 146
-1345 181
-1344 144
-1343 167
-1342 157
-1341 152
-1340 184
-1339 160
-1338 156
-1337 151
-1336 183
-1335 180
-1334 160
-1333 166
-1332 169
-1331 166
-1330 161
-1329 180
-1328 190
-1327 172
-1326 184
-1325 151
-1324 143
-1323 178
-1322 161
-1321 159
-1320 173
-1319 177
-1318 200
-1317 173
-1316 166
-1315 172
-1314 178
-1313 200
-1312 168
-1311 190
-1310 178
-1309 179
-1308 187
-1307 178
-1306 155
-1305 187
-1304 188
-1303 200
-1302 186
-1301 188
-1300 163
-1299 208
-1298 189
-1297 175
-1296 179
-1295 181
-1294 202
-1293 188
-1292 174
-1291 170
-1290 199
-1289 190
-1288 226
-1287 194
-1286 182
-1285 202
-1284 221
-1283 187
-1282 180
-1281 217
-1280 193
-1279 199
-1278 197
-1277 190
-1276 190
-1275 190
-1274 220
-1273 216
-1272 190
-1271 203
-1270 216
-1269 213
-1268 219
-1267 207
-1266 209
-1265 202
-1264 237
-1263 178
-1262 216
-1261 197
-1260 189
-1259 212
-1258 217
-1257 211
-1256 190
-1255 206
-1254 209
-1253 214
-1252 203
-1251 219
-1250 204
-1249 188
-1248 220
-1247 192
-1246 198
-1245 191
-1244 223
-1243 237
-1242 193
-1241 199
-1240 217
-1239 213
-1238 238
-1237 217
-1236 239
-1235 218
-1234 223
-1233 215
-1232 255
-1231 238
-1230 221
-1229 207
-1228 201
-1227 194
-1226 255
-1225 223
-1224 201
-1223 207
-1222 230
-1221 219
-1220 231
-1219 224
-1218 228
-1217 207
-1216 247
-1215 200
-1214 252
-1213 260
-1212 206
-1211 220
-1210 210
-1209 235
-1208 247
-1207 231
-1206 226
-1205 223
-1204 259
-1203 257
-1202 237
-1201 246
-1200 281
-1199 238
-1198 223
-1197 270
-1196 257
-1195 242
-1194 240
-1193 274
-1192 249
-1191 233
-1190 276
-1189 278
-1188 237
-1187 257
-1186 272
-1185 224
-1184 258
-1183 260
-1182 250
-1181 246
-1180 278
-1179 247
-1178 272
-1177 245
-1176 254
-1175 266
-1174 251
-1173 260
-1172 289
-1171 252
-1170 265
-1169 281
-1168 245
-1167 265
-1166 264
-1165 277
-1164 258
-1163 236
-1162 257
-1161 270
-1160 292
-1159 253
-1158 283
-1157 286
-1156 276
-1155 253
-1154 283
-1153 296
-1152 278
-1151 260
-1150 269
-1149 280
-1148 277
-1147 307
-1146 291
-1145 312
-1144 284
-1143 280
-1142 288
-1141 281
-1140 288
-1139 286
-1138 294
-1137 330
-1136 263
-1135 298
-1134 292
-1133 282
-1132 302
-1131 293
-1130 288
-1129 290
-1128 282
-1127 292
-1126 268
-1125 305
-1124 298
-1123 284
-1122 306
-1121 286
-1120 308
-1119 312
-1118 308
-1117 322
-1116 312
-1115 282
-1114 302
-1113 312
-1112 299
-1111 285
-1110 330
-1109 333
-1108 296
-1107 322
-1106 310
-1105 314
-1104 313
-1103 345
-1102 284
-1101 321
-1100 293
-1099 330
-1098 317
-1097 329
-1096 321
-1095 380
-1094 305
-1093 311
-1092 346
-1091 302
-1090 340
-1089 334
-1088 354
-1087 307
-1086 333
-1085 333
-1084 323
-1083 322
-1082 309
-1081 323
-1080 357
-1079 364
-1078 346
-1077 348
-1076 353
-1075 330
-1074 345
-1073 352
-1072 367
-1071 359
-1070 387
-1069 319
-1068 332
-1067 368
-1066 328
-1065 343
-1064 360
-1063 340
-1062 343
-1061 361
-1060 356
-1059 384
-1058 365
-1057 356
-1056 375
-1055 399
-1054 392
-1053 361
-1052 368
-1051 336
-1050 350
-1049 359
-1048 415
-1047 355
-1046 394
-1045 377
-1044 381
-1043 350
-1042 386
-1041 353
-1040 391
-1039 363
-1038 355
-1037 405
-1036 390
-1035 401
-1034 364
-1033 359
-1032 403
-1031 375
-1030 383
-1029 381
-1028 383
-1027 407
-1026 363
-1025 372
-1024 391
-1023 427
-1022 387
-1021 409
-1020 403
-1019 381
-1018 391
-1017 395
-1016 405
-1015 410
-1014 375
-1013 377
-1012 399
-1011 374
-1010 443
-1009 400
-1008 387
-1007 372
-1006 376
-1005 440
-1004 431
-1003 391
-1002 432
-1001 401
-1000 404
-999 398
-998 423
-997 436
-996 406
-995 422
-994 430
-993 400
-992 407
-991 448
-990 461
-989 461
-988 460
-987 437
-986 448
-985 442
-984 454
-983 431
-982 421
-981 391
-980 438
-979 420
-978 461
-977 444
-976 429
-975 455
-974 467
-973 458
-972 412
-971 441
-970 406
-969 439
-968 434
-967 443
-966 413
-965 460
-964 493
-963 450
-962 469
-961 453
-960 435
-959 430
-958 447
-957 484
-956 481
-955 454
-954 455
-953 474
-952 439
-951 460
-950 441
-949 475
-948 470
-947 487
-946 460
-945 460
-944 506
-943 515
-942 464
-941 490
-940 467
-939 498
-938 474
-937 466
-936 503
-935 485
-934 491
-933 509
-932 479
-931 515
-930 494
-929 474
-928 489
-927 486
-926 475
-925 534
-924 489
-923 490
-922 519
-921 524
-920 499
-919 523
-918 529
-917 548
-916 509
-915 478
-914 530
-913 495
-912 528
-911 526
-910 551
-909 468
-908 491
-907 510
-906 554
-905 538
-904 578
-903 559
-902 515
-901 535
-900 553
-899 531
-898 514
-897 521
-896 544
-895 552
-894 499
-893 540
-892 542
-891 541
-890 528
-889 551
-888 545
-887 578
-886 563
-885 575
-884 540
-883 511
-882 594
-881 604
-880 534
-879 534
-878 557
-877 597
-876 581
-875 579
-874 563
-873 583
-872 555
-871 575
-870 597
-869 624
-868 603
-867 581
-866 598
-865 609
-864 547
-863 599
-862 516
-861 598
-860 608
-859 587
-858 574
-857 605
-856 570
-855 653
-854 613
-853 590
-852 608
-851 626
-850 628
-849 586
-848 598
-847 660
-846 637
-845 610
-844 652
-843 654
-842 645
-841 644
-840 617
-839 623
-838 661
-837 610
-836 664
-835 629
-834 656
-833 634
-832 612
-831 685
-830 676
-829 631
-828 619
-827 679
-826 653
-825 638
-824 653
-823 644
-822 640
-821 683
-820 627
-819 644
-818 643
-817 685
-816 668
-815 679
-814 700
-813 662
-812 657
-811 681
-810 692
-809 669
-808 656
-807 718
-806 675
-805 700
-804 681
-803 717
-802 678
-801 664
-800 688
-799 705
-798 711
-797 711
-796 734
-795 724
-794 711
-793 690
-792 711
-791 718
-790 639
-789 710
-788 735
-787 704
-786 742
-785 713
-784 723
-783 733
-782 692
-781 779
-780 739
-779 793
-778 740
-777 680
-776 748
-775 725
-774 765
-773 734
-772 727
-771 758
-770 811
-769 707
-768 784
-767 768
-766 762
-765 812
-764 775
-763 787
-762 782
-761 741
-760 765
-759 772
-758 846
-757 770
-756 796
-755 818
-754 793
-753 803
-752 809
-751 731
-750 789
-749 836
-748 809
-747 806
-746 801
-745 822
-744 826
-743 767
-742 822
-741 803
-740 861
-739 772
-738 800
-737 898
-736 787
-735 848
-734 841
-733 865
-732 852
-731 796
-730 887
-729 833
-728 787
-727 832
-726 848
-725 886
-724 843
-723 846
-722 858
-721 840
-720 894
-719 911
-718 870
-717 858
-716 831
-715 859
-714 884
-713 860
-712 881
-711 883
-710 929
-709 877
-708 884
-707 947
-706 868
-705 882
-704 973
-703 893
-702 880
-701 908
-700 921
-699 927
-698 925
-697 885
-696 917
-695 927
-694 910
-693 899
-692 977
-691 960
-690 933
-689 936
-688 939
-687 945
-686 941
-685 963
-684 936
-683 962
-682 975
-681 945
-680 934
-679 1003
-678 968
-677 980
-676 958
-675 1008
-674 1014
-673 1002
-672 1019
-671 1009
-670 977
-669 1009
-668 978
-667 1049
-666 974
-665 992
-664 999
-663 987
-662 1004
-661 1019
-660 970
-659 990
-658 1026
-657 994
-656 1002
-655 1100
-654 1013
-653 1069
-652 1038
-651 1065
-650 1036
-649 972
-648 1089
-647 1015
-646 1095
-645 1074
-644 1033
-643 1061
-642 1049
-641 1159
-640 1110
-639 1017
-638 1080
-637 1143
-636 1056
-635 1116
-634 1113
-633 1105
-632 1104
-631 1104
-630 1098
-629 1039
-628 1064
-627 1148
-626 1112
-625 1142
-624 1130
-623 1126
-622 1095
-621 1121
-620 1165
-619 1142
-618 1070
-617 1152
-616 1168
-615 1189
-614 1138
-613 1158
-612 1149
-611 1179
-610 1227
-609 1193
-608 1213
-607 1203
-606 1137
-605 1194
-604 1215
-603 1237
-602 1167
-601 1172
-600 1264
-599 1227
-598 1235
-597 1187
-596 1219
-595 1228
-594 1236
-593 1279
-592 1234
-591 1200
-590 1266
-589 1246
-588 1260
-587 1270
-586 1296
-585 1317
-584 1292
-583 1251
-582 1323
-581 1251
-580 1313
-579 1251
-578 1308
-577 1287
-576 1311
-575 1335
-574 1406
-573 1300
-572 1329
-571 1241
-570 1322
-569 1297
-568 1379
-567 1329
-566 1381
-565 1347
-564 1393
-563 1330
-562 1353
-561 1371
-560 1329
-559 1443
-558 1362
-557 1350
-556 1419
-555 1384
-554 1386
-553 1401
-552 1462
-551 1395
-550 1430
-549 1408
-548 1363
-547 1411
-546 1452
-545 1526
-544 1456
-543 1518
-542 1426
-541 1481
-540 1393
-539 1408
-538 1515
-537 1460
-536 1423
-535 1505
-534 1564
-533 1485
-532 1478
-531 1526
-530 1499
-529 1536
-528 1563
-527 1470
-526 1566
-525 1542
-524 1532
-523 1614
-522 1546
-521 1487
-520 1579
-519 1529
-518 1610
-517 1595
-516 1543
-515 1611
-514 1601
-513 1628
-512 1638
-511 1620
-510 1601
-509 1631
-508 1613
-507 1661
-506 1648
-505 1712
-504 1741
-503 1603
-502 1657
-501 1643
-500 1660
-499 1664
-498 1705
-497 1690
-496 1737
-495 1725
-494 1632
-493 1671
-492 1732
-491 1737
-490 1724
-489 1781
-488 1709
-487 1790
-486 1765
-485 1798
-484 1812
-483 1742
-482 1737
-481 1800
-480 1798
-479 1820
-478 1724
-477 1810
-476 1770
-475 1859
-474 1846
-473 1820
-472 1862
-471 1910
-470 1850
-469 1860
-468 1829
-467 1851
-466 1854
-465 1834
-464 1849
-463 1913
-462 1938
-461 1871
-460 1909
-459 1966
-458 1835
-457 2022
-456 1941
-455 1849
-454 1958
-453 1950
-452 1950
-451 2068
-450 2028
-449 1930
-448 1910
-447 2008
-446 1956
-445 1991
-444 2080
-443 1987
-442 2034
-441 2135
-440 2108
-439 2162
-438 2036
-437 2092
-436 2049
-435 2091
-434 2076
-433 2112
-432 2149
-431 2083
-430 2142
-429 2120
-428 2136
-427 2162
-426 2139
-425 2223
-424 2161
-423 2256
-422 2243
-421 2286
-420 2203
-419 2275
-418 2272
-417 2223
-416 2207
-415 2252
-414 2293
-413 2326
-412 2279
-411 2264
-410 2270
-409 2261
-408 2264
-407 2327
-406 2282
-405 2328
-404 2381
-403 2479
-402 2473
-401 2392
-400 2436
-399 2413
-398 2446
-397 2482
-396 2421
-395 2351
-394 2451
-393 2426
-392 2478
-391 2442
-390 2444
-389 2591
-388 2533
-387 2539
-386 2481
-385 2561
-384 2560
-383 2591
-382 2544
-381 2610
-380 2650
-379 2688
-378 2710
-377 2646
-376 2695
-375 2676
-374 2744
-373 2644
-372 2804
-371 2684
-370 2685
-369 2732
-368 2710
-367 2830
-366 2760
-365 2795
-364 2790
-363 2853
-362 2860
-361 2795
-360 2766
-359 2892
-358 2938
-357 2935
-356 2880
-355 2991
-354 2939
-353 3001
-352 2950
-351 2874
-350 3093
-349 3030
-348 2969
-347 3049
-346 3001
-345 3082
-344 3076
-343 3083
-342 3075
-341 3201
-340 3122
-339 3040
-338 3183
-337 3146
-336 3160
-335 3157
-334 3355
-333 3320
-332 3163
-331 3224
-330 3277
-329 3307
-328 3273
-327 3302
-326 3350
-325 3307
-324 3501
-323 3395
-322 3403
-321 3430
-320 3388
-319 3498
-318 3454
-317 3402
-316 3532
-315 3542
-314 3522
-313 3615
-312 3620
-311 3605
-310 3712
-309 3672
-308 3852
-307 3703
-306 3599
-305 3695
-304 3756
-303 3662
-302 3805
-301 3804
-300 3792
-299 3727
-298 3845
-297 3842
-296 3903
-295 3972
-294 4006
-293 3953
-292 4011
-291 3926
-290 4040
-289 4030
-288 4069
-287 4031
-286 4191
-285 4121
-284 4308
-283 4148
-282 4228
-281 4183
-280 4233
-279 4335
-278 4334
-277 4317
-276 4398
-275 4435
-274 4426
-273 4417
-272 4574
-271 4406
-270 4506
-269 4533
-268 4554
-267 4633
-266 4760
-265 4623
-264 4617
-263 4684
-262 4698
-261 4701
-260 4736
-259 4782
-258 4920
-257 4917
-256 4814
-255 4987
-254 5016
-253 5049
-252 5095
-251 4955
-250 5121
-249 5166
-248 5081
-247 5220
-246 5241
-245 5319
-244 5290
-243 5298
-242 5334
-241 5321
-240 5474
-239 5498
-238 5620
-237 5496
-236 5605
-235 5596
-234 5857
-233 5733
-232 5590
-231 5777
-230 5705
-229 5794
-228 5783
-227 5760
-226 5982
-225 5935
-224 6214
-223 6222
-222 6097
-221 6135
-220 6291
-219 6270
-218 6194
-217 6549
-216 6443
-215 6281
-214 6410
-213 6354
-212 6579
-211 6668
-210 6739
-209 6790
-208 6867
-207 6955
-206 7010
-205 6871
-204 6893
-203 7081
-202 7129
-201 7243
-200 7348
-199 7165
-198 7253
-197 7470
-196 7418
-195 7355
-194 7482
-193 7553
-192 7657
-191 7444
-190 7841
-189 7837
-188 7831
-187 7983
-186 7937
-185 7992
-184 8267
-183 8274
-182 8197
-181 8164
-180 8620
-179 8521
-178 8539
-177 8735
-176 8744
-175 8673
-174 8796
-173 8935
-172 9040
-171 9112
-170 9331
-169 9362
-168 9387
-167 9632
-166 9428
-165 9563
-164 9666
-163 9875
-162 9795
-161 9909
-160 10219
-159 10293
-158 10256
-157 10511
-156 10560
-155 10454
-154 10839
-153 10630
-152 10682
-151 10989
-150 11079
-149 11238
-148 11369
-147 11674
-146 11405
-145 11757
-144 11868
-143 12081
-142 12079
-141 12154
-140 12300
-139 12497
-138 12652
-137 12841
-136 12866
-135 13011
-134 13068
-133 13330
-132 13432
-131 13651
-130 13864
-129 13938
-128 13876
-127 14473
-126 14577
-125 14791
-124 14973
-123 15232
-122 15170
-121 15262
-120 15778
-119 15913
-118 16032
-117 16067
-116 16319
-115 16561
-114 16847
-113 17005
-112 17348
-111 17647
-110 17616
-109 18114
-108 18277
-107 18272
-106 18917
-105 18927
-104 19582
-103 19729
-102 19792
-101 20197
-100 20456
-99 20999
-98 20899
-97 21631
-96 21583
-95 22264
-94 22485
-93 22793
-92 23265
-91 23696
-90 23695
-89 24359
-88 24930
-87 24996
-86 25792
-85 26051
-84 26784
-83 26975
-82 27684
-81 27813
-80 28687
-79 29192
-78 29951
-77 30484
-76 30697
-75 31344
-74 31966
-73 32970
-72 33387
-71 34194
-70 34686
-69 35572
-68 36499
-67 37058
-66 38194
-65 39128
-64 39483
-63 40460
-62 42051
-61 42799
-60 43555
-59 44685
-58 45990
-57 47392
-56 48215
-55 49663
-54 50903
-53 52341
-52 54237
-51 55449
-50 56827
-49 58892
-48 60413
-47 62542
-46 64558
-45 66711
-44 69284
-43 71544
-42 74248
-41 76577
-40 79242
-39 82622
-38 85114
-37 88792
-36 92266
-35 96610
-34 101370
-33 104997
-32 109670
-31 115107
-30 120460
-29 126438
-28 133415
-27 140767
-26 149131
-25 157160
-24 167030
-23 178718
-22 189949
-21 203414
-20 218012
-19 235238
-18 254813
-17 275640
-16 302059
-15 332098
-14 366555
-13 408646
-12 459153
-11 519830
-10 595077
-9 695057
-8 821564
-7 994956
-6 1241425
-5 1605293
-4 2202013
-3 3289764
-2 5788554
-1 15116244
0 131946501
1 759382709
2 136442081
3 11987257
4 4979181
5 3030973
6 2088977
7 1545756
8 1207081
9 973897
10 807156
11 684413
12 587798
13 514561
14 454268
15 404989
16 362986
17 329958
18 300685
19 275939
20 253044
21 234096
22 216966
23 202181
24 189504
25 177661
26 166177
27 157698
28 147306
29 140062
30 133634
31 126390
32 120477
33 114125
34 109712
35 105362
36 100619
37 96307
38 91687
39 89008
40 85525
41 82079
42 79315
43 77075
44 73730
45 71231
46 68819
47 66647
48 64488
49 62314
50 60134
51 58782
52 57245
53 55681
54 53643
55 52996
56 50922
57 49293
58 48190
59 47001
60 46042
61 44866
62 43507
63 42493
64 41832
65 40392
66 39714
67 38637
68 38121
69 37224
70 36222
71 35729
72 34465
73 34601
74 33022
75 32459
76 31917
77 31660
78 30838
79 30542
80 30141
81 29410
82 28416
83 27817
84 27519
85 27088
86 26565
87 25896
88 25397
89 25386
90 24720
91 24290
92 23866
93 23431
94 22878
95 22779
96 22589
97 22083
98 21601
99 21562
100 20801
101 20684
102 20528
103 20034
104 19911
105 19701
106 19314
107 18888
108 18779
109 18367
110 18271
111 18032
112 17847
113 17532
114 17304
115 17135
116 16801
117 16649
118 16218
119 16249
120 15980
121 15773
122 15718
123 15602
124 15154
125 15002
126 14837
127 14617
128 14453
129 14223
130 14208
131 14120
132 13814
133 13785
134 13513
135 13462
136 13267
137 13026
138 12822
139 12676
140 12536
141 12675
142 12301
143 12110
144 12309
145 12006
146 11989
147 11884
148 11614
149 11499
150 11442
151 11146
152 11219
153 11175
154 10944
155 10731
156 10697
157 10604
158 10378
159 10436
160 10134
161 10309
162 10144
163 10024
164 9817
165 9864
166 9639
167 9640
168 9314
169 9400
170 9347
171 9414
172 9203
173 9000
174 8959
175 9060
176 8904
177 8743
178 8768
179 8603
180 8665
181 8609
182 8574
183 8330
184 8326
185 8229
186 8330
187 8151
188 8036
189 7919
190 7862
191 7593
192 8016
193 7585
194 7742
195 7588
196 7504
197 7374
198 7424
199 7282
200 7160
201 7286
202 7251
203 7165
204 7052
205 7127
206 6946
207 7092
208 6915
209 6827
210 6794
211 6649
212 6663
213 6520
214 6645
215 6505
216 6500
217 6315
218 6435
219 6421
220 6368
221 6235
222 6214
223 6246
224 6313
225 6043
226 6100
227 5926
228 5837
229 5936
230 6047
231 5613
232 5637
233 5768
234 5694
235 5688
236 5640
237 5580
238 5583
239 5616
240 5542
241 5575
242 5459
243 5278
244 5292
245 5280
246 5416
247 5255
248 5150
249 5183
250 5168
251 5255
252 5004
253 5009
254 5095
255 5035
256 5069
257 4901
258 5061
259 4845
260 4878
261 4766
262 4821
263 4766
264 4636
265 4656
266 4693
267 4620
268 4599
269 4502
270 4489
271 4563
272 4480
273 4575
274 4351
275 4472
276 4634
277 4370
278 4308
279 4277
280 4314
281 4238
282 4233
283 4220
284 4309
285 4188
286 4131
287 4175
288 4115
289 4106
290 4106
291 4011
292 4071
293 3914
294 3955
295 3977
296 3926
297 3892
298 3948
299 3857
300 3843
301 3851
302 3741
303 3848
304 3851
305 3697
306 3643
307 3819
308 3722
309 3656
310 3610
311 3568
312 3657
313 3577
314 3639
315 3592
316 3635
317 3690
318 3449
319 3473
320 3471
321 3550
322 3441
323 3449
324 3405
325 3476
326 3397
327 3358
328 3244
329 3283
330 3292
331 3298
332 3271
333 3281
334 3189
335 3192
336 3228
337 3174
338 3180
339 3151
340 3118
341 3094
342 3112
343 3032
344 2989
345 3129
346 3101
347 3069
348 2994
349 3097
350 3019
351 3046
352 2969
353 2932
354 3029
355 2969
356 2921
357 2868
358 2887
359 2911
360 2823
361 2887
362 2879
363 2894
364 2851
365 2812
366 2839
367 2711
368 2747
369 2834
370 2756
371 2717
372 2805
373 2753
374 2752
375 2684
376 2736
377 2633
378 2641
379 2774
380 2727
381 2648
382 2601
383 2601
384 2532
385 2473
386 2650
387 2574
388 2595
389 2438
390 2606
391 2470
392 2450
393 2482
394 2468
395 2447
396 2422
397 2413
398 2484
399 2476
400 2406
401 2364
402 2399
403 2294
404 2341
405 2351
406 2326
407 2307
408 2381
409 2381
410 2392
411 2328
412 2348
413 2308
414 2224
415 2318
416 2287
417 2190
418 2342
419 2242
420 2231
421 2219
422 2280
423 2166
424 2238
425 2252
426 2188
427 2214
428 2133
429 2118
430 2192
431 2161
432 2156
433 2149
434 2167
435 2132
436 2088
437 2052
438 2144
439 2022
440 2106
441 2057
442 2045
443 2019
444 2116
445 2004
446 2052
447 2039
448 2027
449 2056
450 2011
451 1918
452 1879
453 1948
454 1946
455 1955
456 1966
457 1935
458 1998
459 1971
460 1920
461 1903
462 2003
463 1891
464 1854
465 1814
466 1863
467 1848
468 1879
469 1935
470 1856
471 1823
472 1846
473 1828
474 1830
475 1822
476 1797
477 1823
478 1901
479 1862
480 1855
481 1768
482 1819
483 1822
484 1762
485 1850
486 1773
487 1789
488 1764
489 1771
490 1731
491 1704
492 1782
493 1665
494 1774
495 1739
496 1720
497 1699
498 1687
499 1695
500 1665
501 1690
502 1686
503 1708
504 1601
505 1660
506 1580
507 1659
508 1609
509 1617
510 1617
511 1621
512 1740
513 1579
514 1625
515 1612
516 1586
517 1593
518 1549
519 1664
520 1599
521 1628
522 1531
523 1555
524 1607
525 1544
526 1510
527 1495
528 1585
529 1499
530 1506
531 1481
532 1520
533 1456
534 1553
535 1528
536 1460
537 1546
538 1522
539 1472
540 1462
541 1462
542 1452
543 1505
544 1407
545 1475
546 1481
547 1429
548 1467
549 1461
550 1475
551 1443
552 1417
553 1435
554 1416
555 1409
556 1402
557 1441
558 1395
559 1455
560 1426
561 1365
562 1367
563 1339
564 1357
565 1352
566 1392
567 1307
568 1316
569 1352
570 1279
571 1300
572 1333
573 1338
574 1291
575 1375
576 1319
577 1319
578 1273
579 1302
580 1280
581 1317
582 1280
583 1295
584 1278
585 1261
586 1298
587 1298
588 1292
589 1245
590 1244
591 1275
592 1203
593 1267
594 1235
595 1196
596 1238
597 1172
598 1272
599 1205
600 1221
601 1234
602 1241
603 1217
604 1271
605 1159
606 1194
607 1202
608 1167
609 1206
610 1112
611 1159
612 1244
613 1144
614 1152
615 1176
616 1148
617 1153
618 1212
619 1150
620 1176
621 1111
622 1148
623 1134
624 1202
625 1113
626 1124
627 1092
628 1083
629 1172
630 1125
631 1153
632 1119
633 1081
634 1167
635 1078
636 1063
637 1031
638 1118
639 1120
640 1084
641 1104
642 1068
643 1097
644 1041
645 1033
646 1071
647 1073
648 1040
649 1069
650 1035
651 1069
652 1035
653 1050
654 1057
655 1065
656 1010
657 982
658 1013
659 1081
660 1058
661 1039
662 1039
663 1069
664 1022
665 1002
666 989
667 958
668 1039
669 1024
670 1011
671 969
672 954
673 978
674 987
675 927
676 1051
677 1029
678 920
679 911
680 961
681 997
682 958
683 1004
684 942
685 966
686 959
687 950
688 942
689 958
690 978
691 934
692 907
693 873
694 927
695 952
696 899
697 871
698 929
699 929
700 959
701 923
702 933
703 965
704 820
705 932
706 884
707 921
708 873
709 881
710 887
711 909
712 903
713 857
714 888
715 889
716 859
717 829
718 897
719 852
720 816
721 864
722 883
723 861
724 842
725 883
726 884
727 755
728 821
729 818
730 823
731 824
732 840
733 821
734 864
735 838
736 824
737 841
738 853
739 813
740 831
741 801
742 806
743 807
744 777
745 805
746 812
747 804
748 794
749 828
750 787
751 780
752 800
753 782
754 772
755 772
756 770
757 815
758 768
759 776
760 749
761 784
762 819
763 792
764 785
765 779
766 754
767 761
768 732
769 823
770 749
771 804
772 724
773 763
774 733
775 764
776 795
777 787
778 764
779 725
780 704
781 767
782 794
783 721
784 740
785 777
786 730
787 791
788 676
789 693
790 699
791 740
792 712
793 694
794 682
795 758
796 663
797 688
798 690
799 690
800 661
801 721
802 732
803 705
804 672
805 678
806 674
807 664
808 705
809 691
810 673
811 705
812 656
813 654
814 734
815 669
816 690
817 632
818 650
819 669
820 634
821 679
822 680
823 650
824 671
825 660
826 646
827 650
828 666
829 642
830 634
831 621
832 609
833 591
834 636
835 645
836 620
837 609
838 585
839 666
840 623
841 652
842 657
843 603
844 663
845 666
846 593
847 629
848 633
849 634
850 621
851 560
852 601
853 604
854 597
855 608
856 622
857 643
858 578
859 619
860 571
861 555
862 532
863 608
864 556
865 576
866 600
867 563
868 589
869 584
870 608
871 614
872 544
873 530
874 562
875 600
876 573
877 587
878 565
879 608
880 576
881 573
882 564
883 539
884 565
885 550
886 577
887 524
888 568
889 567
890 561
891 578
892 548
893 564
894 541
895 544
896 535
897 557
898 544
899 591
900 551
901 523
902 553
903 511
904 544
905 487
906 533
907 547
908 546
909 512
910 542
911 536
912 545
913 544
914 495
915 516
916 506
917 501
918 491
919 519
920 492
921 430
922 521
923 508
924 544
925 526
926 469
927 481
928 508
929 504
930 477
931 468
932 518
933 463
934 478
935 464
936 453
937 511
938 474
939 461
940 493
941 485
942 524
943 511
944 505
945 526
946 476
947 468
948 462
949 471
950 454
951 450
952 479
953 504
954 463
955 474
956 468
957 462
958 439
959 505
960 446
961 472
962 491
963 466
964 459
965 475
966 464
967 410
968 464
969 464
970 437
971 419
972 417
973 449
974 446
975 429
976 402
977 437
978 433
979 466
980 430
981 417
982 430
983 422
984 424
985 433
986 493
987 432
988 446
989 421
990 418
991 382
992 411
993 435
994 453
995 463
996 409
997 411
998 446
999 395
1000 434
1001 377
1002 407
1003 401
1004 411
1005 402
1006 403
1007 399
1008 420
1009 416
1010 419
1011 378
1012 411
1013 386
1014 426
1015 391
1016 368
1017 367
1018 432
1019 403
1020 359
1021 360
1022 394
1023 367
1024 389
1025 398
1026 392
1027 380
1028 403
1029 372
1030 427
1031 405
1032 376
1033 409
1034 355
1035 390
1036 371
1037 388
1038 374
1039 382
1040 357
1041 388
1042 382
1043 406
1044 383
1045 367
1046 353
1047 377
1048 357
1049 386
1050 378
1051 391
1052 358
1053 371
1054 366
1055 379
1056 369
1057 363
1058 360
1059 382
1060 356
1061 350
1062 348
1063 328
1064 361
1065 363
1066 359
1067 337
1068 358
1069 337
1070 346
1071 357
1072 365
1073 350
1074 333
1075 320
1076 322
1077 350
1078 339
1079 350
1080 341
1081 335
1082 347
1083 353
1084 361
1085 349
1086 347
1087 336
1088 342
1089 340
1090 342
1091 325
1092 316
1093 335
1094 323
1095 336
1096 326
1097 300
1098 325
1099 305
1100 326
1101 336
1102 321
1103 322
1104 306
1105 350
1106 335
1107 317
1108 322
1109 303
1110 330
1111 288
1112 305
1113 295
1114 313
1115 326
1116 269
1117 338
1118 303
1119 326
1120 293
1121 292
1122 311
1123 324
1124 307
1125 326
1126 316
1127 301
1128 296
1129 285
1130 285
1131 287
1132 286
1133 273
1134 292
1135 308
1136 288
1137 297
1138 312
1139 268
1140 312
1141 266
1142 291
1143 282
1144 284
1145 309
1146 297
1147 291
1148 303
1149 272
1150 258
1151 282
1152 276
1153 260
1154 280
1155 245
1156 296
1157 268
1158 313
1159 285
1160 250
1161 304
1162 254
1163 266
1164 246
1165 245
1166 261
1167 286
1168 271
1169 275
1170 260
1171 256
1172 266
1173 253
1174 256
1175 285
1176 247
1177 260
1178 256
1179 251
1180 254
1181 276
1182 242
1183 248
1184 270
1185 230
1186 253
1187 259
1188 281
1189 253
1190 270
1191 242
1192 237
1193 239
1194 226
1195 247
1196 286
1197 279
1198 274
1199 261
1200 237
1201 251
1202 273
1203 221
1204 255
1205 241
1206 254
1207 278
1208 232
1209 240
1210 270
1211 211
1212 236
1213 236
1214 243
1215 238
1216 245
1217 234
1218 223
1219 239
1220 232
1221 276
1222 230
1223 239
1224 233
1225 220
1226 231
1227 215
1228 219
1229 192
1230 217
1231 224
1232 228
1233 211
1234 233
1235 212
1236 201
1237 225
1238 223
1239 235
1240 214
1241 219
1242 232
1243 219
1244 197
1245 216
1246 218
1247 219
1248 209
1249 221
1250 242
1251 207
1252 191
1253 239
1254 213
1255 222
1256 209
1257 208
1258 205
1259 221
1260 203
1261 214
1262 229
1263 188
1264 205
1265 176
1266 204
1267 217
1268 215
1269 188
1270 224
1271 210
1272 222
1273 180
1274 218
1275 207
1276 188
1277 183
1278 188
1279 214
1280 219
1281 209
1282 200
1283 180
1284 203
1285 216
1286 188
1287 183
1288 178
1289 182
1290 170
1291 182
1292 181
1293 183
1294 172
1295 194
1296 191
1297 179
1298 201
1299 205
1300 168
1301 166
1302 197
1303 189
1304 179
1305 171
1306 160
1307 179
1308 143
1309 163
1310 200
1311 180
1312 174
1313 173
1314 184
1315 190
1316 177
1317 175
1318 187
1319 181
1320 149
1321 173
1322 165
1323 166
1324 164
1325 184
1326 162
1327 177
1328 183
1329 159
1330 171
1331 164
1332 191
1333 158
1334 160
1335 184
1336 170
1337 152
1338 156
1339 165
1340 161
1341 162
1342 173
1343 159
1344 165
1345 149
1346 168
1347 174
1348 143
1349 165
1350 166
1351 184
1352 174
1353 139
1354 135
1355 149
1356 149
1357 160
1358 161
1359 148
1360 139
1361 153
1362 159
1363 164
1364 165
1365 152
1366 134
1367 141
1368 146
1369 147
1370 157
1371 159
1372 146
1373 145
1374 151
1375 155
1376 158
1377 137
1378 149
1379 171
1380 156
1381 137
1382 148
1383 135
1384 154
1385 145
1386 151
1387 150
1388 149
1389 147
1390 141
1391 129
1392 154
1393 124
1394 141
1395 133
1396 137
1397 126
1398 153
1399 123
1400 131
1401 140
1402 131
1403 139
1404 122
1405 145
1406 114
1407 150
1408 135
1409 128
1410 135
1411 146
1412 136
1413 152
1414 140
1415 112
1416 136
1417 111
1418 117
1419 118
1420 135
1421 140
1422 129
1423 136
1424 127
1425 120
1426 145
1427 116
1428 102
1429 140
1430 126
1431 122
1432 115
1433 112
1434 131
1435 122
1436 132
1437 103
1438 123
1439 137
1440 105
1441 111
1442 125
1443 115
1444 134
1445 112
1446 133
1447 127
1448 128
1449 121
1450 117
1451 129
1452 109
1453 145
1454 126
1455 125
1456 123
1457 95
1458 110
1459 103
1460 117
1461 116
1462 94
1463 122
1464 103
1465 118
1466 116
1467 125
1468 122
1469 111
1470 108
1471 112
1472 101
1473 102
1474 107
1475 106
1476 95
1477 119
1478 116
1479 128
1480 106
1481 124
1482 89
1483 93
1484 125
1485 98
1486 107
1487 88
1488 94
1489 86
1490 116
1491 99
1492 98
1493 97
1494 83
1495 107
1496 89
1497 110
1498 92
1499 92
1500 98
1501 113
1502 103
1503 101
1504 85
1505 96
1506 105
1507 81
1508 87
1509 93
1510 85
1511 95
1512 95
1513 96
1514 91
1515 88
1516 91
1517 87
1518 103
1519 92
1520 112
1521 83
1522 103
1523 69
1524 99
1525 84
1526 96
1527 86
1528 69
1529 107
1530 97
1531 106
1532 82
1533 91
1534 70
1535 80
1536 97
1537 86
1538 86
1539 94
1540 90
1541 88
1542 92
1543 89
1544 94
1545 86
1546 84
1547 80
1548 94
1549 87
1550 77
1551 78
1552 80
1553 80
1554 87
1555 78
1556 85
1557 75
1558 85
1559 86
1560 91
1561 72
1562 79
1563 88
1564 85
1565 79
1566 90
1567 90
1568 69
1569 75
1570 78
1571 74
1572 68
1573 78
1574 77
1575 61
1576 72
1577 72
1578 81
1579 72
1580 89
1581 83
1582 98
1583 73
1584 67
1585 81
1586 71
1587 66
1588 65
1589 78
1590 71
1591 66
1592 66
1593 79
1594 83
1595 67
1596 58
1597 68
1598 76
1599 64
1600 73
1601 67
1602 71
1603 49
1604 58
1605 68
1606 58
1607 67
1608 87
1609 71
1610 63
1611 62
1612 58
1613 68
1614 73
1615 71
1616 45
1617 56
1618 56
1619 70
1620 70
1621 58
1622 59
1623 56
1624 64
1625 56
1626 51
1627 58
1628 63
1629 68
1630 55
1631 60
1632 80
1633 63
1634 64
1635 46
1636 54
1637 54
1638 55
1639 52
1640 54
1641 60
1642 48
1643 45
1644 51
1645 59
1646 61
1647 62
1648 54
1649 55
1650 54
1651 45
1652 74
1653 56
1654 52
1655 59
1656 60
1657 46
1658 57
1659 65
1660 52
1661 61
1662 47
1663 43
1664 62
1665 48
1666 52
1667 58
1668 54
1669 50
1670 50
1671 49
1672 47
1673 50
1674 47
1675 44
1676 44
1677 60
1678 62
1679 49
1680 40
1681 42
1682 50
1683 52
1684 36
1685 39
1686 50
1687 59
1688 41
1689 57
1690 51
1691 51
1692 55
1693 52
1694 53
1695 46
1696 52
1697 47
1698 43
1699 44
1700 39
1701 29
1702 48
1703 37
1704 45
1705 45
1706 43
1707 45
1708 50
1709 48
1710 39
1711 49
1712 44
1713 50
1714 40
1715 42
1716 46
1717 41
1718 36
1719 39
1720 45
1721 38
1722 36
1723 44
1724 41
1725 33
1726 43
1727 32
1728 35
1729 39
1730 42
1731 34
1732 41
1733 47
1734 38
1735 41
1736 38
1737 31
1738 28
1739 41
1740 38
1741 24
1742 40
1743 28
1744 30
1745 26
1746 39
1747 38
1748 45
1749 31
1750 34
1751 36
1752 24
1753 38
1754 34
1755 40
1756 38
1757 47
1758 35
1759 27
1760 33
1761 29
1762 30
1763 33
1764 37
1765 33
1766 33
1767 36
1768 27
1769 42
1770 27
1771 29
1772 18
1773 30
1774 28
1775 39
1776 29
1777 20
1778 34
1779 39
1780 28
1781 26
1782 37
1783 32
1784 25
1785 29
1786 32
1787 40
1788 30
1789 32
1790 31
1791 26
1792 27
1793 29
1794 22
1795 24
1796 25
1797 19
1798 31
1799 30
1800 24
1801 20
1802 31
1803 40
1804 30
1805 31
1806 25
1807 28
1808 23
1809 18
1810 26
1811 25
1812 18
1813 24
1814 23
1815 23
1816 20
1817 23
1818 27
1819 29
1820 21
1821 31
1822 20
1823 21
1824 20
1825 16
1826 21
1827 22
1828 32
1829 27
1830 20
1831 30
1832 27
1833 28
1834 23
1835 16
1836 19
1837 14
1838 21
1839 17
1840 18
1841 21
1842 27
1843 20
1844 16
1845 13
1846 21
1847 17
1848 21
1849 18
1850 18
1851 22
1852 14
1853 19
1854 29
1855 22
1856 19
1857 17
1858 18
1859 18
1860 15
1861 23
1862 23
1863 22
1864 16
1865 15
1866 15
1867 22
1868 22
1869 18
1870 12
1871 14
1872 18
1873 17
1874 14
1875 18
1876 9
1877 15
1878 17
1879 22
1880 18
1881 20
1882 20
1883 10
1884 13
1885 11
1886 17
1887 17
1888 6
1889 17
1890 11
1891 16
1892 18
1893 18
1894 20
1895 14
1896 18
1897 8
1898 10
1899 25
1900 16
1901 22
1902 11
1903 15
1904 12
1905 11
1906 15
1907 13
1908 16
1909 8
1910 16
1911 16
1912 12
1913 16
1914 11
1915 9
1916 13
1917 14
1918 17
1919 11
1920 7
1921 8
1922 10
1923 15
1924 8
1925 7
1926 15
1927 13
1928 5
1929 11
1930 11
1931 10
1932 14
1933 11
1934 7
1935 9
1936 10
1937 7
1938 6
1939 10
1940 8
1941 15
1942 16
1943 7
1944 6
1945 8
1946 6
1947 9
1948 9
1949 9
1950 7
1951 8
1952 8
1953 15
1954 14
1955 5
1956 12
1957 10
1958 12
1959 14
1960 8
1961 13
1962 12
1963 9
1964 10
1965 10
1966 9
1967 9
1968 10
1969 6
1970 8
1971 6
1972 8
1973 11
1974 9
1975 6
1976 9
1977 7
1978 8
1979 7
1980 3
1981 10
1982 10
1983 8
1984 6
1985 7
1986 3
1987 10
1988 11
1989 6
1990 6
1991 6
1992 6
1993 10
1994 6
1995 3
1996 9
1997 6
1998 11
1999 5
2000 5
2001 4
2002 9
2003 8
2004 8
2005 8
2006 8
2007 8
2008 6
2009 7
2010 5
2011 7
2012 8
2013 8
2014 7
2015 6
2016 5
2017 1
2018 4
2019 3
2020 6
2021 10
2022 8
2023 9
2024 3
2025 4
2026 2
2027 3
2028 8
2029 5
2030 7
2031 6
2032 6
2033 5
2034 2
2035 6
2036 2
2037 6
2038 5
2039 2
2040 5
2041 1
2042 6
2043 3
2044 4
2045 5
2046 2
2047 2
2048 4
2049 2
2050 2
2051 7
2052 5
2053 3
2054 2
2055 3
2056 9
2057 0
2058 2
2059 4
2060 5
2061 1
2062 3
2063 3
2064 4
2065 2
2066 2
2067 2
2068 2
2069 2
2070 1
2071 2
2072 3
2073 1
2074 5
2075 2
2076 3
2077 1
2078 0
2079 3
2080 2
2081 4
2082 2
2083 4
2084 2
2085 3
2086 5
2087 3
2088 3
2089 1
2090 4
2091 3
2092 4
2093 4
2094 1
2095 1
2096 0
2097 4
2098 0
2099 0
2100 3
2101 5
2102 0
2103 5
2104 1
2105 2
2106 2
2107 1
2108 4
2109 5
2110 2
2111 3
2112 0
2113 1
2114 1
2115 3
2116 1
2117 2
2118 1
2119 2
2120 3
2121 0
2122 1
2123 4
2124 0
2125 1
2126 3
2127 0
2128 3
2129 2
2130 2
2131 0
2132 1
2133 2
2134 1
2135 4
2136 1
2137 0
2138 2
2139 2
2140 1
2141 2
2142 0
2143 0
2144 0
2145 1
2146 2
2147 1
2148 1
2149 0
2150 1
2151 2
2152 0
2153 2
2154 0
2155 3
2156 1
2157 1
2158 1
2159 0
2160 1
2161 1
2162 1
2163 0
2164 1
2165 0
2166 0
2167 2
2168 3
2169 2
2170 1
2171 2
2172 0
2173 0
2174 0
2175 1
2176 0
2177 0
2178 0
2179 0
2180 0
2181 1
2182 0
2183 1
2184 0
2185 0
2186 2
2187 0
2188 1
2189 0
2190 0
2191 0
2192 0
2193 0
2194 2
2195 0
2196 0
2197 0
2198 1
2199 0
2200 0
2201 1
2202 0
2203 0
2204 0
2205 0
2206 1
2207 1
2208 1
2209 0
2210 0
2211 0
2212 0
2213 0
2214 0
2215 0
2216 0
2217 1
2218 0
2219 0
2220 0
2221 0
2222 1
2223 0
2224 0
2225 0
2226 1
2227 0
2228 0
2229 0
2230 1
2231 0
2232 1
2233 0
2234 0
2235 1
2236 0
2237 0
2238 0
2239 0
2240 1
2241 0
2242 0
2243 0
2244 0
2245 0
2246 1
2247 0
2248 0
2249 0
2250 0
2251 0
2252 2
2253 0
2254 0
2255 0
2256 0
2257 1
2258 1
2259 0
2260 0
2261 0
2262 0
2263 0
2264 0
2265 0
2266 0
2267 0
2268 0
2269 0
2270 0
2271 0
2272 1
2273 0
2274 0
2275 0
2276 0
2277 0
2278 0
2279 0
2280 0
2281 1
2282 0
2283 1
2284 0
2285 0
2286 0
2287 0
2288 0
2289 0
2290 0
2291 0
2292 0
2293 0
2294 0
2295 0
2296 0
2297 0
2298 1
2299 0
2300 0
2301 0
2302 0
2303 0
2304 0
2305 0
2306 0
2307 0
2308 1
2309 0
2310 0
2311 0
2312 0
2313 0
2314 0
2315 0
2316 0
2317 0
2318 0
2319 0
2320 0
2321 0
2322 0
2323 0
2324 0
2325 0
2326 0
2327 0
2328 0
2329 0
2330 0
2331 0
2332 0
2333 0
2334 0
2335 0
2336 0
2337 0
2338 0
2339 0
2340 1
2341 0
2342 0
2343 0
2344 0
2345 0
2346 0
2347 0
2348 0
2349 0
2350 0
2351 0
2352 0
2353 0
2354 0
2355 0
2356 0
2357 1
2358 0
2359 0
2360 0
2361 0
2362 0
2363 0
2364 0
2365 0
2366 0
2367 0
2368 0
2369 0
2370 0
2371 0
2372 0
2373 0
2374 0
2375 0
2376 0
2377 0
2378 0
2379 0
2380 0
2381 0
2382 0
2383 0
2384 0
2385 0
2386 0
2387 0
2388 0
2389 0
2390 0
2391 0
2392 0
2393 0
2394 0
2395 0
2396 0
2397 0
2398 0
2399 0
2400 0
2401 0
2402 0
2403 0
2404 0
2405 0
2406 0
2407 0
2408 0
2409 0
2410 0
2411 0
2412 0
2413 0
2414 0
2415 0
2416 0
2417 0
2418 0
2419 0
2420 0
2421 0
2422 0
2423 0
2424 0
2425 0
2426 0
2427 0
2428 0
2429 0
2430 0
2431 1
2432 0
2433 0
2434 0
2435 0
2436 0
2437 0
2438 0
2439 0
2440 0
2441 0
2442 0
2443 0
2444 0
2445 0
2446 0
2447 0
2448 0
2449 0
2450 0
2451 0
2452 0
2453 0
2454 0
2455 0
2456 0
2457 0
2458 0
2459 0
2460 0
2461 0
2462 0
2463 0
2464 0
2465 0
2466 0
2467 0
2468 0
2469 0
2470 0
2471 0
2472 0
2473 0
2474 0
2475 0
2476 0
2477 0
2478 0
2479 0
2480 0
2481 0
2482 0
2483 0
2484 0
2485 0
2486 0
2487 0
2488 0
2489 0
2490 0
2491 0
2492 0
2493 0
2494 0
2495 0
2496 0
2497 0
2498 0
2499 0
2500 0
2501 0
2502 0
2503 0
2504 0
2505 0
2506 0
2507 0
2508 0
2509 0
2510 0
2511 0
2512 0
2513 0
2514 0
2515 0
2516 0
2517 0
2518 0
2519 0
2520 0
2521 0
2522 0
2523 0
2524 0
2525 0
2526 0
2527 0
2528 0
2529 0
2530 0
2531 0
2532 0
2533 0
2534 0
2535 0
2536 0
2537 0
2538 0
2539 0
2540 0
2541 0
2542 0
2543 0
2544 0
2545 0
2546 0
2547 0
2548 0
2549 0
2550 0
2551 0
2552 0
2553 0
2554 0
2555 0
2556 1
