2 0.6054227467070454
3 0.5940186445679675
4 0.5868775528773792
5 0.5811622940743694
6 0.5757735570191644
7 0.5716139004412718
8 0.5679687253277308
9 0.5640155810218894
10 0.5609781927274048
11 0.5579568920135349
12 0.5561806770854234
13 0.5538360976603938
14 0.551498361314011
15 0.5495598534727602
16 0.5477648730056427
17 0.5456522298214578
18 0.5445818310135714
19 0.5432214235323729
20 0.5424470164662489
21 0.5407730222587562
22 0.5403645562241053
23 0.5386826271971884
24 0.5372340095378981
25 0.5366348385079263
26 0.5362711082126584
27 0.5357834858125087
28 0.5341682109600709
29 0.5333000433976842
30 0.5332079168926422
31 0.5325705628756958
32 0.5315290614045818
33 0.5307960728751228
34 0.5302379533571104
35 0.5303175391148113
36 0.5289577213668919
37 0.5289616407711324
38 0.5289703464606588
39 0.5279935737271505
40 0.527728437351772
41 0.5277327262236423
42 0.5276627323703391
43 0.5265908953408562
44 0.5256519253290711
45 0.5257131223610872
46 0.5252428628892281
47 0.5244635048772284
48 0.5254604389738723
49 0.5248918073998424
50 0.523643857004541
51 0.5234589783539882
52 0.5226636909629964
53 0.5236260667832778
54 0.5230070197256539
55 0.5222152595606927
56 0.5223478548764636
57 0.5229766217005274
58 0.5217809168916939
59 0.5211025419537589
60 0.5213987987790869
61 0.5212059394622154
62 0.5217429181654676
63 0.5209587482219061
64 0.520244806854592
65 0.51997325512306
66 0.5200907840846923
67 0.5194925742574258
68 0.5195081694888907
69 0.5202458964563705
70 0.519544197387663
71 0.5174977081905076
72 0.5205436222581404
73 0.5189560621718086
74 0.5188529335075984
75 0.5184119983527505
76 0.5176502041283015
77 0.51758278693699
78 0.5181268413172619
79 0.5176546944842819
80 0.5171257844426596
81 0.5170474868727912
82 0.5181732614125909
83 0.5174326828277876
84 0.5170017875170184
85 0.5158877065983825
86 0.5170759157725037
87 0.5169446455073794
88 0.5157008395008038
89 0.5171946447932871
90 0.5169349888116597
91 0.5160306568757272
92 0.5152955110646213
93 0.5160067518489171
94 0.5168240917742167
95 0.5164266900051333
96 0.51687786132991
97 0.5152374522687398
98 0.5159347493198516
99 0.5168254288996317
100 0.5146043889850833
101 0.5160096584036655
102 0.5153635153975759
103 0.5139884190935422
104 0.514636130346517
105 0.5150354072123797
106 0.5147340905895781
107 0.514464137458037
108 0.5149063571874025
109 0.5150549409984126
110 0.5152422793514009
111 0.5151248769314232
112 0.5149648890453314
113 0.512294537011466
114 0.5128756472671516
115 0.5146572424174554
116 0.5133028402687103
117 0.5118556124378719
118 0.5140266807612134
119 0.5144906829086416
120 0.5148448191526197
121 0.5140386853627446
122 0.513170704335994
123 0.5131724954095634
124 0.5126331157677774
125 0.5119981206714539
126 0.5130697109887596
127 0.5130251976430876
128 0.5118838792334449
129 0.5144360122099827
130 0.5121682086602238
131 0.5126805483148824
132 0.513530135301353
133 0.5116281264153792
134 0.5129404268875438
135 0.5133714793265023
136 0.5127914602393366
137 0.5131018331742548
138 0.5148139963653514
139 0.511070411205696
140 0.511587823593895
141 0.5125587601564441
142 0.5124626635080853
143 0.5119581984185438
144 0.5129872631317217
145 0.5127555425554784
146 0.5107090708358559
147 0.5123052534932431
148 0.5101527624789843
149 0.5126031904580041
150 0.5105400939455265
151 0.5123635050988178
152 0.5118477481884264
153 0.5112078913369345
154 0.5114811962272475
155 0.510919659295685
156 0.5122450506060523
157 0.5115262699104525
158 0.5105093565495847
159 0.5114079649805762
160 0.5108376051645318
161 0.5090625504222019
162 0.5113809181610041
163 0.5127374639189098
164 0.513064343741155
165 0.5109316298725389
166 0.5137990392829394
167 0.5129160403228252
168 0.5106636623260932
169 0.5108169624113319
170 0.511047506954847
171 0.5108182816805028
172 0.5105248118868464
173 0.5104185234445343
174 0.5107277304325735
175 0.5095013600123595
176 0.5098122907359455
177 0.5123260665684154
178 0.5095020133839335
179 0.5100653518496907
180 0.5103537362842464
181 0.5106402961981641
182 0.5113837906777465
183 0.5100698787796583
184 0.5104049236769141
185 0.5122444486542115
186 0.5114590108086345
187 0.5112091791703443
188 0.5092182408719802
189 0.5101663781090325
190 0.5089206327233619
191 0.510159655579324
192 0.5099991846275107
193 0.5099072535838843
194 0.5089328907201361
195 0.5104410173615199
196 0.5108379951404193
197 0.5112955278930382
198 0.5110843649701972
199 0.5109001121815259
200 0.510338631006558
201 0.5095873672337625
202 0.5094905154198618
203 0.5098308184727938
204 0.5112237728351989
205 0.5090005751557204
206 0.5093514785153718
207 0.509369931378665
208 0.5090374318107544
209 0.5097612917580496
210 0.5097231388278411
211 0.5090081916217337
212 0.5088101690033905
213 0.5102146928352355
214 0.5094559825999311
215 0.510861844838446
216 0.5114271682017264
217 0.5091192623228693
218 0.5106068990961077
219 0.5095683716183134
220 0.5114338324705555
221 0.5096702466856855
222 0.508240436849253
223 0.5093377275580665
224 0.5088029311849517
225 0.5110415137664678
226 0.5098678690510065
227 0.512126215373326
228 0.5091160261808726
229 0.5090050213873908
230 0.5116788102305778
231 0.5094503469783809
232 0.5083304739029318
233 0.5077562560985917
234 0.5095444550147378
235 0.508901282414847
236 0.509253588897284
237 0.5092692512120089
238 0.5095938950157257
239 0.5112085570263514
240 0.5120099369889607
241 0.5099505787919998
242 0.5102213508939493
243 0.5087722250738381
244 0.508551765155699
245 0.5068857253451464
246 0.5102049663591594
247 0.5098780413280138
248 0.5091459124806529
249 0.5110115417926012
250 0.5100426914235504
251 0.5084118016321406
252 0.5094621920367063
253 0.5075958060528364
254 0.5079318095625711
255 0.509214940937015
256 0.5096192553619742
257 0.509047353021939
258 0.5077059784633906
259 0.5091497476595909
260 0.5070421166201728
261 0.5097898805202958
262 0.5093152338455146
263 0.509295459985638
264 0.508668543845535
265 0.5078627627233337
266 0.5078730139342678
267 0.5056425002844523
268 0.5077332550926315
269 0.5078027038133673
270 0.5075278434378926
271 0.5090163582499678
272 0.509847652293835
273 0.508777626252787
274 0.5111933835628302
275 0.5073113412829663
276 0.5047020211508072
277 0.5097695306826941
278 0.5084280366709255
279 0.5076957925137324
280 0.5068521333622887
281 0.5094677910029959
282 0.5089559013512412
283 0.5067552498444708
284 0.5088520777463986
285 0.5069698054660461
286 0.5056278002404109
287 0.5078528875978534
288 0.509757547239902
289 0.5089116847655908
290 0.5067104729044043
291 0.5112282456747849
292 0.5088044485634847
293 0.5081790704009755
294 0.5105463189102355
295 0.5087190158838869
296 0.508716745748254
297 0.5082488757634741
298 0.5096650614436216
299 0.5071149081357722
300 0.507639346061005
301 0.5079823228835796
302 0.5070912571436555
303 0.5094920182359667
304 0.5078703309793244
305 0.5075642748877514
306 0.5070660411403826
307 0.508304921758895
308 0.5054279780229493
309 0.5052278880528922
310 0.5030577336441525
311 0.50543085833679
312 0.5071267933307484
313 0.5064644455494779
314 0.5070712425740258
315 0.5081920948244775
316 0.5059252362993704
317 0.5088117977974478
318 0.5066438268442623
319 0.509036193051063
320 0.5070477427736279
321 0.5112297376472886
322 0.5052933935166188
323 0.5076119476998859
324 0.5117966428132628
325 0.5077421916357862
326 0.5058575445173383
327 0.5052524739913727
328 0.5083513896234624
329 0.5027774902529069
330 0.5065764091052576
331 0.5066273932253313
332 0.5055509794792823
333 0.5043643263757116
334 0.5123383826444328
335 0.5083392187754658
336 0.5029657072983775
337 0.505416705379541
338 0.5070681660315017
339 0.5060854422592795
340 0.5069956027639769
341 0.5054738577755622
342 0.5052044107139408
343 0.5078267624781511
344 0.5049916967861678
345 0.5051113762927606
346 0.5102775333919859
347 0.5075185711711351
348 0.5059262998485613
349 0.5065460264291988
350 0.5039301671355287
351 0.509358372456964
352 0.5060784559468605
353 0.5063013235946043
354 0.5063997093954999
355 0.5087492178566034
356 0.5057707715294169
357 0.508334791739587
358 0.507767139195022
359 0.5066003696206988
360 0.5090104051361524
361 0.5066987136689367
362 0.5055757902783399
363 0.5072638399454359
364 0.5115317866276946
365 0.5069277453337914
366 0.5105834713786122
367 0.5088028986853719
368 0.5035106258072091
369 0.5056709418070444
370 0.5045811676538136
371 0.5038564187948386
372 0.5060806802452047
373 0.5061845150693114
374 0.5053624728082157
375 0.5053476621611224
376 0.5052753772733135
377 0.5039603189030566
378 0.5074282114546695
379 0.508824614087772
380 0.5023440413403655
381 0.5095579128749125
382 0.5045196666576183
383 0.5040797824116047
384 0.5119594836365639
385 0.5038462598913673
386 0.5104895104895105
387 0.5095175719740253
388 0.5083723290297119
389 0.5091244501206187
390 0.5078392246294184
391 0.5029385625412115
392 0.5062235825681387
393 0.5084560668221126
394 0.5028989838613269
395 0.5061938304590722
396 0.5055238557727328
397 0.5037997180854323
398 0.5047400706363467
399 0.5045845720544516
400 0.5065086887835702
401 0.5096098953377736
402 0.5029638886218719
403 0.5057236436748063
404 0.5073027283123672
405 0.5047669316794775
406 0.5052973915375847
407 0.5066451872734595
408 0.5049301699478378
409 0.5011975638130431
410 0.510766905931243
411 0.5055730011387557
412 0.5038911869873098
413 0.5060577160820883
414 0.5074695553667516
415 0.5103954923148247
416 0.5082002512111968
417 0.5077362446677753
418 0.5048202377500725
419 0.5028502077893421
420 0.5094465932758108
421 0.499622641509434
422 0.509405224278425
423 0.5060447080291971
424 0.5059007753122254
425 0.5089618115524851
426 0.5016242555495398
427 0.5020456333595594
428 0.5032856744593572
429 0.5121067303863003
430 0.5066460342022775
431 0.5060735194551754
432 0.5007025573086034
433 0.511390032193651
434 0.5068102112388875
435 0.5031860226104831
436 0.5043785017638515
437 0.5054359232674306
438 0.5044523028418048
439 0.5092053636873195
440 0.5032942100440683
441 0.5098937904896215
442 0.5037083092774348
443 0.5097864372018369
444 0.5048999865753793
445 0.5027051196065281
446 0.5053763440860215
447 0.5082087836284204
448 0.5050729673384294
449 0.5069701947899554
450 0.5004274316109423
451 0.501261401125558
452 0.5073414252153484
453 0.5020420213551149
454 0.5086803813346713
455 0.5055668016194332
456 0.5072753355876627
457 0.5068514241724403
458 0.5086117451753476
459 0.5072591061741152
460 0.5034848642463331
461 0.5076094346529993
462 0.4983680774899979
463 0.5006414368184734
464 0.5023275955396774
465 0.5123311173064551
466 0.5021296986476413
467 0.4972465176546809
468 0.5058325079784307
469 0.503482972136223
470 0.5074200593604749
471 0.5028577960676726
472 0.5064859856381747
473 0.5069525590091143
474 0.5067926068450819
475 0.5025463911490956
476 0.5054050843430744
477 0.5062596876117801
478 0.5037725599082513
479 0.5078508638981509
480 0.5071619325078902
481 0.4965286387304736
482 0.5058912960851387
483 0.5071478492915688
484 0.5075830293722403
485 0.5052447552447552
486 0.5087477884804403
487 0.5107862248213125
488 0.5032794337294629
489 0.5090379394822221
490 0.5106878870613305
491 0.5045278998535091
492 0.505028305028305
493 0.5058162855996791
494 0.5049391841946106
495 0.5062963719283915
496 0.5135389370422629
497 0.49959316517493896
498 0.5022757509978293
