0.000000 0.000000 0.000000
0.010000 0.000000 0.000000
0.020000 0.000000 0.000000
0.030000 0.000000 0.000000
0.040000 0.000000 0.000000
0.050000 0.000000 0.000000
0.060000 0.000000 0.000000
0.070000 0.000000 0.000000
0.080000 0.000000 0.000000
0.090000 0.000000 0.000000
0.100000 0.000000 0.000000
0.110000 0.000000 0.000000
0.120000 0.000000 0.000000
0.130000 0.000000 0.000000
0.140000 0.000000 0.000000
0.150000 0.000000 0.000000
0.160000 0.000000 0.000000
0.170000 0.000000 0.000000
0.180000 0.000000 0.000000
0.190000 0.000000 0.000000
0.200000 0.000000 0.000000
0.210000 0.000000 0.000000
0.220000 0.000000 0.000000
0.230000 0.000000 0.000000
0.240000 0.000000 0.000000
0.250000 0.000000 0.000000
0.260000 0.000000 0.000000
0.270000 0.000000 0.000000
0.280000 0.017970 0.000000
0.280000 0.017384 0.000000
0.280010 0.018716 0.000000
0.280020 0.018497 0.000000
0.280030 0.019086 0.000000
0.280040 0.019051 0.000000
0.280050 0.019124 0.000000
0.280060 0.018587 0.000000
0.280070 0.018852 0.000000
0.280080 0.019011 0.000000
0.280090 0.020616 0.000000
0.280100 0.020845 0.000000
0.280110 0.019542 0.000000
0.280120 0.019308 0.000000
0.280130 0.021008 0.000000
0.280140 0.021778 0.000000
0.280150 0.020902 0.000000
0.280160 0.021535 0.000000
0.280170 0.021356 0.000000
0.280180 0.021394 0.000000
0.280190 0.021746 0.000000
0.280200 0.022358 0.000000
0.280210 0.022745 0.000000
0.280220 0.021694 0.000000
0.280230 0.023229 0.000000
0.280240 0.022968 0.000000
0.280250 0.022461 0.000000
0.280260 0.025106 0.000000
0.280270 0.024092 0.000000
0.280280 0.025473 0.000000
0.280290 0.025288 0.000000
0.280300 0.025184 0.000000
0.280310 0.025236 0.000000
0.280320 0.026373 0.000000
0.280330 0.025468 0.000000
0.280340 0.024899 0.000000
0.280350 0.026327 0.000000
0.280360 0.025495 0.000000
0.280370 0.025764 0.000000
0.280380 0.027239 0.000000
0.280390 0.027711 0.000000
0.280400 0.029521 0.000000
0.280410 0.028727 0.000000
0.280420 0.028101 0.000000
0.280430 0.028481 0.000000
0.280440 0.028304 0.000000
0.280450 0.028182 0.000000
0.280460 0.028967 0.000000
0.280470 0.027807 0.000000
0.280480 0.029634 0.000000
0.280490 0.028913 0.000000
0.280500 0.030669 0.000000
0.280510 0.029914 0.000000
0.280520 0.031552 0.000000
0.280530 0.030413 0.000000
0.280540 0.031846 0.000000
0.280550 0.031903 0.000000
0.280560 0.032114 0.000000
0.280570 0.032744 0.000000
0.280580 0.033716 0.000000
0.280590 0.032670 0.000000
0.280600 0.034710 0.000000
0.280610 0.034482 0.000000
0.280620 0.033160 0.000000
0.280630 0.036082 0.000000
0.280640 0.034483 0.000000
0.280650 0.036124 0.000000
0.280660 0.036183 0.000000
0.280670 0.034827 0.000000
0.280680 0.034722 0.000000
0.280690 0.037445 0.000000
0.280700 0.036546 0.000000
0.280710 0.037557 0.000000
0.280720 0.039485 0.000000
0.280730 0.039240 0.000000
0.280740 0.040573 0.000000
0.280750 0.038407 0.000000
0.280760 0.038628 0.000000
0.280770 0.038814 0.000000
0.280780 0.039502 0.000000
0.280790 0.040660 0.000000
0.280800 0.041096 0.000000
0.280810 0.043492 0.000000
0.280820 0.041767 0.000000
0.280830 0.043553 0.000000
0.280840 0.042339 0.000000
0.280850 0.043530 0.000000
0.280860 0.044592 0.000000
0.280870 0.043524 0.000000
0.280880 0.042546 0.000000
0.280890 0.046281 0.000000
0.280900 0.047217 0.000000
0.280910 0.045754 0.000000
0.280920 0.047287 0.000000
0.280930 0.047745 0.000000
0.280940 0.045726 0.000000
0.280950 0.048023 0.000000
0.280960 0.047749 0.000000
0.280970 0.049784 0.000000
0.280980 0.047802 0.000000
0.280990 0.048523 0.000000
0.281000 0.050291 0.000000
0.281010 0.051762 0.000000
0.281020 0.049287 0.000000
0.281030 0.052094 0.000000
0.281040 0.053273 0.000000
0.281050 0.051219 0.000000
0.281060 0.050174 0.000000
0.281070 0.053983 0.000000
0.281080 0.053912 0.000000
0.281090 0.053195 0.000000
0.281100 0.057034 0.000000
0.281110 0.055494 0.000000
0.281120 0.053938 0.000000
0.281130 0.055530 0.000000
0.281140 0.058402 0.000000
0.281150 0.057567 0.000000
0.281160 0.059522 0.000000
0.281170 0.057951 0.000000
0.281180 0.056772 0.000000
0.281190 0.058348 0.000000
0.281200 0.060871 0.000000
0.281210 0.060252 0.000000
0.281220 0.061436 0.000000
0.281230 0.061293 0.000000
0.281240 0.061779 0.000000
0.281250 0.061653 0.000000
0.281260 0.063066 0.000000
0.281270 0.065786 0.000000
0.281280 0.063317 0.000000
0.281290 0.063406 0.000000
0.281300 0.066863 0.000000
0.281310 0.066433 0.000000
0.281320 0.067423 0.000000
0.281330 0.067029 0.000000
0.281340 0.070523 0.000000
0.281350 0.067600 0.000000
0.281360 0.071393 0.000000
0.281370 0.068726 0.000000
0.281380 0.071849 0.000000
0.281390 0.072270 0.000000
0.281400 0.070102 0.000000
0.281410 0.069702 0.000000
0.281420 0.072346 0.000000
0.281430 0.073383 0.000000
0.281440 0.075159 0.000000
0.281450 0.078708 0.000000
0.281460 0.074576 0.000000
0.281470 0.077335 0.000000
0.281480 0.075859 0.000000
0.281490 0.080189 0.000000
0.281500 0.075305 0.000000
0.281510 0.079590 0.000000
0.281520 0.079569 0.000000
0.281530 0.076931 0.000000
0.281540 0.078463 0.000000
0.281550 0.081745 0.000000
0.281560 0.082474 0.000000
0.281570 0.082001 0.000000
0.281580 0.083238 0.000000
0.281590 0.081744 0.000000
0.281600 0.084783 0.000000
0.281610 0.083794 0.000000
0.281620 0.084496 0.000000
0.281630 0.089456 0.000000
0.281640 0.089837 0.000000
0.281650 0.089661 0.000000
0.281660 0.089907 0.000000
0.281670 0.092763 0.000000
0.281680 0.089529 0.000000
0.281690 0.093179 0.000000
0.281700 0.092258 0.000000
0.281710 0.093468 0.000000
0.281720 0.093577 0.000000
0.281730 0.097733 0.000000
0.281740 0.097279 0.000000
0.281750 0.095342 0.000000
0.281760 0.097283 0.000000
0.281770 0.097654 0.000000
0.281780 0.097827 0.000000
0.281790 0.100264 0.000000
0.281800 0.096625 0.000000
0.281810 0.099333 0.000000
0.281820 0.103172 0.000000
0.281830 0.102335 0.000000
0.281840 0.100075 0.000000
0.281850 0.102668 0.000000
0.281860 0.104243 0.000000
0.281870 0.107415 0.000000
0.281880 0.106354 0.000000
0.281890 0.105029 0.000000
0.281900 0.111692 0.000000
0.281910 0.105725 0.000000
0.281920 0.109844 0.000000
0.281930 0.109387 0.000000
0.281940 0.108967 0.000000
0.281950 0.109748 0.000000
0.281960 0.110913 0.000000
0.281970 0.114253 0.000000
0.281980 0.114983 0.000000
0.281990 0.115948 0.000000
0.282000 0.114162 0.000000
0.282010 0.115916 0.000000
0.282020 0.116699 0.000000
0.282030 0.120187 0.000000
0.282040 0.120834 0.000000
0.282050 0.122586 0.000000
0.282060 0.125047 0.000000
0.282070 0.121899 0.000000
0.282080 0.122981 0.000000
0.282090 0.123091 0.000000
0.282100 0.124997 0.000000
0.282110 0.128135 0.000000
0.282120 0.127624 0.000000
0.282130 0.127642 0.000000
0.282140 0.130096 0.000000
0.282150 0.127748 0.000000
0.282160 0.132480 0.000000
0.282170 0.129803 0.000000
0.282180 0.133730 0.000000
0.282190 0.135818 0.000000
0.282200 0.130822 0.000000
0.282210 0.136239 0.000000
0.282220 0.134922 0.000000
0.282230 0.136724 0.000000
0.282240 0.138550 0.000000
0.282250 0.138273 0.000000
0.282260 0.141850 0.000000
0.282270 0.144092 0.000000
0.282280 0.143066 0.000000
0.282290 0.142965 0.000000
0.282300 0.146888 0.000000
0.282310 0.142145 0.000000
0.282320 0.146156 0.000000
0.282330 0.148970 0.000000
0.282340 0.146154 0.000000
0.282350 0.151622 0.000000
0.282360 0.149477 0.000000
0.282370 0.148547 0.000000
0.282380 0.149867 0.000000
0.282390 0.149576 0.000000
0.282400 0.153895 0.000000
0.282410 0.162011 0.000000
0.282420 0.154242 0.000000
0.282430 0.154655 0.000000
0.282440 0.161494 0.000000
0.282450 0.160806 0.000000
0.282460 0.163221 0.000000
0.282470 0.165533 0.000000
0.282480 0.162768 0.000000
0.282490 0.164453 0.000000
0.282500 0.163671 0.000000
0.282510 0.163947 0.000000
0.282520 0.167009 0.000000
0.282530 0.168323 0.000000
0.282540 0.172740 0.000000
0.282550 0.168905 0.000000
0.282560 0.170412 0.000000
0.282570 0.175332 0.000000
0.282580 0.173152 0.000000
0.282590 0.178834 0.000000
0.282600 0.178859 0.000000
0.282610 0.178761 0.000000
0.282620 0.180976 0.000000
0.282630 0.186640 0.000000
0.282640 0.181048 0.000000
0.282650 0.181311 0.000000
0.282660 0.185189 0.000000
0.282670 0.183194 0.000000
0.282680 0.190304 0.000000
0.282690 0.189817 0.000000
0.282700 0.186867 0.000000
0.282710 0.188832 0.000000
0.282720 0.194069 0.000000
0.282730 0.190614 0.000000
0.282740 0.189493 0.000000
0.282750 0.193340 0.000000
0.282760 0.197624 0.000000
0.282770 0.199997 0.000000
0.282780 0.195640 0.000000
0.282790 0.201082 0.000000
0.282800 0.198211 0.000000
0.282810 0.198874 0.000000
0.282820 0.201676 0.000000
0.282830 0.201803 0.000000
0.282840 0.207807 0.000000
0.282850 0.206865 0.000000
0.282860 0.206389 0.000000
0.282870 0.212437 0.000000
0.282880 0.210600 0.000000
0.282890 0.213166 0.000000
0.282900 0.210115 0.000000
0.282910 0.211117 0.000000
0.282920 0.214101 0.000000
0.282930 0.212548 0.000000
0.282940 0.218596 0.000000
0.282950 0.214668 0.004484
0.282960 0.219775 0.000000
0.282970 0.222018 0.000000
0.282980 0.219756 0.000000
0.282990 0.226655 0.000000
0.283000 0.222660 0.004484
0.283010 0.226545 0.000000
0.283020 0.226929 0.000000
0.283030 0.226720 0.004484
0.283040 0.229498 0.000000
0.283050 0.230601 0.004484
0.283060 0.234481 0.000000
0.283070 0.236601 0.004484
0.283080 0.226440 0.000000
0.283090 0.235569 0.004484
0.283100 0.237135 0.000000
0.283110 0.235186 0.000000
0.283120 0.237754 0.000000
0.283130 0.242409 0.004484
0.283140 0.240565 0.008969
0.283150 0.241631 0.000000
0.283160 0.239125 0.000000
0.283170 0.243403 0.004484
0.283180 0.251380 0.000000
0.283190 0.246263 0.000000
0.283200 0.247101 0.008969
0.283210 0.248354 0.008969
0.283220 0.252831 0.000000
0.283230 0.254464 0.004484
0.283240 0.251967 0.000000
0.283250 0.252453 0.000000
0.283260 0.258884 0.004484
0.283270 0.254085 0.004484
0.283280 0.259527 0.000000
0.283290 0.260504 0.000000
0.283300 0.262640 0.013453
0.283310 0.265439 0.004484
0.283320 0.258827 0.000000
0.283330 0.262394 0.008969
0.283340 0.270697 0.013453
0.283350 0.265568 0.008969
0.283360 0.266608 0.013453
0.283370 0.267523 0.004484
0.283380 0.274767 0.017937
0.283390 0.271944 0.004484
0.283400 0.271006 0.022422
0.283410 0.273263 0.013453
0.283420 0.281319 0.013453
0.283430 0.280816 0.017937
0.283440 0.275594 0.022422
0.283450 0.278086 0.004484
0.283460 0.279957 0.017937
0.283470 0.281335 0.008969
0.283480 0.282333 0.008969
0.283490 0.288521 0.013453
0.283500 0.287838 0.022422
0.283510 0.287457 0.013453
0.283520 0.286471 0.013453
0.283530 0.290385 0.008969
0.283540 0.287765 0.026906
0.283550 0.295074 0.040359
0.283560 0.298185 0.013453
0.283570 0.293747 0.013453
0.283580 0.297310 0.022422
0.283590 0.298539 0.026906
0.283600 0.299183 0.008969
0.283610 0.301082 0.026906
0.283620 0.301092 0.022422
0.283630 0.302891 0.022422
0.283640 0.306171 0.026906
0.283650 0.307007 0.013453
0.283660 0.305783 0.017937
0.283670 0.308385 0.026906
0.283680 0.307008 0.035874
0.283690 0.308428 0.040359
0.283700 0.316519 0.031390
0.283710 0.313273 0.040359
0.283720 0.311622 0.017937
0.283730 0.316730 0.062780
0.283740 0.318091 0.035874
0.283750 0.314296 0.040359
0.283760 0.322154 0.062780
0.283770 0.322363 0.040359
0.283780 0.320134 0.026906
0.283790 0.322734 0.044843
0.283800 0.329603 0.062780
0.283810 0.329387 0.040359
0.283820 0.329138 0.071749
0.283830 0.333156 0.094170
0.283840 0.335882 0.094170
0.283850 0.331032 0.071749
0.283860 0.331579 0.040359
0.283870 0.331555 0.053812
0.283880 0.341915 0.076233
0.283890 0.345159 0.085202
0.283900 0.343591 0.116592
0.283910 0.337851 0.067265
0.283920 0.341551 0.112108
0.283930 0.339984 0.071749
0.283940 0.346013 0.067265
0.283950 0.346982 0.125561
0.283960 0.347655 0.089686
0.283970 0.351145 0.116592
0.283980 0.348799 0.085202
0.283990 0.349704 0.098655
0.284000 0.350876 0.143498
0.284010 0.360466 0.125561
0.284020 0.349039 0.116592
0.284030 0.356409 0.116592
0.284040 0.355899 0.161435
0.284050 0.359598 0.152466
0.284060 0.362821 0.192825
0.284070 0.358997 0.143498
0.284080 0.361333 0.161435
0.284090 0.366282 0.165919
0.284100 0.363168 0.147982
0.284110 0.364711 0.139013
0.284120 0.369603 0.183857
0.284130 0.371691 0.206278
0.284140 0.370866 0.152466
0.284150 0.370775 0.233184
0.284160 0.369255 0.188341
0.284170 0.373173 0.215247
0.284180 0.374343 0.183857
0.284190 0.378070 0.201794
0.284200 0.378757 0.188341
0.284210 0.377130 0.224215
0.284220 0.378398 0.278027
0.284230 0.387183 0.313901
0.284240 0.385768 0.219731
0.284250 0.381143 0.269058
0.284260 0.386165 0.264574
0.284270 0.382523 0.260090
0.284280 0.389815 0.282511
0.284290 0.386808 0.251121
0.284300 0.388330 0.273543
0.284310 0.386009 0.273543
0.284320 0.391773 0.327354
0.284330 0.394763 0.309417
0.284340 0.393239 0.300448
0.284350 0.399401 0.349776
0.284360 0.397569 0.318386
0.284370 0.396693 0.309417
0.284380 0.399821 0.349776
0.284390 0.400678 0.390135
0.284400 0.405566 0.426009
0.284410 0.407017 0.475336
0.284420 0.405632 0.385650
0.284430 0.408370 0.399103
0.284440 0.410666 0.340807
0.284450 0.408993 0.363229
0.284460 0.410565 0.448430
0.284470 0.411489 0.367713
0.284480 0.416602 0.448430
0.284490 0.411121 0.426009
0.284500 0.413734 0.439462
0.284510 0.413738 0.461883
0.284520 0.417256 0.408072
0.284530 0.418343 0.515695
0.284540 0.421561 0.511211
0.284550 0.423970 0.448430
0.284560 0.420172 0.452915
0.284570 0.422297 0.506726
0.284580 0.428919 0.551570
0.284590 0.422396 0.488789
0.284600 0.424597 0.556054
0.284610 0.426550 0.484305
0.284620 0.423884 0.484305
0.284630 0.428804 0.502242
0.284640 0.428325 0.538117
0.284650 0.432710 0.600897
0.284660 0.429584 0.511211
0.284670 0.433070 0.529148
0.284680 0.439517 0.614350
0.284690 0.437314 0.614350
0.284700 0.433221 0.538117
0.284710 0.435487 0.515695
0.284720 0.440262 0.627803
0.284730 0.440530 0.623318
0.284740 0.441578 0.623318
0.284750 0.442429 0.654709
0.284760 0.446325 0.668161
0.284770 0.447181 0.650224
0.284780 0.446474 0.623318
0.284790 0.450921 0.632287
0.284800 0.445253 0.677130
0.284810 0.449233 0.641256
0.284820 0.450829 0.654709
0.284830 0.452183 0.645740
0.284840 0.454609 0.677130
0.284850 0.452195 0.650224
0.284860 0.453258 0.686099
0.284870 0.459154 0.775785
0.284880 0.455044 0.704036
0.284890 0.457333 0.708520
0.284900 0.461091 0.789238
0.284910 0.460024 0.775785
0.284920 0.457970 0.695067
0.284930 0.466455 0.775785
0.284940 0.461405 0.766816
0.284950 0.463615 0.793722
0.284960 0.467488 0.811659
0.284970 0.460556 0.762332
0.284980 0.469976 0.825112
0.284990 0.471432 0.784753
0.285000 0.471565 0.834081
0.285010 0.469269 0.807175
0.285020 0.469220 0.798206
0.285030 0.474151 0.865471
0.285040 0.472993 0.798206
0.285050 0.474088 0.838565
0.285060 0.476088 0.793722
0.285070 0.477900 0.820628
0.285080 0.476176 0.816143
0.285090 0.477556 0.847534
0.285100 0.477979 0.825112
0.285110 0.482817 0.905830
0.285120 0.479842 0.793722
0.285130 0.483173 0.883408
0.285140 0.485068 0.887892
0.285150 0.486635 0.860987
0.285160 0.486720 0.860987
0.285170 0.482103 0.865471
0.285180 0.485766 0.896861
0.285190 0.486590 0.843049
0.285200 0.490177 0.923767
0.285210 0.488813 0.878924
0.285220 0.488832 0.865471
0.285230 0.492812 0.919283
0.285240 0.494010 0.914798
0.285250 0.490808 0.887892
0.285260 0.495653 0.901345
0.285270 0.493154 0.883408
0.285280 0.498640 0.869955
0.285290 0.496478 0.869955
0.285300 0.497962 0.914798
0.285310 0.497325 0.941704
0.285320 0.501505 0.932735
0.285330 0.500517 0.932735
0.285340 0.502446 0.910314
0.285350 0.502923 0.968610
0.285360 0.503282 0.950673
0.285370 0.504676 0.928251
0.285380 0.506339 0.941704
0.285390 0.505953 0.950673
0.285400 0.509660 0.964126
0.285410 0.505717 0.941704
0.285420 0.508428 0.923767
0.285430 0.511687 0.950673
0.285440 0.511441 0.986547
0.285450 0.511271 0.955157
0.285460 0.514033 0.950673
0.285470 0.514168 0.941704
0.285480 0.514996 0.955157
0.285490 0.517931 0.977578
0.285500 0.517306 0.973094
0.285510 0.516290 0.964126
0.285520 0.515682 0.941704
0.285530 0.515145 0.955157
0.285540 0.521033 0.977578
0.285550 0.518239 0.959641
0.285560 0.522180 0.968610
0.285570 0.524190 0.968610
0.285580 0.522055 0.982063
0.285590 0.522588 0.977578
0.285600 0.528424 0.968610
0.285610 0.527908 0.986547
0.285620 0.525882 0.977578
0.285630 0.528710 0.982063
0.285640 0.527498 0.995516
0.285650 0.529908 0.982063
0.285660 0.527156 0.982063
0.285670 0.529168 0.982063
0.285680 0.529953 0.982063
0.285690 0.533904 0.986547
0.285700 0.529974 0.982063
0.285710 0.532971 0.982063
0.285720 0.532193 0.973094
0.285730 0.532892 0.991031
0.285740 0.533636 0.991031
0.285750 0.538102 0.977578
0.285760 0.537478 0.977578
0.285770 0.539778 0.995516
0.285780 0.541486 0.982063
0.285790 0.538634 0.986547
0.285800 0.539674 0.982063
0.285810 0.542486 0.991031
0.285820 0.542457 0.973094
0.285830 0.542245 0.986547
0.285840 0.541691 0.995516
0.285850 0.543739 0.991031
0.285860 0.545649 0.986547
0.285870 0.544197 0.995516
0.285880 0.547377 0.991031
0.285890 0.548433 1.000000
0.285900 0.549633 0.991031
0.285910 0.549466 1.000000
0.285920 0.550450 0.995516
0.285930 0.548036 0.995516
0.285940 0.548326 0.995516
0.285950 0.553084 0.995516
0.285960 0.553219 1.000000
0.285970 0.553247 1.000000
0.285980 0.551464 0.995516
0.285990 0.554145 0.995516
0.286000 0.555278 0.995516
0.286010 0.555780 1.000000
0.286020 0.557636 0.991031
0.286030 0.559334 1.000000
0.286040 0.555930 1.000000
0.286050 0.557124 0.995516
0.286060 0.560573 0.991031
0.286070 0.557262 1.000000
0.286080 0.559126 0.986547
0.286090 0.559846 1.000000
0.286100 0.560811 0.995516
0.286110 0.563739 1.000000
0.286120 0.562345 0.991031
0.286130 0.567196 0.995516
0.286140 0.565401 1.000000
0.286150 0.562868 1.000000
0.286160 0.566780 1.000000
0.286170 0.564130 1.000000
0.286180 0.566470 0.995516
0.286190 0.568421 1.000000
0.286200 0.567239 1.000000
0.286210 0.569614 1.000000
0.286220 0.567647 1.000000
0.286230 0.571225 0.986547
0.286240 0.569642 1.000000
0.286250 0.572800 0.995516
0.286260 0.571608 1.000000
0.286270 0.570928 1.000000
0.286280 0.571551 1.000000
0.286290 0.573244 0.995516
0.286300 0.574035 1.000000
0.286310 0.575436 0.995516
0.286320 0.573500 1.000000
0.286330 0.575724 1.000000
0.286340 0.576564 1.000000
0.286350 0.579119 1.000000
0.286360 0.576254 1.000000
0.286370 0.577642 1.000000
0.286380 0.579452 0.995516
0.286390 0.578343 1.000000
0.286400 0.580430 1.000000
0.286410 0.580931 1.000000
0.286420 0.580539 1.000000
0.286430 0.580189 1.000000
0.286440 0.583616 1.000000
0.286450 0.582431 1.000000
0.286460 0.583511 1.000000
0.286470 0.582148 1.000000
0.286480 0.582310 1.000000
0.286490 0.585899 1.000000
0.286500 0.585066 1.000000
0.286510 0.587952 1.000000
0.286520 0.583924 1.000000
0.286530 0.587196 1.000000
0.286540 0.586523 1.000000
0.286550 0.587206 1.000000
0.286560 0.587144 1.000000
0.286570 0.586193 1.000000
0.286580 0.588202 1.000000
0.286590 0.590511 1.000000
0.286600 0.590236 1.000000
0.286610 0.590682 1.000000
0.286620 0.591706 1.000000
0.286630 0.592260 1.000000
0.286640 0.593258 1.000000
0.286650 0.593827 1.000000
0.286660 0.593611 1.000000
0.286670 0.594161 1.000000
0.286680 0.594183 1.000000
0.286690 0.594622 1.000000
0.286700 0.597430 1.000000
0.286710 0.597540 1.000000
0.286720 0.595934 1.000000
0.286730 0.598401 1.000000
0.286740 0.598353 1.000000
0.286750 0.598421 1.000000
0.286760 0.597423 1.000000
0.286770 0.600331 1.000000
0.286780 0.600993 1.000000
0.286790 0.600114 1.000000
0.286800 0.601317 1.000000
0.286810 0.601506 1.000000
0.286820 0.602235 1.000000
0.286830 0.602434 1.000000
0.286840 0.603577 1.000000
0.286850 0.602705 1.000000
0.286860 0.605824 1.000000
0.286870 0.603455 1.000000
0.286880 0.605009 1.000000
0.286890 0.607332 1.000000
0.286900 0.606441 1.000000
0.286910 0.607324 1.000000
0.286920 0.607603 1.000000
0.286930 0.605338 1.000000
0.286940 0.607746 1.000000
0.286950 0.606048 1.000000
0.286960 0.606611 1.000000
0.286970 0.605328 1.000000
0.286980 0.606738 1.000000
0.286990 0.609230 1.000000
0.287000 0.610409 1.000000
0.287010 0.611877 1.000000
0.287020 0.609995 1.000000
0.287030 0.610271 1.000000
0.287040 0.610665 1.000000
0.287050 0.611966 1.000000
0.287060 0.613495 1.000000
0.287070 0.614369 1.000000
0.287080 0.615298 1.000000
0.287090 0.615181 1.000000
0.287100 0.614179 1.000000
0.287110 0.613058 1.000000
0.287120 0.615601 1.000000
0.287130 0.614287 1.000000
0.287140 0.616707 1.000000
0.287150 0.616048 1.000000
0.287160 0.617507 1.000000
0.287170 0.617710 1.000000
0.287180 0.617682 1.000000
0.287190 0.618459 1.000000
0.287200 0.617153 1.000000
0.287210 0.616955 1.000000
0.287220 0.620344 1.000000
0.287230 0.619483 1.000000
0.287240 0.618555 1.000000
0.287250 0.619569 1.000000
0.287260 0.620816 1.000000
0.287270 0.620392 1.000000
0.287280 0.622010 1.000000
0.287290 0.621448 1.000000
0.287300 0.622391 1.000000
0.287310 0.622216 1.000000
0.287320 0.621404 1.000000
0.287330 0.623086 1.000000
0.287340 0.623379 1.000000
0.287350 0.624645 1.000000
0.287360 0.623668 1.000000
0.287370 0.623572 1.000000
0.287380 0.623553 1.000000
0.287390 0.626199 1.000000
0.287400 0.626911 1.000000
0.287410 0.624818 1.000000
0.287420 0.625703 1.000000
0.287430 0.626192 1.000000
0.287440 0.627033 1.000000
0.287450 0.628281 1.000000
0.287460 0.629290 1.000000
0.287470 0.628055 1.000000
0.287480 0.627675 1.000000
0.287490 0.629562 1.000000
0.287500 0.628668 1.000000
0.287510 0.630332 1.000000
0.287520 0.629543 1.000000
0.287530 0.627714 1.000000
0.287540 0.631993 1.000000
0.287550 0.630885 1.000000
0.287560 0.631752 1.000000
0.287570 0.632459 1.000000
0.287580 0.633344 1.000000
0.287590 0.632188 1.000000
0.287600 0.633005 1.000000
0.287610 0.633612 1.000000
0.287620 0.633986 1.000000
0.287630 0.632454 1.000000
0.287640 0.633859 1.000000
0.287650 0.634449 1.000000
0.287660 0.635545 1.000000
0.287670 0.634430 1.000000
0.287680 0.635166 1.000000
0.287690 0.637117 1.000000
0.287700 0.636199 1.000000
0.287710 0.635977 1.000000
0.287720 0.637104 1.000000
0.287730 0.636091 1.000000
0.287740 0.637139 1.000000
0.287750 0.638065 1.000000
0.287760 0.639902 1.000000
0.287770 0.637165 1.000000
0.287780 0.636580 1.000000
0.287790 0.637492 1.000000
0.287800 0.639433 1.000000
0.287810 0.640254 1.000000
0.287820 0.637893 1.000000
0.287830 0.638613 1.000000
0.287840 0.640380 1.000000
0.287850 0.641415 1.000000
0.287860 0.640588 1.000000
0.287870 0.640835 1.000000
0.287880 0.640696 1.000000
0.287890 0.641428 1.000000
0.287900 0.641853 1.000000
0.287910 0.640521 1.000000
0.287920 0.643340 1.000000
0.287930 0.643746 1.000000
0.287940 0.643696 1.000000
0.287950 0.644052 1.000000
0.287960 0.643521 1.000000
0.287970 0.643108 1.000000
0.287980 0.643372 1.000000
0.287990 0.644827 1.000000
0.288000 0.643585 1.000000
0.288010 0.645713 1.000000
0.288020 0.645139 1.000000
0.288030 0.646300 1.000000
0.288040 0.645931 1.000000
0.288050 0.646805 1.000000
0.288060 0.646236 1.000000
0.288070 0.647486 1.000000
0.288080 0.647535 1.000000
0.288090 0.648706 1.000000
0.288100 0.646646 1.000000
0.288110 0.648360 1.000000
0.288120 0.648494 1.000000
0.288130 0.649570 1.000000
0.288140 0.650317 1.000000
0.288150 0.647043 1.000000
0.288160 0.648106 1.000000
0.288170 0.650006 1.000000
0.288180 0.650472 1.000000
0.288190 0.650619 1.000000
0.288200 0.650740 1.000000
0.288210 0.649136 1.000000
0.288220 0.653504 1.000000
0.288230 0.650109 1.000000
0.288240 0.650233 1.000000
0.288250 0.651976 1.000000
0.288260 0.651637 1.000000
0.288270 0.651489 1.000000
0.288280 0.651936 1.000000
0.288290 0.653286 1.000000
0.288300 0.652660 1.000000
0.288310 0.653801 1.000000
0.288320 0.653267 1.000000
0.288330 0.653039 1.000000
0.288340 0.654273 1.000000
0.288350 0.654113 1.000000
0.288360 0.654410 1.000000
0.288370 0.654006 1.000000
0.288380 0.653608 1.000000
0.288390 0.656084 1.000000
0.288400 0.654966 1.000000
0.288410 0.655065 1.000000
0.288420 0.655342 1.000000
0.288430 0.655780 1.000000
0.288440 0.656600 1.000000
0.288450 0.656171 1.000000
0.288460 0.656106 1.000000
0.288470 0.656652 1.000000
0.288480 0.656970 1.000000
0.288490 0.657777 1.000000
0.288500 0.658585 1.000000
0.288510 0.658061 1.000000
0.288520 0.657140 1.000000
0.288530 0.657451 1.000000
0.288540 0.658857 1.000000
0.288550 0.659951 1.000000
0.288560 0.658232 1.000000
0.288570 0.659822 1.000000
0.288580 0.660117 1.000000
0.288590 0.661130 1.000000
0.288600 0.660294 1.000000
0.288610 0.661245 1.000000
0.288620 0.661984 1.000000
0.288630 0.660155 1.000000
0.288640 0.659570 1.000000
0.288650 0.661530 1.000000
0.288660 0.660874 1.000000
0.288670 0.661695 1.000000
0.288680 0.661331 1.000000
0.288690 0.660589 1.000000
0.288700 0.661910 1.000000
0.288710 0.663370 1.000000
0.288720 0.662819 1.000000
0.288730 0.663101 1.000000
0.288740 0.664456 1.000000
0.288750 0.663901 1.000000
0.288760 0.663639 1.000000
0.288770 0.663930 1.000000
0.288780 0.663839 1.000000
0.288790 0.664488 1.000000
0.288800 0.665655 1.000000
0.288810 0.664817 1.000000
0.288820 0.665618 1.000000
0.288830 0.665369 1.000000
0.288840 0.664268 1.000000
0.288850 0.667603 1.000000
0.288860 0.666737 1.000000
0.288870 0.665034 1.000000
0.288880 0.665132 1.000000
0.288890 0.666976 1.000000
0.288900 0.666024 1.000000
0.288910 0.665482 1.000000
0.288920 0.667610 1.000000
0.288930 0.664467 1.000000
0.288940 0.667830 1.000000
0.288950 0.667706 1.000000
0.288960 0.667606 1.000000
0.288970 0.667815 1.000000
0.288980 0.668428 1.000000
0.288990 0.668373 1.000000
0.289000 0.668331 1.000000
0.289010 0.668086 1.000000
0.289020 0.669491 1.000000
0.289030 0.668270 1.000000
0.289040 0.671765 1.000000
0.289050 0.669914 1.000000
0.289060 0.669993 1.000000
0.289070 0.671418 1.000000
0.289080 0.671087 1.000000
0.289090 0.670478 1.000000
0.289100 0.671282 1.000000
0.289110 0.670743 1.000000
0.289120 0.670234 1.000000
0.289130 0.671226 1.000000
0.289140 0.671090 1.000000
0.289150 0.672058 1.000000
0.289160 0.671932 1.000000
0.289170 0.671835 1.000000
0.289180 0.671785 1.000000
0.289190 0.672695 1.000000
0.289200 0.672249 1.000000
0.289210 0.673365 1.000000
0.289220 0.673279 1.000000
0.289230 0.672534 1.000000
0.289240 0.674076 1.000000
0.289250 0.673694 1.000000
0.289260 0.674460 1.000000
0.289270 0.672847 1.000000
0.289280 0.673783 1.000000
0.289290 0.674609 1.000000
0.289300 0.673733 1.000000
0.289310 0.674679 1.000000
0.289320 0.676604 1.000000
0.289330 0.674830 1.000000
0.289340 0.674807 1.000000
0.289350 0.675226 1.000000
0.289360 0.674923 1.000000
0.289370 0.677226 1.000000
0.289380 0.675807 1.000000
0.289390 0.675448 1.000000
0.289400 0.676877 1.000000
0.289410 0.677477 1.000000
0.289420 0.675975 1.000000
0.289430 0.677033 1.000000
0.289440 0.677002 1.000000
0.289450 0.677526 1.000000
0.289460 0.678223 1.000000
0.289470 0.678148 1.000000
0.289480 0.676586 1.000000
0.289490 0.678421 1.000000
0.289500 0.679494 1.000000
0.289510 0.677452 1.000000
0.289520 0.679122 1.000000
0.289530 0.678395 1.000000
0.289540 0.679157 1.000000
0.289550 0.680313 1.000000
0.289560 0.678153 1.000000
0.289570 0.678111 1.000000
0.289580 0.680178 1.000000
0.289590 0.680008 1.000000
0.289600 0.678246 1.000000
0.289610 0.679400 1.000000
0.289620 0.680801 1.000000
0.289630 0.680260 1.000000
0.289640 0.681428 1.000000
0.289650 0.682207 1.000000
0.289660 0.680807 1.000000
0.289670 0.681520 1.000000
0.289680 0.680969 1.000000
0.289690 0.681254 1.000000
0.289700 0.680742 1.000000
0.289710 0.682298 1.000000
0.289720 0.681926 1.000000
0.289730 0.681523 1.000000
0.289740 0.680590 1.000000
0.289750 0.682021 1.000000
0.289760 0.683357 1.000000
0.289770 0.684108 1.000000
0.289780 0.683492 1.000000
0.289790 0.682249 1.000000
0.289800 0.682877 1.000000
0.289810 0.683509 1.000000
0.289820 0.684082 1.000000
0.289830 0.684690 1.000000
0.289840 0.683743 1.000000
0.289850 0.683740 1.000000
0.289860 0.684359 1.000000
0.289870 0.683502 1.000000
0.289880 0.683753 1.000000
0.289890 0.684253 1.000000
0.289900 0.684219 1.000000
0.289910 0.684159 1.000000
0.289920 0.686185 1.000000
0.289930 0.684945 1.000000
0.289940 0.685184 1.000000
0.289950 0.686215 1.000000
0.289960 0.684629 1.000000
0.289970 0.685679 1.000000
0.289980 0.686700 1.000000
0.289990 0.685197 1.000000
0.290000 0.686468 1.000000
0.300000 0.768272 1.000000
0.310000 0.805625 1.000000
0.320000 0.830409 1.000000
0.330000 0.848010 1.000000
0.340000 0.862060 1.000000
0.350000 0.873672 1.000000
0.360000 0.883420 1.000000
0.370000 0.892017 1.000000
0.380000 0.899446 1.000000
0.390000 0.905883 1.000000
0.400000 0.911706 1.000000
0.410000 0.917050 1.000000
0.420000 0.921909 1.000000
0.430000 0.926126 1.000000
0.440000 0.930161 1.000000
0.450000 0.933782 1.000000
0.460000 0.937479 1.000000
0.470000 0.940492 1.000000
0.480000 0.943521 1.000000
0.490000 0.946135 1.000000
0.500000 0.948772 1.000000
0.510000 0.951490 1.000000
0.520000 0.953718 1.000000
0.530000 0.955732 1.000000
0.540000 0.957889 1.000000
0.550000 0.959929 1.000000
0.560000 0.961803 1.000000
0.570000 0.963446 1.000000
0.580000 0.965224 1.000000
0.590000 0.966874 1.000000
0.600000 0.968368 1.000000
0.610000 0.969728 1.000000
0.620000 0.971203 1.000000
0.630000 0.972594 1.000000
0.640000 0.973831 1.000000
0.650000 0.975070 1.000000
0.660000 0.976283 1.000000
0.670000 0.977454 1.000000
0.680000 0.978503 1.000000
0.690000 0.979550 1.000000
0.700000 0.980577 1.000000
0.710000 0.981547 1.000000
0.720000 0.982502 1.000000
0.730000 0.983486 1.000000
0.740000 0.984261 1.000000
0.750000 0.985218 1.000000
0.760000 0.985983 1.000000
0.770000 0.986810 1.000000
0.780000 0.987618 1.000000
0.790000 0.988311 1.000000
0.800000 0.989041 1.000000
0.810000 0.989787 1.000000
0.820000 0.990440 1.000000
0.830000 0.991124 1.000000
0.840000 0.991751 1.000000
0.850000 0.992325 1.000000
0.860000 0.992975 1.000000
0.870000 0.993576 1.000000
0.880000 0.994180 1.000000
0.890000 0.994739 1.000000
0.900000 0.995270 1.000000
0.910000 0.995793 1.000000
0.920000 0.996305 1.000000
0.930000 0.996809 1.000000
0.940000 0.997297 1.000000
0.950000 0.997781 1.000000
0.960000 0.998233 1.000000
0.970000 0.998706 1.000000
0.980000 0.999151 1.000000
0.990000 0.999571 1.000000
