0 838523.0
1 15805.0
2 5546.0
3 3456.0
4 2369.0
5 1713.0
6 1383.0
7 1079.0
8 896.0
9 740.0
10 638.0
11 502.0
12 474.0
13 404.0
14 410.0
15 329.0
16 252.0
17 272.0
18 230.0
19 223.0
20 169.0
21 170.0
22 199.0
23 166.0
24 175.0
25 150.0
26 131.0
27 114.0
28 105.0
29 109.0
30 95.0
31 112.0
32 79.0
33 78.0
34 67.0
35 67.0
36 52.0
37 47.0
38 60.0
39 56.0
40 61.0
41 42.0
42 44.0
43 52.0
44 37.0
45 29.0
46 39.0
47 28.0
48 40.0
49 39.0
50 34.0
51 37.0
52 26.0
53 21.0
54 24.0
55 23.0
56 23.0
57 24.0
58 17.0
59 20.0
60 13.0
61 18.0
62 24.0
63 18.0
64 15.0
65 16.0
66 20.0
67 18.0
68 17.0
69 18.0
70 19.0
71 18.0
72 13.0
73 12.0
74 13.0
75 10.0
76 5.0
77 15.0
78 10.0
79 7.0
80 8.0
81 9.0
82 4.0
83 5.0
84 8.0
85 5.0
86 8.0
87 5.0
88 9.0
89 6.0
90 5.0
91 4.0
92 6.0
93 6.0
94 7.0
95 1.0
96 3.0
97 2.0
98 3.0
99 4.0
100 4.0
101 6.0
102 3.0
103 0.0
104 4.0
105 3.0
106 0.0
107 0.0
108 1.0
109 2.0
110 4.0
111 1.0
112 2.0
113 3.0
114 2.0
115 1.0
116 2.0
117 5.0
118 4.0
119 0.0
120 2.0
121 2.0
122 1.0
123 4.0
124 2.0
125 2.0
126 4.0
127 0.0
128 0.0
129 2.0
130 4.0
131 1.0
132 0.0
133 3.0
134 0.0
135 2.0
136 2.0
137 2.0
138 1.0
139 0.0
140 1.0
141 1.0
142 1.0
143 1.0
144 1.0
145 2.0
146 0.0
147 0.0
148 1.0
149 0.0
150 2.0
151 1.0
152 0.0
153 0.0
154 0.0
155 0.0
156 0.0
157 0.0
158 0.0
159 1.0
160 0.0
161 1.0
162 0.0
163 0.0
164 0.0
165 2.0
166 0.0
167 1.0
168 1.0
169 1.0
170 0.0
171 0.0
172 1.0
173 0.0
174 0.0
175 0.0
176 0.0
177 0.0
178 1.0
179 0.0
180 0.0
181 0.0
182 1.0
183 0.0
184 0.0
185 0.0
186 0.0
187 1.0
188 1.0
189 1.0
190 0.0
191 0.0
192 1.0
193 0.0
194 0.0
195 0.0
196 0.0
197 0.0
198 0.0
199 0.0
200 0.0
201 0.0
202 0.0
203 0.0
204 0.0
205 0.0
206 1.0
207 0.0
208 1.0
209 0.0
210 0.0
211 0.0
212 0.0
213 0.0
214 0.0
215 0.0
216 0.0
217 0.0
218 0.0
219 0.0
220 0.0
221 0.0
222 0.0
223 0.0
224 1.0
225 0.0
226 0.0
227 0.0
228 1.0
229 0.0
230 0.0
231 0.0
232 0.0
233 0.0
234 0.0
235 0.0
236 0.0
237 0.0
238 0.0
239 0.0
240 0.0
241 0.0
242 0.0
243 0.0
244 0.0
245 0.0
246 0.0
247 0.0
248 0.0
249 0.0
250 0.0
251 0.0
252 0.0
253 0.0
254 0.0
255 0.0
256 0.0
257 0.0
258 0.0
259 0.0
260 0.0
261 0.0
262 0.0
263 0.0
264 0.0
265 0.0
266 0.0
267 0.0
268 0.0
269 0.0
270 0.0
271 1.0
