0 1.0 1.0 364975
1 -0.15323789458174075 1.2192983594112234 12487590
2 0.10224055373615701 1.471453087173123 9250615
3 0.050302767915321296 2.232737342133483 8451523
4 0.08360966748892282 2.7493815882348582 7559688
5 0.09847631214323933 3.33119203916978 6847728
6 0.11682667493174764 3.8871715899119623 6265718
7 0.12070910472506217 4.550736736667588 5790400
8 0.13088086060196044 5.169953646741332 5380420
9 0.1282606996609463 5.854206511127679 5028407
10 0.13785616522787839 6.523559443157379 4721334
11 0.13518793962263134 7.25589392827385 4451403
12 0.14050618687897512 7.948991001961528 4209473
13 0.135805560694227 8.712020580755098 3989358
14 0.13843705752463603 9.427529500118037 3786934
15 0.13819274700226744 10.268412702241081 3607143
16 0.13875785855002393 11.001985440298276 3440043
17 0.13398839705815174 11.836040077352946 3283650
18 0.13278958976368355 12.59079402497456 3141677
19 0.12875939787230511 13.455111944633462 3012650
20 0.12719934481522716 14.269552434693626 2887735
21 0.11683709650352679 15.02453937028476 2770935
22 0.11375034370123063 15.836209013980882 2658559
23 0.10815821470879157 16.77917968246025 2557790
24 0.10709080560470084 17.647215958961002 2463218
25 0.09615198658564342 18.44142387770674 2368209
26 0.08803585246155052 19.30135125489308 2283581
27 0.0846335611541002 20.21599542391233 2202755
28 0.07624986176047738 20.953352455486872 2124935
29 0.07234365430153039 22.023169513807886 2050712
30 0.05967011528349088 22.770985553876073 1975478
31 0.060530197245531256 23.729580018181483 1908535
32 0.05120197627943914 24.59465169919239 1843464
33 0.04346850435223603 25.421975033267284 1782532
34 0.02962264883627792 26.447944758483548 1725369
35 0.019513896504793973 27.186572195484153 1668657
36 0.01754951732315596 28.148675382922804 1612466
37 -0.0027112618293295603 28.975437159730554 1560528
38 0.0003700741737216883 30.122751418728004 1510508
39 -0.013635010623483887 30.950906160936373 1461385
40 -0.024656947130039707 31.94994561227564 1413922
41 -0.029699869470376783 32.58642331311633 1369804
42 -0.035509021316546506 33.55376530133243 1329296
43 -0.05625359558423385 34.406339889605846 1286300
44 -0.0660727750902096 35.28649352085498 1247927
45 -0.08094839327886297 36.277038376944375 1208486
46 -0.08870030424229994 37.2019040782142 1170120
47 -0.0964430054233548 38.084942391175986 1134722
48 -0.10099556478248561 39.073779952236116 1102088
49 -0.11610806521492985 39.94046980726168 1068651
50 -0.12402075677344059 40.9795142606364 1036770
51 -0.12940734811271848 41.51235775619775 1006898
52 -0.15205502349902117 42.87743283833104 975147
53 -0.15193411028813542 43.80461206851009 946430
54 -0.1743384289607665 44.48293433198045 918042
55 -0.19988336541346285 45.30616129507089 889959
56 -0.18861916782699578 46.24821552375694 863979
57 -0.21217456653604594 47.34953388086675 838305
58 -0.2188289881286641 48.043871473527574 813809
59 -0.23576631090862255 48.832389219167496 791924
60 -0.24799048881124416 49.96690682591332 770461
61 -0.25048859456856265 50.74100152214717 749599
62 -0.26052120405149576 51.833418264607495 730002
63 -0.27969600036042935 52.404807226608696 710264
64 -0.2802776507148199 53.433042177641276 688635
65 -0.2938812116994568 54.78353725294931 666766
66 -0.3208663420530833 55.095264013223016 648566
67 -0.32678964963024193 56.049089527303074 630277
68 -0.3279786770714902 57.2738704410251 613049
69 -0.3610158951520038 57.959532146490844 596597
70 -0.3577412857073874 58.61887688582604 579852
71 -0.3727877127096925 59.14301864959073 563444
72 -0.3788532945030943 60.66004732435384 549400
73 -0.4005940174227599 61.338582426015186 532981
74 -0.423310982846986 62.689975584207374 516469
75 -0.42078654823752865 63.42116960744412 501228
76 -0.4622489335047368 63.88782762488844 488516
77 -0.42694906592470616 65.85208108568509 475497
78 -0.47874431695172115 66.01049577830699 461900
79 -0.48169847102842894 66.84699364655597 448733
80 -0.4645625730269244 67.81697185895273 435627
81 -0.49872834001905725 69.3647323161622 425035
82 -0.5181031071128657 70.9358114303916 414404
83 -0.5408966075713638 70.84415729140613 403811
84 -0.5491672568130059 70.32670840996744 392558
85 -0.5678430303141544 71.96131870898044 381373
86 -0.5448028481369511 73.5554779919131 372454
87 -0.5650218768547018 73.80284054050324 362255
88 -0.5942242107568599 75.37928327421773 351571
89 -0.6010202296974291 76.09252608873084 343060
90 -0.6164017914650769 77.2118931711628 333805
91 -0.6312393856604888 78.60392515198504 325032
92 -0.6395471033989403 79.14073410525383 315922
93 -0.6606126471893684 80.1560957938435 306408
94 -0.6513744564816862 79.90756001313153 298518
95 -0.673594667163001 81.37059977182406 290127
96 -0.6868756617410118 82.32336162663465 282399
97 -0.7087643448866192 83.60159298968473 275708
98 -0.7086816144835248 85.10345907494538 268222
99 -0.7102064374627239 87.23185255016642 259885
100 -0.723464152319929 87.42780901326694 252206
101 -0.7514838122184822 86.28116818706603 245988
102 -0.774468102868926 88.03156945656121 239567
103 -0.7826359222468132 89.84113953368676 233148
104 -0.8080613015983844 90.62466912073393 226291
105 -0.8164045841008284 92.08351102924496 220414
106 -0.8590020580922137 91.4208891703374 214762
107 -0.828380414854916 92.04783501790153 208362
108 -0.8204753704425574 92.81206732358645 202663
109 -0.7954594802033943 95.2453607622741 198039
110 -0.8487822308763898 96.10640655829393 193099
111 -0.8832461930418964 95.08326640462526 188011
112 -0.9189914603885825 97.76565641073395 182561
113 -0.9528888288866013 99.04774119513307 177771
114 -0.935229240620667 97.95338093238135 173813
115 -0.9269610980726833 100.87798402199938 168732
116 -0.9392611374898667 99.5333743744781 164063
117 -0.956359649122807 104.32535714285714 159600
118 -0.9964198337368225 103.90729354801522 156138
119 -0.9714088170414513 106.9761630395417 151865
120 -1.0189477394906143 106.19866992970016 147511
121 -0.974800430594584 106.24204867955655 143058
122 -1.0309468061492635 109.19911355515936 139659
123 -1.0274061175156686 108.72388152915849 136101
124 -1.0286232129293293 107.32506824899036 132969
125 -1.0539931118627315 108.96934315587886 129498
126 -1.1073649236611027 110.93323313029032 126410
127 -1.1167699331485408 113.48823577368336 122660
128 -1.108891368735474 114.19733519042146 119183
129 -1.1109307826447279 112.66969388283637 115838
130 -1.0828401315204834 113.37915222607305 112530
131 -1.1706562375231389 116.05430837356175 110204
132 -1.0576166802700897 112.65261185723826 107816
133 -1.1681235013708575 115.71723077217015 104679
134 -1.1983523011812762 118.26018519427724 101839
135 -1.1752772023882052 122.03890987368507 98484
136 -1.1738238754073103 122.24485461757082 96057
137 -1.1318157135403912 119.45777744652307 93919
138 -1.1934640665842748 126.01093697024051 91433
139 -1.208592685974134 126.76840043672546 88843
140 -1.2299033699303847 126.38389960632193 86619
141 -1.251052325788207 125.4132112833039 84337
142 -1.2550203725261933 124.41829161816065 82464
143 -1.1879229893541163 128.90417453744823 79937
144 -1.245498597296608 128.11405253761797 78420
145 -1.3253968253968254 131.97256757108974 76734
146 -1.3776147822355718 134.74601748551814 74576
147 -1.2960359197572395 131.47349270208295 72829
148 -1.3298107608756509 134.8154218688763 71444
149 -1.3856448212057317 135.42311057561284 69717
150 -1.363444268357105 134.86781710395022 68148
151 -1.2821766585171963 132.93845900016498 66671
152 -1.3560294185670012 139.23274280339825 64857
153 -1.3072905819970204 142.09071976675264 62423
154 -1.4342085817035322 139.3873754043713 60897
155 -1.4566828563265717 143.21484631027008 59503
156 -1.3479392998792896 135.56070012071046 57990
157 -1.4192281270366913 142.608426837646 56771
158 -1.4406657410245776 141.813711524244 55457
159 -1.5096282527881042 140.4792936802974 53800
160 -1.4970434782608695 144.3816038647343 51750
161 -1.459030331791039 146.80580930913118 50574
162 -1.5245122050779656 152.04606498489673 48996
163 -1.4638305847076463 152.30595119107113 48024
164 -1.5896559048428207 151.4214316057774 47080
165 -1.5924401768023166 151.68171228253533 45927
166 -1.5904806998557 152.21205357142858 44352
167 -1.523250167641686 152.34628991606354 43247
168 -1.5756711130132914 154.9522790498609 42057
169 -1.5565068910842785 149.5076716672765 40995
170 -1.587981859410431 156.80652557319223 39690
171 -1.6168559780518448 164.41283556831877 39001
172 -1.62627240612325 160.92141829124688 38215
173 -1.60745107411243 157.41079157704667 37659
174 -1.6047140438083793 156.89138034631563 36614
175 -1.6689005060897615 162.7549357655303 35962
176 -1.6258883973169687 157.9395176252319 35035
177 -1.7053547798982562 171.7421119181345 34007
178 -1.7575335412944062 158.29673824161847 33019
179 -1.632787907121708 160.68642667913355 32085
180 -1.6212531425256236 160.50322310320377 31026
181 -1.5872937456773046 166.58179363040543 30363
182 -1.8357164691098053 177.48874095710354 29443
183 -1.7448986698238038 176.71070408802842 28718
184 -1.7072972303774185 174.1811396837749 28271
185 -1.680125568304828 178.86458107815545 27714
186 -1.790892772099498 175.75477158662125 27297
187 -1.7686516853932583 168.7870786516854 26700
188 -1.6922304215121895 173.9434377776919 25883
189 -1.8479518168401738 178.96549798572056 25071
190 -1.8646727139004657 181.46163275312577 24474
191 -1.8276730615843164 179.32106124847823 23821
192 -1.8167732950341646 179.02206554380467 22977
193 -1.7762953079830999 175.34391816766734 22485
194 -1.656299372545479 174.0360222091816 22153
195 -1.8807360819939436 169.48586070347076 21465
196 -1.8679326303735866 190.71081635574217 20959
197 -1.808090172733483 179.6254025568459 20494
198 -1.9164627752534078 185.442103160733 20027
199 -1.9100365621298727 201.31917194500232 19419
200 -2.031889576392194 196.71854672378234 18909
201 -1.9586574552575748 191.23842680737638 18383
202 -1.7926194249490603 185.50418836314242 17668
203 -2.0997366110623354 207.84009364940005 17085
204 -1.8496819145713421 191.48058164192668 16505
205 -1.8835179798229869 194.94287305811721 16157
206 -1.714952386958441 188.7841331903891 15857
207 -2.0816313340227506 194.87700361944158 15472
208 -2.1179198410069557 219.8873799271282 15095
209 -2.0272540983606557 198.50840163934427 14640
210 -2.2716241004656412 216.3654578806265 14174
211 -1.8391760028912179 189.42992410552947 13835
212 -2.187068004459309 231.56291341508734 13455
213 -2.0577881855265145 209.68824595860403 13238
214 -2.0107560164048595 210.2945910392324 12923
215 -1.943872255489022 201.56 12525
216 -2.1816386969397827 221.25732148733135 12156
217 -1.9645692819943652 197.66695125074705 11713
218 -1.9914253215504418 204.658850293114 11429
219 -2.1730293389890423 220.1207140332273 11316
220 -2.3193137797454346 239.8162700608744 10842
221 -2.1903912921084734 219.1944261987426 10657
222 -1.8104513064133017 219.74185273159145 10525
223 -2.0395962732919255 222.58812111801242 10304
224 -2.2337792978573585 221.54330550246453 9941
225 -2.6092084842214174 248.50905328504913 9665
226 -2.160887052940537 223.4608109577128 9199
227 -2.4897540983606556 236.00910746812386 8784
228 -2.2565242165242165 230.83908831908832 8775
229 -2.3694012797074953 244.14590950639854 8752
230 -2.1839283610227405 220.52350653941323 8487
231 -2.3877232945689966 232.7696918834672 8341
232 -1.9810235063663075 208.05790891283056 8168
233 -2.213698630136986 237.27372353673724 8030
234 -2.1625755044338772 224.47847320395837 7781
235 -1.9216948243496916 224.20461249664788 7458
236 -2.216998191681736 231.7020447906524 7189
237 -2.140268931351734 214.1646142958245 7065
238 -2.50290613193839 251.0111886079628 6882
239 -2.340512048192771 250.48418674698794 6640
240 -2.3898069498069496 267.94131274131274 6475
241 -2.0047869054972205 245.1335701050031 6476
242 -2.205575980392157 252.78799019607843 6528
243 -2.5338310779281383 248.10825944937005 6429
244 -1.9560686227352895 242.12634279300946 6237
245 -2.28292438657987 219.7330996494742 5991
246 -2.2547963648603164 253.54156849545606 5942
247 -2.3238278516445066 269.42564730580824 5716
248 -2.4468603561387066 269.98350515463915 5335
249 -2.287878787878788 258.3225677830941 5016
250 -2.503380454824831 244.53738987912314 4881
251 -2.562941420855837 284.48275862068965 4814
252 -2.7364176570458403 305.1239388794567 4712
253 -2.5547382085677195 274.28732150584165 4622
254 -2.357473035439137 253.2643627558882 4543
255 -2.382191780821918 252.86849315068494 4380
256 -2.4500344589937972 260.10590397427063 4353
257 -2.474838411819021 278.0186980609418 4332
258 -1.987327449649242 236.50554424077845 4419
259 -2.2736284001844167 254.7577224527432 4338
260 -2.336374549819928 255.23241296518609 4165
261 -1.8706118355065195 268.43229689067203 3988
262 -2.5053522529250682 262.3490166791138 4017
263 -2.5281362932369644 256.8213732576149 3874
264 -2.536790659788216 274.82785772468094 3683
265 -2.661878453038674 300.6132596685083 3620
266 -2.4966629588431593 274.9321468298109 3596
267 -2.673704954954955 313.88823198198196 3552
268 -2.176282051282051 218.32255244755245 3432
269 -2.5990294206854716 281.10312405216865 3297
270 -2.718681318681319 319.54317111459966 3185
271 -2.773430104133796 290.9305774692332 3169
272 -3.050777530942558 304.120913995557 3151
273 -2.515161502966381 247.65227422544496 3034
274 -2.389310344827586 258.61827586206897 2900
275 -2.769571136827774 306.500680735194 2938
276 -2.6396396396396398 298.7318087318087 2886
277 -2.5296471444161512 260.2735540196435 2749
278 -2.669111969111969 330.6088803088803 2590
279 -2.8345709570957096 304.61262376237624 2424
280 -2.880982105701207 318.9042863087807 2403
281 -3.2295637441761964 341.83608640406607 2361
282 -2.4018612521150593 304.0397631133672 2364
283 -2.8374155405405403 297.19214527027026 2368
284 -2.603305785123967 353.90474119182255 2299
285 -2.3532827154979903 227.16257257704333 2239
286 -3.0068744271310726 328.03437213565536 2182
287 -2.9980925131139724 299.52360515021456 2097
288 -3.142713567839196 324.65125628140703 1990
289 -2.793410041841004 284.5559623430962 1912
290 -3.5025210084033613 373.7266106442577 1785
291 -2.3517786561264824 264.2365894974591 1771
292 -3.4413279908414425 380.3377218088151 1747
293 -2.5481438515081205 306.5991879350348 1724
294 -2.8771186440677967 350.81779661016947 1652
295 -3.2894248608534324 397.2387136672851 1617
296 -2.4806949806949805 319.3790218790219 1554
297 -3.127853881278539 419.51924331376387 1533
298 -2.216520650813517 271.55694618272844 1598
299 -2.835705045278137 320.3583441138422 1546
300 -2.1650358773646445 285.33007175472926 1533
301 -2.714385474860335 286.00488826815644 1432
302 -3.597667638483965 421.43294460641397 1372
303 -3.2844175491679275 380.0393343419062 1322
304 -2.466879489225858 273.4405426975259 1253
305 -3.301008533747091 408.6695112490303 1289
306 -2.6635802469135803 338.8348765432099 1296
307 -3.565351894818252 372.99303944315545 1293
308 -2.8857142857142857 389.8228571428571 1225
309 -3.176013805004314 335.6695427092321 1159
310 -2.2830882352941178 346.4742647058824 1088
311 -3.2467411545623834 308.89851024208565 1074
312 -2.9910233393177736 413.0915619389587 1114
313 -2.965284474445516 445.43008678881387 1037
314 -2.5838323353293413 353.3183632734531 1002
315 -3.6666666666666665 431.63991769547323 972
316 -2.9050160085378867 356.2454642475987 937
317 -2.121380846325167 239.84966592427617 898
318 -2.6156982670744138 280.7155963302752 981
319 -3.4974874371859297 419.4854271356784 995
320 -3.6877828054298645 491.47285067873304 884
321 -2.5995260663507107 326.8909952606635 844
322 -2.4742014742014744 318.93857493857496 814
323 -2.996394230769231 398.0973557692308 832
324 -2.7471131639722866 277.63394919168593 866
325 -3.0823529411764707 344.3411764705882 850
326 -2.099616858237548 287.39974457215834 783
327 -2.350210970464135 204.66807313642758 711
328 -2.0817518248175184 417.54452554744523 685
329 -3.2025495750708215 349.10623229461754 706
330 -3.333821376281113 369.0644216691069 683
331 -2.908011869436202 387.8160237388724 674
332 -2.4102964118564745 440.41653666146647 641
333 -4.0032 412.6496 625
334 -2.4920353982300885 322.3681415929204 565
335 -3.6710280373831776 513.3943925233644 535
336 -3.104014598540146 316.0310218978102 548
337 -3.582322357019064 475.0762564991334 577
338 -2.905759162303665 389.83769633507853 573
339 -3.1868131868131866 421.68131868131866 546
340 -3.0191570881226055 300.36015325670496 522
341 -2.524950099800399 415.12375249500997 501
342 -3.7248995983935744 421.7730923694779 498
343 -3.137214137214137 349.7193347193347 481
344 -4.564655172413793 755.3922413793103 464
345 -3.50109409190372 406.1269146608315 457
346 -2.9873417721518987 325.19831223628694 474
347 -4.13882863340564 515.2234273318873 461
348 -2.3784355179704018 268.33615221987316 473
349 -2.264033264033264 270.56756756756755 481
350 -1.1238938053097345 161.67256637168143 452
351 -1.963386727688787 252.3203661327231 437
352 -2.7921760391198043 517.559902200489 409
353 -2.6578249336870026 303.0716180371353 377
354 -3.5264623955431755 590.3008356545961 359
355 -2.1848739495798317 337.1932773109244 357
356 -3.834285714285714 460.21714285714285 350
357 -4.961325966850829 721.6298342541437 362
358 -2.930635838150289 297.36416184971097 346
359 -3.299382716049383 442.1882716049383 324
360 -5.6984615384615385 641.9446153846154 325
361 -1.9447852760736197 345.6871165644172 326
362 -1.911764705882353 523.7941176470588 306
363 -1.3439490445859872 184.20382165605096 314
364 -3.6085526315789473 540.766447368421 304
365 -3.7402135231316724 457.7544483985765 281
366 -3.330909090909091 392.02181818181816 275
367 -2.399209486166008 216.74703557312253 253
368 -3.319502074688797 429.90871369294604 241
369 -2.94238683127572 414.9670781893004 243
370 -2.3659574468085105 276.34893617021277 235
371 -4.1193415637860085 579.798353909465 243
372 -3.19921875 325.71484375 256
373 -3.095833333333333 643.3458333333333 240
374 -4.064655172413793 558.9094827586207 232
375 -8.27111111111111 1007.5244444444445 225
376 -5.255411255411255 650.8398268398269 231
377 -4.224137931034483 495.86206896551727 232
378 -2.172995780590717 395.084388185654 237
379 -3.2325581395348837 504.7860465116279 215
380 -3.8541666666666665 469.34375 192
381 -2.761658031088083 278.7720207253886 193
382 -4.117370892018779 548.7276995305165 213
383 -3.600985221674877 484.41871921182263 203
384 -2.0205128205128204 369.98974358974357 195
385 -4.544444444444444 793.4 180
386 -2.230337078651685 264.67977528089887 178
387 -2.4278350515463916 377.9020618556701 194
388 -4.2153846153846155 598.1128205128205 195
389 -2.0954773869346734 323.4924623115578 199
390 -4.558139534883721 608.0 215
391 -3.5388349514563107 481.93689320388347 206
392 -2.6294117647058823 404.4294117647059 170
393 -3.0396825396825395 787.9761904761905 126
394 -2.6554621848739495 379.8151260504202 119
395 -2.4305555555555554 266.4861111111111 144
396 -5.148648648648648 868.2432432432432 148
397 -1.6521739130434783 366.3478260869565 138
398 -2.910958904109589 381.78767123287673 146
399 -0.029411764705882353 83.32352941176471 136
400 -2.272 447.792 125
401 -1.834710743801653 194.29752066115702 121
402 -2.076923076923077 170.58461538461538 130
403 -1.7753623188405796 172.29710144927537 138
404 -3.732919254658385 591.3105590062112 161
405 -6.35374149659864 1027.7142857142858 147
406 -3.942622950819672 485.8114754098361 122
407 -3.669642857142857 268.88392857142856 112
408 -2.990740740740741 583.9907407407408 108
409 -2.6607142857142856 268.55357142857144 112
410 -4.759615384615385 687.0673076923077 104
411 -6.351648351648351 714.2197802197802 91
412 -5.671232876712328 491.041095890411 73
413 -2.1944444444444446 317.1388888888889 72
414 -3.0 200.04651162790697 86
415 -6.324324324324325 880.5405405405405 74
416 -3.0655737704918034 552.672131147541 61
417 -0.7551020408163265 22.183673469387756 49
418 -4.037735849056604 567.6981132075472 53
419 -3.8679245283018866 631.2264150943396 53
420 -5.921568627450981 653.6470588235294 51
421 -5.282608695652174 600.7608695652174 46
422 -7.0 856.3636363636364 44
423 0.038461538461538464 241.15384615384616 52
424 -5.0701754385964914 593.0 57
425 -5.403846153846154 475.75 52
426 -6.421875 796.578125 64
427 -2.810344827586207 735.9137931034483 58
428 -6.196078431372549 1193.8039215686274 51
429 -5.282608695652174 703.195652173913 46
430 -7.159090909090909 1510.659090909091 44
431 -10.7 1849.35 40
432 -7.39344262295082 919.1967213114754 61
433 -6.4 698.0307692307692 65
434 -4.887096774193548 461.9516129032258 62
435 -4.293103448275862 747.1206896551724 58
436 -5.574468085106383 959.7021276595744 47
437 -13.7 1995.74 50
438 -4.622641509433962 634.9245283018868 53
439 -9.0 1345.8 40
440 -2.0217391304347827 271.3695652173913 46
441 -0.5957446808510638 130.38297872340425 47
442 -7.105263157894737 1108.5263157894738 38
443 -3.103448275862069 248.6206896551724 29
444 1.0303030303030303 86.24242424242425 33
445 -4.022222222222222 348.15555555555557 45
446 0.021739130434782608 5.586956521739131 46
447 -1.8125 35.270833333333336 48
448 -3.1025641025641026 459.46153846153845 39
449 -11.371428571428572 1585.4857142857143 35
450 -2.7 719.9666666666667 30
451 -2.2222222222222223 236.37037037037038 27
452 -3.9 424.8 20
453 -1.4666666666666666 22.533333333333335 15
454 -5.571428571428571 407.0952380952381 21
455 -14.0 2123.1428571428573 28
456 -3.772727272727273 132.86363636363637 22
457 -5.166666666666667 209.27777777777777 18
458 -3.125 150.375 16
459 5.85 1605.05 20
460 -10.833333333333334 2582.9444444444443 18
461 -2.037037037037037 100.25925925925925 27
462 -10.333333333333334 1828.2666666666667 30
463 0.0 8.0 24
464 -7.823529411764706 1348.8235294117646 34
465 0.3333333333333333 1.3333333333333333 42
466 -4.32 408.88 50
467 -6.181818181818182 988.7272727272727 33
468 -4.294117647058823 606.2941176470588 17
469 5.1 199.3 10
470 -13.416666666666666 2035.5833333333333 12
471 -0.9 4.5 10
472 -0.6923076923076923 6.538461538461538 13
473 -1.75 87.65 20
474 -8.583333333333334 2250.5833333333335 24
475 -6.8076923076923075 665.9615384615385 26
476 -11.31578947368421 1508.0526315789473 19
477 -3.4347826086956523 133.52173913043478 23
478 -8.65 655.25 20
479 -15.5 1743.3333333333333 12
480 -19.0 2908.6 10
481 1.6363636363636365 11.090909090909092 11
482 -4.714285714285714 253.57142857142858 14
483 -2.888888888888889 66.22222222222223 18
484 -7.916666666666667 753.9166666666666 12
485 5.4 169.0 5
486 -0.75 6.25 4
487 6.375 165.625 8
488 -1.4545454545454546 49.27272727272727 11
489 -4.571428571428571 129.42857142857142 7
490 -3.6 73.6 5
491 -19.545454545454547 4816.454545454545 11
492 -0.4 1.0 10
493 -1.7857142857142858 111.92857142857143 14
494 -0.7142857142857143 116.85714285714286 14
495 -27.0 5103.857142857143 7
496 -11.666666666666666 909.6666666666666 9
497 -14.0 2046.4 10
498 11.916666666666666 1096.75 12
499 -6.588235294117647 739.6470588235294 17
500 1.105263157894737 17.842105263157894 19
501 -0.15384615384615385 27.076923076923077 13
502 -1.3 16.1 10
503 1.5 12.071428571428571 14
504 -3.7333333333333334 195.33333333333334 15
505 -16.88235294117647 2570.764705882353 17
506 0.10526315789473684 3.3684210526315788 19
507 -13.5 3074.6111111111113 18
508 -0.4 1.0 10
509 -0.42857142857142855 2.142857142857143 7
510 0.3333333333333333 2.5555555555555554 9
511 -11.642857142857142 1906.5 14
512 -7.0 914.8571428571429 14
513 -4.375 145.375 8
514 -10.6 383.8 5
515 1.0 1.0 3
516 0.2 1.0 5
517 -12.0 1154.25 8
518 -0.6666666666666666 12.0 6
519 0.4444444444444444 4.0 9
520 0.5 1.0 12
521 -8.294117647058824 1020.0588235294117 17
522 -9.533333333333333 1006.3333333333334 15
523 0.5333333333333333 6.0 15
524 -0.2857142857142857 10.0 7
525 -1.0 1.0 1
526 -56.0 9408.666666666666 3
527 1.0 1.0 1
528 -0.5 2.5 4
529 -1.0 1.0 2
530 -13.666666666666666 617.0 3
531 -10.333333333333334 321.0 3
532 -2.0 4.0 1
537 -81.0 20009.0 3
538 -20.5 882.5 2
539 -2.0 4.0 1
540 -38.0 1444.0 1
566 1.0 1.0 1
567 6.0 36.0 1
571 -49.0 2401.0 1
573 -2.0 4.0 1
577 3.6666666666666665 23.0 3
578 0.16666666666666666 1.5 6
579 -1.0 1.0 4
580 1.0 1.0 3
581 -1.6666666666666667 3.6666666666666665 3
582 -1.0 5.0 2
583 1.0 1.0 2
584 0.0 1.0 2
585 -131.0 33545.0 2
597 -114.0 12996.0 1
601 1.0 1.0 1
602 5.0 34.0 2
603 -1.5 2.5 2
604 0.0 1.0 4
605 -1.0 1.0 2
610 -46.0 4325.0 2
611 -1.0 1.0 1
620 1.0 1.0 1
621 0.0 1.0 2
622 1.2 3.2 5
623 -0.2 1.0 5
624 0.3333333333333333 2.3333333333333335 6
625 0.0 4.285714285714286 7
626 -34.2 5849.0 5
627 -1.3333333333333333 2.0 3
629 1.0 1.0 1
630 1.0 1.0 1
631 1.0 1.0 1
632 -106.0 11236.0 1
