2 0.6358496175634204
3 0.6146209196244543
4 0.599337445089394
5 0.5883444917004669
6 0.5791295715878603
7 0.5712667121262038
8 0.5647712913231133
9 0.5588214643831713
10 0.554650285406019
11 0.5499953657353326
12 0.5462900240759364
13 0.5428290943355609
14 0.539868048115041
15 0.5376305579164635
16 0.535417152437738
17 0.5328365326526693
18 0.5315646755214826
19 0.5294540689739933
20 0.527622876019601
21 0.5258279646374202
22 0.5243335680662005
23 0.5232697024472481
24 0.522050036484277
25 0.5208728027001581
26 0.5195231271596688
27 0.5188472687536134
28 0.5179452077540861
29 0.516354828259589
30 0.5156025677811985
31 0.5150751723590756
32 0.5147186237314085
33 0.5136274774782243
34 0.5129133683678764
35 0.5114525798682703
36 0.5114452169493913
37 0.5106665949251303
38 0.5106093487400457
39 0.5092048708177369
40 0.5086920860026622
41 0.5091303125219122
42 0.5081984931290381
43 0.5077255311952751
44 0.5066722917947813
45 0.5065969557562799
46 0.5060851041095124
47 0.506243947416996
48 0.505895930011
49 0.505044505420961
50 0.5052977257678276
51 0.5050813730367423
52 0.5033632858456538
53 0.5043114996790147
54 0.5030869112579367
55 0.5029257872798952
56 0.5034155396690865
57 0.5020502361273687
58 0.5028024259149169
59 0.5021996135117499
60 0.5019924541373637
61 0.501841620626151
62 0.5018940686176847
63 0.5012526230740745
64 0.4998147815869745
65 0.4999566550880948
66 0.4997502317081231
67 0.49935474892141857
68 0.5014492282168475
69 0.4987780333525014
70 0.4999871015896001
71 0.49983803503753516
72 0.4999382693634482
73 0.49763055350719254
74 0.49712189638054327
75 0.4995710819681267
76 0.49846410875417163
77 0.4977586756879271
78 0.4983568161340994
79 0.4969461743772242
80 0.4991900282974555
81 0.49812458751494343
82 0.4970486621404789
83 0.49732492076128504
84 0.4968134075939066
85 0.4973141220634663
86 0.49779623483235835
87 0.4968051206280598
88 0.4966268325176186
89 0.4976187426495418
90 0.496015989898597
91 0.4968598098679399
92 0.4943722177256172
93 0.49546859311226155
94 0.49571865955061817
95 0.4950608910021795
96 0.4957688579454197
97 0.4965977521250462
98 0.4938110191051959
99 0.4946983968321095
100 0.49537493711102926
101 0.49690301250573704
102 0.49491574908241576
103 0.49477280228376463
104 0.49416902540370833
105 0.49470935451404946
106 0.49348310633169384
107 0.4930649477712872
108 0.49540917966823805
109 0.4965130244340603
110 0.4944727935164005
111 0.49506692607831254
112 0.493458363441284
113 0.4937342935690071
114 0.4931888883138689
115 0.4939695515668503
116 0.49482758620689654
117 0.4940254014379118
118 0.49336533845415265
119 0.494154895275207
120 0.49029280820757465
121 0.49462027527422625
122 0.4940232484897071
123 0.49243459227593905
124 0.4944860817728732
125 0.49353115543753473
126 0.491629698163041
127 0.4912878355691024
128 0.4928537878279541
129 0.4906544475509993
130 0.4937948066484849
131 0.4931194949155925
132 0.4924152510941325
133 0.4903018785036911
134 0.491720245398773
135 0.491371434372145
136 0.4926367278971744
137 0.49092031592617036
138 0.4915800984144341
139 0.490879629108668
140 0.4934903047091413
141 0.4928931302234604
142 0.49113150588606136
143 0.49344639551753466
144 0.495225102319236
145 0.48883937297212776
146 0.4914470332734536
147 0.4921885725268389
148 0.4913655573903552
149 0.4908008890800889
150 0.4906554395024058
151 0.49369366667166575
152 0.48812148308024356
153 0.49199891076262636
154 0.4925370683568414
155 0.4916151364430703
156 0.4925941891542374
157 0.4904979128872607
158 0.4924003389647152
159 0.4860881363492742
160 0.48871672012056105
161 0.4922790991952864
162 0.486724760719169
163 0.49563823364077364
164 0.4894023701312492
165 0.48564150573686615
166 0.4866534403462891
167 0.49068165001849795
168 0.49033638416736003
169 0.48778048780487804
170 0.4923786248771762
171 0.48973208563004744
172 0.4936811533530443
173 0.49164962960996206
174 0.49038671618964386
175 0.48905941557538857
176 0.4915665401409858
177 0.48513628745332116
178 0.4922168382798304
179 0.48648901355773727
180 0.49563283591710444
181 0.4944837806685328
182 0.4884881825590872
183 0.49385424283575335
184 0.4940577249575552
185 0.493956341331409
186 0.49326007326007326
187 0.49086210770728783
188 0.49171270718232046
189 0.48488353541799617
190 0.4888661899897855
191 0.49416505750986484
192 0.4883144013578796
193 0.4960199226219594
194 0.4898438205290241
195 0.4858141160027952
196 0.49224676749844937
197 0.4915105386416862
198 0.4886902681380137
199 0.48869663731397084
200 0.48669945528584274
201 0.48759791122715407
202 0.4872085125650894
203 0.4880889669300556
204 0.4801914223406833
205 0.49226389404629284
206 0.48924765087973765
207 0.49263185108583246
208 0.48602278749337574
209 0.48599726775956287
210 0.48504303654578806
211 0.49165160823997106
212 0.4894834633965069
213 0.4925215289318628
214 0.49121720962624776
215 0.4887824351297405
216 0.4815728858177032
217 0.49082216340817897
218 0.49085659287776706
219 0.4910761618660541
220 0.4844124700239808
221 0.4883175377686028
222 0.4966270783847981
223 0.48854813664596275
224 0.48667136103007747
225 0.4727366787377134
226 0.46891304347826085
227 0.4832650273224044
228 0.5006267806267807
229 0.48011882998171845
230 0.490868386944739
231 0.479319026495624
232 0.4932664054848188
233 0.4839352428393524
234 0.48309985862999616
235 0.4911504424778761
236 0.4838664812239221
237 0.4995046001415428
238 0.486631793083406
239 0.4884036144578313
240 0.4993050193050193
241 0.5026250772081532
242 0.49525122549019607
243 0.4800124436148701
244 0.4793202949663354
245 0.48172258387581374
246 0.4887243352406597
247 0.47288313505948215
248 0.48472352389878165
249 0.47787081339712917
250 0.48719524687564025
251 0.4793354101765317
252 0.48917657045840407
253 0.47858070099524014
254 0.48888399735857363
255 0.48013698630136986
256 0.4863312657937055
257 0.48822714681440443
258 0.5066757184883458
259 0.483402489626556
260 0.4797118847539016
261 0.4987462387161484
262 0.4981329350261389
263 0.47496128033040785
264 0.4892750475156123
265 0.4930939226519337
266 0.48859844271412683
267 0.49282296650717705
268 0.48455710955710957
269 0.4883227176220807
270 0.4913657770800628
271 0.5045755758914484
272 0.4712789590606157
273 0.4831905075807515
274 0.5010344827586207
275 0.4938733832539142
276 0.49099099099099097
277 0.4870862131684249
278 0.4694980694980695
279 0.4834983498349835
280 0.49292845257903495
281 0.4900465904277848
282 0.4885786802030457
283 0.4831081081081081
284 0.5023923444976076
285 0.47610540419830283
286 0.48395967002749773
287 0.4682880305197902
288 0.4738693467336683
289 0.4581589958158996
290 0.4890756302521008
291 0.49294184076792774
292 0.48941041785918715
293 0.49303944315545245
294 0.4782082324455206
295 0.49165120593692024
296 0.47619047619047616
297 0.5088062622309197
298 0.4831038798498123
299 0.5
300 0.4931506849315068
301 0.48044692737430167
302 0.4642857142857143
303 0.4803328290468986
304 0.48842777334397447
305 0.5151280062063616
306 0.4791666666666667
307 0.48878576952822894
308 0.4840816326530612
309 0.46937014667817084
310 0.5009191176470589
311 0.4860335195530726
312 0.4919210053859964
313 0.46962391513982643
314 0.4940119760479042
315 0.46502057613168724
316 0.49626467449306294
317 0.4910913140311804
318 0.5005096839959225
319 0.46934673366834173
320 0.45361990950226244
321 0.4834123222748815
322 0.48894348894348894
323 0.5168269230769231
324 0.4896073903002309
325 0.49411764705882355
326 0.48531289910600256
327 0.48523206751054854
328 0.5021897810218978
329 0.4985835694050991
330 0.5007320644216691
331 0.4940652818991098
332 0.45709828393135726
333 0.4656
334 0.4761061946902655
335 0.497196261682243
336 0.48722627737226276
337 0.5043327556325823
338 0.45549738219895286
339 0.48717948717948717
340 0.46360153256704983
341 0.5069860279441117
342 0.4799196787148594
343 0.4656964656964657
344 0.4504310344827586
345 0.4682713347921225
346 0.5189873417721519
347 0.4772234273318872
348 0.5052854122621564
349 0.501039501039501
350 0.48451327433628316
351 0.4897025171624714
352 0.4743276283618582
353 0.4562334217506631
354 0.5097493036211699
355 0.4789915966386555
356 0.46
357 0.5
358 0.47109826589595377
359 0.5154320987654321
360 0.49230769230769234
361 0.5398773006134969
362 0.5
363 0.49044585987261147
364 0.4901315789473684
365 0.498220640569395
366 0.48
367 0.45454545454545453
368 0.5145228215767634
369 0.46502057613168724
370 0.4723404255319149
371 0.5679012345679012
372 0.47265625
373 0.5416666666666666
374 0.45689655172413796
375 0.5066666666666667
376 0.4458874458874459
377 0.5258620689655172
378 0.4641350210970464
379 0.4558139534883721
380 0.4479166666666667
381 0.5077720207253886
382 0.431924882629108
383 0.5024630541871922
384 0.5025641025641026
385 0.49444444444444446
386 0.5224719101123596
387 0.520618556701031
388 0.5025641025641026
389 0.49748743718592964
390 0.4604651162790698
391 0.48058252427184467
392 0.4235294117647059
393 0.4444444444444444
394 0.5294117647058824
395 0.5
396 0.49324324324324326
397 0.5144927536231884
398 0.5068493150684932
399 0.5588235294117647
400 0.512
401 0.5371900826446281
402 0.5076923076923077
403 0.5652173913043478
404 0.5217391304347826
405 0.4421768707482993
406 0.4426229508196721
407 0.48214285714285715
408 0.5555555555555556
409 0.49107142857142855
410 0.4807692307692308
411 0.46153846153846156
412 0.3972602739726027
413 0.5555555555555556
414 0.3953488372093023
415 0.44594594594594594
416 0.3770491803278688
417 0.4897959183673469
418 0.5849056603773585
419 0.3018867924528302
420 0.5686274509803921
421 0.43478260869565216
422 0.5227272727272727
423 0.6346153846153846
424 0.45614035087719296
425 0.5192307692307693
426 0.53125
427 0.5172413793103449
428 0.4117647058823529
429 0.5
430 0.5454545454545454
431 0.6
432 0.5901639344262295
433 0.46153846153846156
434 0.46774193548387094
435 0.5
436 0.3829787234042553
437 0.5
438 0.4339622641509434
439 0.4
440 0.5869565217391305
441 0.3829787234042553
442 0.5
443 0.4482758620689655
444 0.6363636363636364
445 0.5111111111111111
446 0.6086956521739131
447 0.375
448 0.48717948717948717
449 0.45714285714285713
450 0.6666666666666666
451 0.48148148148148145
452 0.45
453 0.4666666666666667
454 0.47619047619047616
455 0.42857142857142855
456 0.36363636363636365
457 0.2777777777777778
458 0.5
459 0.5
460 0.5555555555555556
461 0.5185185185185185
462 0.4666666666666667
463 0.4583333333333333
464 0.4411764705882353
465 0.6666666666666666
466 0.42
467 0.3333333333333333
468 0.47058823529411764
469 0.6
470 0.4166666666666667
471 0.4
472 0.5384615384615384
473 0.65
474 0.5833333333333334
475 0.5384615384615384
476 0.42105263157894735
477 0.5217391304347826
478 0.25
479 0.25
480 0.2
481 0.7272727272727273
482 0.5
483 0.5
484 0.4166666666666667
485 0.4
486 0.5
487 0.75
488 0.45454545454545453
489 0.2857142857142857
490 0.6
491 0.7272727272727273
492 0.3
493 0.6428571428571429
494 0.5
495 0.42857142857142855
496 0.2222222222222222
497 0.6
498 0.6551724137931034
