0 0.2638
1 0.2654
2 0.2684
3 0.2216
4 0.2052
5 0.2352
6 0.2521
7 0.2346
8 0.2487
9 0.2154
10 0.2317
11 0.2497
12 0.2741
13 0.2285
14 0.2677
15 0.2477
16 0.2363
17 0.2302
18 0.271
19 0.224
20 0.223
21 0.279
22 0.2428
23 0.2463
24 0.2353
25 0.2325
26 0.2249
27 0.2614
28 0.2551
29 0.2689
30 0.2312
31 0.2375
32 0.2407
33 0.2296
34 0.2239
35 0.2052
36 0.2544
37 0.2578
38 0.2487
39 0.2636
40 0.2615
41 0.2817
42 0.2662
43 0.2337
44 0.263
45 0.2399
46 0.2313
47 0.2531
48 0.2621
49 0.2493
50 0.2326
51 0.2126
52 0.2606
53 0.2654
54 0.2516
55 0.2288
56 0.2077
57 0.2315
58 0.2533
59 0.2447
60 0.2351
61 0.277
62 0.2195
63 0.2487
64 0.2564
65 0.2452
66 0.2206
67 0.2501
68 0.2308
69 0.2764
70 0.2161
71 0.2379
72 0.2604
73 0.2412
74 0.2359
75 0.2471
76 0.2067
77 0.2428
78 0.24
79 0.2169
80 0.2264
81 0.2488
82 0.1993
83 0.2282
84 0.2755
85 0.2666
86 0.2578
87 0.2461
88 0.2614
89 0.2549
90 0.2558
91 0.2723
92 0.2638
93 0.2312
94 0.2622
95 0.261
96 0.2463
97 0.2424
98 0.2279
99 0.2684
100 0.2356
101 0.2614
102 0.2518
103 0.2357
104 0.2632
105 0.2346
106 0.241
107 0.2422
108 0.254
109 0.2219
110 0.2375
