0 0.2483
1 0.258
2 0.2513
3 0.2493
4 0.2532
5 0.2435
6 0.2473
7 0.2457
8 0.2413
9 0.2569
10 0.2473
11 0.2497
12 0.2481
13 0.2507
14 0.2517
15 0.256
16 0.249
17 0.2485
18 0.2476
19 0.2498
20 0.2499
21 0.2531
22 0.256
23 0.2536
24 0.2571
25 0.2521
26 0.2514
27 0.2525
28 0.2525
29 0.2497
30 0.246
31 0.2438
32 0.2518
33 0.2498
34 0.2473
35 0.2441
36 0.2526
37 0.2492
38 0.2421
39 0.2507
40 0.2512
41 0.2473
42 0.2507
43 0.247
44 0.2557
45 0.2549
46 0.2482
47 0.247
48 0.2506
49 0.2397
50 0.2527
51 0.2443
52 0.2505
53 0.2551
54 0.251
55 0.2425
56 0.2516
57 0.2487
58 0.2509
59 0.2579
60 0.2411
61 0.2493
62 0.2498
63 0.2527
64 0.2549
65 0.2501
66 0.2491
67 0.2489
68 0.2565
69 0.2423
70 0.2525
71 0.2485
72 0.2466
73 0.2474
74 0.2552
75 0.2458
76 0.2479
77 0.2493
78 0.2498
79 0.2592
80 0.249
81 0.2512
82 0.2491
83 0.2573
84 0.2495
85 0.2535
86 0.2437
87 0.2441
88 0.256
89 0.2437
90 0.2511
91 0.2523
92 0.2513
93 0.2469
94 0.2549
95 0.2496
96 0.2495
97 0.2482
98 0.2475
99 0.2507
100 0.2526
101 0.2562
102 0.2473
103 0.2466
104 0.2445
105 0.2461
106 0.2505
107 0.2579
108 0.2522
109 0.2562
110 0.256
