2 0.7228195287416592
3 0.6988207445840621
4 0.681813172990359
5 0.6685603979569781
6 0.657768075869825
7 0.6485131550193465
8 0.6411503481336068
9 0.6343660988563476
10 0.6284973284419815
11 0.6237367101434863
12 0.6185929696817374
13 0.6141260950214515
14 0.6106914120633808
15 0.6066191146108202
16 0.6038973622596314
17 0.6016363983106737
18 0.5977359199420157
19 0.5949644731047968
20 0.5929263294691909
21 0.5915958983394626
22 0.5893733722968525
23 0.5870108947199772
24 0.5852394400089777
25 0.5831980763450556
26 0.5817206764567453
27 0.5791396732897306
28 0.579264977927967
29 0.5775775761990865
30 0.5757580919931857
31 0.5740466846298032
32 0.5752271560962356
33 0.5721389554712006
34 0.5715211202879865
35 0.5703665697321788
36 0.5700228285902841
37 0.5680354973796767
38 0.5669717299414434
39 0.5661281091630603
40 0.5657262135241431
41 0.564897437010229
42 0.5633687969300093
43 0.5625376485946829
44 0.5633186017673859
45 0.5615914825527725
46 0.5618154739493126
47 0.5606893287912444
48 0.5601756859342805
49 0.5593465008749465
50 0.558356659223349
51 0.5568096261201704
52 0.5572934177593485
53 0.5580604534005038
54 0.5572286690077409
55 0.5552689011082798
56 0.5545366411454709
57 0.5555892039217171
58 0.5528161148271302
59 0.5538702274149802
60 0.5534113364672146
61 0.5526056766767062
62 0.5514912067539119
63 0.5509264641566048
64 0.5511626209367226
65 0.5519624164747201
66 0.551601659463932
67 0.5497124292048997
68 0.5509020064041119
69 0.550091976581232
70 0.5494664000949434
71 0.549420003702104
72 0.5491130972414395
73 0.5463594033620077
74 0.548062668301789
75 0.5481274617421062
76 0.5491172623881697
77 0.5468298402946374
78 0.5455514705882353
79 0.5458713113145626
80 0.5467238646920597
81 0.5447418369873188
82 0.5436847962164418
83 0.5442217396821816
84 0.5455802577975585
85 0.5443642241379311
86 0.5431234838690935
87 0.5426603599531039
88 0.545144177545304
89 0.5432230402739242
90 0.5426944251571755
91 0.5441801629132726
92 0.5424657110366755
93 0.5430520733259914
94 0.5414059392684012
95 0.5428379020757408
96 0.5381062540844596
97 0.540542077177365
98 0.5403021073932506
99 0.5420518341603864
100 0.5411500091296915
101 0.5406881828456612
102 0.5408443329701975
103 0.5415421398684998
104 0.5419400480547324
105 0.5410662792966633
106 0.5386286638543419
107 0.5391680029685781
108 0.5399482074721604
109 0.5380124295962397
110 0.5386996764105068
111 0.5392156416546439
112 0.5395270038233476
113 0.5377150888093719
114 0.5379023980591583
115 0.5384839280600532
116 0.5378099622798476
117 0.5363247863247863
118 0.5375649852804425
119 0.5378069041010961
120 0.5378047415869186
121 0.5370059409829626
122 0.5376049239024294
123 0.5368097093643742
124 0.5355722691944651
125 0.5367628112827197
126 0.5365431208317883
127 0.5364750757494193
128 0.5372709281106227
129 0.5376180574951639
130 0.5356785959652739
131 0.535601880022661
132 0.5360697570995955
133 0.5355646762875679
134 0.5360249177244946
135 0.5345710490229688
136 0.5360062343804585
137 0.5328670268631506
138 0.5332904014494968
139 0.5325683577618958
140 0.5343111954669819
141 0.5355158608289733
142 0.5345987398255488
143 0.5343814613533393
144 0.533595490294131
145 0.5338562181045998
146 0.5316669820462977
147 0.5356505931218575
148 0.5324073807038086
149 0.5302863596406969
150 0.5331548442143046
151 0.5340357761244304
152 0.5327745987937044
153 0.5330803153177346
154 0.5311880149812734
155 0.5321314669910374
156 0.5329341317365269
157 0.5327772828779577
158 0.5327342432142309
159 0.5332348870545203
160 0.5326283385470544
161 0.5337563832982878
162 0.5336959106782991
163 0.5330795722312851
164 0.5295133200594803
165 0.5312918478088408
166 0.5313549149126017
167 0.5319418498671649
168 0.534214019750688
169 0.5326793139293139
170 0.5284929771520736
171 0.532424938917171
172 0.5315917175715572
173 0.5305744082105611
174 0.5307653394038633
175 0.5283081040732198
176 0.5312933971914184
177 0.5335504223058919
178 0.5303105547807748
179 0.5303194109918984
180 0.5300717700053724
181 0.5309499982746126
182 0.531129900076864
183 0.5303245865460022
184 0.5303308312482624
185 0.5262213972184034
186 0.5275728292304437
187 0.5293747080224805
188 0.528652743302234
189 0.5319786356258803
190 0.5277714072757503
191 0.5282061292211595
192 0.5277371785083222
193 0.5295288118978471
194 0.5300480592583883
195 0.5297395580289446
196 0.5273149827176576
197 0.5310209083819215
198 0.5307674579396174
199 0.5306234591736716
200 0.5284677111196026
201 0.5287455132265557
202 0.5291502276176024
203 0.5268030780259756
204 0.5310002671449834
205 0.5291214970430951
206 0.5285371480598443
207 0.5269553724148655
208 0.5272259215499097
209 0.5297614410146937
210 0.5275783302539155
211 0.5277631547932398
212 0.5254324221955685
213 0.5259579826574854
214 0.5279863919378651
215 0.5273998911686566
216 0.5274566589919054
217 0.5270926000808734
218 0.528509270383479
219 0.5280419916701307
220 0.5268216927540971
221 0.5271252544908955
222 0.5273742557996305
223 0.5280317504571508
224 0.5270602554297321
225 0.5257761084889983
226 0.5275793584565573
227 0.5270938837486755
228 0.5290528324628365
229 0.5250740192450037
230 0.5282241310596875
231 0.5268906059650886
232 0.5271465238635298
233 0.5269772962080654
234 0.5251009809578765
235 0.5285097155052235
236 0.5273285815370278
237 0.5267356955790277
238 0.5297131771481266
239 0.5284998078468365
240 0.5281610199091862
241 0.5280130179171333
242 0.5257707509881423
243 0.5271341841159708
244 0.525086381932818
245 0.5271999358008399
246 0.5271572080185678
247 0.523897936927112
248 0.5285531787665462
249 0.5257431142623398
250 0.5284072339034753
251 0.5249895687825409
252 0.525502177015111
253 0.5251794588625069
254 0.5275760639764684
255 0.5257627896306493
256 0.5291091328353958
257 0.5226020761245674
258 0.5267624863927379
259 0.5234372098205995
260 0.5240468058899278
261 0.5230723010336766
262 0.5250927350467687
263 0.5252203209166872
264 0.526983643101428
265 0.5258544553233113
266 0.5235704057279237
267 0.5272977519498394
268 0.5261681616710863
269 0.5255269140369129
270 0.5264491392348969
271 0.5256948591020283
272 0.5230083543961874
273 0.5227634387735299
274 0.5215095739074425
275 0.5251348771984496
276 0.5213365342217432
277 0.5246117554550815
278 0.52586887835703
279 0.5249755335659704
280 0.5227820142518764
281 0.5254065753479563
282 0.5253784505788067
283 0.5229561358593616
284 0.5235406611419725
285 0.5254128766705626
286 0.5256047689772334
287 0.5232664698095917
288 0.5238685742395671
289 0.5266173999979387
290 0.5252081787451562
291 0.5269705270529113
292 0.5244589325135653
293 0.5237745300985344
294 0.5200773209341205
295 0.5267450881717725
296 0.5237742541205925
297 0.5262823450977124
298 0.5254179284025386
299 0.5224942934218717
300 0.5251959686450168
301 0.5238484772212434
302 0.5238599202023516
303 0.5231426385583134
304 0.5233446428952478
305 0.5238951118528742
306 0.5263225626561713
307 0.525117823479006
308 0.522546220554112
309 0.5231245683701657
310 0.522249309280026
311 0.5234074379179899
312 0.5222706471998256
313 0.5243265198586076
314 0.5223928342930262
315 0.5238884132578748
316 0.5259554794901146
317 0.523912341817939
318 0.5260450949984938
319 0.5247573411967072
320 0.5253088969004275
321 0.5264325035102186
322 0.5252711976975869
323 0.5243478068133963
324 0.5236472901121487
325 0.5237485539719442
326 0.5241815308195981
327 0.5230592242536346
328 0.5217730008015987
329 0.5211555959963603
330 0.5238847710426993
331 0.5247676601199469
332 0.5231715981756091
333 0.5229231930121419
334 0.5218726720531774
335 0.5225224189468843
336 0.5223670829667378
337 0.5231202575304668
338 0.5227049455058193
339 0.5214363514171166
340 0.523755735146843
341 0.5197781755642132
342 0.5225207195328687
343 0.5252113189358225
344 0.5231324228724027
345 0.5232232196714331
346 0.5221380751151418
347 0.5216687881419445
348 0.5203524019286863
349 0.5191502595631683
350 0.5237200110858066
351 0.5231873567378453
352 0.5259422861073898
353 0.5208787502860516
354 0.5214291796936777
355 0.523118988330648
356 0.5228585089558277
357 0.5233349717375276
358 0.5210206531592229
359 0.5204626007186745
360 0.5213253826765845
361 0.5238404112103782
362 0.5200979791794244
363 0.5222018979338793
364 0.5191181156400893
365 0.5220762623345663
366 0.5210731263896226
367 0.5182302639732309
368 0.5226829601480323
369 0.5198677143425502
370 0.5201064680595822
371 0.5227081844734434
372 0.5197689748257894
373 0.5251153029293856
374 0.5209340783242715
375 0.519765517415638
376 0.5245089990527313
377 0.5212432746469979
378 0.5216784813015966
379 0.5243939624942827
380 0.522090291447076
381 0.5250286295966408
382 0.5215782983970407
383 0.5214144126862331
384 0.5214716835751895
385 0.5247970099239593
386 0.522476163589
387 0.5204090775276153
388 0.5207055805003207
389 0.519727152933881
390 0.5205304341089275
391 0.5220800124613827
392 0.5180776128713643
393 0.5195058177539548
394 0.5218768819879029
395 0.5228170048664035
396 0.5193218648716031
397 0.5236615489953388
398 0.5211262059460524
399 0.5204074900040907
400 0.5202067169731108
401 0.5223922523341984
402 0.5221633000040481
403 0.5219316658315616
404 0.5259229098805646
405 0.5217633095964734
406 0.52302073291605
407 0.5215018644021665
408 0.5218968714887166
409 0.5192775174848917
410 0.5213767870451927
411 0.5192596095386071
412 0.5209282825960537
413 0.5204132961729319
414 0.5210817572436673
415 0.5172949969992907
416 0.5186556458774506
417 0.5222806873304283
418 0.5212190298302478
419 0.5204637346315703
420 0.5201539228171198
421 0.5206568235131779
422 0.51803665648431
423 0.5199123076493423
424 0.5211820192829417
425 0.5212897834111011
426 0.5190831200623123
427 0.52000279173646
428 0.5190906930250115
429 0.5200039292179452
430 0.5204763369021329
431 0.5176558029954563
432 0.5180301513207068
433 0.5209068153373535
434 0.520298613579808
435 0.5213077886586199
436 0.5242590279354985
437 0.5204895547583879
438 0.5202720781872721
439 0.5214361739870857
440 0.5196654514261205
441 0.5196773824505205
442 0.5156339809173468
443 0.5218187322502055
444 0.5187500904577887
445 0.5190107966151153
446 0.5240734828917201
447 0.5173033772510213
448 0.520223192344387
449 0.5195032384917881
450 0.5183583111227625
451 0.5228500871586287
452 0.5193293169775713
453 0.5173342652047933
454 0.5185896037804435
455 0.5182149097262667
456 0.5187482667522952
457 0.5191244781560533
458 0.5185475405473335
459 0.5229899553405837
460 0.5214212473808568
461 0.5207642554456917
462 0.5185174092100336
463 0.5214895407549892
464 0.5207948452214662
465 0.5204101606613163
466 0.5207559651786923
467 0.5197653010821895
468 0.5192490243645185
469 0.5202592458303118
470 0.5177958282282827
471 0.516807491687765
472 0.5213471106008419
473 0.519709875508556
474 0.5222842916995567
475 0.5188719512195122
476 0.5186587674830514
477 0.5222670209841473
478 0.5175004190348484
479 0.5174592924027861
480 0.5187383127018715
481 0.5204865458030015
482 0.5208690855601863
483 0.5193093770971875
484 0.5167723271988675
485 0.5203484309737124
486 0.5225936839506935
487 0.514459216002982
488 0.5202905538877914
489 0.5187252597723899
490 0.5205101582234344
491 0.5176721986523584
492 0.5190732286911388
493 0.5174073025757147
494 0.5222036622648051
495 0.5164436128377521
496 0.5190069449988026
497 0.5202368568456429
498 0.5191419799848491
