0 810494.0
1 21966.0
2 9289.0
3 6026.0
4 4112.0
5 3045.0
6 2292.0
7 1806.0
8 1422.0
9 1168.0
10 963.0
11 836.0
12 703.0
13 597.0
14 530.0
15 432.0
16 464.0
17 335.0
18 321.0
19 283.0
20 296.0
21 228.0
22 217.0
23 189.0
24 184.0
25 142.0
26 141.0
27 118.0
28 115.0
29 84.0
30 88.0
31 79.0
32 88.0
33 60.0
34 48.0
35 69.0
36 59.0
37 45.0
38 42.0
39 43.0
40 36.0
41 38.0
42 32.0
43 23.0
44 27.0
45 17.0
46 17.0
47 14.0
48 25.0
49 22.0
50 14.0
51 18.0
52 12.0
53 16.0
54 21.0
55 17.0
56 9.0
57 5.0
58 6.0
59 7.0
60 3.0
61 6.0
62 3.0
63 4.0
64 12.0
65 0.0
66 5.0
67 1.0
68 7.0
69 3.0
70 9.0
71 3.0
72 4.0
73 3.0
74 1.0
75 3.0
76 2.0
77 2.0
78 4.0
79 0.0
80 3.0
81 0.0
82 0.0
83 2.0
84 1.0
85 3.0
86 3.0
87 1.0
88 1.0
89 2.0
90 1.0
91 0.0
92 0.0
93 2.0
94 2.0
95 3.0
96 0.0
97 0.0
98 1.0
99 0.0
100 1.0
101 0.0
102 3.0
103 1.0
104 0.0
105 1.0
106 0.0
107 1.0
108 0.0
109 1.0
110 0.0
111 0.0
112 0.0
113 2.0
114 0.0
115 0.0
116 0.0
117 2.0
118 0.0
119 0.0
120 0.0
121 0.0
122 0.0
123 0.0
124 0.0
125 0.0
126 0.0
127 0.0
128 0.0
129 0.0
130 0.0
131 0.0
132 1.0
