-112 1
-111 0
-110 1
-109 1
-108 0
-107 2
-106 0
-105 0
-104 1
-103 1
-102 1
-101 4
-100 1
-99 1
-98 4
-97 0
-96 2
-95 1
-94 0
-93 4
-92 1
-91 4
-90 5
-89 5
-88 3
-87 3
-86 4
-85 6
-84 12
-83 13
-82 7
-81 14
-80 17
-79 25
-78 23
-77 15
-76 18
-75 28
-74 38
-73 39
-72 42
-71 46
-70 67
-69 57
-68 61
-67 71
-66 78
-65 99
-64 133
-63 129
-62 174
-61 201
-60 187
-59 219
-58 273
-57 290
-56 372
-55 395
-54 417
-53 476
-52 595
-51 641
-50 747
-49 833
-48 978
-47 1069
-46 1246
-45 1481
-44 1699
-43 2085
-42 2308
-41 2587
-40 3074
-39 3406
-38 4076
-37 4781
-36 5377
-35 6221
-34 7213
-33 8451
-32 9783
-31 11422
-30 13302
-29 15568
-28 18535
-27 21107
-26 24702
-25 29284
-24 34729
-23 40414
-22 48031
-21 56949
-20 67753
-19 80700
-18 96478
-17 115970
-16 139424
-15 170535
-14 207089
-13 253240
-12 313097
-11 388502
-10 489348
-9 620953
-8 802094
-7 1052275
-6 1411159
-5 1953455
-4 2829072
-3 4372837
-2 7676208
-1 16524159
0 65411632
1 899274960
2 71021717
3 12650663
4 6582613
5 4056849
6 2698417
7 1887601
8 1375420
9 1027250
10 783604
11 610933
12 480196
13 381793
14 308129
15 249798
16 204010
17 166756
18 138151
19 114669
20 95149
21 80109
22 66598
23 56247
24 47204
25 40244
26 34170
27 28699
28 24754
29 20758
30 17927
31 15311
32 13212
33 11389
34 9675
35 8482
36 7186
37 6135
38 5357
39 4643
40 4012
41 3448
42 3023
43 2710
44 2201
45 1973
46 1678
47 1437
48 1234
49 1090
50 954
51 805
52 727
53 636
54 600
55 502
56 404
57 390
58 344
59 274
60 241
61 181
62 220
63 180
64 135
65 116
66 120
67 92
68 78
69 80
70 77
71 60
72 59
73 42
74 35
75 35
76 32
77 35
78 23
79 18
80 20
81 22
82 8
83 9
84 9
85 13
86 14
87 4
88 9
89 1
90 5
91 5
92 9
93 5
94 3
95 0
96 1
97 0
98 3
99 1
100 1
101 1
102 4
103 1
104 0
105 2
106 2
107 0
108 1
109 0
110 1
111 1
