0 0.3992
1 0.3943
2 0.4044
3 0.3969
4 0.3888
5 0.3661
6 0.3965
7 0.3939
8 0.3918
9 0.4098
10 0.409
11 0.4178
12 0.4172
13 0.4055
14 0.379
15 0.4165
16 0.4051
17 0.4163
18 0.4033
19 0.4046
20 0.3789
21 0.3945
22 0.3944
23 0.3967
24 0.3937
25 0.3871
26 0.3993
27 0.3919
28 0.414
29 0.3911
30 0.3916
31 0.3892
32 0.4094
33 0.4028
34 0.405
35 0.3968
36 0.4034
37 0.4014
38 0.4097
39 0.3672
40 0.3707
41 0.4091
42 0.4063
43 0.3897
44 0.3984
45 0.4111
46 0.3899
47 0.4099
48 0.4061
49 0.3818
50 0.3932
51 0.3978
52 0.388
53 0.3946
54 0.3798
55 0.4063
56 0.3912
57 0.3856
58 0.4041
59 0.4086
60 0.3941
61 0.4082
62 0.3979
63 0.397
64 0.4017
65 0.3839
66 0.3883
67 0.407
68 0.4094
69 0.3969
70 0.3831
71 0.3917
72 0.4061
73 0.3939
74 0.4188
75 0.3929
76 0.3997
77 0.3973
78 0.3801
79 0.3805
80 0.3951
81 0.3957
82 0.4097
83 0.4016
84 0.3863
85 0.4107
86 0.4021
87 0.4063
88 0.3901
89 0.3969
90 0.4055
91 0.4116
92 0.3966
93 0.4058
94 0.3937
95 0.4078
96 0.3934
97 0.3949
98 0.413
99 0.3828
100 0.4135
101 0.405
102 0.4027
103 0.3964
104 0.4061
105 0.3808
106 0.4029
107 0.3894
108 0.3959
109 0.4166
110 0.3996
