-479 1
-478 0
-477 0
-476 0
-475 0
-474 0
-473 0
-472 0
-471 0
-470 0
-469 0
-468 0
-467 0
-466 0
-465 0
-464 0
-463 0
-462 0
-461 0
-460 0
-459 0
-458 0
-457 0
-456 0
-455 0
-454 0
-453 0
-452 0
-451 0
-450 0
-449 0
-448 0
-447 0
-446 0
-445 0
-444 1
-443 0
-442 1
-441 1
-440 0
-439 0
-438 0
-437 0
-436 0
-435 0
-434 0
-433 1
-432 0
-431 0
-430 1
-429 0
-428 0
-427 0
-426 0
-425 0
-424 0
-423 0
-422 0
-421 0
-420 0
-419 0
-418 1
-417 1
-416 0
-415 0
-414 1
-413 0
-412 0
-411 0
-410 1
-409 0
-408 0
-407 0
-406 0
-405 1
-404 1
-403 0
-402 0
-401 0
-400 1
-399 2
-398 0
-397 1
-396 0
-395 1
-394 1
-393 0
-392 1
-391 1
-390 0
-389 0
-388 1
-387 0
-386 1
-385 1
-384 0
-383 0
-382 1
-381 1
-380 0
-379 1
-378 0
-377 0
-376 2
-375 1
-374 2
-373 2
-372 1
-371 0
-370 1
-369 2
-368 2
-367 5
-366 1
-365 1
-364 0
-363 1
-362 1
-361 2
-360 5
-359 1
-358 1
-357 3
-356 0
-355 3
-354 4
-353 2
-352 2
-351 1
-350 1
-349 3
-348 2
-347 4
-346 1
-345 1
-344 2
-343 3
-342 0
-341 1
-340 4
-339 2
-338 3
-337 1
-336 3
-335 5
-334 5
-333 1
-332 1
-331 6
-330 8
-329 4
-328 4
-327 5
-326 4
-325 4
-324 5
-323 9
-322 8
-321 4
-320 7
-319 6
-318 3
-317 6
-316 6
-315 8
-314 9
-313 6
-312 5
-311 9
-310 2
-309 6
-308 5
-307 14
-306 12
-305 6
-304 17
-303 6
-302 8
-301 7
-300 6
-299 12
-298 9
-297 8
-296 11
-295 7
-294 9
-293 7
-292 9
-291 8
-290 10
-289 8
-288 18
-287 7
-286 8
-285 19
-284 16
-283 18
-282 13
-281 18
-280 18
-279 11
-278 18
-277 13
-276 11
-275 15
-274 15
-273 16
-272 16
-271 24
-270 25
-269 23
-268 26
-267 20
-266 26
-265 31
-264 24
-263 26
-262 26
-261 32
-260 26
-259 31
-258 26
-257 30
-256 34
-255 33
-254 26
-253 33
-252 37
-251 45
-250 28
-249 44
-248 42
-247 38
-246 36
-245 45
-244 56
-243 51
-242 37
-241 53
-240 64
-239 58
-238 48
-237 52
-236 55
-235 54
-234 70
-233 69
-232 61
-231 68
-230 58
-229 84
-228 80
-227 70
-226 70
-225 87
-224 94
-223 88
-222 80
-221 98
-220 85
-219 79
-218 99
-217 94
-216 111
-215 95
-214 95
-213 99
-212 134
-211 135
-210 105
-209 125
-208 141
-207 117
-206 136
-205 156
-204 159
-203 153
-202 134
-201 149
-200 164
-199 172
-198 166
-197 180
-196 183
-195 196
-194 181
-193 219
-192 183
-191 217
-190 211
-189 216
-188 232
-187 238
-186 291
-185 273
-184 283
-183 285
-182 292
-181 308
-180 292
-179 307
-178 340
-177 332
-176 377
-175 376
-174 359
-173 382
-172 407
-171 422
-170 421
-169 441
-168 473
-167 465
-166 477
-165 535
-164 527
-163 618
-162 556
-161 591
-160 632
-159 600
-158 675
-157 712
-156 646
-155 666
-154 774
-153 793
-152 806
-151 778
-150 871
-149 899
-148 884
-147 897
-146 992
-145 998
-144 1017
-143 1012
-142 1077
-141 1135
-140 1207
-139 1233
-138 1282
-137 1334
-136 1357
-135 1379
-134 1491
-133 1453
-132 1581
-131 1619
-130 1712
-129 1727
-128 1797
-127 1915
-126 1902
-125 1988
-124 2093
-123 2109
-122 2273
-121 2247
-120 2439
-119 2492
-118 2471
-117 2673
-116 2761
-115 2813
-114 2939
-113 3001
-112 3147
-111 3273
-110 3310
-109 3465
-108 3627
-107 3728
-106 3791
-105 3990
-104 4250
-103 4436
-102 4454
-101 4649
-100 4931
-99 4960
-98 5261
-97 5495
-96 5667
-95 5883
-94 6101
-93 6414
-92 6665
-91 6964
-90 7125
-89 7367
-88 7768
-87 8177
-86 8488
-85 8908
-84 8985
-83 9525
-82 9805
-81 10376
-80 10560
-79 11303
-78 11609
-77 12105
-76 12476
-75 13001
-74 13793
-73 14271
-72 15035
-71 15761
-70 16339
-69 17103
-68 17676
-67 18664
-66 19426
-65 20445
-64 21109
-63 22581
-62 23237
-61 24096
-60 25384
-59 26725
-58 28260
-57 29446
-56 30635
-55 32371
-54 33782
-53 35396
-52 37583
-51 39610
-50 41058
-49 43662
-48 46136
-47 48428
-46 51152
-45 54274
-44 56633
-43 59663
-42 63585
-41 67010
-40 70826
-39 75191
-38 80051
-37 84562
-36 89856
-35 95278
-34 101556
-33 108513
-32 115555
-31 123316
-30 132147
-29 140925
-28 152104
-27 163543
-26 176498
-25 189692
-24 204318
-23 222097
-22 241408
-21 262824
-20 287033
-19 314569
-18 345651
-17 380695
-16 424208
-15 471789
-14 527813
-13 595120
-12 678032
-11 776795
-10 900000
-9 1056249
-8 1256430
-7 1525563
-6 1901665
-5 2441483
-4 3302304
-3 4809465
-2 8068648
-1 18028370
0 96751570
1 811727141
2 102015323
3 14458844
4 7064709
5 4494477
6 3168431
7 2370231
8 1858066
9 1496145
10 1236504
11 1042796
12 889234
13 768188
14 671592
15 591250
16 523513
17 468833
18 420323
19 379208
20 343739
21 312626
22 286112
23 260755
24 240023
25 220338
26 204655
27 188395
28 174397
29 162307
30 151626
31 141080
32 131782
33 123336
34 114787
35 107818
36 101813
37 95388
38 89278
39 84428
40 79325
41 75044
42 70833
43 66928
44 62857
45 59807
46 56498
47 53835
48 50833
49 47863
50 45458
51 43485
52 41704
53 39357
54 37274
55 35805
56 34059
57 32277
58 30599
59 29120
60 27910
61 26841
62 25440
63 24326
64 23089
65 21806
66 20959
67 20486
68 19379
69 18648
70 18057
71 17006
72 16221
73 15561
74 14937
75 14311
76 13682
77 12952
78 12515
79 12100
80 11669
81 11121
82 10639
83 10322
84 9827
85 9482
86 9124
87 8587
88 8370
89 8056
90 7658
91 7479
92 7406
93 6952
94 6587
95 6363
96 6256
97 5891
98 5770
99 5459
100 5311
101 5076
102 4774
103 4690
104 4410
105 4426
106 4161
107 4082
108 3828
109 3784
110 3546
111 3478
112 3378
113 3259
114 3129
115 3028
116 2963
117 2839
118 2637
119 2622
120 2448
121 2379
122 2428
123 2257
124 2237
125 2171
126 2066
127 1950
128 1899
129 1837
130 1744
131 1738
132 1626
133 1666
134 1555
135 1476
136 1437
137 1340
138 1297
139 1359
140 1203
141 1183
142 1164
143 1133
144 1105
145 1021
146 1050
147 989
148 939
149 943
150 893
151 815
152 842
153 887
154 803
155 757
156 733
157 710
158 659
159 655
160 620
161 642
162 574
163 589
164 548
165 503
166 528
167 510
168 491
169 472
170 478
171 481
172 410
173 426
174 419
175 399
176 384
177 370
178 369
179 337
180 348
181 332
182 306
183 306
184 292
185 286
186 272
187 301
188 255
189 250
190 212
191 198
192 233
193 225
194 222
195 200
196 198
197 201
198 174
199 199
200 175
201 187
202 135
203 151
204 139
205 135
206 180
207 166
208 147
209 158
210 128
211 101
212 140
213 124
214 120
215 102
216 112
217 109
218 94
219 97
220 114
221 89
222 102
223 71
224 71
225 69
226 85
227 81
228 62
229 78
230 71
231 70
232 57
233 64
234 63
235 73
236 67
237 45
238 55
239 47
240 51
241 51
242 41
243 55
244 50
245 48
246 36
247 33
248 41
249 36
250 51
251 40
252 49
253 40
254 27
255 38
256 34
257 35
258 33
259 22
260 31
261 24
262 26
263 26
264 24
265 27
266 30
267 30
268 30
269 23
270 23
271 19
272 17
273 25
274 20
275 17
276 25
277 17
278 16
279 20
280 13
281 13
282 16
283 18
284 19
285 21
286 23
287 12
288 17
289 11
290 18
291 8
292 10
293 8
294 7
295 10
296 8
297 11
298 9
299 15
300 9
301 6
302 6
303 9
304 12
305 7
306 7
307 3
308 9
309 9
310 9
311 11
312 6
313 7
314 7
315 9
316 9
317 4
318 6
319 5
320 0
321 4
322 3
323 14
324 2
325 3
326 6
327 3
328 2
329 3
330 5
331 3
332 4
333 1
334 8
335 2
336 3
337 1
338 4
339 4
340 3
341 1
342 1
343 3
344 2
345 1
346 1
347 3
348 3
349 1
350 2
351 3
352 3
353 1
354 0
355 1
356 3
357 1
358 1
359 1
360 1
361 3
362 0
363 2
364 1
365 1
366 0
367 1
368 0
369 4
370 2
371 1
372 0
373 0
374 0
375 1
376 0
377 1
378 0
379 0
380 0
381 2
382 0
383 0
384 2
385 0
386 0
387 1
388 1
389 1
390 0
391 0
392 0
393 0
394 1
395 0
396 0
397 1
398 1
399 0
400 1
401 0
402 0
403 0
404 1
405 1
406 0
407 0
408 0
409 0
410 1
411 0
412 0
413 0
414 0
415 1
416 0
417 2
418 0
419 0
420 1
421 0
422 0
423 0
424 1
425 2
426 0
427 0
428 0
429 0
430 0
431 1
432 1
433 0
434 1
435 0
436 0
437 0
438 0
439 0
440 0
441 0
442 0
443 0
444 0
445 0
446 0
447 0
448 0
449 0
450 0
451 0
452 0
453 0
454 0
455 0
456 0
457 1
458 0
459 0
460 0
461 0
462 0
463 0
464 0
465 0
466 1
467 0
468 0
469 0
470 0
471 0
472 0
473 0
474 0
475 0
476 0
477 0
478 0
479 0
480 0
481 0
482 0
483 0
484 0
485 0
486 0
487 0
488 1
489 0
490 0
491 0
492 0
493 0
494 0
495 0
496 0
497 0
498 0
499 0
500 1
