0 666881.0
1 19787.0
2 6723.0
3 4221.0
4 2818.0
5 1992.0
6 1524.0
7 1283.0
8 1040.0
9 881.0
10 729.0
11 608.0
12 491.0
13 454.0
14 437.0
15 430.0
16 359.0
17 324.0
18 305.0
19 282.0
20 261.0
21 225.0
22 239.0
23 186.0
24 168.0
25 187.0
26 149.0
27 137.0
28 141.0
29 161.0
30 123.0
31 118.0
32 119.0
33 115.0
34 104.0
35 97.0
36 87.0
37 95.0
38 92.0
39 67.0
40 88.0
41 83.0
42 75.0
43 62.0
44 70.0
45 57.0
46 42.0
47 59.0
48 57.0
49 61.0
50 59.0
51 54.0
52 37.0
53 49.0
54 49.0
55 42.0
56 47.0
57 42.0
58 46.0
59 44.0
60 38.0
61 28.0
62 35.0
63 29.0
64 31.0
65 31.0
66 20.0
67 30.0
68 31.0
69 29.0
70 25.0
71 21.0
72 29.0
73 18.0
74 22.0
75 28.0
76 25.0
77 17.0
78 32.0
79 22.0
80 23.0
81 25.0
82 19.0
83 22.0
84 13.0
85 22.0
86 8.0
87 8.0
88 20.0
89 17.0
90 7.0
91 15.0
92 17.0
93 13.0
94 20.0
95 6.0
96 15.0
97 13.0
98 17.0
99 17.0
100 11.0
101 13.0
102 9.0
103 10.0
104 10.0
105 8.0
106 5.0
107 13.0
108 7.0
109 10.0
110 11.0
111 3.0
112 14.0
113 7.0
114 18.0
115 11.0
116 10.0
117 11.0
118 5.0
119 6.0
120 10.0
121 7.0
122 4.0
123 6.0
124 2.0
125 8.0
126 6.0
127 9.0
128 4.0
129 5.0
130 5.0
131 2.0
132 6.0
133 6.0
134 5.0
135 6.0
136 2.0
137 5.0
138 3.0
139 8.0
140 3.0
141 3.0
142 1.0
143 2.0
144 7.0
145 1.0
146 1.0
147 3.0
148 6.0
149 6.0
150 2.0
151 3.0
152 4.0
153 2.0
154 3.0
155 1.0
156 1.0
157 0.0
158 2.0
159 7.0
160 2.0
161 3.0
162 1.0
163 1.0
164 1.0
165 1.0
166 1.0
167 5.0
168 0.0
169 4.0
170 3.0
171 3.0
172 5.0
173 1.0
174 1.0
175 0.0
176 3.0
177 1.0
178 4.0
179 2.0
180 0.0
181 4.0
182 2.0
183 0.0
184 1.0
185 2.0
186 2.0
187 0.0
188 3.0
189 2.0
190 3.0
191 2.0
192 1.0
193 1.0
194 2.0
195 0.0
196 4.0
197 3.0
198 1.0
199 2.0
200 1.0
201 1.0
202 4.0
203 2.0
204 2.0
205 3.0
206 0.0
207 1.0
208 1.0
209 0.0
210 3.0
211 2.0
212 1.0
213 2.0
214 1.0
215 1.0
216 2.0
217 1.0
218 2.0
219 0.0
220 0.0
221 1.0
222 0.0
223 1.0
224 1.0
225 0.0
226 0.0
227 0.0
228 0.0
229 1.0
230 1.0
231 0.0
232 1.0
233 1.0
234 1.0
235 3.0
236 1.0
237 1.0
238 1.0
239 1.0
240 0.0
241 2.0
242 1.0
243 1.0
244 3.0
245 0.0
246 0.0
247 1.0
248 0.0
249 2.0
250 1.0
251 0.0
252 0.0
253 0.0
254 0.0
255 1.0
256 0.0
257 1.0
258 0.0
259 0.0
260 0.0
261 0.0
262 1.0
263 0.0
264 2.0
265 0.0
266 1.0
267 0.0
268 1.0
269 0.0
270 0.0
271 1.0
272 1.0
273 0.0
274 0.0
275 0.0
276 0.0
277 3.0
278 1.0
279 2.0
280 0.0
281 2.0
282 1.0
283 0.0
284 0.0
285 1.0
286 1.0
287 0.0
288 0.0
289 1.0
290 0.0
291 0.0
292 0.0
293 0.0
294 0.0
295 0.0
296 0.0
297 0.0
298 0.0
299 0.0
300 0.0
301 0.0
302 1.0
303 1.0
304 1.0
305 0.0
306 0.0
307 0.0
308 0.0
309 0.0
310 0.0
311 1.0
312 0.0
313 1.0
314 1.0
315 0.0
316 0.0
317 0.0
318 0.0
319 0.0
320 0.0
321 1.0
322 2.0
323 0.0
324 1.0
325 0.0
326 0.0
327 0.0
328 0.0
329 0.0
330 0.0
331 0.0
332 0.0
333 0.0
334 0.0
335 0.0
336 0.0
337 1.0
338 0.0
339 0.0
340 0.0
341 0.0
342 1.0
343 1.0
344 0.0
345 0.0
346 1.0
347 0.0
348 0.0
349 0.0
350 0.0
351 0.0
352 0.0
353 0.0
354 0.0
355 1.0
356 0.0
357 0.0
358 0.0
359 0.0
360 0.0
361 0.0
362 0.0
363 0.0
364 1.0
365 0.0
366 0.0
367 0.0
368 0.0
369 1.0
370 0.0
371 0.0
372 0.0
373 0.0
374 0.0
375 0.0
376 0.0
377 0.0
378 0.0
379 0.0
380 0.0
381 0.0
382 0.0
383 1.0
384 0.0
385 0.0
386 0.0
387 1.0
388 0.0
389 0.0
390 0.0
391 0.0
392 0.0
393 0.0
394 0.0
395 0.0
396 0.0
397 0.0
398 0.0
399 0.0
400 0.0
401 0.0
402 0.0
403 0.0
404 0.0
405 0.0
406 0.0
407 0.0
408 0.0
409 0.0
410 0.0
411 0.0
412 0.0
413 0.0
414 0.0
415 0.0
416 0.0
417 0.0
418 0.0
419 0.0
420 0.0
421 0.0
422 0.0
423 0.0
424 0.0
425 0.0
426 0.0
427 0.0
428 0.0
429 0.0
430 0.0
431 0.0
432 0.0
433 0.0
434 0.0
435 0.0
436 0.0
437 0.0
438 0.0
439 0.0
440 0.0
441 0.0
442 0.0
443 0.0
444 0.0
445 0.0
446 0.0
447 0.0
448 0.0
449 0.0
450 0.0
451 0.0
452 0.0
453 0.0
454 0.0
455 0.0
456 0.0
457 0.0
458 0.0
459 0.0
460 0.0
461 0.0
462 0.0
463 0.0
464 0.0
465 0.0
466 0.0
467 0.0
468 0.0
469 0.0
470 0.0
471 0.0
472 0.0
473 0.0
474 0.0
475 0.0
476 0.0
477 0.0
478 0.0
479 0.0
480 0.0
481 0.0
482 0.0
483 0.0
484 0.0
485 0.0
486 1.0
