2 0.5694262028066922
3 0.5161388149768353
4 0.4833131779785352
5 0.46059012371771196
6 0.4440296818470277
7 0.4307075110747314
8 0.42053447432155205
9 0.412069168757269
10 0.4045880173961749
11 0.3984063283478279
12 0.39300288871566785
13 0.38897731496927707
14 0.3847192323585082
15 0.38083688876729344
16 0.37821634529698495
17 0.3747820983449173
18 0.3724696862890679
19 0.3696678955527812
20 0.36762125441769
21 0.36567172905001805
22 0.3636001086539626
23 0.362193303259262
24 0.3602209446511104
25 0.36001290800131996
26 0.35763928046259136
27 0.3565448469312432
28 0.3550139829596939
29 0.35482708363037246
30 0.3513583465940681
31 0.35264911250515985
32 0.3517020559487698
33 0.3499171798683372
34 0.3479212253829322
35 0.34490019686511003
36 0.3475266982526165
37 0.34647073969176445
38 0.3461879236255704
39 0.34730442268374045
40 0.3496246709778052
41 0.3428081257067103
42 0.3410255205151102
43 0.34578484246380925
44 0.33518747424804285
45 0.3388166177087705
46 0.33397978973155046
47 0.33719794971930683
48 0.33449424591156873
49 0.3414812112367749
50 0.34160808435852374
51 0.3408259278619969
52 0.3515625
53 0.3529847979236188
54 0.3406884377758164
55 0.3568649249583102
56 0.36174365647365
57 0.3462121212121212
58 0.332703213610586
59 0.3258426966292135
60 0.3133047210300429
61 0.3247863247863248
62 0.33760683760683763
63 0.31840796019900497
64 0.3707165109034268
65 0.28363636363636363
66 0.3175355450236967
67 0.37777777777777777
68 0.36470588235294116
69 0.31851851851851853
70 0.27102803738317754
71 0.25
72 0.21212121212121213
73 0.34782608695652173
74 0.45
75 0.2631578947368421
76 0.4
77 0.3333333333333333
78 0.375
79 0.4666666666666667
80 0.23529411764705882
81 0.23529411764705882
82 0.125
83 0.42857142857142855
84 0.3333333333333333
85 0.14285714285714285
86 1.0
87 0.0
88 0
89 0
90 0
91 0
92 0
93 0
94 0
95 0
96 0
97 0
98 0
99 0
100 0
101 0
102 0
103 0
104 0
105 0
106 0
107 0
108 0
109 0
110 0
111 0
112 0
113 0
114 0
115 0
116 0
117 0
118 0
119 0
120 0
121 0
122 0
123 0
124 0
125 0
126 0
127 0
128 0
129 0
130 0
131 0
132 0
133 0
134 0
135 0
136 0
137 0
138 0
139 0
140 0
141 0
142 0
143 0
144 0
145 0
146 0
147 0
148 0
149 0
150 0
151 0
152 0
153 0
154 0
155 0
156 0
157 0
158 0
159 0
160 0
161 0
162 0
163 0
164 0
165 0
166 0
167 0
168 0
169 0
170 0
171 0
172 0
173 0
174 0
175 0
176 0
177 0
178 0
179 0
180 0
181 0
182 0
183 0
184 0
185 0
186 0
187 0
188 0
189 0
190 0
191 0
192 0
193 0
194 0
195 0
196 0
197 0
198 0
199 0
200 0
201 0
202 0
203 0
204 0
205 0
206 0
207 0
208 0
209 0
210 0
211 0
212 0
213 0
214 0
215 0
216 0
217 0
218 0
219 0
220 0
221 0
222 0
223 0
224 0
225 0
226 0
227 0
228 0
229 0
230 0
231 0
232 0
233 0
234 0
235 0
236 0
237 0
238 0
239 0
240 0
241 0
242 0
243 0
244 0
245 0
246 0
247 0
248 0
249 0
250 0
251 0
252 0
253 0
254 0
255 0
256 0
257 0
258 0
259 0
260 0
261 0
262 0
263 0
264 0
265 0
266 0
267 0
268 0
269 0
270 0
271 0
272 0
273 0
274 0
275 0
276 0
277 0
278 0
279 0
280 0
281 0
282 0
283 0
284 0
285 0
286 0
287 0
288 0
289 0
290 0
291 0
292 0
293 0
294 0
295 0
296 0
297 0
298 0
299 0
300 0
301 0
302 0
303 0
304 0
305 0
306 0
307 0
308 0
309 0
310 0
311 0
312 0
313 0
314 0
315 0
316 0
317 0
318 0
319 0
320 0
321 0
322 0
323 0
324 0
325 0
326 0
327 0
328 0
329 0
330 0
331 0
332 0
333 0
334 0
335 0
336 0
337 0
338 0
339 0
340 0
341 0
342 0
343 0
344 0
345 0
346 0
347 0
348 0
349 0
350 0
351 0
352 0
353 0
354 0
355 0
356 0
357 0
358 0
359 0
360 0
361 0
362 0
363 0
364 0
365 0
366 0
367 0
368 0
369 0
370 0
371 0
372 0
373 0
374 0
375 0
376 0
377 0
378 0
379 0
380 0
381 0
382 0
383 0
384 0
385 0
386 0
387 0
388 0
389 0
390 0
391 0
392 0
393 0
394 0
395 0
396 0
397 0
398 0
399 0
400 0
401 0
402 0
403 0
404 0
405 0
406 0
407 0
408 0
409 0
410 0
411 0
412 0
413 0
414 0
415 0
416 0
417 0
418 0
419 0
420 0
421 0
422 0
423 0
424 0
425 0
426 0
427 0
428 0
429 0
430 0
431 0
432 0
433 0
434 0
435 0
436 0
437 0
438 0
439 0
440 0
441 0
442 0
443 0
444 0
445 0
446 0
447 0
448 0
449 0
450 0
451 0
452 0
453 0
454 0
455 0
456 0
457 0
458 0
459 0
460 0
461 0
462 0
463 0
464 0
465 0
466 0
467 0
468 0
469 0
470 0
471 0
472 0
473 0
474 0
475 0
476 0
477 0
478 0
479 0
480 0
481 0
482 0
483 0
484 0
485 0
486 0
487 0
488 0
489 0
490 0
491 0
492 0
493 0
494 0
495 0
496 0
497 0
498 0
