0 0.2995
1 0.3079
2 0.3119
3 0.3041
4 0.3096
5 0.3081
6 0.318
7 0.3108
8 0.3099
9 0.3084
10 0.3117
11 0.3139
12 0.3077
13 0.3102
14 0.3077
15 0.3081
16 0.3132
17 0.3194
18 0.3141
19 0.3056
20 0.3104
21 0.3116
22 0.3106
23 0.3107
24 0.3141
25 0.307
26 0.303
27 0.316
28 0.3078
29 0.2986
30 0.2993
31 0.3109
32 0.3135
33 0.3074
34 0.3143
35 0.3047
36 0.3137
37 0.3018
38 0.313
39 0.3114
40 0.3076
41 0.3134
42 0.3091
43 0.3076
44 0.3123
45 0.3114
46 0.3133
47 0.3091
48 0.303
49 0.3186
50 0.3128
51 0.3023
52 0.3082
53 0.3029
54 0.3086
55 0.3107
56 0.3134
57 0.3086
58 0.3209
59 0.3106
60 0.3062
61 0.3068
62 0.311
63 0.3055
64 0.3013
65 0.2988
66 0.3077
67 0.3147
68 0.3126
69 0.3135
70 0.3173
71 0.3072
72 0.3047
73 0.3038
74 0.3114
75 0.3059
76 0.3169
77 0.3046
78 0.3105
79 0.3127
80 0.3152
81 0.3078
82 0.3134
83 0.3097
84 0.3075
85 0.3073
86 0.3141
87 0.3094
88 0.3077
89 0.3048
90 0.3087
91 0.3135
92 0.3108
93 0.3141
94 0.3106
95 0.3056
96 0.3059
97 0.3106
98 0.308
99 0.3137
100 0.3128
101 0.3149
102 0.315
103 0.3055
104 0.3086
105 0.3141
106 0.3045
107 0.3099
108 0.3077
109 0.3031
110 0.2996
