0 0.5811
1 0.5811
2 0.5811
3 0.5811
4 0.5811
5 0.5811
6 0.5811
7 0.5811
8 0.5811
9 0.5811
10 0.5811
11 0.5811
12 0.5811
13 0.5811
14 0.5811
15 0.5811
16 0.5811
17 0.5811
18 0.5811
19 0.5811
20 0.5811
21 0.5811
22 0.5811
23 0.5811
24 0.5811
25 0.5811
26 0.5811
27 0.5811
28 0.5811
29 0.5811
30 0.5811
31 0.5811
32 0.5811
33 0.5811
34 0.5811
35 0.5811
36 0.5811
37 0.5811
38 0.5811
39 0.5811
40 0.5811
41 0.5811
42 0.5811
43 0.5811
44 0.5811
45 0.5811
46 0.5811
47 0.5811
48 0.5811
49 0.5811
50 0.5811
51 0.5811
52 0.5811
53 0.5811
54 0.5811
55 0.5811
56 0.5811
57 0.5811
58 0.5811
59 0.5811
60 0.5811
61 0.5811
62 0.5811
63 0.5811
64 0.5811
65 0.5811
66 0.5811
67 0.5811
68 0.5811
69 0.5811
70 0.5811
71 0.5811
72 0.5811
73 0.5811
74 0.5811
75 0.5811
76 0.5811
77 0.5811
78 0.5811
79 0.5811
80 0.5811
81 0.5811
82 0.5811
83 0.5811
84 0.5811
85 0.5811
86 0.5811
87 0.5811
88 0.5811
89 0.5811
90 0.5811
91 0.5811
92 0.5811
93 0.5811
94 0.5811
95 0.5811
96 0.5811
97 0.5811
98 0.5811
99 0.5811
100 0.5811
101 0.5811
102 0.5811
103 0.5811
104 0.5811
105 0.5811
106 0.5811
107 0.5811
