0 617775.0
1 17981.0
2 5868.0
3 3567.0
4 2396.0
5 1740.0
6 1306.0
7 1084.0
8 841.0
9 699.0
10 552.0
11 531.0
12 480.0
13 417.0
14 370.0
15 343.0
16 308.0
17 280.0
18 215.0
19 235.0
20 202.0
21 217.0
22 209.0
23 183.0
24 121.0
25 146.0
26 142.0
27 146.0
28 127.0
29 117.0
30 118.0
31 114.0
32 96.0
33 114.0
34 102.0
35 86.0
36 80.0
37 72.0
38 60.0
39 65.0
40 65.0
41 77.0
42 57.0
43 46.0
44 50.0
45 61.0
46 58.0
47 46.0
48 48.0
49 39.0
50 48.0
51 39.0
52 50.0
53 49.0
54 51.0
55 39.0
56 40.0
57 30.0
58 30.0
59 31.0
60 31.0
61 36.0
62 28.0
63 35.0
64 29.0
65 24.0
66 25.0
67 33.0
68 33.0
69 34.0
70 30.0
71 27.0
72 24.0
73 26.0
74 20.0
75 29.0
76 24.0
77 26.0
78 12.0
79 25.0
80 23.0
81 17.0
82 18.0
83 22.0
84 17.0
85 19.0
86 15.0
87 15.0
88 22.0
89 15.0
90 17.0
91 25.0
92 11.0
93 17.0
94 15.0
95 13.0
96 13.0
97 22.0
98 11.0
99 13.0
100 10.0
101 12.0
102 8.0
103 13.0
104 9.0
105 13.0
106 16.0
107 8.0
108 14.0
109 14.0
110 10.0
111 17.0
112 7.0
113 8.0
114 9.0
115 17.0
116 5.0
117 6.0
118 12.0
119 11.0
120 3.0
121 5.0
122 11.0
123 8.0
124 10.0
125 6.0
126 11.0
127 14.0
128 15.0
129 10.0
130 9.0
131 11.0
132 7.0
133 7.0
134 4.0
135 4.0
136 6.0
137 5.0
138 1.0
139 4.0
140 6.0
141 9.0
142 3.0
143 8.0
144 5.0
145 11.0
146 9.0
147 4.0
148 2.0
149 6.0
150 9.0
151 5.0
152 5.0
153 5.0
154 5.0
155 2.0
156 5.0
157 8.0
158 5.0
159 5.0
160 9.0
161 4.0
162 4.0
163 7.0
164 0.0
165 7.0
166 6.0
167 10.0
168 7.0
169 4.0
170 6.0
171 3.0
172 3.0
173 2.0
174 8.0
175 7.0
176 2.0
177 3.0
178 2.0
179 5.0
180 2.0
181 4.0
182 7.0
183 9.0
184 4.0
185 7.0
186 2.0
187 4.0
188 3.0
189 2.0
190 1.0
191 5.0
192 2.0
193 3.0
194 5.0
195 1.0
196 3.0
197 3.0
198 1.0
199 2.0
200 1.0
201 2.0
202 5.0
203 3.0
204 2.0
205 3.0
206 0.0
207 3.0
208 2.0
209 3.0
210 3.0
211 1.0
212 2.0
213 1.0
214 5.0
215 1.0
216 3.0
217 1.0
218 2.0
219 4.0
220 3.0
221 2.0
222 1.0
223 2.0
224 1.0
225 2.0
226 0.0
227 4.0
228 5.0
229 1.0
230 2.0
231 5.0
232 2.0
233 1.0
234 0.0
235 0.0
236 1.0
237 5.0
238 1.0
239 3.0
240 1.0
241 0.0
242 1.0
243 0.0
244 1.0
245 0.0
246 2.0
247 0.0
248 1.0
249 4.0
250 1.0
251 1.0
252 1.0
253 1.0
254 1.0
255 0.0
256 3.0
257 2.0
258 2.0
259 0.0
260 2.0
261 1.0
262 4.0
263 1.0
264 2.0
265 1.0
266 1.0
267 1.0
268 1.0
269 1.0
270 1.0
271 2.0
272 0.0
273 2.0
274 1.0
275 4.0
276 1.0
277 2.0
278 0.0
279 1.0
280 0.0
281 1.0
282 1.0
283 2.0
284 0.0
285 0.0
286 1.0
287 0.0
288 2.0
289 1.0
290 1.0
291 0.0
292 0.0
293 0.0
294 1.0
295 1.0
296 0.0
297 0.0
298 1.0
299 2.0
300 2.0
301 0.0
302 1.0
303 0.0
304 1.0
305 1.0
306 0.0
307 1.0
308 1.0
309 2.0
310 0.0
311 0.0
312 2.0
313 0.0
314 0.0
315 1.0
316 0.0
317 2.0
318 1.0
319 1.0
320 0.0
321 0.0
322 0.0
323 1.0
324 0.0
325 1.0
326 3.0
327 1.0
328 1.0
329 1.0
330 1.0
331 0.0
332 0.0
333 1.0
334 1.0
335 0.0
336 3.0
337 2.0
338 1.0
339 0.0
340 0.0
341 0.0
342 2.0
343 1.0
344 3.0
345 0.0
346 0.0
347 3.0
348 1.0
349 3.0
350 0.0
351 1.0
352 0.0
353 1.0
354 0.0
355 2.0
356 2.0
357 1.0
358 0.0
359 0.0
360 1.0
361 1.0
362 0.0
363 0.0
364 1.0
365 0.0
366 0.0
367 1.0
368 0.0
369 0.0
370 0.0
371 0.0
372 0.0
373 0.0
374 0.0
375 2.0
376 0.0
377 0.0
378 0.0
379 0.0
380 0.0
381 0.0
382 1.0
383 1.0
384 1.0
385 0.0
386 0.0
387 0.0
388 0.0
389 0.0
390 0.0
391 0.0
392 1.0
393 2.0
394 0.0
395 0.0
396 3.0
397 0.0
398 0.0
399 0.0
400 1.0
401 0.0
402 1.0
403 0.0
404 2.0
405 1.0
406 0.0
407 0.0
408 0.0
409 0.0
410 0.0
411 0.0
412 0.0
413 0.0
414 0.0
415 0.0
416 1.0
417 0.0
418 0.0
419 0.0
420 0.0
421 2.0
422 0.0
423 0.0
424 0.0
425 1.0
426 0.0
427 0.0
428 1.0
429 0.0
430 1.0
431 0.0
432 0.0
433 0.0
434 0.0
435 0.0
436 1.0
437 0.0
438 0.0
439 0.0
440 1.0
441 0.0
442 0.0
443 0.0
444 0.0
445 0.0
446 1.0
447 2.0
448 1.0
449 0.0
450 0.0
451 1.0
452 0.0
453 0.0
454 0.0
455 0.0
456 0.0
457 0.0
458 0.0
459 1.0
460 0.0
461 1.0
462 0.0
463 0.0
464 0.0
465 0.0
466 0.0
467 1.0
468 0.0
469 1.0
470 0.0
471 0.0
472 0.0
473 0.0
474 0.0
475 0.0
476 0.0
477 0.0
478 0.0
479 1.0
480 0.0
481 0.0
482 0.0
483 0.0
484 0.0
485 0.0
486 0.0
487 0.0
488 0.0
489 0.0
490 0.0
491 0.0
492 0.0
493 0.0
494 0.0
495 0.0
496 0.0
497 0.0
498 0.0
499 1.0
500 0.0
501 0.0
502 0.0
503 0.0
504 0.0
505 0.0
506 0.0
507 0.0
508 0.0
509 0.0
510 0.0
511 1.0
512 0.0
513 0.0
514 0.0
515 1.0
516 0.0
517 0.0
518 0.0
519 0.0
520 0.0
521 0.0
522 0.0
523 0.0
524 0.0
525 0.0
526 0.0
527 0.0
528 0.0
529 0.0
530 0.0
531 0.0
532 0.0
533 0.0
534 1.0
535 0.0
536 0.0
537 0.0
538 1.0
539 0.0
540 0.0
541 0.0
542 0.0
543 0.0
544 0.0
545 0.0
546 0.0
547 0.0
548 0.0
549 0.0
550 0.0
551 0.0
552 1.0
553 0.0
554 0.0
555 0.0
556 0.0
557 0.0
558 0.0
559 0.0
560 0.0
561 0.0
562 0.0
563 0.0
564 0.0
565 0.0
566 0.0
567 0.0
568 0.0
569 0.0
570 1.0
571 0.0
572 0.0
573 0.0
574 0.0
575 0.0
576 0.0
577 0.0
578 0.0
579 0.0
580 0.0
581 0.0
582 0.0
583 0.0
584 0.0
585 0.0
586 0.0
587 0.0
588 0.0
589 0.0
590 1.0
591 0.0
592 0.0
593 0.0
594 0.0
595 0.0
596 0.0
597 0.0
598 0.0
599 0.0
600 0.0
601 0.0
602 0.0
603 0.0
604 0.0
605 0.0
606 0.0
607 0.0
608 0.0
609 0.0
610 0.0
611 0.0
612 0.0
613 0.0
614 0.0
615 0.0
616 0.0
617 0.0
618 0.0
619 0.0
620 0.0
621 0.0
622 0.0
623 0.0
624 0.0
625 0.0
626 0.0
627 0.0
628 0.0
629 0.0
630 0.0
631 0.0
632 1.0
633 0.0
634 0.0
635 0.0
636 0.0
637 0.0
638 0.0
639 1.0
640 0.0
641 0.0
642 0.0
643 0.0
644 0.0
645 1.0
646 0.0
647 0.0
648 0.0
649 0.0
650 1.0
651 0.0
652 0.0
653 0.0
654 0.0
655 0.0
656 0.0
657 0.0
658 0.0
659 0.0
660 0.0
661 0.0
662 0.0
663 0.0
664 0.0
665 0.0
666 0.0
667 0.0
668 0.0
669 0.0
670 0.0
671 0.0
672 0.0
673 0.0
674 0.0
675 0.0
676 0.0
677 0.0
678 0.0
679 0.0
680 0.0
681 0.0
682 0.0
683 0.0
684 0.0
685 0.0
686 0.0
687 0.0
688 0.0
689 0.0
690 0.0
691 0.0
692 0.0
693 0.0
694 0.0
695 0.0
696 0.0
697 1.0
698 0.0
699 0.0
700 0.0
701 0.0
702 0.0
703 0.0
704 0.0
705 0.0
706 0.0
707 0.0
708 0.0
709 0.0
710 0.0
711 0.0
712 0.0
713 0.0
714 0.0
715 0.0
716 0.0
717 0.0
718 0.0
719 0.0
720 0.0
721 0.0
722 0.0
723 0.0
724 1.0
725 0.0
726 0.0
727 0.0
728 0.0
729 0.0
730 0.0
731 0.0
732 0.0
733 0.0
734 0.0
735 0.0
736 0.0
737 0.0
738 0.0
739 0.0
740 0.0
741 0.0
742 0.0
743 0.0
744 0.0
745 0.0
746 0.0
747 0.0
748 0.0
749 0.0
750 0.0
751 0.0
752 0.0
753 0.0
754 0.0
755 0.0
756 0.0
757 0.0
758 0.0
759 0.0
760 0.0
761 0.0
762 0.0
763 0.0
764 0.0
765 0.0
766 0.0
767 0.0
768 0.0
769 0.0
770 0.0
771 0.0
772 0.0
773 0.0
774 0.0
775 0.0
776 0.0
777 0.0
778 0.0
779 0.0
780 0.0
781 0.0
782 0.0
783 0.0
784 0.0
785 0.0
786 0.0
787 0.0
788 0.0
789 0.0
790 0.0
791 0.0
792 0.0
793 0.0
794 0.0
795 0.0
796 0.0
797 0.0
798 0.0
799 0.0
800 0.0
801 0.0
802 0.0
803 0.0
804 0.0
805 0.0
806 0.0
807 0.0
808 0.0
809 0.0
810 0.0
811 0.0
812 0.0
813 0.0
814 0.0
815 0.0
816 0.0
817 0.0
818 0.0
819 0.0
820 0.0
821 0.0
822 0.0
823 0.0
824 0.0
825 0.0
826 0.0
827 0.0
828 0.0
829 0.0
830 0.0
831 0.0
832 0.0
833 0.0
834 0.0
835 0.0
836 0.0
837 0.0
838 0.0
839 0.0
840 0.0
841 0.0
842 0.0
843 0.0
844 0.0
845 0.0
846 0.0
847 0.0
848 0.0
849 0.0
850 0.0
851 0.0
852 0.0
853 0.0
854 0.0
855 0.0
856 0.0
857 0.0
858 0.0
859 0.0
860 0.0
861 0.0
862 0.0
863 0.0
864 0.0
865 0.0
866 0.0
867 0.0
868 0.0
869 0.0
870 0.0
871 0.0
872 0.0
873 0.0
874 0.0
875 0.0
876 1.0
877 0.0
878 0.0
879 0.0
880 0.0
881 0.0
882 0.0
883 0.0
884 0.0
885 0.0
886 0.0
887 0.0
888 0.0
889 0.0
890 0.0
891 0.0
892 0.0
893 0.0
894 0.0
895 0.0
896 0.0
897 0.0
898 0.0
899 0.0
900 0.0
901 0.0
902 0.0
903 0.0
904 0.0
905 0.0
906 0.0
907 0.0
908 0.0
909 0.0
910 0.0
911 0.0
912 0.0
913 0.0
914 0.0
915 0.0
916 0.0
917 0.0
918 0.0
919 0.0
920 0.0
921 0.0
922 0.0
923 0.0
924 0.0
925 0.0
926 0.0
927 0.0
928 0.0
929 0.0
930 0.0
931 0.0
932 0.0
933 0.0
934 0.0
935 0.0
936 0.0
937 0.0
938 0.0
939 0.0
940 0.0
941 0.0
942 0.0
943 0.0
944 0.0
945 0.0
946 0.0
947 0.0
948 0.0
949 0.0
950 0.0
951 0.0
952 0.0
953 0.0
954 0.0
955 0.0
956 0.0
957 0.0
958 0.0
959 0.0
960 0.0
961 0.0
962 0.0
963 0.0
964 0.0
965 0.0
966 0.0
967 0.0
968 0.0
969 0.0
970 0.0
971 0.0
972 0.0
973 0.0
974 0.0
975 0.0
976 0.0
977 0.0
978 0.0
979 0.0
980 0.0
981 0.0
982 0.0
983 0.0
984 0.0
985 0.0
986 0.0
987 0.0
988 0.0
989 0.0
990 0.0
991 0.0
992 0.0
993 0.0
994 0.0
995 0.0
996 0.0
997 0.0
998 0.0
999 0.0
1000 0.0
1001 0.0
1002 0.0
1003 0.0
1004 0.0
1005 0.0
1006 0.0
1007 0.0
1008 0.0
1009 0.0
1010 0.0
1011 0.0
1012 0.0
1013 0.0
1014 1.0
