-865 1
-864 0
-863 0
-862 0
-861 0
-860 0
-859 0
-858 0
-857 0
-856 0
-855 0
-854 0
-853 0
-852 0
-851 0
-850 0
-849 0
-848 0
-847 0
-846 0
-845 0
-844 0
-843 0
-842 0
-841 0
-840 0
-839 0
-838 0
-837 0
-836 0
-835 0
-834 0
-833 0
-832 0
-831 0
-830 0
-829 0
-828 0
-827 0
-826 0
-825 0
-824 0
-823 0
-822 0
-821 0
-820 0
-819 0
-818 0
-817 0
-816 0
-815 0
-814 0
-813 0
-812 0
-811 0
-810 0
-809 0
-808 0
-807 0
-806 0
-805 1
-804 0
-803 0
-802 0
-801 0
-800 0
-799 0
-798 0
-797 0
-796 0
-795 0
-794 0
-793 0
-792 0
-791 0
-790 0
-789 0
-788 0
-787 0
-786 0
-785 0
-784 0
-783 0
-782 1
-781 0
-780 0
-779 0
-778 0
-777 1
-776 0
-775 0
-774 0
-773 0
-772 1
-771 0
-770 1
-769 1
-768 0
-767 0
-766 0
-765 0
-764 0
-763 0
-762 0
-761 0
-760 1
-759 0
-758 0
-757 0
-756 2
-755 0
-754 0
-753 0
-752 1
-751 0
-750 0
-749 1
-748 0
-747 0
-746 0
-745 0
-744 0
-743 0
-742 0
-741 1
-740 0
-739 0
-738 0
-737 0
-736 0
-735 0
-734 0
-733 0
-732 0
-731 1
-730 1
-729 0
-728 0
-727 0
-726 0
-725 0
-724 0
-723 0
-722 2
-721 0
-720 1
-719 0
-718 0
-717 0
-716 0
-715 0
-714 0
-713 0
-712 0
-711 1
-710 0
-709 0
-708 1
-707 0
-706 2
-705 0
-704 0
-703 0
-702 0
-701 0
-700 0
-699 0
-698 0
-697 0
-696 0
-695 0
-694 0
-693 1
-692 0
-691 1
-690 1
-689 0
-688 0
-687 0
-686 0
-685 3
-684 1
-683 1
-682 0
-681 1
-680 0
-679 1
-678 1
-677 0
-676 0
-675 0
-674 1
-673 0
-672 0
-671 1
-670 0
-669 0
-668 0
-667 1
-666 0
-665 1
-664 1
-663 1
-662 2
-661 2
-660 0
-659 0
-658 0
-657 0
-656 1
-655 2
-654 0
-653 0
-652 3
-651 2
-650 0
-649 2
-648 0
-647 0
-646 0
-645 2
-644 0
-643 0
-642 1
-641 2
-640 0
-639 0
-638 4
-637 5
-636 1
-635 0
-634 1
-633 2
-632 4
-631 1
-630 3
-629 2
-628 4
-627 3
-626 0
-625 0
-624 1
-623 1
-622 1
-621 2
-620 4
-619 0
-618 1
-617 1
-616 0
-615 2
-614 0
-613 1
-612 1
-611 3
-610 3
-609 0
-608 0
-607 1
-606 1
-605 2
-604 5
-603 2
-602 0
-601 2
-600 1
-599 0
-598 3
-597 5
-596 3
-595 3
-594 3
-593 4
-592 1
-591 3
-590 0
-589 1
-588 4
-587 2
-586 2
-585 1
-584 2
-583 0
-582 1
-581 3
-580 4
-579 3
-578 5
-577 4
-576 4
-575 1
-574 3
-573 2
-572 0
-571 3
-570 3
-569 3
-568 2
-567 0
-566 3
-565 5
-564 7
-563 2
-562 6
-561 5
-560 6
-559 1
-558 3
-557 7
-556 4
-555 2
-554 4
-553 3
-552 4
-551 1
-550 3
-549 5
-548 4
-547 6
-546 6
-545 3
-544 9
-543 6
-542 8
-541 5
-540 3
-539 4
-538 6
-537 9
-536 12
-535 5
-534 6
-533 4
-532 7
-531 2
-530 5
-529 5
-528 8
-527 6
-526 6
-525 7
-524 13
-523 5
-522 5
-521 9
-520 5
-519 9
-518 7
-517 5
-516 7
-515 9
-514 10
-513 6
-512 2
-511 11
-510 5
-509 2
-508 8
-507 9
-506 12
-505 8
-504 2
-503 11
-502 12
-501 7
-500 11
-499 6
-498 12
-497 13
-496 5
-495 9
-494 6
-493 5
-492 8
-491 15
-490 11
-489 14
-488 15
-487 10
-486 10
-485 12
-484 14
-483 8
-482 7
-481 15
-480 14
-479 16
-478 14
-477 16
-476 13
-475 13
-474 8
-473 17
-472 17
-471 15
-470 14
-469 20
-468 15
-467 19
-466 19
-465 8
-464 12
-463 21
-462 8
-461 24
-460 21
-459 14
-458 12
-457 22
-456 20
-455 26
-454 24
-453 22
-452 25
-451 24
-450 19
-449 26
-448 24
-447 22
-446 33
-445 35
-444 28
-443 10
-442 23
-441 22
-440 23
-439 22
-438 23
-437 25
-436 20
-435 16
-434 20
-433 44
-432 25
-431 26
-430 29
-429 26
-428 35
-427 37
-426 41
-425 43
-424 32
-423 33
-422 41
-421 35
-420 32
-419 35
-418 38
-417 43
-416 42
-415 37
-414 32
-413 56
-412 47
-411 45
-410 41
-409 54
-408 38
-407 38
-406 43
-405 35
-404 56
-403 49
-402 44
-401 48
-400 54
-399 52
-398 44
-397 54
-396 55
-395 56
-394 64
-393 54
-392 63
-391 61
-390 45
-389 61
-388 68
-387 73
-386 60
-385 55
-384 65
-383 58
-382 69
-381 63
-380 74
-379 66
-378 70
-377 63
-376 98
-375 77
-374 94
-373 82
-372 62
-371 56
-370 66
-369 79
-368 94
-367 99
-366 78
-365 93
-364 89
-363 88
-362 76
-361 94
-360 88
-359 86
-358 100
-357 82
-356 95
-355 79
-354 87
-353 111
-352 105
-351 105
-350 124
-349 106
-348 102
-347 96
-346 136
-345 128
-344 129
-343 139
-342 111
-341 129
-340 131
-339 136
-338 135
-337 136
-336 165
-335 135
-334 130
-333 161
-332 160
-331 125
-330 150
-329 156
-328 159
-327 145
-326 145
-325 164
-324 161
-323 185
-322 177
-321 198
-320 194
-319 177
-318 189
-317 181
-316 204
-315 168
-314 194
-313 204
-312 192
-311 213
-310 220
-309 209
-308 225
-307 210
-306 248
-305 235
-304 264
-303 245
-302 237
-301 262
-300 263
-299 249
-298 243
-297 274
-296 305
-295 289
-294 291
-293 319
-292 307
-291 282
-290 296
-289 287
-288 327
-287 312
-286 333
-285 335
-284 319
-283 357
-282 384
-281 362
-280 369
-279 379
-278 393
-277 399
-276 399
-275 491
-274 400
-273 385
-272 415
-271 406
-270 412
-269 446
-268 444
-267 462
-266 502
-265 473
-264 458
-263 488
-262 501
-261 489
-260 579
-259 526
-258 580
-257 604
-256 550
-255 527
-254 607
-253 597
-252 619
-251 645
-250 657
-249 633
-248 659
-247 646
-246 656
-245 650
-244 683
-243 730
-242 721
-241 734
-240 736
-239 721
-238 775
-237 756
-236 804
-235 787
-234 903
-233 866
-232 855
-231 882
-230 912
-229 884
-228 959
-227 951
-226 943
-225 1027
-224 1016
-223 1020
-222 1079
-221 1011
-220 1077
-219 1143
-218 1103
-217 1167
-216 1117
-215 1166
-214 1196
-213 1188
-212 1258
-211 1238
-210 1319
-209 1255
-208 1335
-207 1432
-206 1469
-205 1388
-204 1495
-203 1504
-202 1437
-201 1525
-200 1615
-199 1646
-198 1680
-197 1662
-196 1656
-195 1737
-194 1715
-193 1773
-192 1834
-191 1928
-190 1939
-189 2037
-188 2009
-187 2059
-186 2106
-185 2077
-184 2153
-183 2257
-182 2221
-181 2369
-180 2358
-179 2299
-178 2430
-177 2595
-176 2593
-175 2604
-174 2607
-173 2667
-172 2762
-171 2847
-170 2808
-169 2925
-168 3012
-167 2979
-166 3006
-165 3041
-164 3147
-163 3289
-162 3365
-161 3458
-160 3570
-159 3703
-158 3656
-157 3754
-156 3956
-155 3945
-154 3990
-153 4031
-152 4344
-151 4242
-150 4312
-149 4384
-148 4537
-147 4537
-146 4880
-145 4760
-144 4873
-143 5125
-142 5224
-141 5397
-140 5334
-139 5385
-138 5600
-137 5920
-136 5874
-135 5943
-134 6123
-133 6227
-132 6435
-131 6482
-130 6669
-129 6921
-128 7062
-127 7341
-126 7510
-125 7561
-124 7689
-123 7869
-122 8241
-121 8363
-120 8391
-119 8582
-118 8854
-117 9234
-116 9419
-115 9506
-114 9845
-113 9959
-112 10299
-111 10575
-110 10960
-109 11061
-108 11390
-107 11673
-106 12034
-105 12111
-104 12511
-103 13238
-102 13100
-101 13508
-100 13916
-99 14444
-98 14856
-97 15057
-96 15417
-95 16017
-94 16386
-93 16890
-92 17040
-91 17856
-90 18236
-89 18545
-88 19287
-87 19840
-86 20539
-85 21061
-84 21608
-83 22397
-82 22609
-81 23583
-80 24160
-79 24745
-78 25759
-77 26527
-76 27454
-75 28092
-74 28954
-73 30056
-72 30867
-71 31730
-70 32958
-69 33914
-68 34867
-67 36208
-66 37400
-65 38635
-64 39654
-63 41138
-62 42875
-61 43993
-60 45818
-59 47743
-58 49237
-57 51039
-56 53100
-55 55061
-54 56646
-53 59155
-52 61690
-51 63660
-50 66090
-49 69150
-48 71694
-47 74768
-46 78037
-45 81053
-44 84861
-43 88544
-42 92225
-41 97164
-40 101707
-39 106077
-38 110715
-37 116781
-36 123086
-35 128218
-34 135250
-33 143037
-32 151216
-31 159681
-30 169615
-29 179716
-28 190353
-27 202253
-26 215163
-25 229122
-24 245538
-23 262425
-22 282278
-21 304219
-20 329835
-19 356730
-18 387200
-17 424172
-16 465492
-15 513423
-14 569973
-13 636104
-12 715063
-11 812016
-10 931665
-9 1082172
-8 1275465
-7 1539836
-6 1899300
-5 2429842
-4 3261819
-3 4721500
-2 7888250
-1 17947149
0 105995395
1 788539217
2 110636174
3 14762486
4 7023799
5 4454712
6 3141134
7 2365540
8 1865010
9 1515586
10 1260786
11 1069993
12 923765
13 806848
14 710193
15 631967
16 567365
17 510250
18 462753
19 421688
20 385903
21 355248
22 327275
23 302777
24 281761
25 262436
26 244153
27 229353
28 214361
29 201365
30 189414
31 178126
32 168396
33 158790
34 150663
35 143221
36 135468
37 128637
38 122143
39 116672
40 110787
41 106134
42 100808
43 96607
44 92535
45 88625
46 84559
47 80901
48 77510
49 74656
50 71524
51 68207
52 65977
53 63795
54 61423
55 58545
56 56949
57 54660
58 53239
59 50485
60 49195
61 47313
62 45873
63 44255
64 42715
65 41523
66 39933
67 38455
68 37474
69 36256
70 35073
71 34014
72 32952
73 31977
74 30602
75 29755
76 28816
77 28178
78 27397
79 26196
80 25766
81 25102
82 24326
83 23439
84 22902
85 22146
86 21456
87 20934
88 20301
89 19647
90 19343
91 18628
92 18001
93 17862
94 17210
95 16742
96 16332
97 16011
98 15430
99 15192
100 14576
101 14245
102 13865
103 13546
104 13302
105 12958
106 12534
107 12454
108 12061
109 11741
110 11335
111 11118
112 10836
113 10352
114 10148
115 10083
116 9832
117 9478
118 9380
119 9136
120 8952
121 8772
122 8351
123 8173
124 8034
125 7926
126 7752
127 7580
128 7409
129 7219
130 7023
131 6924
132 6849
133 6599
134 6346
135 6392
136 6042
137 5851
138 5895
139 5698
140 5526
141 5336
142 5271
143 5269
144 5008
145 4953
146 4799
147 4950
148 4626
149 4519
150 4438
151 4450
152 4317
153 4201
154 4143
155 4053
156 4019
157 3912
158 3945
159 3773
160 3696
161 3524
162 3472
163 3422
164 3354
165 3264
166 3240
167 3215
168 3212
169 3092
170 3052
171 2896
172 2899
173 2809
174 2880
175 2707
176 2704
177 2604
178 2534
179 2584
180 2390
181 2381
182 2322
183 2371
184 2247
185 2161
186 2148
187 2032
188 2109
189 2029
190 2065
191 1923
192 1884
193 1829
194 1792
195 1904
196 1849
197 1748
198 1709
199 1639
200 1666
201 1550
202 1591
203 1530
204 1499
205 1504
206 1502
207 1432
208 1410
209 1384
210 1375
211 1357
212 1329
213 1265
214 1244
215 1222
216 1178
217 1143
218 1137
219 1064
220 1093
221 1151
222 1056
223 1062
224 1023
225 997
226 991
227 989
228 1001
229 959
230 924
231 916
232 901
233 874
234 848
235 876
236 876
237 790
238 830
239 790
240 760
241 797
242 756
243 730
244 732
245 719
246 697
247 732
248 726
249 627
250 650
251 668
252 621
253 677
254 597
255 598
256 591
257 568
258 573
259 548
260 510
261 537
262 570
263 523
264 514
265 463
266 492
267 487
268 480
269 436
270 476
271 457
272 447
273 399
274 414
275 407
276 371
277 378
278 369
279 404
280 401
281 363
282 332
283 311
284 324
285 372
286 331
287 294
288 322
289 336
290 341
291 314
292 320
293 309
294 280
295 294
296 253
297 271
298 265
299 267
300 257
301 270
302 247
303 249
304 241
305 251
306 247
307 233
308 204
309 215
310 206
311 232
312 197
313 201
314 235
315 196
316 189
317 192
318 195
319 202
320 181
321 185
322 201
323 181
324 195
325 163
326 174
327 178
328 142
329 156
330 155
331 153
332 163
333 148
334 171
335 129
336 159
337 136
338 137
339 140
340 147
341 138
342 133
343 108
344 125
345 145
346 118
347 100
348 129
349 107
350 115
351 122
352 96
353 105
354 110
355 113
356 93
357 94
358 80
359 101
360 81
361 102
362 102
363 93
364 78
365 90
366 80
367 89
368 77
369 84
370 87
371 77
372 85
373 91
374 92
375 69
376 81
377 72
378 62
379 89
380 55
381 76
382 55
383 64
384 80
385 65
386 76
387 70
388 65
389 67
390 51
391 52
392 44
393 62
394 52
395 52
396 57
397 63
398 44
399 50
400 68
401 51
402 48
403 49
404 50
405 41
406 56
407 36
408 41
409 50
410 35
411 42
412 47
413 52
414 49
415 29
416 39
417 53
418 42
419 51
420 32
421 33
422 42
423 44
424 45
425 26
426 41
427 33
428 32
429 30
430 41
431 27
432 19
433 33
434 38
435 31
436 26
437 20
438 27
439 27
440 27
441 28
442 25
443 28
444 25
445 19
446 27
447 28
448 24
449 23
450 23
451 14
452 23
453 30
454 18
455 25
456 25
457 16
458 12
459 23
460 19
461 19
462 17
463 26
464 16
465 17
466 6
467 14
468 18
469 10
470 20
471 10
472 17
473 14
474 17
475 12
476 12
477 12
478 17
479 15
480 17
481 10
482 11
483 12
484 9
485 8
486 11
487 14
488 10
489 8
490 9
491 10
492 10
493 9
494 6
495 11
496 8
497 11
498 10
499 4
500 6
501 8
502 9
503 14
504 16
505 7
506 3
507 11
508 12
509 6
510 7
511 5
512 8
513 7
514 4
515 9
516 8
517 6
518 9
519 3
520 4
521 13
522 8
523 6
524 8
525 4
526 4
527 7
528 6
529 7
530 3
531 5
532 4
533 6
534 5
535 6
536 4
537 4
538 3
539 4
540 4
541 4
542 7
543 5
544 6
545 5
546 5
547 6
548 5
549 5
550 5
551 4
552 5
553 2
554 3
555 2
556 1
557 1
558 9
559 7
560 5
561 5
562 6
563 1
564 0
565 4
566 2
567 4
568 7
569 6
570 2
571 4
572 1
573 0
574 4
575 3
576 1
577 1
578 1
579 1
580 4
581 1
582 3
583 2
584 3
585 1
586 1
587 3
588 0
589 4
590 2
591 0
592 1
593 1
594 3
595 4
596 5
597 1
598 2
599 5
600 3
601 2
602 2
603 0
604 1
605 1
606 3
607 4
608 1
609 3
610 1
611 0
612 0
613 2
614 1
615 2
616 1
617 1
618 0
619 1
620 3
621 0
622 2
623 1
624 0
625 4
626 1
627 1
628 0
629 0
630 0
631 3
632 1
633 2
634 0
635 2
636 1
637 0
638 0
639 2
640 2
641 2
642 1
643 0
644 1
645 1
646 1
647 1
648 1
649 0
650 0
651 3
652 0
653 2
654 1
655 3
656 1
657 0
658 1
659 0
660 2
661 2
662 2
663 0
664 0
665 2
666 1
667 0
668 0
669 1
670 1
671 2
672 0
673 1
674 1
675 0
676 0
677 0
678 1
679 1
680 1
681 0
682 0
683 0
684 1
685 0
686 2
687 0
688 0
689 1
690 1
691 1
692 1
693 0
694 0
695 0
696 2
697 1
698 0
699 1
700 1
701 0
702 0
703 0
704 0
705 0
706 0
707 2
708 0
709 0
710 0
711 0
712 1
713 1
714 1
715 1
716 0
717 0
718 0
719 0
720 0
721 0
722 0
723 0
724 0
725 0
726 0
727 0
728 0
729 0
730 0
731 1
732 2
733 1
734 1
735 1
736 0
737 1
738 0
739 0
740 0
741 1
742 0
743 0
744 0
745 0
746 0
747 1
748 0
749 0
750 0
751 1
752 0
753 0
754 0
755 0
756 0
757 0
758 0
759 1
760 1
761 0
762 0
763 0
764 0
765 1
766 0
767 0
768 0
769 0
770 0
771 0
772 0
773 0
774 0
775 1
776 0
777 0
778 0
779 0
780 0
781 0
782 0
783 0
784 0
785 0
786 0
787 0
788 0
789 0
790 0
791 0
792 0
793 1
794 0
795 0
796 0
797 0
798 0
799 1
800 0
801 0
802 0
803 0
804 0
805 0
806 0
807 0
808 0
809 0
810 0
811 0
812 0
813 0
814 0
815 0
816 0
817 0
818 0
819 0
820 0
821 0
822 0
823 0
824 0
825 0
826 0
827 0
828 1
829 0
830 0
831 0
832 0
833 0
834 0
835 0
836 0
837 0
838 0
839 0
840 0
841 0
842 0
843 0
844 0
845 0
846 0
847 0
848 0
849 0
850 0
851 0
852 0
853 0
854 0
855 0
856 0
857 0
858 0
859 0
860 0
861 0
862 0
863 0
864 0
865 0
866 0
867 0
868 0
869 0
870 0
871 0
872 0
873 0
874 0
875 0
876 0
877 0
878 0
879 0
880 0
881 0
882 0
883 0
884 0
885 0
886 0
887 0
888 0
889 0
890 0
891 0
892 0
893 0
894 0
895 0
896 0
897 0
898 0
899 0
900 0
901 0
902 0
903 0
904 0
905 0
906 0
907 0
908 0
909 0
910 0
911 0
912 0
913 0
914 0
915 0
916 0
917 0
918 0
919 0
920 0
921 0
922 0
923 0
924 0
925 0
926 0
927 0
928 0
929 0
930 0
931 0
932 0
933 0
934 0
935 0
936 0
937 0
938 0
939 0
940 0
941 0
942 0
943 0
944 0
945 0
946 0
947 0
948 0
949 0
950 0
951 0
952 0
953 0
954 0
955 0
956 0
957 0
958 1
