0 3794843.0
1 109526.0
2 36124.0
3 21435.0
4 14427.0
5 10337.0
6 7711.0
7 6223.0
8 5029.0
9 4139.0
10 3463.0
11 3191.0
12 2675.0
13 2435.0
14 2117.0
15 1904.0
16 1837.0
17 1483.0
18 1433.0
19 1330.0
20 1208.0
21 1108.0
22 1035.0
23 966.0
24 926.0
25 851.0
26 858.0
27 750.0
28 685.0
29 718.0
30 624.0
31 579.0
32 574.0
33 526.0
34 501.0
35 483.0
36 458.0
37 464.0
38 445.0
39 423.0
40 387.0
41 393.0
42 384.0
43 346.0
44 298.0
45 332.0
46 305.0
47 292.0
48 291.0
49 287.0
50 288.0
51 251.0
52 253.0
53 255.0
54 252.0
55 242.0
56 229.0
57 220.0
58 229.0
59 198.0
60 197.0
61 204.0
62 187.0
63 190.0
64 175.0
65 165.0
66 161.0
67 159.0
68 166.0
69 164.0
70 175.0
71 144.0
72 145.0
73 145.0
74 168.0
75 130.0
76 131.0
77 123.0
78 125.0
79 123.0
80 127.0
81 118.0
82 107.0
83 117.0
84 126.0
85 122.0
86 129.0
87 107.0
88 123.0
89 119.0
90 106.0
91 101.0
92 96.0
93 111.0
94 91.0
95 81.0
96 91.0
97 101.0
98 79.0
99 90.0
100 69.0
101 85.0
102 74.0
103 83.0
104 71.0
105 91.0
106 57.0
107 74.0
108 88.0
109 72.0
110 67.0
111 60.0
112 84.0
113 47.0
114 69.0
115 53.0
116 63.0
117 63.0
118 74.0
119 61.0
120 59.0
121 56.0
122 50.0
123 64.0
124 64.0
125 52.0
126 67.0
127 61.0
128 60.0
129 50.0
130 56.0
131 46.0
132 43.0
133 54.0
134 45.0
135 42.0
136 52.0
137 41.0
138 52.0
139 46.0
140 46.0
141 45.0
142 52.0
143 40.0
144 53.0
145 36.0
146 40.0
147 44.0
148 46.0
149 42.0
150 35.0
151 42.0
152 44.0
153 42.0
154 47.0
155 49.0
156 24.0
157 36.0
158 35.0
159 32.0
160 30.0
161 40.0
162 37.0
163 34.0
164 36.0
165 34.0
166 24.0
167 44.0
168 33.0
169 32.0
170 28.0
171 31.0
172 25.0
173 25.0
174 30.0
175 27.0
176 25.0
177 24.0
178 26.0
179 38.0
180 23.0
181 33.0
182 20.0
183 19.0
184 17.0
185 26.0
186 23.0
187 25.0
188 29.0
189 33.0
190 23.0
191 19.0
192 25.0
193 28.0
194 25.0
195 19.0
196 30.0
197 17.0
198 24.0
199 21.0
200 30.0
201 18.0
202 13.0
203 23.0
204 21.0
205 20.0
206 22.0
207 27.0
208 22.0
209 15.0
210 19.0
211 16.0
212 13.0
213 25.0
214 21.0
215 20.0
216 23.0
217 17.0
218 21.0
219 24.0
220 17.0
221 17.0
222 24.0
223 20.0
224 29.0
225 22.0
226 18.0
227 13.0
228 15.0
229 15.0
230 16.0
231 12.0
232 14.0
233 23.0
234 15.0
235 16.0
236 16.0
237 16.0
238 15.0
239 21.0
240 17.0
241 19.0
242 20.0
243 15.0
244 14.0
245 17.0
246 13.0
247 18.0
248 9.0
249 15.0
250 17.0
251 6.0
252 17.0
253 13.0
254 6.0
255 7.0
256 8.0
257 9.0
258 13.0
259 14.0
260 13.0
261 12.0
262 6.0
263 16.0
264 6.0
265 18.0
266 13.0
267 13.0
268 18.0
269 9.0
270 15.0
271 9.0
272 8.0
273 13.0
274 13.0
275 10.0
276 8.0
277 13.0
278 8.0
279 10.0
280 11.0
281 11.0
282 7.0
283 10.0
284 15.0
285 11.0
286 5.0
287 12.0
288 16.0
289 12.0
290 13.0
291 10.0
292 9.0
293 10.0
294 8.0
295 10.0
296 10.0
297 11.0
298 14.0
299 11.0
300 9.0
301 7.0
302 1.0
303 5.0
304 6.0
305 8.0
306 7.0
307 6.0
308 9.0
309 10.0
310 4.0
311 14.0
312 7.0
313 7.0
314 11.0
315 5.0
316 4.0
317 5.0
318 6.0
319 5.0
320 9.0
321 6.0
322 10.0
323 3.0
324 5.0
325 3.0
326 7.0
327 13.0
328 7.0
329 8.0
330 7.0
331 17.0
332 8.0
333 8.0
334 7.0
335 7.0
336 9.0
337 5.0
338 3.0
339 10.0
340 5.0
341 1.0
342 6.0
343 8.0
344 8.0
345 7.0
346 5.0
347 6.0
348 7.0
349 6.0
350 5.0
351 6.0
352 4.0
353 4.0
354 7.0
355 9.0
356 10.0
357 6.0
358 9.0
359 8.0
360 4.0
361 8.0
362 6.0
363 6.0
364 7.0
365 6.0
366 7.0
367 0.0
368 2.0
369 11.0
370 5.0
371 5.0
372 4.0
373 4.0
374 5.0
375 7.0
376 2.0
377 6.0
378 4.0
379 7.0
380 8.0
381 4.0
382 7.0
383 3.0
384 3.0
385 2.0
386 5.0
387 5.0
388 8.0
389 4.0
390 9.0
391 10.0
392 6.0
393 6.0
394 2.0
395 3.0
396 2.0
397 2.0
398 2.0
399 7.0
400 4.0
401 3.0
402 6.0
403 4.0
404 7.0
405 3.0
406 2.0
407 4.0
408 1.0
409 2.0
410 4.0
411 1.0
412 6.0
413 6.0
414 5.0
415 3.0
416 4.0
417 2.0
418 1.0
419 5.0
420 5.0
421 6.0
422 2.0
423 7.0
424 4.0
425 4.0
426 1.0
427 2.0
428 1.0
429 6.0
430 5.0
431 5.0
432 4.0
433 2.0
434 8.0
435 2.0
436 4.0
437 6.0
438 0.0
439 1.0
440 6.0
441 4.0
442 4.0
443 7.0
444 1.0
445 2.0
446 6.0
447 1.0
448 3.0
449 3.0
450 2.0
451 4.0
452 1.0
453 3.0
454 2.0
455 3.0
456 1.0
457 4.0
458 6.0
459 3.0
460 4.0
461 2.0
462 2.0
463 5.0
464 6.0
465 2.0
466 0.0
467 1.0
468 3.0
469 5.0
470 2.0
471 2.0
472 3.0
473 1.0
474 2.0
475 3.0
476 3.0
477 3.0
478 2.0
479 2.0
480 3.0
481 1.0
482 3.0
483 4.0
484 0.0
485 5.0
486 4.0
487 2.0
488 4.0
489 1.0
490 1.0
491 2.0
492 1.0
493 3.0
494 2.0
495 2.0
496 2.0
497 2.0
498 0.0
499 5.0
500 4.0
501 2.0
502 3.0
503 1.0
504 1.0
505 1.0
506 1.0
507 1.0
508 3.0
509 2.0
510 2.0
511 1.0
512 1.0
513 1.0
514 1.0
515 0.0
516 2.0
517 0.0
518 4.0
519 5.0
520 2.0
521 0.0
522 3.0
523 1.0
524 4.0
525 1.0
526 4.0
527 0.0
528 4.0
529 0.0
530 1.0
531 1.0
532 0.0
533 0.0
534 3.0
535 3.0
536 3.0
537 1.0
538 2.0
539 1.0
540 2.0
541 1.0
542 2.0
543 4.0
544 1.0
545 1.0
546 2.0
547 0.0
548 2.0
549 3.0
550 2.0
551 2.0
552 1.0
553 2.0
554 2.0
555 2.0
556 1.0
557 2.0
558 1.0
559 2.0
560 2.0
561 2.0
562 2.0
563 1.0
564 2.0
565 2.0
566 0.0
567 2.0
568 2.0
569 1.0
570 2.0
571 1.0
572 0.0
573 1.0
574 4.0
575 0.0
576 2.0
577 0.0
578 0.0
579 0.0
580 1.0
581 1.0
582 0.0
583 0.0
584 0.0
585 1.0
586 0.0
587 2.0
588 0.0
589 2.0
590 0.0
591 2.0
592 3.0
593 1.0
594 2.0
595 4.0
596 0.0
597 0.0
598 1.0
599 2.0
600 3.0
601 0.0
602 0.0
603 1.0
604 4.0
605 1.0
606 0.0
607 3.0
608 2.0
609 2.0
610 3.0
611 2.0
612 2.0
613 1.0
614 0.0
615 1.0
616 1.0
617 1.0
618 0.0
619 3.0
620 2.0
621 1.0
622 2.0
623 0.0
624 1.0
625 2.0
626 2.0
627 1.0
628 0.0
629 3.0
630 1.0
631 1.0
632 1.0
633 0.0
634 2.0
635 2.0
636 1.0
637 0.0
638 0.0
639 2.0
640 2.0
641 1.0
642 1.0
643 1.0
644 0.0
645 1.0
646 0.0
647 1.0
648 1.0
649 0.0
650 0.0
651 1.0
652 1.0
653 1.0
654 3.0
655 1.0
656 1.0
657 0.0
658 1.0
659 0.0
660 1.0
661 0.0
662 0.0
663 0.0
664 1.0
665 0.0
666 1.0
667 2.0
668 1.0
669 0.0
670 0.0
671 1.0
672 1.0
673 0.0
674 0.0
675 2.0
676 0.0
677 0.0
678 2.0
679 1.0
680 0.0
681 0.0
682 0.0
683 0.0
684 1.0
685 2.0
686 1.0
687 1.0
688 0.0
689 1.0
690 0.0
691 1.0
692 0.0
693 0.0
694 0.0
695 1.0
696 0.0
697 0.0
698 0.0
699 0.0
700 1.0
701 0.0
702 1.0
703 1.0
704 0.0
705 1.0
706 0.0
707 1.0
708 1.0
709 0.0
710 1.0
711 1.0
712 1.0
713 1.0
714 3.0
715 2.0
716 0.0
717 2.0
718 0.0
719 0.0
720 0.0
721 1.0
722 0.0
723 0.0
724 0.0
725 2.0
726 1.0
727 0.0
728 1.0
729 1.0
730 0.0
731 2.0
732 1.0
733 2.0
734 0.0
735 1.0
736 2.0
737 1.0
738 0.0
739 1.0
740 0.0
741 0.0
742 0.0
743 1.0
744 1.0
745 0.0
746 0.0
747 0.0
748 1.0
749 0.0
750 0.0
751 0.0
752 2.0
753 0.0
754 1.0
755 0.0
756 0.0
757 1.0
758 2.0
759 2.0
760 0.0
761 0.0
762 0.0
763 0.0
764 2.0
765 1.0
766 1.0
767 0.0
768 0.0
769 1.0
770 0.0
771 0.0
772 0.0
773 0.0
774 0.0
775 0.0
776 0.0
777 0.0
778 0.0
779 1.0
780 0.0
781 0.0
782 1.0
783 0.0
784 0.0
785 0.0
786 0.0
787 2.0
788 0.0
789 0.0
790 0.0
791 0.0
792 1.0
793 0.0
794 0.0
795 0.0
796 1.0
797 2.0
798 0.0
799 0.0
800 0.0
801 0.0
802 1.0
803 0.0
804 0.0
805 0.0
806 0.0
807 0.0
808 0.0
809 0.0
810 0.0
811 0.0
812 1.0
813 0.0
814 0.0
815 1.0
816 0.0
817 0.0
818 0.0
819 1.0
820 0.0
821 0.0
822 0.0
823 0.0
824 1.0
825 0.0
826 0.0
827 0.0
828 0.0
829 0.0
830 0.0
831 0.0
832 1.0
833 0.0
834 1.0
835 5.0
836 0.0
837 0.0
838 1.0
839 0.0
840 0.0
841 1.0
842 1.0
843 1.0
844 0.0
845 0.0
846 1.0
847 2.0
848 0.0
849 1.0
850 0.0
851 0.0
852 0.0
853 0.0
854 1.0
855 0.0
856 0.0
857 0.0
858 1.0
859 0.0
860 0.0
861 0.0
862 0.0
863 0.0
864 0.0
865 0.0
866 0.0
867 0.0
868 0.0
869 0.0
870 0.0
871 0.0
872 0.0
873 0.0
874 0.0
875 0.0
876 0.0
877 1.0
878 0.0
879 0.0
880 0.0
881 2.0
882 1.0
883 0.0
884 1.0
885 0.0
886 0.0
887 0.0
888 0.0
889 0.0
890 0.0
891 0.0
892 0.0
893 1.0
894 0.0
895 0.0
896 0.0
897 0.0
898 0.0
899 0.0
900 0.0
901 0.0
902 0.0
903 1.0
904 0.0
905 0.0
906 1.0
907 0.0
908 0.0
909 0.0
910 0.0
911 0.0
912 0.0
913 0.0
914 1.0
915 0.0
916 0.0
917 1.0
918 0.0
919 0.0
920 1.0
921 0.0
922 1.0
923 0.0
924 0.0
925 1.0
926 0.0
927 0.0
928 1.0
929 2.0
930 1.0
931 2.0
932 0.0
933 0.0
934 0.0
935 0.0
936 0.0
937 0.0
938 0.0
939 1.0
940 2.0
941 0.0
942 0.0
943 0.0
944 0.0
945 0.0
946 0.0
947 0.0
948 0.0
949 0.0
950 1.0
951 0.0
952 1.0
953 0.0
954 0.0
955 0.0
956 0.0
957 0.0
958 0.0
959 0.0
960 0.0
961 0.0
962 0.0
963 0.0
964 0.0
965 0.0
966 0.0
967 0.0
968 0.0
969 0.0
970 0.0
971 0.0
972 0.0
973 0.0
974 0.0
975 0.0
976 0.0
977 0.0
978 0.0
979 0.0
980 0.0
981 0.0
982 1.0
983 3.0
984 0.0
985 0.0
986 0.0
987 0.0
988 0.0
989 0.0
990 1.0
991 0.0
992 0.0
993 0.0
994 0.0
995 0.0
996 0.0
997 0.0
998 1.0
999 0.0
1000 0.0
1001 0.0
1002 0.0
1003 0.0
1004 0.0
1005 0.0
1006 1.0
1007 0.0
1008 0.0
1009 0.0
1010 0.0
1011 0.0
1012 0.0
1013 0.0
1014 1.0
1015 0.0
1016 0.0
1017 1.0
1018 0.0
1019 0.0
1020 0.0
1021 0.0
1022 0.0
1023 0.0
1024 0.0
1025 0.0
1026 0.0
1027 0.0
1028 0.0
1029 0.0
1030 0.0
1031 0.0
1032 0.0
1033 0.0
1034 0.0
1035 0.0
1036 0.0
1037 0.0
1038 0.0
1039 0.0
1040 0.0
1041 0.0
1042 0.0
1043 0.0
1044 0.0
1045 0.0
1046 0.0
1047 0.0
1048 0.0
1049 0.0
1050 0.0
1051 0.0
1052 0.0
1053 0.0
1054 0.0
1055 0.0
1056 0.0
1057 0.0
1058 0.0
1059 0.0
1060 0.0
1061 0.0
1062 0.0
1063 0.0
1064 0.0
1065 0.0
1066 0.0
1067 0.0
1068 0.0
1069 0.0
1070 0.0
1071 0.0
1072 0.0
1073 0.0
1074 0.0
1075 0.0
1076 0.0
1077 0.0
1078 0.0
1079 1.0
1080 0.0
1081 0.0
1082 0.0
1083 0.0
1084 0.0
1085 0.0
1086 0.0
1087 0.0
1088 0.0
1089 0.0
1090 1.0
1091 0.0
1092 0.0
1093 0.0
1094 0.0
1095 0.0
1096 0.0
1097 0.0
1098 0.0
1099 0.0
1100 0.0
1101 0.0
1102 0.0
1103 0.0
1104 0.0
1105 0.0
1106 0.0
1107 0.0
1108 0.0
1109 0.0
1110 0.0
1111 0.0
1112 0.0
1113 0.0
1114 0.0
1115 0.0
1116 0.0
1117 0.0
1118 0.0
1119 0.0
1120 0.0
1121 0.0
1122 0.0
1123 0.0
1124 0.0
1125 0.0
1126 1.0
1127 0.0
1128 0.0
1129 0.0
1130 0.0
1131 0.0
1132 1.0
1133 0.0
1134 0.0
1135 0.0
1136 0.0
1137 0.0
1138 1.0
1139 0.0
1140 1.0
1141 0.0
1142 0.0
1143 0.0
1144 0.0
1145 0.0
1146 0.0
1147 0.0
1148 0.0
1149 0.0
1150 0.0
1151 0.0
1152 0.0
1153 0.0
1154 1.0
1155 0.0
1156 0.0
1157 0.0
1158 0.0
1159 2.0
1160 0.0
1161 0.0
1162 0.0
1163 0.0
1164 0.0
1165 0.0
1166 0.0
1167 0.0
1168 0.0
1169 0.0
1170 0.0
1171 0.0
1172 0.0
1173 0.0
1174 0.0
1175 0.0
1176 0.0
1177 0.0
1178 0.0
1179 0.0
1180 0.0
1181 0.0
1182 0.0
1183 0.0
1184 0.0
1185 0.0
1186 0.0
1187 0.0
1188 0.0
1189 0.0
1190 0.0
1191 0.0
1192 0.0
1193 0.0
1194 0.0
1195 0.0
1196 0.0
1197 0.0
1198 0.0
1199 0.0
1200 0.0
1201 0.0
1202 0.0
1203 0.0
1204 0.0
1205 0.0
1206 0.0
1207 0.0
1208 0.0
1209 0.0
1210 0.0
1211 0.0
1212 0.0
1213 0.0
1214 0.0
1215 0.0
1216 0.0
1217 0.0
1218 1.0
1219 0.0
1220 0.0
1221 1.0
1222 0.0
1223 0.0
1224 0.0
1225 0.0
1226 0.0
1227 0.0
1228 0.0
1229 0.0
1230 0.0
1231 0.0
1232 0.0
1233 0.0
1234 0.0
1235 0.0
1236 0.0
1237 0.0
1238 0.0
1239 0.0
1240 0.0
1241 0.0
1242 0.0
1243 0.0
1244 0.0
1245 0.0
1246 0.0
1247 0.0
1248 0.0
1249 0.0
1250 0.0
1251 0.0
1252 0.0
1253 0.0
1254 0.0
1255 0.0
1256 0.0
1257 0.0
1258 0.0
1259 0.0
1260 0.0
1261 0.0
1262 0.0
1263 0.0
1264 1.0
1265 0.0
1266 0.0
1267 0.0
1268 0.0
1269 0.0
1270 0.0
1271 0.0
1272 0.0
1273 0.0
1274 0.0
1275 0.0
1276 0.0
1277 0.0
1278 0.0
1279 0.0
1280 0.0
1281 0.0
1282 0.0
1283 0.0
1284 0.0
1285 0.0
1286 0.0
1287 0.0
1288 0.0
1289 0.0
1290 1.0
1291 0.0
1292 0.0
1293 0.0
1294 0.0
1295 0.0
1296 0.0
1297 0.0
1298 0.0
1299 0.0
1300 0.0
1301 0.0
1302 0.0
1303 0.0
1304 0.0
1305 0.0
1306 0.0
1307 0.0
1308 0.0
1309 0.0
1310 0.0
1311 0.0
1312 0.0
1313 0.0
1314 0.0
1315 1.0
1316 0.0
1317 0.0
1318 0.0
1319 0.0
1320 0.0
1321 0.0
1322 0.0
1323 0.0
1324 0.0
1325 0.0
1326 0.0
1327 0.0
1328 1.0
1329 0.0
1330 0.0
1331 0.0
1332 0.0
1333 0.0
1334 0.0
1335 0.0
1336 0.0
1337 0.0
1338 0.0
1339 0.0
1340 0.0
1341 0.0
1342 0.0
1343 0.0
1344 0.0
1345 0.0
1346 0.0
1347 0.0
1348 1.0
1349 0.0
1350 0.0
1351 0.0
1352 0.0
1353 0.0
1354 0.0
1355 0.0
1356 0.0
1357 0.0
1358 0.0
1359 0.0
1360 0.0
1361 0.0
1362 0.0
1363 0.0
1364 0.0
1365 0.0
1366 0.0
1367 0.0
1368 0.0
1369 0.0
1370 0.0
1371 0.0
1372 0.0
1373 0.0
1374 0.0
1375 0.0
1376 0.0
1377 0.0
1378 0.0
1379 0.0
1380 0.0
1381 0.0
1382 0.0
1383 0.0
1384 0.0
1385 0.0
1386 0.0
1387 0.0
1388 0.0
1389 0.0
1390 0.0
1391 0.0
1392 0.0
1393 0.0
1394 0.0
1395 0.0
1396 0.0
1397 1.0
1398 0.0
1399 0.0
1400 0.0
1401 0.0
1402 0.0
1403 0.0
1404 0.0
1405 0.0
1406 0.0
1407 0.0
1408 0.0
1409 0.0
1410 0.0
1411 0.0
1412 0.0
1413 0.0
1414 0.0
1415 0.0
1416 0.0
1417 0.0
1418 1.0
1419 0.0
1420 0.0
1421 0.0
1422 0.0
1423 0.0
1424 0.0
1425 1.0
1426 0.0
1427 0.0
1428 0.0
1429 0.0
1430 0.0
1431 0.0
1432 0.0
1433 0.0
1434 0.0
1435 0.0
1436 0.0
1437 0.0
1438 0.0
1439 0.0
1440 0.0
1441 0.0
1442 0.0
1443 0.0
1444 0.0
1445 0.0
1446 0.0
1447 0.0
1448 0.0
1449 0.0
1450 0.0
1451 0.0
1452 0.0
1453 0.0
1454 0.0
1455 0.0
1456 0.0
1457 0.0
1458 0.0
1459 0.0
1460 0.0
1461 0.0
1462 0.0
1463 0.0
1464 0.0
1465 0.0
1466 0.0
1467 0.0
1468 0.0
1469 0.0
1470 0.0
1471 0.0
1472 0.0
1473 0.0
1474 0.0
1475 0.0
1476 0.0
1477 0.0
1478 0.0
1479 0.0
1480 0.0
1481 0.0
1482 0.0
1483 0.0
1484 0.0
1485 0.0
1486 0.0
1487 0.0
1488 0.0
1489 0.0
1490 0.0
1491 0.0
1492 0.0
1493 0.0
1494 0.0
1495 0.0
1496 0.0
1497 0.0
1498 0.0
1499 0.0
1500 0.0
1501 0.0
1502 0.0
1503 0.0
1504 0.0
1505 0.0
1506 0.0
1507 0.0
1508 0.0
1509 0.0
1510 0.0
1511 0.0
1512 0.0
1513 0.0
1514 0.0
1515 0.0
1516 0.0
1517 0.0
1518 0.0
1519 0.0
1520 0.0
1521 0.0
1522 0.0
1523 0.0
1524 0.0
1525 0.0
1526 0.0
1527 0.0
1528 0.0
1529 0.0
1530 0.0
1531 0.0
1532 0.0
1533 0.0
1534 0.0
1535 0.0
1536 0.0
1537 0.0
1538 0.0
1539 0.0
1540 0.0
1541 0.0
1542 0.0
1543 0.0
1544 0.0
1545 0.0
1546 0.0
1547 0.0
1548 0.0
1549 0.0
1550 0.0
1551 0.0
1552 0.0
1553 0.0
1554 0.0
1555 0.0
1556 0.0
1557 0.0
1558 0.0
1559 0.0
1560 0.0
1561 0.0
1562 0.0
1563 0.0
1564 0.0
1565 0.0
1566 0.0
1567 0.0
1568 0.0
1569 0.0
1570 0.0
1571 0.0
1572 0.0
1573 0.0
1574 0.0
1575 1.0
1576 0.0
1577 0.0
1578 0.0
1579 0.0
1580 0.0
1581 0.0
1582 0.0
1583 0.0
1584 0.0
1585 0.0
1586 0.0
1587 0.0
1588 0.0
1589 0.0
1590 0.0
1591 0.0
1592 0.0
1593 0.0
1594 0.0
1595 0.0
1596 0.0
1597 0.0
1598 0.0
1599 0.0
1600 0.0
1601 0.0
1602 0.0
1603 0.0
1604 0.0
1605 0.0
1606 0.0
1607 0.0
1608 0.0
1609 0.0
1610 0.0
1611 0.0
1612 0.0
1613 0.0
1614 0.0
1615 0.0
1616 0.0
1617 0.0
1618 0.0
1619 0.0
1620 0.0
1621 0.0
1622 0.0
1623 0.0
1624 0.0
1625 0.0
1626 0.0
1627 0.0
1628 0.0
1629 0.0
1630 0.0
1631 0.0
1632 0.0
1633 0.0
1634 0.0
1635 0.0
1636 0.0
1637 0.0
1638 0.0
1639 0.0
1640 0.0
1641 0.0
1642 0.0
1643 0.0
1644 0.0
1645 0.0
1646 0.0
1647 0.0
1648 0.0
1649 0.0
1650 0.0
1651 0.0
1652 0.0
1653 0.0
1654 0.0
1655 0.0
1656 0.0
1657 0.0
1658 0.0
1659 0.0
1660 0.0
1661 0.0
1662 0.0
1663 0.0
1664 0.0
1665 0.0
1666 0.0
1667 0.0
1668 0.0
1669 0.0
1670 0.0
1671 0.0
1672 0.0
1673 0.0
1674 0.0
1675 0.0
1676 0.0
1677 0.0
1678 0.0
1679 0.0
1680 0.0
1681 0.0
1682 0.0
1683 0.0
1684 0.0
1685 0.0
1686 0.0
1687 0.0
1688 0.0
1689 0.0
1690 0.0
1691 0.0
1692 0.0
1693 0.0
1694 0.0
1695 0.0
1696 0.0
1697 0.0
1698 0.0
1699 0.0
1700 0.0
1701 0.0
1702 0.0
1703 0.0
1704 0.0
1705 0.0
1706 0.0
1707 0.0
1708 0.0
1709 0.0
1710 0.0
1711 0.0
1712 0.0
1713 0.0
1714 0.0
1715 0.0
1716 0.0
1717 0.0
1718 0.0
1719 0.0
1720 0.0
1721 0.0
1722 0.0
1723 0.0
1724 0.0
1725 0.0
1726 0.0
1727 0.0
1728 0.0
1729 0.0
1730 0.0
1731 0.0
1732 0.0
1733 0.0
1734 0.0
1735 0.0
1736 0.0
1737 0.0
1738 0.0
1739 0.0
1740 0.0
1741 0.0
1742 0.0
1743 0.0
1744 0.0
1745 0.0
1746 0.0
1747 0.0
1748 0.0
1749 0.0
1750 0.0
1751 0.0
1752 0.0
1753 0.0
1754 0.0
1755 0.0
1756 0.0
1757 0.0
1758 0.0
1759 0.0
1760 0.0
1761 0.0
1762 0.0
1763 0.0
1764 0.0
1765 0.0
1766 0.0
1767 0.0
1768 0.0
1769 0.0
1770 0.0
1771 0.0
1772 0.0
1773 0.0
1774 0.0
1775 0.0
1776 0.0
1777 0.0
1778 0.0
1779 0.0
1780 0.0
1781 0.0
1782 0.0
1783 0.0
1784 0.0
1785 0.0
1786 0.0
1787 0.0
1788 0.0
1789 0.0
1790 0.0
1791 0.0
1792 0.0
1793 0.0
1794 0.0
1795 0.0
1796 0.0
1797 0.0
1798 0.0
1799 0.0
1800 0.0
1801 0.0
1802 0.0
1803 0.0
1804 0.0
1805 0.0
1806 0.0
1807 0.0
1808 0.0
1809 0.0
1810 0.0
1811 0.0
1812 0.0
1813 0.0
1814 0.0
1815 0.0
1816 0.0
1817 0.0
1818 0.0
1819 0.0
1820 0.0
1821 0.0
1822 0.0
1823 0.0
1824 0.0
1825 0.0
1826 0.0
1827 0.0
1828 0.0
1829 0.0
1830 0.0
1831 0.0
1832 0.0
1833 0.0
1834 0.0
1835 0.0
1836 0.0
1837 0.0
1838 0.0
1839 0.0
1840 0.0
1841 0.0
1842 0.0
1843 0.0
1844 0.0
1845 0.0
1846 0.0
1847 0.0
1848 0.0
1849 0.0
1850 0.0
1851 0.0
1852 0.0
1853 0.0
1854 0.0
1855 0.0
1856 0.0
1857 0.0
1858 0.0
1859 0.0
1860 0.0
1861 0.0
1862 0.0
1863 0.0
1864 0.0
1865 0.0
1866 0.0
1867 0.0
1868 0.0
1869 0.0
1870 0.0
1871 0.0
1872 0.0
1873 0.0
1874 0.0
1875 0.0
1876 0.0
1877 0.0
1878 0.0
1879 0.0
1880 0.0
1881 0.0
1882 0.0
1883 0.0
1884 0.0
1885 0.0
1886 0.0
1887 0.0
1888 0.0
1889 0.0
1890 0.0
1891 0.0
1892 0.0
1893 0.0
1894 0.0
1895 0.0
1896 0.0
1897 0.0
1898 0.0
1899 0.0
1900 0.0
1901 0.0
1902 0.0
1903 0.0
1904 0.0
1905 0.0
1906 0.0
1907 0.0
1908 0.0
1909 0.0
1910 0.0
1911 0.0
1912 0.0
1913 0.0
1914 0.0
1915 0.0
1916 0.0
1917 0.0
1918 0.0
1919 0.0
1920 0.0
1921 0.0
1922 0.0
1923 0.0
1924 0.0
1925 0.0
1926 0.0
1927 0.0
1928 0.0
1929 0.0
1930 0.0
1931 0.0
1932 0.0
1933 0.0
1934 0.0
1935 0.0
1936 0.0
1937 0.0
1938 0.0
1939 0.0
1940 0.0
1941 0.0
1942 0.0
1943 0.0
1944 0.0
1945 0.0
1946 0.0
1947 0.0
1948 0.0
1949 0.0
1950 0.0
1951 0.0
1952 0.0
1953 0.0
1954 0.0
1955 0.0
1956 0.0
1957 0.0
1958 0.0
1959 0.0
1960 0.0
1961 0.0
1962 0.0
1963 0.0
1964 0.0
1965 0.0
1966 0.0
1967 0.0
1968 0.0
1969 0.0
1970 0.0
1971 0.0
1972 0.0
1973 0.0
1974 0.0
1975 0.0
1976 0.0
1977 0.0
1978 0.0
1979 0.0
1980 0.0
1981 0.0
1982 0.0
1983 0.0
1984 0.0
1985 0.0
1986 0.0
1987 0.0
1988 0.0
1989 0.0
1990 0.0
1991 0.0
1992 0.0
1993 0.0
1994 0.0
1995 0.0
1996 0.0
1997 0.0
1998 0.0
1999 0.0
2000 0.0
2001 0.0
2002 0.0
2003 0.0
2004 0.0
2005 0.0
2006 0.0
2007 0.0
2008 0.0
2009 0.0
2010 0.0
2011 0.0
2012 0.0
2013 0.0
2014 0.0
2015 0.0
2016 0.0
2017 0.0
2018 0.0
2019 0.0
2020 0.0
2021 0.0
2022 0.0
2023 0.0
2024 0.0
2025 0.0
2026 0.0
2027 0.0
2028 0.0
2029 0.0
2030 0.0
2031 0.0
2032 0.0
2033 0.0
2034 0.0
2035 0.0
2036 0.0
2037 0.0
2038 0.0
2039 0.0
2040 0.0
2041 0.0
2042 0.0
2043 0.0
2044 0.0
2045 0.0
2046 0.0
2047 0.0
2048 0.0
2049 0.0
2050 0.0
2051 0.0
2052 0.0
2053 0.0
2054 0.0
2055 0.0
2056 0.0
2057 0.0
2058 0.0
2059 0.0
2060 0.0
2061 0.0
2062 0.0
2063 0.0
2064 0.0
2065 0.0
2066 0.0
2067 0.0
2068 0.0
2069 0.0
2070 0.0
2071 0.0
2072 0.0
2073 0.0
2074 0.0
2075 0.0
2076 0.0
2077 0.0
2078 0.0
2079 0.0
2080 0.0
2081 0.0
2082 0.0
2083 0.0
2084 0.0
2085 0.0
2086 0.0
2087 0.0
2088 0.0
2089 0.0
2090 0.0
2091 0.0
2092 0.0
2093 0.0
2094 0.0
2095 0.0
2096 0.0
2097 0.0
2098 0.0
2099 0.0
2100 0.0
2101 0.0
2102 0.0
2103 0.0
2104 0.0
2105 0.0
2106 0.0
2107 0.0
2108 0.0
2109 0.0
2110 0.0
2111 0.0
2112 0.0
2113 0.0
2114 0.0
2115 0.0
2116 0.0
2117 0.0
2118 0.0
2119 0.0
2120 0.0
2121 0.0
2122 0.0
2123 0.0
2124 0.0
2125 0.0
2126 0.0
2127 0.0
2128 0.0
2129 0.0
2130 0.0
2131 0.0
2132 0.0
2133 0.0
2134 0.0
2135 0.0
2136 0.0
2137 0.0
2138 0.0
2139 0.0
2140 0.0
2141 0.0
2142 0.0
2143 0.0
2144 0.0
2145 1.0
