0 0.4806
1 0.4719
2 0.4869
3 0.4824
4 0.471
5 0.4773
6 0.4801
7 0.4871
8 0.4816
9 0.4697
10 0.5012
11 0.4602
12 0.4807
13 0.4967
14 0.4829
15 0.4888
16 0.47
17 0.4872
18 0.4723
19 0.4737
20 0.4734
21 0.4757
22 0.4891
23 0.4769
24 0.4829
25 0.4985
26 0.4923
27 0.4946
28 0.4838
29 0.5024
30 0.4784
31 0.4849
32 0.4713
33 0.5091
34 0.482
35 0.4922
36 0.4896
37 0.4901
38 0.4745
39 0.4766
40 0.4944
41 0.4815
42 0.477
43 0.5064
44 0.4783
45 0.4896
46 0.5079
47 0.4836
48 0.4873
49 0.469
50 0.446
51 0.4704
52 0.4851
53 0.4961
54 0.5005
55 0.4987
56 0.4815
57 0.4685
58 0.4699
59 0.4961
60 0.478
61 0.4874
62 0.484
63 0.4904
64 0.505
65 0.4969
66 0.4859
67 0.485
68 0.5039
69 0.4687
70 0.4902
71 0.4931
72 0.4896
73 0.496
74 0.477
75 0.4858
76 0.4991
77 0.4829
78 0.5049
79 0.497
80 0.4787
81 0.4708
82 0.4952
83 0.465
84 0.4735
85 0.4914
86 0.4619
87 0.492
88 0.4858
89 0.4678
90 0.498
91 0.5138
92 0.4758
93 0.4836
94 0.4744
95 0.4985
96 0.4709
97 0.5066
98 0.4843
99 0.4857
100 0.4893
101 0.4961
102 0.4906
103 0.4939
104 0.4788
105 0.493
106 0.4903
107 0.4929
108 0.4726
109 0.4926
110 0.5026
