2 0.5916580567367852
3 0.5385852830409177
4 0.5056817317607781
5 0.48266509187551654
6 0.46600395105255243
7 0.452608719844774
8 0.4421873140242092
9 0.43311571096857
10 0.4256449394526298
11 0.41953190001042845
12 0.41396841776704874
13 0.4093313683992615
14 0.40528184845107995
15 0.4011339678819227
16 0.39817466056354495
17 0.3948556699612167
18 0.3920566554240281
19 0.3898793867722028
20 0.38775296782826285
21 0.3854288273630975
22 0.3834086778425256
23 0.3815278997585297
24 0.3797472759127159
25 0.37838236862960256
26 0.3770643916711345
27 0.3755927400292601
28 0.37277480922520007
29 0.3741705498432807
30 0.37292235627983705
31 0.37026390186126057
32 0.36898457084348407
33 0.36912624372747493
34 0.3685698020421594
35 0.36841434819326563
36 0.3679426075142625
37 0.3654440892911558
38 0.3670802253006546
39 0.36534058003296654
40 0.3615852257296258
41 0.3634153492804261
42 0.3642898134863702
43 0.36243337312730145
44 0.3623900672529746
45 0.3576937372235644
46 0.3612496933017093
47 0.355350824061972
48 0.3575551782682513
49 0.35766072676450034
50 0.358550798074487
51 0.3674083692380334
52 0.36521561414265274
53 0.3561875604253948
54 0.35742318368909737
55 0.3607158737216541
56 0.36074236370666324
57 0.3648548026805659
58 0.36503014642549525
59 0.34331983805668015
60 0.3510612926305748
61 0.34201052340072
62 0.3495798319327731
63 0.3574501368791553
64 0.36199095022624433
65 0.3527892561983471
66 0.3451053283767038
67 0.33915574963609896
68 0.33
69 0.34189723320158105
70 0.35630841121495327
71 0.3319327731092437
72 0.3441033925686591
73 0.3889908256880734
74 0.31390134529147984
75 0.30945558739255014
76 0.3382352941176471
77 0.35361216730038025
78 0.388646288209607
79 0.3891625615763547
80 0.36180904522613067
81 0.3821656050955414
82 0.25
83 0.23853211009174313
84 0.25609756097560976
85 0.2948717948717949
86 0.34545454545454546
87 0.2916666666666667
88 0.4375
89 0.2826086956521739
90 0.34375
91 0.3076923076923077
92 0.22727272727272727
93 0.15789473684210525
94 0.5714285714285714
95 0.4666666666666667
96 0.2
97 0.5555555555555556
98 0.36363636363636365
99 0.23076923076923078
100 0.4444444444444444
101 0.5
102 0.2
103 0.3333333333333333
104 0.5
105 0.0
106 0.7142857142857143
107 0.5
108 0.5
109 0.4
110 0.5
111 0.0
112 0.0
113 0
114 0.0
115 0.0
116 0.0
117 0.5
118 0.0
119 0
120 0
121 0.0
122 0
123 0
124 0
125 0
126 0
127 0
128 0
129 0
130 0
131 0
132 0
133 0
134 0
135 0
136 0
137 0
138 0
139 0
140 0
141 0
142 0
143 0
144 0
145 0
146 0
147 0
148 0
149 0
150 0
151 0
152 0
153 0
154 0
155 0
156 0
157 0
158 0
159 0
160 0
161 0
162 0
163 0
164 0
165 0
166 0
167 0
168 0
169 0
170 0
171 0
172 0
173 0
174 0
175 0
176 0
177 0
178 0
179 0
180 0
181 0
182 0
183 0
184 0
185 0
186 0
187 0
188 0
189 0
190 0
191 0
192 0
193 0
194 0
195 0
196 0
197 0
198 0
199 0
200 0
201 0
202 0
203 0
204 0
205 0
206 0
207 0
208 0
209 0
210 0
211 0
212 0
213 0
214 0
215 0
216 0
217 0
218 0
219 0
220 0
221 0
222 0
223 0
224 0
225 0
226 0
227 0
228 0
229 0
230 0
231 0
232 0
233 0
234 0
235 0
236 0
237 0
238 0
239 0
240 0
241 0
242 0
243 0
244 0
245 0
246 0
247 0
248 0
249 0
250 0
251 0
252 0
253 0
254 0
255 0
256 0
257 0
258 0
259 0
260 0
261 0
262 0
263 0
264 0
265 0
266 0
267 0
268 0
269 0
270 0
271 0
272 0
273 0
274 0
275 0
276 0
277 0
278 0
279 0
280 0
281 0
282 0
283 0
284 0
285 0
286 0
287 0
288 0
289 0
290 0
291 0
292 0
293 0
294 0
295 0
296 0
297 0
298 0
299 0
300 0
301 0
302 0
303 0
304 0
305 0
306 0
307 0
308 0
309 0
310 0
311 0
312 0
313 0
314 0
315 0
316 0
317 0
318 0
319 0
320 0
321 0
322 0
323 0
324 0
325 0
326 0
327 0
328 0
329 0
330 0
331 0
332 0
333 0
334 0
335 0
336 0
337 0
338 0
339 0
340 0
341 0
342 0
343 0
344 0
345 0
346 0
347 0
348 0
349 0
350 0
351 0
352 0
353 0
354 0
355 0
356 0
357 0
358 0
359 0
360 0
361 0
362 0
363 0
364 0
365 0
366 0
367 0
368 0
369 0
370 0
371 0
372 0
373 0
374 0
375 0
376 0
377 0
378 0
379 0
380 0
381 0
382 0
383 0
384 0
385 0
386 0
387 0
388 0
389 0
390 0
391 0
392 0
393 0
394 0
395 0
396 0
397 0
398 0
399 0
400 0
401 0
402 0
403 0
404 0
405 0
406 0
407 0
408 0
409 0
410 0
411 0
412 0
413 0
414 0
415 0
416 0
417 0
418 0
419 0
420 0
421 0
422 0
423 0
424 0
425 0
426 0
427 0
428 0
429 0
430 0
431 0
432 0
433 0
434 0
435 0
436 0
437 0
438 0
439 0
440 0
441 0
442 0
443 0
444 0
445 0
446 0
447 0
448 0
449 0
450 0
451 0
452 0
453 0
454 0
455 0
456 0
457 0
458 0
459 0
460 0
461 0
462 0
463 0
464 0
465 0
466 0
467 0
468 0
469 0
470 0
471 0
472 0
473 0
474 0
475 0
476 0
477 0
478 0
479 0
480 0
481 0
482 0
483 0
484 0
485 0
486 0
487 0
488 0
489 0
490 0
491 0
492 0
493 0
494 0
495 0
496 0
497 0
498 0
