2 0.5459185925389736
3 0.5437245543229275
4 0.5451256727514843
5 0.5460326674934691
6 0.5437130805981388
7 0.5426377529613942
8 0.5443388983013205
9 0.5426231885058582
10 0.5417737167027844
11 0.5406024702397586
12 0.5383291734460053
13 0.5402667961968499
14 0.5380764064364015
15 0.538015444853195
16 0.5341553611867118
17 0.5339269366580932
18 0.532122461928934
19 0.5342139250909945
20 0.5335375821940203
21 0.5345003610647675
22 0.5329109513916668
23 0.5355317547311842
24 0.5326637214486176
25 0.532874259743837
26 0.5301853636415169
27 0.5309485237240393
28 0.5289707293666027
29 0.5324054935464609
30 0.5295629019449073
31 0.5305027152338913
32 0.5306556980401645
33 0.5326911185602239
34 0.5322940955859572
35 0.5278841077085533
36 0.5302747668263171
37 0.5299217379570909
38 0.5225561312607945
39 0.531099044462466
40 0.5282500398886663
41 0.5303373592849624
42 0.5263499855616518
43 0.5256575554409489
44 0.5267361631918404
45 0.5264105869861975
46 0.5259602724826836
47 0.5282214713561665
48 0.5261471761817066
49 0.5220731232983274
50 0.5249420298471966
51 0.5262389504419823
52 0.5255948669469196
53 0.5243078795254031
54 0.5263930815044464
55 0.5253577936569686
56 0.5217686514958232
57 0.5245969838793552
58 0.5251438736005023
59 0.5253837569223643
60 0.5210681983796991
61 0.519701042417885
62 0.5214492946205125
63 0.5225793419221618
64 0.5202184548867903
65 0.5225260536751821
66 0.523007174405833
67 0.5275551806551385
68 0.5237097874944109
69 0.5231898169037498
70 0.5245772427629694
71 0.5263208315370982
72 0.5199913394919169
73 0.5240313462891525
74 0.5271900384259934
75 0.5200769942985235
76 0.5217455877620734
77 0.5259455144197186
78 0.5212659744408946
79 0.5196314706030024
80 0.5227553516048511
81 0.520458558304972
82 0.5219787261309753
83 0.5195885370783023
84 0.5213356119363743
85 0.5232732535192738
86 0.5236293416142584
87 0.5190645118906846
88 0.5173706908097394
89 0.5187688098495212
90 0.5196010719120369
91 0.5223780895123581
92 0.5257085527965889
93 0.5273240684347489
94 0.5210594636396277
95 0.5213703734601374
96 0.5143251542383863
97 0.5162263934002127
98 0.5198530697918489
99 0.5217795870892702
100 0.5152066164178667
101 0.521526826653963
102 0.5186574942672504
103 0.5229215692115219
104 0.5219418052256533
105 0.5177828961143849
106 0.5202936358672572
107 0.5239891691259241
108 0.5235208535402521
109 0.5243051377692215
110 0.5148998090156729
111 0.5218730933496034
112 0.5159255175793214
113 0.5173594893352016
114 0.5215277777777778
115 0.5228603069134631
116 0.5226836859810734
117 0.5192741632192553
118 0.5197658315497923
119 0.5207401060014599
120 0.5192387388823361
121 0.5192252095981498
122 0.5181683232218923
123 0.523871260493307
124 0.51978951446281
125 0.5221181788827898
126 0.5170507504901488
127 0.5171800181182865
128 0.5204984707490076
129 0.5169682151589242
130 0.5124576243293947
131 0.5172852740184912
132 0.5191462227741048
133 0.5202838398714688
134 0.5160271487131242
135 0.5165860636196444
136 0.5187600286777508
137 0.5158781816313247
138 0.5154011213400707
139 0.5131995776135164
140 0.51513200257566
141 0.5227547464979023
142 0.5168899858956276
143 0.5188346501128668
144 0.5184337476671714
145 0.5183400738526464
146 0.5161895989797365
147 0.5152763961915588
148 0.514080439020868
149 0.5140241885086204
150 0.5162119856887298
151 0.525571679039057
152 0.5164162493043962
153 0.5194872747538547
154 0.5180919830596626
155 0.5157772447908859
156 0.5167045454545455
157 0.5218249449631822
158 0.5179051877676305
159 0.5165723831580546
160 0.5180028987718361
161 0.5205416920267802
162 0.5141993263931415
163 0.5161691542288557
164 0.513984375
165 0.5145001975503753
166 0.5224200985848306
167 0.5178443968593861
168 0.5128021057669299
169 0.5209175707594379
170 0.5132743362831859
171 0.5168241811960241
172 0.5156908473466716
173 0.5140384296836177
174 0.5151881328388683
175 0.5173048754969659
176 0.5115925503610794
177 0.5157487017962032
178 0.5141698658499763
179 0.5200226096786816
180 0.51712135056346
181 0.5147238194807457
182 0.5130298136103715
183 0.5126264848218214
184 0.5098963242224317
185 0.5209116860754905
186 0.513830792065848
187 0.5186250280835767
188 0.5116647074780721
189 0.5186271365073546
190 0.5119486990219597
191 0.5184906015923116
192 0.5200855495629533
193 0.5134706074613624
194 0.518803741850137
195 0.5171252371916508
196 0.5179282868525896
197 0.5201213442669574
198 0.5140426745235945
199 0.5155493794623605
200 0.5147214471278745
201 0.5185506826844213
202 0.5139306863411319
203 0.5169654906497012
204 0.5166480880143459
205 0.5174230341694457
206 0.5168804861580013
207 0.5152057245080501
208 0.5203942232630757
209 0.5112288547540346
210 0.5194830340287526
211 0.5148290804044294
212 0.5119757552057874
213 0.5165351183934459
214 0.5207147848657283
215 0.5218091334894613
216 0.5177441939066196
217 0.503816037268312
218 0.5156449390026032
219 0.5210684917513663
220 0.5140478136493666
221 0.5147210212065061
222 0.5190420501347435
223 0.5216317063331989
224 0.5103669072060169
225 0.5189167050632263
226 0.517826395219285
227 0.5225919439579685
228 0.5181957716492548
229 0.5173913043478261
230 0.5125371655104063
231 0.5199901161354089
232 0.5110768158510479
233 0.5150214592274678
234 0.5189355685720056
235 0.5208281116847963
236 0.5101958409045023
237 0.5183019827147941
238 0.5139436115233076
239 0.516198593212507
240 0.5175145311455172
241 0.5189795604733364
242 0.5126872516050137
243 0.5166061102297733
244 0.5139434001239414
245 0.522038495644463
246 0.5147585205166779
247 0.515006821282401
248 0.5164141414141414
249 0.5209665583394486
250 0.5085887328355871
251 0.5132785836177475
252 0.5187616760074727
253 0.513866836032603
254 0.5153911474365779
255 0.5196867061812024
256 0.5187621704120836
257 0.5165797705943691
258 0.5133438818565401
259 0.5133875977294634
260 0.5128640245237573
261 0.5225230162209558
262 0.5204869035974351
263 0.519788062283737
264 0.5126328345261332
265 0.5139720010979961
266 0.5215083187390543
267 0.5126225288866985
268 0.5152435656688391
269 0.5192086370362251
270 0.5206093674031657
271 0.515271887916689
272 0.5183071290114151
273 0.5114761231371696
274 0.5160988496890307
275 0.5135299315219792
276 0.5123010130246021
277 0.5116580310880829
278 0.5116014558689718
279 0.5137625178826896
280 0.5207443220148414
281 0.5101857567764746
282 0.5115278733654508
283 0.514942661878837
284 0.5242290748898678
285 0.5166375767130229
286 0.5189994378864531
287 0.5152279993269393
288 0.5128394081968143
289 0.5132880809940175
290 0.5128265061649039
291 0.5138170272812794
292 0.5132607151314231
293 0.5073689296931626
294 0.5208107129931234
295 0.5143747005270723
296 0.5109853326030065
297 0.5208066776335831
298 0.5165010428168323
299 0.5180670709070659
300 0.5200172191132156
301 0.5191881918819188
302 0.5074067129195575
303 0.5175982114340466
304 0.513762642427346
305 0.521361517338272
306 0.5134912069074979
307 0.5128715413751043
308 0.5184995190766272
309 0.5189014334644171
310 0.5144103147516117
311 0.5184927609534046
312 0.5167676263036283
313 0.5138845553822153
314 0.511459513915124
315 0.5083242967404478
316 0.5135867811269605
317 0.5121257194593546
318 0.5204760685948298
319 0.5220666708519053
320 0.5063585998489045
321 0.5169847328244275
322 0.5124129195693476
323 0.5117214947301182
324 0.5106797377134324
325 0.521304234866199
326 0.5173797656806266
327 0.5152029231371525
328 0.5199922108269506
329 0.5104730831973899
330 0.50997150997151
331 0.5179384203480589
332 0.5210773608629475
333 0.5154780564263323
334 0.5151773981603154
335 0.5174368778429692
336 0.506368581663792
337 0.5077537753098125
338 0.5224761000745813
339 0.5143722652305621
340 0.5098372932126081
341 0.5181818181818182
342 0.5133919302373867
343 0.5093167701863354
344 0.5210031347962383
345 0.5169322022208428
346 0.5147018411651553
347 0.5192478632478632
348 0.5125467528051683
349 0.5069034899049469
350 0.5140390284992279
351 0.5185468717377688
352 0.5159034823142309
353 0.5128187598277159
354 0.5086932523802953
355 0.5061850569025235
356 0.5086025408348457
357 0.511939858490566
358 0.5177787532923617
359 0.5147776183644189
360 0.5116262328126124
361 0.507061836809367
362 0.5152609849601887
363 0.5143584151217739
364 0.5092315551339123
365 0.5175036927621861
366 0.5175194253042076
367 0.5089416593374377
368 0.513740514256244
369 0.5141833601403714
370 0.5168948441596272
371 0.5109263483187404
372 0.5160908485610712
373 0.5140193829991863
374 0.5137269650244453
375 0.5155824508320727
376 0.515246402743607
377 0.5175451584246372
378 0.5019711902956785
379 0.5134862028760202
380 0.5205059409735531
381 0.5124943207632894
382 0.5123156454310476
383 0.5121117776596552
384 0.5031055900621118
385 0.513298494657203
386 0.5105304212168487
387 0.515324027138735
388 0.5172922981269915
389 0.5101494885916601
390 0.5235358942065491
391 0.5112928348909658
392 0.5110093915239523
393 0.5117703197073326
394 0.5194077631052421
395 0.5161546399936493
396 0.5093635930804634
397 0.5162595049344766
398 0.5214920355399023
399 0.5097273162175092
400 0.5088075330789836
401 0.5071101871101871
402 0.5147096012812948
403 0.5105645706558486
404 0.5102845389098388
405 0.5139032815198619
406 0.5131374243733794
407 0.5224675659420912
408 0.5097253028493431
409 0.5215200683176772
410 0.5187468755207465
411 0.514659599138645
412 0.5121645347378981
413 0.5168244842746026
414 0.5129222972972973
415 0.5129116924900516
416 0.5173474619723124
417 0.516577630797931
418 0.517826968570463
419 0.5203695926081479
420 0.5163975362077576
421 0.510051934997487
422 0.5103242320819112
423 0.5137883488452258
424 0.5191715166039028
425 0.506607553926166
426 0.5126500302219152
427 0.5164911670002611
428 0.5187668727684404
429 0.5207440425167152
430 0.5065236051502146
431 0.513949433304272
432 0.5085623957144112
433 0.5185023182573703
434 0.5124533541612427
435 0.5126659678546471
436 0.5132372214941022
437 0.5115563757799455
438 0.5108618862592723
439 0.5150256319604031
440 0.5096682632605997
441 0.5094715852442672
442 0.5118840047719556
443 0.5158859840232389
444 0.5105701473414478
445 0.511339442747385
446 0.5174477488260749
447 0.514798287951917
448 0.5149193184891373
449 0.5129496402877698
450 0.5069533394327539
451 0.5046033665023715
452 0.5058473926380368
453 0.5188470066518847
454 0.517799352750809
455 0.5184205554505952
456 0.5139321809766695
457 0.509692671394799
458 0.5122927387078331
459 0.5193864106907585
460 0.5084539934609995
461 0.5139850194368066
462 0.5177453027139874
463 0.5131901262483513
464 0.5171081157507776
465 0.5142695142695143
466 0.5087903688133002
467 0.5110140708393983
468 0.5162281544075283
469 0.5081840939726555
470 0.5040537868301365
471 0.523075412411626
472 0.5046491142213957
473 0.5112706961899063
474 0.5108043217286915
475 0.5098370429252782
476 0.5062858292265916
477 0.51847365233192
478 0.5094549499443827
479 0.5118657937806874
480 0.511772500254816
481 0.5110339190845934
482 0.518860188601886
483 0.5183734939759036
484 0.5138292561158263
485 0.5122024404880976
486 0.521514458908874
487 0.5187066523395526
488 0.5126903553299492
489 0.5057915057915058
490 0.507255139056832
491 0.5108394123086407
492 0.519626934508558
493 0.5170805879371515
494 0.5174902275233036
495 0.5041447634452082
496 0.508563074352548
497 0.5202567610228349
498 0.5148000419859348
