10 : -7, 16 : 0, 6, 128, 1912, 2237, 3262, 7962, 46025, 53387, 3413, 1420, 981, 637, 476, 430, 328, 295, 252, 115, 11, 6, 2, 1
20 : -14, 22 : 0, 1, 4, 12, 285, 290, 306, 345, 468, 549, 845, 1473, 3929, 30013, 35662, 1854, 787, 492, 329, 240, 194, 143, 156, 106, 109, 112, 91, 70, 62, 65, 64, 48, 52, 56, 19, 2
30 : -18, 33 : 0, 1, 5, 102, 134, 132, 114, 139, 146, 164, 176, 212, 256, 376, 537, 976, 2730, 24011, 28427, 1393, 556, 328, 228, 167, 137, 118, 84, 91, 77, 69, 62, 58, 48, 45, 29, 28, 47, 39, 25, 32, 26, 28, 28, 28, 27, 18, 14, 26, 11, 0, 1
40 : -22, 41 : 0, 1, 59, 64, 55, 47, 46, 66, 72, 70, 78, 76, 70, 119, 139, 150, 167, 270, 424, 784, 2297, 21556, 25560, 1135, 458, 251, 178, 138, 120, 86, 58, 73, 49, 52, 50, 41, 41, 32, 26, 29, 22, 26, 27, 23, 27, 18, 17, 14, 11, 17, 22, 10, 15, 10, 14, 9, 12, 17, 8, 11, 3, 17, 5
50 : -27, 51 : 0, 1, 35, 31, 35, 23, 41, 35, 39, 33, 50, 50, 46, 47, 48, 61, 58, 59, 83, 98, 114, 143, 199, 333, 653, 1897, 19758, 22899, 1068, 418, 250, 153, 117, 98, 82, 81, 50, 42, 34, 48, 33, 16, 22, 22, 24, 20, 14, 15, 26, 19, 15, 19, 16, 14, 12, 13, 11, 10, 8, 16, 10, 8, 11, 6, 5, 7, 4, 7, 4, 4, 5, 4, 3, 4, 4, 7, 4, 3
70 : -36, 71 : 0, 19, 11, 10, 14, 13, 11, 12, 12, 15, 15, 16, 21, 9, 24, 25, 26, 26, 24, 26, 29, 32, 35, 24, 36, 50, 56, 53, 74, 79, 106, 157, 295, 549, 1493, 16508, 19286, 843, 325, 185, 138, 86, 87, 43, 44, 46, 22, 32, 31, 24, 27, 18, 14, 18, 16, 11, 13, 11, 12, 5, 8, 10, 12, 6, 6, 11, 9, 2, 9, 3, 10, 6, 8, 9, 6, 14, 8, 6, 3, 2, 2, 3, 7, 7, 1, 1, 4, 6, 8, 1, 4, 2, 3, 2, 6, 1, 3, 1, 5, 2, 8, 8, 2, 4, 3, 0, 2
90 : -51, 90 : 0, 1, 0, 0, 0, 0, 9, 7, 10, 8, 9, 6, 9, 9, 6, 15, 10, 9, 14, 15, 4, 11, 14, 12, 12, 12, 11, 16, 16, 16, 11, 18, 21, 15, 12, 29, 26, 21, 33, 31, 42, 31, 44, 48, 76, 88, 137, 198, 420, 1263, 14564, 16704, 695, 275, 165, 83, 84, 52, 46, 33, 37, 20, 13, 20, 16, 22, 15, 13, 10, 5, 11, 10, 11, 10, 11, 7, 10, 4, 5, 9, 9, 5, 3, 3, 2, 3, 1, 2, 5, 2, 3, 1, 6, 4, 5, 3, 3, 4, 3, 9, 2, 5, 4, 2, 0, 4, 3, 3, 3, 2, 4, 5, 4, 3, 2, 2, 0, 2, 0, 2, 2, 3, 5, 5, 2, 2, 4, 1, 0, 3, 4, 1, 0, 3, 3, 3, 4, 1, 3, 5, 4
100 : -52, 100 : 0, 1, 9, 8, 10, 5, 2, 5, 10, 5, 8, 7, 7, 6, 8, 4, 9, 8, 6, 6, 8, 15, 12, 7, 7, 11, 11, 7, 9, 12, 13, 12, 15, 15, 9, 13, 11, 16, 27, 30, 25, 34, 36, 40, 63, 58, 87, 121, 203, 387, 1108, 13984, 15637, 649, 231, 148, 78, 73, 47, 43, 29, 31, 31, 25, 22, 16, 13, 12, 11, 7, 8, 11, 7, 10, 13, 10, 9, 5, 7, 4, 10, 3, 5, 6, 2, 5, 2, 7, 4, 4, 6, 7, 3, 3, 5, 2, 0, 2, 3, 0, 2, 4, 1, 4, 3, 4, 3, 5, 0, 1, 2, 5, 1, 1, 3, 6, 2, 6, 2, 3, 1, 2, 3, 2, 1, 3, 1, 2, 0, 2, 2, 2, 0, 4, 1, 2, 5, 2, 1, 0, 5, 0, 2, 4, 2, 4, 0, 1, 0, 0, 1, 1
500 : -250, 407 : 0, 2, 0, 0, 1, 0, 0, 0, 0, 0, 0, 0, 0, 0, 0, 0, 0, 0, 0, 0, 0, 0, 0, 0, 0, 0, 0, 0, 1, 0, 0, 0, 0, 0, 0, 0, 1, 0, 0, 0, 0, 0, 0, 0, 0, 0, 0, 0, 0, 0, 0, 1, 0, 0, 0, 0, 0, 0, 0, 0, 0, 0, 0, 1, 0, 1, 0, 1, 0, 0, 0, 0, 0, 0, 0, 2, 0, 1, 0, 0, 0, 0, 1, 0, 0, 0, 0, 0, 1, 0, 1, 0, 0, 0, 0, 0, 0, 0, 0, 0, 0, 1, 0, 1, 0, 0, 0, 1, 0, 0, 0, 0, 0, 0, 1, 0, 0, 0, 0, 0, 0, 0, 0, 1, 0, 0, 0, 0, 0, 1, 0, 0, 0, 1, 0, 1, 0, 0, 0, 0, 0, 0, 0, 0, 0, 0, 0, 0, 0, 0, 0, 0, 1, 0, 1, 0, 0, 0, 0, 0, 0, 0, 0, 0, 0, 1, 1, 0, 0, 0, 0, 0, 0, 1, 0, 2, 1, 0, 0, 0, 0, 0, 0, 0, 0, 0, 0, 1, 1, 0, 2, 0, 0, 0, 0, 0, 0, 0, 1, 0, 0, 0, 0, 1, 0, 1, 1, 1, 0, 1, 1, 0, 1, 0, 0, 0, 1, 0, 2, 0, 1, 0, 0, 1, 0, 1, 2, 2, 1, 1, 3, 2, 2, 5, 2, 6, 3, 3, 2, 3, 5, 7, 10, 7, 15, 15, 34, 29, 70, 255, 4080, 4651, 142, 47, 30, 35, 12, 9, 10, 7, 3, 4, 6, 2, 3, 3, 1, 3, 1, 2, 2, 2, 1, 1, 3, 1, 4, 0, 1, 0, 0, 2, 0, 0, 0, 1, 1, 2, 0, 1, 0, 1, 0, 0, 1, 1, 0, 1, 1, 1, 2, 1, 0, 1, 1, 0, 1, 0, 0, 1, 0, 1, 0, 0, 0, 0, 0, 0, 0, 0, 0, 0, 0, 0, 0, 0, 0, 0, 1, 1, 0, 0, 0, 0, 0, 0, 0, 1, 0, 0, 1, 0, 0, 0, 0, 0, 0, 0, 0, 0, 0, 0, 0, 0, 0, 0, 0, 0, 0, 0, 0, 0, 0, 0, 0, 0, 0, 0, 0, 0, 0, 0, 0, 1, 1, 0, 0, 0, 0, 0, 0, 0, 0, 0, 0, 0, 0, 0, 1, 0, 1, 0, 0, 0, 0, 0, 1, 0, 0, 0, 0, 0, 0, 0, 0, 0, 0, 0, 0, 0, 0, 0, 0, 0, 0, 0, 0, 0, 0, 0, 0, 0, 0, 0, 0, 0, 0, 0, 0, 0, 0, 0, 0, 0, 0, 0, 0, 0, 0, 0, 0, 0, 0, 0, 0, 0, 0, 0, 0, 0, 0, 0, 0, 0, 0, 0, 0, 0, 0, 0, 0, 0, 0, 0, 0, 0, 0, 0, 0, 0, 0, 0, 1, 0, 0, 0, 0, 0, 0, 0, 0, 0, 0, 0, 0, 0, 0, 0, 0, 0, 0, 0, 0, 0, 0, 1, 0, 0, 0, 0, 1, 0, 0, 0, 0, 0, 0, 0, 0, 0, 0, 0, 0, 0, 0, 0, 0, 0, 0, 0, 0, 0, 0, 0, 1, 0, 0, 0, 0, 0, 0, 0, 0, 0, 0, 0, 0, 0, 0, 0, 0, 0, 0, 0, 0, 0, 0, 0, 0, 0, 0, 0, 0, 0, 0, 0, 0, 0, 0, 0, 0, 0, 0, 0, 0, 0, 0, 0, 0, 0, 0, 0, 0, 0, 0, 0, 0, 0, 0, 0, 0, 0, 0, 0, 0, 0, 0, 0, 0, 0, 0, 0, 0, 0, 0, 0, 0, 0, 0, 0, 0, 0, 0, 0, 0, 0, 0, 0, 0, 0, 0, 0, 0, 0, 0, 0, 0, 0, 0, 0, 0, 0, 0, 0, 0, 0, 0, 0, 0, 0, 0, 0, 0, 0, 0, 0, 0, 0, 0, 0, 0, 1, 1, 0, 0, 0, 0, 0, 0, 0, 0, 0, 0, 0, 0, 0, 1
1000 : -117, 233 : 0, 1, 0, 0, 0, 0, 0, 0, 0, 0, 0, 0, 0, 0, 0, 0, 0, 0, 0, 0, 0, 0, 0, 0, 0, 1, 0, 0, 0, 0, 0, 0, 0, 0, 0, 0, 0, 0, 0, 0, 0, 0, 0, 0, 0, 0, 0, 0, 0, 0, 0, 0, 0, 0, 0, 0, 0, 0, 0, 0, 1, 0, 0, 0, 0, 0, 0, 0, 0, 0, 0, 0, 0, 0, 0, 0, 0, 0, 1, 0, 0, 1, 0, 0, 0, 0, 0, 0, 0, 0, 0, 0, 0, 1, 0, 0, 0, 1, 0, 0, 0, 0, 0, 0, 0, 0, 1, 0, 4, 1, 1, 1, 3, 3, 11, 38, 671, 755, 24, 14, 3, 3, 1, 2, 0, 1, 1, 0, 0, 0, 0, 1, 0, 0, 0, 0, 0, 0, 0, 0, 0, 0, 1, 0, 0, 0, 0, 0, 0, 0, 2, 0, 0, 0, 0, 0, 0, 0, 0, 0, 0, 0, 0, 0, 0, 0, 1, 1, 0, 0, 0, 0, 0, 0, 0, 0, 0, 0, 0, 0, 0, 0, 0, 0, 0, 1, 0, 0, 0, 0, 0, 0, 0, 0, 0, 0, 0, 0, 0, 0, 0, 0, 0, 0, 0, 0, 1, 0, 0, 0, 0, 0, 0, 0, 0, 0, 0, 0, 0, 0, 0, 0, 0, 0, 0, 0, 0, 0, 0, 0, 0, 0, 0, 0, 0, 0, 0, 0, 0, 0, 0, 0, 0, 0, 0, 0, 0, 0, 0, 0, 0, 0, 0, 0, 0, 0, 0, 0, 0, 0, 0, 0, 0, 0, 0, 0, 0, 0, 0, 0, 0, 0, 0, 0, 0, 0, 0, 0, 0, 0, 0, 1, 0, 0, 0, 0, 0, 0, 0, 0, 0, 0, 0, 0, 0, 0, 0, 0, 0, 0, 0, 0, 0, 0, 0, 0, 0, 0, 0, 0, 0, 0, 0, 0, 0, 0, 0, 0, 0, 0, 0, 0, 0, 0, 0, 0, 0, 0, 0, 0, 0, 0, 0, 0, 0, 0, 0, 0, 0, 0, 0, 0, 0, 0, 0, 0, 0, 0, 0, 1
