2 0.8524094485100011
3 0.8230192753129955
4 0.8004293991637846
5 0.781366739298167
6 0.7641311712837833
7 0.7522950081407835
8 0.7397069085833915
9 0.7293408837458543
10 0.7210023578816929
11 0.7123863746643807
12 0.7053999878515459
13 0.6990074468198767
14 0.6917329055447671
15 0.6864427656429627
16 0.6794393380947283
17 0.6773389830508475
18 0.6725859531019999
19 0.6688967692720038
20 0.663780175670038
21 0.6599677566240447
22 0.6552428233975257
23 0.6528690605730867
24 0.6501437230519278
25 0.6463721598107949
26 0.645352107564733
27 0.6429165940808702
28 0.6382760179136365
29 0.6341265489637021
30 0.6276090970712667
31 0.6299374733194385
32 0.6289751709822498
33 0.6289525829588903
34 0.6275480318650422
35 0.6198908807482463
36 0.6173649339090879
37 0.6216206800445931
38 0.623280192181699
39 0.6184850590687978
40 0.6148338830343496
41 0.618963782696177
42 0.6134833412970766
43 0.6024739821069929
44 0.612414655255313
45 0.606675392670157
46 0.6036424886830193
47 0.6032057389452447
48 0.6063652553570402
49 0.6081097340873541
50 0.6022109799512835
51 0.6026942600546662
52 0.6004831242031806
53 0.6009000140627198
54 0.6006636370194042
55 0.5958151437603493
56 0.6032650546742646
57 0.5932121988313456
58 0.5982637453493179
59 0.5955756747523061
60 0.5830013280212484
61 0.588011505984968
62 0.5949051905765179
63 0.5967403259674032
64 0.5985611510791367
65 0.5874787414965986
66 0.5946122094286335
67 0.5900100569896077
68 0.5936489607390301
69 0.5860704866938384
70 0.5932822197882439
71 0.5804576376004947
72 0.5816012317167052
73 0.5840188014101058
74 0.5782539260047911
75 0.5723521320495186
76 0.5748716486023959
77 0.5774542179525668
78 0.5870451693851945
79 0.5768249920306024
80 0.5914762599254578
81 0.5664642375168691
82 0.5758318739054291
83 0.5778255418233924
84 0.5647462524832942
85 0.5788510793999269
86 0.5798303834808259
87 0.5866466616654163
88 0.573220142774455
89 0.5740050970397961
90 0.5783498885059801
91 0.5636552440290759
92 0.5771611526147279
93 0.573077760836419
94 0.5722570169334261
95 0.5806837198183122
96 0.5734749320819955
97 0.5757724374693477
98 0.576583396416856
99 0.5777777777777777
100 0.5759590792838875
101 0.567398119122257
102 0.5535905680600214
103 0.5689802913453299
104 0.5828202873057754
105 0.5539696699375558
106 0.5712534477474717
107 0.568846037963242
108 0.5699386503067485
109 0.5506607929515418
110 0.5589676576282261
111 0.5514208389715832
112 0.5652620760534429
113 0.5608519269776876
114 0.5588235294117647
115 0.5632667367683141
116 0.5602000714540908
117 0.5718966144885329
118 0.5607272727272727
119 0.5517897943640518
120 0.5715935334872979
121 0.5738636363636364
122 0.5758051846032993
123 0.5520628683693517
124 0.5589211618257262
125 0.5527789745799224
126 0.5755968169761273
127 0.5708661417322834
128 0.5590790616854909
129 0.5658813263525305
130 0.55
131 0.5602636534839924
132 0.5452346395742622
133 0.550259067357513
134 0.5596730245231608
135 0.5731375747688962
136 0.5429815016322089
137 0.5544668587896253
138 0.5824858757062147
139 0.5537513997760358
140 0.5659403669724771
141 0.5605355064027939
142 0.5718374356038924
143 0.5531914893617021
144 0.5605617320070216
145 0.5607476635514018
146 0.5367510809141446
147 0.5468948035487959
148 0.5609756097560976
149 0.5518518518518518
150 0.5596868884540117
151 0.5319843342036553
152 0.5795235028976176
153 0.5477258167841127
154 0.5413533834586466
155 0.5526315789473685
156 0.5549853372434017
157 0.5416666666666666
158 0.5610310841546626
159 0.5538461538461539
160 0.5482866043613707
161 0.58
162 0.5357423409269442
163 0.5612745098039216
164 0.5414175918018788
165 0.583904109589041
166 0.5647359454855196
167 0.541958041958042
168 0.5539568345323741
169 0.5606060606060606
170 0.5405405405405406
171 0.554337899543379
172 0.5730533683289589
173 0.5554577464788732
174 0.5627118644067797
175 0.5374032674118658
176 0.525911708253359
177 0.5451807228915663
178 0.5661538461538461
179 0.546031746031746
180 0.5952626158599382
181 0.5354251012145749
182 0.5844017094017094
183 0.5627572016460906
184 0.5256830601092897
185 0.5560391730141458
186 0.5343855693348365
187 0.557396449704142
188 0.5537190082644629
189 0.5584562996594779
190 0.5368536853685368
191 0.5434047350620068
192 0.5470383275261324
193 0.5482406356413166
194 0.5390898483080513
195 0.5380710659898477
196 0.556282722513089
197 0.5773447015834349
198 0.5308953341740227
199 0.5146853146853146
200 0.5385756676557863
201 0.540500736377025
202 0.5405405405405406
203 0.562111801242236
204 0.5776772247360482
205 0.5601783060921248
206 0.5585185185185185
207 0.5649717514124294
208 0.5245441795231417
209 0.5315186246418339
210 0.5375375375375375
211 0.5226209048361935
212 0.5515055467511886
213 0.5508196721311476
214 0.5535420098846787
215 0.5604026845637584
216 0.555008210180624
217 0.546644844517185
218 0.5035335689045937
219 0.5670498084291188
220 0.5502846299810247
221 0.5607142857142857
222 0.5314685314685315
223 0.5471014492753623
224 0.5521821631878557
225 0.5275142314990512
226 0.5257352941176471
227 0.5128205128205128
228 0.5744234800838575
229 0.5901287553648069
230 0.5448430493273543
231 0.5291375291375291
232 0.5670995670995671
233 0.5477178423236515
234 0.5456431535269709
235 0.546875
236 0.5825242718446602
237 0.5412474849094567
238 0.52
239 0.56
240 0.531390134529148
241 0.5212264150943396
242 0.5746606334841629
243 0.5496688741721855
244 0.5433255269320844
245 0.5476190476190477
246 0.5692695214105793
247 0.5639097744360902
248 0.5682926829268292
249 0.5449871465295629
250 0.5586592178770949
251 0.5914285714285714
252 0.5632183908045977
253 0.5809018567639257
254 0.5233160621761658
255 0.5606796116504854
256 0.5180722891566265
257 0.5463659147869674
258 0.5369458128078818
259 0.4838709677419355
260 0.5054347826086957
261 0.5228571428571429
262 0.5606060606060606
263 0.540625
264 0.5840978593272171
265 0.55
266 0.5608308605341247
267 0.5826558265582655
268 0.5389221556886228
269 0.5692771084337349
270 0.5649546827794562
271 0.5082508250825083
272 0.5379310344827586
273 0.56
274 0.5488505747126436
275 0.525
276 0.46301369863013697
277 0.5266457680250783
278 0.5252525252525253
279 0.5915032679738562
280 0.5368731563421829
281 0.5245901639344263
282 0.5566343042071198
283 0.5206349206349207
284 0.548951048951049
285 0.5486111111111112
286 0.515625
287 0.5622489959839357
288 0.5683453237410072
289 0.547945205479452
290 0.518796992481203
291 0.51953125
292 0.5121951219512195
293 0.5676855895196506
294 0.5352112676056338
295 0.53
296 0.521505376344086
297 0.5968586387434555
298 0.558974358974359
299 0.5550239234449761
300 0.5388349514563107
301 0.5247524752475248
302 0.5291005291005291
303 0.6
304 0.5652173913043478
305 0.5476190476190477
306 0.5588235294117647
307 0.518324607329843
308 0.574468085106383
309 0.5821596244131455
310 0.59375
311 0.582995951417004
312 0.5158371040723982
313 0.5686274509803921
314 0.5076923076923077
315 0.5245901639344263
316 0.6020408163265306
317 0.5248868778280543
318 0.5502392344497608
319 0.5613207547169812
320 0.5528846153846154
321 0.5329949238578681
322 0.46706586826347307
323 0.5510204081632653
324 0.5384615384615384
325 0.5317919075144508
326 0.5654761904761905
327 0.5625
328 0.4918918918918919
329 0.5136986301369864
330 0.6136363636363636
331 0.5227272727272727
332 0.6089385474860335
333 0.5784313725490197
334 0.5121951219512195
335 0.5
336 0.54375
337 0.5533333333333333
338 0.5723684210526315
339 0.5228758169934641
340 0.5534591194968553
341 0.559748427672956
342 0.572289156626506
343 0.514792899408284
344 0.45161290322580644
345 0.5205479452054794
346 0.4307692307692308
347 0.5169491525423728
348 0.5135135135135135
349 0.4895833333333333
350 0.5403225806451613
351 0.5118110236220472
352 0.5973154362416108
353 0.5283018867924528
354 0.4418604651162791
355 0.5094339622641509
356 0.6181818181818182
357 0.5954198473282443
358 0.456
359 0.5
360 0.5675675675675675
361 0.5739130434782609
362 0.6076923076923076
363 0.5390070921985816
364 0.45384615384615384
365 0.525
366 0.5714285714285714
367 0.5211267605633803
368 0.5208333333333334
369 0.49523809523809526
370 0.6178861788617886
371 0.5040650406504065
372 0.5728155339805825
373 0.5583333333333333
374 0.47706422018348627
375 0.6442307692307693
376 0.4742268041237113
377 0.5714285714285714
378 0.5046728971962616
379 0.509090909090909
380 0.52
381 0.5660377358490566
382 0.5
383 0.5887850467289719
384 0.5619834710743802
385 0.5597014925373134
386 0.46551724137931033
387 0.47572815533980584
388 0.5585585585585585
389 0.5175438596491229
390 0.4909090909090909
391 0.5
392 0.5609756097560976
393 0.5617977528089888
394 0.4939759036144578
395 0.5647058823529412
396 0.5113636363636364
397 0.5333333333333333
398 0.49382716049382713
399 0.6086956521739131
400 0.48314606741573035
401 0.47297297297297297
402 0.4714285714285714
403 0.6
404 0.55
405 0.5466666666666666
406 0.6071428571428571
407 0.4787234042553192
408 0.5529411764705883
409 0.5833333333333334
410 0.5473684210526316
411 0.5670103092783505
412 0.4945054945054945
413 0.5392156862745098
414 0.5714285714285714
415 0.5172413793103449
416 0.5263157894736842
417 0.5476190476190477
418 0.5764705882352941
419 0.5232558139534884
420 0.5421686746987951
421 0.5714285714285714
422 0.5350877192982456
423 0.40229885057471265
424 0.4794520547945205
425 0.484375
426 0.6533333333333333
427 0.5698924731182796
428 0.44594594594594594
429 0.578125
430 0.5357142857142857
431 0.5833333333333334
432 0.5892857142857143
433 0.5079365079365079
434 0.6029411764705882
435 0.5822784810126582
436 0.5
437 0.35384615384615387
438 0.6538461538461539
439 0.559322033898305
440 0.46551724137931033
441 0.62
442 0.5185185185185185
443 0.5434782608695652
444 0.6440677966101694
445 0.4745762711864407
446 0.6507936507936508
447 0.48717948717948717
448 0.4098360655737705
449 0.6078431372549019
450 0.5384615384615384
451 0.5283018867924528
452 0.44
453 0.4523809523809524
454 0.5416666666666666
455 0.4230769230769231
456 0.3333333333333333
457 0.5151515151515151
458 0.5789473684210527
459 0.575
460 0.5454545454545454
461 0.4642857142857143
462 0.49056603773584906
463 0.47619047619047616
464 0.5217391304347826
465 0.3611111111111111
466 0.5142857142857142
467 0.5588235294117647
468 0.6666666666666666
469 0.46511627906976744
470 0.6170212765957447
471 0.5
472 0.5714285714285714
473 0.45454545454545453
474 0.5957446808510638
475 0.5813953488372093
476 0.43243243243243246
477 0.6578947368421053
478 0.5405405405405406
479 0.5757575757575758
480 0.6052631578947368
481 0.43243243243243246
482 0.5588235294117647
483 0.5813953488372093
484 0.5434782608695652
485 0.5555555555555556
486 0.4634146341463415
487 0.425
488 0.41935483870967744
489 0.391304347826087
490 0.6111111111111112
491 0.44
492 0.5555555555555556
493 0.6190476190476191
494 0.5483870967741935
495 0.5294117647058824
496 0.59375
497 0.6470588235294118
498 0.5466666666666666
