2 0.6012970500573807
3 0.5634740881627496
4 0.5428680025497037
5 0.5316129444630349
6 0.5228326090249217
7 0.5169362109771216
8 0.5136775679871789
9 0.5112303561588156
10 0.5086638080994745
11 0.5078439582138002
12 0.5043824514831339
13 0.5017263561413643
14 0.5037273539448439
15 0.5018512123232113
16 0.5015025100756558
17 0.5019687319050377
18 0.5005182974713366
19 0.4997207308871639
20 0.5013528237901103
21 0.5006853467591006
22 0.5041267698710648
23 0.5022836538461538
24 0.5015741771346796
25 0.5000253734120473
26 0.5000891456282984
27 0.49769559246787937
28 0.4989277204130262
29 0.5037108811281079
30 0.4981510147918817
31 0.5004327821055988
32 0.5008246548230526
33 0.4987742694646009
34 0.5020186017988553
35 0.5036054148237502
36 0.4976906269878585
37 0.49881331403762663
38 0.49613528000710755
39 0.4959291926232036
40 0.4997738579828132
41 0.5005762075664285
42 0.502298028801961
43 0.5028260487976127
44 0.49389912741228864
45 0.5049251012898189
46 0.5037525585626563
47 0.5038963073187923
48 0.499459978399136
49 0.49533823469010557
50 0.5003173259995769
51 0.5053772766695577
52 0.504125524144461
53 0.5014490086940522
54 0.49967441860465117
55 0.49934204342513394
56 0.5022672972841191
57 0.4971034758290052
58 0.49627056299172373
59 0.5032453936348409
60 0.4949419657118518
61 0.4938345700567438
62 0.4932169465139553
63 0.4979177363226653
64 0.4941571213698947
65 0.5051729234407331
66 0.4968654845065377
67 0.49803328290468984
68 0.48965345300423835
69 0.49531570841889117
70 0.4897787553370423
71 0.5031400320684126
72 0.5093865679534638
73 0.5034163987138264
74 0.5024640657084188
75 0.5035966294444064
76 0.5054707645132065
77 0.5023733616719802
78 0.5010063254744106
79 0.4959443800695249
80 0.49284298612640387
81 0.5027761104441777
82 0.49717130572527723
83 0.49779086892488955
84 0.49827423909632884
85 0.502724795640327
86 0.4956760688596137
87 0.49629810430396226
88 0.49276077657124057
89 0.49756588887023667
90 0.4987937273823884
91 0.5035144865420881
92 0.490163211292457
93 0.49936663047412233
94 0.4997714181219713
95 0.5038314176245211
96 0.4983851619451878
97 0.500330906684315
98 0.4979797499643485
