0.000 0.0000 0.0000
0.001 0.0000 0.0000
0.002 0.0000 0.0000
0.003 0.0000 0.0000
0.004 0.0000 0.0000
0.005 0.0000 0.0000
0.006 0.0000 0.0000
0.007 0.0000 0.0000
0.008 0.0000 0.0000
0.009 0.0000 0.0000
0.010 0.0000 0.0000
0.011 0.0000 0.0000
0.012 0.0000 0.0000
0.013 0.0000 0.0000
0.014 0.0000 0.0000
0.015 0.0000 0.0000
0.016 0.0000 0.0000
0.017 0.0000 0.0000
0.018 0.0000 0.0000
0.019 0.0000 0.0000
0.020 0.0000 0.0000
0.021 0.0000 0.0000
0.022 0.0000 0.0000
0.023 0.0000 0.0000
0.024 0.0000 0.0000
0.025 0.0000 0.0000
0.026 0.0000 0.0000
0.027 0.0000 0.0000
0.028 0.0000 0.0000
0.029 0.0000 0.0000
0.030 0.0000 0.0000
0.031 0.0000 0.0000
0.032 0.0000 0.0000
0.033 0.0000 0.0000
0.034 0.0000 0.0000
0.035 0.0000 0.0000
0.036 0.0000 0.0000
0.037 0.0000 0.0000
0.038 0.0000 0.0000
0.039 0.0000 0.0000
0.040 0.0000 0.0000
0.041 0.0000 0.0000
0.042 0.0000 0.0000
0.043 0.0000 0.0000
0.044 0.0000 0.0000
0.045 0.0000 0.0000
0.046 0.0000 0.0000
0.047 0.0000 0.0000
0.048 0.0000 0.0000
0.049 0.0000 0.0000
0.050 0.0000 0.0000
0.051 0.0000 0.0000
0.052 0.0000 0.0000
0.053 0.0000 0.0000
0.054 0.0000 0.0000
0.055 0.0000 0.0000
0.056 0.0000 0.0000
0.057 0.0000 0.0000
0.058 0.0000 0.0000
0.059 0.0000 0.0000
0.060 0.0000 0.0000
0.061 0.0000 0.0000
0.062 0.0000 0.0000
0.063 0.0000 0.0000
0.064 0.0000 0.0000
0.065 0.0000 0.0000
0.066 0.0000 0.0000
0.067 0.0000 0.0000
0.068 0.0000 0.0000
0.069 0.0000 0.0000
0.070 0.0000 0.0000
0.071 0.0000 0.0000
0.072 0.0000 0.0000
0.073 0.0000 0.0000
0.074 0.0000 0.0000
0.075 0.0000 0.0000
0.076 0.0000 0.0000
0.077 0.0000 0.0000
0.078 0.0000 0.0000
0.079 0.0000 0.0000
0.080 0.0000 0.0000
0.081 0.0000 0.0000
0.082 0.0000 0.0000
0.083 0.0000 0.0000
0.084 0.0000 0.0000
0.085 0.0000 0.0000
0.086 0.0000 0.0000
0.087 0.0000 0.0000
0.088 0.0000 0.0000
0.089 0.0000 0.0000
0.090 0.0000 0.0000
0.091 0.0000 0.0000
0.092 0.0000 0.0000
0.093 0.0000 0.0000
0.094 0.0000 0.0000
0.095 0.0000 0.0000
0.096 0.0000 0.0000
0.097 0.0000 0.0000
0.098 0.0000 0.0000
0.099 0.0000 0.0000
0.100 0.0000 0.0000
0.101 0.0000 0.0000
0.102 0.0000 0.0000
0.103 0.0000 0.0000
0.104 0.0000 0.0000
0.105 0.0000 0.0000
0.106 0.0000 0.0000
0.107 0.0000 0.0000
0.108 0.0000 0.0000
0.109 0.0000 0.0000
0.110 0.0000 0.0000
0.111 0.0000 0.0000
0.112 0.0000 0.0000
0.113 0.0000 0.0000
0.114 0.0000 0.0000
0.115 0.0000 0.0000
0.116 0.0000 0.0000
0.117 0.0000 0.0000
0.118 0.0000 0.0000
0.119 0.0000 0.0000
0.120 0.0000 0.0000
0.121 0.0000 0.0000
0.122 0.0000 0.0000
0.123 0.0000 0.0000
0.124 0.0000 0.0000
0.125 0.0000 0.0000
0.126 0.0000 0.0000
0.127 0.0000 0.0000
0.128 0.0000 0.0000
0.129 0.0000 0.0000
0.130 0.0000 0.0000
0.131 0.0000 0.0000
0.132 0.0000 0.0000
0.133 0.0000 0.0000
0.134 0.0000 0.0000
0.135 0.0000 0.0000
0.136 0.0000 0.0000
0.137 0.0000 0.0000
0.138 0.0000 0.0000
0.139 0.0000 0.0000
0.140 0.0000 0.0000
0.141 0.0000 0.0000
0.142 0.0000 0.0000
0.143 0.0000 0.0000
0.144 0.0000 0.0000
0.145 0.0000 0.0000
0.146 0.0000 0.0000
0.147 0.0000 0.0000
0.148 0.0000 0.0000
0.149 0.0000 0.0000
0.150 0.0000 0.0000
0.151 0.0000 0.0000
0.152 0.0000 0.0000
0.153 0.0000 0.0000
0.154 0.0000 0.0000
0.155 0.0000 0.0000
0.156 0.0000 0.0000
0.157 0.0000 0.0000
0.158 0.0000 0.0000
0.159 0.0000 0.0000
0.160 0.0000 0.0000
0.161 0.0000 0.0000
0.162 0.0000 0.0000
0.163 0.0000 0.0000
0.164 0.0000 0.0000
0.165 0.0000 0.0000
0.166 0.0000 0.0000
0.167 0.0000 0.0000
0.168 0.0000 0.0000
0.169 0.0000 0.0000
0.170 0.0000 0.0000
0.171 0.0000 0.0000
0.172 0.0000 0.0000
0.173 0.0000 0.0000
0.174 0.0000 0.0000
0.175 0.0000 0.0000
0.176 0.0000 0.0000
0.177 0.0000 0.0000
0.178 0.0000 0.0000
0.179 0.0000 0.0000
0.180 0.0000 0.0000
0.181 0.0000 0.0000
0.182 0.0000 0.0000
0.183 0.0000 0.0000
0.184 0.0000 0.0000
0.185 0.0000 0.0000
0.186 0.0000 0.0000
0.187 0.0000 0.0000
0.188 0.0000 0.0000
0.189 0.0000 0.0000
0.190 0.0000 0.0000
0.191 0.0000 0.0000
0.192 0.0000 0.0000
0.193 0.0000 0.0000
0.194 0.0000 0.0000
0.195 0.0000 0.0000
0.196 0.0000 0.0000
0.197 0.0000 0.0000
0.198 0.0000 0.0000
0.199 0.0000 0.0000
0.200 0.0000 0.0000
0.201 0.0000 0.0000
0.202 0.0000 0.0000
0.203 0.0000 0.0000
0.204 0.0000 0.0000
0.205 0.0000 0.0000
0.206 0.0000 0.0000
0.207 0.0000 0.0000
0.208 0.0000 0.0000
0.209 0.0000 0.0000
0.210 0.0000 0.0000
0.211 0.0000 0.0000
0.212 0.0000 0.0000
0.213 0.0000 0.0000
0.214 0.0000 0.0000
0.215 0.0000 0.0000
0.216 0.0000 0.0000
0.217 0.0000 0.0000
0.218 0.0000 0.0000
0.219 0.0000 0.0000
0.220 0.0000 0.0000
0.221 0.0000 0.0000
0.222 0.0000 0.0000
0.223 0.0000 0.0000
0.224 0.0000 0.0000
0.225 0.0000 0.0000
0.226 0.0000 0.0000
0.227 0.0000 0.0000
0.228 0.0000 0.0000
0.229 0.0000 0.0000
0.230 0.0000 0.0000
0.231 0.0000 0.0000
0.232 0.0000 0.0000
0.233 0.0000 0.0000
0.234 0.0000 0.0000
0.235 0.0000 0.0000
0.236 0.0000 0.0000
0.237 0.0000 0.0000
0.238 0.0000 0.0000
0.239 0.0000 0.0000
0.240 0.0000 0.0000
0.241 0.0000 0.0000
0.242 0.0000 0.0000
0.243 0.0000 0.0000
0.244 0.0000 0.0000
0.245 0.0000 0.0000
0.246 0.0000 0.0000
0.247 0.0000 0.0000
0.248 0.0000 0.0000
0.249 0.0000 0.0000
0.250 0.0000 0.0000
0.251 0.0000 0.0000
0.252 0.0000 0.0000
0.253 0.0000 0.0000
0.254 0.0000 0.0000
0.255 0.0000 0.0000
0.256 0.0000 0.0000
0.257 0.0000 0.0000
0.258 0.0000 0.0000
0.259 0.0000 0.0000
0.260 0.0000 0.0000
0.261 0.0000 0.0000
0.262 0.0000 0.0000
0.263 0.0000 0.0000
0.264 0.0000 0.0000
0.265 0.0000 0.0000
0.266 0.0000 0.0000
0.267 0.0000 0.0000
0.268 0.0000 0.0000
0.269 0.0000 0.0000
0.270 0.0000 0.0000
0.271 0.0000 0.0000
0.272 0.0000 0.0000
0.273 0.0000 0.0000
0.274 0.0000 0.0000
0.275 0.0000 0.0000
0.276 0.0000 0.0000
0.277 0.0000 0.0000
0.278 0.0000 0.0000
0.279 0.0000 0.0000
0.280 0.0000 0.0000
0.281 0.0000 0.0000
0.282 0.0000 0.0000
0.283 0.0000 0.0000
0.284 0.0000 0.0000
0.285 0.0000 0.0000
0.286 0.0000 0.0000
0.287 0.0000 0.0000
0.288 0.0000 0.0000
0.289 0.0000 0.0000
0.290 0.0000 0.0000
0.291 0.0000 0.0000
0.292 0.0000 0.0000
0.293 0.0000 0.0000
0.294 0.0000 0.0000
0.295 0.0000 0.0000
0.296 0.0000 0.0000
0.297 0.0000 0.0000
0.298 0.0000 0.0000
0.299 0.0000 0.0000
0.300 0.0000 0.0000
0.301 0.0000 0.0000
0.302 0.0000 0.0000
0.303 0.0000 0.0000
0.304 0.0000 0.0000
0.305 0.0000 0.0000
0.306 0.0000 0.0000
0.307 0.0000 0.0000
0.308 0.0000 0.0000
0.309 0.0000 0.0000
0.310 0.0000 0.0000
0.311 0.0000 0.0000
0.312 0.0000 0.0000
0.313 0.0000 0.0000
0.314 0.0000 0.0000
0.315 0.0000 0.0000
0.316 0.0000 0.0000
0.317 0.0000 0.0000
0.318 0.0000 0.0000
0.319 0.0000 0.0000
0.320 0.0000 0.0000
0.321 0.0000 0.0000
0.322 0.0000 0.0000
0.323 0.0000 0.0000
0.324 0.0000 0.0000
0.325 0.0000 0.0000
0.326 0.0000 0.0000
0.327 0.0000 0.0000
0.328 0.0000 0.0000
0.329 0.0000 0.0000
0.330 0.0000 0.0000
0.331 0.0000 0.0000
0.332 0.0000 0.0000
0.333 0.0000 0.0000
0.334 0.0000 0.0000
0.335 0.0000 0.0000
0.336 0.0000 0.0000
0.337 0.0000 0.0000
0.338 0.0000 0.0000
0.339 0.0000 0.0000
0.340 0.0000 0.0000
0.341 0.0000 0.0000
0.342 0.0000 0.0000
0.343 0.0000 0.0000
0.344 0.0000 0.0000
0.345 0.0000 0.0000
0.346 0.0000 0.0000
0.347 0.0000 0.0000
0.348 0.0000 0.0000
0.349 0.0000 0.0000
0.350 0.0000 0.0000
0.351 0.0000 0.0000
0.352 0.0000 0.0000
0.353 0.0000 0.0000
0.354 0.0000 0.0000
0.355 0.0000 0.0000
0.356 0.0000 0.0000
0.357 0.0000 0.0000
0.358 0.0000 0.0000
0.359 0.0000 0.0000
0.360 0.0000 0.0000
0.361 0.0000 0.0000
0.362 0.0000 0.0000
0.363 0.0000 0.0000
0.364 0.0000 0.0000
0.365 0.0000 0.0000
0.366 0.0000 0.0000
0.367 0.0000 0.0000
0.368 0.0000 0.0000
0.369 0.0000 0.0000
0.370 0.0000 0.0000
0.371 0.0000 0.0000
0.372 0.0000 0.0000
0.373 0.0000 0.0000
0.374 0.0000 0.0000
0.375 0.0000 0.0000
0.376 0.0000 0.0000
0.377 0.0000 0.0000
0.378 0.0000 0.0000
0.379 0.0000 0.0000
0.380 0.0000 0.0000
0.381 0.0000 0.0000
0.382 0.0000 0.0000
0.383 0.0000 0.0000
0.384 0.0000 0.0000
0.385 0.0000 0.0000
0.386 0.0000 0.0000
0.387 0.0000 0.0000
0.388 0.0000 0.0000
0.389 0.0000 0.0000
0.390 0.0000 0.0000
0.391 0.0000 0.0000
0.392 0.0000 0.0000
0.393 0.0000 0.0000
0.394 0.0000 0.0000
0.395 0.0000 0.0000
0.396 0.0000 0.0000
0.397 0.0000 0.0000
0.398 0.0000 0.0000
0.399 0.0000 0.0000
0.400 0.0000 0.0000
0.401 0.0000 0.0000
0.402 0.0000 0.0000
0.403 0.0000 0.0000
0.404 0.0000 0.0000
0.405 0.0000 0.0000
0.406 0.0000 0.0000
0.407 0.0000 0.0000
0.408 0.0000 0.0000
0.409 0.0000 0.0000
0.410 0.0000 0.0000
0.411 0.0000 0.0000
0.412 0.0000 0.0000
0.413 0.0000 0.0000
0.414 0.0000 0.0000
0.415 0.0000 0.0000
0.416 0.0000 0.0000
0.417 0.0000 0.0000
0.418 0.0000 0.0000
0.419 0.0000 0.0000
0.420 0.0000 0.0000
0.421 0.0000 0.0000
0.422 0.0000 0.0000
0.423 0.0000 0.0000
0.424 0.0000 0.0000
0.425 0.0000 0.0000
0.426 0.0000 0.0000
0.427 0.0000 0.0000
0.428 0.0000 0.0000
0.429 0.0000 0.0000
0.430 0.0000 0.0000
0.431 0.0000 0.0000
0.432 0.0000 0.0000
0.433 0.0000 0.0000
0.434 0.0000 0.0000
0.435 0.0000 0.0000
0.436 0.0000 0.0000
0.437 0.0000 0.0000
0.438 0.0000 0.0000
0.439 0.0000 0.0000
0.440 0.0000 0.0000
0.441 0.0000 0.0000
0.442 0.0000 0.0000
0.443 0.0000 0.0000
0.444 0.0000 0.0000
0.445 0.0000 0.0000
0.446 0.0000 0.0000
0.447 0.0000 0.0000
0.448 0.0000 0.0000
0.449 0.0000 0.0000
0.450 0.0000 0.0000
0.451 0.0000 0.0000
0.452 0.0000 0.0000
0.453 0.0000 0.0000
0.454 0.0000 0.0000
0.455 0.0000 0.0000
0.456 0.0000 0.0000
0.457 0.0000 0.0000
0.458 0.0000 0.0000
0.459 0.0000 0.0000
0.460 0.0000 0.0000
0.461 0.0000 0.0000
0.462 0.0000 0.0000
0.463 0.0000 0.0000
0.464 0.0000 0.0000
0.465 0.0000 0.0000
0.466 0.0000 0.0000
0.467 0.0000 0.0000
0.468 0.0000 0.0000
0.469 0.0000 0.0000
0.470 0.0000 0.0000
0.471 0.0000 0.0000
0.472 0.0000 0.0000
0.473 0.0000 0.0000
0.474 0.0000 0.0000
0.475 0.0000 0.0000
0.476 0.0000 0.0000
0.477 0.0000 0.0000
0.478 0.0000 0.0000
0.479 0.0000 0.0000
0.480 0.0000 0.0000
0.481 0.0000 0.0000
0.482 0.0000 0.0000
0.483 0.0000 0.0000
0.484 0.0000 0.0000
0.485 0.0000 0.0000
0.486 0.0000 0.0000
0.487 0.0000 0.0000
0.488 0.0000 0.0000
0.489 0.0000 0.0000
0.490 0.0000 0.0000
0.491 0.0000 0.0000
0.492 0.0000 0.0000
0.493 0.0000 0.0000
0.494 0.0000 0.0000
0.495 0.0000 0.0000
0.496 0.0000 0.0000
0.497 0.0000 0.0000
0.498 0.0000 0.0000
0.499 0.0000 0.0000
0.500 0.0000 0.0000
0.501 0.0000 0.0000
0.502 0.0000 0.0000
0.503 0.0000 0.0000
0.504 0.0000 0.0000
0.505 0.0000 0.0000
0.506 0.0000 0.0000
0.507 0.0000 0.0000
0.508 0.0000 0.0000
0.509 0.0000 0.0000
0.510 0.0000 0.0000
0.511 0.0000 0.0000
0.512 0.0000 0.0000
0.513 0.0000 0.0000
0.514 0.0000 0.0000
0.515 0.0000 0.0000
0.516 0.0001 0.0000
0.517 0.0001 0.0000
0.518 0.0000 0.0000
0.519 0.0000 0.0000
0.520 0.0000 0.0000
0.521 0.0000 0.0000
0.522 0.0001 0.0000
0.523 0.0001 0.0000
0.524 0.0001 0.0000
0.525 0.0000 0.0000
0.526 0.0001 0.0000
0.527 0.0002 0.0000
0.528 0.0001 0.0000
0.529 0.0003 0.0000
0.530 0.0004 0.0000
0.531 0.0002 0.0000
0.532 0.0003 0.0000
0.533 0.0005 0.0000
0.534 0.0004 0.0000
0.535 0.0007 0.0000
0.536 0.0013 0.0000
0.537 0.0013 0.0000
0.538 0.0016 0.0000
0.539 0.0016 0.0000
0.540 0.0017 0.0000
0.541 0.0025 0.0000
0.542 0.0028 0.0000
0.543 0.0034 0.0000
0.544 0.0040 0.0000
0.545 0.0050 0.0000
0.546 0.0065 0.0000
0.547 0.0084 0.0000
0.548 0.0098 0.0000
0.549 0.0114 0.0000
0.550 0.0131 0.0000
0.551 0.0163 0.0000
0.552 0.0167 0.0000
0.553 0.0172 0.0000
0.554 0.0191 0.0000
0.555 0.0230 0.0000
0.556 0.0267 0.0000
0.557 0.0332 0.0000
0.558 0.0393 0.0000
0.559 0.0402 0.0000
0.560 0.0436 0.0000
0.561 0.0545 0.0000
0.562 0.0571 0.0000
0.563 0.0596 0.0000
0.564 0.0715 0.0000
0.565 0.0765 0.0000
0.566 0.0855 0.0000
0.567 0.0927 0.0000
0.568 0.0995 0.0000
0.569 0.1126 0.0000
0.570 0.1197 0.0000
0.571 0.1266 0.0000
0.572 0.1357 0.0000
0.573 0.1471 0.0000
0.574 0.1546 0.0000
0.575 0.1584 0.0000
0.576 0.1722 0.0000
0.577 0.1770 0.0000
0.578 0.1894 0.0000
0.579 0.1938 0.0000
0.580 0.2044 0.0000
0.581 0.2145 0.0000
0.582 0.2179 0.0000
0.583 0.2297 0.0000
0.584 0.2359 0.0000
0.585 0.2473 0.0000
0.586 0.2509 0.0000
0.587 0.2580 0.0000
0.588 0.2726 0.0000
0.589 0.2734 0.0000
0.590 0.2851 0.0000
0.591 0.2909 0.0000
0.592 0.2960 0.0000
0.593 0.3057 0.0000
0.594 0.3104 0.0000
0.595 0.3113 0.0000
0.596 0.3247 0.0000
0.597 0.3316 0.0000
0.598 0.3336 0.0000
0.599 0.3409 0.0000
0.600 0.3476 0.0000
0.601 0.3546 0.0000
0.602 0.3586 0.0000
0.603 0.3629 0.0000
0.604 0.3631 0.0000
0.605 0.3754 0.0000
0.606 0.3839 0.0000
0.607 0.3855 0.0000
0.608 0.3842 0.0000
0.609 0.3908 0.0000
0.610 0.4006 0.0000
0.611 0.4042 0.0000
0.612 0.4076 0.0000
0.613 0.4161 0.0000
0.614 0.4186 0.0000
0.615 0.4222 0.0000
0.616 0.4293 0.0000
0.617 0.4310 0.0000
0.618 0.4334 0.0000
0.619 0.4418 0.0000
0.620 0.4440 0.0000
0.621 0.4484 0.0000
0.622 0.4528 0.0000
0.623 0.4592 0.0000
0.624 0.4610 0.0000
0.625 0.4640 0.0000
0.626 0.4679 0.0000
0.627 0.4709 0.0000
0.628 0.4772 0.0000
0.629 0.4792 0.0000
0.630 0.4859 0.0000
0.631 0.4908 0.0435
0.632 0.4925 0.0000
0.633 0.4979 0.0870
0.634 0.5003 0.0435
0.635 0.5059 0.0435
0.636 0.5075 0.0000
0.637 0.5106 0.0870
0.638 0.5141 0.0435
0.639 0.5163 0.0000
0.640 0.5206 0.2174
0.641 0.5238 0.2174
0.642 0.5246 0.3043
0.643 0.5304 0.3478
0.644 0.5320 0.3478
0.645 0.5384 0.3913
0.646 0.5403 0.4348
0.647 0.5401 0.3913
0.648 0.5443 0.4348
0.649 0.5505 0.5652
0.650 0.5526 0.7826
0.651 0.5535 0.6087
0.652 0.5579 0.5652
0.653 0.5591 0.7391
0.654 0.5624 0.7391
0.655 0.5620 0.7391
0.656 0.5706 0.9565
0.657 0.5727 0.9130
0.658 0.5754 0.8696
0.659 0.5780 0.7391
0.660 0.5790 0.8696
0.661 0.5823 0.9565
0.662 0.5853 0.9565
0.663 0.5861 1.0000
0.664 0.5893 0.9565
0.665 0.5938 1.0000
0.666 0.5962 1.0000
0.667 0.6015 1.0000
0.668 0.6024 1.0000
0.669 0.6044 1.0000
0.670 0.6080 1.0000
0.671 0.6084 1.0000
0.672 0.6134 1.0000
0.673 0.6132 1.0000
0.674 0.6156 1.0000
0.675 0.6202 1.0000
0.676 0.6198 1.0000
0.677 0.6238 1.0000
0.678 0.6254 1.0000
0.679 0.6284 1.0000
0.680 0.6332 1.0000
0.681 0.6332 1.0000
0.682 0.6346 1.0000
0.683 0.6406 1.0000
0.684 0.6407 1.0000
0.685 0.6441 1.0000
0.686 0.6451 1.0000
0.687 0.6466 1.0000
0.688 0.6493 1.0000
0.689 0.6533 1.0000
0.690 0.6546 1.0000
0.691 0.6585 1.0000
0.692 0.6622 1.0000
0.693 0.6618 1.0000
0.694 0.6628 1.0000
0.695 0.6663 1.0000
0.696 0.6651 1.0000
0.697 0.6698 1.0000
0.698 0.6707 1.0000
0.699 0.6718 1.0000
0.700 0.6772 1.0000
0.701 0.6794 1.0000
0.702 0.6782 1.0000
0.703 0.6821 1.0000
0.704 0.6835 1.0000
0.705 0.6860 1.0000
0.706 0.6888 1.0000
0.707 0.6899 1.0000
0.708 0.6919 1.0000
0.709 0.6951 1.0000
0.710 0.6957 1.0000
0.711 0.6995 1.0000
0.712 0.6993 1.0000
0.713 0.7021 1.0000
0.714 0.7037 1.0000
0.715 0.7069 1.0000
0.716 0.7083 1.0000
0.717 0.7104 1.0000
0.718 0.7097 1.0000
0.719 0.7125 1.0000
0.720 0.7136 1.0000
0.721 0.7187 1.0000
0.722 0.7185 1.0000
0.723 0.7193 1.0000
0.724 0.7196 1.0000
0.725 0.7226 1.0000
0.726 0.7258 1.0000
0.727 0.7272 1.0000
0.728 0.7279 1.0000
0.729 0.7308 1.0000
0.730 0.7310 1.0000
0.731 0.7326 1.0000
0.732 0.7358 1.0000
0.733 0.7372 1.0000
0.734 0.7392 1.0000
0.735 0.7413 1.0000
0.736 0.7416 1.0000
0.737 0.7441 1.0000
0.738 0.7439 1.0000
0.739 0.7459 1.0000
0.740 0.7504 1.0000
0.741 0.7526 1.0000
0.742 0.7514 1.0000
0.743 0.7546 1.0000
0.744 0.7554 1.0000
0.745 0.7561 1.0000
0.746 0.7577 1.0000
0.747 0.7591 1.0000
0.748 0.7620 1.0000
0.749 0.7616 1.0000
0.750 0.7653 1.0000
0.751 0.7653 1.0000
0.752 0.7681 1.0000
0.753 0.7696 1.0000
0.754 0.7694 1.0000
0.755 0.7723 1.0000
0.756 0.7713 1.0000
0.757 0.7739 1.0000
0.758 0.7755 1.0000
0.759 0.7779 1.0000
0.760 0.7790 1.0000
0.761 0.7809 1.0000
0.762 0.7796 1.0000
0.763 0.7845 1.0000
0.764 0.7860 1.0000
0.765 0.7866 1.0000
0.766 0.7892 1.0000
0.767 0.7893 1.0000
0.768 0.7909 1.0000
0.769 0.7929 1.0000
0.770 0.7919 1.0000
0.771 0.7936 1.0000
0.772 0.7957 1.0000
0.773 0.7977 1.0000
0.774 0.7980 1.0000
0.775 0.7999 1.0000
0.776 0.8017 1.0000
0.777 0.8028 1.0000
0.778 0.8033 1.0000
0.779 0.8053 1.0000
0.780 0.8083 1.0000
0.781 0.8076 1.0000
0.782 0.8095 1.0000
0.783 0.8107 1.0000
0.784 0.8124 1.0000
0.785 0.8132 1.0000
0.786 0.8150 1.0000
0.787 0.8176 1.0000
0.788 0.8177 1.0000
0.789 0.8168 1.0000
0.790 0.8199 1.0000
0.791 0.8210 1.0000
0.792 0.8218 1.0000
0.793 0.8243 1.0000
0.794 0.8238 1.0000
0.795 0.8244 1.0000
0.796 0.8255 1.0000
0.797 0.8273 1.0000
0.798 0.8278 1.0000
0.799 0.8292 1.0000
0.800 0.8312 1.0000
0.801 0.8315 1.0000
0.802 0.8341 1.0000
0.803 0.8339 1.0000
0.804 0.8365 1.0000
0.805 0.8360 1.0000
0.806 0.8383 1.0000
0.807 0.8394 1.0000
0.808 0.8408 1.0000
0.809 0.8431 1.0000
0.810 0.8438 1.0000
0.811 0.8452 1.0000
0.812 0.8459 1.0000
0.813 0.8478 1.0000
0.814 0.8485 1.0000
0.815 0.8479 1.0000
0.816 0.8501 1.0000
0.817 0.8530 1.0000
0.818 0.8511 1.0000
0.819 0.8530 1.0000
0.820 0.8553 1.0000
0.821 0.8554 1.0000
0.822 0.8568 1.0000
0.823 0.8593 1.0000
0.824 0.8579 1.0000
0.825 0.8598 1.0000
0.826 0.8615 1.0000
0.827 0.8630 1.0000
0.828 0.8639 1.0000
0.829 0.8648 1.0000
0.830 0.8652 1.0000
0.831 0.8662 1.0000
0.832 0.8674 1.0000
0.833 0.8671 1.0000
0.834 0.8701 1.0000
0.835 0.8715 1.0000
0.836 0.8704 1.0000
0.837 0.8728 1.0000
0.838 0.8732 1.0000
0.839 0.8745 1.0000
0.840 0.8759 1.0000
0.841 0.8770 1.0000
0.842 0.8785 1.0000
0.843 0.8785 1.0000
0.844 0.8794 1.0000
0.845 0.8806 1.0000
0.846 0.8827 1.0000
0.847 0.8823 1.0000
0.848 0.8841 1.0000
0.849 0.8854 1.0000
0.850 0.8870 1.0000
0.851 0.8858 1.0000
0.852 0.8882 1.0000
0.853 0.8889 1.0000
0.854 0.8910 1.0000
0.855 0.8896 1.0000
0.856 0.8921 1.0000
0.857 0.8909 1.0000
0.858 0.8927 1.0000
0.859 0.8932 1.0000
0.860 0.8943 1.0000
0.861 0.8967 1.0000
0.862 0.8966 1.0000
0.863 0.8985 1.0000
0.864 0.8987 1.0000
0.865 0.9005 1.0000
0.866 0.9000 1.0000
0.867 0.9017 1.0000
0.868 0.9039 1.0000
0.869 0.9032 1.0000
0.870 0.9051 1.0000
0.871 0.9057 1.0000
0.872 0.9057 1.0000
0.873 0.9067 1.0000
0.874 0.9069 1.0000
0.875 0.9094 1.0000
0.876 0.9107 1.0000
0.877 0.9117 1.0000
0.878 0.9112 1.0000
0.879 0.9128 1.0000
0.880 0.9135 1.0000
0.881 0.9136 1.0000
0.882 0.9150 1.0000
0.883 0.9153 1.0000
0.884 0.9170 1.0000
0.885 0.9174 1.0000
0.886 0.9181 1.0000
0.887 0.9194 1.0000
0.888 0.9208 1.0000
0.889 0.9219 1.0000
0.890 0.9217 1.0000
0.891 0.9228 1.0000
0.892 0.9230 1.0000
0.893 0.9236 1.0000
0.894 0.9244 1.0000
0.895 0.9259 1.0000
0.896 0.9270 1.0000
0.897 0.9268 1.0000
0.898 0.9277 1.0000
0.899 0.9287 1.0000
0.900 0.9306 1.0000
0.901 0.9311 1.0000
0.902 0.9322 1.0000
0.903 0.9326 1.0000
0.904 0.9328 1.0000
0.905 0.9338 1.0000
0.906 0.9345 1.0000
0.907 0.9350 1.0000
0.908 0.9367 1.0000
0.909 0.9372 1.0000
0.910 0.9374 1.0000
0.911 0.9393 1.0000
0.912 0.9398 1.0000
0.913 0.9406 1.0000
0.914 0.9417 1.0000
0.915 0.9425 1.0000
0.916 0.9423 1.0000
0.917 0.9432 1.0000
0.918 0.9454 1.0000
0.919 0.9452 1.0000
0.920 0.9452 1.0000
0.921 0.9455 1.0000
0.922 0.9478 1.0000
0.923 0.9487 1.0000
0.924 0.9488 1.0000
0.925 0.9497 1.0000
0.926 0.9496 1.0000
0.927 0.9517 1.0000
0.928 0.9521 1.0000
0.929 0.9528 1.0000
0.930 0.9532 1.0000
0.931 0.9532 1.0000
0.932 0.9546 1.0000
0.933 0.9564 1.0000
0.934 0.9569 1.0000
0.935 0.9576 1.0000
0.936 0.9576 1.0000
0.937 0.9586 1.0000
0.938 0.9594 1.0000
0.939 0.9598 1.0000
0.940 0.9606 1.0000
0.941 0.9616 1.0000
0.942 0.9626 1.0000
0.943 0.9625 1.0000
0.944 0.9640 1.0000
0.945 0.9642 1.0000
0.946 0.9648 1.0000
0.947 0.9657 1.0000
0.948 0.9667 1.0000
0.949 0.9670 1.0000
0.950 0.9678 1.0000
0.951 0.9681 1.0000
0.952 0.9685 1.0000
0.953 0.9696 1.0000
0.954 0.9704 1.0000
0.955 0.9712 1.0000
0.956 0.9719 1.0000
0.957 0.9725 1.0000
0.958 0.9730 1.0000
0.959 0.9737 1.0000
0.960 0.9749 1.0000
0.961 0.9757 1.0000
0.962 0.9761 1.0000
0.963 0.9764 1.0000
0.964 0.9771 1.0000
0.965 0.9780 1.0000
0.966 0.9784 1.0000
0.967 0.9796 1.0000
0.968 0.9801 1.0000
0.969 0.9812 1.0000
0.970 0.9812 1.0000
0.971 0.9820 1.0000
0.972 0.9826 1.0000
0.973 0.9833 1.0000
0.974 0.9836 1.0000
0.975 0.9844 1.0000
0.976 0.9849 1.0000
0.977 0.9859 1.0000
0.978 0.9866 1.0000
0.979 0.9869 1.0000
0.980 0.9879 1.0000
0.981 0.9882 1.0000
0.982 0.9887 1.0000
0.983 0.9894 1.0000
0.984 0.9901 1.0000
0.985 0.9910 1.0000
0.986 0.9915 1.0000
0.987 0.9919 1.0000
0.988 0.9929 1.0000
0.989 0.9933 1.0000
0.990 0.9941 1.0000
0.991 0.9944 1.0000
0.992 0.9953 1.0000
0.993 0.9958 1.0000
0.994 0.9962 1.0000
0.995 0.9971 1.0000
0.996 0.9977 1.0000
0.997 0.9983 1.0000
0.998 0.9989 1.0000
0.999 0.9994 1.0000
