0 0.5427
1 0.5432
2 0.5444
3 0.5444
4 0.5473
5 0.5457
6 0.5469
7 0.5407
8 0.5398
9 0.5431
10 0.5459
11 0.5416
12 0.5379
13 0.5464
14 0.5427
15 0.5434
16 0.5386
17 0.5511
18 0.5435
19 0.5434
20 0.5447
21 0.5415
22 0.5393
23 0.5411
24 0.5455
25 0.5405
26 0.543
27 0.5391
28 0.5376
29 0.542
30 0.5467
31 0.5462
32 0.541
33 0.5398
34 0.5399
35 0.5443
36 0.5461
37 0.542
38 0.5449
39 0.5414
40 0.5447
41 0.5459
42 0.5379
43 0.5386
44 0.5454
45 0.5384
46 0.5396
47 0.5433
48 0.5447
49 0.5414
50 0.5446
51 0.5449
52 0.5466
53 0.5432
54 0.541
55 0.5451
56 0.5418
57 0.5477
58 0.54
59 0.5449
60 0.5405
61 0.5465
62 0.545
63 0.5434
64 0.545
65 0.5467
66 0.5481
67 0.5457
68 0.5456
69 0.5438
70 0.5412
71 0.5455
72 0.5423
73 0.5459
74 0.5443
75 0.5516
76 0.5359
77 0.5442
78 0.5441
79 0.5383
80 0.5413
81 0.5429
82 0.5421
83 0.5459
84 0.5411
85 0.5461
86 0.5429
87 0.5472
88 0.5479
89 0.5374
90 0.5501
91 0.5462
92 0.5396
93 0.543
94 0.5487
95 0.5414
96 0.5433
97 0.5426
98 0.5397
99 0.5448
100 0.5407
101 0.5374
102 0.5434
103 0.5401
104 0.5444
105 0.5374
106 0.5453
107 0.5379
108 0.5415
109 0.5476
110 0.5412
