2 0.7019109381322385
3 0.6561247379649918
4 0.6272128833268863
5 0.6068670620797086
6 0.5921742140961622
7 0.5807528415654609
8 0.5717924624863924
9 0.5647492316643026
10 0.5588569081583445
11 0.5536610567512223
12 0.5494525962674709
13 0.5455455758126556
14 0.5425239696062055
15 0.5398894476356204
16 0.5374183916671835
17 0.5355961749264141
18 0.5334830103006493
19 0.5318526743831955
20 0.5307042652381976
21 0.5294232432694941
22 0.5279467200126986
23 0.526617993163765
24 0.5256303782704048
25 0.5252187810052487
26 0.5239758260148949
27 0.523056694369346
28 0.5225004756901862
29 0.5219201265822434
30 0.5212079951009754
31 0.5208865044100582
32 0.5206323616030597
33 0.5193957891677066
34 0.5190075747222928
35 0.5184094101021497
36 0.5181378891259855
37 0.5179917650573869
38 0.5177614310223302
39 0.5169601869733351
40 0.5165894379321372
41 0.5161560292009343
42 0.5164454196067113
43 0.5162957642550196
44 0.5158243786924566
45 0.5166453208034426
46 0.5158262106570851
47 0.5151650006655836
48 0.5145451421472093
49 0.5142053385826492
50 0.5133579016936058
51 0.5145550615147827
52 0.5145043827330714
53 0.513355093403008
54 0.5136300672415286
55 0.5137997153918125
56 0.5134763804240564
57 0.5133311681186126
58 0.5127411123083099
59 0.512486602689994
60 0.5130519722177919
61 0.5130944825268926
62 0.5129323549214345
63 0.5116538256529535
64 0.5118886765021912
65 0.5116311410597332
66 0.5124802381069334
67 0.5114201941098966
68 0.512092320847747
69 0.511290258589741
70 0.5122647375225763
71 0.5111628393786972
72 0.5103224560170486
73 0.5122555403871603
74 0.5107828677903445
75 0.510737011275985
76 0.5112886472800717
77 0.5105919725068817
78 0.5099767591117073
79 0.5105229505792638
80 0.5097501912562763
81 0.5099006110167771
82 0.5102031993082576
83 0.509611169931513
84 0.5109389249220749
85 0.5100893798056282
86 0.5109947270254158
87 0.5098354117793978
88 0.5107702104574146
89 0.5099595964912523
90 0.5088837858779093
91 0.5105130193494395
92 0.5094710833229659
93 0.5085380240677811
94 0.5084114492403284
95 0.5082700085376636
96 0.5090098976330139
97 0.509040894633605
98 0.5097615120242244
99 0.5086599027316385
100 0.5093157683798253
101 0.5089375290273424
102 0.5097209138110768
103 0.5085007151718107
104 0.5085386681771759
105 0.5080332033259118
106 0.5075601520524964
107 0.5090119074429562
108 0.508990433245332
109 0.5069093866545527
110 0.5087498814820048
111 0.5091791176481633
112 0.5079356936155336
113 0.5084637256541724
114 0.5085601156677592
115 0.5074788534065956
116 0.5097689456227877
117 0.5091159742180981
118 0.5080763822372577
119 0.5080343858489006
120 0.5082470344567878
121 0.5097549990802157
122 0.5085557837097878
123 0.509278243492253
124 0.5077457509584058
125 0.5073572143568984
126 0.5079373934465737
127 0.5075277435681527
128 0.5068109935030087
129 0.5078459738767487
130 0.5069990996670862
131 0.5075922776362435
132 0.5084051278762355
133 0.5068836465682591
134 0.5075452972621454
135 0.5073359564638634
136 0.5089428277902242
137 0.5071486968832878
138 0.5061953113560511
139 0.507583945997206
140 0.5059056688758767
141 0.5069125865376595
142 0.507149986866299
143 0.5077617299839522
144 0.5086157726882015
145 0.5076598263934883
146 0.5076417281119171
147 0.5079083457116136
148 0.5073349362348066
149 0.5075596430930444
150 0.5076323371560929
151 0.5081756180733162
152 0.5082248380086299
153 0.507386729592264
154 0.5075045837863679
155 0.5076582894477623
156 0.5079275298800061
157 0.5067251575578459
158 0.5068673004477823
159 0.5070747106492052
160 0.5086555786343794
161 0.5055960710275299
162 0.507899834882412
163 0.5095737723385414
164 0.5048566929133859
165 0.5076633529275248
166 0.5080896498653328
167 0.5061308233097694
168 0.5077481160290988
169 0.5073771595390794
170 0.5075842464508239
171 0.5081771333974153
172 0.505816810852661
173 0.5085954974188052
174 0.5069124266345615
175 0.5078101526804555
176 0.5069151946775745
177 0.5065164036015655
178 0.5059325084523246
179 0.5072985303373504
180 0.5073128169185327
181 0.5064516827027105
182 0.506168882024457
183 0.5062432467080563
184 0.5069768985906038
185 0.5077528864763854
186 0.5070528780052767
187 0.5064254242054935
188 0.5064302254538872
189 0.5073531927186478
190 0.5067119224535975
191 0.5055794816580789
192 0.5047423430114265
193 0.5055511080738065
194 0.5051903932402715
195 0.5056289614337658
196 0.5061002222266712
197 0.5062095195210891
198 0.5079597829994709
199 0.5066923941185091
200 0.5065218638110298
201 0.5061454640228692
202 0.5078459284590771
203 0.5041900316079115
204 0.5068233000571409
205 0.5053978594695208
206 0.5074712594773522
207 0.5067361719400945
208 0.5074318283415288
209 0.5080445250074627
210 0.506621103952638
211 0.5062592548652579
212 0.5065130193905817
213 0.5054545941291166
214 0.5074655616530407
215 0.5081701182700477
216 0.5093052779428447
217 0.5062533147781308
218 0.5043958552060985
219 0.5065647424176996
220 0.5055058627241971
221 0.5065496867948202
222 0.5075386806956178
223 0.5041983036583867
224 0.508291444142726
225 0.5064595918755649
226 0.5071447739165437
227 0.5076236840211995
228 0.5068032307491529
229 0.5061021787253874
230 0.5072602980184117
231 0.5074686982704842
232 0.5054923315083263
233 0.5062673017931516
234 0.5053576731240594
235 0.5057048289565055
236 0.506957562180189
237 0.5094526045592519
238 0.5063760084503162
239 0.5045301512452768
240 0.5051419083692212
241 0.5054145039918287
242 0.5054690367573803
243 0.5061077515987705
244 0.506537673475423
245 0.506449231880287
246 0.5045778936347514
247 0.5048052143286659
248 0.5057541407671827
249 0.5051397635979973
250 0.5033756310547142
251 0.5042911126045235
252 0.5053508912621466
253 0.5050213058724311
254 0.5064365207572904
255 0.5055501876278004
256 0.5036327646125989
257 0.5034700244145041
258 0.506052689989585
259 0.5087589580252531
260 0.5067321066192398
261 0.5056624720309933
262 0.5063517188197573
263 0.5063820858638255
264 0.5076659393627414
265 0.5069790540737927
266 0.5057622207958166
267 0.5041339457697437
268 0.5073589315128774
269 0.5067670970827355
270 0.5059179063228473
271 0.5071649069703194
272 0.5068324028738851
273 0.5072488383660694
274 0.5046217614046242
275 0.5059091660999504
276 0.5056868052614457
277 0.505189330440785
278 0.5037028725314183
279 0.5062819594687975
280 0.5059775031385835
281 0.5077167427056374
282 0.5082463816896667
283 0.5049157079066559
284 0.5060775748712324
285 0.5054632472458009
286 0.505159238139571
287 0.5062801430639309
288 0.5068477085260812
289 0.5043860795900225
290 0.5059057704435569
291 0.504961454832971
292 0.5072631960700273
293 0.5059407907808464
294 0.5057986609277858
295 0.5065806192737243
296 0.5045730887179212
297 0.5058275689358764
298 0.5056771880262944
299 0.5071529344410897
300 0.505457444199166
301 0.5065884297746477
302 0.5065663212151121
303 0.505819115329291
304 0.5064857148768025
305 0.5057794634546187
306 0.5059510567296996
307 0.5061136584688064
308 0.5035583079668311
309 0.5032464776778136
310 0.505839472993767
311 0.5054421623619909
312 0.5042749060518978
313 0.5048011663566437
314 0.5064684357622382
315 0.5066341336644384
316 0.5034866285248432
317 0.5060250683916772
318 0.5052919734742575
319 0.5048168139900869
320 0.5038886796215462
321 0.5051137503063794
322 0.5039557437098421
323 0.5066703828973039
324 0.507568764306353
325 0.5053262467488409
326 0.5042344289017779
327 0.5025218663334654
328 0.5059218680662882
329 0.5054432467681921
330 0.5037823683444864
331 0.5055812771071343
332 0.5049108456879057
333 0.5039375593357509
334 0.5055395272832469
335 0.5039177623564731
336 0.5031896981051533
337 0.5045315540728385
338 0.5061174843187293
339 0.5036791112671785
340 0.5045725709972942
341 0.5049389749721155
342 0.5068721735415272
343 0.5048089336431707
344 0.5058002574294296
345 0.5075335363877909
346 0.5041979924411752
347 0.5027934794201376
348 0.506311325667711
349 0.5035186721991701
350 0.5055212785418502
351 0.503136103558143
352 0.506198347107438
353 0.5063780537920276
354 0.5072197007900487
355 0.507723727560008
356 0.5069178041768192
357 0.5064976736723888
358 0.5058481767448971
359 0.5039520630964371
360 0.5051253382040405
361 0.5059619529886749
362 0.504862869651058
363 0.5039002099116298
364 0.5050095854405399
365 0.5067120240743164
366 0.5067927788005968
367 0.505656286608501
368 0.5059535804719055
369 0.5036788944856141
370 0.5044289291813782
371 0.5031410825199645
372 0.5051356451153518
373 0.5076754483655705
374 0.5054060782814361
375 0.5057925436120743
376 0.5041387145639472
377 0.503579300169402
378 0.5060044017058893
379 0.5063387238401873
380 0.5053745659004465
381 0.5039702668056183
382 0.5046129644195623
383 0.5065245919819603
384 0.5081093069892523
385 0.5058308903089771
386 0.5039205145791239
387 0.5038086291725183
388 0.5046630763168265
389 0.5053963737117503
390 0.5029771935737558
391 0.502524089306698
392 0.5054077838021972
393 0.5049957855458428
394 0.506597527226016
395 0.5042012003429551
396 0.5043188347313099
397 0.5040589194876398
398 0.5049003435092282
399 0.5068247474649553
400 0.5032868660698749
401 0.5029077709691269
402 0.5039082753695497
403 0.5031016211008543
404 0.5066507351852034
405 0.5079166461402039
406 0.5056707503979908
407 0.5064335137492814
408 0.5068822307920499
409 0.5037567048473932
410 0.506452322836221
411 0.5077863571435707
412 0.5040397390627805
413 0.5060598169033835
414 0.5094865344331633
415 0.5051454003544386
416 0.5057431644684152
417 0.5033978204971226
418 0.5037495890861275
419 0.503939205955335
420 0.5094095750180954
421 0.5060495566420817
422 0.5058767289845886
423 0.5061966543252129
424 0.506026351639438
425 0.5034307364924482
426 0.5029014759682099
427 0.5074929292076491
428 0.5079048897089659
429 0.5038451867063409
430 0.5061641311786071
431 0.5068315105404977
432 0.5062314351856746
433 0.5042396235214313
434 0.5046631027364632
435 0.5029450157598141
436 0.5056347488618553
437 0.5051212127718967
438 0.5051494410710837
439 0.5043463274341049
440 0.502914175110025
441 0.5043849150218702
442 0.5038657548566948
443 0.5050662765051427
444 0.5033610685351434
445 0.505479721748261
446 0.5073253049014343
447 0.5057251700086233
448 0.5035071401214641
449 0.5053048052694399
450 0.5057891124836732
451 0.5088568781434748
452 0.5049381489941625
453 0.5054690273340433
454 0.5043992194034012
455 0.5032586466503359
456 0.5028484059119995
457 0.50390788951279
458 0.5030261660978385
459 0.5057176701063806
460 0.506939155934939
461 0.5076267739311218
462 0.5024941613949164
463 0.50495826415266
464 0.5052725791460602
465 0.5057386917388064
466 0.5044195099610717
467 0.5044077134986226
468 0.5034424197916189
469 0.5043387591959683
470 0.507169950966787
471 0.5037926090375098
472 0.5034593239227341
473 0.503960372905909
474 0.5053495632651629
475 0.5027603586708081
476 0.5042880030157384
477 0.5044143683829034
478 0.505414605795348
479 0.5047089702022541
480 0.5061507466224223
481 0.505848580141033
482 0.5072204746925937
483 0.5045019259895293
484 0.5031891342069048
485 0.5028055011699537
486 0.5030479724357275
487 0.5044432828018819
488 0.5067460799805519
489 0.5025936949523173
490 0.5034576787490941
491 0.504472160799026
492 0.5083516592127696
493 0.5049556276922698
494 0.507065936375663
495 0.5055812352478364
496 0.5049369137801065
497 0.5043570959304848
498 0.5046248330441513
