-2378 1
-2377 0
-2376 0
-2375 0
-2374 0
-2373 0
-2372 0
-2371 0
-2370 0
-2369 0
-2368 0
-2367 0
-2366 0
-2365 0
-2364 0
-2363 0
-2362 0
-2361 0
-2360 0
-2359 0
-2358 0
-2357 0
-2356 0
-2355 0
-2354 0
-2353 0
-2352 0
-2351 0
-2350 0
-2349 0
-2348 0
-2347 0
-2346 0
-2345 0
-2344 0
-2343 0
-2342 0
-2341 0
-2340 0
-2339 0
-2338 0
-2337 0
-2336 0
-2335 0
-2334 0
-2333 0
-2332 0
-2331 0
-2330 0
-2329 0
-2328 0
-2327 0
-2326 0
-2325 0
-2324 0
-2323 0
-2322 0
-2321 0
-2320 0
-2319 0
-2318 0
-2317 0
-2316 0
-2315 0
-2314 0
-2313 0
-2312 0
-2311 0
-2310 0
-2309 0
-2308 0
-2307 0
-2306 0
-2305 0
-2304 0
-2303 0
-2302 0
-2301 0
-2300 0
-2299 0
-2298 0
-2297 0
-2296 0
-2295 0
-2294 0
-2293 0
-2292 0
-2291 0
-2290 0
-2289 0
-2288 0
-2287 0
-2286 0
-2285 0
-2284 0
-2283 0
-2282 0
-2281 0
-2280 0
-2279 0
-2278 0
-2277 0
-2276 0
-2275 0
-2274 0
-2273 0
-2272 0
-2271 0
-2270 0
-2269 0
-2268 0
-2267 0
-2266 0
-2265 0
-2264 0
-2263 0
-2262 0
-2261 0
-2260 0
-2259 0
-2258 0
-2257 0
-2256 0
-2255 0
-2254 0
-2253 0
-2252 0
-2251 0
-2250 0
-2249 0
-2248 0
-2247 0
-2246 0
-2245 0
-2244 0
-2243 0
-2242 0
-2241 0
-2240 0
-2239 0
-2238 0
-2237 0
-2236 0
-2235 0
-2234 0
-2233 0
-2232 0
-2231 0
-2230 0
-2229 0
-2228 0
-2227 0
-2226 0
-2225 0
-2224 0
-2223 0
-2222 0
-2221 0
-2220 0
-2219 0
-2218 0
-2217 0
-2216 0
-2215 0
-2214 1
-2213 0
-2212 0
-2211 0
-2210 0
-2209 0
-2208 0
-2207 0
-2206 0
-2205 0
-2204 0
-2203 0
-2202 0
-2201 0
-2200 0
-2199 0
-2198 0
-2197 0
-2196 0
-2195 0
-2194 0
-2193 0
-2192 0
-2191 0
-2190 0
-2189 0
-2188 0
-2187 0
-2186 0
-2185 0
-2184 0
-2183 0
-2182 0
-2181 0
-2180 0
-2179 0
-2178 0
-2177 0
-2176 0
-2175 0
-2174 0
-2173 0
-2172 0
-2171 0
-2170 0
-2169 0
-2168 0
-2167 0
-2166 0
-2165 0
-2164 0
-2163 0
-2162 0
-2161 0
-2160 0
-2159 0
-2158 0
-2157 0
-2156 0
-2155 0
-2154 0
-2153 0
-2152 0
-2151 0
-2150 0
-2149 0
-2148 0
-2147 0
-2146 0
-2145 0
-2144 0
-2143 0
-2142 0
-2141 0
-2140 0
-2139 0
-2138 0
-2137 0
-2136 0
-2135 0
-2134 0
-2133 0
-2132 0
-2131 0
-2130 0
-2129 0
-2128 0
-2127 0
-2126 0
-2125 0
-2124 0
-2123 0
-2122 0
-2121 0
-2120 0
-2119 0
-2118 0
-2117 0
-2116 0
-2115 0
-2114 0
-2113 0
-2112 0
-2111 0
-2110 0
-2109 0
-2108 0
-2107 0
-2106 0
-2105 0
-2104 0
-2103 0
-2102 0
-2101 0
-2100 0
-2099 0
-2098 0
-2097 0
-2096 0
-2095 0
-2094 0
-2093 0
-2092 0
-2091 0
-2090 0
-2089 0
-2088 0
-2087 0
-2086 0
-2085 0
-2084 0
-2083 0
-2082 0
-2081 0
-2080 0
-2079 0
-2078 0
-2077 0
-2076 0
-2075 0
-2074 0
-2073 0
-2072 0
-2071 0
-2070 0
-2069 0
-2068 0
-2067 0
-2066 0
-2065 0
-2064 0
-2063 0
-2062 0
-2061 0
-2060 0
-2059 0
-2058 0
-2057 0
-2056 0
-2055 0
-2054 1
-2053 0
-2052 0
-2051 0
-2050 0
-2049 0
-2048 0
-2047 0
-2046 0
-2045 0
-2044 0
-2043 0
-2042 0
-2041 0
-2040 0
-2039 0
-2038 0
-2037 0
-2036 0
-2035 0
-2034 0
-2033 0
-2032 1
-2031 0
-2030 0
-2029 0
-2028 0
-2027 0
-2026 0
-2025 0
-2024 0
-2023 0
-2022 0
-2021 0
-2020 0
-2019 0
-2018 0
-2017 0
-2016 0
-2015 0
-2014 0
-2013 0
-2012 0
-2011 0
-2010 0
-2009 0
-2008 1
-2007 0
-2006 0
-2005 0
-2004 0
-2003 0
-2002 0
-2001 0
-2000 0
-1999 0
-1998 0
-1997 0
-1996 0
-1995 0
-1994 0
-1993 0
-1992 0
-1991 0
-1990 2
-1989 0
-1988 0
-1987 0
-1986 0
-1985 0
-1984 1
-1983 0
-1982 0
-1981 1
-1980 0
-1979 0
-1978 0
-1977 0
-1976 1
-1975 0
-1974 0
-1973 0
-1972 0
-1971 0
-1970 0
-1969 0
-1968 1
-1967 0
-1966 1
-1965 1
-1964 0
-1963 0
-1962 1
-1961 1
-1960 0
-1959 0
-1958 1
-1957 2
-1956 0
-1955 0
-1954 0
-1953 0
-1952 0
-1951 0
-1950 1
-1949 0
-1948 0
-1947 1
-1946 2
-1945 1
-1944 0
-1943 0
-1942 1
-1941 1
-1940 2
-1939 0
-1938 1
-1937 0
-1936 1
-1935 0
-1934 1
-1933 1
-1932 0
-1931 0
-1930 0
-1929 0
-1928 1
-1927 0
-1926 1
-1925 0
-1924 2
-1923 0
-1922 3
-1921 2
-1920 0
-1919 0
-1918 1
-1917 2
-1916 1
-1915 2
-1914 2
-1913 0
-1912 2
-1911 1
-1910 4
-1909 1
-1908 2
-1907 0
-1906 2
-1905 3
-1904 0
-1903 0
-1902 2
-1901 1
-1900 4
-1899 3
-1898 1
-1897 3
-1896 1
-1895 1
-1894 2
-1893 0
-1892 1
-1891 3
-1890 3
-1889 1
-1888 3
-1887 3
-1886 3
-1885 4
-1884 2
-1883 6
-1882 2
-1881 4
-1880 2
-1879 1
-1878 3
-1877 4
-1876 0
-1875 1
-1874 3
-1873 2
-1872 2
-1871 2
-1870 3
-1869 4
-1868 0
-1867 2
-1866 3
-1865 2
-1864 3
-1863 2
-1862 6
-1861 1
-1860 2
-1859 0
-1858 5
-1857 8
-1856 7
-1855 3
-1854 5
-1853 4
-1852 4
-1851 2
-1850 4
-1849 2
-1848 9
-1847 7
-1846 2
-1845 0
-1844 2
-1843 2
-1842 4
-1841 3
-1840 3
-1839 3
-1838 3
-1837 5
-1836 4
-1835 8
-1834 4
-1833 4
-1832 4
-1831 5
-1830 5
-1829 4
-1828 1
-1827 7
-1826 2
-1825 8
-1824 9
-1823 5
-1822 9
-1821 2
-1820 4
-1819 7
-1818 7
-1817 4
-1816 4
-1815 8
-1814 8
-1813 7
-1812 12
-1811 7
-1810 7
-1809 7
-1808 8
-1807 6
-1806 10
-1805 10
-1804 11
-1803 10
-1802 16
-1801 9
-1800 8
-1799 5
-1798 8
-1797 9
-1796 8
-1795 6
-1794 15
-1793 12
-1792 9
-1791 11
-1790 10
-1789 17
-1788 12
-1787 13
-1786 8
-1785 18
-1784 8
-1783 7
-1782 9
-1781 18
-1780 10
-1779 12
-1778 12
-1777 10
-1776 6
-1775 11
-1774 14
-1773 17
-1772 14
-1771 14
-1770 17
-1769 13
-1768 12
-1767 9
-1766 11
-1765 10
-1764 12
-1763 10
-1762 10
-1761 10
-1760 19
-1759 15
-1758 17
-1757 16
-1756 23
-1755 11
-1754 17
-1753 12
-1752 19
-1751 27
-1750 15
-1749 10
-1748 14
-1747 19
-1746 12
-1745 19
-1744 16
-1743 22
-1742 16
-1741 19
-1740 20
-1739 23
-1738 25
-1737 22
-1736 18
-1735 21
-1734 15
-1733 24
-1732 21
-1731 16
-1730 23
-1729 15
-1728 21
-1727 17
-1726 19
-1725 31
-1724 35
-1723 24
-1722 20
-1721 23
-1720 20
-1719 19
-1718 27
-1717 25
-1716 23
-1715 22
-1714 27
-1713 23
-1712 26
-1711 25
-1710 31
-1709 29
-1708 15
-1707 32
-1706 27
-1705 19
-1704 24
-1703 28
-1702 31
-1701 37
-1700 34
-1699 25
-1698 34
-1697 21
-1696 32
-1695 29
-1694 24
-1693 30
-1692 35
-1691 24
-1690 22
-1689 26
-1688 33
-1687 28
-1686 29
-1685 23
-1684 31
-1683 36
-1682 30
-1681 29
-1680 22
-1679 29
-1678 25
-1677 24
-1676 38
-1675 26
-1674 34
-1673 31
-1672 33
-1671 33
-1670 33
-1669 37
-1668 38
-1667 44
-1666 27
-1665 26
-1664 36
-1663 41
-1662 41
-1661 39
-1660 48
-1659 34
-1658 49
-1657 38
-1656 41
-1655 43
-1654 42
-1653 45
-1652 42
-1651 46
-1650 45
-1649 32
-1648 46
-1647 48
-1646 41
-1645 33
-1644 51
-1643 60
-1642 53
-1641 38
-1640 35
-1639 38
-1638 53
-1637 49
-1636 45
-1635 32
-1634 44
-1633 47
-1632 49
-1631 42
-1630 41
-1629 56
-1628 67
-1627 40
-1626 46
-1625 52
-1624 51
-1623 40
-1622 56
-1621 60
-1620 39
-1619 52
-1618 60
-1617 61
-1616 44
-1615 60
-1614 49
-1613 52
-1612 48
-1611 53
-1610 62
-1609 67
-1608 53
-1607 57
-1606 63
-1605 58
-1604 51
-1603 60
-1602 48
-1601 67
-1600 71
-1599 64
-1598 68
-1597 63
-1596 38
-1595 53
-1594 65
-1593 57
-1592 69
-1591 60
-1590 82
-1589 69
-1588 56
-1587 64
-1586 77
-1585 61
-1584 68
-1583 56
-1582 75
-1581 66
-1580 62
-1579 74
-1578 83
-1577 70
-1576 76
-1575 61
-1574 76
-1573 74
-1572 71
-1571 82
-1570 81
-1569 74
-1568 72
-1567 65
-1566 79
-1565 76
-1564 90
-1563 77
-1562 65
-1561 71
-1560 72
-1559 79
-1558 92
-1557 75
-1556 88
-1555 79
-1554 91
-1553 94
-1552 80
-1551 86
-1550 93
-1549 69
-1548 64
-1547 90
-1546 86
-1545 88
-1544 86
-1543 80
-1542 100
-1541 88
-1540 76
-1539 100
-1538 85
-1537 87
-1536 96
-1535 104
-1534 85
-1533 88
-1532 96
-1531 94
-1530 104
-1529 82
-1528 100
-1527 96
-1526 91
-1525 91
-1524 87
-1523 96
-1522 94
-1521 93
-1520 91
-1519 89
-1518 102
-1517 96
-1516 101
-1515 96
-1514 97
-1513 103
-1512 117
-1511 108
-1510 103
-1509 110
-1508 86
-1507 111
-1506 114
-1505 93
-1504 110
-1503 122
-1502 99
-1501 117
-1500 116
-1499 94
-1498 93
-1497 134
-1496 98
-1495 87
-1494 127
-1493 102
-1492 124
-1491 106
-1490 125
-1489 112
-1488 132
-1487 111
-1486 113
-1485 127
-1484 135
-1483 125
-1482 142
-1481 129
-1480 111
-1479 128
-1478 102
-1477 108
-1476 128
-1475 112
-1474 134
-1473 118
-1472 133
-1471 120
-1470 146
-1469 132
-1468 126
-1467 122
-1466 126
-1465 111
-1464 137
-1463 124
-1462 140
-1461 125
-1460 135
-1459 131
-1458 121
-1457 114
-1456 131
-1455 144
-1454 114
-1453 136
-1452 139
-1451 128
-1450 113
-1449 141
-1448 138
-1447 127
-1446 144
-1445 167
-1444 129
-1443 153
-1442 112
-1441 106
-1440 161
-1439 119
-1438 170
-1437 141
-1436 140
-1435 135
-1434 157
-1433 137
-1432 124
-1431 143
-1430 141
-1429 132
-1428 141
-1427 140
-1426 135
-1425 127
-1424 152
-1423 139
-1422 167
-1421 138
-1420 142
-1419 131
-1418 147
-1417 164
-1416 165
-1415 153
-1414 175
-1413 160
-1412 140
-1411 141
-1410 149
-1409 165
-1408 153
-1407 152
-1406 162
-1405 186
-1404 154
-1403 141
-1402 147
-1401 162
-1400 164
-1399 166
-1398 167
-1397 170
-1396 169
-1395 147
-1394 169
-1393 157
-1392 171
-1391 153
-1390 175
-1389 152
-1388 165
-1387 187
-1386 167
-1385 155
-1384 161
-1383 171
-1382 192
-1381 162
-1380 176
-1379 171
-1378 161
-1377 165
-1376 172
-1375 197
-1374 152
-1373 155
-1372 190
-1371 215
-1370 179
-1369 169
-1368 177
-1367 182
-1366 178
-1365 193
-1364 162
-1363 177
-1362 179
-1361 173
-1360 165
-1359 170
-1358 193
-1357 170
-1356 182
-1355 178
-1354 179
-1353 172
-1352 181
-1351 186
-1350 188
-1349 211
-1348 190
-1347 199
-1346 196
-1345 199
-1344 209
-1343 184
-1342 208
-1341 207
-1340 179
-1339 186
-1338 198
-1337 199
-1336 190
-1335 204
-1334 203
-1333 209
-1332 228
-1331 191
-1330 212
-1329 196
-1328 211
-1327 198
-1326 201
-1325 214
-1324 198
-1323 197
-1322 218
-1321 211
-1320 204
-1319 186
-1318 191
-1317 198
-1316 215
-1315 209
-1314 201
-1313 187
-1312 208
-1311 218
-1310 190
-1309 196
-1308 213
-1307 220
-1306 201
-1305 204
-1304 203
-1303 213
-1302 227
-1301 221
-1300 222
-1299 236
-1298 219
-1297 206
-1296 224
-1295 226
-1294 237
-1293 232
-1292 203
-1291 227
-1290 226
-1289 193
-1288 248
-1287 229
-1286 204
-1285 219
-1284 224
-1283 204
-1282 240
-1281 224
-1280 229
-1279 204
-1278 214
-1277 248
-1276 229
-1275 227
-1274 218
-1273 249
-1272 229
-1271 245
-1270 232
-1269 242
-1268 233
-1267 229
-1266 245
-1265 233
-1264 239
-1263 228
-1262 241
-1261 228
-1260 266
-1259 249
-1258 240
-1257 256
-1256 229
-1255 261
-1254 273
-1253 253
-1252 256
-1251 249
-1250 271
-1249 203
-1248 261
-1247 223
-1246 261
-1245 244
-1244 228
-1243 255
-1242 235
-1241 238
-1240 232
-1239 249
-1238 281
-1237 240
-1236 260
-1235 243
-1234 282
-1233 244
-1232 243
-1231 260
-1230 278
-1229 259
-1228 247
-1227 251
-1226 245
-1225 231
-1224 273
-1223 244
-1222 291
-1221 246
-1220 255
-1219 255
-1218 224
-1217 292
-1216 266
-1215 258
-1214 279
-1213 280
-1212 252
-1211 259
-1210 258
-1209 292
-1208 273
-1207 263
-1206 270
-1205 254
-1204 261
-1203 296
-1202 262
-1201 274
-1200 275
-1199 288
-1198 268
-1197 244
-1196 262
-1195 270
-1194 283
-1193 281
-1192 286
-1191 276
-1190 279
-1189 278
-1188 278
-1187 288
-1186 251
-1185 296
-1184 269
-1183 268
-1182 282
-1181 270
-1180 300
-1179 265
-1178 298
-1177 273
-1176 277
-1175 273
-1174 318
-1173 269
-1172 273
-1171 318
-1170 264
-1169 303
-1168 282
-1167 262
-1166 301
-1165 269
-1164 293
-1163 314
-1162 277
-1161 301
-1160 293
-1159 262
-1158 261
-1157 264
-1156 285
-1155 300
-1154 305
-1153 287
-1152 319
-1151 297
-1150 276
-1149 310
-1148 288
-1147 297
-1146 296
-1145 307
-1144 321
-1143 294
-1142 303
-1141 319
-1140 300
-1139 274
-1138 325
-1137 290
-1136 283
-1135 328
-1134 300
-1133 328
-1132 314
-1131 319
-1130 299
-1129 323
-1128 270
-1127 332
-1126 325
-1125 326
-1124 358
-1123 327
-1122 311
-1121 337
-1120 317
-1119 311
-1118 350
-1117 324
-1116 342
-1115 319
-1114 326
-1113 304
-1112 359
-1111 312
-1110 300
-1109 341
-1108 295
-1107 321
-1106 297
-1105 343
-1104 350
-1103 337
-1102 357
-1101 343
-1100 331
-1099 300
-1098 300
-1097 333
-1096 300
-1095 310
-1094 284
-1093 301
-1092 348
-1091 344
-1090 350
-1089 319
-1088 348
-1087 335
-1086 331
-1085 355
-1084 356
-1083 363
-1082 335
-1081 342
-1080 337
-1079 374
-1078 318
-1077 364
-1076 340
-1075 354
-1074 368
-1073 362
-1072 337
-1071 339
-1070 350
-1069 318
-1068 349
-1067 363
-1066 333
-1065 302
-1064 358
-1063 389
-1062 323
-1061 381
-1060 350
-1059 354
-1058 371
-1057 373
-1056 414
-1055 364
-1054 376
-1053 389
-1052 342
-1051 393
-1050 345
-1049 376
-1048 386
-1047 356
-1046 385
-1045 394
-1044 364
-1043 344
-1042 385
-1041 356
-1040 357
-1039 395
-1038 354
-1037 399
-1036 353
-1035 364
-1034 404
-1033 371
-1032 363
-1031 375
-1030 400
-1029 374
-1028 370
-1027 373
-1026 372
-1025 377
-1024 372
-1023 368
-1022 388
-1021 379
-1020 396
-1019 364
-1018 399
-1017 391
-1016 402
-1015 418
-1014 397
-1013 383
-1012 367
-1011 418
-1010 369
-1009 415
-1008 377
-1007 379
-1006 378
-1005 417
-1004 379
-1003 410
-1002 399
-1001 387
-1000 433
-999 379
-998 378
-997 396
-996 405
-995 427
-994 411
-993 430
-992 418
-991 393
-990 391
-989 385
-988 407
-987 419
-986 416
-985 390
-984 424
-983 446
-982 408
-981 415
-980 417
-979 422
-978 459
-977 416
-976 430
-975 427
-974 460
-973 407
-972 439
-971 438
-970 448
-969 418
-968 431
-967 452
-966 405
-965 459
-964 402
-963 435
-962 418
-961 462
-960 444
-959 407
-958 471
-957 425
-956 439
-955 438
-954 448
-953 447
-952 456
-951 455
-950 430
-949 490
-948 464
-947 441
-946 387
-945 452
-944 407
-943 496
-942 448
-941 483
-940 453
-939 451
-938 435
-937 506
-936 464
-935 472
-934 410
-933 496
-932 460
-931 464
-930 490
-929 436
-928 499
-927 462
-926 493
-925 480
-924 455
-923 453
-922 483
-921 438
-920 486
-919 437
-918 490
-917 457
-916 435
-915 507
-914 518
-913 474
-912 482
-911 467
-910 483
-909 500
-908 467
-907 484
-906 484
-905 461
-904 481
-903 500
-902 545
-901 508
-900 488
-899 501
-898 499
-897 489
-896 509
-895 488
-894 516
-893 520
-892 498
-891 493
-890 484
-889 510
-888 528
-887 505
-886 503
-885 487
-884 495
-883 536
-882 547
-881 486
-880 479
-879 515
-878 492
-877 502
-876 550
-875 528
-874 479
-873 489
-872 540
-871 577
-870 525
-869 521
-868 571
-867 530
-866 479
-865 523
-864 515
-863 561
-862 575
-861 503
-860 529
-859 546
-858 540
-857 528
-856 567
-855 500
-854 547
-853 521
-852 531
-851 541
-850 565
-849 538
-848 555
-847 580
-846 580
-845 566
-844 544
-843 637
-842 560
-841 561
-840 537
-839 562
-838 541
-837 545
-836 519
-835 593
-834 581
-833 580
-832 588
-831 557
-830 586
-829 589
-828 568
-827 584
-826 592
-825 570
-824 595
-823 584
-822 635
-821 577
-820 604
-819 558
-818 595
-817 562
-816 623
-815 658
-814 591
-813 551
-812 604
-811 574
-810 625
-809 548
-808 541
-807 592
-806 579
-805 584
-804 632
-803 589
-802 614
-801 616
-800 630
-799 619
-798 630
-797 609
-796 600
-795 634
-794 596
-793 633
-792 641
-791 612
-790 613
-789 618
-788 582
-787 576
-786 647
-785 630
-784 624
-783 679
-782 658
-781 690
-780 657
-779 627
-778 669
-777 620
-776 681
-775 640
-774 626
-773 688
-772 620
-771 666
-770 686
-769 633
-768 644
-767 642
-766 607
-765 644
-764 669
-763 675
-762 680
-761 664
-760 663
-759 647
-758 659
-757 689
-756 661
-755 691
-754 687
-753 627
-752 695
-751 681
-750 663
-749 668
-748 678
-747 700
-746 678
-745 666
-744 691
-743 660
-742 730
-741 745
-740 763
-739 743
-738 700
-737 767
-736 684
-735 721
-734 704
-733 690
-732 713
-731 739
-730 704
-729 665
-728 687
-727 707
-726 743
-725 685
-724 773
-723 746
-722 740
-721 721
-720 743
-719 756
-718 708
-717 774
-716 790
-715 717
-714 749
-713 713
-712 767
-711 722
-710 664
-709 745
-708 789
-707 704
-706 748
-705 795
-704 751
-703 762
-702 729
-701 774
-700 758
-699 763
-698 794
-697 796
-696 795
-695 776
-694 789
-693 778
-692 802
-691 775
-690 798
-689 814
-688 780
-687 796
-686 754
-685 818
-684 776
-683 844
-682 819
-681 807
-680 800
-679 804
-678 838
-677 747
-676 839
-675 851
-674 785
-673 803
-672 814
-671 766
-670 844
-669 803
-668 854
-667 832
-666 841
-665 844
-664 846
-663 825
-662 867
-661 853
-660 852
-659 838
-658 833
-657 858
-656 847
-655 879
-654 877
-653 940
-652 863
-651 865
-650 904
-649 857
-648 883
-647 928
-646 933
-645 901
-644 847
-643 808
-642 918
-641 880
-640 904
-639 876
-638 874
-637 883
-636 887
-635 905
-634 913
-633 907
-632 885
-631 890
-630 889
-629 954
-628 920
-627 865
-626 953
-625 936
-624 924
-623 863
-622 921
-621 925
-620 939
-619 929
-618 967
-617 986
-616 908
-615 1035
-614 979
-613 1037
-612 1007
-611 988
-610 997
-609 1020
-608 923
-607 934
-606 983
-605 993
-604 1057
-603 999
-602 1016
-601 965
-600 997
-599 1052
-598 987
-597 991
-596 1072
-595 1026
-594 977
-593 1009
-592 1088
-591 1014
-590 1074
-589 1017
-588 1069
-587 1059
-586 1082
-585 1047
-584 1037
-583 1123
-582 1064
-581 1097
-580 1056
-579 1105
-578 1083
-577 1068
-576 1081
-575 1077
-574 1077
-573 1100
-572 1112
-571 1104
-570 1033
-569 1115
-568 1065
-567 1106
-566 1083
-565 1145
-564 1135
-563 1142
-562 1158
-561 1101
-560 1071
-559 1147
-558 1149
-557 1137
-556 1195
-555 1161
-554 1171
-553 1187
-552 1107
-551 1148
-550 1200
-549 1240
-548 1156
-547 1200
-546 1213
-545 1240
-544 1202
-543 1194
-542 1185
-541 1223
-540 1165
-539 1233
-538 1294
-537 1272
-536 1257
-535 1215
-534 1263
-533 1273
-532 1235
-531 1345
-530 1200
-529 1198
-528 1301
-527 1212
-526 1298
-525 1278
-524 1214
-523 1318
-522 1305
-521 1331
-520 1337
-519 1311
-518 1373
-517 1253
-516 1352
-515 1364
-514 1341
-513 1322
-512 1323
-511 1326
-510 1313
-509 1355
-508 1306
-507 1326
-506 1314
-505 1421
-504 1321
-503 1389
-502 1453
-501 1434
-500 1420
-499 1437
-498 1402
-497 1397
-496 1400
-495 1384
-494 1445
-493 1426
-492 1436
-491 1409
-490 1466
-489 1480
-488 1472
-487 1426
-486 1424
-485 1483
-484 1465
-483 1486
-482 1485
-481 1440
-480 1506
-479 1500
-478 1609
-477 1494
-476 1538
-475 1573
-474 1507
-473 1520
-472 1522
-471 1608
-470 1552
-469 1561
-468 1512
-467 1519
-466 1573
-465 1600
-464 1560
-463 1554
-462 1596
-461 1621
-460 1621
-459 1610
-458 1749
-457 1620
-456 1627
-455 1622
-454 1679
-453 1634
-452 1697
-451 1670
-450 1659
-449 1686
-448 1707
-447 1678
-446 1690
-445 1689
-444 1728
-443 1735
-442 1697
-441 1695
-440 1724
-439 1726
-438 1802
-437 1723
-436 1724
-435 1869
-434 1766
-433 1739
-432 1782
-431 1811
-430 1808
-429 1861
-428 1916
-427 1798
-426 1909
-425 1922
-424 1825
-423 1843
-422 1858
-421 1839
-420 1908
-419 1895
-418 1862
-417 1871
-416 1916
-415 1967
-414 1953
-413 1968
-412 2024
-411 1971
-410 1974
-409 1941
-408 2090
-407 2092
-406 1993
-405 2027
-404 1993
-403 1995
-402 2096
-401 2057
-400 2035
-399 2102
-398 2075
-397 2131
-396 2108
-395 2153
-394 2117
-393 2154
-392 2157
-391 2146
-390 2194
-389 2133
-388 2110
-387 2207
-386 2277
-385 2198
-384 2215
-383 2229
-382 2162
-381 2262
-380 2262
-379 2245
-378 2256
-377 2352
-376 2350
-375 2309
-374 2429
-373 2239
-372 2364
-371 2319
-370 2335
-369 2420
-368 2442
-367 2383
-366 2381
-365 2509
-364 2412
-363 2471
-362 2474
-361 2526
-360 2410
-359 2514
-358 2516
-357 2615
-356 2626
-355 2573
-354 2633
-353 2573
-352 2476
-351 2551
-350 2471
-349 2558
-348 2651
-347 2730
-346 2741
-345 2746
-344 2830
-343 2780
-342 2777
-341 2777
-340 2909
-339 2777
-338 2784
-337 2812
-336 2765
-335 2946
-334 2870
-333 2910
-332 2894
-331 2893
-330 3016
-329 2936
-328 2932
-327 2971
-326 2964
-325 3030
-324 2982
-323 3050
-322 3067
-321 3097
-320 3204
-319 3203
-318 3106
-317 3242
-316 3201
-315 3093
-314 3159
-313 3254
-312 3296
-311 3294
-310 3466
-309 3252
-308 3309
-307 3400
-306 3437
-305 3371
-304 3386
-303 3420
-302 3508
-301 3463
-300 3482
-299 3531
-298 3487
-297 3533
-296 3699
-295 3594
-294 3675
-293 3629
-292 3793
-291 3589
-290 3617
-289 3681
-288 3862
-287 3675
-286 3766
-285 3882
-284 3935
-283 3945
-282 3932
-281 3998
-280 3909
-279 4055
-278 4042
-277 4064
-276 4050
-275 4112
-274 4085
-273 4106
-272 4329
-271 4281
-270 4283
-269 4406
-268 4294
-267 4433
-266 4391
-265 4582
-264 4506
-263 4637
-262 4513
-261 4648
-260 4586
-259 4673
-258 4771
-257 4707
-256 4742
-255 4715
-254 4757
-253 4832
-252 4811
-251 4948
-250 4942
-249 5060
-248 4913
-247 5130
-246 5164
-245 5208
-244 5210
-243 5222
-242 5233
-241 5417
-240 5299
-239 5484
-238 5568
-237 5541
-236 5589
-235 5652
-234 5576
-233 5712
-232 5715
-231 5837
-230 5931
-229 5911
-228 5937
-227 6062
-226 6059
-225 5997
-224 6081
-223 6229
-222 6128
-221 6194
-220 6444
-219 6350
-218 6470
-217 6355
-216 6612
-215 6605
-214 6719
-213 6918
-212 6768
-211 6752
-210 6970
-209 6950
-208 6994
-207 7204
-206 7278
-205 7170
-204 7353
-203 7433
-202 7512
-201 7463
-200 7727
-199 7563
-198 7855
-197 7927
-196 7853
-195 7949
-194 8095
-193 8214
-192 8247
-191 8310
-190 8428
-189 8481
-188 8630
-187 8637
-186 8808
-185 8695
-184 8758
-183 9051
-182 9018
-181 9166
-180 9344
-179 9470
-178 9452
-177 9701
-176 9825
-175 9910
-174 9971
-173 10130
-172 10201
-171 10245
-170 10468
-169 10586
-168 10556
-167 10735
-166 10740
-165 11322
-164 11367
-163 11259
-162 11436
-161 11685
-160 11787
-159 11793
-158 12108
-157 12038
-156 12635
-155 12444
-154 12574
-153 12757
-152 13144
-151 13331
-150 13264
-149 13607
-148 13600
-147 13889
-146 14066
-145 14212
-144 14321
-143 14678
-142 14822
-141 15113
-140 15356
-139 15491
-138 15623
-137 16122
-136 16269
-135 16461
-134 16732
-133 16889
-132 17201
-131 17354
-130 17984
-129 18068
-128 18208
-127 18394
-126 19017
-125 19240
-124 19250
-123 19666
-122 20258
-121 20428
-120 20937
-119 21205
-118 21596
-117 21752
-116 22379
-115 22506
-114 23188
-113 23742
-112 23723
-111 24172
-110 24914
-109 25230
-108 25610
-107 26206
-106 26612
-105 27314
-104 27745
-103 28163
-102 28792
-101 29503
-100 30060
-99 30888
-98 31380
-97 31911
-96 32622
-95 33402
-94 33921
-93 34997
-92 35730
-91 36103
-90 37262
-89 37955
-88 38907
-87 39917
-86 40330
-85 41695
-84 42629
-83 44088
-82 45046
-81 45876
-80 47379
-79 48263
-78 49509
-77 51034
-76 52506
-75 53268
-74 55021
-73 57406
-72 58553
-71 59734
-70 62112
-69 64124
-68 65675
-67 67734
-66 69600
-65 71480
-64 74407
-63 76942
-62 79293
-61 81584
-60 84695
-59 87825
-58 90947
-57 94116
-56 97334
-55 101481
-54 104835
-53 109254
-52 113503
-51 117760
-50 123311
-49 127973
-48 133914
-47 139640
-46 145823
-45 151883
-44 159776
-43 167540
-42 175128
-41 184187
-40 194271
-39 204359
-38 215046
-37 226913
-36 240159
-35 253916
-34 268977
-33 285261
-32 303715
-31 323617
-30 344717
-29 370346
-28 395267
-27 424868
-26 457630
-25 492570
-24 533185
-23 578574
-22 632885
-21 688650
-20 754906
-19 829021
-18 914873
-17 1016926
-16 1132376
-15 1268069
-14 1432748
-13 1626806
-12 1863588
-11 2159193
-10 2526968
-9 2996585
-8 3628483
-7 4478504
-6 5697141
-5 7520591
-4 10380636
-3 15480484
-2 26622724
-1 58006114
0 347516440
1 1194513969
2 347505171
3 58015826
4 26625081
5 15478931
6 10379319
7 7521015
8 5692903
9 4481025
10 3626017
11 2999019
12 2526794
13 2156686
14 1863112
15 1626574
16 1431421
17 1268953
18 1132494
19 1017431
20 916880
21 830517
22 753892
23 689444
24 631394
25 579560
26 533442
27 493153
28 457243
29 423555
30 395481
31 368802
32 344263
33 323785
34 303372
35 285447
36 268860
37 254189
38 239984
39 227441
40 215690
41 203923
42 194749
43 183371
44 175177
45 167310
46 159846
47 152248
48 145941
49 139955
50 133956
51 127899
52 122774
53 118428
54 113287
55 109346
56 105196
57 101206
58 97810
59 94662
60 91220
61 87996
62 85070
63 82506
64 79513
65 76847
66 74756
67 71509
68 69954
69 68067
70 66152
71 63576
72 61995
73 60622
74 58345
75 56512
76 55309
77 53851
78 52501
79 51025
80 49899
81 48216
82 47170
83 45987
84 44688
85 44045
86 42720
87 41507
88 40960
89 39984
90 38955
91 37880
92 37258
93 36477
94 35566
95 34737
96 34438
97 32893
98 33005
99 31971
100 31274
101 30777
102 30074
103 29472
104 28784
105 28225
106 27810
107 27149
108 26493
109 26010
110 25580
111 25172
112 24878
113 24370
114 23787
115 23311
116 23163
117 22382
118 22211
119 21974
120 21500
121 21371
122 20702
123 20533
124 20160
125 19833
126 19595
127 18911
128 18856
129 18673
130 18380
131 18061
132 17506
133 17608
134 17100
135 16898
136 16504
137 16491
138 16399
139 16169
140 15752
141 15536
142 15218
143 15050
144 14824
145 14637
146 14542
147 14178
148 14008
149 13711
150 13793
151 13507
152 13396
153 13128
154 13210
155 12793
156 12726
157 12370
158 12415
159 12165
160 12006
161 11774
162 11787
163 11722
164 11529
165 11526
166 11109
167 10982
168 11067
169 10724
170 10662
171 10435
172 10555
173 10143
174 10261
175 10039
176 10105
177 9821
178 9838
179 9754
180 9512
181 9382
182 9368
183 9186
184 9156
185 9084
186 8907
187 8974
188 8647
189 8444
190 8556
191 8621
192 8310
193 8337
194 8268
195 8192
196 8010
197 8018
198 7786
199 7929
200 7770
201 7743
202 7622
203 7527
204 7409
205 7352
206 7318
207 7348
208 7270
209 7210
210 7074
211 6985
212 6979
213 6935
214 6834
215 6737
216 6581
217 6476
218 6536
219 6513
220 6437
221 6455
222 6256
223 6233
224 6261
225 6200
226 6064
227 6148
228 5916
229 6000
230 6049
231 5790
232 5899
233 5746
234 5710
235 5852
236 5767
237 5619
238 5532
239 5516
240 5539
241 5435
242 5491
243 5268
244 5307
245 5134
246 5250
247 5261
248 5162
249 5069
250 4921
251 4977
252 4916
253 4890
254 4880
255 4831
256 4745
257 4643
258 4783
259 4864
260 4598
261 4684
262 4644
263 4586
264 4629
265 4469
266 4528
267 4447
268 4369
269 4419
270 4421
271 4339
272 4339
273 4198
274 4278
275 4249
276 4212
277 4115
278 4081
279 4104
280 4044
281 3972
282 3916
283 3923
284 4057
285 3929
286 3927
287 3882
288 3854
289 3915
290 3856
291 3746
292 3712
293 3761
294 3666
295 3747
296 3775
297 3610
298 3688
299 3492
300 3594
301 3512
302 3481
303 3443
304 3513
305 3473
306 3441
307 3483
308 3409
309 3433
310 3317
311 3245
312 3283
313 3251
314 3282
315 3229
316 3336
317 3234
318 3145
319 3124
320 3183
321 3152
322 3231
323 3004
324 2991
325 3065
326 2996
327 3070
328 3039
329 2951
330 3003
331 2916
332 3058
333 2972
334 2874
335 2935
336 2847
337 2793
338 2794
339 2837
340 2788
341 2801
342 2802
343 2768
344 2794
345 2688
346 2687
347 2743
348 2757
349 2588
350 2664
351 2604
352 2546
353 2572
354 2582
355 2693
356 2636
357 2641
358 2620
359 2555
360 2512
361 2553
362 2475
363 2603
364 2485
365 2457
366 2409
367 2509
368 2410
369 2458
370 2385
371 2324
372 2412
373 2272
374 2365
375 2340
376 2344
377 2376
378 2388
379 2172
380 2325
381 2270
382 2297
383 2310
384 2224
385 2289
386 2296
387 2224
388 2196
389 2220
390 2133
391 2170
392 2123
393 2126
394 2152
395 2107
396 2134
397 2197
398 2174
399 2064
400 2069
401 1958
402 2062
403 2049
404 2062
405 2032
406 2028
407 2039
408 1998
409 1999
410 2012
411 2003
412 1961
413 1918
414 1917
415 1961
416 1942
417 1926
418 1943
419 1859
420 1909
421 1808
422 1833
423 1841
424 1898
425 1896
426 1838
427 1866
428 1943
429 1837
430 1908
431 1859
432 1879
433 1765
434 1814
435 1847
436 1825
437 1770
438 1835
439 1774
440 1756
441 1745
442 1730
443 1665
444 1730
445 1658
446 1692
447 1686
448 1664
449 1695
450 1680
451 1639
452 1634
453 1659
454 1674
455 1616
456 1661
457 1663
458 1660
459 1653
460 1576
461 1612
462 1611
463 1561
464 1586
465 1613
466 1521
467 1543
468 1589
469 1576
470 1554
471 1481
472 1562
473 1560
474 1534
475 1539
476 1510
477 1560
478 1556
479 1497
480 1462
481 1464
482 1507
483 1443
484 1512
485 1494
486 1492
487 1440
488 1492
489 1481
490 1458
491 1455
492 1462
493 1481
494 1418
495 1422
496 1402
497 1474
498 1383
499 1357
500 1388
501 1383
502 1354
503 1428
504 1346
505 1400
506 1249
507 1386
508 1376
509 1351
510 1312
511 1372
512 1412
513 1362
514 1336
515 1329
516 1336
517 1291
518 1352
519 1341
520 1268
521 1290
522 1337
523 1288
524 1311
525 1298
526 1304
527 1268
528 1209
529 1345
530 1262
531 1283
532 1193
533 1229
534 1277
535 1217
536 1242
537 1197
538 1299
539 1259
540 1227
541 1278
542 1169
543 1212
544 1149
545 1256
546 1218
547 1174
548 1143
549 1191
550 1179
551 1142
552 1194
553 1169
554 1212
555 1139
556 1118
557 1234
558 1201
559 1140
560 1054
561 1152
562 1159
563 1178
564 1087
565 1108
566 1080
567 1144
568 1068
569 1140
570 1076
571 1069
572 1161
573 1158
574 1053
575 1103
576 1084
577 1112
578 1052
579 1104
580 1129
581 1053
582 1145
583 1082
584 1017
585 1092
586 1013
587 1038
588 1021
589 1044
590 1068
591 1033
592 1059
593 1043
594 1009
595 1077
596 1014
597 1011
598 1017
599 972
600 996
601 1042
602 1008
603 972
604 968
605 961
606 1041
607 979
608 954
609 997
610 1037
611 979
612 990
613 1038
614 862
615 1003
616 967
617 949
618 976
619 934
620 971
621 941
622 897
623 949
624 898
625 919
626 931
627 892
628 908
629 921
630 929
631 915
632 886
633 884
634 913
635 883
636 961
637 852
638 897
639 871
640 878
641 931
642 924
643 831
644 906
645 902
646 894
647 895
648 909
649 856
650 865
651 864
652 905
653 893
654 877
655 884
656 872
657 869
658 836
659 885
660 860
661 817
662 844
663 838
664 801
665 880
666 853
667 810
668 855
669 833
670 877
671 832
672 836
673 798
674 799
675 817
676 866
677 846
678 806
679 808
680 774
681 810
682 848
683 774
684 777
685 850
686 802
687 844
688 755
689 801
690 796
691 764
692 792
693 815
694 844
695 808
696 799
697 774
698 797
699 784
700 779
701 786
702 797
703 796
704 745
705 773
706 767
707 764
708 778
709 725
710 750
711 716
712 746
713 731
714 737
715 721
716 749
717 730
718 751
719 754
720 714
721 716
722 742
723 728
724 663
725 732
726 737
727 665
728 696
729 733
730 690
731 689
732 663
733 727
734 712
735 723
736 691
737 697
738 715
739 739
740 699
741 691
742 695
743 658
744 689
745 726
746 678
747 685
748 691
749 702
750 672
751 697
752 705
753 680
754 680
755 692
756 689
757 715
758 632
759 669
760 705
761 652
762 668
763 681
764 658
765 648
766 661
767 646
768 649
769 670
770 663
771 665
772 622
773 670
774 684
775 662
776 634
777 599
778 624
779 630
780 633
781 662
782 590
783 601
784 613
785 617
786 635
787 628
788 611
789 642
790 603
791 619
792 641
793 636
794 622
795 623
796 613
797 629
798 575
799 595
800 632
801 645
802 597
803 623
804 578
805 597
806 602
807 594
808 607
809 590
810 603
811 618
812 575
813 584
814 568
815 622
816 577
817 592
818 644
819 591
820 552
821 616
822 606
823 627
824 600
825 543
826 631
827 636
828 581
829 570
830 576
831 569
832 561
833 571
834 570
835 564
836 584
837 577
838 572
839 576
840 548
841 585
842 542
843 543
844 613
845 548
846 520
847 546
848 543
849 532
850 608
851 575
852 566
853 625
854 538
855 549
856 561
857 532
858 569
859 528
860 554
861 538
862 548
863 535
864 544
865 565
866 548
867 484
868 545
869 544
870 519
871 502
872 500
873 548
874 535
875 549
876 527
877 564
878 540
879 484
880 529
881 545
882 521
883 512
884 521
885 483
886 506
887 492
888 510
889 503
890 489
891 513
892 519
893 511
894 515
895 500
896 546
897 485
898 521
899 476
900 459
901 472
902 469
903 514
904 493
905 471
906 506
907 493
908 496
909 523
910 493
911 473
912 461
913 511
914 485
915 452
916 498
917 477
918 446
919 490
920 436
921 484
922 468
923 434
924 477
925 481
926 481
927 480
928 444
929 454
930 452
931 463
932 494
933 483
934 442
935 472
936 473
937 491
938 474
939 432
940 448
941 478
942 445
943 458
944 453
945 437
946 428
947 479
948 483
949 439
950 462
951 447
952 447
953 399
954 473
955 420
956 430
957 395
958 420
959 424
960 457
961 447
962 479
963 455
964 434
965 411
966 444
967 462
968 462
969 383
970 412
971 432
972 430
973 421
974 437
975 409
976 418
977 448
978 423
979 418
980 429
981 395
982 453
983 398
984 424
985 420
986 390
987 419
988 405
989 454
990 443
991 417
992 427
993 425
994 441
995 415
996 414
997 388
998 403
999 409
1000 364
1001 359
1002 436
1003 400
1004 436
1005 376
1006 411
1007 422
1008 412
1009 386
1010 435
1011 416
1012 375
1013 395
1014 401
1015 393
1016 386
1017 413
1018 410
1019 367
1020 412
1021 352
1022 380
1023 372
1024 381
1025 405
1026 373
1027 404
1028 373
1029 400
1030 408
1031 400
1032 368
1033 363
1034 365
1035 382
1036 356
1037 357
1038 363
1039 414
1040 361
1041 400
1042 381
1043 381
1044 352
1045 388
1046 374
1047 404
1048 364
1049 375
1050 389
1051 375
1052 357
1053 330
1054 380
1055 392
1056 383
1057 394
1058 322
1059 346
1060 367
1061 367
1062 365
1063 373
1064 353
1065 370
1066 378
1067 390
1068 358
1069 366
1070 333
1071 328
1072 333
1073 350
1074 357
1075 350
1076 385
1077 358
1078 345
1079 364
1080 323
1081 352
1082 348
1083 352
1084 326
1085 319
1086 318
1087 351
1088 318
1089 364
1090 344
1091 351
1092 345
1093 340
1094 303
1095 345
1096 343
1097 339
1098 341
1099 332
1100 342
1101 329
1102 348
1103 337
1104 307
1105 357
1106 345
1107 341
1108 325
1109 327
1110 295
1111 299
1112 313
1113 343
1114 324
1115 300
1116 342
1117 336
1118 298
1119 323
1120 336
1121 310
1122 332
1123 335
1124 307
1125 330
1126 331
1127 321
1128 318
1129 315
1130 322
1131 304
1132 337
1133 333
1134 329
1135 316
1136 312
1137 268
1138 315
1139 311
1140 289
1141 305
1142 306
1143 298
1144 308
1145 286
1146 313
1147 304
1148 281
1149 321
1150 318
1151 290
1152 287
1153 293
1154 266
1155 307
1156 271
1157 307
1158 297
1159 316
1160 304
1161 240
1162 267
1163 296
1164 322
1165 287
1166 299
1167 280
1168 309
1169 286
1170 284
1171 270
1172 299
1173 292
1174 287
1175 272
1176 265
1177 313
1178 279
1179 263
1180 302
1181 276
1182 260
1183 271
1184 282
1185 275
1186 273
1187 298
1188 291
1189 294
1190 290
1191 306
1192 298
1193 286
1194 264
1195 268
1196 266
1197 274
1198 266
1199 294
1200 258
1201 276
1202 271
1203 262
1204 272
1205 261
1206 258
1207 278
1208 282
1209 285
1210 241
1211 258
1212 310
1213 266
1214 223
1215 268
1216 257
1217 261
1218 239
1219 264
1220 262
1221 246
1222 228
1223 268
1224 242
1225 223
1226 265
1227 263
1228 289
1229 259
1230 260
1231 246
1232 252
1233 262
1234 260
1235 254
1236 260
1237 237
1238 285
1239 235
1240 262
1241 248
1242 229
1243 234
1244 239
1245 232
1246 271
1247 245
1248 245
1249 240
1250 283
1251 241
1252 246
1253 245
1254 262
1255 279
1256 226
1257 240
1258 245
1259 241
1260 231
1261 228
1262 272
1263 259
1264 236
1265 228
1266 237
1267 225
1268 231
1269 271
1270 223
1271 231
1272 236
1273 230
1274 244
1275 262
1276 236
1277 235
1278 220
1279 218
1280 211
1281 245
1282 225
1283 208
1284 230
1285 221
1286 233
1287 188
1288 213
1289 221
1290 231
1291 218
1292 217
1293 233
1294 216
1295 208
1296 230
1297 217
1298 224
1299 221
1300 221
1301 211
1302 211
1303 209
1304 236
1305 225
1306 213
1307 191
1308 223
1309 178
1310 208
1311 221
1312 220
1313 211
1314 184
1315 198
1316 219
1317 192
1318 163
1319 211
1320 246
1321 210
1322 190
1323 199
1324 208
1325 176
1326 205
1327 203
1328 199
1329 228
1330 225
1331 195
1332 190
1333 203
1334 176
1335 175
1336 183
1337 201
1338 175
1339 201
1340 159
1341 190
1342 213
1343 201
1344 232
1345 188
1346 221
1347 179
1348 183
1349 203
1350 186
1351 187
1352 192
1353 206
1354 177
1355 171
1356 195
1357 170
1358 168
1359 204
1360 190
1361 182
1362 183
1363 180
1364 186
1365 181
1366 182
1367 148
1368 186
1369 172
1370 172
1371 164
1372 171
1373 173
1374 159
1375 181
1376 183
1377 189
1378 185
1379 191
1380 172
1381 159
1382 178
1383 171
1384 170
1385 166
1386 179
1387 153
1388 186
1389 159
1390 157
1391 156
1392 157
1393 159
1394 183
1395 158
1396 171
1397 162
1398 168
1399 171
1400 153
1401 178
1402 159
1403 151
1404 139
1405 178
1406 143
1407 141
1408 175
1409 178
1410 140
1411 126
1412 162
1413 128
1414 145
1415 141
1416 170
1417 161
1418 151
1419 160
1420 137
1421 135
1422 155
1423 158
1424 160
1425 136
1426 139
1427 147
1428 142
1429 154
1430 141
1431 133
1432 164
1433 143
1434 143
1435 127
1436 140
1437 148
1438 141
1439 133
1440 152
1441 146
1442 147
1443 141
1444 122
1445 123
1446 115
1447 130
1448 136
1449 129
1450 129
1451 131
1452 129
1453 132
1454 140
1455 149
1456 124
1457 139
1458 132
1459 128
1460 122
1461 143
1462 120
1463 129
1464 107
1465 147
1466 150
1467 121
1468 132
1469 122
1470 130
1471 135
1472 144
1473 133
1474 109
1475 129
1476 121
1477 105
1478 125
1479 128
1480 112
1481 119
1482 116
1483 119
1484 124
1485 112
1486 120
1487 128
1488 100
1489 107
1490 103
1491 109
1492 112
1493 130
1494 111
1495 107
1496 123
1497 117
1498 84
1499 116
1500 100
1501 111
1502 121
1503 120
1504 98
1505 104
1506 104
1507 87
1508 108
1509 99
1510 98
1511 120
1512 116
1513 90
1514 115
1515 100
1516 101
1517 98
1518 107
1519 104
1520 86
1521 102
1522 107
1523 89
1524 106
1525 84
1526 107
1527 94
1528 100
1529 87
1530 87
1531 91
1532 95
1533 101
1534 86
1535 95
1536 109
1537 110
1538 101
1539 91
1540 105
1541 80
1542 99
1543 103
1544 106
1545 83
1546 75
1547 90
1548 82
1549 79
1550 77
1551 86
1552 89
1553 76
1554 75
1555 70
1556 76
1557 77
1558 66
1559 80
1560 80
1561 91
1562 80
1563 99
1564 69
1565 86
1566 81
1567 76
1568 71
1569 85
1570 83
1571 74
1572 67
1573 77
1574 68
1575 86
1576 63
1577 62
1578 71
1579 71
1580 62
1581 69
1582 71
1583 76
1584 66
1585 59
1586 60
1587 54
1588 62
1589 64
1590 75
1591 56
1592 61
1593 67
1594 62
1595 66
1596 59
1597 46
1598 62
1599 79
1600 75
1601 73
1602 62
1603 66
1604 74
1605 61
1606 67
1607 58
1608 56
1609 59
1610 46
1611 40
1612 61
1613 64
1614 37
1615 54
1616 52
1617 49
1618 46
1619 53
1620 51
1621 52
1622 54
1623 56
1624 50
1625 47
1626 63
1627 55
1628 47
1629 38
1630 49
1631 64
1632 46
1633 52
1634 44
1635 36
1636 53
1637 42
1638 49
1639 40
1640 40
1641 53
1642 35
1643 46
1644 49
1645 45
1646 41
1647 34
1648 48
1649 39
1650 42
1651 54
1652 44
1653 39
1654 34
1655 48
1656 42
1657 35
1658 41
1659 32
1660 47
1661 45
1662 37
1663 40
1664 33
1665 35
1666 42
1667 26
1668 32
1669 34
1670 41
1671 35
1672 34
1673 44
1674 34
1675 29
1676 41
1677 33
1678 40
1679 31
1680 40
1681 35
1682 30
1683 38
1684 35
1685 27
1686 26
1687 25
1688 34
1689 42
1690 28
1691 32
1692 28
1693 36
1694 24
1695 26
1696 22
1697 22
1698 28
1699 20
1700 26
1701 27
1702 27
1703 28
1704 27
1705 35
1706 32
1707 23
1708 28
1709 15
1710 35
1711 17
1712 27
1713 32
1714 23
1715 33
1716 14
1717 20
1718 16
1719 23
1720 26
1721 22
1722 36
1723 29
1724 13
1725 22
1726 27
1727 24
1728 18
1729 27
1730 23
1731 28
1732 25
1733 23
1734 22
1735 23
1736 23
1737 18
1738 16
1739 16
1740 23
1741 21
1742 24
1743 15
1744 18
1745 25
1746 27
1747 16
1748 20
1749 18
1750 13
1751 16
1752 10
1753 21
1754 13
1755 9
1756 18
1757 13
1758 18
1759 18
1760 5
1761 20
1762 12
1763 14
1764 12
1765 4
1766 5
1767 13
1768 17
1769 12
1770 12
1771 15
1772 6
1773 9
1774 9
1775 13
1776 12
1777 9
1778 12
1779 13
1780 10
1781 13
1782 16
1783 15
1784 9
1785 12
1786 10
1787 6
1788 7
1789 14
1790 6
1791 11
1792 6
1793 10
1794 12
1795 9
1796 13
1797 8
1798 10
1799 6
1800 9
1801 8
1802 12
1803 5
1804 8
1805 8
1806 8
1807 2
1808 12
1809 9
1810 3
1811 15
1812 5
1813 8
1814 5
1815 8
1816 10
1817 6
1818 7
1819 6
1820 3
1821 3
1822 7
1823 7
1824 9
1825 6
1826 5
1827 7
1828 5
1829 5
1830 3
1831 8
1832 6
1833 6
1834 11
1835 3
1836 5
1837 7
1838 1
1839 2
1840 3
1841 3
1842 7
1843 2
1844 3
1845 6
1846 3
1847 6
1848 2
1849 4
1850 2
1851 6
1852 4
1853 3
1854 4
1855 4
1856 3
1857 4
1858 6
1859 5
1860 3
1861 2
1862 2
1863 3
1864 5
1865 1
1866 5
1867 3
1868 3
1869 3
1870 5
1871 4
1872 5
1873 3
1874 4
1875 4
1876 7
1877 1
1878 3
1879 1
1880 2
1881 3
1882 4
1883 1
1884 0
1885 3
1886 7
1887 1
1888 5
1889 1
1890 1
1891 3
1892 3
1893 4
1894 1
1895 1
1896 1
1897 1
1898 1
1899 0
1900 3
1901 1
1902 1
1903 1
1904 2
1905 1
1906 1
1907 1
1908 2
1909 4
1910 0
1911 0
1912 2
1913 1
1914 1
1915 0
1916 1
1917 0
1918 3
1919 1
1920 2
1921 1
1922 1
1923 0
1924 1
1925 2
1926 0
1927 0
1928 1
1929 2
1930 1
1931 1
1932 0
1933 1
1934 0
1935 0
1936 0
1937 0
1938 1
1939 0
1940 0
1941 0
1942 0
1943 2
1944 0
1945 1
1946 0
1947 2
1948 1
1949 0
1950 0
1951 0
1952 2
1953 0
1954 0
1955 1
1956 0
1957 0
1958 1
1959 0
1960 0
1961 0
1962 1
1963 1
1964 0
1965 1
1966 0
1967 1
1968 1
1969 0
1970 0
1971 0
1972 0
1973 0
1974 0
1975 0
1976 0
1977 1
1978 0
1979 1
1980 0
1981 0
1982 0
1983 2
1984 0
1985 0
1986 1
1987 0
1988 2
1989 0
1990 0
1991 0
1992 1
1993 0
1994 0
1995 1
1996 0
1997 0
1998 0
1999 0
2000 0
2001 0
2002 1
2003 0
2004 0
2005 0
2006 0
2007 0
2008 0
2009 0
2010 0
2011 0
2012 0
2013 0
2014 0
2015 0
2016 0
2017 0
2018 0
2019 0
2020 0
2021 0
2022 0
2023 0
2024 0
2025 0
2026 0
2027 0
2028 0
2029 0
2030 0
2031 0
2032 0
2033 0
2034 0
2035 0
2036 1
2037 0
2038 0
2039 0
2040 0
2041 0
2042 0
2043 0
2044 0
2045 0
2046 0
2047 0
2048 0
2049 0
2050 0
2051 0
2052 0
2053 0
2054 0
2055 0
2056 0
2057 0
2058 0
2059 0
2060 0
2061 0
2062 0
2063 0
2064 0
2065 0
2066 0
2067 0
2068 0
2069 0
2070 0
2071 0
2072 0
2073 0
2074 0
2075 0
2076 1
2077 0
2078 0
2079 0
2080 0
2081 0
2082 0
2083 0
2084 0
2085 0
2086 0
2087 0
2088 0
2089 0
2090 0
2091 0
2092 0
2093 0
2094 0
2095 0
2096 0
2097 0
2098 0
2099 0
2100 0
2101 0
2102 0
2103 0
2104 0
2105 0
2106 0
2107 0
2108 0
2109 1
2110 0
2111 0
2112 0
2113 0
2114 0
2115 0
2116 0
2117 0
2118 0
2119 0
2120 0
2121 0
2122 0
2123 0
2124 0
2125 0
2126 0
2127 0
2128 0
2129 0
2130 0
2131 0
2132 0
2133 0
2134 0
2135 0
2136 0
2137 0
2138 0
2139 0
2140 0
2141 0
2142 0
2143 0
2144 0
2145 0
2146 0
2147 0
2148 0
2149 0
2150 0
2151 0
2152 0
2153 0
2154 0
2155 0
2156 0
2157 0
2158 0
2159 0
2160 0
2161 0
2162 0
2163 0
2164 0
2165 0
2166 0
2167 0
2168 0
2169 0
2170 0
2171 0
2172 0
2173 0
2174 0
2175 0
2176 0
2177 0
2178 0
2179 0
2180 0
2181 0
2182 0
2183 0
2184 0
2185 0
2186 0
2187 0
2188 0
2189 0
2190 0
2191 0
2192 0
2193 0
2194 0
2195 0
2196 0
2197 0
2198 0
2199 0
2200 0
2201 0
2202 0
2203 0
2204 0
2205 0
2206 0
2207 0
2208 0
2209 0
2210 0
2211 0
2212 0
2213 0
2214 0
2215 0
2216 0
2217 0
2218 0
2219 0
2220 0
2221 0
2222 0
2223 0
2224 0
2225 0
2226 0
2227 0
2228 0
2229 0
2230 0
2231 0
2232 0
2233 0
2234 0
2235 0
2236 0
2237 0
2238 0
2239 0
2240 0
2241 0
2242 0
2243 0
2244 0
2245 0
2246 0
2247 0
2248 0
2249 0
2250 0
2251 0
2252 0
2253 0
2254 0
2255 0
2256 0
2257 0
2258 0
2259 0
2260 0
2261 0
2262 0
2263 0
2264 0
2265 0
2266 0
2267 0
2268 0
2269 0
2270 0
2271 0
2272 0
2273 0
2274 0
2275 0
2276 0
2277 0
2278 0
2279 0
2280 0
2281 0
2282 0
2283 0
2284 0
2285 0
2286 0
2287 0
2288 0
2289 0
2290 0
2291 0
2292 0
2293 0
2294 0
2295 0
2296 0
2297 0
2298 0
2299 0
2300 0
2301 0
2302 0
2303 0
2304 0
2305 0
2306 0
2307 0
2308 0
2309 0
2310 0
2311 0
2312 0
2313 0
2314 0
2315 0
2316 0
2317 0
2318 0
2319 0
2320 0
2321 0
2322 0
2323 0
2324 0
2325 0
2326 0
2327 0
2328 0
2329 0
2330 0
2331 0
2332 0
2333 0
2334 0
2335 0
2336 0
2337 0
2338 0
2339 0
2340 0
2341 0
2342 0
2343 0
2344 0
2345 0
2346 0
2347 0
2348 0
2349 0
2350 0
2351 0
2352 0
2353 0
2354 0
2355 0
2356 0
2357 0
2358 0
2359 0
2360 0
2361 0
2362 0
2363 0
2364 0
2365 0
2366 0
2367 0
2368 0
2369 0
2370 0
2371 0
2372 0
2373 0
2374 0
2375 0
2376 0
2377 0
2378 0
2379 0
2380 0
2381 0
2382 0
2383 0
2384 0
2385 0
2386 0
2387 0
2388 0
2389 0
2390 0
2391 0
2392 0
2393 0
2394 0
2395 0
2396 0
2397 0
2398 0
2399 0
2400 0
2401 0
2402 0
2403 0
2404 0
2405 0
2406 0
2407 0
2408 0
2409 0
2410 0
2411 0
2412 0
2413 0
2414 0
2415 0
2416 0
2417 0
2418 0
2419 0
2420 0
2421 0
2422 0
2423 0
2424 0
2425 0
2426 0
2427 0
2428 0
2429 0
2430 0
2431 0
2432 0
2433 0
2434 0
2435 0
2436 0
2437 0
2438 0
2439 0
2440 0
2441 0
2442 0
2443 0
2444 0
2445 0
2446 0
2447 0
2448 0
2449 0
2450 0
2451 0
2452 0
2453 0
2454 0
2455 0
2456 0
2457 0
2458 0
2459 0
2460 0
2461 0
2462 0
2463 0
2464 0
2465 0
2466 0
2467 0
2468 0
2469 0
2470 0
2471 0
2472 0
2473 0
2474 0
2475 0
2476 0
2477 0
2478 0
2479 0
2480 0
2481 0
2482 0
2483 0
2484 0
2485 0
2486 0
2487 0
2488 0
2489 0
2490 0
2491 0
2492 0
2493 0
2494 0
2495 0
2496 0
2497 0
2498 0
2499 0
2500 0
2501 0
2502 0
2503 0
2504 0
2505 0
2506 0
2507 0
2508 0
2509 0
2510 0
2511 0
2512 0
2513 0
2514 0
2515 0
2516 0
2517 0
2518 0
2519 0
2520 0
2521 0
2522 0
2523 0
2524 0
2525 0
2526 0
2527 0
2528 0
2529 0
2530 0
2531 0
2532 0
2533 0
2534 0
2535 0
2536 0
2537 0
2538 0
2539 0
2540 0
2541 0
2542 0
2543 0
2544 0
2545 0
2546 0
2547 0
2548 0
2549 0
2550 0
2551 0
2552 0
2553 0
2554 0
2555 0
2556 0
2557 0
2558 0
2559 0
2560 0
2561 0
2562 0
2563 0
2564 0
2565 0
2566 0
2567 0
2568 0
2569 0
2570 0
2571 0
2572 0
2573 0
2574 0
2575 0
2576 0
2577 0
2578 0
2579 0
2580 0
2581 0
2582 0
2583 0
2584 0
2585 0
2586 0
2587 0
2588 0
2589 0
2590 0
2591 0
2592 0
2593 0
2594 0
2595 0
2596 0
2597 0
2598 0
2599 0
2600 0
2601 0
2602 0
2603 0
2604 0
2605 0
2606 0
2607 0
2608 0
2609 0
2610 0
2611 0
2612 0
2613 0
2614 0
2615 0
2616 0
2617 0
2618 0
2619 0
2620 0
2621 0
2622 0
2623 0
2624 0
2625 0
2626 0
2627 0
2628 0
2629 0
2630 0
2631 0
2632 0
2633 0
2634 0
2635 0
2636 0
2637 0
2638 0
2639 0
2640 0
2641 0
2642 0
2643 0
2644 0
2645 0
2646 0
2647 0
2648 0
2649 0
2650 0
2651 0
2652 0
2653 0
2654 0
2655 0
2656 0
2657 0
2658 0
2659 0
2660 0
2661 0
2662 0
2663 0
2664 0
2665 0
2666 0
2667 0
2668 0
2669 0
2670 0
2671 0
2672 0
2673 0
2674 0
2675 0
2676 0
2677 0
2678 0
2679 0
2680 0
2681 0
2682 0
2683 0
2684 0
2685 0
2686 0
2687 0
2688 0
2689 0
2690 0
2691 0
2692 0
2693 0
2694 0
2695 0
2696 0
2697 0
2698 0
2699 0
2700 0
2701 0
2702 0
2703 0
2704 0
2705 0
2706 0
2707 0
2708 0
2709 0
2710 0
2711 0
2712 0
2713 0
2714 0
2715 0
2716 0
2717 0
2718 0
2719 0
2720 0
2721 0
2722 0
2723 0
2724 0
2725 0
2726 0
2727 0
2728 0
2729 0
2730 0
2731 0
2732 0
2733 0
2734 0
2735 0
2736 0
2737 0
2738 0
2739 0
2740 0
2741 0
2742 0
2743 0
2744 0
2745 0
2746 0
2747 0
2748 0
2749 0
2750 0
2751 0
2752 0
2753 0
2754 0
2755 0
2756 0
2757 1
2758 0
2759 0
2760 0
2761 0
2762 0
2763 0
2764 0
2765 0
2766 0
2767 0
2768 0
2769 0
2770 0
2771 0
2772 0
2773 0
2774 0
2775 0
2776 0
2777 0
2778 0
2779 0
2780 0
2781 0
2782 0
2783 0
2784 0
2785 0
2786 0
2787 0
2788 0
2789 0
2790 0
2791 0
2792 0
2793 0
2794 0
2795 0
2796 0
2797 0
2798 0
2799 0
2800 0
2801 0
2802 0
2803 0
2804 0
2805 0
2806 0
2807 0
2808 0
2809 0
2810 0
2811 0
2812 0
2813 0
2814 0
2815 0
2816 0
2817 0
2818 0
2819 0
2820 0
2821 0
2822 0
2823 0
2824 0
2825 0
2826 0
2827 0
2828 0
2829 0
2830 0
2831 0
2832 0
2833 0
2834 0
2835 0
2836 0
2837 0
2838 0
2839 0
2840 0
2841 0
2842 0
2843 0
2844 0
2845 0
2846 0
2847 0
2848 0
2849 0
2850 0
2851 0
2852 0
2853 0
2854 0
2855 0
2856 0
2857 0
2858 0
2859 0
2860 0
2861 0
2862 0
2863 0
2864 0
2865 0
2866 0
2867 0
2868 0
2869 0
2870 0
2871 0
2872 0
2873 0
2874 0
2875 0
2876 0
2877 0
2878 0
2879 0
2880 0
2881 0
2882 0
2883 0
2884 0
2885 0
2886 0
2887 0
2888 0
2889 0
2890 0
2891 0
2892 0
2893 0
2894 0
2895 0
2896 0
2897 0
2898 0
2899 0
2900 0
2901 0
2902 0
2903 0
2904 0
2905 0
2906 0
2907 0
2908 0
2909 0
2910 0
2911 0
2912 0
2913 0
2914 0
2915 0
2916 0
2917 0
2918 0
2919 0
2920 0
2921 0
2922 0
2923 0
2924 0
2925 0
2926 0
2927 0
2928 0
2929 0
2930 0
2931 0
2932 0
2933 0
2934 0
2935 0
2936 0
2937 0
2938 0
2939 0
2940 0
2941 0
2942 0
2943 0
2944 0
2945 0
2946 0
2947 0
2948 0
2949 0
2950 0
2951 0
2952 0
2953 0
2954 0
2955 0
2956 0
2957 0
2958 0
2959 0
2960 0
2961 0
2962 0
2963 0
2964 0
2965 0
2966 0
2967 0
2968 0
2969 0
2970 0
2971 0
2972 0
2973 0
2974 0
2975 0
2976 0
2977 0
2978 0
2979 0
2980 0
2981 0
2982 0
2983 0
2984 0
2985 0
2986 0
2987 0
2988 0
2989 0
2990 0
2991 0
2992 0
2993 0
2994 0
2995 0
2996 0
2997 0
2998 0
2999 0
3000 0
3001 0
3002 0
3003 0
3004 0
3005 0
3006 0
3007 0
3008 0
3009 0
3010 0
3011 0
3012 0
3013 0
3014 0
3015 0
3016 0
3017 0
3018 0
3019 0
3020 0
3021 0
3022 0
3023 0
3024 0
3025 0
3026 0
3027 0
3028 0
3029 0
3030 0
3031 0
3032 0
3033 0
3034 0
3035 0
3036 0
3037 0
3038 0
3039 0
3040 0
3041 0
3042 0
3043 0
3044 0
3045 0
3046 0
3047 0
3048 0
3049 0
3050 0
3051 0
3052 0
3053 0
3054 0
3055 0
3056 0
3057 0
3058 0
3059 0
3060 0
3061 0
3062 0
3063 0
3064 0
3065 0
3066 0
3067 0
3068 0
3069 0
3070 0
3071 0
3072 0
3073 0
3074 0
3075 0
3076 0
3077 0
3078 0
3079 0
3080 0
3081 0
3082 0
3083 0
3084 0
3085 0
3086 0
3087 0
3088 0
3089 0
3090 0
3091 0
3092 0
3093 0
3094 0
3095 0
3096 0
3097 0
3098 0
3099 0
3100 0
3101 0
3102 0
3103 0
3104 0
3105 0
3106 0
3107 0
3108 0
3109 0
3110 0
3111 0
3112 0
3113 0
3114 0
3115 0
3116 0
3117 0
3118 0
3119 0
3120 0
3121 0
3122 0
3123 0
3124 0
3125 0
3126 0
3127 0
3128 0
3129 0
3130 0
3131 0
3132 0
3133 0
3134 0
3135 0
3136 0
3137 0
3138 0
3139 0
3140 0
3141 0
3142 0
3143 0
3144 0
3145 0
3146 0
3147 0
3148 0
3149 0
3150 0
3151 0
3152 0
3153 0
3154 0
3155 0
3156 0
3157 0
3158 0
3159 0
3160 0
3161 0
3162 0
3163 0
3164 0
3165 0
3166 0
3167 0
3168 0
3169 0
3170 0
3171 0
3172 0
3173 0
3174 0
3175 0
3176 0
3177 0
3178 0
3179 0
3180 0
3181 0
3182 0
3183 0
3184 0
3185 0
3186 0
3187 0
3188 0
3189 0
3190 0
3191 0
3192 0
3193 0
3194 0
3195 0
3196 0
3197 0
3198 0
3199 0
3200 0
3201 0
3202 0
3203 0
3204 0
3205 0
3206 0
3207 0
3208 0
3209 0
3210 0
3211 0
3212 0
3213 0
3214 0
3215 0
3216 0
3217 0
3218 0
3219 0
3220 0
3221 0
3222 0
3223 0
3224 0
3225 0
3226 0
3227 0
3228 0
3229 0
3230 0
3231 0
3232 0
3233 0
3234 0
3235 0
3236 0
3237 0
3238 0
3239 0
3240 0
3241 0
3242 0
3243 0
3244 0
3245 0
3246 0
3247 0
3248 0
3249 0
3250 0
3251 0
3252 0
3253 0
3254 0
3255 0
3256 0
3257 0
3258 0
3259 0
3260 0
3261 0
3262 0
3263 0
3264 0
3265 0
3266 0
3267 0
3268 0
3269 0
3270 0
3271 0
3272 0
3273 0
3274 0
3275 0
3276 0
3277 0
3278 0
3279 0
3280 0
3281 0
3282 0
3283 0
3284 0
3285 0
3286 0
3287 0
3288 0
3289 0
3290 0
3291 0
3292 0
3293 0
3294 0
3295 0
3296 0
3297 0
3298 0
3299 0
3300 0
3301 0
3302 0
3303 0
3304 0
3305 0
3306 0
3307 0
3308 0
3309 0
3310 0
3311 0
3312 0
3313 0
3314 0
3315 0
3316 0
3317 0
3318 0
3319 0
3320 0
3321 0
3322 0
3323 0
3324 0
3325 0
3326 0
3327 0
3328 0
3329 0
3330 0
3331 0
3332 0
3333 0
3334 0
3335 0
3336 0
3337 0
3338 0
3339 0
3340 0
3341 0
3342 0
3343 0
3344 0
3345 0
3346 0
3347 0
3348 0
3349 0
3350 0
3351 0
3352 0
3353 0
3354 0
3355 0
3356 0
3357 0
3358 0
3359 0
3360 0
3361 0
3362 0
3363 0
3364 0
3365 0
3366 0
3367 0
3368 0
3369 0
3370 0
3371 0
3372 0
3373 0
3374 0
3375 0
3376 0
3377 0
3378 0
3379 0
3380 0
3381 0
3382 0
3383 0
3384 0
3385 0
3386 0
3387 0
3388 0
3389 0
3390 0
3391 0
3392 0
3393 0
3394 0
3395 0
3396 0
3397 0
3398 0
3399 0
3400 0
3401 0
3402 0
3403 0
3404 0
3405 0
3406 0
3407 0
3408 0
3409 0
3410 0
3411 0
3412 0
3413 0
3414 0
3415 0
3416 0
3417 0
3418 0
3419 0
3420 0
3421 0
3422 0
3423 0
3424 0
3425 0
3426 0
3427 0
3428 0
3429 0
3430 0
3431 0
3432 0
3433 0
3434 0
3435 0
3436 0
3437 0
3438 0
3439 0
3440 0
3441 0
3442 0
3443 0
3444 0
3445 0
3446 0
3447 0
3448 0
3449 0
3450 0
3451 0
3452 0
3453 0
3454 0
3455 0
3456 0
3457 0
3458 0
3459 0
3460 0
3461 0
3462 0
3463 0
3464 0
3465 0
3466 0
3467 0
3468 0
3469 0
3470 0
3471 0
3472 0
3473 0
3474 0
3475 0
3476 0
3477 0
3478 0
3479 0
3480 0
3481 0
3482 0
3483 0
3484 0
3485 0
3486 0
3487 0
3488 0
3489 0
3490 0
3491 0
3492 0
3493 0
3494 0
3495 0
3496 0
3497 0
3498 0
3499 0
3500 0
3501 0
3502 0
3503 0
3504 0
3505 0
3506 0
3507 0
3508 0
3509 0
3510 0
3511 0
3512 0
3513 0
3514 0
3515 0
3516 0
3517 0
3518 0
3519 0
3520 0
3521 0
3522 0
3523 0
3524 0
3525 0
3526 0
3527 0
3528 0
3529 0
3530 0
3531 0
3532 0
3533 0
3534 0
3535 0
3536 0
3537 0
3538 0
3539 0
3540 0
3541 0
3542 0
3543 0
3544 0
3545 0
3546 0
3547 0
3548 0
3549 0
3550 0
3551 0
3552 0
3553 0
3554 0
3555 0
3556 0
3557 0
3558 0
3559 0
3560 0
3561 0
3562 0
3563 0
3564 0
3565 0
3566 0
3567 0
3568 0
3569 0
3570 0
3571 0
3572 0
3573 0
3574 0
3575 0
3576 0
3577 0
3578 0
3579 0
3580 0
3581 0
3582 0
3583 0
3584 0
3585 0
3586 0
3587 0
3588 0
3589 0
3590 0
3591 0
3592 0
3593 0
3594 0
3595 0
3596 0
3597 0
3598 0
3599 0
3600 0
3601 0
3602 0
3603 0
3604 0
3605 0
3606 0
3607 0
3608 0
3609 0
3610 0
3611 0
3612 0
3613 0
3614 0
3615 0
3616 0
3617 0
3618 0
3619 0
3620 0
3621 0
3622 0
3623 0
3624 0
3625 0
3626 0
3627 0
3628 0
3629 0
3630 0
3631 0
3632 0
3633 0
3634 0
3635 0
3636 0
3637 0
3638 0
3639 0
3640 0
3641 0
3642 0
3643 0
3644 0
3645 0
3646 0
3647 0
3648 0
3649 0
3650 0
3651 0
3652 0
3653 0
3654 0
3655 0
3656 0
3657 0
3658 0
3659 0
3660 0
3661 0
3662 0
3663 0
3664 0
3665 0
3666 0
3667 0
3668 0
3669 0
3670 0
3671 0
3672 0
3673 0
3674 0
3675 0
3676 0
3677 0
3678 0
3679 0
3680 0
3681 0
3682 0
3683 0
3684 0
3685 0
3686 0
3687 0
3688 0
3689 0
3690 0
3691 0
3692 0
3693 0
3694 0
3695 0
3696 0
3697 0
3698 0
3699 0
3700 0
3701 0
3702 0
3703 0
3704 0
3705 0
3706 0
3707 0
3708 0
3709 0
3710 0
3711 0
3712 0
3713 0
3714 0
3715 0
3716 0
3717 0
3718 0
3719 0
3720 0
3721 0
3722 0
3723 0
3724 0
3725 0
3726 0
3727 0
3728 0
3729 0
3730 0
3731 0
3732 0
3733 0
3734 0
3735 0
3736 0
3737 0
3738 0
3739 0
3740 0
3741 0
3742 0
3743 0
3744 0
3745 0
3746 0
3747 0
3748 0
3749 0
3750 0
3751 0
3752 0
3753 0
3754 0
3755 0
3756 0
3757 0
3758 0
3759 0
3760 0
3761 0
3762 0
3763 0
3764 0
3765 0
3766 0
3767 0
3768 0
3769 0
3770 0
3771 0
3772 0
3773 0
3774 0
3775 0
3776 0
3777 0
3778 0
3779 0
3780 0
3781 0
3782 0
3783 0
3784 0
3785 0
3786 0
3787 0
3788 0
3789 0
3790 0
3791 0
3792 0
3793 0
3794 0
3795 0
3796 0
3797 0
3798 0
3799 0
3800 0
3801 0
3802 0
3803 0
3804 0
3805 0
3806 0
3807 0
3808 0
3809 0
3810 0
3811 0
3812 0
3813 0
3814 0
3815 0
3816 0
3817 0
3818 0
3819 0
3820 0
3821 0
3822 0
3823 0
3824 0
3825 0
3826 0
3827 0
3828 0
3829 0
3830 0
3831 0
3832 0
3833 0
3834 0
3835 0
3836 0
3837 0
3838 0
3839 0
3840 0
3841 0
3842 0
3843 0
3844 0
3845 0
3846 0
3847 0
3848 0
3849 0
3850 0
3851 0
3852 0
3853 0
3854 0
3855 0
3856 0
3857 0
3858 0
3859 0
3860 0
3861 0
3862 0
3863 0
3864 0
3865 0
3866 0
3867 0
3868 0
3869 0
3870 0
3871 0
3872 0
3873 0
3874 0
3875 0
3876 0
3877 0
3878 0
3879 0
3880 0
3881 0
3882 0
3883 0
3884 0
3885 0
3886 0
3887 0
3888 0
3889 0
3890 0
3891 0
3892 0
3893 0
3894 0
3895 0
3896 0
3897 0
3898 0
3899 0
3900 0
3901 0
3902 0
3903 0
3904 0
3905 0
3906 0
3907 0
3908 0
3909 0
3910 0
3911 0
3912 0
3913 0
3914 0
3915 0
3916 0
3917 0
3918 0
3919 0
3920 0
3921 0
3922 0
3923 0
3924 0
3925 0
3926 0
3927 0
3928 0
3929 0
3930 0
3931 0
3932 0
3933 0
3934 0
3935 0
3936 0
3937 0
3938 0
3939 0
3940 0
3941 0
3942 0
3943 0
3944 0
3945 0
3946 0
3947 0
3948 0
3949 0
3950 0
3951 0
3952 0
3953 0
3954 0
3955 0
3956 0
3957 0
3958 0
3959 0
3960 0
3961 0
3962 0
3963 0
3964 0
3965 0
3966 0
3967 0
3968 0
3969 0
3970 0
3971 0
3972 0
3973 0
3974 0
3975 0
3976 0
3977 0
3978 0
3979 0
3980 0
3981 0
3982 0
3983 0
3984 0
3985 0
3986 0
3987 0
3988 0
3989 0
3990 0
3991 0
3992 0
3993 0
3994 0
3995 0
3996 0
3997 0
3998 0
3999 0
4000 0
4001 0
4002 0
4003 0
4004 0
4005 0
4006 0
4007 0
4008 0
4009 0
4010 0
4011 0
4012 0
4013 0
4014 0
4015 0
4016 0
4017 0
4018 0
4019 0
4020 0
4021 0
4022 0
4023 0
4024 0
4025 0
4026 0
4027 0
4028 0
4029 0
4030 0
4031 0
4032 0
4033 0
4034 0
4035 0
4036 0
4037 0
4038 0
4039 0
4040 0
4041 0
4042 0
4043 0
4044 0
4045 0
4046 0
4047 0
4048 0
4049 0
4050 0
4051 0
4052 0
4053 0
4054 0
4055 0
4056 0
4057 0
4058 0
4059 0
4060 0
4061 0
4062 0
4063 0
4064 0
4065 0
4066 0
4067 0
4068 0
4069 0
4070 0
4071 0
4072 0
4073 0
4074 0
4075 0
4076 0
4077 0
4078 0
4079 0
4080 0
4081 0
4082 0
4083 0
4084 0
4085 0
4086 0
4087 0
4088 0
4089 0
4090 0
4091 0
4092 0
4093 0
4094 0
4095 0
4096 0
4097 0
4098 0
4099 0
4100 0
4101 0
4102 0
4103 0
4104 0
4105 0
4106 0
4107 0
4108 0
4109 0
4110 0
4111 0
4112 0
4113 0
4114 0
4115 0
4116 0
4117 0
4118 0
4119 0
4120 0
4121 0
4122 0
4123 0
4124 0
4125 0
4126 0
4127 0
4128 0
4129 0
4130 0
4131 0
4132 0
4133 0
4134 0
4135 0
4136 0
4137 0
4138 0
4139 0
4140 0
4141 0
4142 0
4143 0
4144 0
4145 0
4146 0
4147 0
4148 0
4149 0
4150 0
4151 0
4152 0
4153 0
4154 0
4155 0
4156 0
4157 0
4158 0
4159 0
4160 0
4161 0
4162 0
4163 0
4164 0
4165 0
4166 0
4167 0
4168 0
4169 0
4170 0
4171 0
4172 0
4173 0
4174 0
4175 0
4176 0
4177 0
4178 0
4179 0
4180 0
4181 0
4182 0
4183 0
4184 0
4185 0
4186 0
4187 0
4188 0
4189 0
4190 0
4191 0
4192 0
4193 0
4194 0
4195 0
4196 0
4197 0
4198 0
4199 0
4200 0
4201 0
4202 0
4203 0
4204 0
4205 0
4206 0
4207 0
4208 0
4209 0
4210 0
4211 0
4212 0
4213 0
4214 0
4215 0
4216 0
4217 0
4218 0
4219 0
4220 0
4221 0
4222 0
4223 0
4224 0
4225 0
4226 0
4227 0
4228 0
4229 0
4230 0
4231 0
4232 0
4233 0
4234 0
4235 0
4236 0
4237 0
4238 0
4239 0
4240 0
4241 0
4242 0
4243 0
4244 0
4245 0
4246 0
4247 0
4248 0
4249 0
4250 0
4251 0
4252 0
4253 0
4254 0
4255 0
4256 0
4257 0
4258 0
4259 0
4260 0
4261 0
4262 0
4263 0
4264 0
4265 0
4266 0
4267 0
4268 0
4269 0
4270 0
4271 0
4272 0
4273 0
4274 0
4275 0
4276 0
4277 0
4278 0
4279 0
4280 0
4281 0
4282 0
4283 0
4284 0
4285 0
4286 0
4287 0
4288 0
4289 0
4290 0
4291 0
4292 0
4293 0
4294 0
4295 0
4296 0
4297 0
4298 0
4299 0
4300 0
4301 0
4302 0
4303 0
4304 0
4305 0
4306 0
4307 0
4308 0
4309 0
4310 0
4311 0
4312 0
4313 0
4314 0
4315 0
4316 0
4317 0
4318 0
4319 0
4320 0
4321 0
4322 0
4323 0
4324 0
4325 0
4326 0
4327 0
4328 0
4329 0
4330 0
4331 0
4332 0
4333 0
4334 0
4335 0
4336 0
4337 0
4338 0
4339 0
4340 0
4341 0
4342 0
4343 0
4344 0
4345 0
4346 0
4347 0
4348 0
4349 0
4350 0
4351 0
4352 0
4353 0
4354 0
4355 0
4356 0
4357 0
4358 0
4359 0
4360 0
4361 0
4362 0
4363 0
4364 0
4365 0
4366 0
4367 0
4368 0
4369 0
4370 0
4371 0
4372 0
4373 0
4374 0
4375 0
4376 0
4377 0
4378 0
4379 0
4380 0
4381 0
4382 0
4383 0
4384 0
4385 0
4386 0
4387 0
4388 0
4389 0
4390 0
4391 0
4392 0
4393 0
4394 0
4395 0
4396 0
4397 0
4398 0
4399 0
4400 0
4401 0
4402 0
4403 0
4404 0
4405 0
4406 0
4407 0
4408 0
4409 0
4410 0
4411 0
4412 0
4413 0
4414 0
4415 0
4416 0
4417 0
4418 0
4419 0
4420 0
4421 0
4422 0
4423 0
4424 0
4425 0
4426 0
4427 0
4428 0
4429 0
4430 0
4431 0
4432 0
4433 0
4434 0
4435 0
4436 0
4437 0
4438 0
4439 0
4440 0
4441 0
4442 0
4443 0
4444 0
4445 0
4446 0
4447 0
4448 0
4449 0
4450 0
4451 0
4452 0
4453 0
4454 0
4455 0
4456 0
4457 0
4458 0
4459 0
4460 0
4461 0
4462 0
4463 0
4464 0
4465 0
4466 0
4467 0
4468 0
4469 0
4470 0
4471 0
4472 0
4473 0
4474 0
4475 0
4476 0
4477 0
4478 0
4479 0
4480 0
4481 0
4482 0
4483 0
4484 0
4485 0
4486 0
4487 0
4488 0
4489 0
4490 0
4491 0
4492 0
4493 0
4494 0
4495 0
4496 0
4497 0
4498 0
4499 0
4500 0
4501 0
4502 0
4503 0
4504 0
4505 0
4506 0
4507 0
4508 0
4509 0
4510 0
4511 0
4512 0
4513 0
4514 0
4515 0
4516 0
4517 0
4518 0
4519 1
