0 0.4569
1 0.4687
2 0.45
3 0.4619
4 0.4597
5 0.4375
6 0.4456
7 0.4507
8 0.4756
9 0.4713
10 0.4549
11 0.4477
12 0.4631
13 0.471
14 0.4315
15 0.4679
16 0.4555
17 0.4759
18 0.4415
19 0.4507
20 0.4475
21 0.4531
22 0.4667
23 0.4569
24 0.4455
25 0.4441
26 0.4612
27 0.4773
28 0.4682
29 0.4553
30 0.4643
31 0.478
32 0.462
33 0.4693
34 0.4484
35 0.4555
36 0.4425
37 0.4696
38 0.4486
39 0.4743
40 0.4392
41 0.4651
42 0.4799
43 0.4801
44 0.4394
45 0.4541
46 0.4476
47 0.4575
48 0.452
49 0.462
50 0.4603
51 0.4419
52 0.4619
53 0.4378
54 0.4768
55 0.4535
56 0.4455
57 0.4685
58 0.4535
59 0.4583
60 0.464
61 0.4381
62 0.4618
63 0.4516
64 0.4759
65 0.4489
66 0.4715
67 0.4538
68 0.4541
69 0.4532
70 0.4511
71 0.4467
72 0.4686
73 0.4409
74 0.4521
75 0.4663
76 0.4441
77 0.4544
78 0.4508
79 0.4775
80 0.4431
81 0.454
82 0.4495
83 0.4683
84 0.4607
85 0.4706
86 0.4438
87 0.4695
88 0.4524
89 0.4552
90 0.4467
91 0.4531
92 0.4602
93 0.4506
94 0.4647
95 0.4326
96 0.4492
97 0.4451
98 0.4777
99 0.4691
100 0.4488
101 0.4527
102 0.4474
103 0.4666
104 0.4479
105 0.442
106 0.4462
107 0.4604
108 0.4641
109 0.4421
110 0.4441
