2 0.6956600541129502
3 0.6724457532702348
4 0.6561738157045139
5 0.6431317465885126
6 0.6325340899745377
7 0.6239545800044265
8 0.6164361535948744
9 0.6100136312087642
10 0.6045403516011384
11 0.5996441246294869
12 0.5950450692565056
13 0.5910899015966248
14 0.5877582568389583
15 0.5843169588254218
16 0.581530932621098
17 0.5784222556614936
18 0.5766234713430396
19 0.5740024053970727
20 0.5715312974500948
21 0.5699628430639416
22 0.5678850881790604
23 0.5663366235961212
24 0.5647438537224327
25 0.5634675867965434
26 0.5616450652959839
27 0.559983639276341
28 0.5588328378900523
29 0.5579485702415661
30 0.5569323707788248
31 0.5550795908822646
32 0.5539515467431126
33 0.5530394512520947
34 0.5516960371076368
35 0.5515257592821347
36 0.5499020453487178
37 0.5493247243162224
38 0.5494335096424829
39 0.5483792638995609
40 0.5467657139826435
41 0.545938760689636
42 0.5462042637155236
43 0.5453204991583553
44 0.5441395953417557
45 0.5436566866195824
46 0.5431931121102354
47 0.5424632118549948
48 0.5412086184254373
49 0.5418353055875299
50 0.540431598804946
51 0.5402395181440085
52 0.540184010793398
53 0.5395929563950603
54 0.5387339602679668
55 0.5384290705742587
56 0.5377478786057441
57 0.5374525647995186
58 0.5360645772639914
59 0.5372420835381897
60 0.5358001785446969
61 0.5349126077734134
62 0.534914003702525
63 0.5357373118121458
64 0.5342244907059627
65 0.534330266674668
66 0.5328565845577727
67 0.5333400974265379
68 0.5333953799159985
69 0.5340743808817439
70 0.5322354560231084
71 0.5332089107536249
72 0.5319190009256188
73 0.5316684464594613
74 0.5311100395360697
75 0.5318957955078643
76 0.5307116586507549
77 0.530501403754477
78 0.529789977844219
79 0.5298199324961023
80 0.5305240022457619
81 0.5299523066087883
82 0.5288273006851081
83 0.5289950516019979
84 0.5291863717333963
85 0.529663725335569
86 0.5276629395270077
87 0.5280785678556583
88 0.5285012163034305
89 0.5273449216574064
90 0.5269671912510002
91 0.5283859978770581
92 0.5269529351841552
93 0.5270506494042461
94 0.5270567858101465
95 0.5255692914104599
96 0.5255898311745235
97 0.5275376861501972
98 0.5260726657610315
99 0.5268646341782941
100 0.5256776333257251
101 0.5250755145160029
102 0.5262638383220408
103 0.5268736345502327
104 0.5247311382002291
105 0.5247299099136773
106 0.5242133535502767
107 0.5253195049382475
108 0.5247297578768342
109 0.5250714111368389
110 0.5240926666556033
111 0.524272930275407
112 0.5240517860054085
113 0.5240969855345498
114 0.5237836179707109
115 0.5224196327970122
116 0.5230672587085227
117 0.5235927058950097
118 0.5242260587794638
119 0.5232266477625787
120 0.5235087966468838
121 0.5230452616590038
122 0.5225746782986065
123 0.5227601835062728
124 0.5223438434220099
125 0.5219552669814089
126 0.5210809883133931
127 0.5220093796021198
128 0.5220941047938228
129 0.5216675168096453
130 0.5216610470407448
131 0.5209068341670742
132 0.5222773820839846
133 0.5220678684242498
134 0.5227276195417471
135 0.5216485813531708
136 0.5222899223281121
137 0.5207358073646697
138 0.5213971197981756
139 0.5195554998864873
140 0.5196011153310696
141 0.5196017485566067
142 0.5210148124928873
143 0.5210050569026621
144 0.5208503514963241
145 0.520930495834521
146 0.5209557041972235
147 0.5198065370125242
148 0.5201046046559328
149 0.5190028555865507
150 0.519503601319688
151 0.5192212640382069
152 0.5204865369402251
153 0.5183451839559724
154 0.5184679592160177
155 0.5180452613264844
156 0.518637880996243
157 0.520360817561674
158 0.5188086090267571
159 0.5192841775443396
160 0.5191719039137801
161 0.5197052170995001
162 0.5184681721525184
163 0.5186777062897725
164 0.5180522832809646
165 0.5187417830799621
166 0.5162242807517592
167 0.5177074054045564
168 0.5172729424761303
169 0.5182350129465307
170 0.5179309167472828
171 0.5178221708901499
172 0.5178416632649785
173 0.516977323720896
174 0.5174557859896386
175 0.5175387993598571
176 0.516608071015593
177 0.5177362959621025
178 0.5179962649261474
179 0.5166107605131995
180 0.5173363538810063
181 0.5171355523211276
182 0.5176514030725407
183 0.5167585289480864
184 0.516272697787223
185 0.516146261996499
186 0.515980920201751
187 0.5175911267564086
188 0.5151925093484756
189 0.5179764026316509
190 0.5174813661807406
191 0.5182091730646193
192 0.5184321790654374
193 0.5152284327681829
194 0.516456566698523
195 0.5162386908436802
196 0.5158141600146989
197 0.5162814789362613
198 0.5160627452598142
199 0.5170984990014816
200 0.5163786399489484
201 0.5161882934992179
202 0.5169459293298738
203 0.5148967162745287
204 0.5155403096496071
205 0.5161325229022442
206 0.5155351130319324
207 0.5153251818669727
208 0.5149126720975529
209 0.5144834595745711
210 0.5159723948594342
211 0.5155123037040054
212 0.5160956873242042
213 0.5153466830132135
214 0.5143533533122596
215 0.5145798730654582
216 0.5151172561723959
217 0.5166179789281313
218 0.5157949421736485
219 0.5143010597088027
220 0.513253598965245
221 0.5145104008117707
222 0.5139610693054726
223 0.5151694707635158
224 0.5165018481384361
225 0.5140752358274567
226 0.5161382084620357
227 0.5137876340985119
228 0.5152503146109673
229 0.5133266692743419
230 0.5141032913012493
231 0.5130244052232149
232 0.5152924553295458
233 0.5119657993224952
234 0.5149130370150141
235 0.5154838036462293
236 0.5141733863119852
237 0.5144036383079705
238 0.5145933266168443
239 0.5141461766560183
240 0.5143557613729229
241 0.5147104799079704
242 0.514527657166156
243 0.5130430805817251
244 0.5135867981534592
245 0.5145832820992057
246 0.5158646683795429
247 0.5151077978527113
248 0.5155909786953834
249 0.5136095080851808
250 0.5143486266157692
251 0.5137921487941308
252 0.5137999279179023
253 0.5132837912384044
254 0.5135800029954717
255 0.5129326910758667
256 0.5141836892403596
257 0.5149556910111456
258 0.513765386307511
259 0.5139565196401847
260 0.5140739020937529
261 0.5132735643324449
262 0.5134978125689658
263 0.5141498518689929
264 0.513135905025101
265 0.5123385218736554
266 0.5129112366944324
267 0.5126144583905211
268 0.5130369499284122
269 0.512777833150603
270 0.5140002800056002
271 0.5127983923012362
272 0.5121093094302884
273 0.5125757427595485
274 0.5117285664934872
275 0.5117254990336878
276 0.5131129786271472
277 0.5144708571821448
278 0.5126519859031566
279 0.5129297052311339
280 0.513023597331598
281 0.513028934954836
282 0.5128841562109988
283 0.5141444107784346
284 0.5152802820218124
285 0.5139318124350294
286 0.5130812931531507
287 0.5116931843827578
288 0.5123915141543535
289 0.5125965977563931
290 0.5114578289485483
291 0.5124958094970316
292 0.512450444193651
293 0.5107416313932021
294 0.5119622463839525
295 0.5135806437473518
296 0.5114526724122157
297 0.5114618343347577
298 0.5112308112618233
299 0.5131830368384411
300 0.5125811778470561
301 0.5123011794736705
302 0.5117374735776593
303 0.5116804907261269
304 0.5111746839815138
305 0.51138667209248
306 0.5126477975746233
307 0.5122404839375608
308 0.5121620598258235
309 0.5115392395207982
310 0.5141365578494393
311 0.5123519032014117
312 0.5116500237755587
313 0.5113318103544585
314 0.5114127679010338
315 0.5111615985086799
316 0.5123225851708093
317 0.5118183488318461
318 0.5121549334270431
319 0.5107880954621006
320 0.5117704207458337
321 0.5109070306423402
322 0.511557447077809
323 0.5102650686451695
324 0.5097190847845228
325 0.5115984175430316
326 0.5100222806559747
327 0.5105258261914103
328 0.5120004212095194
329 0.5109532628295725
330 0.5109832678692461
331 0.5120232443935178
332 0.5110762426024537
333 0.5128018189457035
334 0.5084759093750388
335 0.5113801029330934
336 0.5113676212741087
337 0.5113807216839291
338 0.5112148909755956
339 0.5100163805639594
340 0.5129837781266353
341 0.5121064918626436
342 0.5116761262487696
343 0.5106481035356815
344 0.5111910354071167
345 0.5104308485899116
346 0.5118641762240378
347 0.5112260380826192
348 0.5115108408067897
349 0.51144738601129
350 0.5102919436687905
351 0.510966207064217
352 0.5112226265500236
353 0.5112161745616206
354 0.5112797633269763
355 0.5096853090551439
356 0.5100173127917424
357 0.5091204766710591
358 0.509724102723459
359 0.5116640677605698
360 0.5093153929051342
361 0.5095101249749382
362 0.5103035029220896
363 0.5102925243770314
364 0.5109081523609426
365 0.5108371905359887
366 0.5128148185077251
367 0.5111997503629234
368 0.5108941362311735
369 0.5099667243323185
370 0.5132058183484137
371 0.510131266774758
372 0.5109615012931075
373 0.5102651445406002
374 0.5090289434864439
375 0.5105486015674331
376 0.5084333175730396
377 0.510672178120156
378 0.5117302465085762
379 0.5089244206522505
380 0.5094105373471112
381 0.508239818313676
382 0.5107973223214841
383 0.5092651757188499
384 0.5105487464645104
385 0.5106125273964702
386 0.5092253059018798
387 0.5109731369863677
388 0.5094607769429638
389 0.5108566647858824
390 0.5115660353498507
391 0.5085891875277484
392 0.5111448266441607
393 0.5109348784579968
394 0.5089007587371956
395 0.5083091117439053
396 0.5094440378948201
397 0.5098215527691116
398 0.509444107016618
399 0.5084847785630803
400 0.5108583195218723
401 0.5109132005873833
402 0.5099540966481513
403 0.510704008918752
404 0.5093269104797993
405 0.5100618684369465
406 0.5092200748605913
407 0.5089621337047925
408 0.5108072206032273
409 0.5116269485570633
410 0.5091383408175786
411 0.5099777002687403
412 0.5097019466301923
413 0.5107509577748477
414 0.5112685192392517
415 0.5092968116303738
416 0.5097532449902363
417 0.5081280594748828
418 0.5106197570527156
419 0.5096270662297979
420 0.5098261506904934
421 0.5087886863143453
422 0.5072003141183462
423 0.508671568993671
424 0.5107030374205946
425 0.5085208418077887
426 0.5103949433491712
427 0.509429992555269
428 0.5088848619262705
429 0.5094386771184737
430 0.5103192246856945
431 0.5097948396588835
432 0.5088050314465409
433 0.5073075887977767
434 0.5100425343865658
435 0.5085004479741613
436 0.5081327948555344
437 0.5092461041067693
438 0.5110851743471754
439 0.5096335136944274
440 0.5078616881586479
441 0.5101207726744776
442 0.5100251543305403
443 0.5070468735861008
444 0.5095052053671094
445 0.5090942254091119
446 0.5096329855390811
447 0.5076079223372272
448 0.510565302592335
449 0.5089421088904204
450 0.5088868317519093
451 0.5107155262243834
452 0.5088820924712587
453 0.5096841625841562
454 0.5107278351718905
455 0.5079060880980847
456 0.5097701891799852
457 0.511229852323772
458 0.5084591006020335
459 0.509078729748475
460 0.5106188708778504
461 0.5082112791124478
462 0.5104142538975501
463 0.5084026622296173
464 0.5074603732869158
465 0.5088494254588868
466 0.5092577097776715
467 0.5082572663944271
468 0.5083112386348503
469 0.5084186941764374
470 0.5102140136997968
471 0.5104360405042364
472 0.5089986970763367
473 0.5111408281277668
474 0.5099454849150458
475 0.5094500297132215
476 0.5090968340926838
477 0.5084400429719818
478 0.5101130832208282
479 0.5089082969432315
480 0.5090918192398663
481 0.5086357571087597
482 0.5098985058149017
483 0.5087518475423756
484 0.5081228634436391
485 0.5080488067969112
486 0.5094442334472719
487 0.5093269321878652
488 0.5085420980857619
489 0.5080280967551921
490 0.5077150465705949
491 0.5095017647961533
492 0.5083714538263512
493 0.5092573411362578
494 0.5091473269118882
495 0.5104350810394286
496 0.508792641554718
497 0.5093696984666585
498 0.5078519559158773
