0 1.0 0.0 63059390
1 -0.025678805271562414 1.375220252304982 110527611
2 0.11925942520800838 1.7440128767198588 66356944
3 -0.06547094821774156 2.6461670418542194 50847087
4 -0.14250229785243576 3.2564201496862872 37549191
5 -0.24355738069242236 3.9144211035540026 27682064
6 -0.3317168272848345 4.459802830836643 20437082
7 -0.4429430451188123 5.118289684949021 15180209
8 -0.5404001952033997 5.662553281537287 11333819
9 -0.6535157737118501 6.3191853262127555 8492199
10 -0.7493651476400108 6.863627235894931 6379436
11 -0.8577996377944587 7.499088803934158 4800037
12 -0.9522048293502645 8.064462860153517 3624090
13 -1.0554236035723734 8.731674208128906 2740475
14 -1.1482198235914325 9.31432964770075 2069514
15 -1.246945218933959 10.00562805971682 1565906
16 -1.3384728334493812 10.667606147807662 1187729
17 -1.4304468938677044 11.394173636728862 900348
18 -1.515019394017399 12.070041897344542 683716
19 -1.6115662511319628 12.80517209264883 519010
20 -1.6900495133422897 13.624654698786248 395247
21 -1.7635951813024915 14.372022721791147 299334
22 -1.867269520546439 15.230457284567633 227363
23 -1.9377233223449135 16.195388541818886 173516
24 -1.9992606117306213 16.780476585077604 132542
25 -2.0870106884720725 17.912418856997053 101137
26 -2.181065829086786 18.739869572617042 76729
27 -2.2564388736263736 19.705169735958872 58240
28 -2.3720250237998095 20.75399957578593 44118
29 -2.4234338747099766 21.758385947809003 33618
30 -2.458846153846154 22.75876789940719 26000
31 -2.5037456975096175 24.33552960206647 19756
32 -2.6123046225473896 25.134361399720373 15035
33 -2.631823661098674 26.222978988708526 11614
34 -2.7373456446768274 27.235607194025555 8989
35 -2.8202911082288513 29.04293169216906 6939
36 -2.881402142161636 28.74990728424002 5135
37 -3.215105894360806 32.884323993634155 3919
38 -3.074202496532594 31.9057283861801 2884
39 -3.257624032771962 33.89357523780254 2197
40 -3.20022688598979 34.1737492395042 1763
41 -3.0926216640502355 36.631923582136594 1274
42 -3.611788617886179 39.35335696344761 984
43 -3.2706872370266478 39.151132346779626 713
44 -3.3012704174228675 36.63881871271831 551
45 -3.872340425531915 47.05178813942962 470
46 -4.207386363636363 47.06210453254136 352
47 -4.097872340425532 45.00744228157535 235
48 -3.765625 42.981526692708336 192
49 -3.541935483870968 53.125660770031224 155
50 -4.523076923076923 57.726390532544386 130
51 -3.313131313131313 42.13427201305987 99
52 -3.76 51.11573333333335 75
53 -3.80327868852459 58.518677774791726 61
54 -3.617021276595745 61.25758261656857 47
55 -2.8055555555555554 48.26774691358025 36
56 -3.892857142857143 59.02423469387754 28
57 -4.166666666666667 73.7222222222222 24
58 -7.0 67.22222222222223 18
59 -0.8571428571428571 3.2653061224489797 7
60 -10.5 160.25 10
61 -1.8333333333333333 14.138888888888888 6
62 -3.8333333333333335 29.472222222222218 6
63 -5.666666666666667 64.88888888888889 3
64 0.25 6.6875 4
65 -9.5 72.25 2
66 -1.0 0.0 1
67 -2.0 1.0 2
68 0.0 1.0 2
69 -13.0 0.0 1
