-30 1
-29 0
-28 2
-27 2
-26 1
-25 7
-24 4
-23 15
-22 29
-21 41
-20 103
-19 157
-18 253
-17 474
-16 857
-15 1627
-14 2871
-13 4924
-12 9278
-11 17382
-10 32694
-9 61636
-8 119674
-7 232975
-6 466034
-5 956223
-4 2049090
-3 4721275
-2 12272554
-1 32626022
0 165219206
1 672410283
2 165209376
3 32632540
4 12272214
5 4726080
6 2048817
7 955220
8 465401
9 232484
10 119285
11 61971
12 32865
13 17388
14 9305
15 5138
16 2765
17 1531
18 879
19 496
20 241
21 143
22 69
23 40
24 20
25 15
26 6
27 5
28 3
29 3
30 3
31 1
32 0
33 1
34 0
35 0
36 0
37 0
38 0
39 1
