2 0.7414170215334891
3 0.7003025003647863
4 0.6690352365727237
5 0.645257324979175
6 0.6275373850771053
7 0.6132130530594995
8 0.5985380987269896
9 0.5883715706722284
10 0.5769954351514636
11 0.5731330985860753
12 0.5643830552334862
13 0.5569947481564124
14 0.5512042332983152
15 0.5472366310438931
16 0.5425340415898223
17 0.5380633905205001
18 0.5333039474973063
19 0.5302176597715345
20 0.5284635706526841
21 0.5257245311033604
22 0.5188296213480832
23 0.5184878460240779
24 0.517419684323082
25 0.5194636820166081
26 0.5124095659163987
27 0.5060228434753974
28 0.5049917698418378
29 0.5001860395892246
30 0.5079851403622994
31 0.500187217941391
32 0.508468021007206
33 0.49828552312452956
34 0.4969739039892406
35 0.49839449033372457
36 0.49610213535193765
37 0.49534851748315845
38 0.4951969600415398
39 0.49595073797201455
40 0.4892621212490554
41 0.4904040026883728
42 0.49003699451460647
43 0.4911866540761725
44 0.49283971571019414
45 0.4848696963170364
46 0.4895171885263849
47 0.4882866841021646
48 0.48153004218447154
49 0.4839082786340109
50 0.4779937378153246
51 0.47850881184214517
52 0.4857169442635154
53 0.4795931221263463
54 0.4780663918975047
55 0.4855556631483813
56 0.4804521750396787
57 0.4796568308852203
58 0.47803454792612976
59 0.48060003370975896
60 0.4793946211269046
61 0.4798861545937316
62 0.47739973120181084
63 0.47997847147470396
64 0.47601462655226096
65 0.47443860487338746
66 0.4773716113197724
67 0.47430815396584297
68 0.4722840647522735
69 0.4747373686843422
70 0.4755769005505447
71 0.47194447712033877
72 0.47892629158241146
73 0.47815062794659485
74 0.46640412488327715
75 0.47283777079543576
76 0.47159420289855075
77 0.4714428857715431
78 0.4745633695606208
79 0.4701391245334238
80 0.4716451431779899
81 0.46749551284857505
82 0.46636591030909413
83 0.47238930848898736
84 0.4675372112135878
85 0.4679972470750172
86 0.4712826333711691
87 0.4676078216374269
88 0.4669743159464877
89 0.46509652145183367
90 0.47140804597701147
91 0.4684649905901655
92 0.46867817497188125
93 0.470382760995769
94 0.4642768850432633
95 0.46592503507716976
96 0.46874211615116806
97 0.46634516724810177
98 0.4649802908084684
