0 0.6009
1 0.5988
2 0.599
3 0.6003
4 0.6031
5 0.6027
6 0.6067
7 0.5987
8 0.5979
9 0.6034
10 0.6011
11 0.5989
12 0.5914
13 0.5997
14 0.5998
15 0.5957
16 0.6101
17 0.6052
18 0.6022
19 0.6014
20 0.5887
21 0.5964
22 0.5904
23 0.6037
24 0.5948
25 0.6004
26 0.6028
27 0.6004
28 0.5986
29 0.5956
30 0.601
31 0.5967
32 0.607
33 0.5937
34 0.5959
35 0.5993
36 0.6015
37 0.6017
38 0.5972
39 0.6071
40 0.5931
41 0.6009
42 0.603
43 0.5932
44 0.5945
45 0.5996
46 0.6112
47 0.6078
48 0.6004
49 0.6002
50 0.6068
51 0.6071
52 0.6058
53 0.6039
54 0.6053
55 0.5949
56 0.6033
57 0.5864
58 0.5961
59 0.5999
60 0.5959
61 0.6032
62 0.5968
63 0.5939
64 0.605
65 0.5921
66 0.608
67 0.5893
68 0.5946
69 0.6048
70 0.598
71 0.5953
72 0.5998
73 0.6012
74 0.5976
75 0.5952
76 0.6056
77 0.607
78 0.6051
79 0.604
80 0.5946
81 0.5975
82 0.6103
83 0.6034
84 0.6088
85 0.5936
86 0.6053
87 0.6013
88 0.5955
89 0.5965
90 0.6067
91 0.6014
92 0.5962
93 0.5963
94 0.6033
95 0.6051
96 0.5967
97 0.5978
98 0.6001
99 0.6045
100 0.6005
101 0.5972
102 0.5962
103 0.6011
104 0.603
105 0.5975
106 0.5984
107 0.6025
108 0.6157
109 0.598
110 0.5995
