700 0.431019 0.000000
710 0.439539 0.000000
720 0.448114 0.000000
730 0.456685 0.000000
740 0.465368 0.000000
750 0.473886 0.000000
760 0.482563 0.000000
770 0.491101 0.000000
780 0.499681 0.000000
790 0.508196 0.000000
800 0.516822 0.000000
810 0.525451 0.000000
820 0.534096 0.018018
830 0.542624 0.045045
840 0.551196 0.090090
850 0.559702 0.126126
860 0.568319 0.279279
870 0.576966 0.405405
880 0.585520 0.558559
890 0.594258 0.720721
900 0.602698 0.882883
910 0.611212 0.945946
920 0.619789 0.990991
930 0.628459 0.981982
940 0.637066 1.000000
950 0.645583 1.000000
960 0.654332 1.000000
970 0.662912 1.000000
980 0.671511 1.000000
990 0.680015 1.000000
1000 0.688541 1.000000
1010 0.697128 1.000000
1020 0.705844 1.000000
1030 0.714395 1.000000
1040 0.722932 1.000000
