700 0.430892 0.000000
710 0.439530 0.000000
720 0.448166 0.000000
730 0.456749 0.000000
740 0.465327 0.000000
750 0.473803 0.000000
760 0.482618 0.000000
770 0.491151 0.000000
780 0.499637 0.000000
790 0.508172 0.000000
800 0.516712 0.000000
810 0.525461 0.000000
820 0.534097 0.018018
830 0.542669 0.027027
840 0.551181 0.027027
850 0.559802 0.099099
860 0.568409 0.234234
870 0.576881 0.351351
880 0.585571 0.549550
890 0.594054 0.747748
900 0.602692 0.864865
910 0.611270 0.954955
920 0.619879 0.972973
930 0.628470 1.000000
940 0.637157 1.000000
950 0.645647 1.000000
960 0.654165 1.000000
970 0.662873 1.000000
980 0.671474 1.000000
990 0.679930 1.000000
1000 0.688544 1.000000
1010 0.697255 1.000000
1020 0.705759 1.000000
1030 0.714426 1.000000
1040 0.723101 1.000000
