700 0.431045 0.000000
710 0.439573 0.000000
720 0.448140 0.000000
730 0.456713 0.000000
740 0.465355 0.000000
750 0.473907 0.000000
760 0.482442 0.000000
770 0.491099 0.000000
780 0.499667 0.000000
790 0.508227 0.000000
800 0.516713 0.000000
810 0.525397 0.000000
820 0.533974 0.004484
830 0.542604 0.008969
840 0.551143 0.013453
850 0.559786 0.017937
860 0.568403 0.080717
870 0.576972 0.143498
880 0.585594 0.260090
890 0.594107 0.381166
900 0.602704 0.529148
910 0.611389 0.704036
920 0.619932 0.784753
930 0.628460 0.887892
940 0.637018 0.959641
950 0.645582 0.973094
960 0.654252 0.977578
970 0.662757 0.995516
980 0.671412 1.000000
990 0.679988 0.995516
1000 0.688661 1.000000
1010 0.697140 1.000000
1020 0.705785 1.000000
1030 0.714335 1.000000
1040 0.722946 1.000000
1050 0.731573 1.000000
1060 0.740113 1.000000
1070 0.748725 1.000000
1080 0.757286 1.000000
1090 0.765893 1.000000
1100 0.774517 1.000000
1110 0.783041 1.000000
1120 0.791649 1.000000
1130 0.800260 1.000000
1140 0.808884 1.000000
1150 0.817468 1.000000
1160 0.826026 1.000000
1170 0.834657 1.000000
1180 0.843221 1.000000
1190 0.851791 1.000000
