0 977400
1 5440
2 1734
3 984
4 670
5 546
6 395
7 332
8 266
9 242
10 219
11 161
12 132
13 127
14 134
15 127
16 86
17 89
18 80
19 90
20 69
21 53
22 78
23 57
24 47
25 42
26 45
27 32
28 34
29 39
30 48
31 38
32 30
33 33
34 29
35 24
36 22
37 39
38 20
39 29
40 32
41 21
42 22
43 16
44 25
45 19
46 25
47 20
48 20
49 19
50 17
51 19
52 17
53 17
54 14
55 13
56 11
57 17
58 15
59 12
60 13
61 15
62 8
63 12
64 6
65 7
66 8
67 13
68 9
69 14
70 8
71 8
72 10
73 12
74 6
75 8
76 5
77 8
78 4
79 7
80 5
81 3
82 10
83 6
84 8
85 6
86 2
87 6
88 6
89 6
90 5
91 3
92 6
93 9
94 3
95 8
96 4
97 1
98 8
99 2
100 5
101 5
102 4
103 8
104 4
105 2
106 4
107 1
108 4
109 2
110 1
111 1
112 3
113 4
114 0
115 3
116 6
117 2
118 1
119 3
120 4
121 2
122 4
123 2
124 5
125 2
126 1
127 3
128 3
129 2
130 1
131 6
132 2
133 2
134 2
135 2
136 0
137 1
138 1
139 2
140 2
141 2
142 0
143 4
144 2
145 0
146 2
147 2
148 3
149 1
150 1
151 1
152 2
153 0
154 0
155 1
156 0
157 0
158 4
159 3
160 1
161 1
162 1
163 0
164 1
165 1
166 0
167 0
168 3
169 0
170 0
171 1
172 0
173 1
174 0
175 0
176 2
177 1
178 0
179 0
180 1
181 1
182 0
183 1
184 2
185 0
186 0
187 0
188 0
189 1
190 1
191 0
192 1
193 0
194 1
195 2
196 1
197 2
198 0
199 1
200 0
201 0
202 0
203 2
204 1
205 0
206 0
207 0
208 0
209 0
210 0
211 1
212 0
213 0
214 0
215 1
216 0
217 1
218 1
219 1
220 0
221 0
222 0
223 0
224 0
225 0
226 0
227 0
228 0
229 0
230 0
231 0
232 0
233 1
234 0
235 0
236 0
237 0
238 0
239 0
240 0
241 1
242 0
243 0
244 2
245 0
246 0
247 1
248 0
249 0
250 0
251 0
252 0
253 0
254 0
255 0
256 0
257 0
258 0
259 0
260 0
261 0
262 0
263 1
264 0
265 0
266 1
267 1
268 0
269 0
270 0
271 0
272 0
273 0
274 0
275 0
276 0
277 0
278 0
279 0
280 0
281 0
282 0
283 0
284 0
285 0
286 0
287 0
288 0
289 0
290 0
291 0
292 0
293 0
294 0
295 0
296 0
297 0
298 0
299 0
300 0
301 0
302 0
303 0
304 0
305 0
306 0
307 0
308 0
309 0
310 0
311 0
312 0
313 0
314 0
315 0
316 1
317 0
318 0
319 0
320 0
321 0
322 0
323 0
324 0
325 0
326 0
327 0
328 0
329 0
330 0
331 0
332 0
333 0
334 0
335 0
336 1
337 0
338 0
339 0
340 0
341 0
342 0
343 0
344 0
345 0
346 0
347 0
348 0
349 0
350 0
351 0
352 0
353 0
354 0
355 0
356 0
357 0
358 0
359 0
360 0
361 0
362 0
363 0
364 0
365 0
366 0
367 0
368 1
