2 0.5981504053976922
3 0.5880530477243248
4 0.5819448545026986
5 0.5770346364880855
6 0.5720992287054409
7 0.5680741698667217
8 0.5643386016624683
9 0.5613613433808676
10 0.5583552479245537
11 0.5556843366368628
12 0.552624163415117
13 0.5505914813928046
14 0.5488226917649269
15 0.5470713761703829
16 0.5452015535270122
17 0.5441153443201978
18 0.5426591449319198
19 0.5410980007550871
20 0.5401029157670297
21 0.5388247794699862
22 0.5381116471399036
23 0.5367359784684841
24 0.5364107918586735
25 0.5343514791283933
26 0.5337577296938131
27 0.5331179819166423
28 0.5323523193752141
29 0.5313033596482369
30 0.5317173567778816
31 0.5297813964759909
32 0.5295846693199256
33 0.528337008981366
34 0.5286461228937444
35 0.5276642239007219
36 0.5286589384238715
37 0.5260158130133507
38 0.5261731059171555
39 0.5255725883392743
40 0.5262117900661657
41 0.5249967944999725
42 0.5241221564739497
43 0.5237149052836714
44 0.5240648826164628
45 0.5231076758620804
46 0.522238403242654
47 0.5232272028348913
48 0.5208922449882308
49 0.5218129142785387
50 0.5223118638000033
51 0.521688333916253
52 0.5210159624733217
53 0.5218184658888158
54 0.5214551508029769
55 0.5207448748014976
56 0.5200842100129445
57 0.5211506726939604
58 0.5189807844169518
59 0.5195960515803129
60 0.5201938787339264
61 0.5181618118952818
62 0.5187592212094606
63 0.5180194700535105
64 0.5185207715272383
65 0.5194409064279633
66 0.5189061201750131
67 0.517703447417062
68 0.5174127375367735
69 0.5172946747478018
70 0.5174102103214093
71 0.5174951406020682
72 0.5185581093088951
73 0.5163076014443146
74 0.5182422585029558
75 0.5174820151834949
76 0.5157379545575869
77 0.5169641122904837
78 0.5167399616759385
79 0.5154146074071454
80 0.5160659787385853
81 0.5163087799716843
82 0.5155301502043481
83 0.515395816537613
84 0.5138755463377083
85 0.5131680930344177
86 0.5155014716169308
87 0.5143547223261532
88 0.5145507881888405
89 0.5140193329878971
90 0.5131801155040968
91 0.514863807193575
92 0.5147670563976258
93 0.5128810147263696
94 0.5161065774078407
95 0.5129824377300223
96 0.5134012431466577
97 0.5153149808780254
98 0.5147035820428594
99 0.514376124834365
100 0.5125074771870521
101 0.513298500052901
102 0.5127853579569857
103 0.5138692008958153
104 0.5128907857503469
105 0.5139254871448775
106 0.51253621234134
107 0.5119452265504484
108 0.513485333273667
109 0.5130629183279103
110 0.5128802826595696
111 0.5129242850173082
112 0.5128380191828682
113 0.5099134039921094
114 0.511781590989946
115 0.5133489877264296
116 0.5120607919687674
117 0.5111444156814064
118 0.5121957463366681
119 0.5134361222095302
120 0.5105421607620408
121 0.5110427941631708
122 0.5105322198678799
123 0.5098350829534394
124 0.5110413624487375
125 0.509702289036243
126 0.5132702648302039
127 0.512090436114124
128 0.5101258315864879
129 0.512702723582792
130 0.5101778109285147
131 0.509454127936093
132 0.5101909488039402
133 0.510238522440683
134 0.5129838812031984
135 0.5107667965885849
136 0.5097892253346716
137 0.5127692825067753
138 0.5103092097381767
139 0.5094457971092691
140 0.5094835912294762
141 0.5121279400541178
142 0.5089208068000112
143 0.5091245947197777
144 0.5102999507802773
145 0.5121304462480588
146 0.510822350651561
147 0.5105914862622304
148 0.5122188154579399
149 0.5064215795928757
150 0.5094254937163375
151 0.511018767397529
152 0.5110500576069353
153 0.5125194350868101
154 0.5111517457401972
155 0.5122659673350153
156 0.511985930284895
157 0.5088185796028273
158 0.5079953946526801
159 0.509390239684571
160 0.5076027487197444
161 0.506528160781059
162 0.5094751328691589
163 0.512874303382982
164 0.509527739569005
165 0.50864675293264
166 0.509278874671638
167 0.5087065506428646
168 0.5096415519788507
169 0.510657333307116
170 0.5086771349533306
171 0.5056299021589714
172 0.5127685074214069
173 0.5090937322084779
174 0.5120421475163071
175 0.5081379485389765
176 0.5120746080297748
177 0.5101736651114567
178 0.5075816549168375
179 0.5100240755328237
180 0.5085889845712236
181 0.5078315866383543
182 0.5126164013217183
183 0.5100230454771804
184 0.5088753941375687
185 0.506688844006178
186 0.5095220291148553
187 0.5088915956151036
188 0.5088414446563712
189 0.5098798963420712
190 0.5092937739270602
191 0.5036476800244879
192 0.5104844447319061
193 0.5077933267192314
194 0.5126536227857814
195 0.5091015854374633
196 0.5094546488176613
197 0.5090871710526316
198 0.5086283554715723
199 0.5048676949200509
200 0.5068996842150798
201 0.5076102946531308
202 0.510650207701146
203 0.5057640531334137
204 0.5093062605752962
205 0.5071884862252443
206 0.5093990469875245
207 0.5100819992190551
208 0.50948833839903
209 0.5057078351564488
210 0.5030883711881717
211 0.505277984920043
212 0.5070000334929832
213 0.5095665624264434
214 0.5087286042748872
215 0.508880028996013
216 0.5106187638580931
217 0.5092320419622269
218 0.5110487423618019
219 0.5074990156423381
220 0.506090909090909
221 0.5066404145847652
222 0.5073114587067681
223 0.5083376212528348
224 0.512087869884978
225 0.5061498467388352
226 0.5048313942023269
227 0.5104696320614965
228 0.5090511359075218
229 0.5082083790483156
230 0.5079642380022609
231 0.50737290613643
232 0.5074249000085099
233 0.5056114551083591
234 0.5086325139883738
235 0.5051232223301828
236 0.5061980687177184
237 0.5096823816849154
238 0.5062999840506733
239 0.5039892383337972
240 0.5090687538079393
241 0.5069500070678038
242 0.5057100535168195
243 0.5085458721141062
244 0.5088348708937375
245 0.5075785491438819
246 0.5042173620959917
247 0.503802905874921
248 0.5039199162389234
249 0.5087773093139134
250 0.5040432655163534
251 0.5084662130577053
252 0.5064478003939593
253 0.5053726169844021
254 0.5034680052897201
255 0.5058604447365539
256 0.5056706319496437
257 0.5077164824064201
258 0.5026385972876355
259 0.5039418181818182
260 0.5116612950483446
261 0.508811221783462
262 0.5018425663021808
263 0.5081871703667362
264 0.508480825958702
265 0.5017726085333997
266 0.5072058028186938
267 0.510339070125867
268 0.5084047143685193
269 0.5039158501818658
270 0.5065679802627192
271 0.5033743683657205
272 0.5084566235008713
273 0.5094685189024811
274 0.5087980602701766
275 0.49963006024733114
276 0.5096494682946042
277 0.5055190823172931
278 0.5067681276066437
279 0.5074759437453737
280 0.5095681310498883
281 0.5033100127886858
282 0.5119284294234593
283 0.5104938034761923
284 0.5102810935695032
285 0.5083407173402165
286 0.5067940635156831
287 0.5073479628818351
288 0.5030907842107389
289 0.5023169218038891
290 0.5089487329597725
291 0.5049362315156137
292 0.5066936421161379
293 0.5161429931619492
294 0.49700598802395207
295 0.5122050447518307
296 0.5096439837764759
297 0.51222037178737
298 0.5037890819984572
299 0.5112578529829871
300 0.5070172240955072
301 0.5072510473735095
302 0.507331652190156
303 0.5006769171260033
304 0.5124509803921569
305 0.5028990534714307
306 0.5093105183694011
307 0.5056682425906156
308 0.5074819401444789
309 0.5046581399021001
310 0.5056522903830699
311 0.5075450267726757
312 0.5014522935277032
313 0.5064697062253568
314 0.5068809926677947
315 0.5069132388524024
316 0.5037127276946282
317 0.5108879677739506
318 0.5036997572959214
319 0.5130528072475862
320 0.5094788138111369
321 0.5155312704163449
322 0.5022031749864188
323 0.5117719190680564
324 0.5127937657237528
325 0.5122292528595765
326 0.5050716173848897
327 0.5017925655701616
328 0.5083662342545592
329 0.5010397630600542
330 0.5004509147127029
331 0.5046067998961848
332 0.5035015856236786
333 0.4988793044895741
334 0.5100451004510045
335 0.5007265933153415
336 0.5070184101008676
337 0.5055893589925003
338 0.503382949932341
339 0.5013760139049827
340 0.5098988121425428
341 0.5002218934911242
342 0.5037491479209271
343 0.50202492211838
344 0.5061542126578258
345 0.5129558541266794
346 0.5052809804079658
347 0.5052683165890713
348 0.5094540394532209
349 0.5039072139508103
350 0.5044675793097795
351 0.49900431463657485
352 0.5013454423141608
353 0.5051457975986278
354 0.506941412730289
355 0.514195306319768
356 0.5110246433203631
357 0.5026520509193777
358 0.49702734839476814
359 0.49701506680564767
360 0.5090384615384616
361 0.5025254931859334
362 0.5096551061581324
363 0.504212945231712
364 0.5009744689144416
365 0.5005477542077482
366 0.4982256919801277
367 0.5054910574207719
368 0.5088967971530249
369 0.5034578146611342
370 0.5150894589351154
371 0.5122885413341844
372 0.508764383267018
373 0.5189482648499042
374 0.503957783641161
375 0.4998917514613553
376 0.5025465013286093
377 0.4993725042783799
378 0.5096453736860345
379 0.5102885389125187
380 0.5006941230911615
381 0.5000591786010179
382 0.5091825711199136
383 0.5007220216606498
384 0.5038214990138067
385 0.5073903862874177
386 0.5081094465766993
387 0.5015741090542752
388 0.5081609047680247
389 0.5100345136137032
390 0.5070386485794728
391 0.49887848001055546
392 0.5040086968338089
393 0.5120162932790224
394 0.5124202524772635
395 0.5080443828016643
396 0.5031820110309716
397 0.5079297042434634
398 0.5116576627807791
399 0.49347108623905866
400 0.495849392232434
401 0.5132275132275133
402 0.5120131323683033
403 0.5058253896202148
404 0.5166716731751276
405 0.5032659881512987
406 0.498
407 0.4962939599432266
408 0.5017874553136171
409 0.5030685022391773
410 0.5048477632250383
411 0.513095238095238
412 0.5084490547097206
413 0.5102145045965271
414 0.5118845500848896
415 0.5057868371048541
416 0.5213835406372466
417 0.5039555630365259
418 0.4979736575481256
419 0.4981607987388334
420 0.5053821313240043
421 0.5035681610247027
422 0.4994335347432024
423 0.496551724137931
424 0.5050485436893204
425 0.49493545183714
426 0.5011365984707584
427 0.5007354486236605
428 0.5090556274256145
429 0.4962979094076655
430 0.517560870502047
431 0.5070694087403599
432 0.5112847222222222
433 0.5139799038881607
434 0.5081151265959749
435 0.5016216216216216
436 0.505414364640884
437 0.5068614431164232
438 0.4973964229114784
439 0.5062819916240112
440 0.506715228773048
441 0.4904240766073871
442 0.4945259725133939
443 0.490952380952381
444 0.5032838725370956
445 0.49951290793960057
446 0.5216766467065869
447 0.5062104523084134
448 0.4990356798457088
449 0.5025012506253127
450 0.5160089352196575
451 0.5149147727272727
452 0.4888132295719844
453 0.50525
454 0.4951752158456069
455 0.4974386627123214
456 0.5075587905935051
457 0.5105496946141033
458 0.5074505554050392
459 0.49107142857142855
460 0.5029991431019709
461 0.5001480604086467
462 0.5041518386714117
463 0.4963054187192118
464 0.5056532663316583
465 0.513901905654483
466 0.5154702970297029
467 0.5071339950372209
468 0.518355820520866
469 0.5136150234741784
470 0.5062617407639324
471 0.49533612093920876
472 0.5103748326639893
473 0.501515661839003
474 0.5012148559527941
475 0.5114451656986676
476 0.5027378507871321
477 0.5012302284710017
478 0.5069767441860465
479 0.510614934114202
480 0.5167446885127835
481 0.5017959770114943
482 0.4988822652757079
483 0.48155573376102645
484 0.5049875311720698
485 0.5033250207813799
486 0.517536704730832
487 0.5189669087974172
488 0.5124798711755234
489 0.5037713378324732
490 0.5034343434343435
491 0.5099230457675172
492 0.4979457682826623
493 0.5031472933277381
494 0.5183312262958281
495 0.4966044142614601
496 0.5010827197921178
497 0.5032996040475143
498 0.5145888594164456
