2 0.7633319827563092
3 0.7276363185603243
4 0.7011874297810604
5 0.6808015308474102
6 0.664604644461617
7 0.6514654501512313
8 0.6410207547968388
9 0.6310424054061365
10 0.623292302154143
11 0.6166797944006897
12 0.6102744054123689
13 0.6047346800091551
14 0.6002574828023386
15 0.5963425566950517
16 0.592148951804388
17 0.5878192235960539
18 0.5851074605098557
19 0.5817539976116273
20 0.5794199456576431
21 0.575996805986608
22 0.5738842339666691
23 0.5711371171877785
24 0.5695345743703563
25 0.5675991783496552
26 0.5656437416183908
27 0.5637287710929003
28 0.561903835072668
29 0.5605212851262121
30 0.5591045889252582
31 0.5575504017344235
32 0.5558449704588465
33 0.5546734816879818
34 0.5532586431685316
35 0.5523075434656809
36 0.5512496892158195
37 0.5499360670070186
38 0.5493061501799671
39 0.5476947834701827
40 0.5463790732120186
41 0.5464567659757014
42 0.5453178369710322
43 0.5439621839045313
44 0.5432889047259482
45 0.5422804267641647
46 0.542184767843664
47 0.5412248665510133
48 0.5414928318768442
49 0.5394688439211951
50 0.5389063682715245
51 0.5385163697816969
52 0.5375435610180986
53 0.5364939595925939
54 0.5370572287381388
55 0.5348675341482738
56 0.5353967263201638
57 0.5344184593435274
58 0.5336860173757475
59 0.5343619689627065
60 0.53386900745127
61 0.5328355820355352
62 0.5323718299464864
63 0.5314581187621641
64 0.5316383599054184
65 0.531155632712429
66 0.5311252973882973
67 0.5305538338133956
68 0.5296170321689876
69 0.5291152268416641
70 0.529478945024494
71 0.5283458941529151
72 0.5286466623614055
73 0.528497488590296
74 0.52734724468544
75 0.5272270600650687
76 0.5276678802716624
77 0.5270789237677658
78 0.5257760197044967
79 0.5265983791815451
80 0.5259136774665335
81 0.525354149428246
82 0.5243023369817106
83 0.5249215052989546
84 0.524200884275061
85 0.5241426987990355
86 0.5238445809658763
87 0.5220198561897375
88 0.5239579170095215
89 0.5226612906091536
90 0.5228850247554354
91 0.5221630424947975
92 0.5218181796055362
93 0.5213535695482525
94 0.5223146269499751
95 0.5213971467143794
96 0.5206786315976497
97 0.5209583420530284
98 0.5200602947687378
99 0.5201151874378543
100 0.520502003769196
101 0.5199646297737014
102 0.5196274645794114
103 0.5192202917045762
104 0.5202463427198033
105 0.5185277469328061
106 0.5190108330954959
107 0.5184019113572262
108 0.5187376288094944
109 0.5193224392854754
110 0.5164064706799948
111 0.5174732611416043
112 0.5176534383606605
113 0.5170434730193448
114 0.5178142206423442
115 0.5178961222393426
116 0.5171226327665996
117 0.5163642607919446
118 0.5168743405254306
119 0.5172672469519987
120 0.516787134982516
121 0.5173758638438883
122 0.5171360118797027
123 0.5160009861932939
124 0.515773550949485
125 0.516167231907092
126 0.5151851023833289
127 0.5157991090692184
128 0.5155871586143258
129 0.515518563558248
130 0.5141121511927388
131 0.5143853800588926
132 0.5154839912108609
133 0.5154236652027627
134 0.514284815825014
135 0.5146582901830994
136 0.5141371334700603
137 0.5137700744917674
138 0.5135978638002585
139 0.5145682963308144
140 0.5136031782707807
141 0.5124752955861447
142 0.5129150646321484
143 0.5138169484856948
144 0.5130254698647052
145 0.5137429350829961
146 0.5136630935962712
147 0.5126262944903606
148 0.5134056111112119
149 0.5115692954109434
150 0.5118004986798571
151 0.5118961121556839
152 0.5128642641960928
153 0.511282493918775
154 0.5132695741506249
155 0.5115540713130186
156 0.512271300649248
157 0.5123993823747195
158 0.5110080621885282
159 0.512170475707444
160 0.5112445994603837
161 0.510562870785704
162 0.5110416178759867
163 0.5105439895203212
164 0.5102192670936218
165 0.5110190322354098
166 0.5111425411158861
167 0.5107052397888404
168 0.5110049486571718
169 0.5101357252206434
170 0.5113751175115445
171 0.5109197380589989
172 0.5101008523407614
173 0.5089465479263574
174 0.5110144179513648
175 0.510083774859048
176 0.5089503036100127
177 0.5096817577336974
178 0.5101051974201328
179 0.5093823586597248
180 0.5079904476000358
181 0.5098628663028799
182 0.5097109234646809
183 0.5080767558068324
184 0.5099275625499943
185 0.5081035023992108
186 0.5106339841453278
187 0.5084333041398211
188 0.5090986179401085
189 0.5083215796897038
190 0.509237268203598
191 0.5091047111209858
192 0.5100622180093025
193 0.510302990724393
194 0.5089998500805817
195 0.5079675969463634
196 0.5082508799908733
197 0.5076994431919517
198 0.5100590238256468
199 0.5093803722251289
200 0.5084534106474736
201 0.5089398455081807
202 0.5091019372953195
203 0.5076261608766154
204 0.5073248446974843
205 0.5085948768962945
206 0.507765806514351
207 0.5084716823847258
208 0.5079767087175654
209 0.5070437569414618
210 0.5096099239304551
211 0.507016861948867
212 0.5069590423864273
213 0.5075085890174579
214 0.5061568559006567
215 0.5069326568144672
216 0.5067151982187552
217 0.5066220169157258
218 0.5081930170612535
219 0.5087110523143233
220 0.5066390729362189
221 0.5066626173147422
222 0.5071214352222776
223 0.505799850642944
224 0.5062646742588813
225 0.5077822885846006
226 0.5071376710570268
227 0.5066387510052411
228 0.5075505153835662
229 0.5064551836231417
230 0.508005961587132
231 0.5062497348211634
232 0.5071215096917429
233 0.5058229481243828
234 0.5054694634744047
235 0.504776582910512
236 0.5060365613335497
237 0.506777690018682
238 0.5064104623887408
239 0.5070653034649022
240 0.5078693061875499
241 0.5041415618257066
242 0.5047702060693323
243 0.5068165725024575
244 0.5053900649456178
245 0.5049524647781187
246 0.5047513543863908
247 0.5049235390747601
248 0.506519675751721
249 0.504670675689025
250 0.5055280533177637
251 0.5039360485820854
252 0.5053716909066963
253 0.5044646498873641
254 0.505227372538364
255 0.5059037843146573
256 0.5052379517594634
257 0.5048629926895353
258 0.50556485799408
259 0.5058609129975027
260 0.5021251700944125
261 0.5040500222385991
262 0.5042980782380484
263 0.5029378092430782
264 0.5055887180030177
265 0.503957050036575
266 0.5038949380766353
267 0.5041595552411067
268 0.5028692034336038
269 0.5059436573847907
270 0.5052728495810939
271 0.5039351812366738
272 0.5034980143624355
273 0.5040393796395949
274 0.5025474660511157
275 0.5065795428436157
276 0.5057410308386336
277 0.5028164713562231
278 0.5053645116918845
279 0.504296757531266
280 0.5040191557289819
281 0.5032421392405967
282 0.503473704220452
283 0.5028260384341227
284 0.5025587758411025
285 0.5031887012230635
286 0.5032737769008733
287 0.5038202709453701
288 0.5043317904364985
289 0.5034074931460604
290 0.504966553309167
291 0.5031424633316853
292 0.5036442215746952
293 0.5047546839577982
294 0.5032543214361396
295 0.5025641804879161
296 0.5027992780004283
297 0.5032508953411519
298 0.5040563884261829
299 0.5022745528128765
300 0.504122117237521
301 0.5019651640620135
302 0.5029166911519852
303 0.505332197681858
304 0.5031952028618931
305 0.5040974047793173
306 0.502005374085494
307 0.5037188018304258
308 0.5031605155125112
309 0.504189058784103
310 0.5031629775406278
311 0.5041380352192322
312 0.5027374648623913
313 0.5043435441843288
314 0.5014452352464712
315 0.5038313859190361
316 0.5039305594239891
317 0.5016109014780178
318 0.5033308753288978
319 0.503979382050107
320 0.5023708288823114
321 0.5038317016652758
322 0.5025312097524898
323 0.5030114546653986
324 0.5023936640079976
325 0.5030189950504029
326 0.5021454591023209
327 0.5020304524387169
328 0.5012939697942347
329 0.5033447759880292
330 0.5020045212108368
331 0.503111725335424
332 0.5012432555056869
333 0.5001898855771851
334 0.5024704802361581
335 0.5026013440277477
336 0.5035175697285152
337 0.5021570006123977
338 0.5036967486755207
339 0.5019439841203358
340 0.5020185348591597
341 0.5023319691774508
342 0.5020858053989914
343 0.5012781508638617
344 0.5012562342970713
345 0.5018589112293317
346 0.5040393049098163
347 0.5027263430243792
348 0.5016665088533283
349 0.5010664533759914
350 0.5015872255871299
351 0.5021323813199536
352 0.5010984214737761
353 0.5010782629014278
354 0.5010724989715764
355 0.501804132568152
356 0.5014330322567915
357 0.5021190526820729
358 0.5023816833202943
359 0.49998504083851086
360 0.5015245273965071
361 0.5003190137201019
362 0.5001591688857673
363 0.5022001196378421
364 0.5014435635397094
365 0.5011195861109975
366 0.501895145551287
367 0.4989982024300673
368 0.5020238310630929
369 0.5030707305433948
370 0.5005707256816132
371 0.5033399766698575
372 0.5020356260727592
373 0.5024491730748973
374 0.5014394027269564
375 0.49916250586779326
376 0.5015406342277571
377 0.5009238283446603
378 0.5037144069571944
379 0.5004466784345805
380 0.5025792546899223
381 0.5007261630848061
382 0.5032894015482117
383 0.5009723458255051
384 0.5008471779073606
385 0.4998165831100835
386 0.501689301829336
387 0.49946720374017395
388 0.5001179881337648
389 0.5002935398649717
390 0.4999461978898246
391 0.5021271768109365
392 0.500319241118256
393 0.5009469913059352
394 0.5003155261829364
395 0.5009523259840701
396 0.5008491621407001
397 0.5015375672140677
398 0.5003059422730637
399 0.5017413227016886
400 0.4999853254521228
401 0.5011656942685713
402 0.5022293276489919
403 0.49982143282302804
404 0.5015708310144875
405 0.5025139798881609
406 0.5012632703398527
407 0.5008519534507135
408 0.5002881739478617
409 0.500256085069021
410 0.5012072175018891
411 0.501367484263078
412 0.4983560943046622
413 0.50237610744138
414 0.5006360964359798
415 0.5002991466448342
416 0.501661381889988
417 0.4982248745388154
418 0.4992446504038093
419 0.5006469459688574
420 0.5007248608010674
421 0.5018667386373129
422 0.5006688016874381
423 0.5006863506863507
424 0.501283159105232
425 0.4998799473066016
426 0.49855182378670293
427 0.5012192723697149
428 0.5004657814632099
429 0.49841485806374913
430 0.49821886340180443
431 0.5021116440181188
432 0.49986321569883435
433 0.49860634432362366
434 0.5015837917398648
435 0.5008948439296919
436 0.5019935498795706
437 0.5011994807913175
438 0.4973889449428704
439 0.5015434950751898
440 0.49761855599146537
441 0.4972041815719098
442 0.5006721841784649
443 0.49933039313986016
444 0.5003471418653089
445 0.49663956715934227
446 0.4984889748494308
447 0.5014416025755679
448 0.501905389530386
449 0.5002793776325969
450 0.49881472329176485
451 0.5001849769685539
452 0.500348406764898
453 0.5009625093526853
454 0.4990443257754822
455 0.4999668016731957
456 0.50109265411591
457 0.5020580701520603
458 0.5017669158948034
459 0.5014969277517713
460 0.4993850946954169
461 0.49965851864638294
462 0.5007227347374316
463 0.5008129710673475
464 0.5008283304202447
465 0.5024628305527182
466 0.49895213091932544
467 0.49635339096255127
468 0.5009773892163956
469 0.4980485923640571
470 0.49740275802362255
471 0.5002922905445958
472 0.5000973254953868
473 0.5002925915811649
474 0.5003955727187988
475 0.49732081736708345
476 0.4988582219869308
477 0.5001233026004916
478 0.5009493846874975
479 0.5000119677349865
480 0.4991101285724547
481 0.4999398435933427
482 0.49745967024254484
483 0.5017625750613862
484 0.5012949056220825
485 0.5003577875717607
486 0.49720542758997704
487 0.49746222123507977
488 0.5008829308329396
489 0.5002359759884082
490 0.49696772796188
491 0.500071312912671
492 0.5004378136261072
493 0.5006740247704103
494 0.5005646574973032
495 0.49859475431550526
496 0.4972619978912282
497 0.49800844693197815
498 0.49990082872689956
