-1530 1
-1529 0
-1528 0
-1527 0
-1526 0
-1525 0
-1524 0
-1523 0
-1522 0
-1521 0
-1520 0
-1519 0
-1518 0
-1517 0
-1516 0
-1515 0
-1514 0
-1513 0
-1512 0
-1511 0
-1510 0
-1509 0
-1508 0
-1507 0
-1506 0
-1505 0
-1504 0
-1503 0
-1502 0
-1501 0
-1500 0
-1499 0
-1498 0
-1497 0
-1496 0
-1495 0
-1494 0
-1493 0
-1492 0
-1491 0
-1490 0
-1489 0
-1488 0
-1487 0
-1486 0
-1485 0
-1484 0
-1483 0
-1482 0
-1481 0
-1480 0
-1479 0
-1478 0
-1477 0
-1476 0
-1475 0
-1474 0
-1473 0
-1472 0
-1471 0
-1470 0
-1469 0
-1468 0
-1467 0
-1466 0
-1465 1
-1464 0
-1463 0
-1462 0
-1461 0
-1460 0
-1459 0
-1458 0
-1457 0
-1456 0
-1455 0
-1454 0
-1453 0
-1452 0
-1451 0
-1450 0
-1449 0
-1448 0
-1447 0
-1446 0
-1445 0
-1444 0
-1443 0
-1442 0
-1441 0
-1440 0
-1439 0
-1438 0
-1437 0
-1436 0
-1435 0
-1434 0
-1433 0
-1432 0
-1431 0
-1430 0
-1429 0
-1428 0
-1427 0
-1426 0
-1425 0
-1424 0
-1423 0
-1422 0
-1421 0
-1420 0
-1419 0
-1418 0
-1417 0
-1416 0
-1415 0
-1414 0
-1413 0
-1412 0
-1411 0
-1410 0
-1409 0
-1408 1
-1407 0
-1406 0
-1405 1
-1404 0
-1403 0
-1402 0
-1401 0
-1400 0
-1399 0
-1398 0
-1397 0
-1396 0
-1395 0
-1394 0
-1393 0
-1392 0
-1391 0
-1390 0
-1389 0
-1388 0
-1387 0
-1386 1
-1385 0
-1384 0
-1383 0
-1382 0
-1381 0
-1380 1
-1379 0
-1378 0
-1377 0
-1376 0
-1375 0
-1374 0
-1373 0
-1372 0
-1371 0
-1370 0
-1369 0
-1368 0
-1367 0
-1366 0
-1365 0
-1364 0
-1363 0
-1362 0
-1361 0
-1360 0
-1359 0
-1358 0
-1357 0
-1356 0
-1355 0
-1354 0
-1353 0
-1352 0
-1351 0
-1350 0
-1349 0
-1348 0
-1347 0
-1346 0
-1345 0
-1344 0
-1343 0
-1342 0
-1341 0
-1340 0
-1339 0
-1338 0
-1337 0
-1336 0
-1335 0
-1334 0
-1333 0
-1332 0
-1331 0
-1330 0
-1329 0
-1328 0
-1327 0
-1326 0
-1325 0
-1324 0
-1323 0
-1322 0
-1321 0
-1320 0
-1319 0
-1318 0
-1317 0
-1316 0
-1315 0
-1314 0
-1313 0
-1312 0
-1311 0
-1310 0
-1309 0
-1308 0
-1307 0
-1306 0
-1305 1
-1304 0
-1303 0
-1302 0
-1301 0
-1300 0
-1299 0
-1298 0
-1297 0
-1296 0
-1295 0
-1294 0
-1293 0
-1292 0
-1291 0
-1290 1
-1289 0
-1288 0
-1287 0
-1286 0
-1285 0
-1284 0
-1283 0
-1282 0
-1281 0
-1280 0
-1279 0
-1278 0
-1277 0
-1276 0
-1275 0
-1274 1
-1273 0
-1272 0
-1271 0
-1270 0
-1269 0
-1268 0
-1267 0
-1266 0
-1265 0
-1264 0
-1263 0
-1262 1
-1261 0
-1260 0
-1259 0
-1258 1
-1257 0
-1256 0
-1255 0
-1254 0
-1253 0
-1252 0
-1251 0
-1250 0
-1249 2
-1248 0
-1247 0
-1246 0
-1245 0
-1244 1
-1243 0
-1242 1
-1241 0
-1240 0
-1239 0
-1238 0
-1237 0
-1236 0
-1235 0
-1234 0
-1233 1
-1232 0
-1231 0
-1230 0
-1229 0
-1228 0
-1227 1
-1226 0
-1225 0
-1224 0
-1223 0
-1222 0
-1221 0
-1220 0
-1219 0
-1218 0
-1217 0
-1216 0
-1215 0
-1214 0
-1213 0
-1212 0
-1211 0
-1210 0
-1209 0
-1208 0
-1207 0
-1206 0
-1205 0
-1204 0
-1203 0
-1202 0
-1201 0
-1200 0
-1199 0
-1198 0
-1197 0
-1196 0
-1195 0
-1194 0
-1193 0
-1192 0
-1191 0
-1190 0
-1189 0
-1188 0
-1187 1
-1186 0
-1185 0
-1184 0
-1183 0
-1182 0
-1181 0
-1180 0
-1179 0
-1178 0
-1177 0
-1176 0
-1175 1
-1174 0
-1173 0
-1172 0
-1171 1
-1170 0
-1169 0
-1168 0
-1167 0
-1166 0
-1165 0
-1164 0
-1163 0
-1162 0
-1161 1
-1160 1
-1159 0
-1158 0
-1157 0
-1156 0
-1155 0
-1154 0
-1153 1
-1152 3
-1151 1
-1150 0
-1149 1
-1148 0
-1147 0
-1146 0
-1145 1
-1144 2
-1143 0
-1142 0
-1141 0
-1140 0
-1139 0
-1138 0
-1137 0
-1136 0
-1135 0
-1134 1
-1133 1
-1132 0
-1131 1
-1130 0
-1129 0
-1128 1
-1127 0
-1126 0
-1125 1
-1124 0
-1123 0
-1122 2
-1121 0
-1120 0
-1119 2
-1118 0
-1117 1
-1116 1
-1115 0
-1114 0
-1113 1
-1112 0
-1111 0
-1110 0
-1109 1
-1108 0
-1107 0
-1106 0
-1105 1
-1104 1
-1103 1
-1102 0
-1101 0
-1100 0
-1099 1
-1098 0
-1097 0
-1096 2
-1095 1
-1094 1
-1093 1
-1092 0
-1091 1
-1090 1
-1089 0
-1088 0
-1087 0
-1086 1
-1085 1
-1084 1
-1083 1
-1082 0
-1081 0
-1080 0
-1079 1
-1078 2
-1077 1
-1076 1
-1075 1
-1074 1
-1073 0
-1072 2
-1071 0
-1070 0
-1069 1
-1068 1
-1067 1
-1066 2
-1065 0
-1064 1
-1063 0
-1062 1
-1061 0
-1060 2
-1059 0
-1058 1
-1057 0
-1056 0
-1055 1
-1054 0
-1053 0
-1052 1
-1051 0
-1050 4
-1049 0
-1048 3
-1047 3
-1046 4
-1045 1
-1044 3
-1043 2
-1042 1
-1041 0
-1040 0
-1039 1
-1038 2
-1037 2
-1036 1
-1035 1
-1034 0
-1033 2
-1032 2
-1031 2
-1030 1
-1029 0
-1028 3
-1027 1
-1026 1
-1025 1
-1024 0
-1023 1
-1022 2
-1021 0
-1020 1
-1019 3
-1018 0
-1017 1
-1016 0
-1015 2
-1014 7
-1013 2
-1012 2
-1011 1
-1010 4
-1009 0
-1008 1
-1007 1
-1006 0
-1005 2
-1004 0
-1003 6
-1002 2
-1001 0
-1000 2
-999 3
-998 0
-997 3
-996 3
-995 0
-994 1
-993 2
-992 2
-991 2
-990 4
-989 2
-988 1
-987 3
-986 2
-985 0
-984 4
-983 1
-982 2
-981 1
-980 2
-979 2
-978 3
-977 2
-976 0
-975 2
-974 3
-973 4
-972 5
-971 0
-970 3
-969 1
-968 2
-967 0
-966 3
-965 1
-964 2
-963 5
-962 4
-961 1
-960 4
-959 4
-958 4
-957 4
-956 5
-955 4
-954 3
-953 3
-952 3
-951 5
-950 3
-949 1
-948 3
-947 1
-946 3
-945 2
-944 8
-943 4
-942 3
-941 4
-940 6
-939 3
-938 2
-937 3
-936 4
-935 1
-934 3
-933 0
-932 6
-931 2
-930 4
-929 4
-928 1
-927 2
-926 5
-925 4
-924 6
-923 3
-922 6
-921 6
-920 2
-919 5
-918 4
-917 3
-916 7
-915 5
-914 9
-913 5
-912 4
-911 4
-910 3
-909 8
-908 6
-907 4
-906 6
-905 6
-904 3
-903 4
-902 2
-901 6
-900 4
-899 5
-898 8
-897 3
-896 8
-895 4
-894 8
-893 7
-892 3
-891 4
-890 13
-889 3
-888 9
-887 0
-886 7
-885 6
-884 11
-883 7
-882 8
-881 4
-880 6
-879 5
-878 8
-877 6
-876 4
-875 6
-874 5
-873 9
-872 4
-871 8
-870 4
-869 7
-868 5
-867 3
-866 8
-865 8
-864 10
-863 10
-862 10
-861 5
-860 5
-859 8
-858 8
-857 10
-856 5
-855 11
-854 3
-853 6
-852 9
-851 8
-850 9
-849 4
-848 11
-847 12
-846 16
-845 7
-844 6
-843 6
-842 6
-841 11
-840 11
-839 8
-838 8
-837 16
-836 9
-835 6
-834 10
-833 4
-832 9
-831 16
-830 9
-829 13
-828 10
-827 12
-826 8
-825 13
-824 11
-823 9
-822 8
-821 8
-820 10
-819 8
-818 11
-817 13
-816 14
-815 10
-814 17
-813 13
-812 11
-811 11
-810 17
-809 12
-808 14
-807 12
-806 15
-805 10
-804 16
-803 16
-802 13
-801 10
-800 10
-799 9
-798 14
-797 16
-796 12
-795 15
-794 17
-793 16
-792 10
-791 11
-790 19
-789 13
-788 7
-787 15
-786 16
-785 17
-784 20
-783 22
-782 24
-781 16
-780 15
-779 13
-778 25
-777 9
-776 16
-775 16
-774 8
-773 18
-772 13
-771 17
-770 15
-769 24
-768 21
-767 15
-766 15
-765 17
-764 13
-763 19
-762 16
-761 29
-760 28
-759 22
-758 23
-757 25
-756 21
-755 23
-754 23
-753 18
-752 12
-751 23
-750 24
-749 19
-748 17
-747 23
-746 24
-745 13
-744 28
-743 23
-742 29
-741 22
-740 19
-739 13
-738 15
-737 21
-736 20
-735 25
-734 24
-733 22
-732 27
-731 20
-730 32
-729 27
-728 29
-727 22
-726 24
-725 36
-724 30
-723 25
-722 20
-721 14
-720 23
-719 21
-718 32
-717 35
-716 29
-715 33
-714 28
-713 28
-712 28
-711 33
-710 29
-709 32
-708 23
-707 29
-706 29
-705 24
-704 33
-703 36
-702 33
-701 31
-700 31
-699 35
-698 40
-697 31
-696 33
-695 41
-694 50
-693 36
-692 48
-691 33
-690 34
-689 48
-688 38
-687 38
-686 30
-685 30
-684 39
-683 33
-682 38
-681 37
-680 49
-679 35
-678 44
-677 32
-676 35
-675 32
-674 43
-673 39
-672 40
-671 42
-670 38
-669 48
-668 48
-667 43
-666 45
-665 55
-664 52
-663 58
-662 43
-661 37
-660 31
-659 39
-658 46
-657 49
-656 53
-655 55
-654 60
-653 58
-652 56
-651 57
-650 51
-649 57
-648 61
-647 74
-646 55
-645 38
-644 57
-643 46
-642 54
-641 60
-640 55
-639 57
-638 60
-637 42
-636 47
-635 63
-634 62
-633 66
-632 68
-631 71
-630 59
-629 65
-628 74
-627 51
-626 63
-625 75
-624 55
-623 63
-622 79
-621 74
-620 64
-619 67
-618 73
-617 66
-616 80
-615 72
-614 82
-613 63
-612 74
-611 76
-610 74
-609 62
-608 76
-607 91
-606 101
-605 83
-604 80
-603 83
-602 86
-601 83
-600 84
-599 73
-598 91
-597 91
-596 82
-595 99
-594 93
-593 82
-592 76
-591 86
-590 93
-589 95
-588 74
-587 90
-586 86
-585 98
-584 93
-583 97
-582 104
-581 100
-580 88
-579 97
-578 95
-577 102
-576 131
-575 106
-574 97
-573 112
-572 98
-571 116
-570 92
-569 110
-568 114
-567 104
-566 124
-565 112
-564 128
-563 118
-562 103
-561 109
-560 116
-559 109
-558 122
-557 135
-556 108
-555 147
-554 150
-553 120
-552 132
-551 139
-550 138
-549 137
-548 135
-547 144
-546 148
-545 140
-544 151
-543 139
-542 135
-541 155
-540 135
-539 153
-538 147
-537 165
-536 156
-535 164
-534 164
-533 176
-532 169
-531 165
-530 168
-529 161
-528 175
-527 188
-526 189
-525 186
-524 177
-523 149
-522 151
-521 206
-520 174
-519 192
-518 200
-517 192
-516 177
-515 199
-514 174
-513 171
-512 197
-511 185
-510 203
-509 190
-508 209
-507 210
-506 176
-505 186
-504 200
-503 223
-502 217
-501 193
-500 208
-499 204
-498 216
-497 241
-496 242
-495 225
-494 235
-493 258
-492 192
-491 223
-490 254
-489 226
-488 282
-487 252
-486 245
-485 253
-484 251
-483 266
-482 231
-481 275
-480 265
-479 257
-478 263
-477 280
-476 302
-475 294
-474 282
-473 288
-472 276
-471 272
-470 293
-469 309
-468 296
-467 306
-466 294
-465 307
-464 316
-463 310
-462 320
-461 293
-460 338
-459 312
-458 315
-457 342
-456 350
-455 334
-454 325
-453 354
-452 349
-451 352
-450 348
-449 359
-448 352
-447 382
-446 363
-445 325
-444 367
-443 363
-442 336
-441 368
-440 384
-439 346
-438 382
-437 410
-436 365
-435 388
-434 391
-433 427
-432 404
-431 399
-430 406
-429 416
-428 416
-427 418
-426 439
-425 473
-424 433
-423 424
-422 437
-421 440
-420 424
-419 491
-418 444
-417 469
-416 473
-415 505
-414 487
-413 528
-412 481
-411 503
-410 559
-409 483
-408 542
-407 541
-406 530
-405 527
-404 519
-403 531
-402 540
-401 575
-400 519
-399 568
-398 580
-397 546
-396 575
-395 615
-394 617
-393 619
-392 555
-391 611
-390 636
-389 624
-388 593
-387 665
-386 620
-385 617
-384 686
-383 645
-382 720
-381 648
-380 661
-379 658
-378 725
-377 714
-376 745
-375 719
-374 773
-373 741
-372 684
-371 747
-370 797
-369 806
-368 808
-367 779
-366 779
-365 769
-364 750
-363 783
-362 790
-361 855
-360 835
-359 859
-358 874
-357 927
-356 907
-355 916
-354 876
-353 858
-352 897
-351 924
-350 930
-349 955
-348 912
-347 978
-346 980
-345 983
-344 1002
-343 1002
-342 1041
-341 1018
-340 1047
-339 1043
-338 1069
-337 1056
-336 1053
-335 1082
-334 1065
-333 1120
-332 1181
-331 1196
-330 1227
-329 1204
-328 1187
-327 1163
-326 1194
-325 1201
-324 1240
-323 1257
-322 1259
-321 1235
-320 1348
-319 1317
-318 1351
-317 1356
-316 1293
-315 1329
-314 1370
-313 1383
-312 1401
-311 1394
-310 1420
-309 1467
-308 1460
-307 1451
-306 1489
-305 1510
-304 1519
-303 1478
-302 1536
-301 1527
-300 1637
-299 1627
-298 1653
-297 1605
-296 1673
-295 1695
-294 1722
-293 1689
-292 1778
-291 1771
-290 1837
-289 1798
-288 1807
-287 1794
-286 1894
-285 1877
-284 1926
-283 1984
-282 2049
-281 2088
-280 1978
-279 2016
-278 2100
-277 2163
-276 2175
-275 2153
-274 2139
-273 2259
-272 2190
-271 2219
-270 2216
-269 2222
-268 2285
-267 2377
-266 2369
-265 2443
-264 2304
-263 2439
-262 2478
-261 2504
-260 2444
-259 2591
-258 2583
-257 2710
-256 2613
-255 2688
-254 2684
-253 2746
-252 2723
-251 2885
-250 2822
-249 2838
-248 2904
-247 2933
-246 3023
-245 2958
-244 3092
-243 3067
-242 3135
-241 3053
-240 3231
-239 3203
-238 3263
-237 3370
-236 3374
-235 3531
-234 3475
-233 3459
-232 3363
-231 3502
-230 3551
-229 3785
-228 3808
-227 3814
-226 3757
-225 3843
-224 4023
-223 3895
-222 4018
-221 4044
-220 4064
-219 4237
-218 4098
-217 4267
-216 4397
-215 4359
-214 4561
-213 4455
-212 4559
-211 4686
-210 4645
-209 4660
-208 4845
-207 4842
-206 4886
-205 5056
-204 4996
-203 5149
-202 5238
-201 5144
-200 5407
-199 5339
-198 5505
-197 5510
-196 5748
-195 5693
-194 5705
-193 5886
-192 5900
-191 5947
-190 6121
-189 6200
-188 6258
-187 6337
-186 6275
-185 6393
-184 6578
-183 6733
-182 6702
-181 6762
-180 6998
-179 7255
-178 7257
-177 7309
-176 7392
-175 7694
-174 7656
-173 7799
-172 7690
-171 7894
-170 8077
-169 8185
-168 8339
-167 8372
-166 8498
-165 8638
-164 8758
-163 9062
-162 9100
-161 9162
-160 9468
-159 9483
-158 9653
-157 9642
-156 9953
-155 9937
-154 10369
-153 10456
-152 10623
-151 10603
-150 10815
-149 11119
-148 11279
-147 11597
-146 11521
-145 11928
-144 12084
-143 12077
-142 12459
-141 12606
-140 12848
-139 13070
-138 13168
-137 13389
-136 13698
-135 13825
-134 14211
-133 14264
-132 14726
-131 14778
-130 15201
-129 15356
-128 15469
-127 15863
-126 16153
-125 16262
-124 16618
-123 16893
-122 17400
-121 17720
-120 17710
-119 18334
-118 18628
-117 18896
-116 19217
-115 19517
-114 19920
-113 20435
-112 20548
-111 21220
-110 21692
-109 21773
-108 22531
-107 22676
-106 23169
-105 24106
-104 24405
-103 24609
-102 25066
-101 25649
-100 26214
-99 26661
-98 27293
-97 27964
-96 28562
-95 28940
-94 29803
-93 30135
-92 30802
-91 31525
-90 32239
-89 33269
-88 33745
-87 34342
-86 34944
-85 35790
-84 36651
-83 38076
-82 38506
-81 39755
-80 40510
-79 41315
-78 42414
-77 43356
-76 44436
-75 45604
-74 46469
-73 47740
-72 48750
-71 50307
-70 51909
-69 53192
-68 54577
-67 56011
-66 57717
-65 59131
-64 60709
-63 63007
-62 64443
-61 66205
-60 68499
-59 69962
-58 72262
-57 75056
-56 76551
-55 79294
-54 81831
-53 84935
-52 87590
-51 90465
-50 93932
-49 96396
-48 100171
-47 104001
-46 107656
-45 111451
-44 116179
-43 120721
-42 125391
-41 130760
-40 135784
-39 142283
-38 147796
-37 153914
-36 161520
-35 168997
-34 177152
-33 186494
-32 195614
-31 205098
-30 216656
-29 228856
-28 241462
-27 255190
-26 270708
-25 287172
-24 307595
-23 329181
-22 351777
-21 378638
-20 408063
-19 440792
-18 478081
-17 521184
-16 572641
-15 631788
-14 703032
-13 786786
-12 887708
-11 1011875
-10 1169257
-9 1373868
-8 1639715
-7 2011801
-6 2548238
-5 3388011
-4 4824574
-3 7864469
-2 17462707
-1 100835015
0 791266112
1 104126371
2 15078090
3 7298017
4 4670607
5 3323188
6 2513121
7 1992699
8 1628360
9 1363341
10 1162436
11 1005997
12 882308
13 784823
14 700014
15 630643
16 571413
17 520679
18 477393
19 440184
20 406085
21 377020
22 350513
23 327687
24 305875
25 287387
26 269971
27 254967
28 240863
29 227791
30 216136
31 204554
32 195563
33 186451
34 176012
35 168737
36 161254
37 155295
38 147739
39 141163
40 135867
41 130831
42 125420
43 120287
44 116169
45 111671
46 107514
47 104024
48 100242
49 96129
50 93534
51 90293
52 87418
53 84270
54 82490
55 78870
56 77005
57 74826
58 72060
59 69826
60 68311
61 65552
62 64779
63 62421
64 60737
65 59199
66 57248
67 55871
68 54282
69 52984
70 51994
71 50384
72 48627
73 47673
74 46824
75 45577
76 44463
77 43217
78 42369
79 41568
80 40480
81 39395
82 38872
83 37748
84 36713
85 35423
86 35407
87 34216
88 33756
89 33033
90 32404
91 31273
92 30681
93 30181
94 29593
95 28765
96 28338
97 27708
98 27277
99 26772
100 26304
101 25665
102 25238
103 24563
104 24314
105 23691
106 23477
107 22678
108 22271
109 22089
110 21524
111 21017
112 20651
113 20332
114 19968
115 19539
116 19330
117 19007
118 18440
119 18335
120 17947
121 17595
122 17545
123 17014
124 16778
125 16501
126 16058
127 15739
128 15543
129 15422
130 15112
131 14569
132 14418
133 14265
134 14076
135 13851
136 13528
137 13448
138 13159
139 13177
140 12699
141 12448
142 12183
143 12181
144 12014
145 11937
146 11742
147 11451
148 11254
149 10947
150 10924
151 10800
152 10567
153 10369
154 10180
155 10119
156 9976
157 9837
158 9655
159 9656
160 9379
161 9322
162 8938
163 8994
164 8734
165 8716
166 8645
167 8618
168 8169
169 8322
170 7992
171 8062
172 7824
173 7551
174 7580
175 7397
176 7458
177 7454
178 7279
179 7111
180 7019
181 6939
182 6695
183 6608
184 6542
185 6555
186 6461
187 6426
188 6189
189 6139
190 6093
191 5808
192 5909
193 5856
194 5884
195 5589
196 5614
197 5458
198 5554
199 5374
200 5328
201 5377
202 5247
203 5036
204 5008
205 5045
206 4801
207 4833
208 4782
209 4563
210 4682
211 4574
212 4594
213 4482
214 4418
215 4395
216 4255
217 4217
218 4127
219 4158
220 4139
221 4010
222 4022
223 3985
224 3855
225 3841
226 3824
227 3840
228 3655
229 3601
230 3689
231 3538
232 3528
233 3473
234 3366
235 3358
236 3366
237 3189
238 3180
239 3364
240 3153
241 3219
242 3185
243 3107
244 3027
245 3015
246 3095
247 3028
248 3015
249 2820
250 2785
251 2804
252 2802
253 2769
254 2777
255 2683
256 2620
257 2540
258 2560
259 2592
260 2490
261 2447
262 2445
263 2429
264 2378
265 2349
266 2367
267 2394
268 2309
269 2197
270 2213
271 2185
272 2217
273 2284
274 2144
275 2138
276 2029
277 2088
278 2059
279 2005
280 2018
281 1993
282 2014
283 1880
284 1928
285 1861
286 1916
287 1771
288 1944
289 1834
290 1788
291 1742
292 1775
293 1734
294 1732
295 1712
296 1695
297 1605
298 1735
299 1622
300 1574
301 1585
302 1613
303 1505
304 1571
305 1595
306 1470
307 1443
308 1436
309 1428
310 1449
311 1427
312 1346
313 1364
314 1361
315 1285
316 1273
317 1332
318 1305
319 1297
320 1326
321 1232
322 1263
323 1257
324 1210
325 1248
326 1200
327 1219
328 1175
329 1127
330 1203
331 1208
332 1139
333 1151
334 1103
335 1025
336 1105
337 1063
338 1036
339 1037
340 1089
341 1020
342 1038
343 1044
344 975
345 989
346 998
347 985
348 921
349 927
350 911
351 925
352 876
353 925
354 937
355 865
356 910
357 878
358 870
359 868
360 870
361 846
362 786
363 829
364 802
365 792
366 782
367 753
368 768
369 776
370 742
371 747
372 746
373 730
374 793
375 724
376 709
377 705
378 677
379 709
380 706
381 657
382 677
383 655
384 675
385 602
386 645
387 652
388 629
389 632
390 645
391 610
392 616
393 576
394 603
395 584
396 553
397 576
398 580
399 572
400 555
401 528
402 564
403 537
404 597
405 546
406 503
407 543
408 549
409 506
410 511
411 515
412 489
413 445
414 501
415 464
416 475
417 477
418 488
419 474
420 429
421 486
422 435
423 429
424 452
425 401
426 447
427 450
428 417
429 440
430 456
431 409
432 403
433 422
434 391
435 429
436 388
437 419
438 371
439 370
440 379
441 359
442 394
443 381
444 359
445 354
446 374
447 349
448 305
449 348
450 359
451 334
452 334
453 391
454 349
455 303
456 336
457 332
458 280
459 311
460 347
461 319
462 279
463 286
464 314
465 288
466 306
467 281
468 252
469 292
470 246
471 269
472 281
473 276
474 288
475 246
476 267
477 259
478 263
479 260
480 240
481 249
482 205
483 250
484 266
485 264
486 258
487 229
488 246
489 226
490 227
491 237
492 229
493 222
494 216
495 249
496 237
497 236
498 219
499 220
500 201
501 218
502 207
503 199
504 224
505 188
506 198
507 222
508 196
509 197
510 202
511 208
512 174
513 187
514 202
515 184
516 168
517 181
518 187
519 188
520 177
521 184
522 178
523 192
524 179
525 175
526 162
527 155
528 164
529 171
530 169
531 168
532 154
533 167
534 149
535 158
536 161
537 154
538 135
539 138
540 144
541 146
542 172
543 145
544 141
545 134
546 139
547 134
548 164
549 132
550 141
551 129
552 145
553 144
554 120
555 130
556 117
557 135
558 108
559 115
560 126
561 109
562 119
563 118
564 104
565 128
566 108
567 116
568 99
569 114
570 142
571 100
572 99
573 112
574 101
575 98
576 102
577 105
578 89
579 94
580 114
581 89
582 91
583 101
584 91
585 87
586 94
587 96
588 105
589 90
590 106
591 99
592 80
593 91
594 77
595 97
596 90
597 82
598 89
599 78
600 84
601 81
602 88
603 63
604 81
605 84
606 58
607 82
608 75
609 83
610 75
611 74
612 84
613 67
614 78
615 80
616 77
617 81
618 68
619 77
620 68
621 68
622 72
623 71
624 61
625 77
626 79
627 54
628 59
629 51
630 60
631 67
632 76
633 51
634 60
635 39
636 50
637 62
638 53
639 64
640 44
641 62
642 58
643 42
644 62
645 50
646 60
647 36
648 47
649 48
650 44
651 44
652 54
653 54
654 42
655 47
656 48
657 36
658 54
659 52
660 41
661 46
662 51
663 53
664 32
665 54
666 51
667 56
668 38
669 32
670 37
671 53
672 53
673 42
674 49
675 29
676 46
677 35
678 39
679 42
680 36
681 42
682 41
683 29
684 43
685 35
686 37
687 33
688 35
689 43
690 31
691 33
692 35
693 42
694 35
695 37
696 29
697 38
698 42
699 38
700 27
701 33
702 37
703 37
704 36
705 31
706 30
707 33
708 29
709 35
710 40
711 29
712 29
713 32
714 19
715 38
716 40
717 27
718 29
719 23
720 28
721 16
722 31
723 32
724 26
725 35
726 20
727 27
728 25
729 20
730 27
731 17
732 23
733 28
734 24
735 27
736 27
737 31
738 23
739 21
740 25
741 24
742 24
743 20
744 27
745 21
746 26
747 25
748 26
749 19
750 23
751 24
752 28
753 22
754 17
755 20
756 21
757 14
758 20
759 15
760 19
761 15
762 24
763 23
764 20
765 22
766 19
767 14
768 20
769 20
770 14
771 15
772 19
773 22
774 12
775 20
776 14
777 20
778 11
779 13
780 14
781 14
782 24
783 14
784 18
785 15
786 14
787 14
788 11
789 15
790 17
791 12
792 17
793 16
794 13
795 17
796 12
797 11
798 15
799 15
800 15
801 11
802 15
803 8
804 17
805 17
806 15
807 10
808 10
809 18
810 10
811 14
812 11
813 16
814 10
815 9
816 8
817 12
818 7
819 12
820 11
821 8
822 11
823 9
824 13
825 13
826 13
827 9
828 16
829 11
830 2
831 13
832 9
833 12
834 8
835 13
836 10
837 10
838 2
839 8
840 14
841 11
842 5
843 4
844 12
845 8
846 6
847 7
848 9
849 9
850 9
851 8
852 11
853 8
854 14
855 3
856 9
857 12
858 6
859 10
860 8
861 9
862 10
863 9
864 10
865 9
866 10
867 8
868 6
869 5
870 6
871 11
872 14
873 4
874 6
875 5
876 4
877 5
878 8
879 6
880 6
881 2
882 6
883 6
884 5
885 3
886 9
887 10
888 6
889 6
890 8
891 6
892 3
893 5
894 10
895 9
896 2
897 7
898 4
899 5
900 3
901 9
902 7
903 5
904 4
905 6
906 3
907 5
908 4
909 7
910 6
911 3
912 5
913 5
914 5
915 7
916 3
917 3
918 4
919 5
920 5
921 4
922 5
923 4
924 4
925 5
926 4
927 5
928 6
929 4
930 3
931 1
932 3
933 5
934 2
935 3
936 2
937 3
938 4
939 2
940 4
941 3
942 1
943 2
944 4
945 6
946 2
947 3
948 1
949 4
950 3
951 2
952 5
953 1
954 3
955 3
956 1
957 1
958 6
959 2
960 3
961 2
962 0
963 4
964 3
965 4
966 3
967 2
968 3
969 2
970 2
971 2
972 2
973 2
974 2
975 4
976 5
977 2
978 1
979 3
980 0
981 4
982 1
983 3
984 2
985 2
986 0
987 1
988 4
989 1
990 5
991 1
992 2
993 2
994 0
995 5
996 0
997 4
998 4
999 2
1000 0
1001 2
1002 1
1003 7
1004 1
1005 4
1006 2
1007 2
1008 1
1009 0
1010 1
1011 1
1012 3
1013 0
1014 2
1015 0
1016 2
1017 1
1018 0
1019 2
1020 0
1021 2
1022 2
1023 0
1024 0
1025 2
1026 1
1027 3
1028 1
1029 1
1030 2
1031 1
1032 2
1033 0
1034 2
1035 2
1036 0
1037 0
1038 0
1039 1
1040 1
1041 0
1042 2
1043 1
1044 1
1045 1
1046 0
1047 1
1048 2
1049 1
1050 1
1051 0
1052 2
1053 0
1054 2
1055 1
1056 1
1057 1
1058 1
1059 1
1060 1
1061 0
1062 2
1063 3
1064 1
1065 1
1066 0
1067 2
1068 1
1069 0
1070 1
1071 3
1072 1
1073 2
1074 0
1075 1
1076 1
1077 1
1078 0
1079 0
1080 2
1081 2
1082 1
1083 1
1084 3
1085 1
1086 0
1087 0
1088 1
1089 3
1090 0
1091 1
1092 1
1093 2
1094 0
1095 0
1096 2
1097 0
1098 1
1099 0
1100 0
1101 0
1102 1
1103 1
1104 0
1105 0
1106 1
1107 0
1108 0
1109 0
1110 0
1111 0
1112 1
1113 0
1114 0
1115 0
1116 0
1117 0
1118 0
1119 0
1120 0
1121 1
1122 0
1123 0
1124 0
1125 1
1126 0
1127 2
1128 0
1129 0
1130 1
1131 1
1132 1
1133 0
1134 2
1135 0
1136 0
1137 0
1138 2
1139 1
1140 1
1141 1
1142 0
1143 1
1144 0
1145 1
1146 0
1147 0
1148 0
1149 2
1150 1
1151 0
1152 1
1153 2
1154 1
1155 0
1156 0
1157 0
1158 0
1159 0
1160 0
1161 0
1162 0
1163 0
1164 0
1165 0
1166 0
1167 0
1168 1
1169 1
1170 0
1171 0
1172 0
1173 0
1174 0
1175 0
1176 0
1177 0
1178 0
1179 0
1180 1
1181 0
1182 0
1183 0
1184 0
1185 2
1186 1
1187 0
1188 1
1189 0
1190 0
1191 0
1192 0
1193 1
1194 0
1195 0
1196 0
1197 0
1198 0
1199 1
1200 0
1201 1
1202 1
1203 0
1204 0
1205 1
1206 0
1207 0
1208 0
1209 0
1210 1
1211 0
1212 1
1213 1
1214 0
1215 0
1216 0
1217 0
1218 0
1219 0
1220 0
1221 0
1222 0
1223 0
1224 0
1225 0
1226 0
1227 1
1228 0
1229 0
1230 0
1231 0
1232 0
1233 0
1234 0
1235 0
1236 0
1237 0
1238 0
1239 1
1240 0
1241 0
1242 0
1243 0
1244 0
1245 0
1246 0
1247 0
1248 0
1249 0
1250 0
1251 0
1252 1
1253 0
1254 0
1255 0
1256 0
1257 0
1258 0
1259 0
1260 0
1261 0
1262 0
1263 0
1264 0
1265 0
1266 0
1267 1
1268 1
1269 0
1270 0
1271 0
1272 0
1273 0
1274 1
1275 0
1276 0
1277 0
1278 0
1279 0
1280 0
1281 0
1282 0
1283 0
1284 1
1285 0
1286 0
1287 0
1288 0
1289 0
1290 1
1291 0
1292 0
1293 0
1294 0
1295 0
1296 0
1297 0
1298 0
1299 0
1300 0
1301 0
1302 0
1303 0
1304 0
1305 0
1306 0
1307 0
1308 0
1309 0
1310 0
1311 1
