0 0.4821
1 0.4873
2 0.4925
3 0.4765
4 0.4709
5 0.4648
6 0.4834
7 0.4895
8 0.4682
9 0.4853
10 0.4711
11 0.4906
12 0.4887
13 0.4942
14 0.4685
15 0.4742
16 0.4861
17 0.4537
18 0.4834
19 0.4865
20 0.4769
21 0.466
22 0.4756
23 0.4674
24 0.4897
25 0.4711
26 0.4797
27 0.4892
28 0.4831
29 0.4808
30 0.4797
31 0.4886
32 0.4723
33 0.4829
34 0.4878
35 0.4709
36 0.4718
37 0.486
38 0.4817
39 0.4704
40 0.4791
41 0.4889
42 0.4788
43 0.4885
44 0.4852
45 0.4652
46 0.4689
47 0.4853
48 0.4733
49 0.478
50 0.4775
51 0.4538
52 0.4793
53 0.4769
54 0.5004
55 0.4757
56 0.4806
57 0.4863
58 0.4704
59 0.4711
60 0.479
61 0.4666
62 0.4739
63 0.4735
64 0.4803
65 0.4827
66 0.4851
67 0.4732
68 0.4771
69 0.4881
70 0.4734
71 0.4755
72 0.4654
73 0.4807
74 0.4847
75 0.4626
76 0.4803
77 0.4808
78 0.4757
79 0.4605
80 0.4704
81 0.4664
82 0.4641
83 0.4741
84 0.4789
85 0.484
86 0.4807
87 0.4813
88 0.4875
89 0.4817
90 0.486
91 0.4735
92 0.4838
93 0.4816
94 0.4741
95 0.4788
96 0.4676
97 0.5032
98 0.494
99 0.478
100 0.4808
101 0.4849
102 0.4807
103 0.4867
104 0.4852
105 0.4613
106 0.4797
107 0.4846
108 0.4629
109 0.4672
110 0.4827
