0 1.0 0.0 46055248
1 0.029964830260233097 1.4513753281316921 83215856
2 0.25095823871547723 1.8826875735893076 54269619
3 0.1267783907004632 2.931825056268474 47202437
4 0.1061276114713771 3.746310562492677 39624118
5 0.06776502624884632 4.653032678187889 33283939
6 0.03662304463725805 5.48313162224331 28016349
7 -0.020456182240279074 6.439293782052637 23729990
8 -0.06786141800804456 7.313179682173124 20224850
9 -0.1310309690986318 8.29103908504295 17303894
10 -0.18996127631759924 9.157008340266279 14853701
11 -0.25675824917669665 10.119155593634805 12776275
12 -0.3151918955153711 10.990059551739439 11013754
13 -0.38757487696982734 11.940160578427959 9519616
14 -0.4537273162019437 12.784587126484771 8236771
15 -0.5207949938086864 13.71130530649145 7135804
16 -0.5867241583335876 14.575132110889598 6194289
17 -0.6562138828210996 15.512518595211574 5381788
18 -0.7248318090241751 16.299889931531734 4681137
19 -0.789903511824108 17.256029905970294 4075318
20 -0.8605239004270088 18.089496519838757 3547468
21 -0.9280337809527258 19.01256711428264 3093104
22 -0.9954898169884424 19.871675230844723 2699447
23 -1.0577996877712679 20.814903172442914 2354684
24 -1.1262266909283192 21.69550576434872 2057568
25 -1.1968682241758901 22.596716564240392 1798213
26 -1.2592937819340628 23.46835358381965 1572772
27 -1.3220451831289763 24.502646642460533 1375779
28 -1.384148882111708 25.33643954646944 1202401
29 -1.4430860675225867 26.468141688869927 1051500
30 -1.5184206976673353 27.25714687367691 919292
31 -1.578657986022706 28.299354469995517 805163
32 -1.6334137465407885 29.246483464199482 704279
33 -1.6945466310765995 30.344824907781952 618150
34 -1.7664686675644266 31.333548121062773 542090
35 -1.823803503398427 32.51972504158595 475367
36 -1.880931558707606 33.491720421783505 417365
37 -1.9449501137755996 34.62719881160388 365632
38 -1.987356652451759 35.66389727219119 319852
39 -2.0423689280283743 36.79331489138315 280819
40 -2.0930966629475605 37.78772615469045 246475
41 -2.1736018703334072 38.98525290582181 216432
42 -2.2227601886156956 39.901424125999775 190016
43 -2.2800747026007793 41.38569310599047 166527
44 -2.3363636363636364 42.43341370125633 146410
45 -2.382639378969654 43.78522671986 127530
46 -2.447908427610355 45.19420398718569 112523
47 -2.5090506207440835 46.59658367368252 98833
48 -2.5955985550928378 47.67083583744701 86926
49 -2.641379669671234 49.26687418677101 76772
50 -2.6666172436800357 50.22689433943884 67445
51 -2.6732515666365066 50.879646774585744 59682
52 -2.7573845712646974 52.805796964133535 52305
53 -2.760019942340624 53.89257539681988 46133
54 -2.843451821822317 55.70409799744081 40454
55 -2.9082785365031194 57.23640254997374 35586
56 -2.9687439830562865 57.777984617147226 31162
57 -2.9943049912942543 59.12667244209718 27568
58 -3.0838380093107567 60.69428540563081 24273
59 -3.0491896772967064 61.97747676841 21041
60 -3.193322563274098 64.91006849746445 18570
61 -3.279171546569685 66.30922961631397 16223
62 -3.2074582083154737 66.67463504521105 13998
63 -3.3614786304225803 67.75819535995342 12471
64 -3.3664940492413917 72.29940610569301 11007
65 -3.3346642096642096 71.08773369150384 9768
66 -3.307103951790474 70.71435560641385 8629
67 -3.646277980218636 78.00606240893039 7684
68 -3.5092537313432834 79.07857108487025 6700
69 -3.5509333333333335 76.33593912889063 5625
70 -3.6684749849306812 85.76873291644235 4977
71 -3.7230327144120245 84.28204243836434 4524
72 -3.7094368732321934 86.00608476902907 3889
73 -3.8027231467473523 90.1093420549691 3305
74 -3.8155044008124577 91.56142515180937 2954
75 -3.7387155963302754 86.51815247874904 2725
76 -3.8275718450645564 89.53461671963983 2401
77 -4.434437704153057 100.11784344257332 2143
78 -4.28921568627451 103.21210592080047 1836
79 -4.0638297872340425 94.07978057678523 1598
80 -4.008421052631579 90.66378873499528 1425
81 -4.132966168371361 102.96501079271862 1271
82 -3.718421052631579 94.15316943674907 1140
83 -4.680765357502517 110.27774684625204 993
84 -3.678738317757009 89.63861336142936 856
85 -4.391644908616188 107.37925134127298 766
86 -3.6194029850746268 101.44171307640907 670
87 -4.2374350086655115 105.57100763225752 577
88 -4.266294227188082 115.32014883708044 537
89 -4.612962962962963 119.02612825788762 540
90 -5.2207207207207205 133.74857966074143 444
91 -4.3203125 114.08229573567708 384
92 -4.949206349206349 117.16567397329297 315
93 -4.63258785942492 121.12698914962908 313
94 -3.515151515151515 95.19674012855842 264
95 -5.004032258064516 116.61691922476578 248
96 -4.256038647342995 123.72671474246782 207
97 -4.760204081632653 165.33535506039178 196
98 -4.826086956521739 138.91178323881525 138
99 -4.540983606557377 164.64176296694436 122
100 -5.991228070175438 156.7981686672823 114
101 -6.019230769230769 164.21116863905348 104
102 -7.791208791208791 229.79157106629634 91
103 -5.37037037037037 164.67764060356657 81
104 -7.859649122807017 241.8399507540783 57
105 -4.245283018867925 104.71342114631543 53
106 -8.151515151515152 200.12855831037643 33
107 -5.5 181.25 28
108 -4.166666666666667 101.33888888888889 30
109 -4.923076923076923 104.60946745562136 26
110 -6.96 263.7184 25
111 -8.21875 248.2333984375 32
112 -3.8125 104.77734375 16
113 -2.066666666666667 67.39555555555556 15
114 -8.95 254.74749999999995 20
115 -10.25 170.85416666666666 12
116 -7.25 164.85416666666666 12
117 -0.2857142857142857 6.20408163265306 14
118 -8.666666666666666 428.38888888888886 12
119 -1.3333333333333333 43.333333333333336 9
120 -11.166666666666666 255.1388888888889 6
121 -6.333333333333333 80.8888888888889 3
122 -18.0 182.0 3
123 3.0 0.0 1
124 -20.666666666666668 184.22222222222226 3
125 -5.5 163.25 6
126 -2.2 12.159999999999998 5
127 -19.5 420.25 2
128 -0.3333333333333333 2.8888888888888893 3
129 -2.0 9.0 2
130 -5.166666666666667 76.13888888888889 6
131 3.25 54.1875 4
132 2.0 0.0 1
133 -1.0 6.0 4
134 -1.25 28.1875 4
135 -3.0 16.0 2
136 -15.0 482.0 3
137 -6.0 0.0 1
138 -1.0 0.0 1
140 -4.0 0.0 1
141 6.0 0.0 1
143 1.0 0.0 1
144 -3.5 20.25 2
145 -1.5 0.25 2
147 -2.5 12.25 2
148 -3.0 0.0 1
