0 1.0 0.0 19481171
1 -0.01931064012625896 1.470733489237177 33607120
2 0.2964797865163151 1.9240287844935073 20791097
3 0.20885155283642554 3.019111966955976 19236218
4 0.23316072471016439 3.9367955572198996 17313349
5 0.25388364248503126 4.971224133733928 15682700
6 0.2840839963443382 5.96842047895246 14306575
7 0.2945286180298873 7.163855969643225 13198585
8 0.3130592879404138 8.335555099185616 12285264
9 0.3186712594420863 9.647220023568362 11503284
10 0.3339288021391778 10.94125458866661 10820606
11 0.33941237277975933 12.36245637099286 10223216
12 0.3484311181061299 13.77276957746296 9695153
13 0.352148519674386 15.267966821941627 9219627
14 0.3605896737724464 16.750799715520667 8794015
15 0.36298150945187035 18.355300042705974 8407701
16 0.36897711378006903 19.917664696385902 8057993
17 0.36935307035977666 21.557620861752124 7732742
18 0.3756305758922 23.238398966392626 7425157
19 0.37382149281424937 24.979160413095915 7146435
20 0.3722073023900438 26.666480522697793 6881966
21 0.37383486550825357 28.44499156496874 6639255
22 0.3719791763259029 30.214551025765513 6405786
23 0.3727481813600713 32.06272011790539 6191440
24 0.37451482338125597 33.955937763186796 5984161
25 0.3691295651217714 35.83151042477357 5792863
26 0.3697052023317273 37.65000582230628 5606659
27 0.3585568213039018 39.69485260495395 5437802
28 0.3563355280994543 41.4867692069992 5278163
29 0.35349359409307335 43.59891825666775 5121445
30 0.3437103477967419 45.487719213571296 4975291
31 0.3387290802289979 47.52704240648593 4828865
32 0.33070953576217194 49.44680567004156 4691927
33 0.33151016343468037 51.53961142303371 4564943
34 0.3235800096259087 53.651988302533894 4442178
35 0.3106011252591057 55.688368329688345 4322560
36 0.3025380985953685 57.75136662185029 4204092
37 0.29597003215791995 59.788584713846 4096658
38 0.2786707418387816 61.89884534017388 3992633
39 0.27785880631293874 64.05897814571803 3888205
40 0.2605025164347346 66.13941492208865 3789687
41 0.2585979455328575 68.4687993397361 3694778
42 0.24165972695734478 70.42054232498576 3604858
43 0.2402592362289283 72.62937148888811 3517101
44 0.22684742628034416 74.83436672135021 3430191
45 0.21520378212453228 76.87339874534412 3347325
46 0.2028902566416564 79.16223664457567 3271059
47 0.19138533272985547 81.18668907446407 3190396
48 0.17353620188671734 83.66894163574514 3115252
49 0.15872092067946775 85.57077838303958 3042970
50 0.15157190212337 87.55961626235077 2972068
51 0.14334733936892394 90.40084515901803 2908746
52 0.12439871317497381 92.59200850746801 2843277
53 0.10930302932053734 94.93357443291544 2775870
54 0.10304427887809832 96.6938572591284 2712038
55 0.08678311654156474 99.30874167382824 2650239
56 0.07265710010226505 101.47240424619841 2596195
57 0.06266721904247334 103.598623329077 2539334
58 0.044846798676731074 105.65041963122194 2482942
59 0.019159795999851816 108.14360571961143 2429410
60 0.019917423255653547 110.50079080722242 2377667
61 0.00017831845269426292 112.58016872295734 2327297
62 -0.024813050255779744 114.45543366800638 2277350
63 -0.046731226708179176 116.82178652332398 2225835
64 -0.03638231460252453 119.73021985550217 2179493
65 -0.062293955271182054 122.05491042539073 2133032
66 -0.07162530481372455 124.1382515135207 2090211
67 -0.09844678113769763 126.09768054447221 2045816
68 -0.11684929749886339 128.46103618738215 2003769
69 -0.13190289256303642 130.8246759099056 1962239
70 -0.15497322382631626 132.80342174624255 1920364
71 -0.17490172477407598 135.68781218910317 1880942
72 -0.17598124463663653 137.646774228905 1843526
73 -0.2191294941406769 139.40921817320745 1806352
74 -0.22360836831806657 141.80102025814105 1770296
75 -0.2507011303490764 143.89235508120564 1732916
76 -0.24579300508210988 146.74931000674587 1699491
77 -0.2802361032288718 149.1924723094471 1666898
78 -0.28230660599980045 151.44051482997494 1633621
79 -0.30321727770922735 153.82453258131855 1601416
80 -0.3194913376924957 156.40433353433377 1570944
81 -0.333339398318786 158.2938226970042 1538888
82 -0.3541835113703823 161.1243727978812 1507645
83 -0.3724244350870636 163.0832135100114 1476909
84 -0.3971015615382168 165.1806173481964 1445882
85 -0.41651750423489553 167.58570995244102 1416800
86 -0.41794692385547094 170.11188706321732 1389174
87 -0.4545874157537162 172.56666651043912 1364897
88 -0.4872891586528579 174.6044338687507 1337795
89 -0.5147129344369654 176.71814711708353 1311669
90 -0.4994701211971692 179.6625867835179 1288974
91 -0.5221409491948279 181.05656490496858 1265009
92 -0.557279960560398 184.11353114775383 1237335
93 -0.5567265417779392 185.47011354566183 1214361
94 -0.5872587086567626 188.65223943790164 1190884
95 -0.6133559757978733 190.06505572068446 1169484
96 -0.6117249107227011 191.45602962392596 1145868
97 -0.6270442274677349 194.91380332099203 1125364
98 -0.6464669080255766 197.51697436317494 1103198
99 -0.6622906610402417 200.1119132505781 1082037
100 -0.6733864972247997 201.9324869744238 1062626
101 -0.6976192415494813 204.612000704136 1043575
102 -0.7134143482338231 207.3800033149118 1023680
103 -0.7624868772204438 207.42770957425967 1006837
104 -0.7676139889752857 211.57835111422463 986148
105 -0.7848508218503479 214.0896576102706 968607
106 -0.8382526825395655 214.27550781833423 949753
107 -0.8320567881765779 218.06598799688015 930898
108 -0.8855711811008112 220.31916622252658 913817
109 -0.8753943006395875 222.33218910029586 895890
110 -0.929162848131059 224.43321505814356 879482
111 -0.8970334961457441 227.0062142595621 863980
112 -0.9236227232097584 230.8565520387426 848014
113 -0.9497201531793124 230.55193776406463 831705
114 -0.9758668512557602 233.8553683877513 817672
115 -1.0047149758937324 235.2114164933019 799792
116 -1.0290222995912675 240.36177038844716 785844
117 -1.0410840949172206 239.53967976195983 772294
118 -1.030931013221895 244.10399107544396 759044
119 -1.0723506115395736 244.759189182364 743615
120 -1.0905708826315241 248.56782334995344 730588
121 -1.1364274061308393 252.09964229518832 717781
122 -1.0927359134872887 254.76402929595355 705746
123 -1.1707699513601153 253.18353299477357 693875
124 -1.178390954708834 254.16573650937696 679956
125 -1.18817802378368 260.5410839087294 667012
126 -1.1935902485793937 262.9006329290951 655002
127 -1.2386921176091394 261.92655064182503 642229
128 -1.2790959377426974 265.5720634564774 630930
129 -1.2803016363383983 269.0726559049988 619554
130 -1.3221736925296554 273.42219758800366 609249
131 -1.3251664834485546 272.8178648068337 598558
132 -1.3116208278338626 276.96967769434605 588693
133 -1.3312866149109661 277.8095714782987 578487
134 -1.3705467527214532 279.7767833517046 568630
135 -1.4031781751645076 280.7389961842503 556357
136 -1.4504770234614301 285.99829127959146 546514
137 -1.4247328925712055 284.20892883154426 537705
138 -1.5020711321559788 289.3310020887561 529662
139 -1.4831713308607486 293.98614953045876 519025
140 -1.5333751666797395 292.4169933996142 509960
141 -1.5765066092149285 296.4895930357109 500362
142 -1.5410937915387315 297.47951575289653 492763
143 -1.5899389991557549 303.8590996392029 483272
144 -1.577678652362813 303.2837344785381 474371
145 -1.6266524241273763 306.1493275933245 466209
146 -1.5826780058293288 306.10487681059425 459058
147 -1.6192314336207927 308.1536431120757 451542
148 -1.684960864282843 311.28668542353677 442818
149 -1.6445905955016362 311.24578178170015 434558
150 -1.7501036229389573 318.45932198599206 427029
151 -1.7462243700938227 318.34413928755004 420261
152 -1.7588682320114706 318.7075494171903 413583
153 -1.778483146205651 323.0631601408764 406407
154 -1.7981779675937803 327.4059122997278 397578
155 -1.8154476822342964 325.83066204888456 391282
156 -1.8602162532362754 329.489815220295 385474
157 -1.880698564491847 329.88151524312707 377288
158 -1.8416670716102175 334.7196974632709 370422
159 -1.9112290183671676 335.1117205133276 364128
160 -1.9192031468511987 341.72246546554885 358962
161 -1.9614117047481525 340.9045813314814 353190
162 -1.9171668010597858 343.23457109975936 347240
163 -1.9618216214316673 342.8361503249506 341476
164 -1.9791908581500735 344.3623677734406 335862
165 -2.0371891052660307 349.5536698250345 329774
166 -2.0291589524536606 352.44489784585875 323537
167 -2.06970543143261 356.25062909399526 317651
168 -2.0787994780897057 358.2519951817943 311931
169 -2.095580203890565 360.6648995863186 307616
170 -2.224550878355983 360.18213573610814 301700
171 -2.178383997246025 364.12612433370015 296299
172 -2.135901641594378 364.5317153548804 291424
173 -2.187655721503835 369.40727450700115 287372
174 -2.190838179685368 373.3463628621573 282171
175 -2.160293032875801 373.8027748806158 276556
176 -2.2577400064806903 375.84141172442537 271576
177 -2.2806251402078814 379.1886091363916 267460
178 -2.271610246887272 385.2451454972474 262792
179 -2.314690240824889 387.9489415028141 258362
180 -2.3762613596420206 381.62181113148057 253199
181 -2.299498842402186 386.11972734306994 249223
182 -2.3312470789051227 390.88843838421207 246055
183 -2.4344087813209474 391.1504487869016 240055
184 -2.426605562819748 399.0618475878133 236319
185 -2.406469627567663 392.2429498405964 232069
186 -2.436723282676903 402.6065944684754 228204
187 -2.4324015820005083 403.1106884214694 224273
188 -2.551931066317895 403.3873066035156 220966
189 -2.4981849507541205 408.399577033149 217074
190 -2.6176621300801544 412.3856702317949 212715
191 -2.536017464168426 406.6180336795916 209801
192 -2.569079410379991 411.5192401979652 206031
193 -2.6304954899295687 416.0203229597996 202325
194 -2.5838181918583927 414.65401071066924 199199
195 -2.6587170003826044 422.7132976272345 196025
196 -2.7316146074368346 424.25753618406594 192313
197 -2.726079185055126 435.6565617919746 189657
198 -2.776085068048004 414.74693534198644 186486
199 -2.7224386464573715 430.251393474907 183282
200 -2.718747736554437 436.5013198231648 179483
201 -2.638960347230879 437.4210097147977 176482
202 -2.7749181902357387 438.5687286749427 173879
203 -2.769217692059677 434.24113821326335 170585
204 -2.8863685126469116 442.65533591148954 167788
205 -2.8427422536493583 439.25300360599374 164755
206 -2.816124765449568 449.52971999705437 162545
207 -2.8695807774171067 450.9137566284621 159271
208 -2.894176553131777 455.70272536749695 156780
209 -2.9635354170855575 455.93406925896824 154177
210 -2.9107091305146575 453.03786998804094 152412
211 -2.9362181489505934 460.29046353037126 150466
212 -2.8401330812649497 452.5781802269509 147579
213 -2.9700144857556734 454.01726324772557 144970
214 -2.988099264395028 464.7300308587341 141924
215 -3.021171206587233 462.3652947378282 139907
216 -3.0395496682954537 475.6079565815788 137321
217 -3.058652307874622 469.6692431453337 135016
218 -3.0542029796143586 472.4113584417056 132299
219 -3.120637666074818 475.2902053237256 130664
220 -3.014527863897674 482.89926235474707 128374
221 -3.061727022153734 481.51054720461434 125893
222 -3.1202969897506256 495.02977042226195 123910
223 -3.237638752890257 487.0436603013507 121529
224 -3.2576682486709485 493.8325404782895 119258
225 -3.2670572283762693 497.9317929911421 117267
226 -3.1347466793579373 508.860863797002 115565
227 -3.2160444165465782 497.6917675790325 113111
228 -3.312690574489328 513.6205656278097 111177
229 -3.2757097215883157 517.2493150481573 109550
230 -3.253629952771334 505.7758337745309 108197
231 -3.3797937177684014 513.1056489025511 106650
232 -3.444500260651154 515.0181628481616 105505
233 -3.4301689499927384 518.626379372981 103285
234 -3.3317927198590684 510.0893850983603 101042
235 -3.488146097839822 520.1727389204588 99714
236 -3.4404508850100153 522.3908556529873 97852
237 -3.4027664093664196 531.2112134006674 96515
238 -3.4462353187919463 525.8287578486114 95360
239 -3.4616799640649396 524.6271117120294 93502
240 -3.4806124347454936 550.1026441614483 91373
241 -3.5059642925018726 543.6262123449708 89449
242 -3.578053270305895 537.0448258269979 88004
243 -3.589904448258268 541.8186600816068 86236
244 -3.5409055554246116 541.7769288047825 84854
245 -3.610415190420715 544.1864291213861 83263
246 -3.6262713724724995 556.5428435601311 81998
247 -3.6452951858577625 547.1421803935759 80949
248 -3.796278416571579 562.4571370319725 79751
249 -3.726419696036147 562.9900670437859 77904
250 -3.7588300149166614 585.1581156558153 77095
251 -3.658668628945363 554.1986488696913 76102
252 -3.9594778933854013 592.319271645434 74774
253 -3.8009696837632445 557.4189438475544 73426
254 -3.9571076575770507 566.6871081732519 72647
255 -3.8968528750900893 573.5482120475186 70763
256 -3.640515155007491 569.0773224500982 69416
257 -3.9617496686233666 575.287453638417 68653
258 -3.9316159041102017 567.6235270238192 67077
259 -3.7797244480661565 590.3651536626187 66267
260 -3.946289286973045 576.7533098970582 65257
261 -3.842148773221444 575.7535609422699 64111
262 -3.921238993513615 582.2572473350986 63826
263 -3.9369126655761892 597.8116651338636 62358
264 -3.9029129405576013 591.3884567962995 60832
265 -4.306701374983313 616.2421043374621 59928
266 -3.998875198118513 576.6619616845746 58677
267 -4.001864351188524 616.172276384188 57929
268 -4.139133639905922 613.7743196484639 56974
269 -3.9295391985128516 606.8846073628798 55946
270 -4.1149910670781225 617.8485423445616 55413
271 -4.179106118634439 630.2693631561339 54571
272 -4.178894944559294 612.9599717917863 53210
273 -4.067809494849671 616.8028061828455 52618
274 -4.070806878051605 627.9415483250873 51817
275 -4.036729227799988 637.9548319115625 50777
276 -4.29650260613536 632.0319286427169 50266
277 -4.2203950707513656 639.7814603226816 49257
278 -4.133670624677336 637.1462209612279 48425
279 -4.063444428006847 640.5220859275933 47317
280 -4.193527164685908 626.8467365406025 47120
281 -4.326093975333089 671.7332632270522 46459
282 -4.072776043269865 662.5608177145192 45482
283 -4.283887353066775 651.485114936135 44493
284 -4.312413306955909 647.4730143838545 43977
285 -4.41284616097064 633.9515826836698 43188
286 -4.257443786982249 654.8460303888571 42250
287 -4.6374865607454305 676.3741627901883 41855
288 -4.339958056964495 657.5054536850694 41008
289 -4.2692908698563885 667.5591762536654 40317
290 -4.617223663462028 676.6615091340483 39318
291 -4.713723485816509 673.8450071679854 39130
292 -4.604785135976749 676.482895931391 38536
293 -4.582070941554135 676.1580495993542 37693
294 -4.341556336125372 666.2806102770977 37010
295 -4.688038645221496 678.6772862502999 36434
296 -4.492719192822605 713.6949286827969 35779
297 -4.788212214261344 678.8923971564819 35172
298 -4.66732374768089 696.1469795725891 34496
299 -4.494805346407517 667.2188634608306 34266
300 -4.693859910581222 694.2372171430981 33550
301 -4.621684986146211 714.469824192444 32843
302 -4.473832440964378 686.485519647408 32311
303 -4.908601313700464 735.9353626202802 32123
304 -4.707874015748032 686.926662409369 31750
305 -4.8713280392536635 725.5710863698941 30978
306 -4.569998010478148 722.3794593208262 30158
307 -4.642176410949645 699.0582414274535 29590
308 -4.796239210850802 753.3993296021431 29196
309 -4.652273278160601 706.7277997251317 28879
310 -4.7649133947154905 726.6150697733858 28347
311 -4.792943526809603 735.3171219088721 28031
312 -4.828816703648466 755.6796191992205 27491
313 -4.935317328613047 718.6621140462798 27117
314 -4.531461944235117 738.445242248524 26540
315 -5.111043435227835 729.4186716775097 26269
316 -4.8618314110999306 769.2828677970496 25838
317 -4.859317543790281 753.3532660559807 25291
318 -4.925696217925331 751.5988812342033 24669
319 -4.929531314807134 731.491964898408 24110
320 -4.906861520526272 747.7864372230359 24018
321 -4.910580089504348 742.2808666988601 23686
322 -5.237788215200683 774.5144644505549 23420
323 -5.002303146184599 760.3343854480751 23012
324 -4.96675567423231 730.167074610245 22470
325 -4.978365274664959 775.0076735478355 21863
326 -5.030614618713069 745.3454545935463 21493
327 -4.994686353804195 753.2468917314762 21266
328 -5.160263394760529 787.8954393355928 21109
329 -5.086843872948854 788.5857793203311 20842
330 -5.228433163794381 761.7649137416138 20251
331 -5.211428571428572 778.8067265305468 20125
332 -5.473436246992783 803.5124258826863 19952
333 -4.907664177967393 784.536245287984 19689
334 -5.171336486978219 839.0570917992356 19237
335 -5.292522464698331 776.3535084853552 18696
336 -5.21587645624492 805.3571361799418 18455
337 -5.061221076108168 848.8688474636573 17935
338 -5.1966815283029515 810.716042941122 17719
339 -5.440784269408973 846.984769008687 17698
340 -5.292345792777746 863.6252982063249 17363
341 -5.413817207432865 826.7467957453332 17167
342 -5.348575845870251 841.6839298561913 16817
343 -5.3805619913265605 820.3974407344757 16833
344 -5.200750696210195 781.0963985162426 16518
345 -5.075261538461539 834.7525510855234 16250
346 -5.363579395914275 841.1310008990059 15958
347 -5.893671534716884 853.5685046598113 15612
348 -5.262333748280154 822.5031524385604 15263
349 -5.516228748068007 812.1915416140183 14881
350 -5.678273168103448 849.6097865654701 14848
351 -5.4226047596186815 863.4000349407231 14581
352 -5.541312741312741 827.2221086312263 14245
353 -5.685828116107 902.0303512349738 14056
354 -6.3654068090017315 932.4583705355873 13864
355 -5.901203758073987 901.1427642583571 13624
356 -5.625159211807897 883.8920859770362 13347
357 -5.756207159177456 920.1110905647586 13130
358 -5.553931374057547 870.7162405068227 12998
359 -5.8144418423106945 857.9492527914391 12810
360 -5.161473983868417 809.8081820436413 12646
361 -5.5506571965058376 852.5073734353554 12249
362 -5.82614128623792 928.9725222313716 12004
363 -6.0897734843437705 937.6241858913918 12008
364 -5.6993896236012205 937.1797249581257 11796
365 -5.587503240860773 859.0932635873669 11571
366 -5.819973368841545 948.032392897636 11265
367 -5.71703197987783 870.2533822077659 11132
368 -6.115919629057187 934.691990405796 10999
369 -5.695811231022499 905.8990550717322 10934
370 -5.996453238753033 928.9234520461465 10714
371 -6.134095933865231 881.0873725051846 10403
372 -6.573497749070268 975.9204641995533 10218
373 -5.554441548024864 884.168632267815 9974
374 -5.590366363914685 886.3573559123256 9799
375 -5.86897920802424 945.5155887501351 9571
376 -5.805682764363031 914.3530609617901 9608
377 -5.557641875590056 844.5934727567122 9533
378 -5.761904761904762 915.1530461074204 9450
379 -5.832112799213029 886.6695950661646 9149
380 -5.72755905511811 901.6263383612196 8890
381 -6.167241955238837 984.9492041625329 8981
382 -6.435227272727273 961.2301226757044 8800
383 -5.983354823584574 955.254675464206 8531
384 -5.609750325405278 915.3078874184247 8451
385 -6.018395255960305 943.7641539295872 8263
386 -6.1463623046875 987.7975478023291 8192
387 -6.367041198501872 1021.367902481432 8010
388 -6.521402720579059 980.7567177627516 8013
389 -5.763288718929254 931.9435853602068 7845
390 -6.458562124888265 1012.3552935013912 7831
391 -5.932304500064842 962.9185141938699 7711
392 -5.856519439301772 941.7269668859419 7562
393 -6.559000400908727 971.9744355636461 7483
394 -5.983016579053781 954.1110473229729 7419
395 -6.263260205498472 954.538025361029 7202
396 -5.827728111253015 1064.2070188629978 7047
397 -6.524252105721755 1116.9284707955815 6886
398 -6.197370386971463 1010.1530365634558 6693
399 -5.812481557981705 997.8121369224209 6778
400 -7.011778918755663 1114.9793236551402 6622
401 -5.917729393468118 945.5100278148165 6430
402 -6.3032899770466715 985.2334933841207 6535
403 -5.528298912186663 977.7138058245937 6343
404 -6.48581560283688 1129.7710753986184 6204
405 -6.678255055991977 1124.481303858076 5983
406 -6.141936577920977 1019.793827214544 5897
407 -6.253448275862069 925.7554191439249 5800
408 -5.64734808570425 964.6448673965999 5694
409 -6.917095686135275 1100.0057311708704 5633
410 -6.649658641753503 1084.2426939187321 5566
411 -5.750755018653402 952.4017248696313 5629
412 -7.057852772111997 1033.5019376850312 5393
413 -6.093671859973072 992.802343105251 5199
414 -6.425519518353078 1126.1962879656953 5149
415 -6.4418742586002375 1088.4977087844923 5058
416 -6.834739941118744 1037.440795099228 5095
417 -6.74049352750809 1003.3062405331084 4944
418 -6.703642384105961 1000.1832814350439 4832
419 -6.508678782928324 1108.0947276193497 4897
420 -7.200745804847731 1127.6470845898393 4827
421 -6.9318714072812435 1165.6172448052887 4697
422 -6.960446927374302 1154.9403349957422 4475
423 -7.1103038309114925 1184.626098146368 4542
424 -6.82500555185432 1205.354675632915 4503
425 -6.1369341102644555 1051.3575377092195 4462
426 -5.636153490522423 978.272146461876 4326
427 -6.949228944246737 1192.4828315525351 4215
428 -6.861050593076737 1111.8654667248895 4131
429 -6.879961968148324 1078.1503163284574 4207
430 -6.858661512442619 1127.5878997305397 4139
431 -5.760367519245095 1078.9286701405786 4027
432 -7.1276861569215395 1116.07040289202 4002
433 -6.113466011889377 968.561175606307 3869
434 -6.57556773688332 1095.250815228499 3831
435 -7.727368978295394 1197.2141847664884 3778
436 -7.664475486168173 1266.7126766558974 3651
437 -7.278382147838215 1204.5590445234386 3585
438 -6.238857142857142 1206.4623758367834 3500
439 -6.783443139501576 1131.0358874286362 3491
440 -6.721978343576237 1088.1708748687568 3417
441 -7.873863303021414 1301.266577066688 3409
442 -5.316879951249239 960.6668022092566 3282
443 -6.659076923076923 1142.8271560709868 3250
444 -6.759473346178549 1116.6367519384687 3114
445 -7.1832630554654555 1127.9596031053134 3083
446 -7.180608365019012 1236.4509040659086 3156
447 -6.811121764141898 1156.9828612856181 3129
448 -6.420251489080079 1109.025903576725 3022
449 -6.139488542012621 1144.9782181376022 3011
450 -8.292260692464358 1301.6304696346363 2946
451 -6.781312793034159 1126.7756856174735 2986
452 -7.425426136363637 1176.78634214797 2816
453 -5.942911153119093 1042.4871000318094 2645
454 -6.05334364128334 1166.8568374864608 2587
455 -8.804505813953488 1481.9050959767046 2752
456 -6.818829707426857 1211.8925336641905 2666
457 -7.570869224745497 1165.617726182606 2554
458 -7.185141968105795 1243.9812806002253 2571
459 -7.53633079084705 1200.5995431808412 2491
460 -6.831218274111675 1106.6732893787728 2364
461 -6.981810490693739 1244.665066772884 2364
462 -7.772670288340994 1230.8969212857455 2393
463 -7.701415701415701 1201.719513225308 2331
464 -6.049841413683733 975.1456807632819 2207
465 -6.87880163413527 1354.3416432302772 2203
466 -7.494988066825775 1263.0843424223008 2095
467 -7.760392340028024 1328.9528637414735 2141
468 -7.7984934086629005 1291.1637265437366 2124
469 -7.033576642335767 1258.0986293000778 2055
470 -7.641202562838837 1367.1004413335213 2029
471 -7.445049504950495 1354.222227967844 2020
472 -7.287549407114624 1224.3155366823628 2024
473 -7.993522670652715 1503.5330920750885 2007
474 -6.6007067137809186 1233.8824629028854 1981
475 -7.7145748987854255 1441.1027430379188 1976
476 -7.231182795698925 1246.732576020346 1860
477 -6.887061403508772 1383.524525575177 1824
478 -7.583707865168539 1300.3486109708442 1780
479 -8.405968468468469 1435.3740409539587 1776
480 -6.46335833814195 1285.0588131878126 1733
481 -7.468661773009599 1277.653873929067 1771
482 -6.937290033594625 1311.2995389046832 1786
483 -6.725423728813559 1279.2308225605627 1770
484 -8.465666474321985 1581.5517640826686 1733
485 -5.935179728933412 1158.2150087037019 1697
486 -7.452941176470588 1260.591314878888 1700
487 -6.857317819963257 1253.2466350594523 1633
488 -6.743090452261306 1343.7675401978497 1592
489 -6.233876221498371 1269.3791781345126 1535
490 -6.183568677792041 1167.961167752334 1558
491 -5.924271844660194 1176.1839092594391 1545
492 -7.9122085048010975 1314.1884517754452 1458
493 -7.265636497424577 1507.4224468170926 1359
494 -9.77875457875458 1591.5569112694461 1365
495 -6.327700220426157 1188.7728476867771 1361
496 -6.737482117310443 1237.1707124013144 1398
497 -6.301083032490975 1126.4227064082652 1385
498 -7.084391336818522 1394.1220789984511 1339
499 -7.148011782032401 1145.7314062090034 1358
500 -8.550036523009496 1435.3928579241406 1369
501 -5.885623510722795 927.221230965479 1259
502 -9.461365341335334 1734.6206003864224 1333
503 -6.804297774366845 1169.879582450092 1303
504 -7.859098228663446 1461.3336088486396 1242
505 -8.840193704600484 1480.587859849489 1239
506 -9.676446617766912 1799.9988176913369 1227
507 -8.05794701986755 1386.8890262488617 1208
508 -10.10468085106383 1511.0077653236772 1175
509 -7.48758865248227 1213.295945249229 1128
510 -8.71400966183575 1500.0244897197083 1035
511 -7.913649025069638 1354.5932863132107 1077
512 -9.422764227642276 1610.7607464692333 1107
513 -7.083487940630798 1338.0839388546813 1078
514 -6.646672914714152 1193.148824450657 1067
515 -7.2625 1406.083978365382 1040
516 -8.187438665358194 1717.5026488860929 1019
517 -7.862068965517241 1569.84304399523 986
518 -9.169139465875372 1881.1474551447448 1011
519 -8.864864864864865 1788.1189526324772 962
520 -9.045104510451045 1394.5337191585008 909
521 -9.177161152614728 1564.3741635524707 937
522 -7.815964523281597 1289.9794347127174 902
523 -7.6 1449.4711111111144 900
524 -7.837807606263982 1834.7980784148785 894
525 -7.818518518518519 1439.3682990397836 810
526 -5.070238095238095 1157.8653047052064 840
527 -7.504683840749414 1523.8120389515661 854
528 -7.810244470314319 1371.9651569833188 859
529 -7.039408866995074 1451.0895799461268 812
530 -7.915275994865212 1652.6706138840345 779
531 -8.078272604588394 1322.8656682711633 741
532 -6.919667590027701 1510.990776620806 722
533 -9.928763440860216 1685.68444148167 744
534 -7.438216560509554 1510.7200681569147 785
535 -8.92686170212766 1547.5544912149207 752
536 -8.94843962008141 1558.9797024498766 737
537 -6.9358600583090375 1344.0600260095737 686
538 -6.941860465116279 1235.1303407247267 688
539 -10.048364153627311 1769.687561335377 703
540 -9.299019607843137 1415.6475153787098 612
541 -11.436507936507937 2017.7507306626396 630
542 -7.282608695652174 1756.3114366729687 644
543 -8.448979591836734 1402.6045397750993 588
544 -10.626072041166381 1949.2975706775148 583
545 -10.049423393739703 1903.3616429953668 607
546 -6.28476821192053 1075.7500328932904 604
547 -8.488656195462479 1864.7350371121574 573
548 -8.204585537918872 1682.155675621872 567
549 -8.507067137809187 1426.6280419283535 566
550 -8.548387096774194 1590.824719620766 558
551 -9.904436860068259 2007.5062260480595 586
552 -8.484629294755877 1700.3871959294922 553
553 -9.248134328358208 1627.656712937183 536
554 -8.50374531835206 1762.3848174332672 534
555 -12.177734375 2322.5836448669434 512
556 -7.290697674418604 1021.6480530016219 516
557 -9.039920159680639 1934.9045940055944 501
558 -9.72848948374761 2068.1174866284737 523
559 -10.649606299212598 2170.373287246582 508
560 -7.767578125 1458.6354331970215 512
561 -9.182012847965739 1631.2538092246748 467
562 -7.288537549407114 1417.6835445015515 506
563 -6.754455445544554 1161.0010940103948 505
564 -8.461232604373757 1248.4393519598157 503
565 -9.962800875273523 2004.5522267284061 457
566 -5.294642857142857 1000.6765784438811 448
567 -5.939110070257612 944.5302502618903 427
568 -8.837837837837839 1384.433162892623 444
569 -7.335511982570806 1357.8438587247997 459
570 -5.904651162790698 830.6583504597081 430
571 -4.89367088607595 1049.978567537245 395
572 -8.284595300261097 1632.7414598231646 383
573 -9.221635883905012 1407.7503498304832 379
574 -12.502645502645503 2302.6732734245993 378
575 -9.65974025974026 2222.858249283181 385
576 -14.03370786516854 2694.835942431515 356
577 -7.8559322033898304 1813.3831992722498 354
578 -6.135211267605634 1203.0352390398689 355
579 -6.908227848101266 1188.007400656947 316
580 -5.738853503184713 1563.9318025072002 314
581 -9.381107491856678 1616.8221837897484 307
582 -9.793002915451895 1741.481933548098 343
583 -8.245341614906833 1386.1851491068985 322
584 -11.428571428571429 1877.3318544809235 322
585 -6.518939393939394 1696.9163079660218 264
586 -4.833333333333333 1289.1078811369496 258
587 -9.010791366906474 2456.4998835464053 278
588 -17.48854961832061 2964.188800186473 262
589 -8.584615384615384 1876.135147928995 260
590 -12.393382352941176 2247.143044442045 272
591 -4.082644628099174 716.9931698654458 242
592 -8.57421875 2016.4554290771484 256
593 -8.21951219512195 1387.9971105634452 287
594 -5.881533101045296 1572.717672910924 287
595 -7.051194539249146 1464.7721231464548 293
596 -7.072992700729927 1371.782993233519 274
597 -10.914814814814815 2205.559410150891 270
598 -11.261029411764707 2111.354657763838 272
599 -6.511450381679389 1476.2346017131877 262
600 -7.393305439330544 1630.054515852317 239
601 -11.624454148471616 1995.17774260597 229
602 -9.330232558139535 1634.8444348296384 215
603 -10.684444444444445 1741.3359802469154 225
604 -7.39622641509434 1260.909042363834 212
605 -10.464285714285714 2532.4323979591813 196
606 -8.512437810945274 1521.5035766441429 201
607 -7.815384615384615 1138.4787376725835 195
608 -9.263392857142858 1816.9350884885223 224
609 -16.852678571428573 3563.2327606823883 224
610 -17.03211009174312 3387.33383132733 218
611 -16.432291666666668 3035.234998914934 192
612 -11.931034482758621 2617.157805333782 203
613 -10.850678733031675 2382.3261194488286 221
614 -7.0048076923076925 1543.9374768860964 208
615 -4.94811320754717 712.2284398362405 212
616 -3.7724550898203595 1283.289540679119 167
617 -8.538922155688622 2023.1347126107078 167
618 -8.654450261780104 1805.8805953784165 191
619 -12.324468085106384 2114.059614078764 188
620 -8.59375 1433.4912109375 160
621 -12.05421686746988 2021.6175424589887 166
622 -12.802631578947368 2111.5794667590017 152
623 -13.16551724137931 2684.482948870393 145
624 -16.5 3157.15 160
625 -4.345679012345679 607.9175430574613 162
626 -7.445161290322581 2072.8792507804383 155
627 -11.775862068965518 2372.254359889016 174
628 -7.870270270270271 1754.166953981008 185
629 -10.46583850931677 2002.0128081478333 161
630 -10.730337078651685 2242.050877414465 178
631 -8.115646258503402 1777.9798232218088 147
632 -10.753623188405797 1687.2291535391723 138
633 -12.726027397260275 2490.3769938074674 146
634 -1.5670731707317074 579.6479402141596 164
635 -11.758389261744966 2185.8610873384096 149
636 -9.827338129496402 1839.9989648568906 139
637 -6.206611570247934 970.3787992623456 121
638 -6.0508474576271185 959.7262280953723 118
639 -5.975609756097561 914.397779099743 123
640 -16.2 2836.07304347826 115
641 -8.158415841584159 1921.2026271934094 101
642 -13.582608695652175 2701.3910018903593 115
643 -10.377551020408163 2666.86765930862 98
644 -12.868421052631579 2481.517774699908 114
645 -10.46938775510204 1165.1878384006664 98
646 -8.97196261682243 1249.0365970827143 107
647 -12.534653465346535 2083.5161258700114 101
648 -9.747747747747749 1605.035467900334 111
649 -4.923809523809524 1315.4989569160973 105
650 -10.12962962962963 1260.853566529493 108
651 -10.66 1864.1443999999988 100
652 -8.086021505376344 2538.121632558672 93
653 -7.619047619047619 826.2596371882081 84
654 -13.278846153846153 2656.739552514791 104
655 -7.067961165048544 1436.8982939014027 103
656 -2.474747474747475 1170.1483522089568 99
657 -8.682926829268293 899.8994646044031 82
658 -5.822916666666667 1694.4165581597265 96
659 -3.8076923076923075 765.3348126232736 78
660 -17.384615384615383 2212.2366863905327 78
661 -12.23611111111111 2662.624807098766 72
662 -15.524590163934427 3197.724805159905 61
663 -6.611940298507463 656.8643350412121 67
664 1.0136986301369864 439.71214111465594 73
665 -11.605633802816902 1391.53461614759 71
666 -19.472972972972972 3554.4654857560267 74
667 -0.7547169811320755 20.78889284442862 53
668 -1.8909090909090909 128.31537190082645 55
669 -16.366197183098592 3684.429279904781 71
670 -8.7125 1726.8048437500001 80
671 -5.345679012345679 1657.6089010821524 81
672 -16.52054794520548 2517.6742353161953 73
673 -6.013333333333334 1258.5464888888891 75
674 -6.7631578947368425 2004.3912742382258 76
675 -6.703703703703703 2228.3813443072686 81
676 1.819672131147541 2302.0494490728297 61
677 -24.308823529411764 4735.8016868512095 68
678 -7.969230769230769 1729.0452071005916 65
679 -6.2615384615384615 798.4700591715974 65
680 -7.257575757575758 1895.7669880624392 66
681 -2.806451612903226 1934.0915712799165 62
682 -9.267857142857142 2336.946109693876 56
683 -22.0 4853.466666666666 45
684 -15.196428571428571 2601.4078443877547 56
685 -0.4406779661016949 369.70410801493836 59
686 -7.678571428571429 1072.4323979591834 56
687 -0.23255813953488372 343.01568415359657 43
688 -22.367346938775512 3440.23240316535 49
689 -7.113207547169812 2053.496618013527 53
690 -8.181818181818182 1576.9366391184572 66
691 -17.11111111111111 3013.4955908289257 63
692 -9.475409836065573 2430.6100510615424 61
693 -1.72 188.92160000000007 50
694 -17.75 4727.841346153846 52
695 -11.363636363636363 1899.413223140495 44
696 -13.04 2809.9183999999996 50
697 -12.383333333333333 2258.0697222222198 60
698 -21.96153846153846 4689.806213017751 52
699 -3.8541666666666665 669.9578993055553 48
700 -6.444444444444445 590.9135802469135 45
701 -16.482142857142858 5211.0711096938785 56
702 -15.574074074074074 3382.1704389574766 54
703 -10.19047619047619 1089.487528344671 63
704 -2.0491803278688523 139.8500403117441 61
705 -12.294117647058824 2835.6585928489058 51
706 -8.215686274509803 1655.5024990388301 51
707 -19.891304347826086 4062.7925330812864 46
708 -8.434782608695652 2626.0283553875233 46
709 -5.523809523809524 2553.0589569160993 42
710 -4.2 248.64888888888888 45
711 -1.0 195.24444444444444 45
712 -9.127659574468085 1453.9837030330457 47
713 -15.105263157894736 3417.5152354570637 38
714 0.6451612903225806 324.03537981269506 31
715 -11.977777777777778 1357.1328395061728 45
716 -4.758620689655173 586.6658739595716 29
717 -8.257142857142858 1800.5910204081633 35
718 -0.972972972972973 397.4857560262966 37
719 -7.894736842105263 600.8310249307478 38
720 -10.857142857142858 1458.503401360544 42
721 -4.37037037037037 360.8998628257888 27
722 -27.242424242424242 6695.0321395775945 33
723 -8.486486486486486 1987.6552227903574 37
724 -11.076923076923077 2056.0710059171606 39
725 -12.461538461538462 4060.9408284023666 26
726 1.0416666666666667 1273.206597222222 24
727 -4.2 194.82666666666663 30
728 -7.615384615384615 659.3136094674552 39
729 -7.382352941176471 1490.5891003460204 34
730 3.772727272727273 324.357438016529 22
731 -21.34375 6210.4130859375 32
732 -20.058823529411764 3331.1141868512113 34
733 -12.628571428571428 2844.5763265306127 35
734 -1.9 75.49000000000001 30
735 -19.857142857142858 3232.693877551021 28
736 -14.928571428571429 3481.13775510204 28
737 -10.944444444444445 1816.0524691358014 18
738 -14.08695652173913 4560.253308128544 23
739 -4.65 529.1275000000002 20
740 2.9411764705882355 161.93771626297578 17
741 -34.57142857142857 9106.721088435375 21
742 -32.21052631578947 9957.429362880885 19
743 -15.782608695652174 4291.039697542534 23
744 -16.958333333333332 4177.4565972222235 24
745 -5.291666666666667 1367.0399305555559 24
746 -17.22222222222222 4343.617283950617 18
747 -16.857142857142858 3042.2176870748294 21
748 -8.555555555555555 837.7283950617285 27
749 3.263157894736842 68.61495844875346 19
750 -1.3870967741935485 45.785639958376656 31
751 -12.869565217391305 1093.0699432892252 23
752 -7.0 700.7368421052631 19
753 -6.260869565217392 908.0189035916821 23
754 -7.875 891.2760416666666 24
755 -4.8076923076923075 589.2322485207101 26
756 -11.423076923076923 2467.3979289940826 26
757 -22.555555555555557 5080.691358024691 18
758 -9.88888888888889 1767.3209876543215 18
759 -13.421052631578947 2854.1385041551243 19
760 -1.5555555555555556 9.358024691358024 18
761 -5.764705882352941 470.2975778546712 17
762 -5.090909090909091 379.6280991735537 22
763 -20.19047619047619 5285.582766439909 21
764 -0.6111111111111112 27.57098765432098 18
765 -9.85 1338.1274999999994 20
766 -20.5 5219.416666666667 12
767 -2.2 11.56 10
768 -2.8 279.56000000000006 10
769 -23.22222222222222 1349.0617283950617 9
770 -18.785714285714285 1998.8826530612246 14
771 -11.523809523809524 3059.0113378684805 21
772 -13.620689655172415 2436.2354340071333 29
773 -6.571428571428571 290.81632653061223 14
774 -15.272727272727273 905.1074380165289 11
775 -66.33333333333333 16849.55555555556 9
776 -29.8 3981.559999999999 10
777 -4.153846153846154 995.2071005917163 13
778 -18.0625 2185.18359375 16
779 -5.777777777777778 949.9506172839509 9
780 -23.23076923076923 5088.639053254438 13
781 -36.888888888888886 4201.20987654321 9
782 -2.6923076923076925 138.36686390532543 13
783 2.4285714285714284 144.53061224489798 14
784 -27.384615384615383 5599.775147928993 13
785 -8.23076923076923 674.4852071005914 13
786 3.466666666666667 995.9822222222223 15
787 0.08333333333333333 1075.4097222222224 12
788 0.625 204.984375 16
789 -0.05555555555555555 178.38580246913585 18
790 1.0 17.294117647058822 17
791 -17.176470588235293 2524.6159169550174 17
792 -9.625 642.484375 8
793 -3.5384615384615383 56.402366863905314 13
794 -31.272727272727273 9438.380165289256 11
795 -47.333333333333336 15314.000000000004 9
796 -24.875 4332.609375 8
797 -0.3333333333333333 0.888888888888889 6
798 -10.333333333333334 513.8888888888888 6
799 -4.0 24.5 4
800 -2.5 21.583333333333332 6
801 1.125 92.359375 8
802 -13.333333333333334 1396.8888888888896 9
803 0.2 2.16 5
804 -24.25 1815.1875 4
805 -46.857142857142854 7929.836734693877 7
806 14.714285714285714 1333.918367346939 7
807 0.2 0.9600000000000002 5
808 -6.0 86.0 3
809 -45.0 0.0 1
810 -2.0 9.0 2
811 3.6666666666666665 36.55555555555556 6
812 0.0 1.6 5
813 4.4 30.640000000000004 5
814 -4.8 124.16 5
815 0.5 14.75 4
816 -182.5 2652.25 2
817 -1.0 0.0 1
818 -2.0 108.66666666666667 3
819 2.75 99.1875 8
820 -27.2 4108.160000000002 10
821 8.666666666666666 186.8888888888889 3
822 1.0 0.0 1
823 -1.0 19.666666666666668 6
824 -3.3333333333333335 53.88888888888889 6
825 0.125 1.359375 8
826 -29.77777777777778 3625.9506172839515 9
827 -27.166666666666668 3091.472222222222 6
828 -130.0 20704.666666666668 3
829 2.1666666666666665 6.13888888888889 6
830 -2.0 2.0 3
832 -12.0 0.0 1
833 -95.66666666666667 18304.888888888887 3
834 -63.833333333333336 20502.13888888889 6
835 -10.4 392.64000000000004 5
836 3.4 29.04 5
837 3.5 30.75 4
838 -2.75 36.1875 4
839 -1.0 0.0 1
840 -144.0 21025.0 2
841 -1.0 0.0 1
843 2.0 1.0 2
844 -1.6666666666666667 14.222222222222223 3
845 -3.0 28.5 4
846 0.0 2.5 4
847 -13.666666666666666 113.55555555555554 3
848 -1.3333333333333333 2.888888888888889 3
849 -107.5 11342.25 2
850 0.3333333333333333 6.222222222222222 3
851 0.5 2.25 2
852 -407.0 0.0 1
853 0.5 0.75 4
854 6.5 199.25 6
855 4.0 49.6 5
856 0.2 4.5600000000000005 5
857 0.3333333333333333 0.888888888888889 3
858 -1.0 0.0 2
859 -369.0 0.0 1
860 -1.0 0.0 1
863 -174.0 17504.666666666668 3
864 -119.66666666666667 28640.888888888887 3
865 -2.6666666666666665 21.555555555555557 3
866 11.666666666666666 233.55555555555557 3
867 -0.8 3.3600000000000008 5
868 -0.6 0.6400000000000001 5
869 5.75 165.6875 4
870 0.0 1.0 2
871 4.0 0.0 1
873 -3.5 0.25 2
874 -3.5 6.25 2
875 1.5 10.75 4
876 -1.0 0.0 2
877 1.0 0.0 1
878 0.3333333333333333 2.8888888888888893 3
879 -29.666666666666668 1590.8888888888887 3
880 8.75 213.1875 4
881 2.0 9.0 4
882 -1.0 2.6666666666666665 3
883 -3.0 62.0 3
884 -7.0 0.0 1
887 -1.5 6.25 2
888 -154.0 24025.0 2
889 -2.0 18.0 3
890 -0.2 2.56 5
891 -3.25 21.1875 4
892 -0.6666666666666666 1.5555555555555554 3
893 1.0 0.0 1
894 -5.0 36.0 2
895 1.0 0.0 1
896 2.6666666666666665 5.555555555555556 3
897 0.875 15.609375 8
898 -0.42857142857142855 0.816326530612245 7
899 1.8 7.360000000000001 5
900 7.5 154.75 4
901 3.0 8.0 3
902 -1.5 3.25 4
903 4.0 0.0 1
905 -1.0 4.0 2
906 1.0 387.6 5
907 0.0 1.6 5
908 -145.33333333333334 42244.22222222222 3
909 1.25 2.1875 4
910 0.0 1.0 2
911 -78.75 9605.1875 4
912 -0.3333333333333333 0.888888888888889 3
913 1.0 0.0 1
914 4.666666666666667 24.888888888888886 3
915 1.0 4.0 2
916 -1.0 0.0 1
917 14.0 813.6 5
918 -1.0 0.0 3
919 14.0 0.0 1
920 -1.0 0.0 1
924 -7.0 0.0 1
929 -12.0 0.0 1
932 18.0 225.0 2
933 -1.0 0.0 2
934 -1.0 0.0 1
935 -459.0 0.0 1
938 64.0 0.0 1
939 -15.666666666666666 558.2222222222223 3
940 -1.0 0.0 2
941 -1.0 0.0 1
942 3.0 0.0 1
943 1.0 0.0 1
944 -2.0 1.0 2
945 -1.0 0.0 1
951 1.0 0.0 1
952 3.0 0.0 1
955 2.0 0.0 1
956 1.0 0.0 2
957 -0.3333333333333333 0.888888888888889 3
958 1.5 0.25 2
959 1.0 0.0 1
960 5.0 49.0 2
963 1.0 0.0 1
964 1.0 0.0 2
965 1.2 1.7600000000000002 5
966 0.0 1.0 2
967 -6.333333333333333 50.88888888888889 3
968 0.0 1.0 2
969 -75.0 0.0 1
971 4.0 0.0 1
972 -1.0 0.0 1
975 -263.0 0.0 1
988 -49.0 0.0 1
995 1.0 0.0 1
996 1.0 4.0 2
997 -32.0 0.0 1
998 1.0 0.0 1
999 0.0 1.0 2
1000 -1.0 4.0 2
1001 0.0 1.0 2
1002 0.3333333333333333 0.888888888888889 3
1003 4.5 30.25 2
1010 -37.5 1482.25 2
1011 -1.0 0.0 2
1012 -1.0 0.0 1
1013 -1.0 0.0 1
