0 0.4806
1 0.4853
2 0.4886
3 0.4921
4 0.4906
5 0.4893
6 0.4866
7 0.4995
8 0.4847
9 0.4872
10 0.4849
11 0.491
12 0.4956
13 0.4867
14 0.4855
15 0.487
16 0.486
17 0.4932
18 0.4966
19 0.4898
20 0.4863
21 0.4856
22 0.4878
23 0.4921
24 0.484
25 0.5065
26 0.4966
27 0.4939
28 0.4881
29 0.4943
30 0.4854
31 0.4936
32 0.4977
33 0.4884
34 0.4881
35 0.4886
36 0.486
37 0.4891
38 0.488
39 0.4834
40 0.485
41 0.4892
42 0.4941
43 0.4948
44 0.4933
45 0.4877
46 0.4998
47 0.4967
48 0.4858
49 0.4877
50 0.4874
51 0.4916
52 0.4887
53 0.4905
54 0.4826
55 0.4921
56 0.4906
57 0.4902
58 0.4934
59 0.4888
60 0.482
61 0.4949
62 0.4917
63 0.4912
64 0.4945
65 0.4943
66 0.4821
67 0.4929
68 0.4843
69 0.4825
70 0.4882
71 0.4923
72 0.4877
73 0.4859
74 0.494
75 0.4893
76 0.4942
77 0.487
78 0.4911
79 0.502
80 0.4886
81 0.4982
82 0.4905
83 0.492
84 0.4904
85 0.4923
86 0.4981
87 0.48
88 0.4932
89 0.4936
90 0.4843
91 0.4864
92 0.4876
93 0.4942
94 0.4785
95 0.4822
96 0.4848
97 0.4944
98 0.4906
99 0.4937
100 0.4889
101 0.486
102 0.4931
103 0.4996
104 0.4895
105 0.494
106 0.4906
107 0.4918
108 0.4864
109 0.4937
110 0.484
