2 0.7424496309133206
3 0.6975730931264793
4 0.6679202308679755
5 0.6457532305073639
6 0.6292296508949511
7 0.615430247892315
8 0.6039740546318827
9 0.5945280127573291
10 0.5859569347527842
11 0.5789214548625194
12 0.5728017437798802
13 0.5667400000138011
14 0.5621565762740665
15 0.5574557250336343
16 0.553283674125198
17 0.5497373664345279
18 0.5461584188561273
19 0.5429147383700808
20 0.5403149894936233
21 0.5373957181084467
22 0.5350555093569074
23 0.5323992057625334
24 0.5300528799765678
25 0.5282417936632601
26 0.5264202189695917
27 0.5241134538817991
28 0.5226926666969977
29 0.5209498565290903
30 0.51933825888915
31 0.5177953384768786
32 0.5163974813746854
33 0.5153233565553156
34 0.5137426772659459
35 0.5122651195586289
36 0.5113433447228225
37 0.5102747611440236
38 0.5095843047128285
39 0.50779198205047
40 0.5071519139937744
41 0.5062555023064409
42 0.5056604971893965
43 0.5047835491516629
44 0.5039933688199206
45 0.503178926412089
46 0.5021061519490104
47 0.501099430897063
48 0.5007104218843998
49 0.49939459509449413
50 0.49955395696032756
51 0.49864657222144954
52 0.4983312908676408
53 0.49703829103620756
54 0.4970752062598843
55 0.4962046525705885
56 0.4956278690843091
57 0.4951613569687203
58 0.4949701523627797
59 0.49379294249220546
60 0.4933191016289895
61 0.49288027421469655
62 0.4922647449200362
63 0.49222134074623913
64 0.49171396947792695
65 0.4910478785037636
66 0.4902183853698795
67 0.4898716826915782
68 0.48979041597484446
69 0.48960062979006364
70 0.4890222895177853
71 0.48861274395945375
72 0.4884328282726114
73 0.48791501992590697
74 0.48731234607334684
75 0.48692182151956287
76 0.48702427532946024
77 0.48624438185680535
78 0.4860418532028727
79 0.4856968860941115
80 0.48521611868013026
81 0.4849440790340075
82 0.484482709165
83 0.4843967606196491
84 0.48394251944800926
85 0.4838138352586925
86 0.4837132055480008
87 0.48331071459610514
88 0.48277447713943267
89 0.4831423290714758
90 0.4825122951627297
91 0.48293261861719045
92 0.4821786409126309
93 0.4816477011408988
94 0.481907879828015
95 0.4812748189361084
96 0.4814286116331502
97 0.4809800713316892
98 0.4807116036600926
99 0.4804639522825852
100 0.4801038258100702
101 0.4802315215675904
102 0.47993151789849453
103 0.4799678278791535
104 0.48018895364495245
105 0.47979556505116794
106 0.4786411163729942
107 0.47868283247629384
108 0.4791050812807006
109 0.47881180155567205
110 0.4785492512052824
111 0.47866381874986136
112 0.478142971069753
113 0.47769849700790823
114 0.47756671419841107
115 0.4773505379125973
116 0.4778073857706406
117 0.47709177938947944
118 0.47748330297165625
119 0.4768001718078154
120 0.4757279271062047
121 0.476808193944375
122 0.4774501222200833
123 0.47590201850553454
124 0.47622879123656836
125 0.47599049924749665
126 0.475829948733328
127 0.4764425385257924
128 0.47507466422850536
129 0.47507158795851034
130 0.4759067203531921
131 0.47540651664032485
132 0.4769970640013467
133 0.4755028947963211
134 0.47575787935220765
135 0.4745307105194905
136 0.47454127707002003
137 0.4740938141534648
138 0.47391996924439206
139 0.4736864020653063
140 0.4749393898441965
141 0.4743207367292083
142 0.4748555995158954
143 0.4740217530390275
144 0.4735861149122655
145 0.47340921813771225
146 0.4728627643787783
147 0.47362605959005216
148 0.4731552499338799
149 0.4727839836153362
150 0.47256341151059883
151 0.47247299685876876
152 0.47314793865646243
153 0.47324191862985837
154 0.47288312511169234
155 0.4719482298949245
156 0.4720397701313236
157 0.47246893923407957
158 0.4719320583445934
159 0.47194367399189247
160 0.4724388192431858
161 0.47157493037347914
162 0.4728429278721988
163 0.47237671139966414
164 0.47158959983846255
165 0.4709624287856796
166 0.46998229282234777
167 0.47225334508532646
168 0.472010332162893
169 0.47063664190238874
170 0.4726097329735474
171 0.4707319073942255
172 0.47079078444074696
173 0.471567913337313
174 0.4704657783346408
175 0.47150490010776286
176 0.46967236084343206
177 0.47114507731260397
178 0.4694008624644463
179 0.4708918591107593
180 0.4692964333483308
181 0.46958018920699646
182 0.47129777145268037
183 0.4700987640097036
184 0.4699480872808968
185 0.4701162567827472
186 0.4687918205663508
187 0.4708357225500209
188 0.4680353806592164
189 0.46804049496957983
190 0.46914235253064046
191 0.4687973989970463
192 0.4709905131981504
193 0.4682638340950708
194 0.46911985820169144
195 0.4688888205727285
196 0.46946771511249763
197 0.4694526154743973
198 0.4689992508703124
199 0.4688136393998143
200 0.4674833378319457
201 0.46747869585239826
202 0.46846398214132395
203 0.4679549422844976
204 0.468838420290561
205 0.46764520769645745
206 0.4674908592321755
207 0.4691088077116326
208 0.46795957156804024
209 0.4670519399549182
210 0.46985119480393583
211 0.4667437739935033
212 0.4680776718414616
213 0.4696792119222026
214 0.4677856900644286
215 0.4689351801359654
216 0.4680976960180895
217 0.4693936539202672
218 0.46827226500547736
219 0.46858966924576545
220 0.4678618424752286
221 0.4665823030137205
222 0.4676536964303326
223 0.4689254552631424
224 0.4685755189692198
225 0.4689434069145891
226 0.4658777071787522
227 0.4683206966443961
228 0.46746414519609086
229 0.46845573783127575
230 0.46613782134849036
231 0.4645030965101135
232 0.4663425554439222
233 0.46419114477492457
234 0.46481624368305074
235 0.46500989819004523
236 0.46713672329365136
237 0.46532203315594683
238 0.46567483613988675
239 0.4686510830582769
240 0.46597410076303486
241 0.46980839423099185
242 0.4669936020773695
243 0.467709606062784
244 0.4672333823553178
245 0.4676998757845726
246 0.46911565079074263
247 0.4675868014469725
248 0.4649468970368718
249 0.4681324798218759
250 0.46598127053765714
251 0.46367439069175853
252 0.4657545484376709
253 0.4657587802176321
254 0.46638833652187844
255 0.4669488765874308
256 0.46620039827092136
257 0.4659733212751526
258 0.46494079751856604
259 0.4655583151705611
260 0.4639821166723065
261 0.4658132577218568
262 0.4635175879396985
263 0.46586981101599095
264 0.46497287167977686
265 0.46719104857918353
266 0.4657921608671746
267 0.462684185935203
268 0.46438456104593934
269 0.4657673168085658
270 0.4676062038017926
271 0.46887876554249186
272 0.4636282989576403
273 0.46780805701967526
274 0.46788770492839354
275 0.46359154384244083
276 0.4629830925782836
277 0.4642747541596061
278 0.46443389830508475
279 0.46814260044168277
280 0.4631834582292534
281 0.4661821375949224
282 0.4687269320311169
283 0.46356658620141367
284 0.46247777467562046
285 0.4646396999732119
286 0.463948608396588
287 0.4661546732201828
288 0.46391640191864447
289 0.4631427487192461
290 0.4643703739538484
291 0.4629948930160763
292 0.46423731614609154
293 0.46293769895407005
294 0.46332404828226553
295 0.46290356321037585
296 0.4662725026473703
297 0.4619204115167536
298 0.46418473998139465
299 0.46514493819894054
300 0.46208287426938804
301 0.4639068663117987
302 0.46583318727970247
303 0.46826646718374737
304 0.46835794272123676
305 0.4655546188124774
306 0.4645728592073928
307 0.46429160481609766
308 0.4623576860059656
309 0.46168635577107947
310 0.46368727069879206
311 0.4633435582822086
312 0.46167056986729116
313 0.4627125542691751
314 0.4641221723601062
315 0.4646686893484957
316 0.4642664224148054
317 0.46370040253018974
318 0.4664512862550329
319 0.4621531415206958
320 0.4640120618913441
321 0.46015216237393525
322 0.4616888294452018
323 0.4567235388684333
324 0.462424371085872
325 0.4623288599701776
326 0.46231142020096927
327 0.46876564499082163
328 0.46322808393802706
329 0.4634146341463415
330 0.4600069352135468
331 0.4670022371364653
332 0.4610085587331882
333 0.46030190759055695
334 0.46315201539082135
335 0.4640159790275264
336 0.4687262598126108
337 0.4627310291809475
338 0.4599528085468965
339 0.46254309201803234
340 0.4633635964764251
341 0.4661888759344352
342 0.45767699498009345
343 0.45740516689203614
344 0.46734081326377475
345 0.46350101185313675
346 0.4610606784519828
347 0.4618403348781582
348 0.4577470174365249
349 0.46294715604873127
350 0.463980463980464
351 0.46481217308606754
352 0.4616281407035176
353 0.4640407442395367
354 0.46554218859812313
355 0.46387131906337703
356 0.4650736860039186
357 0.4647899599093603
358 0.4654892852447522
359 0.46221690378052566
360 0.4613516794819911
361 0.46063247704720395
362 0.4688317757009346
363 0.46595774714158
364 0.46076952093549606
365 0.4609622587150677
366 0.46074950690335303
367 0.45924780526735837
368 0.4591794871794872
369 0.4651465458899474
370 0.4593904579543641
371 0.47034570250555024
372 0.4587798179957999
373 0.46259625962596257
374 0.4607722439843313
375 0.4612888789438353
376 0.4562507148576004
377 0.46558539704685503
378 0.46599002849002846
379 0.4647027124124304
380 0.46069134291832364
381 0.4577473710883061
382 0.4676984330850244
383 0.46463165944430285
384 0.4585378290522022
385 0.4607501806477041
386 0.4621277729664912
387 0.4577984157334062
388 0.4657170786203044
389 0.4689273356401384
390 0.45304061162937503
391 0.46210355301264394
392 0.45939438161255014
393 0.4658100723674494
394 0.45882797731568997
395 0.4560810810810811
396 0.46239402660029555
397 0.4494195688225539
398 0.47101566284514773
399 0.4670967741935484
400 0.4592341970622215
401 0.46196801759878164
402 0.4613495893658454
403 0.4695838695838696
404 0.46409516312428933
405 0.46394984326018807
406 0.46492805755395683
407 0.4548677392964276
408 0.45887815046427893
409 0.47094131097560976
410 0.45955282602437386
411 0.4601226993865031
412 0.4681336108633165
413 0.4634488283597036
414 0.4650971522566053
415 0.4617491883116883
416 0.46206127003448977
417 0.46383760073446906
418 0.459575358226127
419 0.45806100217864926
420 0.45897688684412313
421 0.46352941176470586
422 0.46048423937871175
423 0.46497851086072717
424 0.46875728608067146
425 0.45320903549659375
426 0.45819277108433737
427 0.45999012101753517
428 0.46557745073584433
429 0.4539440203562341
430 0.45649644473173884
431 0.46528497409326425
432 0.4608360128617363
433 0.4580886278697277
434 0.45923460898502494
435 0.45839807882469275
436 0.46426521239954077
437 0.4635476463834673
438 0.4714966084572088
439 0.46031061259706646
440 0.46453223674548394
441 0.4601782843781967
442 0.4528132033008252
443 0.46220532319391633
444 0.4581234256926952
445 0.4607188295165394
446 0.4571981299371272
447 0.46356742499175735
448 0.4618440655520609
449 0.4653679653679654
450 0.4522108843537415
451 0.4772844162523573
452 0.4695069575674283
453 0.46024139155129573
454 0.46385760988013075
455 0.4580462815756933
456 0.4478205823837945
457 0.44272098673145205
458 0.4629273914713792
459 0.452999804572992
460 0.4561154002438033
461 0.45695364238410596
462 0.4550934297769741
463 0.46579270790659566
464 0.46344939930767665
465 0.46968096344813015
466 0.46491789294092556
467 0.45025258071601143
468 0.46905829596412557
469 0.4630367419212041
470 0.44767309875141886
471 0.45943439962911453
472 0.4612748457847841
473 0.46068214116532447
474 0.4518978276438291
475 0.4659361600762268
476 0.4484598593257337
477 0.4631526355233575
478 0.46535154274152757
479 0.4626518480227449
480 0.46776333244892543
481 0.46174568965517243
482 0.46440129449838186
483 0.4609331084879146
484 0.4710884353741497
485 0.46573426573426574
486 0.47779011660188786
487 0.45121951219512196
488 0.45258749626084355
489 0.4762917933130699
490 0.45798961197677973
491 0.46149162861491627
492 0.45859085290482077
493 0.4686112872542803
494 0.4448657187993681
495 0.45602077247646866
496 0.45808580858085807
497 0.4486914600550964
498 0.4622093023255814
