0 0.0361
1 0.0361
2 0.0361
3 0.0361
4 0.0361
5 0.0361
6 0.0361
7 0.0361
8 0.0361
9 0.0361
10 0.0361
11 0.0361
12 0.0361
13 0.0361
14 0.0361
15 0.0361
16 0.0361
17 0.0361
18 0.0361
19 0.0361
20 0.0361
21 0.0361
22 0.0361
23 0.0361
24 0.0361
25 0.0361
26 0.0361
27 0.0361
28 0.0361
29 0.0361
30 0.0361
31 0.0361
32 0.0361
33 0.0361
34 0.0361
35 0.0361
36 0.0361
37 0.0361
38 0.0361
39 0.0361
40 0.0361
41 0.0361
42 0.0361
43 0.0361
44 0.0361
45 0.0361
46 0.0361
47 0.0361
48 0.0361
49 0.0361
50 0.0361
51 0.0361
52 0.0361
53 0.0361
54 0.0361
55 0.0361
56 0.0361
57 0.0361
58 0.0361
59 0.0361
60 0.0361
61 0.0361
62 0.0361
63 0.0361
64 0.0361
65 0.0361
66 0.0361
67 0.0361
68 0.0361
69 0.0361
70 0.0361
71 0.0361
72 0.0361
73 0.0361
74 0.0361
75 0.0361
76 0.0361
77 0.0361
78 0.0361
79 0.0361
80 0.0361
81 0.0361
82 0.0361
83 0.0361
84 0.0361
85 0.0361
86 0.0361
87 0.0361
88 0.0361
89 0.0361
90 0.0361
91 0.0361
