0 1.0 1.0 62587014
1 -0.47156191455117485 1.0906512200954637 83407162
2 -0.5115697790414535 1.1443496304807457 23797948
3 -0.8442901596696901 1.9576147037552196 8105358
4 -1.0043213304368004 2.402822870497494 2641779
5 -1.1829371473910006 3.0635348609692192 854523
6 -1.3277515774527489 3.6440027818225285 276078
7 -1.4942607025614685 4.493300431005605 89558
8 -1.615553723550426 5.211665292662819 29112
9 -1.7717163239613931 6.272975241292489 9532
10 -1.896674200839522 7.199225056506297 3097
11 -2.0037140204271124 8.142989786443826 1077
12 -2.0875331564986737 9.20159151193634 377
13 -2.4 11.424 125
14 -1.6888888888888889 7.466666666666667 45
15 -2.7222222222222223 12.833333333333334 18
16 -1.4 2.2 5
17 -1.0 1.0 1
