0 0.5922
1 0.591
2 0.5914
3 0.5875
4 0.6009
5 0.5874
6 0.599
7 0.5999
8 0.6064
9 0.5951
10 0.6022
11 0.5911
12 0.5866
13 0.6007
14 0.5898
15 0.5881
16 0.6008
17 0.5939
18 0.5918
19 0.5942
20 0.5968
21 0.5835
22 0.5986
23 0.5876
24 0.6037
25 0.5927
26 0.5858
27 0.5982
28 0.6026
29 0.5992
30 0.5904
31 0.592
32 0.5914
33 0.5914
34 0.5995
35 0.5989
36 0.5853
37 0.6053
38 0.5941
39 0.5876
40 0.5872
41 0.5892
42 0.6107
43 0.5998
44 0.6003
45 0.5834
46 0.5929
47 0.6044
48 0.596
49 0.5992
50 0.5974
51 0.6107
52 0.6055
53 0.5907
54 0.5773
55 0.6001
56 0.6031
57 0.5883
58 0.6002
59 0.5958
60 0.6052
61 0.59
62 0.5819
63 0.5938
64 0.5908
65 0.5971
66 0.5863
67 0.5975
68 0.5919
69 0.5957
70 0.6
71 0.595
72 0.5887
73 0.5878
74 0.5986
75 0.5972
76 0.5976
77 0.5943
78 0.5885
79 0.6034
80 0.5797
81 0.5884
82 0.5952
83 0.5957
84 0.5931
85 0.6055
86 0.5944
87 0.5902
88 0.5953
89 0.5905
90 0.5961
91 0.5982
92 0.5767
93 0.5874
94 0.5876
95 0.5909
96 0.5863
97 0.5904
98 0.5874
99 0.6058
100 0.5948
101 0.5941
102 0.5891
103 0.6013
104 0.594
105 0.5839
106 0.5959
107 0.5858
108 0.6054
109 0.5918
110 0.5908
