0 0.5529
1 0.5815
2 0.5628
3 0.563
4 0.5564
5 0.5852
6 0.5703
7 0.5824
8 0.5803
9 0.5573
10 0.5599
11 0.5729
12 0.5661
13 0.5766
14 0.5537
15 0.5701
16 0.5827
17 0.5758
18 0.5707
19 0.5667
20 0.5557
21 0.5766
22 0.5719
23 0.5643
24 0.5506
25 0.5416
26 0.5759
27 0.5653
28 0.5824
29 0.5781
30 0.5726
31 0.5756
32 0.5473
33 0.5483
34 0.5562
35 0.5728
36 0.5652
37 0.5766
38 0.5713
39 0.5711
40 0.5622
41 0.5787
42 0.5852
43 0.5673
44 0.5744
45 0.5842
46 0.5625
47 0.5698
48 0.5741
49 0.579
50 0.5709
51 0.5643
52 0.5633
53 0.5594
54 0.5645
55 0.5786
56 0.5728
57 0.5656
58 0.5722
59 0.5825
60 0.5691
61 0.5836
62 0.5822
63 0.5743
64 0.5576
65 0.581
66 0.5661
67 0.5704
68 0.5713
69 0.5683
70 0.5619
71 0.5517
72 0.5719
73 0.5579
74 0.5482
75 0.5727
76 0.5632
77 0.5665
78 0.5842
79 0.5657
80 0.5733
81 0.5651
82 0.5675
83 0.5513
84 0.5713
85 0.5598
86 0.5809
87 0.5833
88 0.5475
89 0.5547
90 0.5707
91 0.5533
92 0.5674
93 0.5592
94 0.5889
95 0.5665
96 0.5783
97 0.5669
98 0.5707
99 0.562
100 0.5555
101 0.5739
102 0.5622
103 0.5697
104 0.5646
105 0.5831
106 0.5623
107 0.5712
108 0.5653
109 0.5828
110 0.5639
