-1376 1
-1375 0
-1374 0
-1373 0
-1372 0
-1371 0
-1370 0
-1369 0
-1368 0
-1367 0
-1366 0
-1365 0
-1364 0
-1363 0
-1362 0
-1361 0
-1360 0
-1359 0
-1358 0
-1357 0
-1356 0
-1355 0
-1354 0
-1353 0
-1352 0
-1351 0
-1350 0
-1349 0
-1348 0
-1347 0
-1346 0
-1345 0
-1344 0
-1343 0
-1342 1
-1341 0
-1340 0
-1339 0
-1338 0
-1337 0
-1336 0
-1335 1
-1334 0
-1333 0
-1332 0
-1331 0
-1330 0
-1329 0
-1328 0
-1327 0
-1326 0
-1325 0
-1324 0
-1323 0
-1322 0
-1321 0
-1320 0
-1319 0
-1318 1
-1317 0
-1316 0
-1315 0
-1314 0
-1313 0
-1312 0
-1311 0
-1310 0
-1309 0
-1308 0
-1307 0
-1306 0
-1305 0
-1304 1
-1303 0
-1302 0
-1301 0
-1300 0
-1299 0
-1298 2
-1297 0
-1296 0
-1295 0
-1294 0
-1293 0
-1292 0
-1291 0
-1290 0
-1289 0
-1288 0
-1287 0
-1286 0
-1285 0
-1284 0
-1283 0
-1282 0
-1281 0
-1280 0
-1279 0
-1278 1
-1277 0
-1276 1
-1275 0
-1274 0
-1273 0
-1272 0
-1271 0
-1270 0
-1269 0
-1268 0
-1267 0
-1266 0
-1265 0
-1264 0
-1263 0
-1262 0
-1261 0
-1260 0
-1259 0
-1258 1
-1257 0
-1256 1
-1255 0
-1254 0
-1253 0
-1252 1
-1251 0
-1250 0
-1249 0
-1248 0
-1247 0
-1246 0
-1245 0
-1244 0
-1243 0
-1242 0
-1241 0
-1240 0
-1239 0
-1238 0
-1237 1
-1236 0
-1235 0
-1234 1
-1233 0
-1232 0
-1231 0
-1230 0
-1229 0
-1228 0
-1227 0
-1226 0
-1225 0
-1224 0
-1223 0
-1222 0
-1221 0
-1220 0
-1219 1
-1218 0
-1217 0
-1216 1
-1215 0
-1214 0
-1213 0
-1212 0
-1211 0
-1210 0
-1209 0
-1208 0
-1207 0
-1206 1
-1205 0
-1204 0
-1203 0
-1202 0
-1201 1
-1200 0
-1199 1
-1198 1
-1197 0
-1196 1
-1195 0
-1194 1
-1193 0
-1192 1
-1191 0
-1190 0
-1189 0
-1188 1
-1187 0
-1186 1
-1185 1
-1184 0
-1183 0
-1182 1
-1181 0
-1180 2
-1179 0
-1178 1
-1177 0
-1176 0
-1175 2
-1174 0
-1173 1
-1172 1
-1171 0
-1170 0
-1169 0
-1168 0
-1167 1
-1166 0
-1165 0
-1164 1
-1163 1
-1162 0
-1161 2
-1160 2
-1159 0
-1158 0
-1157 0
-1156 1
-1155 0
-1154 0
-1153 0
-1152 2
-1151 0
-1150 0
-1149 1
-1148 0
-1147 0
-1146 0
-1145 1
-1144 0
-1143 0
-1142 0
-1141 1
-1140 1
-1139 0
-1138 1
-1137 1
-1136 0
-1135 0
-1134 3
-1133 0
-1132 1
-1131 0
-1130 1
-1129 2
-1128 0
-1127 1
-1126 1
-1125 0
-1124 0
-1123 0
-1122 1
-1121 0
-1120 0
-1119 2
-1118 0
-1117 0
-1116 1
-1115 0
-1114 0
-1113 0
-1112 2
-1111 0
-1110 1
-1109 0
-1108 1
-1107 0
-1106 1
-1105 2
-1104 0
-1103 0
-1102 1
-1101 1
-1100 0
-1099 0
-1098 1
-1097 0
-1096 0
-1095 0
-1094 2
-1093 0
-1092 0
-1091 0
-1090 2
-1089 1
-1088 1
-1087 1
-1086 1
-1085 2
-1084 0
-1083 0
-1082 0
-1081 0
-1080 0
-1079 0
-1078 1
-1077 1
-1076 0
-1075 1
-1074 1
-1073 3
-1072 0
-1071 1
-1070 0
-1069 0
-1068 0
-1067 1
-1066 0
-1065 0
-1064 0
-1063 2
-1062 0
-1061 0
-1060 3
-1059 2
-1058 2
-1057 0
-1056 0
-1055 0
-1054 1
-1053 1
-1052 1
-1051 2
-1050 1
-1049 1
-1048 2
-1047 2
-1046 0
-1045 0
-1044 1
-1043 0
-1042 2
-1041 1
-1040 1
-1039 0
-1038 2
-1037 1
-1036 3
-1035 2
-1034 0
-1033 0
-1032 1
-1031 1
-1030 3
-1029 0
-1028 3
-1027 1
-1026 1
-1025 3
-1024 1
-1023 2
-1022 2
-1021 0
-1020 0
-1019 4
-1018 0
-1017 1
-1016 3
-1015 4
-1014 0
-1013 1
-1012 3
-1011 1
-1010 4
-1009 0
-1008 0
-1007 1
-1006 2
-1005 1
-1004 3
-1003 5
-1002 3
-1001 2
-1000 4
-999 4
-998 2
-997 3
-996 2
-995 2
-994 2
-993 3
-992 2
-991 1
-990 4
-989 3
-988 4
-987 2
-986 2
-985 6
-984 8
-983 0
-982 6
-981 4
-980 2
-979 2
-978 4
-977 3
-976 2
-975 3
-974 0
-973 4
-972 3
-971 2
-970 3
-969 3
-968 1
-967 4
-966 4
-965 4
-964 5
-963 2
-962 2
-961 5
-960 2
-959 4
-958 3
-957 1
-956 0
-955 2
-954 3
-953 3
-952 1
-951 2
-950 2
-949 3
-948 7
-947 3
-946 5
-945 2
-944 4
-943 3
-942 2
-941 1
-940 2
-939 2
-938 3
-937 2
-936 3
-935 5
-934 2
-933 1
-932 7
-931 2
-930 1
-929 2
-928 2
-927 5
-926 3
-925 5
-924 1
-923 4
-922 4
-921 3
-920 4
-919 4
-918 2
-917 5
-916 8
-915 3
-914 6
-913 1
-912 3
-911 6
-910 4
-909 7
-908 2
-907 6
-906 8
-905 5
-904 6
-903 6
-902 8
-901 8
-900 6
-899 5
-898 5
-897 4
-896 5
-895 5
-894 7
-893 6
-892 3
-891 2
-890 5
-889 5
-888 1
-887 5
-886 5
-885 11
-884 4
-883 10
-882 7
-881 1
-880 11
-879 7
-878 3
-877 10
-876 9
-875 5
-874 12
-873 8
-872 4
-871 7
-870 7
-869 11
-868 10
-867 6
-866 7
-865 7
-864 8
-863 3
-862 8
-861 10
-860 10
-859 8
-858 7
-857 7
-856 12
-855 12
-854 7
-853 4
-852 9
-851 10
-850 12
-849 10
-848 7
-847 9
-846 6
-845 7
-844 9
-843 13
-842 8
-841 12
-840 8
-839 10
-838 9
-837 11
-836 6
-835 7
-834 11
-833 10
-832 15
-831 9
-830 14
-829 7
-828 8
-827 9
-826 7
-825 8
-824 9
-823 14
-822 12
-821 13
-820 12
-819 9
-818 12
-817 13
-816 10
-815 11
-814 16
-813 10
-812 9
-811 10
-810 14
-809 10
-808 15
-807 9
-806 16
-805 16
-804 7
-803 17
-802 18
-801 15
-800 8
-799 13
-798 14
-797 12
-796 13
-795 8
-794 15
-793 12
-792 16
-791 17
-790 9
-789 16
-788 10
-787 21
-786 15
-785 9
-784 25
-783 14
-782 18
-781 18
-780 14
-779 17
-778 9
-777 19
-776 20
-775 19
-774 20
-773 14
-772 17
-771 19
-770 16
-769 20
-768 18
-767 16
-766 16
-765 19
-764 24
-763 23
-762 20
-761 22
-760 24
-759 18
-758 16
-757 18
-756 21
-755 22
-754 15
-753 17
-752 22
-751 24
-750 18
-749 19
-748 19
-747 21
-746 22
-745 25
-744 15
-743 26
-742 20
-741 23
-740 21
-739 33
-738 26
-737 14
-736 32
-735 24
-734 14
-733 23
-732 22
-731 30
-730 26
-729 34
-728 25
-727 24
-726 32
-725 19
-724 22
-723 29
-722 27
-721 26
-720 28
-719 28
-718 18
-717 28
-716 34
-715 36
-714 31
-713 29
-712 26
-711 23
-710 23
-709 24
-708 29
-707 24
-706 23
-705 27
-704 39
-703 30
-702 30
-701 30
-700 29
-699 51
-698 34
-697 30
-696 32
-695 30
-694 35
-693 37
-692 30
-691 38
-690 46
-689 37
-688 40
-687 42
-686 33
-685 31
-684 41
-683 28
-682 45
-681 41
-680 42
-679 29
-678 26
-677 41
-676 41
-675 45
-674 36
-673 64
-672 49
-671 51
-670 50
-669 44
-668 55
-667 50
-666 50
-665 39
-664 39
-663 43
-662 36
-661 66
-660 45
-659 57
-658 63
-657 49
-656 46
-655 57
-654 53
-653 50
-652 52
-651 49
-650 53
-649 60
-648 61
-647 55
-646 51
-645 67
-644 57
-643 51
-642 65
-641 63
-640 45
-639 54
-638 61
-637 38
-636 65
-635 49
-634 59
-633 58
-632 48
-631 65
-630 65
-629 69
-628 70
-627 73
-626 78
-625 56
-624 74
-623 67
-622 60
-621 82
-620 75
-619 75
-618 64
-617 76
-616 69
-615 83
-614 74
-613 80
-612 73
-611 76
-610 88
-609 76
-608 78
-607 98
-606 75
-605 89
-604 81
-603 73
-602 79
-601 75
-600 93
-599 77
-598 97
-597 90
-596 77
-595 62
-594 84
-593 82
-592 103
-591 83
-590 91
-589 98
-588 86
-587 104
-586 109
-585 95
-584 99
-583 82
-582 105
-581 95
-580 89
-579 102
-578 100
-577 93
-576 92
-575 103
-574 109
-573 101
-572 106
-571 95
-570 102
-569 117
-568 107
-567 116
-566 104
-565 115
-564 121
-563 130
-562 121
-561 103
-560 113
-559 128
-558 110
-557 107
-556 136
-555 123
-554 127
-553 138
-552 107
-551 138
-550 111
-549 135
-548 148
-547 144
-546 134
-545 157
-544 138
-543 132
-542 143
-541 141
-540 151
-539 144
-538 151
-537 120
-536 161
-535 136
-534 142
-533 194
-532 173
-531 150
-530 174
-529 132
-528 156
-527 145
-526 143
-525 152
-524 184
-523 148
-522 163
-521 176
-520 195
-519 175
-518 182
-517 181
-516 178
-515 172
-514 192
-513 174
-512 200
-511 222
-510 191
-509 186
-508 206
-507 190
-506 216
-505 192
-504 202
-503 226
-502 204
-501 222
-500 205
-499 227
-498 209
-497 213
-496 207
-495 211
-494 208
-493 213
-492 251
-491 226
-490 208
-489 249
-488 226
-487 269
-486 232
-485 256
-484 280
-483 225
-482 241
-481 243
-480 276
-479 263
-478 232
-477 278
-476 268
-475 277
-474 268
-473 269
-472 274
-471 283
-470 297
-469 253
-468 295
-467 317
-466 300
-465 298
-464 313
-463 311
-462 283
-461 300
-460 313
-459 303
-458 319
-457 284
-456 314
-455 292
-454 316
-453 345
-452 318
-451 335
-450 357
-449 343
-448 320
-447 311
-446 356
-445 369
-444 374
-443 333
-442 391
-441 370
-440 372
-439 376
-438 381
-437 383
-436 395
-435 418
-434 363
-433 388
-432 380
-431 454
-430 428
-429 379
-428 430
-427 414
-426 407
-425 410
-424 459
-423 448
-422 463
-421 416
-420 449
-419 474
-418 487
-417 483
-416 504
-415 499
-414 452
-413 456
-412 496
-411 499
-410 486
-409 531
-408 493
-407 530
-406 514
-405 517
-404 488
-403 552
-402 545
-401 614
-400 560
-399 538
-398 537
-397 612
-396 594
-395 582
-394 608
-393 584
-392 607
-391 587
-390 630
-389 616
-388 651
-387 619
-386 649
-385 642
-384 617
-383 700
-382 624
-381 659
-380 678
-379 656
-378 684
-377 651
-376 719
-375 750
-374 694
-373 767
-372 760
-371 772
-370 780
-369 777
-368 816
-367 768
-366 737
-365 785
-364 822
-363 788
-362 806
-361 762
-360 825
-359 808
-358 813
-357 875
-356 891
-355 902
-354 895
-353 937
-352 900
-351 830
-350 925
-349 905
-348 931
-347 957
-346 999
-345 988
-344 1030
-343 994
-342 1001
-341 1053
-340 1031
-339 1056
-338 1047
-337 1059
-336 1131
-335 1024
-334 1149
-333 1128
-332 1079
-331 1143
-330 1163
-329 1130
-328 1205
-327 1142
-326 1221
-325 1184
-324 1209
-323 1261
-322 1261
-321 1306
-320 1259
-319 1232
-318 1333
-317 1343
-316 1235
-315 1361
-314 1355
-313 1391
-312 1341
-311 1371
-310 1390
-309 1539
-308 1435
-307 1397
-306 1471
-305 1512
-304 1524
-303 1504
-302 1504
-301 1495
-300 1605
-299 1628
-298 1653
-297 1622
-296 1623
-295 1634
-294 1636
-293 1662
-292 1735
-291 1762
-290 1776
-289 1715
-288 1818
-287 1749
-286 1830
-285 1796
-284 1826
-283 1872
-282 1960
-281 1929
-280 1921
-279 2002
-278 2014
-277 2027
-276 2140
-275 2095
-274 2096
-273 2122
-272 2181
-271 2195
-270 2236
-269 2364
-268 2285
-267 2303
-266 2358
-265 2382
-264 2323
-263 2413
-262 2522
-261 2372
-260 2437
-259 2500
-258 2589
-257 2598
-256 2542
-255 2576
-254 2652
-253 2735
-252 2852
-251 2800
-250 2781
-249 2787
-248 2787
-247 2932
-246 2922
-245 2938
-244 2965
-243 3085
-242 3101
-241 3168
-240 3141
-239 3157
-238 3192
-237 3246
-236 3327
-235 3374
-234 3505
-233 3357
-232 3447
-231 3469
-230 3587
-229 3631
-228 3597
-227 3791
-226 3709
-225 3757
-224 3800
-223 3802
-222 3901
-221 3989
-220 4061
-219 4106
-218 4161
-217 4125
-216 4180
-215 4167
-214 4484
-213 4468
-212 4454
-211 4525
-210 4652
-209 4644
-208 4654
-207 4894
-206 4729
-205 4849
-204 4881
-203 5001
-202 4969
-201 5118
-200 5258
-199 5275
-198 5503
-197 5273
-196 5490
-195 5593
-194 5649
-193 5620
-192 5737
-191 5819
-190 5862
-189 6023
-188 6239
-187 6086
-186 6333
-185 6279
-184 6424
-183 6616
-182 6467
-181 6710
-180 6928
-179 7010
-178 7075
-177 7105
-176 7307
-175 7253
-174 7381
-173 7531
-172 7682
-171 7660
-170 7828
-169 8027
-168 8131
-167 8308
-166 8344
-165 8494
-164 8666
-163 8640
-162 8848
-161 9103
-160 9125
-159 9241
-158 9558
-157 9265
-156 9557
-155 10030
-154 10004
-153 10348
-152 10295
-151 10560
-150 10606
-149 10835
-148 10866
-147 11219
-146 11238
-145 11503
-144 11635
-143 11894
-142 11961
-141 12425
-140 12324
-139 12708
-138 12735
-137 13127
-136 13518
-135 13358
-134 13717
-133 14101
-132 14339
-131 14513
-130 14622
-129 14904
-128 15205
-127 15535
-126 15756
-125 16038
-124 16275
-123 16643
-122 16779
-121 17030
-120 17554
-119 17851
-118 18450
-117 18569
-116 18889
-115 19316
-114 19396
-113 20006
-112 20207
-111 20695
-110 21179
-109 21319
-108 21851
-107 22036
-106 22620
-105 22921
-104 23943
-103 24141
-102 24309
-101 25021
-100 25727
-99 26192
-98 26770
-97 26972
-96 27860
-95 28449
-94 28799
-93 29657
-92 30271
-91 31153
-90 31484
-89 32075
-88 32865
-87 33222
-86 34313
-85 34961
-84 35723
-83 36631
-82 37590
-81 38410
-80 39642
-79 40275
-78 41281
-77 42975
-76 43336
-75 44241
-74 45197
-73 46567
-72 48477
-71 48830
-70 49921
-69 51600
-68 52784
-67 54353
-66 56433
-65 57583
-64 59824
-63 61372
-62 62567
-61 64160
-60 66180
-59 68225
-58 69711
-57 72425
-56 74493
-55 76924
-54 79881
-53 82049
-52 84919
-51 87080
-50 90962
-49 93276
-48 96679
-47 100141
-46 103645
-45 107847
-44 112205
-43 116016
-42 120812
-41 124940
-40 130417
-39 135646
-38 141419
-37 147908
-36 154089
-35 161083
-34 168986
-33 176714
-32 185488
-31 194489
-30 205281
-29 216719
-28 228278
-27 241725
-26 255374
-25 270697
-24 287882
-23 307187
-22 328313
-21 352306
-20 377800
-19 407642
-18 441944
-17 478384
-16 523403
-15 573519
-14 633000
-13 702188
-12 784891
-11 888651
-10 1012013
-9 1171725
-8 1372418
-7 1642480
-6 2012288
-5 2549435
-4 3386361
-3 4827931
-2 7857947
-1 17461561
0 100811471
1 791342832
2 104099384
3 15084879
4 7292840
5 4672966
6 3319183
7 2517187
8 1991523
9 1629586
10 1361923
11 1163252
12 1006986
13 884463
14 782389
15 700219
16 630053
17 572731
18 521273
19 477292
20 439010
21 406293
22 376721
23 350627
24 327593
25 307080
26 288048
27 271317
28 254715
29 240714
30 228204
31 215966
32 205442
33 195074
34 185517
35 176259
36 167881
37 161270
38 154101
39 147371
40 141385
41 135843
42 129961
43 124968
44 120085
45 115810
46 111685
47 107059
48 104283
49 99730
50 97249
51 93671
52 90114
53 87489
54 84779
55 82083
56 78894
57 77182
58 74391
59 72087
60 70508
61 68118
62 66340
63 64207
64 62489
65 60502
66 59063
67 57004
68 56237
69 54634
70 52631
71 51482
72 50564
73 48834
74 47924
75 46776
76 45229
77 44176
78 43255
79 41868
80 41304
81 40201
82 39106
83 38613
84 37608
85 36734
86 35611
87 34976
88 34198
89 33674
90 32835
91 32341
92 31290
93 30823
94 30274
95 29261
96 28697
97 28095
98 27787
99 27134
100 26797
101 26023
102 25305
103 25143
104 24284
105 24081
106 23841
107 23127
108 22487
109 22035
110 21709
111 21258
112 20986
113 20829
114 20405
115 19767
116 19345
117 19132
118 18959
119 18536
120 18152
121 17804
122 17448
123 17322
124 17038
125 16547
126 16362
127 16068
128 15941
129 15546
130 15325
131 14973
132 14657
133 14380
134 14322
135 14042
136 13775
137 13497
138 13518
139 12937
140 12811
141 12668
142 12519
143 12319
144 12226
145 11907
146 11562
147 11326
148 11422
149 11127
150 10863
151 11009
152 10603
153 10506
154 10332
155 9977
156 10036
157 9768
158 9688
159 9629
160 9278
161 9368
162 9148
163 9086
164 8724
165 8651
166 8662
167 8554
168 8231
169 8249
170 8128
171 8108
172 7866
173 7686
174 7798
175 7619
176 7595
177 7301
178 7364
179 7094
180 7028
181 6823
182 6778
183 6530
184 6554
185 6666
186 6454
187 6424
188 6319
189 6291
190 6108
191 5992
192 6071
193 5954
194 5873
195 5723
196 5633
197 5583
198 5459
199 5444
200 5359
201 5350
202 5313
203 5178
204 5028
205 4950
206 4865
207 4822
208 4898
209 4856
210 4542
211 4709
212 4691
213 4575
214 4464
215 4483
216 4362
217 4210
218 4144
219 4066
220 4060
221 4086
222 4078
223 3960
224 3944
225 3935
226 3790
227 3764
228 3752
229 3661
230 3602
231 3618
232 3476
233 3619
234 3432
235 3389
236 3439
237 3344
238 3209
239 3403
240 3180
241 3161
242 3240
243 3135
244 2904
245 3060
246 2963
247 2983
248 2932
249 2772
250 2897
251 2768
252 2820
253 2824
254 2760
255 2661
256 2653
257 2659
258 2520
259 2582
260 2594
261 2469
262 2459
263 2421
264 2375
265 2384
266 2314
267 2374
268 2288
269 2252
270 2306
271 2217
272 2239
273 2255
274 2176
275 2085
276 2084
277 2025
278 1987
279 2064
280 1987
281 2048
282 2002
283 1921
284 1949
285 1944
286 1903
287 1770
288 1791
289 1860
290 1818
291 1760
292 1811
293 1765
294 1690
295 1746
296 1660
297 1670
298 1657
299 1631
300 1614
301 1591
302 1561
303 1576
304 1529
305 1466
306 1553
307 1519
308 1380
309 1412
310 1499
311 1373
312 1344
313 1344
314 1278
315 1352
316 1352
317 1292
318 1299
319 1312
320 1298
321 1245
322 1242
323 1261
324 1303
325 1188
326 1217
327 1173
328 1202
329 1176
330 1152
331 1136
332 1164
333 1107
334 1105
335 1118
336 1114
337 1097
338 1069
339 968
340 1096
341 1050
342 1073
343 983
344 1007
345 1010
346 1054
347 982
348 963
349 961
350 963
351 897
352 927
353 900
354 948
355 835
356 865
357 916
358 871
359 884
360 820
361 790
362 829
363 825
364 751
365 816
366 829
367 767
368 781
369 760
370 776
371 766
372 769
373 797
374 742
375 727
376 759
377 725
378 630
379 751
380 678
381 680
382 674
383 632
384 647
385 651
386 641
387 625
388 598
389 658
390 637
391 579
392 604
393 592
394 579
395 566
396 580
397 591
398 546
399 531
400 573
401 504
402 540
403 605
404 543
405 559
406 486
407 518
408 506
409 530
410 473
411 479
412 527
413 487
414 501
415 485
416 520
417 484
418 457
419 489
420 483
421 466
422 431
423 469
424 434
425 458
426 484
427 430
428 462
429 400
430 389
431 433
432 442
433 379
434 415
435 407
436 361
437 406
438 395
439 377
440 399
441 425
442 372
443 345
444 348
445 377
446 406
447 383
448 339
449 332
450 346
451 377
452 350
453 341
454 337
455 346
456 329
457 300
458 300
459 322
460 298
461 312
462 304
463 300
464 302
465 317
466 311
467 277
468 278
469 265
470 304
471 311
472 277
473 275
474 262
475 253
476 314
477 268
478 276
479 244
480 292
481 242
482 303
483 250
484 239
485 253
486 274
487 240
488 223
489 245
490 226
491 218
492 232
493 248
494 215
495 215
496 252
497 206
498 206
499 215
500 183
501 204
502 225
503 203
504 194
505 203
506 198
507 215
508 194
509 185
510 195
511 198
512 201
513 183
514 181
515 199
516 171
517 191
518 204
519 169
520 188
521 183
522 164
523 180
524 164
525 177
526 167
527 169
528 183
529 160
530 160
531 143
532 160
533 160
534 175
535 155
536 146
537 159
538 137
539 162
540 133
541 136
542 143
543 148
544 139
545 163
546 124
547 146
548 134
549 131
550 122
551 142
552 134
553 138
554 129
555 141
556 150
557 125
558 103
559 141
560 147
561 126
562 98
563 107
564 126
565 129
566 112
567 117
568 112
569 115
570 106
571 103
572 100
573 98
574 115
575 103
576 95
577 92
578 115
579 103
580 103
581 101
582 112
583 104
584 98
585 94
586 104
587 87
588 80
589 89
590 91
591 106
592 109
593 100
594 96
595 97
596 68
597 90
598 88
599 96
600 99
601 81
602 83
603 80
604 82
605 84
606 60
607 68
608 75
609 79
610 87
611 62
612 81
613 67
614 85
615 75
616 77
617 83
618 72
619 71
620 73
621 67
622 60
623 74
624 73
625 68
626 66
627 69
628 61
629 80
630 61
631 64
632 55
633 67
634 63
635 53
636 67
637 52
638 59
639 61
640 53
641 62
642 60
643 60
644 47
645 45
646 56
647 55
648 43
649 59
650 59
651 55
652 49
653 50
654 50
655 50
656 49
657 45
658 44
659 39
660 52
661 50
662 45
663 44
664 49
665 41
666 47
667 52
668 52
669 41
670 54
671 47
672 46
673 43
674 31
675 36
676 48
677 32
678 48
679 42
680 47
681 45
682 35
683 26
684 42
685 36
686 48
687 46
688 38
689 37
690 39
691 34
692 41
693 26
694 40
695 39
696 51
697 26
698 43
699 27
700 31
701 34
702 30
703 37
704 32
705 28
706 31
707 37
708 29
709 28
710 24
711 19
712 34
713 31
714 33
715 21
716 26
717 28
718 42
719 29
720 28
721 24
722 33
723 27
724 46
725 31
726 29
727 28
728 25
729 24
730 34
731 23
732 19
733 28
734 34
735 32
736 25
737 22
738 22
739 17
740 31
741 26
742 19
743 27
744 18
745 24
746 22
747 18
748 10
749 27
750 19
751 25
752 17
753 27
754 12
755 26
756 14
757 16
758 24
759 23
760 25
761 19
762 20
763 16
764 19
765 18
766 21
767 16
768 16
769 20
770 19
771 19
772 13
773 20
774 14
775 15
776 15
777 20
778 14
779 13
780 14
781 15
782 10
783 13
784 16
785 23
786 14
787 17
788 20
789 14
790 14
791 14
792 16
793 16
794 15
795 11
796 6
797 14
798 15
799 17
800 11
801 11
802 15
803 16
804 19
805 5
806 20
807 10
808 10
809 12
810 11
811 21
812 15
813 14
814 14
815 7
816 10
817 16
818 10
819 10
820 15
821 12
822 9
823 10
824 6
825 13
826 11
827 22
828 12
829 12
830 7
831 4
832 14
833 3
834 2
835 20
836 6
837 9
838 16
839 8
840 10
841 9
842 15
843 8
844 10
845 10
846 7
847 10
848 7
849 12
850 13
851 2
852 17
853 3
854 10
855 5
856 6
857 5
858 6
859 14
860 4
861 7
862 10
863 11
864 9
865 9
866 6
867 8
868 5
869 7
870 5
871 6
872 7
873 4
874 10
875 6
876 5
877 6
878 3
879 6
880 5
881 2
882 4
883 1
884 2
885 8
886 8
887 8
888 3
889 5
890 5
891 6
892 5
893 4
894 3
895 6
896 7
897 8
898 5
899 7
900 5
901 3
902 6
903 9
904 6
905 8
906 3
907 4
908 5
909 4
910 7
911 3
912 3
913 4
914 0
915 4
916 7
917 3
918 2
919 5
920 6
921 0
922 4
923 0
924 3
925 2
926 2
927 3
928 5
929 1
930 4
931 2
932 7
933 5
934 1
935 3
936 4
937 5
938 2
939 1
940 1
941 2
942 7
943 5
944 4
945 1
946 4
947 3
948 3
949 7
950 4
951 4
952 3
953 3
954 2
955 3
956 3
957 1
958 2
959 0
960 2
961 3
962 1
963 2
964 2
965 2
966 2
967 2
968 0
969 1
970 2
971 3
972 6
973 2
974 1
975 2
976 5
977 2
978 0
979 4
980 1
981 3
982 6
983 1
984 3
985 3
986 2
987 2
988 4
989 1
990 3
991 2
992 3
993 1
994 4
995 2
996 1
997 0
998 0
999 0
1000 5
1001 3
1002 1
1003 0
1004 2
1005 0
1006 2
1007 1
1008 3
1009 1
1010 1
1011 2
1012 3
1013 2
1014 1
1015 2
1016 3
1017 3
1018 1
1019 0
1020 3
1021 2
1022 2
1023 1
1024 2
1025 2
1026 0
1027 1
1028 1
1029 0
1030 0
1031 2
1032 1
1033 1
1034 2
1035 1
1036 6
1037 3
1038 1
1039 2
1040 2
1041 0
1042 1
1043 0
1044 2
1045 0
1046 0
1047 1
1048 0
1049 1
1050 2
1051 1
1052 4
1053 1
1054 0
1055 2
1056 2
1057 0
1058 1
1059 3
1060 1
1061 0
1062 1
1063 1
1064 1
1065 1
1066 0
1067 3
1068 0
1069 1
1070 0
1071 0
1072 0
1073 0
1074 1
1075 1
1076 0
1077 0
1078 1
1079 2
1080 0
1081 1
1082 2
1083 2
1084 2
1085 1
1086 0
1087 2
1088 0
1089 2
1090 0
1091 0
1092 1
1093 1
1094 1
1095 1
1096 0
1097 2
1098 0
1099 0
1100 1
1101 0
1102 1
1103 1
1104 0
1105 0
1106 0
1107 3
1108 0
1109 0
1110 0
1111 2
1112 0
1113 1
1114 1
1115 1
1116 1
1117 0
1118 0
1119 0
1120 0
1121 1
1122 1
1123 1
1124 1
1125 0
1126 0
1127 0
1128 0
1129 0
1130 0
1131 0
1132 0
1133 2
1134 0
1135 0
1136 1
1137 1
1138 0
1139 1
1140 1
1141 0
1142 1
1143 0
1144 0
1145 0
1146 1
1147 1
1148 0
1149 0
1150 0
1151 2
1152 0
1153 0
1154 1
1155 1
1156 0
1157 0
1158 0
1159 0
1160 0
1161 0
1162 0
1163 0
1164 2
1165 1
1166 0
1167 0
1168 0
1169 0
1170 1
1171 0
1172 0
1173 1
1174 0
1175 0
1176 0
1177 0
1178 0
1179 1
1180 1
1181 0
1182 2
1183 1
1184 0
1185 0
1186 0
1187 0
1188 0
1189 0
1190 1
1191 0
1192 1
1193 0
1194 0
1195 1
1196 0
1197 1
1198 1
1199 0
1200 0
1201 0
1202 0
1203 0
1204 0
1205 0
1206 0
1207 0
1208 0
1209 0
1210 1
1211 1
1212 1
1213 0
1214 0
1215 1
1216 0
1217 0
1218 1
1219 1
1220 0
1221 0
1222 0
1223 0
1224 0
1225 0
1226 0
1227 0
1228 0
1229 1
1230 0
1231 0
1232 0
1233 0
1234 0
1235 0
1236 0
1237 1
1238 1
1239 0
1240 0
1241 0
1242 0
1243 0
1244 0
1245 0
1246 0
1247 0
1248 0
1249 0
1250 0
1251 0
1252 0
1253 0
1254 0
1255 0
1256 0
1257 0
1258 0
1259 0
1260 0
1261 0
1262 0
1263 0
1264 0
1265 0
1266 0
1267 0
1268 0
1269 0
1270 0
1271 0
1272 0
1273 0
1274 0
1275 0
1276 0
1277 0
1278 0
1279 0
1280 0
1281 0
1282 0
1283 0
1284 0
1285 0
1286 1
1287 0
1288 0
1289 0
1290 0
1291 0
1292 0
1293 0
1294 0
1295 0
1296 0
1297 0
1298 0
1299 0
1300 0
1301 0
1302 0
1303 0
1304 0
1305 0
1306 0
1307 0
1308 0
1309 0
1310 0
1311 0
1312 0
1313 0
1314 0
1315 0
1316 1
1317 0
1318 0
1319 0
1320 0
1321 0
1322 0
1323 0
1324 0
1325 0
1326 0
1327 0
1328 0
1329 0
1330 0
1331 0
1332 0
1333 0
1334 0
1335 0
1336 0
1337 0
1338 0
1339 1
1340 0
1341 0
1342 0
1343 0
1344 0
1345 0
1346 0
1347 0
1348 0
1349 0
1350 0
1351 0
1352 0
1353 0
1354 0
1355 0
1356 0
1357 0
1358 0
1359 0
1360 0
1361 0
1362 0
1363 0
1364 0
1365 0
1366 0
1367 0
1368 0
1369 0
1370 0
1371 0
1372 0
1373 0
1374 0
1375 0
1376 0
1377 0
1378 0
1379 0
1380 0
1381 0
1382 0
1383 0
1384 0
1385 0
1386 0
1387 0
1388 0
1389 0
1390 0
1391 0
1392 0
1393 0
1394 0
1395 0
1396 0
1397 0
1398 0
1399 0
1400 0
1401 0
1402 0
1403 0
1404 0
1405 0
1406 0
1407 0
1408 0
1409 0
1410 0
1411 0
1412 0
1413 0
1414 0
1415 0
1416 0
1417 0
1418 0
1419 0
1420 0
1421 0
1422 0
1423 0
1424 0
1425 0
1426 0
1427 0
1428 0
1429 0
1430 0
1431 0
1432 0
1433 0
1434 0
1435 0
1436 0
1437 0
1438 0
1439 0
1440 0
1441 0
1442 0
1443 1
