0 0.4706
1 0.4758
2 0.4828
3 0.4575
4 0.4762
5 0.4751
6 0.4794
7 0.4778
8 0.4701
9 0.4756
10 0.4856
11 0.483
12 0.4695
13 0.4809
14 0.47
15 0.4683
16 0.4798
17 0.4701
18 0.4798
19 0.4831
20 0.4698
21 0.4744
22 0.4633
23 0.4657
24 0.4805
25 0.4796
26 0.4823
27 0.475
28 0.4824
29 0.4627
30 0.4903
31 0.4612
32 0.4722
33 0.474
34 0.4783
35 0.4836
36 0.4715
37 0.4738
38 0.474
39 0.4821
40 0.4698
41 0.4904
42 0.4732
43 0.4783
44 0.4818
45 0.4823
46 0.488
47 0.4729
48 0.4703
49 0.4942
50 0.4791
51 0.4826
52 0.4922
53 0.4698
54 0.4857
55 0.4822
56 0.4767
57 0.4816
58 0.4754
59 0.4797
60 0.4802
61 0.4855
62 0.479
63 0.4726
64 0.4775
65 0.482
66 0.4868
67 0.4977
68 0.4826
69 0.4873
70 0.4807
71 0.4721
72 0.4835
73 0.4791
74 0.4957
75 0.4864
76 0.4916
77 0.4819
78 0.4863
79 0.4793
80 0.4797
81 0.4796
82 0.464
83 0.4863
84 0.4685
85 0.4924
86 0.4838
87 0.4787
88 0.4679
89 0.4586
90 0.4664
91 0.4817
92 0.4862
93 0.461
94 0.4894
95 0.4849
96 0.4662
97 0.4842
98 0.4677
99 0.466
100 0.49
101 0.4784
102 0.5017
103 0.4816
104 0.475
105 0.4858
106 0.4862
107 0.4845
108 0.4561
109 0.477
110 0.4774
