2 0.7632703392738667
3 0.7277973789091018
4 0.7006334239090143
5 0.6805121917646875
6 0.6646061127203992
7 0.6513866547265662
8 0.6405939728694993
9 0.6315492451104786
10 0.6235092835758815
11 0.6167757645614212
12 0.610228913349386
13 0.6047540908950683
14 0.6001865680329179
15 0.5954949806985087
16 0.5917960820528606
17 0.5884558324242044
18 0.5846634518180427
19 0.5816797660702719
20 0.5785397437929617
21 0.5757278432056083
22 0.5741011250241914
23 0.5723594819436314
24 0.5693585977680449
25 0.5673153754011119
26 0.5653440907518956
27 0.5632119696870784
28 0.5620252477985825
29 0.5600948063627235
30 0.558929519203472
31 0.5571747215165244
32 0.5555045742593187
33 0.5538845114625447
34 0.5533665964289154
35 0.5522041958025193
36 0.5511261290151158
37 0.5489376311177101
38 0.5493796415847929
39 0.5478281609336562
40 0.5471082768003296
41 0.5459570490863759
42 0.5447515402343379
43 0.5438321134723834
44 0.5429060962023888
45 0.5425984319683527
46 0.5423518734301958
47 0.5410399275039878
48 0.5401263338510377
49 0.5396983464284193
50 0.5387270320826486
51 0.5388651518322474
52 0.5376139887122645
53 0.5373324248881759
54 0.5358110825009237
55 0.5361064487577756
56 0.5352238076589648
57 0.5339205724945302
58 0.5345712620097024
59 0.5339325189215356
60 0.533576171130191
61 0.5321640348380893
62 0.5317130306410104
63 0.5319944777679094
64 0.5315905705069914
65 0.5309889847235164
66 0.5307956962460108
67 0.5299156161283942
68 0.5292615995213364
69 0.5293814357487073
70 0.5283077823658772
71 0.5283555534279583
72 0.5286489004694988
73 0.5274583642566344
74 0.5266119865494744
75 0.5265068385424858
76 0.5269997606460038
77 0.5256806576689196
78 0.5257766607867651
79 0.52473179263826
80 0.5256819320003412
81 0.5245970553706826
82 0.525156018607632
83 0.5243040016330908
84 0.5235678792823482
85 0.5246767989911162
86 0.5230818728421286
87 0.5240015032572513
88 0.5227266324532696
89 0.5229997675113753
90 0.5224916726333156
91 0.5212705396512963
92 0.5227266371871858
93 0.5218135975712848
94 0.5211553425638872
95 0.521062852424707
96 0.5212794201840866
97 0.520690923387148
98 0.5208778076259154
99 0.520135140182823
100 0.519584941783637
101 0.5200910945131841
102 0.5202409428612162
103 0.519247214166587
104 0.5191780730050365
105 0.5195425658150211
106 0.519980806429846
107 0.5191047997415577
108 0.5185752876881518
109 0.5183712728438602
110 0.51819228231727
111 0.5190987179016409
112 0.5179600193363096
113 0.5163886878711649
114 0.5174201116590272
115 0.5171306490510643
116 0.5174772114690386
117 0.5162608676316901
118 0.5174545118519578
119 0.516427084722549
120 0.5170994238114698
121 0.5165666769999453
122 0.515962250173719
123 0.5155964462895308
124 0.5166878415713796
125 0.5147189451877939
126 0.5159008375821094
127 0.5139424418457168
128 0.5152493497410939
129 0.5160169235418556
130 0.5140571805991967
131 0.5154917089612324
132 0.5149597992254716
133 0.5141844965868477
134 0.514642069807111
135 0.5141805712374022
136 0.5157785720770552
137 0.5128221164817147
138 0.5133433553920775
139 0.5140130104299195
140 0.5140095450975654
141 0.5130093632665969
142 0.5129677590176381
143 0.5141225802583644
144 0.5125656443999681
145 0.5121749168920291
146 0.513521828093923
147 0.5134321962180985
148 0.5130647342575919
149 0.5121650760146661
150 0.5124446253593851
151 0.5122125721450831
152 0.5111750510488212
153 0.5109805522676535
154 0.5125987956341739
155 0.5123725795555825
156 0.5126075828050065
157 0.5112467042449708
158 0.5113217076828765
159 0.5120673657131456
160 0.5108098425641445
161 0.5108337374185531
162 0.5117108475586529
163 0.5113052690469531
164 0.5119307154839006
165 0.5113531604473125
166 0.5110565308748029
167 0.511366647986939
168 0.5100657341603881
169 0.5098340805707366
170 0.5091584306431625
171 0.5103484428126548
172 0.5103655743848108
173 0.5091678124685604
174 0.5104237824161922
175 0.510886800561435
176 0.510463944056182
177 0.5097944460006457
178 0.5093283301418645
179 0.5087155438883341
180 0.5096998344515117
181 0.5099978532217009
182 0.5096614161280888
183 0.5091492805278193
184 0.509645426791166
185 0.5096211773803422
186 0.5099212073131153
187 0.5081732914457338
188 0.5086613309944085
189 0.5096242779209632
190 0.5079619415270027
191 0.5103207810320781
192 0.5079318866267762
193 0.5096169614618719
194 0.509449808039747
195 0.5093122397529954
196 0.5093882021592865
197 0.5094097896102968
198 0.5089727373749253
199 0.5090372351467344
200 0.5092436485545655
201 0.5083979501162493
202 0.5074954439458369
203 0.5078730951097458
204 0.5069133905111298
205 0.5077652211082032
206 0.5079311279826464
207 0.5083845723868082
208 0.5087010762157087
209 0.5084732007446069
210 0.5068355940238252
211 0.507826763870644
212 0.5073719546989786
213 0.5067579096497986
214 0.5067144345404334
215 0.5063849297841123
216 0.5071928363291441
217 0.5064921372126248
218 0.5059894826590973
219 0.5071210240392958
220 0.507109258357459
221 0.5070374046191625
222 0.5074223656286544
223 0.5050994807801388
224 0.5061194017560858
225 0.5070406221560354
226 0.5068722753017113
227 0.5070956691950086
228 0.5065513984581995
229 0.5055521990624195
230 0.5051587625729874
231 0.5053763745286117
232 0.5058232857301702
233 0.5063737091989825
234 0.5049866296351555
235 0.505733108449019
236 0.5060059799047387
237 0.5051379738208001
238 0.5058340745176432
239 0.5062199096035875
240 0.5056547443097842
241 0.5066634610818255
242 0.5052600601064794
243 0.5057049129297392
244 0.5061378347124814
245 0.5050418086468982
246 0.5054372919248621
247 0.5055597528727929
248 0.5060824717008869
249 0.5057112580170167
250 0.5067157524491287
251 0.5070225806551518
252 0.5041256561424882
253 0.5061889821415724
254 0.5049532040153973
255 0.5036526655743004
256 0.505099274812325
257 0.5067566701694133
258 0.506791991451044
259 0.5054845695200157
260 0.504651464109873
261 0.5051796592500896
262 0.5043040293040293
263 0.5062858906461876
264 0.5035404803169101
265 0.50559768989495
266 0.5053022958291271
267 0.5046697999517956
268 0.5070293932029057
269 0.5057029869583508
270 0.5030318830177308
271 0.5049683307226044
272 0.5034582083154736
273 0.5043114576341199
274 0.5043725215162692
275 0.5046250143283395
276 0.5034147293304343
277 0.5045416663748608
278 0.5052558257345492
279 0.5052537769777837
280 0.5040977795422965
281 0.5040055779273447
282 0.503500934298417
283 0.5048821688283155
284 0.5040512824229423
285 0.5024588255834255
286 0.5025168801700683
287 0.5028441578020378
288 0.5042142363152893
289 0.5048066755466178
290 0.504529440432743
291 0.505477810667453
292 0.5032503359180885
293 0.5033448343402992
294 0.5030290179923669
295 0.5026336049516347
296 0.5033163587874886
297 0.5035771583852123
298 0.5020184209915783
299 0.5022544408597971
300 0.5038981541608178
301 0.5032075294999063
302 0.5037515452141393
303 0.50431688618046
304 0.5029167849147037
305 0.5023999554606443
306 0.504390134779934
307 0.5023190223752702
308 0.5031511847011185
309 0.5028102884317505
310 0.5024111361694719
311 0.5027490304122935
312 0.5025877716547021
313 0.5028491316931982
314 0.5031771362251559
315 0.5026112658064031
316 0.5013955626122927
317 0.5028813958575202
318 0.5043957019802859
319 0.5029486885760592
320 0.5037497294337845
321 0.5046039182282794
322 0.5018075473628566
323 0.5017633650165584
324 0.5043005082811798
325 0.5018604288093256
326 0.5005364245342265
327 0.5024084799571436
328 0.5026768389486682
329 0.5046879268260445
330 0.5014459224985541
331 0.5011165758341087
332 0.5028556178275954
333 0.5014527423580396
334 0.5020091115560872
335 0.5024509250265423
336 0.5016306322674419
337 0.502683485610493
338 0.5041748537770633
339 0.5037035337310694
340 0.5018389130595089
341 0.5048808824005888
342 0.5015696433305273
343 0.5015043776455088
344 0.5034390864134973
345 0.5030783836370986
346 0.5025587763195166
347 0.5025291192407427
348 0.5034236309045143
349 0.5043535191344574
350 0.5020840428032174
351 0.5007087548094077
352 0.5021190971479674
353 0.502177521726394
354 0.5024808056244668
355 0.5033640973332418
356 0.5003420056787705
357 0.5004571400331118
358 0.5016375165493694
359 0.5025920191779454
360 0.4998973228819714
361 0.5026067032395795
362 0.501708110738289
363 0.500988414155721
364 0.5016355845871109
365 0.5041023302055521
366 0.5005132943229648
367 0.501827460886151
368 0.5011230733483076
369 0.501867691781638
370 0.501764834501213
371 0.5008210783670771
372 0.4994871849094908
373 0.5017252911760647
374 0.5005560551479
375 0.5007596263922026
376 0.5001882793419906
377 0.5016726551852311
378 0.5017954048435433
379 0.49882052986265846
380 0.5017940751761256
381 0.5019419393061682
382 0.5000385985420779
383 0.5000914639216404
384 0.5008082767539606
385 0.5015551319353868
386 0.5016024117275285
387 0.5009976225670655
388 0.5008348653252601
389 0.4975392056363235
390 0.5009617696561673
391 0.5019494742153366
392 0.5010311884231147
393 0.5017238407171177
394 0.5019116875327986
395 0.5019069500952028
396 0.5012986560217547
397 0.5012558723661565
398 0.49877265306601837
399 0.5010439398407549
400 0.5006823063140033
401 0.49947689051766914
402 0.5021602160216022
403 0.501983294785912
404 0.5001588395720322
405 0.5009589729006964
406 0.501143480938935
407 0.5009320547375884
408 0.5011815675462781
409 0.501941813302806
410 0.49881951569240657
411 0.49919683215659905
412 0.5006432193440412
413 0.4982840077047113
414 0.5012626822028267
415 0.5013938871711694
416 0.5016788980323824
417 0.5021691628496621
418 0.5018011710794298
419 0.4996521550431136
420 0.4976425728161593
421 0.4980309587866027
422 0.5004635069852461
423 0.4999804282303206
424 0.49894001256281406
425 0.5001086076499279
426 0.5012255547941595
427 0.501366156282999
428 0.49808697490930476
429 0.5004427754362836
430 0.5011504585063493
431 0.49997646536710666
432 0.5000707227868819
433 0.5002530962103061
434 0.501222311760603
435 0.5016642149718338
436 0.49732034767468747
437 0.49988356483384017
438 0.49870879538204466
439 0.49952265806289764
440 0.4989353458206215
441 0.4990964741479541
442 0.49758641071830667
443 0.4996857189267831
444 0.49946289752650175
445 0.5008591797318791
446 0.5006533719675018
447 0.49896943978889563
448 0.5012235754086314
449 0.5006533507560201
450 0.4983389184192281
451 0.49886142899754826
452 0.4974625581497091
453 0.5010370022938637
454 0.4994194932690612
455 0.4990711526553239
456 0.5013088424508629
457 0.4985071966489907
458 0.49916220340504475
459 0.50017991274232
460 0.49897011445687683
461 0.4994544958632603
462 0.5010610866439997
463 0.49931559976274126
464 0.49841320700019837
465 0.5011809236592477
466 0.4983383837215578
467 0.4991668797904412
468 0.49943308016091204
469 0.49752840576314866
470 0.49840932363033774
471 0.498866159588038
472 0.499854620323293
473 0.5015150918893393
474 0.4984398081951543
475 0.498894772832085
476 0.4993491299104754
477 0.4996650984769955
478 0.49886088395405165
479 0.49737869941614654
480 0.5012158373928568
481 0.49898545686776985
482 0.4989353921170256
483 0.49821768841579606
484 0.49778089424187427
485 0.5031010309278351
486 0.4951250844052109
487 0.49789677505508445
488 0.4971166963785037
489 0.4977874062691555
490 0.49754143296925735
491 0.4983936766955635
492 0.5025370754129677
493 0.49995738079408103
494 0.50092553890249
495 0.4969395005607349
496 0.5005820119506453
497 0.4995208205624099
498 0.49859928112406054
