0 0.0054
1 0.0
2 0.0
3 0.0054
4 0.0
5 0.0165
6 0.0111
7 0.0
8 0.0
9 0.026
10 0.0059
11 0.0064
12 0.0
13 0.0
14 0.0088
15 0.0041
16 0.0
17 0.0
18 0.0047
19 0.0
20 0.0047
21 0.0084
22 0.0
23 0.0
24 0.0244
25 0.0106
26 0.0
27 0.0
28 0.0
29 0.0056
30 0.0068
31 0.0067
32 0.0
33 0.0
34 0.0129
35 0.0
36 0.0
37 0.0052
38 0.0
39 0.0188
40 0.0102
41 0.0158
42 0.0
43 0.0133
44 0.0
45 0.0181
46 0.0
47 0.0031
48 0.0297
49 0.0082
50 0.0
51 0.0133
52 0.0
53 0.0113
54 0.0195
55 0.0
56 0.0
57 0.0032
58 0.0
59 0.0
60 0.0
61 0.0
62 0.005
63 0.023
64 0.0171
65 0.0087
66 0.0155
67 0.0
68 0.0191
69 0.0066
70 0.0156
71 0.0155
72 0.0
73 0.0293
74 0.005
75 0.011
76 0.0128
77 0.0111
78 0.0352
79 0.0
80 0.0
81 0.0
82 0.0021
83 0.0098
84 0.0
85 0.0
86 0.0082
87 0.0163
88 0.0148
89 0.0023
90 0.0154
91 0.0048
92 0.0053
93 0.001
94 0.0193
95 0.0143
96 0.0136
97 0.0
98 0.0019
99 0.0
100 0.0
101 0.0
102 0.0
103 0.0
104 0.0
105 0.0
106 0.0013
107 0.0144
108 0.0322
109 0.0
110 0.0045
