-73 1
-72 0
-71 0
-70 0
-69 0
-68 0
-67 0
-66 0
-65 0
-64 0
-63 0
-62 0
-61 0
-60 0
-59 0
-58 0
-57 0
-56 0
-55 0
-54 0
-53 0
-52 0
-51 0
-50 1
-49 0
-48 1
-47 0
-46 0
-45 0
-44 1
-43 3
-42 4
-41 3
-40 1
-39 1
-38 3
-37 4
-36 8
-35 7
-34 5
-33 11
-32 23
-31 30
-30 34
-29 37
-28 46
-27 70
-26 110
-25 114
-24 182
-23 220
-22 308
-21 423
-20 520
-19 713
-18 971
-17 1249
-16 1732
-15 2458
-14 3355
-13 4585
-12 6284
-11 8948
-10 12660
-9 18219
-8 26919
-7 40194
-6 62105
-5 101133
-4 177311
-3 355880
-2 848737
-1 3631576
0 1099400565
1 4088929
2 537024
3 254871
4 145350
5 88171
6 55899
7 36892
8 24737
9 17124
10 12006
11 8557
12 6105
13 4382
14 3271
15 2321
16 1691
17 1173
18 931
19 714
20 527
21 385
22 288
23 183
24 176
25 127
26 114
27 78
28 48
29 27
30 38
31 22
32 23
33 8
34 6
35 6
36 5
37 5
38 3
39 3
40 1
41 5
42 1
43 2
44 2
45 0
46 0
47 0
48 2
49 0
50 1
51 0
52 0
53 0
54 0
55 0
56 0
57 0
58 0
59 0
60 0
61 0
62 0
63 0
64 0
65 0
66 0
67 0
68 0
69 0
70 0
71 0
72 1
