2 0.6365839916144782
3 0.5967722675232217
4 0.5674851400771367
5 0.5468485481977273
6 0.5311982189789644
7 0.519135805013735
8 0.5096624277329783
9 0.5016197629782209
10 0.4947507297437313
11 0.48910852736637594
12 0.4844012566669102
13 0.48049579658324537
14 0.47657852122926275
15 0.4741894128384825
16 0.4697214214902828
17 0.4674577574819213
18 0.46452651450740956
19 0.4630165545018402
20 0.4605206959629047
21 0.46012817914730997
22 0.45793295877922036
23 0.456191732651175
24 0.4545663037940264
25 0.4520536495135788
26 0.45121394335511983
27 0.45052396782168014
28 0.44972458919632025
29 0.4482178725427792
30 0.4470972739228317
31 0.44645149975886106
32 0.4471694199622425
33 0.44363967387002295
34 0.4435773935649294
35 0.4417426139208813
36 0.4441795877981043
37 0.44373801594510043
38 0.442693157044385
39 0.4398042156785348
40 0.4405844587115342
41 0.4413905410638573
42 0.4384858744519065
43 0.43950351592802983
44 0.43947618781129333
45 0.4373630158431962
46 0.43563139692070013
47 0.44032612352324224
48 0.43429082373980105
49 0.435245922239815
50 0.4392268302290248
51 0.435451946338245
52 0.43139543107716244
53 0.43641859910106995
54 0.43445196091435645
55 0.4347718253968254
56 0.4381654835847382
57 0.43362776810151776
58 0.43919336031277867
59 0.4326820332773622
60 0.433895373973195
61 0.429743394066584
62 0.43671957671957673
63 0.434664461247637
64 0.4269344836883257
65 0.4361528170060948
66 0.4337246894674153
67 0.4455169853350659
68 0.42842171452525674
69 0.43022980336413175
70 0.4259794898764134
71 0.4219128329297821
72 0.42995839112343964
73 0.4217660728117738
74 0.43609341825902337
75 0.433729216152019
76 0.4272930648769575
77 0.43699565487274983
78 0.4413369713506139
79 0.4247517188693659
80 0.43898156277436345
81 0.4344894026974952
82 0.4328042328042328
83 0.4510035419126328
84 0.421259842519685
85 0.40212443095599393
86 0.4204946996466431
87 0.4542056074766355
88 0.46107784431137727
89 0.42403628117913833
90 0.43434343434343436
91 0.44837758112094395
92 0.47249190938511326
93 0.4
94 0.453125
95 0.39316239316239315
96 0.3915343915343915
97 0.42857142857142855
98 0.3383458646616541
99 0.48672566371681414
100 0.47863247863247865
101 0.34285714285714286
102 0.4235294117647059
103 0.46236559139784944
104 0.3793103448275862
105 0.3787878787878788
106 0.391304347826087
107 0.38235294117647056
108 0.4864864864864865
109 0.3333333333333333
110 0.3
111 0.2631578947368421
112 0.43478260869565216
113 0.4230769230769231
114 0.34782608695652173
115 0.38095238095238093
116 0.3333333333333333
117 0.5454545454545454
118 0.3333333333333333
119 0.36363636363636365
120 0.42857142857142855
121 0.8333333333333334
122 0.5555555555555556
123 0.5384615384615384
124 0.38461538461538464
125 0.36363636363636365
126 0.375
127 0.3333333333333333
128 0.42857142857142855
129 0.6
130 0.6
131 0.2
132 0.0
133 0.0
134 0.5
135 1.0
136 0.6
137 0.6666666666666666
138 0.5
139 0.3333333333333333
140 0.5
141 0.3333333333333333
142 1.0
143 0.0
144 1.0
145 0.0
146 0
147 0
148 0
149 1.0
150 0.5
151 0.5
152 0.0
153 0
154 0
155 0.0
156 0
157 1.0
158 0.3333333333333333
159 0.6666666666666666
160 0.0
161 0
162 0
163 0
164 0
165 0
166 0
167 0
168 0
169 0
170 0
171 0
172 0
173 0
174 0
175 0
176 0
177 0
178 0
179 0
180 0
181 0
182 0
183 0
184 0
185 0
186 0
187 0
188 0
189 0
190 0
191 0
192 0
193 0
194 0
195 0
196 0
197 0
198 0
199 0
200 0
201 0
202 0
203 0
204 0
205 0
206 0
207 0
208 0
209 0
210 0
211 0
212 0
213 0
214 0
215 0
216 0
217 0
218 0
219 0
220 0
221 0
222 0
223 0
224 0
225 0
226 0
227 0
228 0
229 0
230 0
231 0
232 0
233 0
234 0
235 0
236 0
237 0
238 0
239 0
240 0
241 0
242 0
243 0
244 0
245 0
246 0
247 0
248 0
249 0
250 0
251 0
252 0
253 0
254 0
255 0
256 0
257 0
258 0
259 0
260 0
261 0
262 0
263 0
264 0
265 0
266 0
267 0
268 0
269 0
270 0
271 0
272 0
273 0
274 0
275 0
276 0
277 0
278 0
279 0
280 0
281 0
282 0
283 0
284 0
285 0
286 0
287 0
288 0
289 0
290 0
291 0
292 0
293 0
294 0
295 0
296 0
297 0
298 0
299 0
300 0
301 0
302 0
303 0
304 0
305 0
306 0
307 0
308 0
309 0
310 0
311 0
312 0
313 0
314 0
315 0
316 0
317 0
318 0
319 0
320 0
321 0
322 0
323 0
324 0
325 0
326 0
327 0
328 0
329 0
330 0
331 0
332 0
333 0
334 0
335 0
336 0
337 0
338 0
339 0
340 0
341 0
342 0
343 0
344 0
345 0
346 0
347 0
348 0
349 0
350 0
351 0
352 0
353 0
354 0
355 0
356 0
357 0
358 0
359 0
360 0
361 0
362 0
363 0
364 0
365 0
366 0
367 0
368 0
369 0
370 0
371 0
372 0
373 0
374 0
375 0
376 0
377 0
378 0
379 0
380 0
381 0
382 0
383 0
384 0
385 0
386 0
387 0
388 0
389 0
390 0
391 0
392 0
393 0
394 0
395 0
396 0
397 0
398 0
399 0
400 0
401 0
402 0
403 0
404 0
405 0
406 0
407 0
408 0
409 0
410 0
411 0
412 0
413 0
414 0
415 0
416 0
417 0
418 0
419 0
420 0
421 0
422 0
423 0
424 0
425 0
426 0
427 0
428 0
429 0
430 0
431 0
432 0
433 0
434 0
435 0
436 0
437 0
438 0
439 0
440 0
441 0
442 0
443 0
444 0
445 0
446 0
447 0
448 0
449 0
450 0
451 0
452 0
453 0
454 0
455 0
456 0
457 0
458 0
459 0
460 0
461 0
462 0
463 0
464 0
465 0
466 0
467 0
468 0
469 0
470 0
471 0
472 0
473 0
474 0
475 0
476 0
477 0
478 0
479 0
480 0
481 0
482 0
483 0
484 0
485 0
486 0
487 0
488 0
489 0
490 0
491 0
492 0
493 0
494 0
495 0
496 0
497 0
498 0
