0 0.4277
1 0.4325
2 0.4274
3 0.4334
4 0.4316
5 0.4369
6 0.4347
7 0.4286
8 0.4297
9 0.4282
10 0.4256
11 0.4332
12 0.4329
13 0.4307
14 0.4363
15 0.4331
16 0.4324
17 0.4331
18 0.4358
19 0.4298
20 0.4332
21 0.4386
22 0.43
23 0.4336
24 0.4299
25 0.4299
26 0.4307
27 0.4314
28 0.4303
29 0.4278
30 0.4291
31 0.4312
32 0.4379
33 0.4325
34 0.4366
35 0.4344
36 0.4312
37 0.4311
38 0.4348
39 0.4283
40 0.427
41 0.4329
42 0.4333
43 0.4317
44 0.4324
45 0.4264
46 0.4325
47 0.4287
48 0.4307
49 0.436
50 0.4323
51 0.4366
52 0.431
53 0.4289
54 0.4322
55 0.4311
56 0.4283
57 0.4343
58 0.4334
59 0.4326
60 0.4308
61 0.431
62 0.4318
63 0.4298
64 0.4299
65 0.4299
66 0.4305
67 0.4293
68 0.4353
69 0.4292
70 0.4386
71 0.4308
72 0.4313
73 0.4372
74 0.4315
75 0.4307
76 0.4307
77 0.4351
78 0.4341
79 0.4249
80 0.4357
81 0.4332
82 0.4324
83 0.4289
84 0.4292
85 0.4288
86 0.427
87 0.4343
88 0.4311
89 0.4308
90 0.4287
91 0.4319
92 0.4279
93 0.4317
94 0.4316
95 0.4315
96 0.4388
97 0.4278
98 0.4321
99 0.4289
100 0.4387
101 0.4296
102 0.429
103 0.4417
104 0.4229
105 0.434
106 0.4319
107 0.42
108 0.4353
109 0.4316
110 0.4327
