2 0.6367715217616986
3 0.5935296982821353
4 0.5680912731276518
5 0.5513063051004409
6 0.5397576519915702
7 0.5312946335047316
8 0.5246659768822692
9 0.5198201748962319
10 0.5157296879156256
11 0.5127604779521902
12 0.5099750841360012
13 0.5078138331237791
14 0.5061609788777633
15 0.5046630112283687
16 0.5033993251569092
17 0.5024948792603182
18 0.5014085044138904
19 0.5007510511502871
20 0.5000455397074675
21 0.49935588447129253
22 0.4987338879284169
23 0.49840445589562177
24 0.49839196108061234
25 0.4980798636347992
26 0.4980534931127406
27 0.4976746964890029
28 0.49771114200201594
29 0.49724244350409463
30 0.49694107107639135
31 0.49695785825727196
32 0.49741415868748634
33 0.4968456800324234
34 0.49719568470990644
35 0.49637685736414655
36 0.4969033218485507
37 0.4963639040996284
38 0.49587347195727427
39 0.4965799051039912
40 0.49636309501401443
41 0.49639722151563254
42 0.49614841532804876
43 0.49596172869932353
44 0.49566353526813955
45 0.49616794687394805
46 0.49579608055060675
47 0.4961796563555995
48 0.49606790478470936
49 0.4958680657513888
50 0.49645562712789304
51 0.49607555783804685
52 0.4958471155484496
53 0.4963776165533262
54 0.4956103369467685
55 0.4962703833268551
56 0.4959765171714556
57 0.49512445904494046
58 0.4965154552298142
59 0.49656041833400527
60 0.49571080999134765
61 0.49590624944704664
62 0.49593328295857136
63 0.4961920321729295
64 0.49621659479334757
65 0.49632553432653664
66 0.4958219057807842
67 0.4962293195783059
68 0.49696283520600076
69 0.49637805104937494
70 0.49642849216013274
71 0.49589906297722725
72 0.4962268501952178
73 0.4959578204528929
74 0.49580102184229236
75 0.4966368742862681
76 0.4966206769967596
77 0.4963059418038656
78 0.4967668987275437
79 0.4972391106279116
80 0.49700997592019264
81 0.4954610085237875
82 0.49531618483000456
83 0.4970503738058911
84 0.4965472907322531
85 0.4961237683071961
86 0.4966610756428075
87 0.4962583410813168
88 0.4966206445051669
89 0.4958721128635349
90 0.49572026659116625
91 0.4961086913384808
92 0.4971843041351712
93 0.4961670664457578
94 0.49657803170435105
95 0.496139726074916
96 0.49638562987018325
97 0.49599743721656947
98 0.496918839852085
99 0.4969182888875328
100 0.4971353586372527
101 0.4972329530366117
102 0.496457464193997
103 0.49693085777732604
104 0.4956584471460866
105 0.49757699848216547
106 0.4970354587086977
107 0.49604803858624985
108 0.49732818427258124
109 0.49618982072671186
110 0.4957364704040744
111 0.49716447730803054
112 0.4964254702289967
113 0.4969736830668224
114 0.4982237750778379
115 0.4968042214143039
116 0.4966019156102493
117 0.49636730956938885
118 0.4976528693099283
119 0.49739373786640184
120 0.4967387819886315
121 0.4971999234112987
122 0.49772979259794164
123 0.49693480101608806
124 0.49664779268914283
125 0.49751282998727264
126 0.49751447404613797
127 0.4971871182248261
128 0.4967487848138971
129 0.4971716063122157
130 0.49656631424538483
131 0.4969372476065157
132 0.49778809259441453
133 0.49700908614115413
134 0.4975517742478148
135 0.49764239621056344
136 0.49742243714013956
137 0.4959155115318114
138 0.4966585024817513
139 0.49747036255011456
140 0.49792637007016693
141 0.49770122816832796
142 0.49662782157465485
143 0.4979579585394901
144 0.4972151306686415
145 0.4968494082169641
146 0.49825822032619144
147 0.49611084346019985
148 0.4967491508976225
149 0.49645855675483913
150 0.4969061423892333
151 0.4971057473214969
152 0.4953172407452295
153 0.4977095116927689
154 0.4972841948417744
155 0.49813280579043845
156 0.49786671603428756
157 0.4976694194459914
158 0.4987853419611921
159 0.49739358512201715
160 0.4965232685479143
161 0.49666328272292193
162 0.49599772386646984
163 0.49697014935501166
164 0.49613430578337053
165 0.497626545958701
166 0.49697956841722907
167 0.4962786889821284
168 0.49601952684941797
169 0.4974288912923853
170 0.49686194464050665
171 0.4978977883581631
172 0.4979243509076445
173 0.496399892251578
174 0.4989348636650005
175 0.49610337149500483
176 0.4994448359855089
177 0.49805471622691916
178 0.49784202199034666
179 0.4985305729125937
180 0.4978772831252885
181 0.498355695366097
182 0.4971771275476424
183 0.49756393226983736
184 0.4967134879702731
185 0.4982904657659528
186 0.4985028473698563
187 0.4978508372032441
188 0.49716845236345364
189 0.49814914307204644
190 0.49799799393855826
191 0.4981801253903134
192 0.4995265436592428
193 0.49770411450094987
194 0.49724312849778074
195 0.4978960495726828
196 0.49794871938090146
197 0.49792612521719637
198 0.4972137234683931
199 0.4956756741444124
200 0.4979961695680759
201 0.49961763956156
202 0.4968995643253959
203 0.4982551466635673
204 0.4993727352826192
205 0.49722932089820937
206 0.4982266623748254
207 0.49739559400319583
208 0.4986249585695986
209 0.4966355656755604
210 0.49832586426692144
211 0.49743141624360876
212 0.4967263469069675
213 0.4970951510307084
214 0.49829177314255313
215 0.4978986326401041
216 0.4977978217213306
217 0.49567523498046123
218 0.49815288166180915
219 0.49596950235692366
220 0.49765821375163066
221 0.49925942004928686
222 0.4963924917632037
223 0.49916058629818555
224 0.49758124273968346
225 0.49876339385824364
226 0.4982575441161115
227 0.4985544396076992
228 0.4979842232089584
229 0.4980639462288462
230 0.4987530339501948
231 0.498707336243081
232 0.4975647553686075
233 0.4990815564422255
234 0.4992870320936928
235 0.49859654607610593
236 0.4974714148823347
237 0.4984318736206296
238 0.49705939910803487
239 0.4987292709084075
240 0.4980201204181782
241 0.4977137536135201
242 0.4970040016481483
243 0.49786456869907275
244 0.4977095901223431
245 0.49950378781189847
246 0.49666010393941007
247 0.4988461992551277
248 0.4988270741418272
249 0.49730893433799783
250 0.49919581898156346
251 0.49782366784026855
252 0.49975707141369824
253 0.4978038816985265
254 0.4982346764427175
255 0.49672489887342414
256 0.4991215578939582
257 0.4987309221471686
258 0.49717259129396846
259 0.49854942089283705
260 0.4974459208028717
261 0.4980208341202154
262 0.4983097505085874
263 0.4966793619210717
264 0.49692091409885164
265 0.497759586550608
266 0.4987515053113927
267 0.49888036443945116
268 0.4977979535286924
269 0.4985310191393865
270 0.4987951619924134
271 0.4966100171550717
272 0.49755199315264803
273 0.4970615478607044
274 0.4964271520546856
275 0.49850681912549105
276 0.4973324788721112
277 0.49868358738491425
278 0.4985125696918463
279 0.4986385350959873
280 0.49726376497861496
281 0.49802344213891214
282 0.4983959529914356
283 0.49712461889466186
284 0.4984339733734585
285 0.497491107072083
286 0.4979084493704762
287 0.49901757630294974
288 0.4978334593190164
289 0.4959403954532429
290 0.4969169220221647
291 0.49887614014007287
292 0.49579484409484703
293 0.4992586253643327
294 0.4982511464234563
295 0.4989101539460975
296 0.49774990588959994
297 0.49902398335182174
298 0.4979635510147729
299 0.4998254001784798
300 0.4977468800457117
301 0.4980724615684829
302 0.4999045776694397
303 0.49758903129241017
304 0.4968461592448328
305 0.4987237332888141
306 0.49822651231735726
307 0.4972595803649155
308 0.49713495180292755
309 0.4984407971341004
310 0.4961857987478158
311 0.49876501073317947
312 0.4980159626874441
313 0.4982109898282641
314 0.5007294890849343
315 0.4995393638660598
316 0.49797742754351043
317 0.4969095663282891
318 0.49585653810188446
319 0.49796687860416977
320 0.4990948554539577
321 0.49706103715606287
322 0.4957894736842105
323 0.4973734468315597
324 0.4966954777261137
325 0.4987386490155825
326 0.49832599781815445
327 0.49612957232479615
328 0.4970738100081848
329 0.4963248892724703
330 0.4997978971795957
331 0.4985304782625291
332 0.49887368536843163
333 0.498646988830461
334 0.4989886663367621
335 0.4972477505653659
336 0.497364883813134
337 0.49777594328169766
338 0.4977611431797607
339 0.4985535338580223
340 0.49730864016787446
341 0.4981157509445844
342 0.49851121746052024
343 0.49738578517609605
344 0.49931786504070647
345 0.496449200822915
346 0.49703128965953147
347 0.49831728966120764
348 0.49804912787490346
349 0.4961945106256517
350 0.49912742605818505
351 0.4979530175995166
352 0.49869372533364326
353 0.49872307715648245
354 0.4980443285528031
355 0.4982790925013238
356 0.49792900771566223
357 0.4988128509525397
358 0.499183562737701
359 0.49697003962848935
360 0.4998074741116856
361 0.49652590826346693
362 0.4977790403388255
363 0.49837484214231
364 0.49903994754835385
365 0.49704385942025203
366 0.49697684861269203
367 0.4990674183205147
368 0.4990075572291207
369 0.4983644994321542
370 0.4989661506166361
371 0.49908757684601346
372 0.4982487325662116
373 0.4984192105569243
374 0.4979852267612719
375 0.4989834215429697
376 0.4993320879834379
377 0.4984309316909175
378 0.49708635944897916
379 0.4999973166896537
380 0.4961881275889303
381 0.49706076225672946
382 0.49949343085466613
383 0.49959229824199003
384 0.5002680965147454
385 0.49881075210426284
386 0.4982144023691832
387 0.49793664346074695
388 0.4988424971268634
389 0.500618081078993
390 0.4964880627238067
391 0.49729328390875294
392 0.5008414619293836
393 0.4962141982796342
394 0.49818147492101217
395 0.4974940972067537
396 0.49666929103081675
397 0.4993080651035101
398 0.4973557759856127
399 0.4990681988367969
400 0.4974256711844166
401 0.49883678355161243
402 0.4978382380368376
403 0.49657324058919805
404 0.49836056225586634
405 0.497444886632903
406 0.4979308450051228
407 0.4985464866259568
408 0.49594277849125495
409 0.49990779054622575
410 0.49991666139813434
411 0.5002991910334749
412 0.4976658085789489
413 0.4995837476585806
414 0.49835319722850907
415 0.4969611209056324
416 0.4976314087436852
417 0.4976798347503994
418 0.4962205085134
419 0.4961883076559127
420 0.4998873807124652
421 0.49925102281272016
422 0.49780784684471757
423 0.4971102046641059
424 0.4988212601800257
425 0.49841224448456034
426 0.49981182008805625
427 0.49755023363788814
428 0.4972997218982686
429 0.4980023839615691
430 0.4967921274466058
431 0.5006993934570536
432 0.4997796332856375
433 0.49854363346796904
434 0.4988127831754416
435 0.4994180336813007
436 0.4969317683728632
437 0.4990841596248718
438 0.4982956287168169
439 0.49920499993884615
440 0.4972018756321064
441 0.49789019169466436
442 0.49952047804650135
443 0.4982230392156863
444 0.49670252744823523
445 0.49814760111267015
446 0.4992829768821857
447 0.49806684263355516
448 0.5010415047411783
449 0.49747383616023094
450 0.49969760264363877
451 0.4969202773938981
452 0.4983842482997031
453 0.4993920498830865
454 0.49849759615384615
455 0.49833271582067434
456 0.4992517605633803
457 0.499058711313035
458 0.4992535292005518
459 0.49798581200912084
460 0.4997883190001074
461 0.49568189194865364
462 0.500188244603123
463 0.4969892610585528
464 0.4986677624187014
465 0.49976459054879424
466 0.5002544299802253
467 0.499704670065101
468 0.49674283809084147
469 0.49611363035303074
470 0.4976874825669268
471 0.4960733155045333
472 0.4987391919099777
473 0.49925772845287064
474 0.4992589981132199
475 0.4983399777792301
476 0.4978783222727124
477 0.4997647181846701
478 0.4981699423712553
479 0.49890228351321864
480 0.4971019927500477
481 0.5004021041251928
482 0.49603307852858486
483 0.4975899466345326
484 0.4989176984608007
485 0.498203004072305
486 0.4972772277227723
487 0.5003969657141714
488 0.49648051930705633
489 0.4982112355923769
490 0.49842767295597484
491 0.49733606142252296
492 0.4977633321620672
493 0.4999390012470856
494 0.499210057025068
495 0.501236018803696
496 0.4980690824441245
497 0.49524707784552163
498 0.498418244165892
