2 0.7552153510198393
3 0.7192202157482342
4 0.6910636610362733
5 0.6712123635200559
6 0.6524484215759384
7 0.6424170440204885
8 0.6260152596603495
9 0.6202266900553232
10 0.6125769462884731
11 0.6072071145838688
12 0.6006835269993165
13 0.5896631154621365
14 0.5869486185167232
15 0.5844530673764551
16 0.5763141228625712
17 0.5795170983727551
18 0.5735833969396286
19 0.5665390592426942
20 0.5697927810135108
21 0.5681680712931974
22 0.5596265851542814
23 0.5620206521273405
24 0.5505164693886598
25 0.5522491031183884
26 0.5522303248413676
27 0.5581573528707561
28 0.5531510820130942
29 0.5534105534105535
30 0.5574940110405167
31 0.5414605606084782
32 0.5442110405471422
33 0.5403401170894898
34 0.5433306479456784
35 0.5484397783610382
36 0.5373294405052732
37 0.5410186032326929
38 0.5368166604685757
39 0.5425806046131607
40 0.536546236283129
41 0.53830472808575
42 0.5361559139784946
43 0.5366677931733694
44 0.5368709346114344
45 0.5363032915896804
46 0.5378286033052089
47 0.5345674617301531
48 0.5248232120726106
49 0.5332680280310451
50 0.5320378151260504
51 0.5274741616477061
52 0.5233152594887684
53 0.5369259902161906
54 0.5313751668891856
55 0.5211121733588273
56 0.5197013687266694
57 0.5281964436917866
58 0.5329065300896286
59 0.5243754337265788
60 0.5339764016880544
61 0.5351808685142019
62 0.5187208175491146
63 0.5256660746003552
64 0.5233520149452896
65 0.5200143279305095
66 0.5258858087020378
67 0.5226831747205026
68 0.5188035010099067
69 0.5220212347620921
70 0.521564399137424
71 0.5258493353028065
72 0.5156095633274056
73 0.5187730816577759
74 0.522946234331296
75 0.5250283827020332
76 0.5180910792264504
77 0.517733429841795
78 0.5185378046240366
79 0.5238495482244169
80 0.521147874504765
81 0.5172451075791977
82 0.5053092501368364
83 0.5229878659690527
84 0.5209998874000675
85 0.5118136813681368
86 0.5147440967122359
87 0.5166609412572999
88 0.5148113862531821
89 0.513260894964365
90 0.5059756241864868
91 0.50431654676259
92 0.5174637945722284
93 0.5142857142857142
94 0.5093562874251497
95 0.5100087032201914
96 0.5151593011305241
97 0.507533805537669
98 0.5141860312026858
