0 1.0 1.0 69851
1 0.08733080729474148 1.326857228728143 2142749
2 0.19715893604399481 1.7484568148658832 1434533
3 0.13111605157847933 2.7579902178746107 1293175
4 0.17099785798003475 3.557369761144566 1138178
5 0.1824822365362906 4.330743519932709 1039071
6 0.19891001632574667 5.09389705176222 957996
7 0.2272184433251986 6.134326808245496 885914
8 0.2274497886565185 7.098792717628533 832531
9 0.24863937529578797 8.105241362991007 777584
10 0.26723282915943464 9.173134143317629 742072
11 0.2824551697204413 10.31200572786149 706721
12 0.28113758229824204 11.283038077784566 677718
13 0.24598684675765506 12.353475708931477 650486
14 0.2892637587822014 13.33171106557377 628544
15 0.3033686236766121 14.985717035611165 597425
16 0.3371575004928051 16.363256455746107 583395
17 0.36292892917753217 17.41860176331802 555657
18 0.3280237237873332 18.396144884558357 542915
19 0.3165908990598932 20.14534139559518 521111
20 0.39580680371111515 22.364153174458796 505724
21 0.3403942471166659 23.185222625557138 500549
22 0.381073207405319 24.358988816840522 489486
23 0.3348712967459932 25.08319572608062 473570
24 0.2964954201513341 27.11101154918359 462024
25 0.37360442486940487 28.63510191539486 449098
26 0.37554955241273374 30.468033264473753 434217
27 0.38333333333333336 31.768376068376067 430560
28 0.42408086193491057 32.53593246695546 414138
29 0.4597818677573279 35.471256532606226 404892
30 0.40273372166791627 37.14914354922429 398797
31 0.365543510108409 38.990331087020216 392495
32 0.3706957967228687 40.146283543101404 387412
33 0.4529461894326759 42.34556854151449 377844
34 0.440457585797337 43.94986559979996 367931
35 0.5605503423788993 46.49258179051483 362756
36 0.3657091330671132 47.1487826871055 357098
37 0.44846209576500035 49.99387472831456 349209
38 0.4360539199248877 50.501374823955466 342953
39 0.5056248305773923 53.799064787205204 339388
40 0.3861570247933884 51.86976584022039 333960
41 0.47765186175828817 55.95762652213698 326761
42 0.42742051503380807 60.291181125017985 319746
43 0.43126762600332635 58.695205727095235 318067
44 0.3797486849795441 62.93381063705436 314824
45 0.47267441860465115 64.07834302325581 316480
46 0.5952345605700713 68.13576306413302 309856
47 0.56579644343549 69.22807415815362 303945
48 0.41156858184073813 69.9930216329379 296631
49 0.5361498605021922 74.29509764846553 288535
50 0.45405448336113097 69.1424827257565 289593
51 0.4623664362036455 73.35818667504714 292744
52 0.4681528662420382 79.73321901028908 281658
53 0.6112965125980311 82.18012681461705 275678
54 0.4605860503508048 78.57251341312423 278645
55 0.4963613550815558 85.3137599330824 274965
56 0.3851268591426072 84.4148731408574 262890
57 0.5412403238722306 88.26310169943945 258497
58 0.6054659498207885 94.6844982078853 256680
59 0.4536185707783341 95.95238962221211 252655
60 0.7035901136568645 98.41998917553671 254978
61 0.6991972580499685 100.26770091097681 255001
62 0.4459085882786583 97.81487283450055 249596
63 0.5472664617677191 105.57213374313123 246951
64 0.4543936160341468 98.82908044910458 247871
65 0.509765625 105.45340401785714 247296
66 0.5586008624820317 110.83037853378055 240005
67 0.6634254356407048 125.39799749687108 238901
68 0.4884393063583815 109.2356986246761 230782
69 0.537737778686848 115.59521374514216 224894
70 0.5425261660400366 119.47352911289504 226343
71 0.45423901940755873 112.2050051072523 225170
72 0.3959510841640119 120.95355050868359 223813
73 0.5279991499309319 125.48730209329509 216453
74 0.4213742094543895 130.91853360488798 214567
75 0.585321493527335 132.29817053600087 214981
76 0.35032327586206896 128.20247844827585 213440
77 0.4885986511080184 135.60775077614815 214843
78 0.5367298578199052 140.6638302455838 213532
79 0.6137376372133464 135.70557548092597 211623
80 0.5203449800973021 144.12273330384787 208012
81 0.5412486064659978 145.97469342251952 206310
82 0.27467569091934574 140.2038353073886 203895
83 0.5420635831516125 148.37977734419832 200399
84 0.6201649436636079 153.7766291090719 198007
85 0.5299768518518518 158.7582175925926 198720
86 0.40796831314072696 147.46109040074558 197432
87 0.6320565704183854 151.0492634060106 195155
88 0.5362975324830135 155.87781618786505 192947
89 0.25968246331489053 168.43841712773636 191222
90 0.5391336002912268 180.62577357116854 189543
91 0.3124923076923077 154.1451076923077 186875
92 0.5845404595404595 179.873001998002 184184
93 0.5463481398531791 179.79557048649994 184851
94 0.48669055541336065 156.6062196058357 179722
95 0.6938541799211095 178.3821096831658 180757
96 0.6979194100605741 198.7945746642086 174662
97 0.3084346906398731 187.00832892649393 173972
98 0.8586695164306706 201.7144002137323 172178
99 0.5923549488054608 202.9871672354949 168475
100 0.6831236323851203 200.5652352297593 168176
101 0.30240980637971865 193.55160885917257 165117
102 0.8170377541142304 209.26566173419997 166313
103 0.1620618556701031 200.36027491408936 167325
104 0.4838084694159978 201.07279269305286 166198
105 0.4271473439847057 221.0659565751741 168429
106 0.4767914738465853 200.50371616884027 164013
107 1.072539592760181 235.4514988687783 162656
108 0.32464900853958606 199.45766391663048 158907
109 0.6003526300323244 229.35057302380253 156538
110 0.46420664206642065 241.59896678966788 155825
111 0.09407768424161866 217.5798257273667 155733
112 0.482545293857711 232.13580792458387 156147
113 0.5001515151515151 218.27560606060607 151800
114 0.4448739755682697 226.78722746250193 148741
115 0.7200923787528868 258.1147036181678 149385
116 0.19320527067788537 257.642959199873 144877
117 0.3408406026962728 245.2385408406027 145015
118 0.23647262975232686 239.37576904874587 145797
119 0.3756472618860819 236.55107484701082 146579
120 0.6172097437519772 239.03131920278392 145406
121 0.698793242156074 244.67691069991955 142945
122 0.5698223887893107 239.6957796969203 141151
123 0.2289534499834929 238.50858369098714 139334
124 0.5872131147540983 259.19245901639346 140300
125 0.2330208847229074 253.3627692813682 139863
126 0.3360669181564704 274.2337215023782 140231
127 0.38040298992525184 268.3046798830029 141542
128 -0.06734226871526643 240.25237005557372 140714
129 0.523305785123967 262.9269421487603 139150
130 0.30597527472527475 266.9368131868132 133952
131 0.2362081005586592 296.0731494413408 131744
132 0.32470258922323303 266.3257522743177 131468
133 0.34719260838663824 293.81627576403696 129444
134 0.05889724310776942 260.0900465449338 128478
135 0.32300250806162667 275.1499462558223 128386
136 0.6701465201465201 319.0401098901099 125580
137 0.2107163214896447 302.72487174615236 121049
138 0.7670743179680151 323.0146754468485 122245
139 0.06044578768417076 292.6845485455232 121762
140 0.7249952910152571 302.56036918440384 122107
141 0.8429319371727748 348.15145848915483 123004
142 0.48253849042433344 337.5016898235073 122498
143 0.31185270425776757 326.17798235519757 119922
144 0.022950176539819536 302.4199686151432 117254
145 0.47601110229976207 327.8848136399683 116012
146 0.2054636398614852 322.4420931127357 119554
147 0.5166442178179719 312.9976909755628 119531
148 0.38844393592677345 350.29958047292143 120612
149 0.2640373032834661 313.4783368952788 118381
150 0.3967391304347826 332.6129658385093 118496
151 0.7809097978227061 362.8438958009331 118312
152 0.26620884669763684 333.5689759644516 113873
153 0.180028129395218 318.8101265822785 114471
154 0.45640219952867245 364.58601728201097 117116
155 0.28198074277854196 330.54214973472193 117047
156 0.4305193503108081 323.477240826148 114701
157 0.34143377885783716 342.02835155933576 113574
158 -0.3369993774642042 330.5067441377879 110837
159 0.1766435622768326 343.8027725267801 109503
160 0.1545530492898914 355.2439431913116 110124
161 -0.1506732207736696 338.8016670228681 107617
162 0.5326526271006169 377.6634758562008 108123
163 0.16335494666387784 383.9341142020498 109963
164 -0.027689030883919063 353.1876464323749 107985
165 0.29537057161486635 357.88545968267766 105823
166 0.1405944890431764 393.6324582338902 106007
167 -0.1755939524838013 383.6935205183585 106490
168 0.49888938249666814 392.5597512216793 103546
169 -0.20870767104353835 384.47777009905553 99843
170 -0.693767572633552 319.6726804123711 98164
171 -0.03331735378715245 331.9268935762224 95956
172 0.6029235561945843 373.4704049844237 95979
173 0.019769357495881382 349.27841845140034 97727
174 0.3230843141964929 421.06389622868124 95749
175 0.08592233009708738 369.21699029126216 94760
176 -0.0002463054187192118 465.6194581280788 93380
177 -0.01763409257898604 364.6838109233407 93909
178 -0.3143068939955523 395.44699777613044 93081
179 0.7082195182518003 447.8887509312143 92621
180 0.5761834319526628 419.98397435897436 93288
181 0.018653894630703303 419.00630199142927 91241
182 0.40718105423987777 436.69900687547744 90321
183 0.188598694123556 480.7561526870919 91586
184 0.3254882323485228 433.9053580370556 91862
185 0.0061570035915854285 445.6613648024628 89654
186 0.06289640591966174 397.76162790697674 87032
187 0.7021108179419525 521.3839050131926 87170
188 0.41794871794871796 411.7958974358974 89700
189 0.16566970091027308 487.4483745123537 88435
190 0.10586362430352879 440.7983550013266 86687
191 0.27708559046587217 463.53169014084506 84916
192 -0.12289156626506025 464.423828647925 85905
193 0.07489823609226594 457.508276797829 84755
194 -0.047446274072006696 448.1121964833938 82409
195 -0.2611552148918697 434.70791130577607 84019
196 0.020850708924103418 500.10870169585763 82731
197 0.0 477.3129139072848 83352
198 -0.13241379310344828 445.8499310344828 83375
199 -0.14510686164229472 527.3773903262093 81788
200 0.1934296233361654 476.9592183517417 81213
201 -0.0980666853460353 441.827402633791 82087
202 0.278393351800554 501.8722991689751 83030
203 0.3523969722455845 552.3473507148865 82041
204 -0.12936760034652037 506.61391856771587 79649
205 0.6788908765652951 564.5960047704234 77142
206 -0.11668132512459689 466.8097332160657 78453
207 -0.07548845470692718 473.26731793960926 77694
208 0.5030425963488844 528.2833961170675 79373
209 0.2175830638047633 548.4504557483093 78223
210 -0.6049087099670757 515.0023944926669 76843
211 0.10482885085574573 523.2478606356968 75256
212 0.23377019201462967 576.1685461749466 75463
213 0.1676443346711948 605.5125038592158 74497
214 0.35619886721208305 514.2372561359346 73094
215 0.10289901242433896 629.1936922586812 72197
216 0.9744408945686901 655.8907348242811 71990
217 -0.5265529449629868 470.6797553910525 71461
218 0.8028571428571428 710.1552380952381 72450
219 0.20441458733205375 552.9177863083813 71898
220 -0.2682846835027878 532.5313217448344 70127
221 -0.10456885456885456 557.3201415701416 71484
222 -0.46496815286624205 474.43184713375797 72220
223 0.07059195948084837 570.1206077872745 72657
224 0.21852098600932712 547.5882744836775 69046
225 -0.4 516.6086378737541 69230
226 0.14385474860335196 620.8715083798883 65872
227 -0.30725462304409673 519.603840682788 64676
228 -0.136733970952887 686.0304640453419 64929
229 0.645609163484901 658.2297813259285 66263
230 0.08227194492254733 531.7056798623064 66815
231 -0.40744606819763396 533.7992345163535 66102
232 -0.018955650929899856 551.0160944206009 64308
233 0.3004307250538406 692.7182340272792 64078
234 0.2754512635379061 595.98880866426 63710
235 0.06247768654052124 606.27525883613 64423
236 -0.5372972972972972 513.0122522522522 63825
237 0.03692093347265761 605.775687913619 66033
238 -0.11414141414141414 572.8643097643097 68310
239 0.3039248574303925 553.1023146595103 68563
240 0.07994389901823282 679.2685834502104 65596
241 -0.20044215180545322 595.3714075165807 62422
242 0.3583815028901734 702.1055876685934 59685
243 0.1631736526946108 615.498502994012 61456
244 -0.31449814126394054 667.3486988847584 61870
245 -0.9021106259097526 539.2318049490539 63204
246 0.8309037900874635 744.1997084548105 63112
247 -0.2741756206002223 661.3427195257502 62077
248 -0.2137291280148423 670.6011131725418 61985
249 -0.34159881569207995 660.8789785344189 62146
250 0.6845461365341335 640.9891222805701 61318
251 -0.75115562403698 510.6656394453005 59708
252 0.34931237721021613 770.0758349705304 58535
253 -1.184910086004691 534.7478498827209 58834
254 0.42138613861386137 687.6514851485149 58075
255 -0.8967943706020328 688.0641125879594 58834
256 -0.5028340080971659 619.5651821862348 56810
257 -0.1308411214953271 725.218203982121 56603
258 -0.26031353135313534 650.4195544554456 55752
259 -0.4779717373233583 739.8113050706567 55338
260 -1.0276859504132232 532.9128099173554 55660
261 -0.23205844434894715 740.1675977653631 53521
262 -0.5545104745617785 707.4300983326208 53797
263 -0.688937093275488 600.9579175704989 53015
264 -0.1786339754816112 653.284588441331 52532
265 0.33497536945812806 728.2651141961487 51359
266 -1.0966183574879227 601.4936319718928 52371
267 -0.12390542907180385 622.795534150613 52532
268 -0.29141104294478526 646.7743207712533 52486
269 -1.0286919831223629 589.9932489451477 54510
270 -0.7302744425385935 560.7525728987993 53636
271 -0.6326265685850281 719.4192990047599 53153
272 -0.7946428571428571 588.9928571428571 51520
273 -0.43191011235955057 677.883595505618 51175
274 -0.884016973125884 809.8901461574729 48783
275 -1.0264677574590952 653.3662175168431 47794
276 -0.6368638239339752 649.033929390188 50163
277 -0.20637813211845102 832.9416856492028 50485
278 -0.01759927797833935 718.5464801444043 50968
279 -0.6200435729847494 684.2732026143791 52785
280 -0.2630853994490358 652.4237832874196 50094
281 -0.37583892617449666 679.6572706935123 51405
282 -1.5484158857652834 619.3244087460955 51543
283 -0.7521252796420582 782.4711409395973 51405
284 -1.0366929865304226 726.7914537854157 49519
285 -0.5432445067788686 790.8676951846658 49197
286 -0.2727272727272727 742.170392449081 46299
287 -1.2662013958125624 693.4765702891326 46138
288 0.05698436712052446 854.8769541099344 45609
289 0.10688956433637285 985.9528875379939 45402
290 -1.5325922182920666 785.7054067710965 45517
291 -0.0980788675429727 730.530839231547 45494
292 -1.4 681.8882352941176 46920
293 -0.14909269249632173 859.301618440412 46897
294 -0.080040020010005 709.0995497748875 45977
295 0.041791044776119404 736.0557213930348 46230
296 -0.729951690821256 1026.0768115942028 47610
297 -1.936914736323312 713.0685066535239 46667
298 -0.7758707723372035 714.6274608783443 45563
299 -1.306745182012848 718.9983940042827 42964
300 -0.5944625407166124 882.5901194353963 42366
301 0.4436974789915966 660.9658263305322 41055
302 -1.6655647382920111 942.331129476584 41745
303 -0.008913649025069638 747.3626740947075 41285
304 -0.052571428571428575 661.8274285714285 40250
305 -1.5780711825487945 871.1165327210103 40066
306 -0.8074807480748075 804.984598459846 41814
307 -0.6858359957401491 654.5931842385517 43194
308 -0.8192207792207792 874.0233766233766 44275
309 -0.4199674443841563 853.0113944655453 42389
310 0.33667017913593256 933.6053740779768 43654
311 -0.8210470085470085 760.980235042735 43056
312 -0.14262295081967213 749.4956284153005 42090
313 -0.018646776771443795 807.529568460309 43171
314 -0.14589003810560697 943.4099074578116 42251
315 -1.347462353597323 889.3976575571668 41239
316 -0.17337627482555018 842.3472893183039 42849
317 -0.10309829059829059 957.4513888888889 43056
318 -0.31890660592255127 912.7779043280182 40388
319 -1.3857142857142857 701.5342857142857 40250
320 -0.9864864864864865 893.3806306306307 40848
321 -0.5055072463768115 779.4782608695652 39675
322 -0.9732868757259001 832.1660859465737 39606
323 -0.8871165644171779 725.1791411042944 37490
324 -1.4787297783103655 906.6506890353505 38387
325 0.6402147971360382 781.0005966587112 38548
326 -2.0632362058276503 941.4792312461252 37099
327 -1.1814187068424356 633.2580037664784 36639
328 -0.7318573185731857 749.59901599016 37398
329 -1.9170225747406955 733.9463087248322 37697
330 -1.3608695652173912 867.0503105590062 37030
331 0.2082574377656345 1115.5840922890104 37881
332 0.043134872417982986 979.3906439854192 37858
333 -1.859452736318408 831.542288557214 36984
334 -0.6835675015271838 788.8704948075748 37651
335 -1.069988137603796 847.6619217081851 38778
336 -1.281570996978852 863.1534743202417 38065
337 -1.2591194968553459 973.4100628930818 36570
338 0.46884833228445566 887.2076777847703 36547
339 0.045542014111610005 860.9974342527261 35857
340 -0.011533242876526458 979.9586160108548 33902
341 -2.0945502298095864 1063.5298752462245 35029
342 -2.1278295605858855 810.4766977363515 34546
343 -0.17204301075268819 1323.6182795698924 34224
344 -0.9166666666666666 998.7039800995025 36984
345 -1.2141943734015346 976.2691815856778 35972
346 -1.140615191462649 877.0313873195229 36639
347 -0.5833333333333334 896.9141791044776 36984
348 -1.2408088235294117 743.2714460784314 37536
349 -1.7007722007722008 848.494851994852 35742
350 -1.8979057591623036 917.42277486911 35144
351 -0.9602053915275995 1243.6662387676508 35834
352 0.47043010752688175 1314.635752688172 34224
353 -0.46591661151555264 847.282594308405 34753
354 -1.485054347826087 1042.5 33856
355 -1.714185393258427 869.1116573033707 32752
356 -0.43932748538011696 1028.594298245614 31464
357 -1.8139029688631427 975.1549601737871 31763
358 -1.4564770390678548 1043.8992460589445 33557
359 -1.8735955056179776 834.6839887640449 32752
360 -0.5908460471567267 704.1456310679612 33166
361 -1.9149223497636731 1117.9527346387576 34063
362 -0.9343263371699391 573.0616113744076 33971
363 -1.1805838424983028 1059.0896130346232 33879
364 -0.6056241426611797 833.7537722908094 33534
365 0.03599712023038157 1050.033117350612 31947
366 -2.1297653958944283 1375.83357771261 31372
367 -2.377590176515733 986.9900230237912 29969
368 -2.1967090501121915 1201.7329842931938 30751
369 -1.674772036474164 875.1367781155016 30268
370 -1.0978260869565217 1123.5963768115942 31740
371 0.16423357664233576 1096.6343065693432 31510
372 -1.3501144164759726 702.4271548436308 30153
373 -1.8992307692307693 1052.8223076923077 29900
374 -0.8229665071770335 1141.1451355661882 28842
375 -1.75 931.6547619047619 27048
376 -1.897165991902834 1462.7117408906884 28405
377 -2.959604286892003 1044.8540807914262 27899
378 -1.3618739903069468 904.3117932148626 28474
379 0.0946938775510204 1269.8302040816327 28175
380 -0.27166666666666667 874.025 27600
381 -1.3790794979079497 1346.3732217573222 27485
382 -1.7965686274509804 1191.799836601307 28152
383 0.5152224824355972 1277.4504293520688 29463
384 0.3041765169424744 861.5949566587865 29187
385 0.19781078967943705 1233.8960125097733 29417
386 -1.5566849100860047 1339.9867083659108 29417
387 -2.283464566929134 1214.0377952755905 29210
388 0.2551610239471511 1250.050371593724 27853
389 -1.9458086367485181 887.502116850127 27163
390 -1.658709106984969 1121.2130857648099 26013
391 -3.3679852805887767 1267.1398344066238 25001
392 -2.7783018867924527 1017.0066037735849 24380
393 0.4590909090909091 961.7954545454545 25300
394 -1.5352348993288591 829.3657718120805 27416
395 -2.364921030756442 757.3458021612635 27669
396 -2.6554472984942428 1204.3914968999113 25967
397 -0.7507136060894386 1246.6460513796385 24173
398 -1.46415770609319 1097.9982078853047 25668
399 -1.2731397459165155 1345.342105263158 25346
400 1.0319148936170213 1375.872340425532 25944
401 -1.568 675.5626666666667 25875
402 -1.698943661971831 910.4031690140845 26128
403 -2.530249110320285 1325.2170818505338 25852
404 -1.5252435783879539 1030.1647475642162 25967
405 -2.499054820415879 1108.1077504725897 24334
406 -2.75 1175.3646953405018 25668
407 -1.763537906137184 1336.005415162455 25484
408 -1.957427536231884 1142.6132246376812 25392
409 -1.0825426944971537 1387.342504743833 24242
410 1.0286844708209693 1546.2413452027695 23253
411 -2.54911131898971 980.3956969130028 24587
412 -3.1444976076555022 1388.1933014354067 24035
413 -2.232535885167464 926.644019138756 24035
414 -1.5028846153846154 1065.939423076923 23920
415 -1.7444551591128254 1037.2892960462873 23851
416 -2.032473734479465 970.7125119388729 24081
417 -1.1634703196347032 1016.5369863013699 25185
418 -1.3074173369079536 1418.088471849866 25737
419 -2.1106976744186046 1127.379534883721 24725
420 -2.2627372627372626 1119.8171828171828 23023
421 -2.737973387922211 1458.916069600819 22471
422 -2.49468085106383 1371.7989361702128 21620
423 -0.544973544973545 1061.336507936508 21735
424 -1.2194871794871796 1006.985641025641 22425
425 -1.0118460019743336 1354.344521224087 23299
426 -0.13069908814589665 1125.2492401215804 22701
427 -0.36428571428571427 1290.3887755102041 22540
428 -2.154166666666667 1180.8666666666666 22080
429 -2.2743055555555554 1146.2604166666667 19872
430 0.3399778516057586 1300.9446290143965 20769
431 -2.494938132733408 954.4904386951631 20447
432 -2.643652561247216 1074.8530066815144 20654
433 -0.13325867861142218 1060.6349384098544 20539
434 -3.119503945885006 910.479143179256 20401
435 -1.2444444444444445 1066.4688888888888 20700
436 -1.3659621802002224 1373.9488320355952 20677
437 -1.5077658303464756 1003.0728793309438 19251
438 -1.700712589073634 1098.6104513064133 19366
439 -2.1238425925925926 964.3391203703703 19872
440 -2.230248306997743 978.2325056433409 20378
441 -1.4259681093394077 833.6765375854214 20194
442 -3.918435754189944 1108.4145251396649 20585
443 -1.64797507788162 1193.5441329179646 22149
444 -0.6755037115588547 1195.118769883351 21689
445 -0.6482084690553745 968.2964169381107 21183
446 -2.874439461883408 1010.5964125560538 20516
447 -1.0032751091703056 906.8351528384279 21068
448 -1.9763779527559056 1823.2317210348706 20447
449 -2.5995316159250588 1353.0772833723654 19642
450 -0.3963344788087056 1694.4192439862543 20079
451 -2.053872053872054 1203.5398428731762 20493
452 -0.5860409145607701 1411.9434416365825 19113
453 -2.5089605734767026 1318.8243727598567 19251
454 -1.7785547785547786 1175.6060606060605 19734
455 -2.427765237020316 1286.518058690745 20378
456 -2.6442641946697565 1181.874855156431 19849
457 -2.070807453416149 959.7826086956521 18515
458 -1.1782051282051282 1563.2833333333333 17940
459 -2.5350756533700136 1352.6726272352132 16721
460 -1.877038895859473 1449.495608531995 18331
461 -1.0575447570332481 1216.497442455243 17986
462 -2.772289156626506 858.8927710843374 19090
463 0.5084364454443194 1317.6400449943758 20447
464 -0.9497005988023952 1115.7281437125748 19205
465 -1.6759708737864079 930.9502427184466 18952
466 -1.6235565819861433 1948.487297921478 19918
467 -3.711302211302211 1603.3648648648648 18722
468 -1.9711286089238844 1277.4461942257217 17526
469 -2.053367217280813 888.886912325286 18101
470 -2.645 953.4675 18400
471 0.23891625615763548 1126.0098522167489 18676
472 -2.8654592496765847 1223.111254851229 17779
473 -1.291237113402062 1140.340206185567 17848
474 -4.894736842105263 1755.7842105263157 17480
475 -1.1154855643044619 1401.6194225721786 17526
476 -2.879951980792317 1654.7695078031213 19159
477 0.1375 1106.94 18400
478 1.8758256274768825 1893.3738441215323 17411
479 -2.0973684210526318 1239.7763157894738 17480
480 -3.6422764227642275 995.3414634146342 16974
481 -2.324749642346209 1405.5722460658083 16077
482 -3.4604904632152587 1625.449591280654 16882
483 -1.7393162393162394 1686.3034188034187 16146
484 -1.3853868194842407 2011.396848137536 16054
485 -0.9458689458689459 1647.6581196581196 16146
486 -2.139705882352941 1171.754411764706 15640
487 0.8084179970972424 1675.609579100145 15847
488 -1.3199404761904763 1422.4895833333333 15456
489 0.024745269286754003 1407.5967976710335 15801
490 -1.1248185776487662 1412.0914368650217 15847
491 -0.4533333333333333 1003.8814814814815 15525
492 -2.194244604316547 1074.441726618705 15985
493 -2.2056737588652484 1460.9631205673759 16215
494 -2.586059743954481 1821.0554765291608 16169
495 1.662686567164179 1709.131343283582 15410
496 -2.8989113530326596 1413.6765163297046 14789
497 -2.918796992481203 1156.7684210526315 15295
498 -0.46615384615384614 2225.6046153846155 14950
499 -2.7373417721518987 1804.4240506329113 14536
500 -1.3841463414634145 951.2835365853658 15088
501 -1.2030303030303031 941.3545454545455 15180
502 -0.8268608414239482 1592.4352750809062 14214
503 -3.613953488372093 1570.4232558139536 14835
504 -3.0529595015576323 791.0467289719626 14766
505 -0.413946587537092 1087.4287833827893 15502
506 -5.648648648648648 1215.5825825825825 15318
507 -4.162717219589258 1306.2543443917853 14559
508 -0.5170278637770898 1760.671826625387 14858
509 -1.5767441860465117 1235.1147286821706 14835
510 -5.057607090103398 966.6794682422452 15571
511 -1.841799709724238 1948.5181422351234 15847
512 -3.405604719764012 1096.2050147492625 15594
513 -4.336012861736334 1109.1109324758843 14306
514 -1.6735395189003437 1418.3539518900343 13386
515 -0.33639705882352944 1210.21875 12512
516 -0.8043087971274686 1298.355475763016 12811
517 -0.5785837651122625 1179.1070811744387 13317
518 -2.127806563039724 1189.5025906735752 13317
519 -4.0946428571428575 1446.8982142857142 12880
520 -3.6633499170812605 1242.8673300165838 13869
521 -2.978494623655914 1483.2939068100359 12834
522 -3.6716141001855287 1603.0705009276437 12397
523 -2.1282527881040894 1126.6449814126395 12374
524 -1.2530973451327434 1443.642477876106 12995
525 -3.45777027027027 1614.7010135135135 13616
526 -1.7520525451559934 1206.270935960591 14007
527 -2.167820069204152 1371.1505190311418 13294
528 -2.1595744680851063 1147.8049645390072 12972
529 -0.7857142857142857 1599.425 12880
530 -1.8389380530973451 2105.5982300884957 12995
531 -3.7627450980392156 1914.386274509804 11730
532 -2.5953757225433525 1274.8265895953757 11937
533 -1.3205128205128205 771.9175824175824 12558
534 -5.6935779816513765 1487.28623853211 12535
535 -2.9251824817518246 2115.2463503649633 12604
536 -1.7586837294332724 1158.18281535649 12581
537 -2.199203187250996 1597.8764940239043 11546
538 0.689922480620155 2608.1162790697676 11868
539 -1.0984848484848484 1411.5871212121212 12144
540 -9.301229508196721 1970.325819672131 11224
541 0.1431451612903226 1407.780241935484 11408
542 -3.3455598455598454 1862.7586872586874 11914
543 -3.6524163568773234 2100.2063197026023 12374
544 0.19056261343012704 2032.568058076225 12673
545 -2.9884393063583814 1050.0828516377649 11937
546 -1.6929460580912863 1521.5269709543568 11086
547 -3.552062868369352 2205.0726915520627 11707
548 -3.121756487025948 898.8383233532934 11523
549 -0.8611111111111112 1383.6904761904761 11592
550 -2.6897880539499037 2004.9595375722542 11937
551 -6.830078125 1226.658203125 11776
552 -5.618290258449304 1952.4811133200794 11569
553 -2.606490872210953 2014.6267748478701 11339
554 -1.6293103448275863 931.4655172413793 10672
555 1.42 1853.2911111111111 10350
556 -2.1674311926605503 717.933486238532 10028
557 -4.150341685649202 1812.5193621867882 10097
558 -0.5227272727272727 1389.9681818181818 10120
559 -1.2283105022831051 1476.150684931507 10074
560 1.385321100917431 1695.1697247706422 10028
561 -3.2427385892116183 1534.2717842323652 11086
562 -0.6526315789473685 2267.0315789473684 10925
563 -1.160676532769556 1116.0063424947145 10879
564 -4.405797101449275 2626.335403726708 11109
565 -1.6969026548672566 1581.5066371681417 10396
566 -3.721311475409836 1187.4262295081967 9821
567 -4.288248337028825 1303.80044345898 10373
568 -1.1682464454976302 1137.2582938388625 9706
569 -2.5072815533980584 1783.4781553398059 9476
570 1.5981941309255079 3083.896162528217 10189
571 -3.2817551963048497 1165.3187066974597 9959
572 -1.4242424242424243 2742.2540792540794 9867
573 -0.5660377358490566 681.0188679245283 9752
574 -1.990950226244344 1547.8914027149322 10166
575 4.079012345679012 3071.116049382716 9315
576 -2.820441988950276 843.0303867403314 8326
577 0.3111111111111111 1764.7506172839505 9315
578 -2.2261306532663316 2046.788944723618 9154
579 0.13002364066193853 1904.224586288416 9729
580 -2.582089552238806 1845.4925373134329 9246
581 -5.341523341523342 3611.8230958230956 9361
582 -3.4607843137254903 2125.2107843137255 9384
583 -1.5795724465558194 1386.2636579572447 9683
584 -4.076719576719577 908.558201058201 8694
585 -3.254691689008043 1397.935656836461 8579
586 -3.5191815856777495 612.3478260869565 8993
587 -3.6262135922330097 1662.4029126213593 9476
588 -1.2146464646464648 1994.719696969697 9108
589 -6.7238605898123325 2541.2975871313674 8579
590 -1.3903614457831326 1609.2024096385542 9545
591 -2.8724373576309796 1371.5968109339408 10097
592 0.6113861386138614 1602.6212871287128 9292
593 0.20963855421686747 1978.710843373494 9545
594 -5.366594360086768 1524.1648590021691 10603
595 -1.9663677130044843 2273.262331838565 10258
596 -3.35 1890.14 9200
597 -2.529680365296804 748.3607305936073 10074
598 -1.3986486486486487 1547.8986486486488 10212
599 -2.612676056338028 1581.443661971831 9798
600 -2.9097744360902253 1813.4611528822056 9177
601 -3.5470737913486006 1819.8880407124682 9039
602 -2.2471131639722866 2203.392609699769 9959
603 0.4797297297297297 597.5923423423424 10212
604 -0.5635491606714629 805.2254196642685 9591
605 -1.4133949191685913 1566.7344110854503 9959
606 -2.7625570776255706 1591.2100456621004 10074
607 -4.303347280334728 2053.102510460251 10994
608 -5.125827814569536 1755.8543046357615 10419
609 -4.576233183856503 1255.4551569506727 10258
610 -2.1145374449339207 1651.1938325991189 10442
611 -3.847826086956522 1119.7753623188405 9522
612 -5.261306532663316 2193.457286432161 9154
613 -4.839572192513369 1423.427807486631 8602
614 -5.816860465116279 2710.357558139535 7912
615 -3.491228070175439 1744.1929824561403 7866
616 -0.39943342776203966 1980.0028328611897 8119
617 -4.215846994535519 2562.379781420765 8418
618 -0.6955307262569832 1399.7513966480446 8234
619 -3.6340782122905027 1723.9022346368715 8234
620 1.5194444444444444 2187.7972222222224 8280
621 1.363905325443787 2169.310650887574 7774
622 -4.850609756097561 1957.8810975609756 7544
623 -2.840220385674931 2438.3553719008264 8349
624 -2.5686274509803924 1560.9495798319329 8211
625 -2.54320987654321 1367.3925925925926 9315
626 -5.6575682382134 2070.5558312655085 9269
627 -0.26329113924050634 1820.3088607594937 9085
628 -4.051679586563307 1303.157622739018 8901
629 -6.399014778325123 2544.847290640394 9338
630 -2.8421052631578947 2038.9656750572083 10051
631 -5.040094339622642 1054.6485849056603 9752
632 -4.0985576923076925 2597.295673076923 9568
633 0.3984375 3259.3307291666665 8832
634 -1.732590529247911 1063.4484679665738 8257
635 -4.037406483790524 1979.6483790523691 9223
636 -3.9974293059125965 1368.3984575835475 8947
637 1.5065274151436032 1210.373368146214 8809
638 -3.8526315789473684 2258.8684210526317 8740
639 -7.221288515406163 1409.703081232493 8211
640 -1.792022792022792 1559.6951566951566 8073
641 -4.97953216374269 1412.108187134503 7866
642 -4.899713467048711 2338.836676217765 8027
643 -3.1363636363636362 3342.5666666666666 7590
644 -4.226229508196721 1747.7147540983606 7015
645 0.05194805194805195 2633.1428571428573 7084
646 -4.200617283950617 1432.6265432098764 7452
647 -4.381270903010034 838.4214046822742 6877
648 0.41338582677165353 2627.01968503937 5842
649 -6.186379928315413 4226.910394265233 6417
650 -5.376899696048632 1952.7021276595744 7567
651 -2.708053691275168 709.9697986577181 6854
652 -4.793814432989691 2687.5154639175257 6693
653 -8.876363636363637 3740.7454545454543 6325
654 -4.45985401459854 1250.7299270072992 6302
655 -2.272401433691756 1457.0250896057348 6417
656 -1.2207357859531773 1245.76254180602 6877
657 -0.8013698630136986 3324.719178082192 6716
658 -6.2218045112781954 2631.4473684210525 6118
659 -4.7630662020905925 2007.439024390244 6601
660 -7.944055944055944 1866.5664335664335 6578
661 -3.6738461538461538 1404.8184615384616 7475
662 -7.381538461538462 2470.9815384615385 7475
663 -6.598101265822785 2357.1803797468356 7268
664 -3.8605341246290803 953.5578635014837 7751
665 -2.32807570977918 1124.9905362776026 7291
666 0.6357615894039735 1547.0662251655629 6946
667 -3.128712871287129 1544.03300330033 6969
668 -3.423948220064725 2575.9223300970875 7107
669 -3.7350993377483444 2580.6423841059604 6946
670 -2.6379310344827585 1484.5551724137931 6670
671 0.5342960288808665 3410.9530685920577 6371
672 -2.453074433656958 2303.1003236245956 7107
673 -4.667796610169492 4066.5186440677967 6785
674 0.7224199288256228 3069.476868327402 6463
675 -2.0938511326860842 581.2265372168284 7107
676 -1.6253968253968254 1877.7777777777778 7245
677 -2.7865853658536586 2102.256097560976 7544
678 -5.848993288590604 1684.2382550335572 6854
679 -6.625899280575539 1899.6402877697842 6394
680 -5.314935064935065 2167.0811688311687 7084
681 -0.8593272171253823 2345.3058103975536 7521
682 -3.165137614678899 2690.7247706422017 7521
683 -11.130742049469964 2984.8975265017666 6509
684 -2.3074204946996466 2026.8374558303888 6509
685 2.9705882352941178 2578.830882352941 6256
686 -7.28135593220339 2314.0474576271185 6785
687 -3.7818181818181817 2779.3018181818184 6325
688 -3.7712177121771218 742.1771217712177 6233
689 -3.492857142857143 1745.7142857142858 6440
690 0.20422535211267606 1970.6338028169014 6532
691 -2.786764705882353 1351.4779411764705 6256
692 -2.536842105263158 1127.3649122807017 6555
693 -6.111913357400722 2435.9314079422384 6371
694 -3.902127659574468 1420.404255319149 5405
695 -2.2401746724890828 2479.1484716157206 5267
696 -7.619047619047619 2076.4242424242425 5313
697 -7.593220338983051 2063.271186440678 5428
698 -7.520179372197309 1904.4798206278026 5129
699 -3.2903225806451615 1915.258064516129 5704
700 -7.873517786561265 2792.7747035573125 5819
701 -4.818930041152264 1678.111111111111 5589
702 -6.857142857142857 1809.5752895752896 5957
703 -4.118110236220472 2676.0708661417325 5842
704 -2.4233870967741935 1287.9798387096773 5704
705 -4.51394422310757 3734.641434262948 5773
706 0.2896825396825397 2647.2976190476193 5796
707 -3.1908396946564888 863.9694656488549 6026
708 -0.027450980392156862 1722.4274509803922 5865
709 -3.0107142857142857 1711.0107142857144 6440
710 -8.256849315068493 3070.25 6716
711 -9.0 3151.590308370044 5221
712 -3.4976303317535544 2461.2322274881517 4853
713 -1.9714285714285715 1646.6761904761904 4830
714 -7.72 3144.7 4600
715 -2.8444444444444446 1804.6666666666667 4140
716 -6.742268041237113 4130.773195876289 4462
717 -3.7069767441860466 1636.786046511628 4945
718 -1.4794520547945205 3071.6803652968038 5037
719 -6.677130044843049 1522.1300448430493 5129
720 -0.23 1127.82 4600
721 -3.3551912568306013 885.3333333333334 4209
722 -5.302197802197802 2169.9835164835163 4186
723 -7.3238095238095235 1945.352380952381 4830
724 -2.643192488262911 1858.0234741784038 4899
725 -1.5148514851485149 2501.3960396039606 4646
726 -2.8015873015873014 1275.7698412698412 5796
727 -5.144578313253012 2548.726907630522 5727
728 -8.880952380952381 2364.3492063492063 5796
729 -3.981042654028436 852.0758293838862 4853
730 -12.545 5145.615 4600
731 -1.595959595959596 957.989898989899 4554
732 0.5136612021857924 1209.8032786885246 4209
733 -3.938775510204082 971.1088435374149 3381
734 -5.477124183006536 918.7973856209151 3519
735 -6.037433155080214 3686.4010695187167 4301
736 -8.892857142857142 3158.1173469387754 4508
737 -3.367149758454106 2632.613526570048 4761
738 -2.849056603773585 1703.632075471698 4876
739 -4.395 2710.885 4600
740 -4.36 1699.59 4600
741 -1.7653061224489797 2387.8979591836733 4508
742 -2.885 1676.825 4600
743 -5.9771689497716896 2762.3059360730595 5037
744 -4.766990291262136 1217.378640776699 4738
745 -7.365979381443299 2211.7474226804125 4462
746 -7.094674556213017 1571.792899408284 3887
747 0.039735099337748346 774.4900662251656 3473
748 -0.9763313609467456 858.6331360946746 3887
749 0.26666666666666666 1397.0787878787878 3795
750 -0.04938271604938271 1151.7777777777778 3726
751 -6.1891891891891895 2061.8756756756757 4255
752 -2.9285714285714284 1843.3163265306123 4508
753 0.0223463687150838 1306.703910614525 4117
754 -4.267515923566879 2035.4904458598726 3611
755 -11.737179487179487 2676.596153846154 3588
756 -3.074712643678161 1373.3735632183907 4002
757 -0.5654205607476636 3239.9205607476633 4922
758 -7.197183098591549 3096.211267605634 4899
759 -6.3125 2436.5721153846152 4784
760 -2.6809523809523808 1464.0238095238096 4830
761 -4.875647668393782 2042.0155440414508 4439
762 -10.793478260869565 3253.228260869565 4232
763 -4.071823204419889 890.8232044198895 4163
764 0.43333333333333335 747.6466666666666 3450
765 -3.1790123456790123 1966.9814814814815 3726
766 -0.757396449704142 1735.1360946745563 3887
767 -3.406417112299465 2942.1229946524063 4301
768 -5.140350877192983 2091.7602339181285 3933
769 -4.993939393939394 2318.860606060606 3795
770 -2.5028248587570623 2453.858757062147 4071
771 -4.193181818181818 3348.75 4048
772 -3.1714285714285713 1025.7428571428572 4025
773 -7.420512820512821 2853.625641025641 4485
774 -0.32065217391304346 4979.157608695652 4232
775 -10.489690721649485 2771.1494845360826 4462
776 1.774390243902439 2932.2134146341464 3772
777 -4.752941176470588 943.7882352941176 3910
778 -9.01142857142857 2783.08 4025
779 1.262857142857143 5382.4971428571425 4025
780 -0.7328767123287672 2556.0205479452056 3358
781 -0.7861635220125787 979.8176100628931 3657
782 0.4857142857142857 2922.2571428571428 4025
783 -3.8295454545454546 2453.9886363636365 4048
784 -0.6729559748427673 83.56603773584905 3657
785 -3.6319444444444446 708.2708333333334 3312
786 -6.065693430656935 2985.7737226277372 3151
787 -4.103448275862069 934.8758620689655 3335
788 -3.1474358974358974 900.4423076923077 3588
789 -6.463414634146342 2126.9024390243903 3772
790 -4.44385026737968 1906.8609625668448 4301
791 -2.1043956043956045 1009.0604395604396 4186
792 -0.863905325443787 2626.9112426035504 3887
793 -2.7611940298507465 584.3582089552239 3082
794 2.7739726027397262 726.1575342465753 3358
795 -2.5850340136054424 1383.700680272109 3381
796 -4.411290322580645 2896.4435483870966 2852
797 1.5982905982905984 1536.179487179487 2691
798 -4.225806451612903 3116.8548387096776 2852
799 -8.356521739130434 2396.6 2645
800 -2.8814814814814813 2089.9185185185183 3105
801 -8.027777777777779 2695.097222222222 3312
802 -2.25625 2663.28125 3680
803 -5.826923076923077 2826.6346153846152 3588
804 -4.9605263157894735 2200.6973684210525 3496
805 -5.914893617021277 2467.9148936170213 4324
806 -7.932515337423313 2962.0552147239264 3749
807 -7.580645161290323 1546.9225806451614 3565
808 0.5808383233532934 686.8203592814372 3841
809 -3.619047619047619 438.3095238095238 3864
810 -1.7106918238993711 595.4716981132076 3657
811 -14.528571428571428 3907.3571428571427 3220
812 -4.956521739130435 1768.2463768115942 3174
813 -0.07792207792207792 1470.6493506493507 3542
814 -4.290076335877862 728.9465648854962 3013
815 -2.9705882352941178 1499.4117647058824 3128
816 -2.5076923076923077 1354.9076923076923 2990
817 -2.741496598639456 1902.891156462585 3381
818 -0.3941176470588235 1160.0294117647059 3910
819 -3.967948717948718 1710.198717948718 3588
820 -1.7194244604316546 6018.856115107914 3197
821 -0.352112676056338 1197.5211267605634 3266
822 -2.1447368421052633 1828.5657894736842 3496
823 -4.371069182389937 3156.5597484276727 3657
824 5.9113924050632916 5598.620253164557 3634
825 -4.917197452229299 1111.43949044586 3611
826 -5.3561643835616435 1336.4520547945206 3358
827 1.781456953642384 2308.4039735099336 3473
828 -7.682170542635659 3436.6279069767443 2967
829 -0.112 917.952 2875
830 -2.2061068702290076 2150.908396946565 3013
831 -5.1603053435114505 2030.9465648854962 3013
832 0.015503875968992248 373.2403100775194 2967
833 -9.578125 2867.03125 2944
834 -1.6338028169014085 2959.3098591549297 3266
835 -4.347560975609756 577.4939024390244 3772
836 -2.475609756097561 630.5975609756098 3772
837 -5.673333333333333 1102.0466666666666 3450
838 -2.204379562043796 508.2773722627737 3151
839 -8.198347107438016 2939.3388429752067 2783
840 -6.632075471698113 2412.254716981132 2438
841 -3.7017543859649122 1075.2456140350878 2622
842 -4.413223140495868 1629.9173553719008 2783
843 -7.125 1653.4083333333333 2760
844 -16.31858407079646 5177.486725663717 2599
845 -5.976190476190476 1675.0555555555557 2898
846 -0.07207207207207207 633.7297297297297 2553
847 -5.047169811320755 1939.7264150943397 2438
848 -5.401709401709402 1478.2735042735044 2691
849 6.535087719298246 6061.043859649123 2622
850 -2.238532110091743 4462.752293577982 2507
851 -6.861111111111111 1430.25 2484
852 0.6310679611650486 329.2135922330097 2369
853 -5.303571428571429 3393.875 2576
854 -5.758064516129032 2906.032258064516 2852
855 -8.675 4216.658333333334 2760
856 -11.39516129032258 3704.5887096774195 2852
857 -10.741935483870968 3389.0806451612902 2852
858 -16.495495495495497 4410.009009009009 2553
859 -3.27007299270073 2195.065693430657 3151
860 -2.1769230769230767 2043.5153846153846 2990
861 -7.308943089430894 3198.8048780487807 2829
862 2.5210084033613445 2037.7983193277312 2737
863 -1.236220472440945 869.3779527559055 2921
864 -4.568345323741007 1645.8489208633093 3197
865 2.9066666666666667 291.08 3450
866 -8.23611111111111 2449.3194444444443 3312
867 -3.287878787878788 1656.1666666666667 3036
868 -10.059322033898304 2890.822033898305 2714
869 -4.583333333333333 851.8611111111111 2484
870 2.525252525252525 4447.79797979798 2277
871 -4.653061224489796 3461.5102040816328 2254
872 -4.074766355140187 3280.504672897196 2461
873 -8.582608695652175 2882.7391304347825 2645
874 -2.661290322580645 1461.2903225806451 2852
875 -1.275 1191.0416666666667 2760
876 -10.84070796460177 4148.04424778761 2599
877 2.5531914893617023 2845.0425531914893 2162
878 -2.010204081632653 1304.2142857142858 2254
879 -9.782178217821782 2547.3267326732675 2323
880 9.867924528301886 3810.2075471698113 2438
881 -0.43333333333333335 1075.9888888888888 2070
882 -12.45360824742268 2668.762886597938 2231
883 -9.153846153846153 4648.826923076923 2392
884 -12.028571428571428 7627.190476190476 2415
885 -8.877358490566039 5083.971698113208 2438
886 -5.660377358490566 2027.433962264151 2438
887 -13.227722772277227 7246.534653465346 2323
888 -5.524271844660194 1050.6699029126214 2369
889 -10.510416666666666 2650.28125 2208
890 -6.043010752688172 2416.967741935484 2139
891 -4.0813953488372094 1320.8720930232557 1978
892 -15.948453608247423 6568.19587628866 2231
893 1.3505154639175259 402.91752577319585 2231
894 -6.0989010989010985 3014.2087912087914 2093
895 -10.142857142857142 3273.5934065934066 2093
896 -7.144230769230769 3323.355769230769 2392
897 -5.29126213592233 2703.73786407767 2369
898 -12.825581395348838 4553.96511627907 1978
899 5.769230769230769 1313.7692307692307 1794
900 -6.445945945945946 3149.0405405405404 1702
901 -3.9054054054054053 2727.7972972972975 1702
902 -4.373626373626373 1409.6043956043957 2093
903 -5.482758620689655 3556.287356321839 2001
904 -9.26865671641791 1498.1044776119404 1541
905 -3.442857142857143 404.9 1610
906 -12.479452054794521 3087.4657534246576 1679
907 0.2028985507246377 407.8550724637681 1587
908 -3.9210526315789473 4476.236842105263 1748
909 -3.1666666666666665 693.8095238095239 1932
910 -4.555555555555555 985.320987654321 1863
911 -12.775 3123.25 1840
912 -4.946236559139785 5130.4946236559135 2139
913 -9.60204081632653 2829.704081632653 2254
914 -11.929411764705883 3107.105882352941 1955
915 -1.6144578313253013 1309.855421686747 1909
916 -1.4623655913978495 1267.505376344086 2139
917 -1.9313725490196079 1514.3235294117646 2346
918 -12.108108108108109 3755.4054054054054 2553
919 -9.172043010752688 1993.6666666666667 2139
920 6.197530864197531 3306.3456790123455 1863
921 -3.5445544554455446 4304.079207920792 2323
922 -5.546391752577319 1672.9896907216496 2231
923 -4.434782608695652 1685.9130434782608 2116
924 -8.386363636363637 2263.931818181818 2024
925 -5.844444444444444 1774.4888888888888 2070
926 -17.916666666666668 4869.770833333333 2208
927 -9.352380952380953 2653.1047619047617 2415
928 -14.244897959183673 4396.6122448979595 2254
929 -0.020618556701030927 642.4329896907217 2231
930 -7.391752577319588 2381.226804123711 2231
931 -3.4301075268817205 3338.8494623655915 2139
932 -7.76530612244898 1982.3163265306123 2254
933 -1.1235955056179776 178.20224719101122 2047
934 -14.244444444444444 4031.777777777778 2070
935 -9.108433734939759 3311.9036144578313 1909
936 2.744186046511628 3002.2093023255816 1978
937 1.9176470588235295 148.03529411764706 1955
938 -3.3908045977011496 536.9080459770115 2001
939 -3.606382978723404 1312.4148936170213 2162
940 -8.430555555555555 3026.5694444444443 1656
941 1.3148148148148149 111.57407407407408 1242
942 -1.3962264150943395 2079.8867924528304 1219
943 -26.16923076923077 11163.276923076923 1495
944 -0.8765432098765432 474.3333333333333 1863
945 -16.736263736263737 8209.417582417582 2093
946 -5.614457831325301 1532.4578313253012 1909
947 1.6744186046511629 6510.418604651163 1978
948 -0.0963855421686747 2304.6987951807228 1909
949 -0.0945945945945946 10255.797297297297 1702
950 -0.05333333333333334 23.413333333333334 1725
951 -1.6818181818181819 3656.9545454545455 1518
952 -12.5 2733.5714285714284 1288
953 -11.753846153846155 3522.769230769231 1495
954 -18.357142857142858 5647.9857142857145 1610
955 -13.370786516853933 4022.112359550562 2047
956 -8.372340425531915 2646.095744680851 2162
957 -15.566037735849056 4408.547169811321 2438
958 -2.325 821.825 1840
959 -1.8295454545454546 476.64772727272725 2024
960 -2.268292682926829 554.560975609756 1886
961 -7.876288659793815 3593.6494845360826 2231
962 -1.4259259259259258 186.42592592592592 2484
963 -3.0093457943925235 1893.981308411215 2461
964 -2.6862745098039214 735.7843137254902 2346
965 -13.63953488372093 5083.8488372093025 1978
966 -9.602272727272727 3272.056818181818 2024
967 -13.415584415584416 3239.2597402597403 1771
968 -3.0277777777777777 3671.277777777778 1656
969 -3.513888888888889 5357.458333333333 1656
970 0.18823529411764706 123.27058823529411 1955
971 5.716814159292035 1419.1681415929204 2599
972 0.6764705882352942 512.1862745098039 2346
973 -5.104651162790698 1093.7325581395348 1978
974 1.130952380952381 2806.9166666666665 1932
975 -8.512195121951219 7388.4390243902435 1886
976 -5.014084507042254 2677.521126760563 1633
977 -8.632352941176471 2281.955882352941 1564
978 2.0675675675675675 1072.0945945945946 1702
979 -2.8142857142857145 487.7 1610
980 -2.369047619047619 606.4404761904761 1932
981 -0.9692307692307692 245.4 1495
982 2.2033898305084745 1987.4237288135594 1357
983 3.0847457627118646 5046.71186440678 1357
984 -5.375 1718.4464285714287 1288
985 -10.421875 4412.265625 1472
986 -0.1 2279.8714285714286 1610
987 -1.4545454545454546 887.7818181818182 1265
988 -12.389830508474576 4333.779661016949 1357
989 -4.641791044776119 669.0 1541
990 4.211267605633803 395.0281690140845 1633
991 -1.1388888888888888 4047.1944444444443 1656
992 -4.857142857142857 798.6753246753246 1771
993 -9.793103448275861 1892.8275862068965 1334
994 -3.6323529411764706 1106.6617647058824 1564
995 -0.42105263157894735 5631.236842105263 1748
996 -16.038961038961038 7038.922077922078 1771
997 0.3698630136986301 1315.986301369863 1679
998 1.1168831168831168 1263.6103896103896 1771
999 -6.972222222222222 3457.3888888888887 1656
1000 -8.029411764705882 8637.29411764706 1564
1001 -4.493150684931507 1923.972602739726 1679
1002 -4.328125 898.046875 1472
1003 -4.616666666666666 1582.55 1380
1004 -11.163934426229508 3654.377049180328 1403
1005 -3.7966101694915255 3141.2203389830506 1357
1006 -11.089285714285714 5102.125 1288
1007 1.46875 673.84375 1472
1008 -5.184615384615385 4736.292307692308 1495
1009 -6.842105263157895 1705.2368421052631 1748
1010 1.5783132530120483 830.8072289156627 1909
1011 1.5396825396825398 160.42857142857142 1449
1012 -6.733333333333333 1425.3333333333333 1380
1013 -8.474576271186441 1302.915254237288 1357
1014 -19.638297872340427 6567.851063829788 1081
1015 2.1041666666666665 423.0208333333333 1104
1016 15.348837209302326 23563.3488372093 989
1017 -17.608695652173914 4690.478260869565 1058
1018 -23.35185185185185 9187.981481481482 1242
1019 -10.946428571428571 3775.7321428571427 1288
1020 -16.020408163265305 6461.816326530612 1127
1021 -16.770491803278688 5029.262295081967 1403
1022 0.014925373134328358 194.61194029850745 1541
1023 -13.4375 3804.53125 1472
1024 1.0172413793103448 1464.5 1334
1025 -9.465753424657533 3987.219178082192 1679
1026 -2.710526315789474 863.1052631578947 1748
1027 1.9516129032258065 648.1129032258065 1426
1028 -5.339622641509434 2052.132075471698 1219
1029 11.942307692307692 9691.942307692309 1196
1030 -9.166666666666666 4701.5 1242
1031 -21.09090909090909 7825.6 1265
1032 -1.8275862068965518 147.3793103448276 1334
1033 2.3214285714285716 342.14285714285717 1288
1034 -16.032258064516128 5683.193548387097 1426
1035 -6.757142857142857 1256.9571428571428 1610
1036 -2.140625 242.671875 1472
1037 -3.8970588235294117 671.1617647058823 1564
1038 3.5945945945945947 1665.7027027027027 1702
1039 -12.211538461538462 2375.8653846153848 1196
1040 9.25 2835.1875 736
1041 -17.375 4946.3125 736
1042 -27.022727272727273 11126.113636363636 1012
1043 -4.146341463414634 257.3170731707317 943
1044 -4.275862068965517 788.5862068965517 1334
1045 -7.188679245283019 1872.9622641509434 1219
1046 -13.254545454545454 3948.9636363636364 1265
1047 -0.24489795918367346 22.3265306122449 1127
1048 -6.392857142857143 841.9285714285714 1288
1049 -10.981481481481481 5024.12962962963 1242
1050 2.7037037037037037 100.85185185185185 1242
1051 1.065217391304348 1106.3260869565217 1058
1052 -1.0476190476190477 635.0 966
1053 -2.0 868.9268292682926 943
1054 -6.604651162790698 2718.9302325581393 989
1055 3.0 813.3783783783783 851
1056 -11.565217391304348 4583.695652173913 1058
1057 -3.6808510638297873 3731.936170212766 1081
1058 11.844444444444445 5985.711111111111 1035
1059 2.4285714285714284 180.26530612244898 1127
1060 -3.4285714285714284 3669.7551020408164 1127
1061 -12.775510204081632 5381.061224489796 1127
1062 -0.14285714285714285 175.10714285714286 1288
1063 -3.3846153846153846 1799.8076923076924 1196
1064 -6.333333333333333 2345.904761904762 966
1065 0.02702702702702703 49.91891891891892 851
1066 -12.418604651162791 6240.790697674419 989
1067 -4.0 747.5849056603773 1219
1068 1.2830188679245282 128.56603773584905 1219
1069 -13.901639344262295 5078.5901639344265 1403
1070 -7.745762711864407 2978.084745762712 1357
1071 -17.142857142857142 6941.918367346939 1127
1072 -1.9661016949152543 142.3728813559322 1357
1073 -14.868852459016393 4709.754098360656 1403
1074 -0.3 28.22 1150
1075 -11.680851063829786 1866.3191489361702 1081
1076 -4.017543859649122 1175.982456140351 1311
1077 -2.9444444444444446 178.9814814814815 1242
1078 8.588235294117647 2170.470588235294 1173
1079 -15.952380952380953 5638.809523809524 966
1080 -30.5 9207.261904761905 966
1081 -6.942857142857143 1801.4571428571428 805
1082 -4.121212121212121 650.1212121212121 759
1083 -3.4545454545454546 231.72727272727272 1012
1084 -2.4634146341463414 13983.780487804877 943
1085 -10.117647058823529 39960.82352941176 782
1086 -1.1333333333333333 208.8 690
1087 -13.289473684210526 6397.710526315789 874
1088 -9.193548387096774 5991.8387096774195 713
1089 -25.612903225806452 8870.193548387097 713
1090 -11.4 5032.933333333333 690
1091 -14.454545454545455 4363.909090909091 1012
1092 -8.472222222222221 818.3055555555555 828
1093 -5.291666666666667 378.5416666666667 552
1094 -21.095238095238095 5807.571428571428 483
1095 -0.38461538461538464 27.153846153846153 598
1096 6.514285714285714 683.8285714285714 805
1097 6.372093023255814 9176.558139534884 989
1098 -10.489795918367347 4731.877551020408 1127
1099 5.515151515151516 964.7272727272727 759
1100 -16.3125 8869.9375 736
1101 0.4857142857142857 1388.8857142857144 805
1102 0.8214285714285714 343.5357142857143 644
1103 -16.0 4345.111111111111 621
1104 -5.541666666666667 722.125 552
1105 -2.8333333333333335 79.72222222222223 414
1106 -16.076923076923077 11704.153846153846 598
1107 -34.06896551724138 12737.862068965518 667
1108 3.0 352.7647058823529 782
1109 -11.825 3837.925 920
1110 -10.488372093023257 3648.4883720930234 989
1111 7.5 4298.605263157895 874
1112 -14.075 7295.425 920
1113 -13.380952380952381 3305.095238095238 966
1114 -1.0 1381.1764705882354 782
1115 -39.93939393939394 17023.757575757576 759
1116 -0.43243243243243246 22.324324324324323 851
1117 -3.696969696969697 349.3939393939394 759
1118 -22.954545454545453 13197.136363636364 506
1119 -3.8125 235.5625 368
1120 -31.956521739130434 11986.739130434782 529
1121 -15.217391304347826 4279.217391304348 529
1122 -11.291666666666666 1769.375 552
1123 -2.730769230769231 81.42307692307692 598
1124 1.2857142857142858 43.476190476190474 483
1125 -1.0 338.9166666666667 552
1126 -7.171428571428572 1693.8 805
1127 -13.666666666666666 1267.8333333333333 552
1128 10.714285714285714 5339.761904761905 483
1129 -2.064516129032258 145.2258064516129 713
1130 -0.5945945945945946 18.0 851
1131 -1.05 1054.75 920
1132 -14.38888888888889 7316.111111111111 828
1133 -1.5263157894736843 1680.2105263157894 874
1134 0.6285714285714286 152.28571428571428 805
1135 -7.586206896551724 1430.0689655172414 667
1136 1.3793103448275863 131.0344827586207 667
1137 -5.53125 867.78125 736
1138 -5.805555555555555 1321.75 828
1139 -3.1555555555555554 250.0888888888889 1035
1140 -0.56 9.12 1150
1141 0.7083333333333334 271.4583333333333 1104
1142 -4.146341463414634 2642.243902439024 943
1143 -17.346153846153847 8506.807692307691 598
1144 1.8888888888888888 61.370370370370374 621
1145 0.6333333333333333 60.36666666666667 690
1146 -2.2142857142857144 166.42857142857142 644
1147 -0.5909090909090909 27.227272727272727 506
1148 3.0 1165.857142857143 805
1149 -11.660377358490566 8087.320754716981 1219
1150 -11.921052631578947 5720.394736842105 874
1151 -9.962264150943396 3976.1509433962265 1219
1152 -16.510204081632654 4579.081632653061 1127
1153 -3.125 484.6666666666667 1104
1154 -1.2972972972972974 500.64864864864865 851
1155 3.4761904761904763 7249.666666666667 483
1156 -2.1481481481481484 46.888888888888886 621
1157 -1.2 10238.057142857142 805
1158 -12.324324324324325 4853.2972972972975 851
1159 -8.13888888888889 1086.9166666666667 828
1160 0.20512820512820512 897.025641025641 897
1161 -0.7027027027027027 15.567567567567568 851
1162 -0.7333333333333333 12.466666666666667 690
1163 7.9714285714285715 2267.7428571428572 805
1164 -18.0 7266.1 920
1165 -1.380952380952381 97.14285714285714 966
1166 -10.162162162162161 1714.918918918919 851
1167 -1.59375 565.59375 736
1168 1.9642857142857142 121.46428571428571 644
1169 -23.153846153846153 14178.692307692309 598
1170 -20.095238095238095 9058.285714285714 483
1171 31.464285714285715 14685.17857142857 644
1172 -11.67741935483871 5471.4838709677415 713
1173 -13.911764705882353 3546.8529411764707 782
1174 -5.466666666666667 842.6 690
1175 12.666666666666666 6754.222222222223 828
1176 -21.733333333333334 10599.733333333334 690
1177 1.8076923076923077 139.5 598
1178 -1.2 408.72 575
1179 2.7857142857142856 276.07142857142856 644
1180 -0.7586206896551724 42.13793103448276 667
1181 -16.352941176470587 7662.764705882353 782
1182 0.1111111111111111 2.111111111111111 621
1183 2.037037037037037 250.40740740740742 621
1184 -1.5945945945945945 93.32432432432432 851
1185 -6.0 1277.84 575
1186 16.27777777777778 9246.166666666666 828
1187 -29.13157894736842 9496.763157894737 874
1188 -6.466666666666667 3702.511111111111 1035
1189 8.085714285714285 2508.885714285714 805
1190 10.96 2448.8 575
1191 2.9310344827586206 379.6896551724138 667
1192 1.8076923076923077 102.57692307692308 598
1193 5.409090909090909 992.2272727272727 506
1194 7.0 1615.5833333333333 552
1195 0.7857142857142857 18.214285714285715 644
1196 -7.3125 833.9375 736
1197 -24.62962962962963 7987.074074074074 621
1198 -56.125 25368.958333333332 552
1199 0.08695652173913043 15.478260869565217 529
1200 -22.0 3679.25 552
1201 12.263157894736842 3490.2631578947367 437
1202 -14.875 2911.0 368
1203 -32.666666666666664 7978.166666666667 276
1204 -1.5 11.166666666666666 276
1205 -16.714285714285715 1920.2857142857142 322
1206 0.5454545454545454 199.54545454545453 506
1207 0.375 3.625 552
1208 -0.9583333333333334 419.9583333333333 552
1209 -23.9375 2644.1875 368
1210 10.916666666666666 1409.25 276
1211 -12.0 2989.4666666666667 345
1212 -35.04761904761905 9607.52380952381 483
1213 -4.476190476190476 268.95238095238096 483
1214 -0.6923076923076923 139.07692307692307 598
1215 -23.393939393939394 10057.878787878788 759
1216 3.0 203.66666666666666 552
1217 -11.0 2515.1481481481483 621
1218 0.7 39.7 690
1219 -1.8 808.3 460
1220 3.0526315789473686 2898.6315789473683 437
1221 -3.9444444444444446 217.27777777777777 414
1222 -4.045454545454546 296.95454545454544 506
1223 -32.642857142857146 6478.071428571428 322
1224 -46.625 20075.625 368
1225 -15.947368421052632 4627.8421052631575 437
1226 0.23529411764705882 19.529411764705884 391
1227 -30.294117647058822 16229.470588235294 391
1228 -0.7222222222222222 11.833333333333334 414
1229 -1.037037037037037 746.1481481481482 621
1230 -8.4 2000.3 460
1231 36.38461538461539 10332.076923076924 299
1232 -26.615384615384617 8843.692307692309 299
1233 -18.47826086956522 7501.0 529
1234 -6.875 643.7083333333334 552
1235 17.318181818181817 6105.590909090909 506
1236 -2.0476190476190474 37.666666666666664 483
1237 -1.736842105263158 101.52631578947368 437
1238 -10.3 2185.9 460
1239 -9.708333333333334 2441.7916666666665 552
1240 -10.25925925925926 1025.6666666666667 621
1241 -2.1538461538461537 171.6153846153846 598
1242 1.8421052631578947 113.84210526315789 437
1243 -0.25 1.0 184
1244 5.0 102.63636363636364 253
1245 1.3529411764705883 124.41176470588235 391
1246 -21.705882352941178 8459.588235294117 391
1247 23.375 5152.5 368
1248 1.5625 51.0625 368
1249 -1.75 10.416666666666666 276
1250 -0.5 2.5 322
1251 -15.05 2322.15 460
1252 -23.3125 9428.4375 368
1253 13.076923076923077 2581.5384615384614 299
1254 3.272727272727273 64.0 253
1255 -1.3571428571428572 29.214285714285715 322
1256 21.53846153846154 6479.384615384615 299
1257 -8.454545454545455 807.7272727272727 253
1258 12.0 2168.6153846153848 299
1259 10.2 1147.8 345
1260 -34.8 17686.0 345
1261 0.3684210526315789 1.3157894736842106 437
1262 0.5909090909090909 60.13636363636363 506
1263 1.4285714285714286 19.285714285714285 322
1264 44.4 19274.4 230
1265 -70.83333333333333 33340.833333333336 138
1266 -114.0 52935.75 184
1267 -10.333333333333334 407.3333333333333 138
1268 -64.16666666666667 24325.5 138
1269 -9.285714285714286 743.5714285714286 161
1270 -12.7 1641.1 230
1271 -0.7333333333333333 45.93333333333333 345
1272 -51.25 31015.75 276
1273 -54.06666666666667 19784.2 345
1274 -1.3333333333333333 5.5 276
1275 -15.2 2824.9333333333334 345
1276 -28.15 12660.65 460
1277 -2.1875 193.1875 368
1278 1.6666666666666667 47.22222222222222 207
1279 -0.6666666666666666 4.0 138
1280 -42.5 12278.0 184
1281 1.3333333333333333 15.333333333333334 207
1282 -71.77777777777777 41178.0 207
1283 -1.0 10.333333333333334 207
1284 3.5 76.1 230
1285 -1.6 154.4 230
1286 -5.6 30240.0 230
1287 -1.5 10.9 230
1288 -43.5 27282.214285714286 322
1289 -0.9473684210526315 11.578947368421053 437
1290 -4.636363636363637 476.90909090909093 506
1291 -0.15 5.65 460
1292 -0.5 2.625 368
1293 31.75 3969.75 92
1294 -1.3333333333333333 15.333333333333334 138
1295 0.0 1.0 138
1296 4.357142857142857 975.5 322
1297 0.6666666666666666 5.0 276
1298 -33.54545454545455 12991.363636363636 253
1299 -52.09090909090909 14899.727272727272 253
1300 -7.1 550.1 230
1301 -1.125 198.625 184
1302 -23.818181818181817 2249.818181818182 253
1303 -2.4285714285714284 59.57142857142857 161
1304 0.8888888888888888 1.3333333333333333 207
1305 -75.93333333333334 43701.4 345
1306 8.2 3423.5333333333333 345
1307 0.1 1.3 230
1308 -36.45454545454545 7605.909090909091 253
1309 15.142857142857142 2075.1428571428573 161
1310 -8.5 434.8333333333333 138
1311 1.6 24.0 230
1312 2.3333333333333335 30.555555555555557 207
1313 9.444444444444445 631.2222222222222 207
1314 -69.125 27842.875 184
1315 1.125 5.375 184
1316 34.833333333333336 7005.5 138
1317 -21.5 2369.8333333333335 138
1318 -23.833333333333332 2571.1666666666665 138
1319 3.857142857142857 52.142857142857146 161
1320 6.7 395.1 230
1321 -0.1 8.9 230
1322 0.8571428571428571 10.0 161
1323 0.0 3.0 92
1324 -11.6 1351.6 230
1325 -1.8333333333333333 31.333333333333332 276
1326 -10.153846153846153 2426.153846153846 299
1327 -0.29411764705882354 15.470588235294118 391
1328 -0.5555555555555556 1.6666666666666667 207
1329 -16.0 3090.8333333333335 276
1330 0.5 21.071428571428573 322
1331 -0.4444444444444444 3.5555555555555554 207
1332 -45.55555555555556 18861.333333333332 207
1333 -0.1 1.3 230
1334 -61.5 32139.1 230
1335 -99.5 59602.833333333336 138
1336 -3.0 31.0 92
1337 49.857142857142854 17501.285714285714 161
1338 -1.6 72.4 230
1339 -1.8333333333333333 17.5 138
1340 16.0 940.5 92
1341 1.0 3.0 92
1342 -30.75 4516.75 184
1343 0.5 3.5 138
1344 6.571428571428571 274.57142857142856 161
1345 2.875 61.375 184
1346 -84.75 37756.0 184
1347 -1.2857142857142858 33.0 161
1348 3.0 107.18181818181819 253
1349 0.0 2.3636363636363638 253
1350 -0.5714285714285714 4.571428571428571 322
1351 -2.7333333333333334 73.53333333333333 345
1352 -8.363636363636363 1250.7272727272727 253
1353 -1.875 33.625 184
1354 0.8 9.6 115
1355 -6.166666666666667 149.5 138
1356 -0.6666666666666666 4.666666666666667 69
1357 -2.0 8.0 115
1358 -0.42857142857142855 1.0 161
1359 12.0 601.0 92
1360 -0.75 1.75 92
1361 2.0 12.666666666666666 69
1362 -33.0 3073.6666666666665 69
1363 -56.333333333333336 9750.333333333334 69
1364 -1.0 1.0 23
1365 17.8 1514.6 115
1366 3.125 79.125 184
1367 9.0 316.42857142857144 161
1368 0.3076923076923077 5.538461538461538 299
1369 -53.214285714285715 19237.071428571428 322
1370 -93.55555555555556 38834.22222222222 207
1371 -46.833333333333336 13255.833333333334 138
1372 -40.8 8081.6 115
1373 1.0 12.0 138
1374 20.666666666666668 1282.0 69
1375 -67.6 18897.6 115
1376 -0.2 1.0 115
1377 1.0 9.0 69
1378 0.5 30.5 46
1379 2.8333333333333335 24.833333333333332 138
1380 -0.09090909090909091 1.0 253
1381 -2.9 108.3 230
1382 -7.4 1094.6 230
1383 -22.333333333333332 75444.0 138
1384 -38.75 6790.75 184
1385 -0.5 1.0 92
1386 -34.0 14015.0 276
1387 -12.538461538461538 4866.0 598
1388 -1.2222222222222223 71.51851851851852 621
1389 0.043478260869565216 2.130434782608696 529
1390 -14.304347826086957 5209.0 529
1391 -1.8181818181818181 112.9090909090909 506
1392 -9.529411764705882 1583.4117647058824 391
1393 3.0714285714285716 123.5 322
1394 -0.8571428571428571 63.142857142857146 322
1395 -47.23076923076923 34332.92307692308 299
1396 -0.38461538461538464 4.384615384615385 299
1397 -17.8125 4936.5625 368
1398 -21.384615384615383 4570.0 299
1399 -0.2 2.6 115
1400 -25.428571428571427 4686.571428571428 161
1401 -1.5 2.5 92
1402 -44.0 2720.0 46
1403 -0.3333333333333333 1.0 69
1404 -44.5 9074.5 92
1405 1.1666666666666667 14.833333333333334 138
1406 -2.375 14.875 184
1407 -1.0 1.0 92
1408 11.2 697.6 115
1409 0.3333333333333333 1.0 69
1410 -22.666666666666668 12983.333333333334 69
1411 63.25 16647.75 92
1412 -0.8333333333333334 3.5 138
1413 22.4 10174.4 115
1414 8.333333333333334 209.0 69
1415 -0.6 4.6 115
1416 -48.5 9121.0 92
1417 -5.0 194.0 138
1418 -0.36363636363636365 2.0 253
1419 -1.2 72.0 345
1420 0.7692307692307693 29.53846153846154 299
1421 6.533333333333333 1074.9333333333334 345
1422 -0.3333333333333333 1.0 207
1423 0.0 1.4285714285714286 161
1424 -1.1428571428571428 3.7142857142857144 161
1425 -0.5555555555555556 7.0 207
1426 0.3076923076923077 9.846153846153847 299
1427 -1.1428571428571428 8.0 322
1428 0.5 2.0714285714285716 322
1429 -0.3076923076923077 2.6153846153846154 299
1430 -8.88888888888889 582.8888888888889 207
1431 0.125 1.375 184
1432 18.5 2284.8333333333335 138
1433 0.1 3.9 230
1434 2.9285714285714284 65.5 322
1435 2.4285714285714284 47.285714285714285 322
1436 1.5833333333333333 16.75 276
1437 -11.0 794.3333333333334 138
1438 4.666666666666667 93.11111111111111 207
1439 -0.625 5.375 184
1440 -0.4 8.8 115
1441 0.5 6.5 46
1442 3.5 50.5 92
1443 -0.5454545454545454 360.3636363636364 253
1444 1.2142857142857142 29.5 322
1445 -84.75 56449.25 184
1446 -11.5 730.8333333333334 138
1447 2.125 41.375 184
1448 -7.0 269.3333333333333 138
1449 -1.0 1.0 69
1450 -15.6 1282.4 115
1451 -1.0 1.0 46
1452 -2.5 54.833333333333336 138
1453 2.2857142857142856 22.285714285714285 161
1454 -67.66666666666667 13737.0 69
1455 4.875 453.625 184
1456 3.25 110.08333333333333 276
1457 -1.0833333333333333 5474.583333333333 276
1458 -11.066666666666666 3152.5333333333333 345
1459 0.6 1.8 230
1460 -39.714285714285715 24582.714285714286 322
1461 -0.6 4.0 230
1462 -13.333333333333334 1210.0 207
1463 26.571428571428573 10503.142857142857 161
1464 -4.0 82.4 115
1465 2.3333333333333335 27.666666666666668 69
1466 -1.6 20.8 115
1467 1.1111111111111112 4056.6666666666665 207
1468 -2.7142857142857144 37.857142857142854 161
1469 -79.66666666666667 38242.0 138
1470 -65.5 17825.0 92
1471 0.8571428571428571 8.285714285714286 161
1472 0.25 1.75 92
1473 2.75 10.75 92
1474 29.0 4690.2 115
1475 0.0 1.0 46
1476 0.0 1.0 46
1477 1.5 5.5 138
1478 -1.3333333333333333 14.333333333333334 138
1479 -5.75 204.75 92
1480 2.0 4.0 23
1481 3.5 18.5 46
1482 -1.8181818181818181 27.272727272727273 253
1483 -0.125 1.375 184
1484 -3.5555555555555554 64.22222222222223 207
1485 -0.2 1.0 115
1486 0.375 3.375 184
1487 -3.75 205.75 184
1488 0.8333333333333334 6.5 276
1489 4.7 229.3 230
1490 2.5714285714285716 33.42857142857143 161
1491 -72.0 53336.4 230
1492 0.0 5.166666666666667 276
1493 0.8333333333333334 2.8333333333333335 138
1494 12.25 576.75 92
1495 -4.666666666666667 109.0 138
1496 -1.25 4.75 92
1497 -88.25 54814.75 92
1498 -0.4 1.6 115
1499 16.0 545.0 46
1500 0.0 4.0 46
1501 2.3333333333333335 11.666666666666666 69
1502 -2.125 21.625 184
1503 -7.25 356.75 184
1504 -27.571428571428573 5379.0 161
1505 5.625 144.375 184
1506 3.0 121.4 115
1507 -0.6666666666666666 2.0 69
1508 10.0 657.6 115
1509 0.36363636363636365 1.2727272727272727 253
1510 3.375 217.625 368
1511 -74.44444444444444 49137.333333333336 207
1512 -1.0 1.0 46
1513 -109.66666666666667 36081.0 69
1514 68.66666666666667 14422.0 69
1515 0.0 1.0 92
1516 -0.3333333333333333 1.0 69
1517 -6.0 36.0 23
1519 1.0 1.0 23
1520 -44.25 7402.75 92
1521 0.0 1.0 46
1522 -2.0 4.0 23
1523 -14.0 196.0 23
1524 -1.0 1.0 23
1525 1.0 5.0 46
1526 1.25 6.75 92
1527 -1.0 1.0 46
1528 -149.6 111603.2 115
1529 -0.25 3.75 92
1530 -35.25 5046.25 92
1531 -33.5 10521.0 92
1532 -4.2 850.6 115
1533 -1.0 1.0 23
1534 -219.5 83712.5 46
1535 4.25 49.75 92
1536 3.2 65.6 115
1537 -6.0 61.0 46
1538 -1.0 33.666666666666664 69
1539 -1.0 1.0 46
1540 0.3333333333333333 1.0 69
1541 -1.0 1.0 69
1542 -4.0 48.666666666666664 69
1543 -0.3333333333333333 1.0 69
1544 1.1666666666666667 2.8333333333333335 138
1545 -0.6 1.0 115
1546 30.333333333333332 7324.0 138
1547 -126.6 77390.2 115
1548 -47.0 2209.0 23
1549 1.6666666666666667 23.0 69
1550 1.0 1.0 23
1551 -296.0 174641.0 46
1554 0.3333333333333333 2.3333333333333335 138
1555 11.714285714285714 962.5714285714286 161
1556 -0.3333333333333333 1.0 69
1557 -17.142857142857142 2198.285714285714 161
1558 -9.333333333333334 524.0 138
1559 7.5 211.0 92
1560 -1.25 3.75 92
1561 -1.0 1.0 23
1562 2.0 4.0 23
1563 -48.0 9509.0 92
1564 -5.8 206.2 115
1565 -5.166666666666667 626.8333333333334 138
1566 0.1111111111111111 1.8888888888888888 207
1567 -0.2 1.6 230
1568 1.1428571428571428 7.142857142857143 161
1569 0.75 4.75 92
1570 0.5 1.0 92
1571 -14.0 1149.0 138
1572 -1.25 4.75 92
1573 -7.25 225.75 92
1574 -11.625 2114.875 184
1575 2.125 14.375 184
1576 4.0 129.25 184
1577 -65.0 27302.714285714286 161
1578 -0.875 5.125 184
1579 -3.5 31.0 92
1580 -5.25 276.75 92
1581 -1.0 3.0 92
1582 -1.25 4.75 92
1583 0.3333333333333333 1.0 69
1584 -0.5 2.5 46
1585 1.3333333333333333 2.0 69
1586 -7.5 436.8333333333333 138
1587 0.5555555555555556 1.0 207
1588 -5.105263157894737 508.7894736842105 437
1589 -36.166666666666664 15990.833333333334 276
1590 0.6428571428571429 26.5 322
1591 -0.5714285714285714 2.142857142857143 322
1592 -1.3333333333333333 5.777777777777778 207
1593 6.2 1961.0 115
1594 -0.25 1.75 92
1595 -0.8 1.6 115
1596 -2.0 5.0 46
1597 -28.333333333333332 2409.0 69
1598 -4.0 25.0 46
1599 -4.5 65.5 92
1600 -1.6666666666666667 3.6666666666666665 69
1601 1.6666666666666667 23.0 69
1602 0.0 1.0 46
1603 -1.0 1.0 23
1605 1.0 1.0 23
1606 0.5 1.0 92
1607 -1.2857142857142858 399.57142857142856 161
1608 0.0 1.0 138
1609 9.75 400.75 92
1610 9.75 424.75 92
1611 -4.5 150.83333333333334 138
1612 -0.5 1.5 138
1613 0.6666666666666666 1.0 138
1614 0.8 4.0 230
1615 -33.375 8582.375 184
1616 -4.333333333333333 190.33333333333334 138
1617 -7.5 211.0 92
1618 1.0 1.0 46
1619 -1.6666666666666667 7.0 69
1620 1.0 1.0 23
1621 2.0 4.0 23
1622 23.0 529.0 23
1623 35.0 3539.6666666666665 69
1625 5.0 25.0 23
1626 1.5 8.5 46
1627 -1.0 1.0 23
1630 -6.0 134.0 69
1631 1.25 1.75 92
1632 0.0 1.4285714285714286 161
1633 -25.625 5408.875 184
1634 -1.3333333333333333 15.333333333333334 207
1635 2.0 17.77777777777778 207
1636 -13.3 1717.3 230
1637 -2.111111111111111 45.666666666666664 207
1638 0.0 3.111111111111111 207
1639 0.0 1.0 138
1640 -80.44444444444444 49564.0 207
1641 -0.7 2.5 230
1642 0.75 9.75 92
1645 1.0 1.0 23
1646 -5.5 72.5 46
1647 1.3333333333333333 2.0 69
1648 -0.75 16.75 92
1649 12.0 673.6 115
1650 6.571428571428571 277.42857142857144 161
1651 -28.25 6443.0 184
1652 8.8 388.0 115
1653 -6.0 86.0 69
1654 -1.0 1.0 23
1656 32.0 6353.0 46
1657 0.0 1.0 46
1658 -1.0 1.0 23
1659 -2.0 4.0 23
1660 1.0 1.0 23
1661 8.0 64.0 23
1662 72.33333333333333 15843.0 69
1663 1.0 1.0 23
1664 -1.0 3.0 69
1665 -0.3333333333333333 1.0 69
1666 27.0 1513.0 46
1667 -24.0 1728.6666666666667 69
1668 2.25 16.75 92
1669 3.0 70.42857142857143 161
1670 0.14285714285714285 1.0 161
1671 3.5 198.16666666666666 138
1672 0.3333333333333333 1.0 138
1673 0.3333333333333333 1.0 138
1674 0.0 1.4285714285714286 161
1675 -2.5 13.0 92
1676 -2.0 612.0 69
1677 1.75 4.75 92
1678 5.285714285714286 167.57142857142858 161
1679 0.0 1.0 46
1680 -1.5 2.5 46
1681 -416.0 346945.0 46
1682 -2.0 22.0 69
1683 -20.0 2081.6 115
1684 -2.5 13.0 92
1685 20.0 400.0 23
1686 0.3333333333333333 1.0 69
1687 -32.666666666666664 3402.0 69
1688 1.5 2.5 46
1689 0.5 4.833333333333333 138
1690 1.5555555555555556 16.88888888888889 207
1691 -2.0 10.0 184
1692 0.6666666666666666 2.0 69
1693 -5.5 111.0 92
1694 0.25 1.75 92
1695 1.0 1.0 23
1696 4.75 39.75 92
1697 2.75 15.75 92
1698 -21.25 1764.75 92
1699 -1.6666666666666667 9.0 69
1700 -185.0 141021.0 92
1701 11.0 382.2 115
1702 -0.7142857142857143 3.5714285714285716 161
1703 -6.6 219.8 115
1704 -54.833333333333336 15824.5 138
1705 1.2857142857142858 19.0 161
1706 -75.66666666666667 29223.333333333332 138
1707 -0.125 1.375 184
1708 0.2222222222222222 1.3333333333333333 207
1709 8.833333333333334 1058.1666666666667 138
1710 0.0 2.5 92
1711 -67.0 18091.0 92
1712 1.5 4.5 92
1713 -1.6666666666666667 11.0 69
1714 1.0 5.8 115
1715 0.0 1.0 138
1716 2.2 17.0 115
1717 2.4 12.8 115
1718 -10.5 200.5 46
1719 17.0 730.0 46
1720 3.3333333333333335 14.0 69
1721 -24.333333333333332 2522.0 138
1722 -1.0 25.0 161
1723 10.25 484.75 92
1724 -1.0 1.0 46
1725 1.3333333333333333 2.0 69
1726 3.5 74.83333333333333 138
1727 -3.3333333333333335 550.6666666666666 138
1728 1.3333333333333333 6.0 69
1729 -4.0 48.666666666666664 69
1730 9.0 283.6666666666667 69
1731 -90.33333333333333 24663.0 69
1732 -1.0 1.0 23
1733 -25.75 2506.75 92
1734 -3.3333333333333335 22.0 69
1736 -45.0 2025.0 23
1737 0.0 1.0 46
1738 -1.0 1.0 23
1739 1.0 1.0 23
1740 -4.0 48.666666666666664 69
1741 89.66666666666667 24481.0 69
1742 0.3333333333333333 1.0 69
1743 0.16666666666666666 1.5 138
1744 -0.2 1.0 115
1745 1.0 5.8 115
1746 -47.875 26788.375 184
1747 0.0 2.0 138
1748 -129.33333333333334 48902.0 69
1749 -3.4 45.8 115
1750 -3.6666666666666665 27.666666666666668 69
1752 3.0 9.0 23
1753 0.8 1.6 115
1754 -8.5 219.5 138
1755 -55.857142857142854 20967.85714285714 161
1756 -2.0 13.0 92
1757 -1.0 13.0 92
1758 -1.2 3.2 115
1759 0.3333333333333333 1.0 69
1760 -33.666666666666664 3401.0 69
1761 1.6666666666666667 3.6666666666666665 69
1762 0.0 5.5 92
1763 -1.75 16.75 92
1764 -0.5 3.5 138
1765 -1.8571428571428572 47.57142857142857 161
1766 -5.444444444444445 236.33333333333334 207
1767 -0.6 1.0 115
1768 -4.5 26.5 46
1784 1.0 1.0 23
1785 -9.0 145.0 46
1786 0.3333333333333333 1.0 69
1787 8.75 177.75 92
1788 0.0 1.0 46
1789 1.0 10.2 115
1790 -1.3333333333333333 2.0 69
1791 -1.0 1.0 23
1795 -0.16666666666666666 6.833333333333333 138
1796 0.8571428571428571 6.0 161
1797 4.0 44.666666666666664 69
1798 -156.5 49298.5 46
1799 -1.0 1.0 23
1800 -4.0 16.0 23
1801 3.0 9.0 23
1802 -1.0 1.0 23
1803 41.0 1681.0 23
1804 0.0 1.0 46
1805 -1.0 1.0 23
1806 1.0 1.0 23
1807 1.0 1.0 23
1808 -2.3333333333333335 35.0 69
1809 -1.0 1.0 23
1810 -4.333333333333333 75.66666666666667 69
1811 -3.6 89.6 115
1812 -0.4 1.6 115
1813 0.2 20.2 115
1814 0.5 1.0 92
1815 1.75 9.75 92
1816 -0.6666666666666666 2.0 69
1817 -2.0 13.0 46
1818 0.16666666666666666 1.5 138
1819 -1.3333333333333333 12.0 138
1820 0.0 1.0 92
1821 3.8333333333333335 81.5 138
1822 -2.0 6.0 69
1840 453.0 205209.0 23
1841 -1.0 1.0 23
1843 -2.0 4.0 23
1844 1.0 1.0 23
1845 1.0 1.0 23
1846 1.0 1.0 46
1847 1.6666666666666667 9.0 69
1848 -1.0 1.0 23
1850 1.0 1.0 23
1851 44.0 1936.0 23
1852 -2.0 4.0 23
1880 1.0 1.0 46
1881 0.0 1.0 46
1882 1.0 1.0 46
1883 0.3333333333333333 1.0 69
1884 0.0 1.0 46
1885 -585.0 342225.0 23
1892 15.0 225.0 23
1893 -1.0 1.0 23
1894 -1.0 1.0 23
1895 -1.0 1.0 23
1897 1.0 1.0 46
1898 -62.75 15876.75 92
1899 -0.75 1.75 92
1900 -1.0 1.0 23
1904 7.0 49.0 23
1905 -1.0 1.0 23
1907 2.0 4.0 23
1908 1.0 1.0 23
1909 -1.3333333333333333 6.0 69
1910 -164.0 26896.0 23
1911 -2.0 4.0 23
1912 -6.0 85.0 46
1913 -1.0 1.0 23
1918 -6.0 36.0 23
1940 1.5 2.5 46
1941 -12.0 265.0 46
1942 -1.0 1.0 23
1944 -4.0 16.0 23
1945 0.3333333333333333 1.0 69
1946 0.3333333333333333 1.0 69
1947 -0.6666666666666666 2.0 69
1948 7.0 49.0 23
1955 -879.0 772641.0 23
2008 1.0 1.0 46
2009 0.42857142857142855 1.0 161
2010 -0.14285714285714285 1.0 161
2011 -11.25 1199.75 92
2012 1.0 1.0 115
2013 -1.6666666666666667 5.333333333333333 138
2014 -1.0 1.0 23
2025 1.0 1.0 23
2026 0.0 1.0 46
2027 1.0 1.0 23
2028 -16.0 256.0 23
2032 -6.0 36.0 23
2275 1.0 1.0 23
2276 -625.0 390625.0 23
2280 -5.0 25.0 23
2293 -13.0 169.0 23
