2 0.6221340388007055
3 0.5884377150722643
4 0.5806100217864923
5 0.6548148148148148
6 0.5697478991596638
7 0.5659574468085107
8 0.5734072022160664
9 0.5258064516129032
10 0.573076923076923
11 0.603112840466926
12 0.6063348416289592
13 0.5204081632653061
14 0.6
15 0.574468085106383
16 0.5161290322580645
17 0.4740740740740741
18 0.6328125
19 0.453781512605042
20 0.48484848484848486
21 0.6216216216216216
22 0.5604395604395604
23 0.5729166666666666
24 0.5733333333333334
25 0.6
26 0.6527777777777778
27 0.5064935064935064
28 0.5714285714285714
29 0.582089552238806
30 0.5084745762711864
31 0.5925925925925926
32 0.45454545454545453
33 0.575
34 0.5
35 0.5789473684210527
36 0.6060606060606061
37 0.41379310344827586
38 0.7272727272727273
39 0.5625
40 0.5
41 0.5454545454545454
42 0.5
43 0.6521739130434783
44 0.6363636363636364
45 0.5263157894736842
46 0.6470588235294118
47 0.5
48 0.7
49 0.7407407407407407
50 0.5161290322580645
51 0.6086956521739131
52 0.6363636363636364
53 0.6666666666666666
54 0.6818181818181818
55 0.5
56 0.5
57 0.6
58 0.5
59 0.7272727272727273
60 0.5833333333333334
61 0.3333333333333333
62 1.0
63 0.7142857142857143
64 0.8888888888888888
65 0.36363636363636365
66 0.6086956521739131
67 0.6285714285714286
68 0.6046511627906976
69 0.475
70 0.4166666666666667
71 0.36363636363636365
72 0.7272727272727273
73 0.4166666666666667
74 0.4666666666666667
75 0.6666666666666666
76 0.6111111111111112
77 0.6470588235294118
78 0.4166666666666667
79 0.625
80 0.5384615384615384
81 0.5384615384615384
82 0.625
83 0.1111111111111111
84 0.6666666666666666
85 0.2857142857142857
86 0.6666666666666666
87 0.5333333333333333
88 0.42857142857142855
89 0.2
90 0.6923076923076923
91 0.5
92 0.6666666666666666
93 0.7142857142857143
94 0.5555555555555556
95 0.625
96 0.5555555555555556
97 0.5217391304347826
98 0.5
