-99 1
-98 0
-97 0
-96 0
-95 0
-94 0
-93 0
-92 1
-91 0
-90 1
-89 0
-88 0
-87 0
-86 0
-85 2
-84 0
-83 0
-82 0
-81 1
-80 0
-79 0
-78 0
-77 0
-76 0
-75 0
-74 0
-73 1
-72 0
-71 2
-70 0
-69 0
-68 0
-67 1
-66 1
-65 0
-64 1
-63 2
-62 0
-61 0
-60 2
-59 0
-58 2
-57 2
-56 1
-55 2
-54 2
-53 2
-52 5
-51 3
-50 1
-49 7
-48 3
-47 4
-46 8
-45 3
-44 6
-43 14
-42 7
-41 11
-40 14
-39 16
-38 14
-37 20
-36 21
-35 20
-34 21
-33 32
-32 34
-31 40
-30 57
-29 55
-28 69
-27 85
-26 81
-25 106
-24 149
-23 171
-22 194
-21 251
-20 311
-19 343
-18 467
-17 553
-16 730
-15 966
-14 1355
-13 1762
-12 2424
-11 3520
-10 5110
-9 7597
-8 12041
-7 20245
-6 36469
-5 72445
-4 163743
-3 454269
-2 1721252
-1 7858442
0 125989773
1 1947289212
2 125990390
3 7857843
4 1721793
5 453480
6 163804
7 72858
8 36501
9 20262
10 12064
11 7654
12 5043
13 3393
14 2411
15 1739
16 1255
17 979
18 725
19 539
20 467
21 375
22 293
23 243
24 193
25 160
26 144
27 132
28 96
29 79
30 57
31 59
32 54
33 45
34 35
35 25
36 20
37 32
38 20
39 18
40 20
41 13
42 10
43 8
44 10
45 6
46 11
47 11
48 5
49 4
50 1
51 6
52 2
53 4
54 2
55 2
56 4
57 3
58 0
59 0
60 1
61 1
62 1
63 2
64 2
65 0
66 1
67 1
68 1
69 2
70 1
71 0
72 0
73 0
74 1
75 0
76 0
77 1
78 0
79 0
80 0
81 0
82 0
83 1
84 1
85 1
86 0
87 0
88 0
89 0
90 0
91 0
92 0
93 2
