0 0.066
1 0.0197
2 0.0524
3 0.0431
4 0.0601
5 0.0036
6 0.0344
7 0.094
8 0.0244
9 0.0305
10 0.032
11 0.0007
12 0.0489
13 0.0416
14 0.032
15 0.0271
16 0.0232
17 0.0535
18 0.055
19 0.0452
20 0.0883
21 0.0061
22 0.0082
23 0.0389
24 0.0581
25 0.0474
26 0.0136
27 0.0601
28 0.0579
29 0.0454
30 0.045
31 0.0106
32 0.0314
33 0.0529
34 0.0338
35 0.0394
36 0.0797
37 0.053
38 0.0425
39 0.031
40 0.0109
41 0.0465
42 0.0174
43 0.0598
44 0.0262
45 0.0837
46 0.0798
47 0.0497
48 0.0247
49 0.0544
50 0.0461
51 0.0281
52 0.0706
53 0.02
54 0.0287
55 0.0759
56 0.0221
57 0.0585
58 0.0552
59 0.0827
60 0.015
61 0.0256
62 0.103
63 0.0504
64 0.0807
65 0.0197
66 0.0233
67 0.0439
68 0.0492
69 0.0967
70 0.0403
71 0.0261
72 0.032
73 0.0468
74 0.0536
75 0.0515
76 0.0616
77 0.0339
78 0.0815
79 0.0195
80 0.0358
81 0.0441
82 0.0317
83 0.0328
84 0.0513
85 0.0319
86 0.0358
87 0.0827
88 0.0636
89 0.0139
90 0.0907
91 0.0117
92 0.027
93 0.0266
94 0.0734
95 0.0545
96 0.0142
97 0.0896
98 0.0748
99 0.0687
100 0.0518
101 0.0291
102 0.0194
103 0.0269
104 0.0162
105 0.0798
106 0.0758
107 0.0127
108 0.016
109 0.0356
110 0.0352
