0 0.3624
1 0.3438
2 0.3525
3 0.3577
4 0.3538
5 0.3426
6 0.3618
7 0.3464
8 0.3541
9 0.3504
10 0.3587
11 0.3426
12 0.3441
13 0.3425
14 0.3522
15 0.3311
16 0.3545
17 0.3577
18 0.3754
19 0.3792
20 0.3673
21 0.3234
22 0.3583
23 0.3348
24 0.3346
25 0.3638
26 0.3557
27 0.3599
28 0.3491
29 0.3617
30 0.3554
31 0.349
32 0.3562
33 0.3399
34 0.3508
35 0.3647
36 0.3574
37 0.3219
38 0.3581
39 0.3741
40 0.348
41 0.3643
42 0.3639
43 0.3426
44 0.3357
45 0.3269
46 0.3358
47 0.3433
48 0.3312
49 0.3482
50 0.3402
51 0.3639
52 0.3578
53 0.326
54 0.3449
55 0.3755
56 0.3534
57 0.3492
58 0.3584
59 0.3617
60 0.3559
61 0.3638
62 0.3531
63 0.3597
64 0.3687
65 0.3515
66 0.371
67 0.3867
68 0.3636
69 0.3844
70 0.3496
71 0.3332
72 0.3468
73 0.3844
74 0.341
75 0.3542
76 0.3479
77 0.3554
78 0.391
79 0.3318
80 0.3508
81 0.3444
82 0.3697
83 0.3372
84 0.3479
85 0.3422
86 0.336
87 0.3326
88 0.351
89 0.357
90 0.3718
91 0.3625
92 0.3544
93 0.3673
94 0.3425
95 0.331
96 0.3708
97 0.3436
98 0.3646
99 0.3494
100 0.3393
101 0.3416
102 0.3427
103 0.354
104 0.3446
105 0.3665
106 0.3372
107 0.3552
108 0.3705
109 0.3235
110 0.3597
