-576 1
-575 0
-574 0
-573 0
-572 0
-571 0
-570 0
-569 1
-568 0
-567 0
-566 1
-565 0
-564 0
-563 0
-562 0
-561 0
-560 0
-559 0
-558 0
-557 0
-556 0
-555 0
-554 0
-553 0
-552 0
-551 0
-550 0
-549 0
-548 0
-547 0
-546 0
-545 0
-544 0
-543 0
-542 0
-541 0
-540 0
-539 0
-538 0
-537 0
-536 1
-535 0
-534 0
-533 0
-532 0
-531 0
-530 0
-529 0
-528 1
-527 0
-526 1
-525 1
-524 0
-523 0
-522 0
-521 0
-520 0
-519 0
-518 0
-517 0
-516 0
-515 0
-514 0
-513 0
-512 0
-511 0
-510 0
-509 0
-508 0
-507 0
-506 0
-505 0
-504 0
-503 1
-502 1
-501 0
-500 1
-499 0
-498 0
-497 1
-496 0
-495 0
-494 0
-493 1
-492 0
-491 0
-490 0
-489 0
-488 1
-487 1
-486 0
-485 0
-484 2
-483 0
-482 0
-481 1
-480 1
-479 0
-478 0
-477 0
-476 0
-475 2
-474 0
-473 0
-472 0
-471 0
-470 0
-469 0
-468 1
-467 0
-466 0
-465 1
-464 0
-463 1
-462 1
-461 0
-460 1
-459 0
-458 0
-457 1
-456 0
-455 0
-454 1
-453 0
-452 0
-451 0
-450 1
-449 1
-448 1
-447 1
-446 2
-445 1
-444 0
-443 0
-442 1
-441 0
-440 1
-439 3
-438 2
-437 1
-436 1
-435 0
-434 0
-433 0
-432 0
-431 0
-430 0
-429 0
-428 0
-427 1
-426 1
-425 0
-424 1
-423 0
-422 1
-421 0
-420 0
-419 0
-418 2
-417 2
-416 0
-415 1
-414 0
-413 1
-412 1
-411 2
-410 0
-409 0
-408 1
-407 1
-406 3
-405 4
-404 2
-403 4
-402 4
-401 0
-400 0
-399 3
-398 1
-397 6
-396 1
-395 4
-394 0
-393 4
-392 2
-391 2
-390 1
-389 0
-388 5
-387 3
-386 5
-385 1
-384 5
-383 2
-382 1
-381 4
-380 4
-379 4
-378 4
-377 0
-376 5
-375 2
-374 1
-373 4
-372 4
-371 2
-370 7
-369 3
-368 3
-367 0
-366 2
-365 5
-364 3
-363 0
-362 5
-361 3
-360 9
-359 4
-358 2
-357 4
-356 3
-355 9
-354 4
-353 0
-352 4
-351 8
-350 5
-349 6
-348 9
-347 7
-346 5
-345 4
-344 5
-343 9
-342 7
-341 8
-340 6
-339 15
-338 10
-337 7
-336 4
-335 6
-334 15
-333 9
-332 4
-331 8
-330 13
-329 15
-328 11
-327 8
-326 13
-325 14
-324 11
-323 7
-322 15
-321 11
-320 10
-319 18
-318 11
-317 15
-316 16
-315 14
-314 10
-313 20
-312 13
-311 21
-310 16
-309 14
-308 19
-307 14
-306 17
-305 21
-304 14
-303 15
-302 14
-301 18
-300 19
-299 12
-298 17
-297 22
-296 20
-295 24
-294 21
-293 27
-292 18
-291 21
-290 24
-289 19
-288 26
-287 19
-286 27
-285 28
-284 29
-283 33
-282 27
-281 26
-280 36
-279 32
-278 40
-277 36
-276 39
-275 37
-274 37
-273 42
-272 45
-271 29
-270 44
-269 38
-268 52
-267 41
-266 37
-265 55
-264 51
-263 62
-262 39
-261 44
-260 42
-259 55
-258 46
-257 61
-256 60
-255 64
-254 65
-253 60
-252 70
-251 57
-250 73
-249 72
-248 62
-247 67
-246 91
-245 82
-244 90
-243 77
-242 79
-241 103
-240 101
-239 78
-238 116
-237 98
-236 99
-235 102
-234 98
-233 107
-232 106
-231 115
-230 111
-229 110
-228 133
-227 145
-226 146
-225 121
-224 128
-223 119
-222 162
-221 145
-220 153
-219 163
-218 180
-217 174
-216 189
-215 150
-214 168
-213 180
-212 198
-211 189
-210 201
-209 193
-208 203
-207 218
-206 213
-205 247
-204 236
-203 241
-202 259
-201 251
-200 246
-199 252
-198 280
-197 270
-196 296
-195 300
-194 317
-193 279
-192 349
-191 311
-190 312
-189 381
-188 327
-187 398
-186 389
-185 395
-184 418
-183 426
-182 439
-181 430
-180 477
-179 469
-178 438
-177 496
-176 523
-175 539
-174 534
-173 501
-172 586
-171 656
-170 613
-169 652
-168 629
-167 640
-166 710
-165 670
-164 719
-163 735
-162 759
-161 770
-160 879
-159 837
-158 869
-157 888
-156 895
-155 922
-154 936
-153 982
-152 1037
-151 963
-150 1055
-149 1159
-148 1167
-147 1173
-146 1208
-145 1281
-144 1318
-143 1266
-142 1406
-141 1400
-140 1437
-139 1449
-138 1567
-137 1591
-136 1681
-135 1634
-134 1755
-133 1832
-132 1810
-131 1871
-130 2033
-129 2105
-128 2006
-127 2108
-126 2254
-125 2225
-124 2420
-123 2468
-122 2537
-121 2583
-120 2735
-119 2779
-118 2894
-117 3018
-116 3088
-115 3145
-114 3256
-113 3407
-112 3462
-111 3633
-110 3673
-109 3844
-108 3883
-107 4072
-106 4081
-105 4299
-104 4527
-103 4626
-102 4819
-101 4805
-100 5171
-99 5240
-98 5480
-97 5608
-96 5828
-95 6053
-94 6357
-93 6660
-92 6670
-91 6828
-90 7175
-89 7530
-88 7649
-87 8011
-86 8360
-85 8817
-84 8878
-83 9261
-82 9666
-81 9883
-80 10405
-79 10636
-78 11031
-77 11312
-76 11913
-75 12384
-74 12721
-73 13343
-72 14120
-71 14522
-70 14953
-69 15846
-68 16187
-67 16886
-66 17710
-65 18265
-64 19051
-63 19751
-62 20641
-61 21619
-60 22734
-59 23316
-58 24459
-57 25780
-56 27154
-55 27963
-54 29250
-53 30548
-52 31648
-51 33396
-50 34819
-49 36600
-48 38562
-47 40975
-46 42774
-45 44717
-44 47038
-43 49343
-42 52112
-41 54947
-40 57133
-39 61117
-38 64754
-37 67671
-36 71875
-35 75720
-34 80361
-33 85761
-32 91367
-31 96679
-30 103439
-29 109462
-28 117328
-27 125611
-26 133999
-25 144108
-24 155272
-23 167537
-22 181827
-21 196653
-20 214120
-19 234097
-18 256305
-17 281270
-16 309226
-15 345399
-14 385520
-13 433009
-12 491014
-11 562178
-10 649304
-9 759860
-8 905083
-7 1099314
-6 1374326
-5 1779915
-4 2427965
-3 3611101
-2 6289597
-1 15029983
0 93779797
1 840525383
2 99934017
3 10959665
4 5083266
5 3208418
6 2248127
7 1685191
8 1318865
9 1066700
10 880968
11 743183
12 636115
13 552815
14 483332
15 428358
16 380123
17 341010
18 308219
19 278203
20 253814
21 232441
22 212126
23 195635
24 180611
25 166752
26 154494
27 144061
28 133575
29 124764
30 116882
31 109161
32 102116
33 95928
34 90759
35 85675
36 80330
37 75461
38 70926
39 67506
40 64101
41 60757
42 57468
43 54223
44 51875
45 49124
46 46929
47 44804
48 42735
49 40188
50 38747
51 36522
52 35061
53 33632
54 31987
55 30742
56 29241
57 28009
58 26797
59 25540
60 24371
61 23554
62 22322
63 21693
64 20487
65 19837
66 19126
67 18275
68 17463
69 16755
70 15969
71 15693
72 15000
73 14333
74 13849
75 13323
76 12643
77 12258
78 11987
79 11415
80 11041
81 10662
82 10055
83 9815
84 9665
85 9091
86 8754
87 8764
88 8320
89 7937
90 7837
91 7458
92 7257
93 6938
94 6716
95 6464
96 6203
97 6027
98 5822
99 5645
100 5612
101 5250
102 4918
103 5038
104 4804
105 4607
106 4436
107 4280
108 4116
109 4050
110 3976
111 3740
112 3706
113 3659
114 3433
115 3394
116 3231
117 3171
118 3014
119 2980
120 2781
121 2820
122 2689
123 2579
124 2615
125 2428
126 2326
127 2309
128 2186
129 2095
130 2156
131 1982
132 1883
133 1852
134 1864
135 1721
136 1777
137 1707
138 1647
139 1629
140 1584
141 1498
142 1465
143 1417
144 1349
145 1341
146 1305
147 1227
148 1271
149 1222
150 1110
151 1128
152 1047
153 1060
154 1065
155 981
156 890
157 932
158 883
159 873
160 909
161 797
162 794
163 804
164 739
165 742
166 667
167 693
168 694
169 661
170 596
171 630
172 593
173 571
174 605
175 560
176 536
177 489
178 527
179 508
180 514
181 447
182 474
183 422
184 467
185 440
186 377
187 399
188 391
189 391
190 372
191 364
192 360
193 317
194 334
195 320
196 292
197 307
198 277
199 274
200 267
201 262
202 246
203 263
204 269
205 230
206 249
207 206
208 215
209 204
210 207
211 221
212 200
213 205
214 186
215 201
216 162
217 197
218 176
219 175
220 139
221 144
222 164
223 146
224 167
225 149
226 123
227 120
228 134
229 131
230 108
231 126
232 118
233 120
234 104
235 97
236 107
237 97
238 105
239 71
240 79
241 99
242 102
243 85
244 78
245 74
246 80
247 84
248 62
249 72
250 73
251 70
252 63
253 65
254 55
255 79
256 57
257 56
258 55
259 59
260 61
261 71
262 67
263 53
264 53
265 51
266 40
267 40
268 41
269 43
270 41
271 43
272 35
273 32
274 48
275 41
276 37
277 44
278 43
279 42
280 36
281 50
282 26
283 27
284 25
285 37
286 23
287 29
288 28
289 21
290 22
291 33
292 21
293 19
294 22
295 35
296 30
297 15
298 17
299 20
300 18
301 15
302 18
303 17
304 25
305 18
306 20
307 8
308 20
309 13
310 17
311 18
312 17
313 14
314 12
315 16
316 17
317 9
318 16
319 8
320 21
321 7
322 12
323 10
324 10
325 14
326 16
327 10
328 11
329 12
330 9
331 6
332 5
333 2
334 10
335 8
336 5
337 10
338 4
339 7
340 13
341 8
342 11
343 7
344 7
345 6
346 8
347 3
348 4
349 8
350 2
351 1
352 6
353 4
354 3
355 2
356 5
357 2
358 8
359 6
360 5
361 1
362 5
363 2
364 5
365 1
366 0
367 4
368 4
369 7
370 3
371 4
372 2
373 2
374 2
375 10
376 1
377 1
378 2
379 2
380 5
381 2
382 4
383 3
384 0
385 3
386 0
387 0
388 2
389 1
390 1
391 0
392 1
393 4
394 4
395 2
396 0
397 0
398 2
399 2
400 2
401 1
402 3
403 5
404 4
405 2
406 2
407 6
408 3
409 2
410 1
411 2
412 2
413 0
414 0
415 0
416 1
417 1
418 1
419 0
420 0
421 2
422 1
423 1
424 1
425 1
426 1
427 1
428 2
429 1
430 0
431 0
432 1
433 0
434 1
435 0
436 2
437 1
438 1
439 2
440 0
441 1
442 0
443 0
444 0
445 1
446 0
447 0
448 1
449 0
450 1
451 1
452 1
453 0
454 1
455 0
456 2
457 1
458 1
459 0
460 0
461 0
462 1
463 1
464 2
465 0
466 0
467 2
468 0
469 0
470 0
471 1
472 0
473 0
474 0
475 1
476 0
477 0
478 0
479 0
480 0
481 0
482 0
483 0
484 0
485 0
486 1
487 1
488 1
489 0
490 0
491 1
492 0
493 1
494 0
495 0
496 0
497 0
498 0
499 0
500 1
501 0
502 0
503 0
504 0
505 1
506 1
507 0
508 0
509 0
510 1
511 1
512 0
513 0
514 0
515 0
516 0
517 0
518 0
519 1
520 0
521 0
522 1
523 0
524 0
525 0
526 0
527 0
528 0
529 0
530 0
531 0
532 0
533 0
534 0
535 0
536 0
537 0
538 0
539 0
540 0
541 1
542 0
543 0
544 0
545 0
546 0
547 0
548 0
549 0
550 0
551 0
552 0
553 0
554 0
555 1
556 0
557 0
558 0
559 0
560 0
561 0
562 0
563 2
564 0
565 0
566 0
567 0
568 1
569 0
570 0
571 0
572 0
573 0
574 0
575 0
576 0
577 0
578 0
579 0
580 0
581 0
582 0
583 0
584 0
585 0
586 0
587 0
588 1
