0 610798.0
1 47357.0
2 13104.0
3 8368.0
4 5691.0
5 4024.0
6 3120.0
7 2516.0
8 1992.0
9 1602.0
10 1372.0
11 1147.0
12 1023.0
13 871.0
14 759.0
15 659.0
16 553.0
17 500.0
18 486.0
19 454.0
20 402.0
21 348.0
22 266.0
23 257.0
24 268.0
25 214.0
26 223.0
27 210.0
28 178.0
29 186.0
30 153.0
31 136.0
32 131.0
33 142.0
34 130.0
35 122.0
36 89.0
37 104.0
38 88.0
39 85.0
40 73.0
41 64.0
42 71.0
43 70.0
44 76.0
45 49.0
46 60.0
47 44.0
48 47.0
49 42.0
50 35.0
51 45.0
52 47.0
53 38.0
54 28.0
55 29.0
56 42.0
57 29.0
58 17.0
59 26.0
60 30.0
61 32.0
62 20.0
63 22.0
64 13.0
65 16.0
66 21.0
67 21.0
68 13.0
69 23.0
70 11.0
71 16.0
72 11.0
73 13.0
74 10.0
75 14.0
76 10.0
77 10.0
78 5.0
79 8.0
80 9.0
81 3.0
82 4.0
83 5.0
84 4.0
85 3.0
86 9.0
87 7.0
88 3.0
89 8.0
90 4.0
91 7.0
92 8.0
93 4.0
94 4.0
95 2.0
96 7.0
97 3.0
98 2.0
99 7.0
100 3.0
101 1.0
102 1.0
103 5.0
104 1.0
105 0.0
106 4.0
107 4.0
108 0.0
109 1.0
110 1.0
111 2.0
112 1.0
113 2.0
114 3.0
115 1.0
116 3.0
117 2.0
118 2.0
119 2.0
120 0.0
121 3.0
122 2.0
123 1.0
124 1.0
125 2.0
126 0.0
127 1.0
128 0.0
129 1.0
130 2.0
131 0.0
132 2.0
133 0.0
134 0.0
135 1.0
136 0.0
137 0.0
138 0.0
139 0.0
140 2.0
141 0.0
142 1.0
143 0.0
144 0.0
145 0.0
146 0.0
147 1.0
148 0.0
149 1.0
150 1.0
151 0.0
152 0.0
153 2.0
154 0.0
155 0.0
156 1.0
157 0.0
158 1.0
159 1.0
160 0.0
161 0.0
162 0.0
163 1.0
164 1.0
165 1.0
166 0.0
167 0.0
168 0.0
169 0.0
170 0.0
171 0.0
172 1.0
173 0.0
174 0.0
175 1.0
176 0.0
177 1.0
178 0.0
179 1.0
180 0.0
181 0.0
182 0.0
183 0.0
184 0.0
185 1.0
186 0.0
187 1.0
188 0.0
189 0.0
190 0.0
191 0.0
192 0.0
193 0.0
194 0.0
195 0.0
196 0.0
197 0.0
198 0.0
199 0.0
200 0.0
201 0.0
202 0.0
203 0.0
204 1.0
205 0.0
206 0.0
207 0.0
208 0.0
209 0.0
210 0.0
211 0.0
212 0.0
213 0.0
214 0.0
215 0.0
216 0.0
217 0.0
218 0.0
219 0.0
220 0.0
221 0.0
222 0.0
223 1.0
