-227 1
-226 0
-225 0
-224 1
-223 0
-222 0
-221 0
-220 0
-219 0
-218 0
-217 0
-216 0
-215 0
-214 0
-213 0
-212 0
-211 1
-210 0
-209 0
-208 0
-207 0
-206 0
-205 0
-204 0
-203 0
-202 0
-201 0
-200 1
-199 0
-198 0
-197 0
-196 0
-195 0
-194 0
-193 1
-192 0
-191 0
-190 0
-189 1
-188 0
-187 1
-186 0
-185 2
-184 0
-183 0
-182 0
-181 2
-180 3
-179 2
-178 1
-177 0
-176 1
-175 2
-174 4
-173 0
-172 3
-171 3
-170 1
-169 0
-168 2
-167 2
-166 2
-165 4
-164 2
-163 3
-162 6
-161 2
-160 3
-159 7
-158 7
-157 2
-156 5
-155 8
-154 3
-153 3
-152 8
-151 6
-150 11
-149 3
-148 10
-147 9
-146 11
-145 19
-144 14
-143 18
-142 9
-141 17
-140 17
-139 17
-138 23
-137 21
-136 20
-135 27
-134 28
-133 33
-132 35
-131 31
-130 42
-129 38
-128 42
-127 36
-126 53
-125 47
-124 54
-123 61
-122 51
-121 88
-120 62
-119 80
-118 93
-117 93
-116 106
-115 111
-114 99
-113 140
-112 138
-111 141
-110 165
-109 180
-108 171
-107 204
-106 215
-105 263
-104 260
-103 245
-102 281
-101 313
-100 322
-99 387
-98 396
-97 439
-96 492
-95 507
-94 521
-93 578
-92 634
-91 663
-90 752
-89 798
-88 852
-87 986
-86 989
-85 1094
-84 1119
-83 1266
-82 1400
-81 1465
-80 1664
-79 1776
-78 1827
-77 2093
-76 2218
-75 2428
-74 2582
-73 2863
-72 3038
-71 3452
-70 3642
-69 3864
-68 4420
-67 4737
-66 5192
-65 5551
-64 6080
-63 6630
-62 7140
-61 7719
-60 8322
-59 9174
-58 9924
-57 10979
-56 11875
-55 13042
-54 14251
-53 15670
-52 17062
-51 18478
-50 20309
-49 22179
-48 24600
-47 26592
-46 29431
-45 32060
-44 35149
-43 38808
-42 42534
-41 46893
-40 51394
-39 57025
-38 63111
-37 69304
-36 75961
-35 84969
-34 93299
-33 103914
-32 114569
-31 127465
-30 141630
-29 158048
-28 175740
-27 195222
-26 219077
-25 246101
-24 277039
-23 311753
-22 351518
-21 396963
-20 450297
-19 511743
-18 584475
-17 670644
-16 770881
-15 891938
-14 1034976
-13 1210288
-12 1425886
-11 1690544
-10 2027856
-9 2457043
-8 3019469
-7 3769476
-6 4819962
-5 6336870
-4 8684976
-3 12691617
-2 21002004
-1 39762470
0 157055081
1 560542412
2 157056197
3 39762628
4 21003846
5 12697745
6 8679253
7 6339086
8 4819351
9 3770481
10 3017726
11 2453842
12 2025483
13 1690792
14 1423573
15 1208642
16 1036755
17 889156
18 772256
19 670719
20 586623
21 512427
22 450758
23 397357
24 351526
25 311321
26 276537
27 246803
28 220005
29 196173
30 175644
31 157062
32 141836
33 127173
34 115019
35 103451
36 93405
37 84926
38 76258
39 68899
40 62640
41 56620
42 51720
43 47105
44 42743
45 38621
46 35086
47 32301
48 29505
49 26762
50 24506
51 22149
52 20501
53 18725
54 16818
55 15621
56 14254
57 12971
58 11964
59 10907
60 9976
61 9219
62 8450
63 7704
64 7251
65 6544
66 5842
67 5536
68 5153
69 4788
70 4397
71 4011
72 3650
73 3373
74 3106
75 2985
76 2661
77 2405
78 2256
79 2042
80 1929
81 1736
82 1597
83 1450
84 1363
85 1190
86 1141
87 1089
88 1008
89 944
90 830
91 802
92 761
93 714
94 608
95 614
96 533
97 505
98 465
99 435
100 413
101 386
102 327
103 301
104 277
105 278
106 271
107 248
108 223
109 189
110 185
111 157
112 140
113 139
114 116
115 140
116 116
117 89
118 112
119 96
120 97
121 69
122 70
123 68
124 61
125 73
126 51
127 51
128 44
129 48
130 44
131 38
132 36
133 40
134 21
135 31
136 22
137 19
138 27
139 19
140 24
141 19
142 21
143 14
144 18
145 13
146 14
147 7
148 12
149 11
150 8
151 9
152 6
153 9
154 11
155 5
156 8
157 7
158 5
159 1
160 2
161 3
162 2
163 6
164 4
165 5
166 1
167 2
168 1
169 1
170 3
171 2
172 3
173 1
174 1
175 2
176 0
177 3
178 1
179 2
180 2
181 0
182 3
183 3
184 1
185 0
186 0
187 1
188 1
189 1
190 2
191 0
192 0
193 0
194 2
