0 1.0 0.0 41730315
1 0.03382001485380631 1.463131544169563 75437903
2 0.27065337000000583 1.9020216087243877 49521083
3 0.1585846247803439 2.9742044731378043 43954507
4 0.1494047902738608 3.827353867210585 37683524
5 0.12335077332662886 4.775571001282089 32336595
6 0.10739284390974314 5.668117023167894 27830616
7 0.06460407930044967 6.6942022261186 24116635
8 0.02889467455936691 7.64111920051784 21012834
9 -0.023310004171093912 8.701819431326202 18390859
10 -0.06492437651612082 9.67426086774946 16145646
11 -0.11979599939033718 10.731598045878732 14211134
12 -0.16888796610385637 11.737291628138808 12546560
13 -0.22639376823725021 12.782966991638398 11089254
14 -0.2786275484388266 13.738831282953937 9830234
15 -0.33878494065465603 14.775211517232794 8722504
16 -0.39485043991599317 15.740692938430332 7750798
17 -0.4559719359020833 16.77762829420356 6891082
18 -0.5124185374039595 17.724327530451895 6134257
19 -0.5740594354059226 18.75169520686183 5463713
20 -0.6341855579699822 19.718035697669958 4871642
21 -0.692814213731185 20.73762193065075 4344869
22 -0.7501155437667423 21.681626899040623 3881646
23 -0.8183561688036687 22.681681026935706 3471062
24 -0.8762594428014401 23.61490504588307 3104746
25 -0.9370857549994107 24.685589462596564 2774777
26 -0.9925458341357446 25.647004870964775 2482102
27 -1.0529721617512047 26.62515511909403 2224206
28 -1.1145234795927426 27.60140258649123 1993923
29 -1.172992022393282 28.679364732939685 1786250
30 -1.2282457935460724 29.619149458132146 1599863
31 -1.2854202860560902 30.740469666628854 1434404
32 -1.349594007826018 31.551577907321978 1286478
33 -1.4043072301665305 32.77262454909713 1155824
34 -1.464479795723441 33.68652909350886 1038592
35 -1.5093898977946976 34.8689441373718 933024
36 -1.5830192618574659 35.67352232876983 838185
37 -1.6407236280353994 37.02335745300267 751878
38 -1.6859093546381443 38.01898749155687 673901
39 -1.7397014964787278 39.04892447721095 605889
40 -1.7892853216052775 40.380600240559 545700
41 -1.8501328696163313 41.42901487966951 489954
42 -1.9092759708098186 42.7643092961545 440148
43 -1.9483652875882946 43.81164768092274 396400
44 -1.9924773153261002 44.78009105276436 355857
45 -2.0657212112893113 46.13727753542214 320551
46 -2.126420267221933 47.40886608538143 288150
47 -2.158471860604847 48.65217718378088 259636
48 -2.2060529741958894 49.630626072537524 234265
49 -2.27906446309267 50.7841018703395 210446
50 -2.3131089389461885 52.171806999129565 189161
51 -2.3599694557843107 53.86718547882514 170245
52 -2.4308245132627726 54.57637900138164 153060
53 -2.466982124843057 55.97488213977378 137789
54 -2.511719598644984 57.712989969385625 124279
55 -2.5812564091132018 59.31879085982188 112145
56 -2.603372346756596 60.37450558820518 100820
57 -2.64416757789633 60.68675240714745 90537
58 -2.693156219392752 62.39053102752253 81680
59 -2.7288661055436956 64.91502372960679 73543
60 -2.78326922213408 65.75087542972358 66811
61 -2.872006841505131 67.75763009291877 59636
62 -2.838600409454681 67.72060939416569 53730
63 -2.885026298487837 70.52437966731924 48672
64 -2.98356089319147 70.68199835252206 43798
65 -3.058920634920635 73.58581089848522 39375
66 -3.032990153449098 75.764333704929 35647
67 -3.0503896426464654 75.72042651462179 32209
68 -3.0477656336469288 77.44898435457868 28912
69 -3.1995037220843674 80.82669950558206 26195
70 -3.3235355868150327 79.96666631551305 23815
71 -3.384568394342371 82.57538143230548 21281
72 -3.444132626546097 84.92612215848054 19242
73 -3.22888032664328 83.12675003162705 17389
74 -3.3874614594039056 88.1376434016483 15568
75 -3.545235565001771 89.34933525270252 14115
76 -3.5233867131758365 90.53167915962499 12614
77 -3.5620647632311977 91.91658668382321 11488
78 -3.560823517767 93.27648955243839 10103
79 -3.7208324347638557 97.79817071097722 9274
80 -3.7938442969221486 101.16932843200644 8285
81 -3.6602997745059027 94.42300407514269 7539
82 -3.891578791029259 107.94131182495856 6733
83 -3.794863242161441 108.01662471444682 5996
84 -3.837161911819192 107.97144596526307 5398
85 -3.9119066773934033 108.99746885050016 4972
86 -3.58952551477171 101.68871750091493 4468
87 -4.144444444444445 119.62481481481475 4050
88 -4.234054202025733 114.22197745887223 3653
89 -4.231176104542626 117.09683763358184 3214
90 -3.8965044551062373 111.36968620474259 2918
91 -4.204903036955726 118.07656578825687 2733
92 -4.453990228013029 123.99218277514989 2456
93 -4.203382084095064 123.95269422878515 2188
94 -3.9133858267716537 120.7447289561249 1905
95 -4.5014343086632245 128.80765715102075 1743
96 -4.101198402130493 125.51838737874627 1502
97 -4.4485776805251644 136.98112671515486 1371
98 -3.96875 127.5583984375 1280
99 -4.230152365677626 129.43299620773942 1247
100 -5.010416666666667 161.4856869476008 1056
101 -4.699286442405708 148.03699235525917 981
102 -4.4488095238095235 151.97118905895707 840
103 -5.073929961089494 168.2111361766772 771
104 -5.2079772079772075 154.87412439834065 702
105 -4.775510204081633 157.91977701598628 637
106 -5.863934426229508 179.53066648750277 610
107 -5.428030303030303 180.02891127180868 528
108 -5.598233995584989 166.23152006003622 453
109 -5.4728682170542635 155.44823027462317 387
110 -5.759668508287293 178.2543954702236 362
111 -5.218181818181818 183.6675482093658 330
112 -4.2317073170731705 149.81216537775117 328
113 -4.769491525423729 163.01127262280966 295
114 -4.849264705882353 149.72360240051904 272
115 -4.641732283464567 161.49762849525683 254
116 -6.138248847926267 221.82420522839743 217
117 -3.751152073732719 122.60166917963862 217
118 -5.265625 181.68465169270834 192
119 -5.12280701754386 183.1603570329327 171
120 -4.086956521739131 101.41272841839952 138
121 -6.415254237288136 242.71739442688866 118
122 -4.533898305084746 140.7912237862683 118
123 -5.017857142857143 177.19610969387756 112
124 -4.84070796460177 193.67374109170646 113
125 -6.697368421052632 309.1057825484763 76
126 -5.052631578947368 182.26038781163442 57
127 -7.714285714285714 227.34693877551015 49
128 -3.5762711864406778 106.54926745188165 59
129 -5.065573770491803 156.52029024455794 61
130 -3.4827586206896552 205.56004756242564 58
131 -6.409090909090909 304.0599173553718 44
132 -5.4324324324324325 122.62381300219133 37
133 -11.170731707317072 331.60499702558 41
134 -6.205882352941177 208.22231833910035 34
135 -7.407407407407407 240.61179698216728 27
136 -5.416666666666667 274.15972222222223 24
137 -10.642857142857142 259.015306122449 28
138 -6.966666666666667 265.7655555555556 30
139 -1.9666666666666666 117.63222222222223 30
140 -7.03030303030303 266.08999081726364 33
141 -3.3703703703703702 87.86282578875172 27
142 -2.6315789473684212 92.65373961218836 19
143 -0.6153846153846154 59.92899408284024 13
144 -3.8461538461538463 51.822485207100584 13
145 -1.7272727272727273 64.01652892561982 11
146 -8.875 261.609375 8
147 -9.4 496.23999999999995 10
148 -8.666666666666666 293.8888888888889 6
149 0.0 3.6666666666666665 6
150 -1.4444444444444444 8.691358024691358 9
151 -0.7142857142857143 5.061224489795919 7
152 -5.8 18.160000000000004 5
153 -8.5 420.25 2
154 -1.0 1.5 4
155 0.0 1.0 2
156 -22.0 222.0 3
157 -77.0 0.0 1
160 1.0 0.0 1
161 -3.0 4.0 2
162 -1.0 0.0 1
164 7.0 36.0 2
165 -1.0 0.0 2
168 -26.0 504.6666666666667 3
169 -1.0 0.0 2
172 -22.0 0.0 1
175 -6.0 0.0 1
177 1.0 0.0 1
178 1.0 0.0 1
179 -25.0 0.0 1
