2 0.7210369679556192
3 0.6738875269936533
4 0.642982612253011
5 0.6204949832680218
6 0.603838382679976
7 0.5895072745691786
8 0.5785308095561794
9 0.5687690568042636
10 0.5605944723627542
11 0.5536386851851194
12 0.5474831321854929
13 0.5421493395468877
14 0.5370851236765534
15 0.5328374488038022
16 0.5287145958962344
17 0.5252865663733604
18 0.5216388345785256
19 0.518758608377893
20 0.5163483684183293
21 0.5135313559910833
22 0.5114303841482344
23 0.5088126530474302
24 0.5068193245712669
25 0.504578684494123
26 0.503041236144185
27 0.5012626937521535
28 0.4995151924336142
29 0.49785699858794136
30 0.4968758022581609
31 0.49493897298923406
32 0.49401411234474696
33 0.49288444539287746
34 0.4914949512519156
35 0.49011918740606036
36 0.4891667833559342
37 0.4885453697406612
38 0.48765637031924974
39 0.48591555228665645
40 0.4855371202738473
41 0.48487033291621207
42 0.48346776023664323
43 0.48319936105754063
44 0.48257026409347903
45 0.4814158256836493
46 0.4809352894724837
47 0.47986516697287906
48 0.48019173838186396
49 0.47856284834907586
50 0.4778930742971646
51 0.4777460117164471
52 0.4775937345223768
53 0.4762020163241475
54 0.4764066405502905
55 0.4755772042572002
56 0.475074212827235
57 0.4738131431587302
58 0.4741386411007301
59 0.47401508720944174
60 0.4728339857148423
61 0.4725851256665366
62 0.47241328714936254
63 0.4714896790420312
64 0.4705798459042084
65 0.47064553637680545
66 0.4705630698886924
67 0.4697889654562214
68 0.46994403819303027
69 0.46889846057617685
70 0.4693086532766851
71 0.46946315560746393
72 0.46833991288726473
73 0.4678906596888431
74 0.46774286563482875
75 0.4683298497828135
76 0.4677718275392734
77 0.4669464139294844
78 0.4658205588645701
79 0.46635593357441546
80 0.4661671916001303
81 0.4658830600247246
82 0.4652307737798776
83 0.46623390191087644
84 0.46496261553667656
85 0.46418458206321195
86 0.46490192517253903
87 0.4648454206311903
88 0.4640360808316775
89 0.4639177449695673
90 0.46349721322934295
91 0.46352197769125364
92 0.46291450211195806
93 0.4635661076712564
94 0.462684735204882
95 0.46236000636439306
96 0.46134907647757506
97 0.46250109390041133
98 0.4615637211440581
99 0.4629811280363979
100 0.46199618632034006
101 0.46160038641120593
102 0.4613009596617562
103 0.4605026182455877
104 0.4614099666415906
105 0.461800308423892
106 0.4605616424573314
107 0.4604552280663663
108 0.46020593850127084
109 0.4605209815350253
110 0.4602293158841041
111 0.4600680192330245
112 0.46050957518877744
113 0.45961847410922324
114 0.45931703617498415
115 0.45867108309260374
116 0.45831238103110583
117 0.45823298472501733
118 0.4581136752012625
119 0.4582500372967328
120 0.4578573949695894
121 0.45862634570677085
122 0.4590695919357447
123 0.45826104040932325
124 0.4572416276965921
125 0.4571356825003796
126 0.4581313782184494
127 0.45684403950692903
128 0.45729863552179006
129 0.45643756677134256
130 0.45805567292241256
131 0.4581292841825516
132 0.45750847948018086
133 0.4566485946640034
134 0.4574329515934287
135 0.458164632219028
136 0.4557910627089142
137 0.45728804302658294
138 0.4556834012273726
139 0.4566360933115551
140 0.4567168525084357
141 0.4545102440527277
142 0.45597957477575185
143 0.4551720304596743
144 0.45511024717473747
145 0.45604508598064947
146 0.45406907065023894
147 0.45638508701306746
148 0.4555124805898571
149 0.4557356540658145
150 0.45361135283486176
151 0.45608417200365964
152 0.45278303717380314
153 0.4552806879246123
154 0.45656769867049635
155 0.4554299270625647
156 0.45246371942157837
157 0.45455213216341467
158 0.458935749812632
159 0.4533963916622876
160 0.4541853823744672
161 0.45622653683716563
162 0.45490137253431334
163 0.4548546954363776
164 0.456067738776026
165 0.4506441243390742
166 0.45496497321971496
167 0.45266512315355106
168 0.45173045100869624
169 0.4540215326155795
170 0.4522764850959274
171 0.4531220345416588
172 0.4513101862228242
173 0.45210460075513914
174 0.4555149579866335
175 0.4551331673535996
176 0.45062633048426953
177 0.4515816157830927
178 0.45248981439565417
179 0.45140456629506365
180 0.4543831458668095
181 0.4546119255657515
182 0.45549274331424006
183 0.4531054233040988
184 0.45019189709600094
185 0.45157991064219194
186 0.45466358848168986
187 0.45106455314266286
188 0.4523320664598896
189 0.4500540280946092
190 0.44997681249033855
191 0.4541759228624096
192 0.45334210441870165
193 0.45121712777397593
194 0.4512152107093068
195 0.4500060099249618
196 0.4504334316131424
197 0.4507439991310959
198 0.4506795101553166
199 0.44771040793571454
200 0.45283389284802794
201 0.45263834746614157
202 0.4533372037570756
203 0.4498571579727013
204 0.44716452894068626
205 0.4490310769780318
206 0.4519239599595922
207 0.4552335589143814
208 0.4546369277209458
209 0.45335123916493714
210 0.4477383402781264
211 0.4532052771538481
212 0.4531845042678923
213 0.44760823125388716
214 0.44644301291168187
215 0.4555571490032984
216 0.4492462018487738
217 0.4529745889387145
218 0.45094328103058795
219 0.45053300916401723
220 0.4505027068832173
221 0.45090571911117
222 0.4491886409736308
223 0.45498124218424346
224 0.4503259637188209
225 0.4499141803308622
226 0.4459752090800478
227 0.45213172371638144
228 0.450390717499408
229 0.4520976322950087
230 0.44847084072805316
231 0.4521728059752164
232 0.446646008815956
233 0.4520818377602297
234 0.4467166553056124
235 0.453426401924256
236 0.45668722297167086
237 0.4510423871158976
238 0.44999496931280814
239 0.45104732350659427
240 0.44726885158539836
241 0.45251731849669996
242 0.4509366636931311
243 0.4527417233689748
244 0.4475532594183549
245 0.44396344396344395
246 0.4524895242790239
247 0.4468461635697131
248 0.4494685990338164
249 0.4497459248993599
250 0.44225845573372863
251 0.452848518492818
252 0.44562562850165205
253 0.45226836116447466
254 0.4431387414708112
255 0.44518737365884
256 0.4515026236285578
257 0.44326728669632026
258 0.45265608113725164
259 0.4532251174711662
260 0.45205713796937813
261 0.4517037950162895
262 0.4448197170241899
263 0.44310927525347354
264 0.44703245297729266
265 0.4555040898787819
266 0.45243829018663456
267 0.4472049689440994
268 0.4514658655340309
269 0.44298152473985986
270 0.46269962809013343
271 0.4418709242185743
272 0.4515643105446118
273 0.4452794739314232
274 0.459515911045583
275 0.4451564266867697
276 0.45644061253377943
277 0.4447375362701134
278 0.4472252448313384
279 0.44714527981910684
280 0.45530174844895654
281 0.44852515905147483
282 0.4452773613193403
283 0.44141522438351966
284 0.44914051411449296
285 0.4464871963230466
286 0.45387577431776327
287 0.45611930065135414
288 0.44121233234628116
289 0.44340143567090007
290 0.45996656139699055
291 0.4404986777483944
292 0.4521420301042069
293 0.43618933493109646
294 0.4533169533169533
295 0.44725826705734617
296 0.44604012671594506
297 0.4503553736808098
298 0.44324324324324327
299 0.4538152610441767
300 0.4491279069767442
301 0.4696105184817663
302 0.44585057191530786
303 0.44600459535358694
304 0.4528012279355334
305 0.425578231292517
306 0.4350613154960981
307 0.44320457796852647
308 0.4370919881305638
309 0.4626280892103677
310 0.4412669126691267
311 0.44205607476635517
312 0.440419447092469
313 0.4506567867969013
314 0.45488593803200544
315 0.4573355817875211
316 0.44127405441274054
317 0.43555240793201133
318 0.4373845585519025
319 0.4465875370919881
320 0.4266304347826087
321 0.46438746438746437
322 0.4509090909090909
323 0.4593929450369155
324 0.45073891625615764
325 0.44352503103020274
326 0.4352548036758563
327 0.4227534307215582
328 0.451505016722408
329 0.4603544776119403
330 0.44706994328922495
331 0.4451456310679612
332 0.4521518987341772
333 0.44873096446700506
334 0.4513413992635455
335 0.4341517857142857
336 0.45381984036488027
337 0.43117040630685266
338 0.45232273838630804
339 0.4616329036218539
340 0.4335620711166563
341 0.45774647887323944
342 0.42764857881136953
343 0.43609550561797755
344 0.4360385144429161
345 0.4272930648769575
346 0.4409509202453988
347 0.4593528018942384
348 0.43512043512043513
349 0.446656050955414
350 0.44313725490196076
351 0.45508474576271185
352 0.45706618962432916
353 0.46574074074074073
354 0.4562841530054645
355 0.43336439888164024
356 0.4529058116232465
357 0.4489593657086224
358 0.46369796708615685
359 0.44981412639405205
360 0.4423076923076923
361 0.4573304157549234
362 0.45291005291005293
363 0.42596810933940776
364 0.4594272076372315
365 0.4807692307692308
366 0.45952677459526775
367 0.4562647754137116
368 0.4244256348246675
369 0.4475703324808184
370 0.4425806451612903
371 0.4376770538243626
372 0.45081967213114754
373 0.46776406035665297
374 0.4691729323308271
375 0.3981623277182236
376 0.46048109965635736
377 0.4429530201342282
378 0.474036850921273
379 0.468013468013468
380 0.4403225806451613
381 0.4154103852596315
382 0.46181172291296624
383 0.43309859154929575
384 0.3977485928705441
385 0.4682080924855491
386 0.40083507306889354
387 0.4626262626262626
388 0.4202586206896552
389 0.45228215767634855
390 0.464818763326226
391 0.41067285382830626
392 0.48402948402948404
393 0.4724770642201835
394 0.3933649289099526
395 0.5013123359580053
396 0.40594059405940597
397 0.3848314606741573
398 0.4388059701492537
399 0.4837758112094395
400 0.45308310991957107
401 0.46131805157593125
402 0.4392523364485981
403 0.4423076923076923
404 0.41901408450704225
405 0.45302013422818793
406 0.4642857142857143
407 0.4791666666666667
408 0.46710526315789475
409 0.4645161290322581
410 0.42207792207792205
411 0.45396825396825397
412 0.39855072463768115
413 0.46484375
414 0.4626865671641791
415 0.47191011235955055
416 0.43508771929824563
417 0.45491803278688525
418 0.44642857142857145
419 0.4263157894736842
420 0.46116504854368934
421 0.43005181347150256
422 0.4405940594059406
423 0.45539906103286387
424 0.4592274678111588
425 0.5416666666666666
426 0.47639484978540775
427 0.3786407766990291
428 0.43333333333333335
429 0.4262295081967213
430 0.4394904458598726
431 0.45977011494252873
432 0.30994152046783624
433 0.37681159420289856
434 0.4461538461538462
435 0.3798449612403101
436 0.38461538461538464
437 0.41228070175438597
438 0.4846153846153846
439 0.5476190476190477
440 0.4178082191780822
441 0.40458015267175573
442 0.4596774193548387
443 0.4649122807017544
444 0.38317757009345793
445 0.4336283185840708
446 0.37142857142857144
447 0.5434782608695652
448 0.37373737373737376
449 0.5053763440860215
450 0.48484848484848486
451 0.4270833333333333
452 0.41237113402061853
453 0.39361702127659576
454 0.4375
455 0.43037974683544306
456 0.4567901234567901
457 0.41025641025641024
458 0.5113636363636364
459 0.3950617283950617
460 0.3625
461 0.4461538461538462
462 0.4142857142857143
463 0.4307692307692308
464 0.42028985507246375
465 0.4666666666666667
466 0.43333333333333335
467 0.47435897435897434
468 0.4794520547945205
469 0.34545454545454546
470 0.5373134328358209
471 0.4426229508196721
472 0.4153846153846154
473 0.3392857142857143
474 0.425
475 0.3939393939393939
476 0.45454545454545453
477 0.543859649122807
478 0.39622641509433965
479 0.38
480 0.52
481 0.34545454545454546
482 0.5
483 0.2127659574468085
484 0.5555555555555556
485 0.5675675675675675
486 0.4594594594594595
487 0.4358974358974359
488 0.5128205128205128
489 0.5
490 0.4444444444444444
491 0.5483870967741935
492 0.48484848484848486
493 0.47368421052631576
494 0.5111111111111111
495 0.3611111111111111
496 0.5
497 0.4117647058823529
498 0.3835616438356164
