-291 1
-290 0
-289 0
-288 0
-287 0
-286 0
-285 0
-284 0
-283 0
-282 1
-281 0
-280 0
-279 0
-278 0
-277 0
-276 0
-275 0
-274 1
-273 0
-272 0
-271 0
-270 0
-269 0
-268 0
-267 0
-266 0
-265 0
-264 0
-263 0
-262 0
-261 0
-260 0
-259 0
-258 0
-257 1
-256 0
-255 1
-254 0
-253 0
-252 0
-251 1
-250 0
-249 2
-248 0
-247 0
-246 0
-245 0
-244 0
-243 0
-242 0
-241 1
-240 0
-239 0
-238 0
-237 0
-236 1
-235 0
-234 1
-233 0
-232 1
-231 0
-230 1
-229 0
-228 3
-227 1
-226 1
-225 2
-224 1
-223 1
-222 3
-221 2
-220 3
-219 4
-218 0
-217 1
-216 0
-215 1
-214 4
-213 2
-212 0
-211 2
-210 2
-209 1
-208 0
-207 4
-206 8
-205 2
-204 4
-203 5
-202 2
-201 1
-200 4
-199 5
-198 8
-197 10
-196 5
-195 4
-194 4
-193 6
-192 6
-191 5
-190 6
-189 9
-188 10
-187 11
-186 13
-185 10
-184 7
-183 19
-182 7
-181 16
-180 18
-179 22
-178 11
-177 14
-176 14
-175 22
-174 18
-173 22
-172 16
-171 23
-170 27
-169 18
-168 33
-167 28
-166 35
-165 35
-164 39
-163 39
-162 35
-161 30
-160 45
-159 47
-158 45
-157 53
-156 53
-155 52
-154 70
-153 68
-152 62
-151 72
-150 69
-149 78
-148 80
-147 93
-146 108
-145 94
-144 100
-143 98
-142 125
-141 124
-140 136
-139 120
-138 123
-137 151
-136 167
-135 165
-134 185
-133 210
-132 199
-131 230
-130 233
-129 253
-128 252
-127 260
-126 299
-125 322
-124 328
-123 344
-122 414
-121 404
-120 388
-119 436
-118 453
-117 512
-116 543
-115 569
-114 599
-113 646
-112 644
-111 730
-110 729
-109 831
-108 871
-107 919
-106 940
-105 1024
-104 1075
-103 1159
-102 1220
-101 1339
-100 1400
-99 1447
-98 1584
-97 1703
-96 1789
-95 1835
-94 2060
-93 2186
-92 2349
-91 2490
-90 2672
-89 2728
-88 2990
-87 3116
-86 3323
-85 3631
-84 3797
-83 3995
-82 4315
-81 4615
-80 4837
-79 5224
-78 5628
-77 5931
-76 6441
-75 6848
-74 7104
-73 7654
-72 8205
-71 8731
-70 9483
-69 10289
-68 10795
-67 11571
-66 12514
-65 13241
-64 14191
-63 15332
-62 16285
-61 17342
-60 18778
-59 20006
-58 21624
-57 23139
-56 25063
-55 26726
-54 28623
-53 31301
-52 33128
-51 35701
-50 38719
-49 41901
-48 44607
-47 48674
-46 52708
-45 56380
-44 60977
-43 66304
-42 71752
-41 77590
-40 83933
-39 91125
-38 99061
-37 107686
-36 117190
-35 127288
-34 138741
-33 151821
-32 165692
-31 181466
-30 199101
-29 217635
-28 239684
-27 264552
-26 289803
-25 320735
-24 355874
-23 395050
-22 438185
-21 488692
-20 548776
-19 614114
-18 690657
-17 781598
-16 885043
-15 1009808
-14 1158361
-13 1335279
-12 1551077
-11 1816762
-10 2152215
-9 2572127
-8 3125072
-7 3855476
-6 4867683
-5 6334819
-4 8588033
-3 12420720
-2 20390884
-1 38849918
0 157393939
1 556971894
2 157392776
3 38844745
4 20395774
5 12420915
6 8588622
7 6338661
8 4871866
9 3852605
10 3122263
11 2573869
12 2147635
13 1819591
14 1551554
15 1334984
16 1158474
17 1008993
18 885430
19 780912
20 689985
21 613621
22 548085
23 488853
24 439566
25 393986
26 355759
27 320966
28 290679
29 263781
30 240732
31 218050
32 198958
33 182149
34 165421
35 152409
36 139335
37 127466
38 116965
39 107469
40 99154
41 90725
42 83902
43 77732
44 71262
45 66121
46 61104
47 56383
48 52359
49 48316
50 44508
51 41476
52 38631
53 36040
54 33263
55 31159
56 29025
57 26823
58 24812
59 23112
60 21437
61 19970
62 18790
63 17597
64 16204
65 15169
66 14214
67 13202
68 12419
69 11459
70 10818
71 10067
72 9436
73 8810
74 8315
75 7623
76 7201
77 6962
78 6425
79 6055
80 5713
81 5187
82 5051
83 4545
84 4325
85 4047
86 3783
87 3505
88 3304
89 3170
90 2909
91 2802
92 2665
93 2450
94 2268
95 2204
96 2089
97 1915
98 1821
99 1652
100 1600
101 1403
102 1479
103 1336
104 1210
105 1197
106 1136
107 1008
108 939
109 901
110 863
111 792
112 778
113 735
114 696
115 640
116 590
117 520
118 517
119 452
120 493
121 425
122 399
123 384
124 356
125 366
126 333
127 278
128 291
129 261
130 258
131 229
132 238
133 223
134 195
135 194
136 186
137 180
138 136
139 148
140 143
141 129
142 136
143 126
144 92
145 124
146 73
147 105
148 84
149 97
150 74
151 70
152 76
153 69
154 71
155 72
156 61
157 59
158 40
159 71
160 40
161 40
162 49
163 38
164 48
165 28
166 36
167 37
168 28
169 24
170 34
171 24
172 23
173 22
174 13
175 16
176 20
177 22
178 18
179 13
180 15
181 9
182 8
183 12
184 14
185 19
186 9
187 7
188 10
189 12
190 3
191 5
192 11
193 5
194 6
195 6
196 7
197 7
198 5
199 6
200 4
201 3
202 8
203 4
204 3
205 2
206 3
207 1
208 4
209 5
210 6
211 2
212 1
213 1
214 2
215 4
216 2
217 4
218 3
219 1
220 2
221 1
222 2
223 3
224 1
225 2
226 2
227 0
228 1
229 0
230 3
231 0
232 0
233 0
234 0
235 0
236 0
237 1
238 0
239 0
240 0
241 0
242 0
243 0
244 0
245 0
246 1
247 0
248 0
249 1
250 0
251 0
252 0
253 1
254 0
255 0
256 0
257 0
258 1
259 0
260 0
261 0
262 0
263 2
264 0
265 0
266 0
267 0
268 0
269 1
270 1
