-100 1
-99 0
-98 0
-97 1
-96 0
-95 1
-94 0
-93 2
-92 2
-91 2
-90 1
-89 0
-88 0
-87 2
-86 0
-85 0
-84 1
-83 3
-82 2
-81 1
-80 0
-79 0
-78 2
-77 4
-76 4
-75 2
-74 3
-73 5
-72 6
-71 4
-70 6
-69 6
-68 6
-67 5
-66 2
-65 4
-64 5
-63 11
-62 5
-61 10
-60 8
-59 9
-58 13
-57 4
-56 11
-55 12
-54 14
-53 13
-52 11
-51 13
-50 16
-49 14
-48 20
-47 16
-46 26
-45 24
-44 15
-43 14
-42 16
-41 29
-40 33
-39 29
-38 30
-37 41
-36 36
-35 42
-34 48
-33 54
-32 60
-31 53
-30 57
-29 71
-28 66
-27 82
-26 71
-25 93
-24 95
-23 86
-22 118
-21 116
-20 137
-19 123
-18 177
-17 147
-16 184
-15 168
-14 194
-13 235
-12 234
-11 254
-10 275
-9 308
-8 342
-7 409
-6 456
-5 479
-4 606
-3 631
-2 713
-1 746
0 30959
1 87950077
