2 0.4600667017728629
3 0.44703770197486536
4 0.4557522123893805
5 0.4514601420678769
6 0.4588921282798834
7 0.4621928166351607
8 0.463506139154161
9 0.4535661218424963
10 0.47892871209137455
11 0.4659367396593674
12 0.4364123159303882
13 0.46199407699901285
14 0.4772267206477733
15 0.4517133956386293
16 0.43674176776429807
17 0.4483221476510067
18 0.4657821229050279
19 0.49746192893401014
20 0.4813486370157819
21 0.45085803432137284
22 0.4560810810810811
23 0.4490161001788909
24 0.47032374100719426
25 0.4688679245283019
26 0.471
27 0.4751269035532995
28 0.4624463519313305
29 0.4730941704035874
30 0.46162927981109797
31 0.45006839945280436
32 0.49130434782608695
33 0.4326465927099842
34 0.42293233082706766
35 0.4867075664621677
36 0.4690082644628099
37 0.46238938053097345
38 0.5
39 0.46205357142857145
40 0.4563106796116505
41 0.43454038997214484
42 0.4576271186440678
43 0.4163424124513619
44 0.4429223744292237
45 0.4840182648401826
46 0.4823008849557522
47 0.4439252336448598
48 0.41578947368421054
49 0.463855421686747
50 0.47368421052631576
51 0.43783783783783786
52 0.40816326530612246
53 0.5211267605633803
54 0.5
55 0.5153374233128835
56 0.4634146341463415
57 0.5117647058823529
58 0.43575418994413406
59 0.4444444444444444
60 0.5038759689922481
61 0.4418604651162791
62 0.5040650406504065
63 0.456
64 0.4392523364485981
65 0.41304347826086957
66 0.4823529411764706
67 0.40963855421686746
68 0.4166666666666667
69 0.47761194029850745
70 0.3333333333333333
71 0.5789473684210527
72 0.4492753623188406
73 0.4
74 0.35
75 0.5853658536585366
76 0.4482758620689655
77 0.425531914893617
78 0.4230769230769231
79 0.5238095238095238
80 0.5769230769230769
81 0.5806451612903226
82 0.5161290322580645
83 0.6388888888888888
84 0.3548387096774194
85 0.5454545454545454
86 0.3333333333333333
87 0.5714285714285714
88 0.5
89 0.42857142857142855
90 0.3684210526315789
91 0.5625
92 0.6111111111111112
93 0.5652173913043478
94 0.52
95 0.375
96 0.35714285714285715
97 0.5833333333333334
98 0.3333333333333333
