0 0.2586
1 0.2583
2 0.2617
3 0.2542
4 0.2578
5 0.2624
6 0.2652
7 0.2576
8 0.2632
9 0.2556
10 0.2581
11 0.2603
12 0.2594
13 0.2577
14 0.2587
15 0.2557
16 0.2623
17 0.2566
18 0.2576
19 0.2624
20 0.2574
21 0.2565
22 0.2583
23 0.2565
24 0.2585
25 0.2585
26 0.2614
27 0.2578
28 0.2583
29 0.2588
30 0.2612
31 0.2601
32 0.2577
33 0.2624
34 0.2566
35 0.2552
36 0.2616
37 0.2638
38 0.2566
39 0.2565
40 0.2596
41 0.2596
42 0.2605
43 0.2565
44 0.2637
45 0.2602
46 0.2601
47 0.2582
48 0.2636
49 0.2529
50 0.2616
51 0.2603
52 0.2602
53 0.2586
54 0.2642
55 0.2575
56 0.2647
57 0.2614
58 0.2633
59 0.2577
60 0.2687
61 0.2616
62 0.262
63 0.2591
64 0.2614
65 0.2565
66 0.2554
67 0.2557
68 0.2599
69 0.2572
70 0.2516
71 0.2598
72 0.2564
73 0.2647
74 0.2576
75 0.2574
76 0.2538
77 0.26
78 0.2569
79 0.2565
80 0.2635
81 0.259
82 0.2594
83 0.2611
84 0.2575
85 0.2567
86 0.2583
87 0.2559
