2 0.6276641364669516
3 0.6148714077839407
4 0.6063530815180281
5 0.60003951205033
6 0.5942510209127353
7 0.5892583589385387
8 0.5846708119228263
9 0.5812681994836046
10 0.5776609709840781
11 0.5751148891715279
12 0.5720748064879706
13 0.5694936835018478
14 0.5677618147001365
15 0.5657887824461568
16 0.5628440785058278
17 0.5613555210376816
18 0.5594504521481879
19 0.5583488191166452
20 0.5564088386618593
21 0.5560283350079109
22 0.5542551090007118
23 0.5530389407224293
24 0.5524382828362108
25 0.5513130340653353
26 0.5499393856064709
27 0.549184371972877
28 0.5483802920081696
29 0.5477985113080204
30 0.5466785093075756
31 0.5457182279948667
32 0.5441822276937122
33 0.5439160475210925
34 0.5437699661156591
35 0.5421918650501918
36 0.5424388649444856
37 0.5418623039985677
38 0.5408811245145607
39 0.5402711090129761
40 0.5392534552671728
41 0.5399263600772946
42 0.5396443531655775
43 0.5372927688138439
44 0.5370896165394224
45 0.5368528010422029
46 0.5371509327023742
47 0.5360363582964014
48 0.5360414106620994
49 0.5358311450665785
50 0.5359281829500033
51 0.5345327646786318
52 0.5344834540189243
53 0.5346684821716414
54 0.5344121371618082
55 0.5328106096571157
56 0.5331955917033249
57 0.5338508635162599
58 0.5334549275106107
59 0.5316543179762376
60 0.531284520939455
61 0.5315970356522502
62 0.5311990632529985
63 0.5306576428808355
64 0.5310770045718914
65 0.5313285586280708
66 0.5315134137240268
67 0.5307423427247372
68 0.5303910596661764
69 0.5300873730544143
70 0.5300156643029386
71 0.52837712762815
72 0.5291866838867327
73 0.5280339453984512
74 0.5279089320424483
75 0.5277529133952243
76 0.5286659581858765
77 0.5288482888784035
78 0.528953353900335
79 0.5283689375987015
80 0.5266052310755488
81 0.5266121704282931
82 0.5269309430947624
83 0.5277420084411582
84 0.527451897932781
85 0.5260371089160933
86 0.5262307725346734
87 0.5268235817005281
88 0.5262867017320056
89 0.5257984883288694
90 0.5251827641562821
91 0.5263487302307016
92 0.5252233387535143
93 0.5260824819209905
94 0.5243901715528748
95 0.5252782105386729
96 0.5255952964429249
97 0.5249717878445913
98 0.5224841928693861
99 0.5247159937904162
100 0.5257531724772729
101 0.5242886531168068
102 0.5237179379855345
103 0.5227958452358817
104 0.5245995082650604
105 0.5239165636851749
106 0.5241116996286548
107 0.521941758501038
108 0.5247790583041798
109 0.5238612213208056
110 0.5230093687144924
111 0.5251216384707548
112 0.5246282393745406
113 0.523298859505756
114 0.5234610805129094
115 0.5234598307593235
116 0.5232550745570408
117 0.5234294518237594
118 0.5214306373640499
119 0.5232144633730441
120 0.5222673100996328
121 0.5217214017557098
122 0.5229091955079916
123 0.5220834667520546
124 0.5225487926809189
125 0.5229487895025546
126 0.5220369776895329
127 0.5227154995037642
128 0.5215611439962078
129 0.5201000964726278
130 0.5206882889002095
131 0.5219758039550751
132 0.5210375959308402
133 0.5216655357102615
134 0.5217508923539358
135 0.5196687735704083
136 0.5187663541904834
137 0.5209136170571854
138 0.5207707656230716
139 0.5204858466820699
140 0.5214995798590912
141 0.5200777622334061
142 0.5194585138679336
143 0.5203044082354428
144 0.5191979702959808
145 0.5200483149624734
146 0.5207505188963648
147 0.5201462659477927
148 0.5196743445903589
149 0.5185797597147219
150 0.5209524740537986
151 0.5204462784323207
152 0.5190850115766021
153 0.5192762726781694
154 0.5200029842827774
155 0.5177133901503047
156 0.518832207408733
157 0.5177168844399292
158 0.5192794137181586
159 0.519223732765296
160 0.5182704889462828
161 0.5194703266185023
162 0.519250591159886
163 0.5198568821160587
164 0.5194960693994392
165 0.5187822172462856
166 0.5174240467693464
167 0.519728869927736
168 0.5180008283043427
169 0.5187407409606541
170 0.5191642711327751
171 0.5198149824753265
172 0.5194258757763602
173 0.5183055291830553
174 0.5181102935378008
175 0.5206273440163655
176 0.5192350455859461
177 0.5195407212874462
178 0.5178620668525383
179 0.5172177794767768
180 0.5172219717346351
181 0.5173265160701561
182 0.5180362479091359
183 0.518118508396382
184 0.5174854944500504
185 0.5163350738778569
186 0.5168041273407521
187 0.5189357637660559
188 0.5182414706621719
189 0.5186022112823824
190 0.5163349532661802
191 0.5176891635538693
192 0.5175326563076732
193 0.5191849669643267
194 0.518035240179975
195 0.5179638648240164
196 0.5154277421022286
197 0.5176993069759527
198 0.5177312089369311
199 0.5184134833728616
200 0.5173526113937648
201 0.5177169480866373
202 0.5178680082261162
203 0.5163583813058756
204 0.5171409481060152
205 0.5167058774971108
206 0.5175165683237875
207 0.515997792210948
208 0.517682875678094
209 0.5166703505281955
210 0.5164281919665631
211 0.5170965743117641
212 0.5167421103870725
213 0.5195835258164244
214 0.5169235027162054
215 0.516275251623956
216 0.5158525028000345
217 0.5164219565037148
218 0.5160650635980387
219 0.5158582598666138
220 0.516841322819956
221 0.51723924007211
222 0.5156094825911851
223 0.5177287470409137
224 0.5168198315616912
225 0.5172262120814498
226 0.515209076006349
227 0.5166676672770389
228 0.5166362139360718
229 0.5150671390357182
230 0.5171965345314603
231 0.5160560574261642
232 0.5147334322811542
233 0.5145411203814064
234 0.5163804384329439
235 0.5152088386505275
236 0.5171777619298626
237 0.5168800300399112
238 0.5149786463453968
239 0.5151830738873054
240 0.5155039982335221
241 0.5167236386079855
242 0.5165577877495362
243 0.5163255418682043
244 0.5167243551911697
245 0.5161316083692701
246 0.5146198830409356
247 0.5159194229811569
248 0.5183397799466902
249 0.5143185618729097
250 0.5177343474578675
251 0.5160935897279962
252 0.5171582357095886
253 0.5171605979053857
254 0.5145906171233433
255 0.5155986388722084
256 0.5162188989693922
257 0.5163708183569071
258 0.5146139973955659
259 0.5154268860346518
260 0.5156244827700355
261 0.515223426538551
262 0.514557848071731
263 0.5150283913783941
264 0.5143427634621043
265 0.5135866234419446
266 0.5141714683935886
267 0.5155701810545724
268 0.5148596823871582
269 0.516645549232256
270 0.516910616538257
271 0.515323037809424
272 0.513943810776429
273 0.516602820750067
274 0.5128635541330364
275 0.5161160283936552
276 0.5141750649122034
277 0.5163370954408208
278 0.5150181494236062
279 0.5150848438961386
280 0.5163561462619913
281 0.5154170766953022
282 0.5150923595485633
283 0.5169888406197871
284 0.5151358528565191
285 0.5143726704743518
286 0.5134569782434248
287 0.5138909143940499
288 0.5138913636425938
289 0.5148680560331981
290 0.5160680703141883
291 0.5139625732178106
292 0.5152995378915086
293 0.5150605344853989
294 0.512637524626911
295 0.5154555912943442
296 0.5159752810466111
297 0.5149971570484053
298 0.5156302126159991
299 0.5141292979166471
300 0.5153871639530481
301 0.5148845426826373
302 0.5159113101050276
303 0.5152757238434434
304 0.5153877620914038
305 0.513355592654424
306 0.5149877880836649
307 0.5164905754443827
308 0.5134756417602843
309 0.51391527723924
310 0.514301853348786
311 0.5124070998495961
312 0.514928308715064
313 0.51531091767091
314 0.5144749645596756
315 0.5150935279545489
316 0.5149891927450427
317 0.5135875091137244
318 0.5133348324713289
319 0.513274380671017
320 0.5148546255506607
321 0.5145792667241667
322 0.5137347938014235
323 0.5146799423820475
324 0.5132347118010783
325 0.513149638034212
326 0.5136761291711297
327 0.5151664409145015
328 0.5144215709935659
329 0.5150153773483188
330 0.5136601892757474
331 0.5122829375440342
332 0.5136199763130846
333 0.5137159721748976
334 0.5121169036334913
335 0.5146740564792821
336 0.5138420913651968
337 0.5137287103011681
338 0.5142344503957406
339 0.513786382951532
340 0.5145402876006923
341 0.5137250708442496
342 0.5146790859200823
343 0.5123524715731331
344 0.5146403409490905
345 0.5127437503735378
346 0.5148432351771876
347 0.5142268558130917
348 0.5136848785237946
349 0.511685393258427
350 0.5152775097190438
351 0.5134081876760428
352 0.5140927206496083
353 0.5121160827635359
354 0.5129083053611355
355 0.5157586685315314
356 0.5125918035544094
357 0.5125911794411402
358 0.5138096042335191
359 0.5123651574080869
360 0.5139746019175835
361 0.5122848173710037
362 0.5138910215943537
363 0.515095582639512
364 0.512911458599776
365 0.5122248061572569
366 0.5142491047832604
367 0.5121825433208032
368 0.5130140177508327
369 0.5126119312506856
370 0.5128949327625517
371 0.5157069890283773
372 0.5145538541999594
373 0.5159714327357529
374 0.5146413862409889
375 0.5126949869277605
376 0.5133510956701369
377 0.5139423389551965
378 0.5125388502692828
379 0.515207499198042
380 0.5128528435652515
381 0.5128092109573701
382 0.5132779958646729
383 0.5133170599403309
384 0.5131947257371212
385 0.5131634896915358
386 0.5117396886046837
387 0.514012871081586
388 0.5154221520953779
389 0.5111509104089378
390 0.5123604295134666
391 0.5124240240905984
392 0.5136388333209849
393 0.5133361859934389
394 0.5123236264453157
395 0.5138510699143323
396 0.5149737400826908
397 0.512075525569328
398 0.5132142901770652
399 0.5151539809714571
400 0.5116080133345913
401 0.513505850329849
402 0.5131653543307086
403 0.5139889249088638
404 0.5102131636331272
405 0.5123944202713079
406 0.5114830998586299
407 0.5132814561650801
408 0.5109685803247471
409 0.5114697673819023
410 0.5134765738863446
411 0.5137806488361857
412 0.5113168790943905
413 0.5133430342085775
414 0.5123556018352803
415 0.5119509170419685
416 0.5135600770369594
417 0.5095859375514532
418 0.5110795793605538
419 0.5119297754120559
420 0.5157190813662279
421 0.5131298652173047
422 0.5117352417413111
423 0.5140173149158693
424 0.511354033934679
425 0.5137742530530908
426 0.5131610884867445
427 0.5121681042343517
428 0.5114461913797778
429 0.5126353300526048
430 0.5133079847908745
431 0.5102515238751706
432 0.5124724572236882
433 0.5090515113281036
434 0.5114668616320535
435 0.5144781377357187
436 0.5123271984768633
437 0.5113432337262871
438 0.5139446972348617
439 0.5115358476553469
440 0.5122429267398493
441 0.5131852879944483
442 0.5125483378862596
443 0.5147124751827051
444 0.5145379134318835
445 0.5120184790334044
446 0.5131493587504367
447 0.5117429013052439
448 0.5144672699461051
449 0.5129118369211443
450 0.511345782726288
451 0.512065925366152
452 0.5137497028162216
453 0.5109938942880884
454 0.5105898064946942
455 0.511010169392821
456 0.508591770065775
457 0.5139103668684369
458 0.5112488810304138
459 0.515459194230144
460 0.5125393936703804
461 0.5135442023392507
462 0.5139929108517359
463 0.5145591604463824
464 0.5125857955047575
465 0.5115826688954306
466 0.5117826345524829
467 0.5132405945607816
468 0.510399533478872
469 0.5105364706591701
470 0.5139022919179734
471 0.5107075964887208
472 0.5124921617068214
473 0.5117283018867924
474 0.5095673971666224
475 0.5127115729950713
476 0.5090950902610095
477 0.5119956966110812
478 0.5101602879645583
479 0.5076345936225953
480 0.5107598983267578
481 0.5105390072028905
482 0.5099745930177849
483 0.5108339840822862
484 0.5152731729545419
485 0.5123376521643767
486 0.5129177362756412
487 0.5120751235896587
488 0.5125166665351752
489 0.5137616842634884
490 0.512110944764006
491 0.5099024019266113
492 0.5125565583778219
493 0.5134597882837573
494 0.5110910239898889
495 0.5119054293242777
496 0.5117532697066101
497 0.5121770325285179
498 0.5096248675895825
