0 0.426
1 0.4299
2 0.4261
3 0.4361
4 0.4277
5 0.4263
6 0.4366
7 0.4311
8 0.4235
9 0.4253
10 0.4191
11 0.4382
12 0.4347
13 0.4365
14 0.4374
15 0.4276
16 0.4186
17 0.4305
18 0.4308
19 0.4309
20 0.4304
21 0.4334
22 0.4371
23 0.429
24 0.4307
25 0.4351
26 0.4308
27 0.4257
28 0.4356
29 0.4304
30 0.4271
31 0.4273
32 0.4347
33 0.4337
34 0.4307
35 0.4326
36 0.4353
37 0.429
38 0.426
39 0.4358
40 0.4389
41 0.4339
42 0.431
43 0.4202
44 0.4286
45 0.4303
46 0.4292
47 0.4199
48 0.4296
49 0.4308
50 0.4215
51 0.4249
52 0.4266
53 0.426
54 0.4393
55 0.4266
56 0.4312
57 0.4338
58 0.4323
59 0.4198
60 0.4264
61 0.4292
62 0.4335
63 0.4302
64 0.4295
65 0.4252
66 0.4233
67 0.43
68 0.4347
69 0.4337
70 0.4321
71 0.4269
72 0.4217
73 0.4333
74 0.4253
75 0.4308
76 0.4279
77 0.4327
78 0.4394
79 0.4269
80 0.4271
81 0.4197
82 0.4359
83 0.4352
84 0.4281
85 0.4294
86 0.4336
87 0.4321
88 0.4285
89 0.4346
90 0.4294
91 0.4283
92 0.4396
93 0.4371
94 0.4306
95 0.4284
96 0.4276
97 0.4364
98 0.4255
99 0.4242
100 0.4334
101 0.4271
102 0.4283
103 0.4287
104 0.4232
105 0.4345
106 0.428
107 0.4331
108 0.4242
109 0.4385
110 0.4315
