0 1.0 1.0 29593976
1 0.02285268647636938 1.4814516346635285 52774408
2 0.3032120883271898 2.0250092893051415 34356714
3 0.21164448647412162 3.083285378082925 31628445
4 0.2276482881590895 4.008135508914808 28226630
5 0.23356551204223228 5.044715219341281 25266744
6 0.24816799126303218 6.054478356027918 22726420
7 0.24076556503418683 7.215922615624727 20607054
8 0.2394351431252691 8.347807456874635 18819493
9 0.22457081597247552 9.61043010924516 17271612
10 0.21878172139162014 10.828776342832063 15916901
11 0.20055249742011255 12.1373959282213 14707037
12 0.18779289867224158 13.420454412102087 13634408
13 0.16742681361657555 14.778980400288042 12674523
14 0.14786947505379436 16.08192744950927 11793056
15 0.12412087870152272 17.48190103177612 11005876
16 0.10262577245976198 18.83529788253818 10283869
17 0.07696774868846551 20.26983137539952 9620601
18 0.05293967001627349 21.64031642877068 9012202
19 0.025112414459155595 23.083176463334667 8450203
20 -0.0025032194603759645 24.454524909491475 7933783
21 -0.03372507818083866 25.93138276522997 7454512
22 -0.059005248645010146 27.31798165936558 7004665
23 -0.09420265562771761 28.765379455025208 6592415
24 -0.12163902766157413 30.197415523303334 6203190
25 -0.15871863754523852 31.654940807611222 5845684
26 -0.19158801258223407 33.03659154645891 5510945
27 -0.2272220279179087 34.47868240268831 5200891
28 -0.2556968848412475 36.02596403610039 4908867
29 -0.2978383471834399 37.42684866271546 4632335
30 -0.3295431160086377 38.92183042618908 4373364
31 -0.36781716821914573 40.34929920081141 4133067
32 -0.3947164889437762 41.778694897652954 3908613
33 -0.4474314496107175 43.23635564094492 3697572
34 -0.4807783907121326 44.68081895633074 3495571
35 -0.5115249472732113 46.12922120289304 3309039
36 -0.5444838698760684 47.59723505482065 3132214
37 -0.5867170089103344 49.22300912874483 2966892
38 -0.6239148751741118 50.49006511105377 2805668
39 -0.6643820791879075 52.162212988346575 2656643
40 -0.7086818624431152 53.42412312950856 2516050
41 -0.7346602517630001 55.19825696080156 2382161
42 -0.7676744328160329 56.42296598003243 2258262
43 -0.8229902590139265 57.78763323975473 2141159
44 -0.8530352618035223 59.435858925200684 2030072
45 -0.8910957957592892 60.89280604468051 1924866
46 -0.9450152278924366 62.33754969815408 1825269
47 -0.9751640315509063 63.81864988326996 1730917
48 -1.0087427868812544 65.32508765308856 1642840
49 -1.0492671142796925 66.92748271804159 1561021
50 -1.0916330897530975 68.31508292277388 1481921
51 -1.1362741141392507 69.56587467160355 1404933
52 -1.168193284082774 71.13289779946702 1333995
53 -1.2081214104094276 72.6218310298605 1265987
54 -1.2558945487532418 74.42999171017371 1202679
55 -1.2975227611054305 75.92510630318993 1141311
56 -1.3158258644420464 77.37545452615274 1083271
57 -1.3513428190652332 79.16918024315282 1029476
58 -1.403953972034623 80.82478779009844 979926
59 -1.4474767013617769 81.95265626493588 931063
60 -1.4910675282640924 83.38188608354176 883630
61 -1.4964207327166823 85.28882442119003 839697
62 -1.5309675955921884 87.27039139190948 797947
63 -1.5958149561392494 88.51267580316654 756599
64 -1.6341366059495117 89.92297261399939 719017
65 -1.6645576011978205 91.10790189698803 683241
66 -1.693559315783894 93.14250814707604 650847
67 -1.7400124924753873 94.41029205206708 617972
68 -1.7601429951427912 96.63696784990272 587992
69 -1.8203911507808188 97.87824730719825 559733
70 -1.8320490607759696 99.16133028737046 532727
71 -1.8743708467987263 100.70715634605205 506236
72 -1.9162574979645415 103.27386678962498 481464
73 -1.9459009361910722 104.81867699000783 456958
74 -1.9954991948841694 106.81480259667157 433478
75 -2.0419352416387495 107.45035571801263 412827
76 -2.0602684816391723 108.73622874350797 393174
77 -2.0943470711090604 110.760658090226 374903
78 -2.1286658156466114 112.22098559344622 356435
79 -2.188092195143449 114.62994726249761 340365
80 -2.221624948580513 115.74891207190377 323321
81 -2.2646075569543878 118.26034800476182 306605
82 -2.2876755519304717 120.60324749652152 291794
83 -2.364188563209482 121.06650252520701 277403
84 -2.349550572428801 123.34346863468635 264225
85 -2.422805619327441 125.45579914433328 252201
86 -2.450036481894557 128.2424524171861 239845
87 -2.4693337778031204 129.36604280068602 227987
88 -2.513189073291034 130.48202117429454 217339
89 -2.553996978312392 132.7263393654456 207169
90 -2.5625828941952467 133.9964174462744 196787
91 -2.6497587509551113 136.9382851280517 187151
92 -2.627721257725813 137.32177624808085 177813
93 -2.6684165410422396 140.9160592356123 169155
94 -2.74787082485707 143.5925234691402 160743
95 -2.742083575500715 142.56140167568944 153131
96 -2.8103157981191735 145.53562482033593 146106
97 -2.75714368056256 145.92158882948831 138794
98 -2.865912420887271 149.5451263537906 132406
99 -2.8928650565034344 152.5863062264569 126364
100 -2.8778277912500414 153.6621682224363 120412
101 -2.9829158963267868 156.49372972407298 114668
102 -2.974471992653811 157.012782369146 108900
103 -2.9869427183150394 159.64350426854057 103314
104 -3.0028991129122815 159.42723124508734 97961
105 -3.0556114153688174 163.92141237378058 93488
106 -3.1317011632839886 168.62081630830374 89574
107 -3.1820782587372576 167.6220180058151 85639
108 -3.1916528239202657 168.61113689661912 81872
109 -3.2798915499322185 172.0278871602866 77455
110 -3.2636017593177935 175.09097878865322 74347
111 -3.2931875881523274 176.6918335684062 70900
112 -3.362417995764657 180.18164586017446 67527
113 -3.2826134448536295 180.84456338555646 64084
114 -3.3561886340911697 181.34084613241103 61007
115 -3.382088675398279 182.23995231019111 57874
116 -3.446116688596096 187.1432382256989 55481
117 -3.4229454655931946 190.37467719884552 52664
118 -3.4795469100224143 185.639609349984 49968
119 -3.5746931423065647 193.11769511122282 47742
120 -3.6258871091775977 197.95840748797048 45513
121 -3.5483152325257588 194.3272997308085 43092
122 -3.473805425586075 197.9399500593954 41249
123 -3.566806058442552 198.21207098781173 39218
124 -3.688663101604278 207.11545454545455 37400
125 -3.669702149121578 202.9847852279414 35689
126 -3.8400401227283454 208.75377625678547 33896
127 -3.773699925354566 208.63212241851207 32152
128 -3.7358729540140296 206.08226162639647 30792
129 -3.844595054832777 217.18326408282815 29362
130 -3.821170781001877 222.95954237043452 27708
131 -3.897181014531244 215.7715217968661 26357
132 -3.9626595617767526 221.54145623732452 25147
133 -3.9450822084857657 224.32866574155838 23781
134 -3.7195526280889437 221.17766676981566 22621
135 -4.014805590148056 238.2879479728795 21681
136 -4.022470301989409 236.76909498592624 20961
137 -4.169533658148553 241.47936760465348 20114
138 -4.044742376445846 235.40478443743427 19020
139 -4.046161537606933 244.9188423508499 18002
140 -4.167538333531439 247.0846903601569 16826
141 -4.1868979995060505 250.69072610521116 16196
142 -4.039892252437148 251.10826064648538 15592
143 -3.899756658104637 226.48174935784778 14794
144 -4.175666199158485 242.03625525946705 14260
145 -4.309891750653229 252.53206420306086 13395
146 -4.348634469989199 248.3338219410585 12962
147 -4.274564119276519 257.2341534951931 12274
148 -4.525697125697126 275.9954525954526 11655
149 -4.366353316779 266.1024299396949 11276
150 -4.313039399624765 263.4644465290807 10660
151 -4.471554993678888 277.15618010308276 10283
152 -4.249511266591213 273.14548821895255 9719
153 -4.484272608125819 283.3724333770205 9156
154 -4.463698078471983 278.58520308364973 8691
155 -4.223352713178294 270.0421511627907 8256
156 -4.468769716088328 287.26018927444795 7925
157 -4.439665315727546 281.03634462021176 7649
158 -4.767820212325934 282.79897973252446 7253
159 -4.756382202771699 299.3051787016776 6855
160 -4.9592581331711765 300.66220735785953 6578
161 -4.69281663516068 289.6909262759924 6348
162 -4.628680119087 287.37925901422426 6046
163 -5.2974716652136005 321.8554489973845 5735
164 -4.8081841432225065 307.014249177932 5474
165 -4.908087535680305 303.509800190295 5255
166 -4.7912174083513035 301.20211723191534 5101
167 -4.715489989462593 314.9763962065332 4745
168 -5.066209034543844 337.1733835252436 4516
169 -5.042471042471043 336.6359300476947 4403
170 -5.271003360537686 327.42414786365816 4166
171 -4.678607723577236 312.8752540650407 3936
172 -5.299761463026769 330.6201961304002 3773
173 -4.7849704475091475 301.3354911342527 3553
174 -5.289876397881106 346.22984108299 3398
175 -5.166978776529338 347.0065543071161 3204
176 -5.5248724489795915 347.5140306122449 3136
177 -5.036902800658979 320.7574958813839 3035
178 -5.1755188181498415 317.0629616602181 2843
179 -4.89035418236624 322.85041446872646 2654
180 -5.181395348837209 334.6813953488372 2580
181 -4.687192118226601 324.8530377668309 2436
182 -4.996587030716723 348.89334470989763 2344
183 -5.050899517332163 348.15928038613424 2279
184 -4.871586008624821 329.49257307139436 2087
185 -5.574582924435721 405.3989205103042 2038
186 -5.693204868154158 387.52789046653146 1972
187 -5.972103004291846 393.0042918454936 1864
188 -5.98488241881299 391.9434490481523 1786
189 -4.984431137724551 368.63952095808384 1670
190 -6.132793017456359 431.96072319201994 1604
191 -6.182910547396529 441.3791722296395 1498
192 -4.726045883940621 338.83130904183537 1482
193 -5.568627450980392 392.369168356998 1479
194 -4.812592592592592 351.5696296296296 1350
195 -6.548293391430646 470.21132897603485 1377
196 -4.843107387661843 350.7060167555217 1313
197 -5.184231697506034 373.09251810136766 1243
198 -5.331896551724138 374.96637931034485 1160
199 -6.755238095238095 454.2847619047619 1050
200 -6.630029440628067 480.34739941118744 1019
201 -5.459016393442623 349.452868852459 976
202 -5.808416389811739 410.9778516057586 903
203 -5.306843267108167 353.3995584988962 906
204 -5.633136094674557 454.98934911242605 845
205 -6.270748299319728 446.134693877551 735
206 -6.631424375917768 516.7107195301028 681
207 -5.393124065769806 452.00298953662184 669
208 -5.586046511627907 409.4217054263566 645
209 -5.527047913446677 473.95054095826896 647
210 -6.541871921182266 446.07553366174056 609
211 -4.984667802385008 430.5962521294719 587
212 -7.215533980582524 594.3961165048544 515
213 -4.800387596899225 380.83527131782944 516
214 -6.422396856581533 494.02161100196463 509
215 -7.19438877755511 474.9739478957916 499
216 -5.287330316742081 374.8076923076923 442
217 -6.331868131868132 469.02197802197804 455
218 -4.202863961813843 326.0167064439141 419
219 -4.775862068965517 368.26354679802955 406
220 -7.248826291079812 497.5962441314554 426
221 -6.9147869674185465 463.89724310776944 399
222 -7.638141809290953 563.3447432762836 409
223 -4.968169761273209 373.1220159151194 377
224 -5.1080246913580245 402.1882716049383 324
225 -4.365131578947368 358.8453947368421 304
226 -4.666666666666667 385.010101010101 297
227 -8.062717770034844 608.9547038327526 287
228 -6.471544715447155 512.3170731707318 246
229 -6.796747967479675 716.8373983739838 246
230 -6.610655737704918 490.094262295082 244
231 -5.2795275590551185 421.5551181102362 254
232 -7.823770491803279 632.6352459016393 244
233 -6.158590308370044 456.3259911894273 227
234 -7.701923076923077 599.8461538461538 208
235 -7.980295566502463 597.5467980295566 203
236 -6.204301075268817 529.2150537634409 186
237 -7.112994350282486 494.0282485875706 177
238 -6.12962962962963 402.19135802469134 162
239 -4.901960784313726 334.5882352941176 153
240 -7.7251461988304095 665.9356725146199 171
241 -5.1257142857142854 391.49142857142857 175
242 -8.772151898734178 817.8860759493671 158
243 -7.6 905.1714285714286 140
244 -6.352941176470588 472.99159663865544 119
245 -7.65546218487395 683.3865546218487 119
246 -5.487603305785124 444.11570247933884 121
247 -11.352941176470589 1037.8403361344538 119
248 -8.127272727272727 747.2181818181818 110
249 -6.631578947368421 491.49122807017545 114
250 -7.020408163265306 456.85714285714283 98
251 -6.882352941176471 561.8941176470588 85
252 -5.511111111111111 324.46666666666664 90
253 -5.973333333333334 550.08 75
254 -5.8791208791208796 578.0769230769231 91
255 -5.848101265822785 502.0506329113924 79
256 -6.493827160493828 606.9382716049382 81
257 -9.542857142857143 689.6 70
258 -6.462962962962963 526.8333333333334 54
259 -7.064516129032258 691.5483870967741 62
260 -5.389830508474576 441.1525423728813 59
261 -7.360655737704918 754.7704918032787 61
262 -3.328125 344.203125 64
263 -11.220338983050848 1287.4915254237287 59
264 -4.2272727272727275 347.3181818181818 66
265 -12.476190476190476 1010.5396825396825 63
266 -9.176470588235293 739.6862745098039 51
267 -12.911111111111111 1306.7333333333333 45
268 -5.2368421052631575 560.9736842105264 38
269 -6.575757575757576 493.24242424242425 33
270 -0.8717948717948718 38.717948717948715 39
271 -5.944444444444445 451.3888888888889 36
272 -12.69047619047619 1300.9761904761904 42
273 -8.285714285714286 711.3571428571429 28
274 -9.357142857142858 998.0 28
275 -8.4 699.8666666666667 30
276 -7.107142857142857 303.67857142857144 28
277 -0.375 311.5416666666667 24
278 -7.9 555.9 20
279 -13.0 1602.0833333333333 24
280 -10.407407407407407 1164.7037037037037 27
281 -5.32 313.32 25
282 -12.857142857142858 1097.8095238095239 21
283 -17.3125 985.4375 16
284 -6.181818181818182 573.0909090909091 11
285 -0.35 29.25 20
286 -7.75 771.9166666666666 24
287 0.75 15.625 16
288 -6.578947368421052 413.10526315789474 19
289 -7.733333333333333 779.7333333333333 15
290 0.0 13.0 12
291 -4.0 204.13333333333333 15
292 1.6428571428571428 23.214285714285715 14
293 -10.25 671.25 16
294 -10.1875 606.8125 16
295 -4.214285714285714 231.21428571428572 14
296 -2.3636363636363638 44.36363636363637 11
297 -8.166666666666666 532.9444444444445 18
298 -9.214285714285714 670.0714285714286 14
299 2.0714285714285716 92.35714285714286 14
300 -18.733333333333334 2091.0 15
301 -0.14285714285714285 1.0 7
302 -2.5 98.9 10
303 -1.9 21.3 10
304 -14.0 2020.8 10
305 -19.714285714285715 1804.857142857143 7
306 -27.666666666666668 3662.3333333333335 6
307 -18.77777777777778 1351.0 9
308 0.16666666666666666 12.166666666666666 6
309 -4.5 65.75 8
310 2.142857142857143 108.42857142857143 7
311 -19.833333333333332 2481.5 6
312 -0.125 4.375 8
313 -7.5 1306.5 10
314 0.0 3.272727272727273 11
315 -1.7142857142857142 9.428571428571429 7
316 -11.5 728.1666666666666 6
317 -22.142857142857142 1713.857142857143 7
318 -0.2 1.0 5
319 -2.5 8.833333333333334 6
320 -8.666666666666666 192.66666666666666 3
321 -36.25 5403.75 4
322 4.0 16.0 1
323 -1.0 3.0 3
324 4.0 16.0 1
325 -24.0 1417.0 2
326 -2.6666666666666665 28.666666666666668 3
327 -1.0 1.0 2
328 0.5 2.5 2
330 5.5 50.5 2
331 1.5 2.5 2
332 1.0 1.0 1
333 -25.333333333333332 2430.0 3
334 5.0 25.0 1
335 -3.0 10.0 2
337 -80.0 6400.0 1
338 2.5 6.5 2
339 -19.0 2682.1428571428573 7
340 1.1666666666666667 11.5 12
341 -38.0 5466.75 8
342 0.5 2.5 2
344 -2.5 18.5 2
345 4.0 41.0 2
347 -3.0 25.0 2
348 1.0 1.0 1
349 -120.0 14800.0 2
350 0.2 4.2 5
351 -0.5 1.0 4
352 -23.25 2071.75 4
353 0.0 1.0 2
354 0.75 11.25 4
355 -1.0 1.0 2
356 -1.0 1.0 1
357 2.5 18.5 2
358 -1.0 1.0 1
359 -5.5 42.5 2
360 -5.0 57.0 3
361 7.0 85.0 2
362 -13.0 313.0 2
363 0.5 2.5 2
365 -0.5 20.5 2
366 -1.0 1.0 1
367 -1.0 1.0 1
368 -1.0 1.0 1
369 1.0 1.0 1
370 -2.0 4.0 1
374 -16.0 256.0 1
