2 0.6880049807197407
3 0.638707194077294
4 0.6069732705812706
5 0.5839285100271588
6 0.5668126762996353
7 0.5529120614985853
8 0.5416804117909967
9 0.5322042858444227
10 0.5244174039358118
11 0.5172731379274166
12 0.5113639110718252
13 0.5062159820244632
14 0.5012211713475566
15 0.4968576568658038
16 0.4933347461624726
17 0.48975312829185297
18 0.4865513944321941
19 0.4838016500930286
20 0.48103171591442634
21 0.4786413420582937
22 0.4765959507908475
23 0.47430505832814257
24 0.4723295036036656
25 0.4707887376293256
26 0.46882088106838143
27 0.4672058362461143
28 0.4656530739958532
29 0.46401445930103574
30 0.4629405097626992
31 0.46168398670486493
32 0.4605989543804041
33 0.4592708612465834
34 0.4576928366355935
35 0.456677336351976
36 0.4562980919721367
37 0.45531272967684994
38 0.4542067637919635
39 0.4534974533615478
40 0.4519920441653257
41 0.4516650104074899
42 0.4511701183008221
43 0.44987899500255407
44 0.4497665426370743
45 0.44857482338992966
46 0.44816011133164313
47 0.4481154765901045
48 0.44739204705379937
49 0.44658901149745556
50 0.4459425999178245
51 0.4455654782193742
52 0.4451885852797602
53 0.44438274201399885
54 0.4435984997386261
55 0.4423438319222107
56 0.4433797540786043
57 0.4421845647332236
58 0.44205389253334093
59 0.4411493468690714
60 0.4419120229288684
61 0.4395990764063812
62 0.4405739606242148
63 0.43940118147560336
64 0.44006459480494614
65 0.43886003497414794
66 0.43847213022251663
67 0.4373605767676441
68 0.4369451706015304
69 0.4374852369602096
70 0.438041872893108
71 0.435621977952407
72 0.4357315582178585
73 0.4365339937754789
74 0.4354596523662686
75 0.43667744894510696
76 0.4359090540896296
77 0.4356514253940418
78 0.4346129443405708
79 0.4358026874115983
80 0.43442965808920353
81 0.43483566944483315
82 0.43441668322292026
83 0.4324231848354205
84 0.4344267584835037
85 0.4340716397245177
86 0.43136333306755187
87 0.4335864597325106
88 0.4336580403305601
89 0.4329153574614997
90 0.4313202670467025
91 0.4330100962160763
92 0.4342033990114429
93 0.43052597955706984
94 0.4326636350082004
95 0.43226076273623126
96 0.4311213689687666
97 0.43190697808038153
98 0.43109160178896805
99 0.4308869735894453
100 0.43277118848337254
101 0.42986712581307174
102 0.43194246964891175
103 0.4303089249258503
104 0.4323911305421461
105 0.4323739336092575
106 0.4284859232986034
107 0.430743263043147
108 0.429231976844016
109 0.43128370811826644
110 0.42950149564840756
111 0.42689451068552403
112 0.4266560327444548
113 0.42551440329218104
114 0.4266185495002578
115 0.4299897592557235
116 0.4294382144211496
117 0.4249605655751725
118 0.42526353906815806
119 0.42694572991165336
120 0.4295703193929769
121 0.42545329355060824
122 0.4294728667119697
123 0.42692918224179427
124 0.4294608592974264
125 0.42587448268042405
126 0.4279971413257102
127 0.43032748719540587
128 0.4249000942200851
129 0.42784784308393103
130 0.4279636982416336
131 0.42579578338156265
132 0.42675761996766687
133 0.42787749053186236
134 0.42885168715668326
135 0.4292067858780376
136 0.42276070964950235
137 0.4247877072381723
138 0.4208459374834156
139 0.4276505890197822
140 0.41971963717752386
141 0.427989543437291
142 0.4172036082474227
143 0.4335488261313372
144 0.4295278365045807
145 0.4248103525211959
146 0.43006134969325155
147 0.41937581274382313
148 0.43496174220129485
149 0.41900571931368236
150 0.4225851609892674
151 0.42795849131909797
152 0.4339977042679745
153 0.4254381249328029
154 0.43063551190879334
155 0.42375280103785823
156 0.4258867454884879
157 0.434714823957386
158 0.4340599455040872
159 0.4286315199102636
160 0.427763272410792
161 0.4280279975654291
162 0.4250734573947111
163 0.41754811860586094
164 0.42363734484619536
165 0.42229533578478806
166 0.42379788101059496
167 0.42587886488775945
168 0.4232662192393736
169 0.4210405156537753
170 0.42087212150906417
171 0.42392167240010586
172 0.4238302502720348
173 0.4405780005897965
174 0.41448752629996993
175 0.4204758922980589
176 0.4268696227663799
177 0.4101694915254237
178 0.44231451899183527
179 0.4261029411764706
180 0.4275590551181102
181 0.4232
182 0.42329179200687583
183 0.4406779661016949
184 0.4132841328413284
185 0.4156279961649089
186 0.41817243159525036
187 0.40193444384739385
188 0.43132803632236094
189 0.3986527862829149
190 0.4075767472240366
191 0.4414353419092756
192 0.4386331938633194
193 0.4247787610619469
194 0.41773162939297126
195 0.42927228127555195
196 0.42052144659377627
197 0.40574506283662476
198 0.41268292682926827
199 0.42657342657342656
200 0.40970072239422084
201 0.4284199363732768
202 0.43418259023354566
203 0.42164599774520856
204 0.4231651376146789
205 0.41410256410256413
206 0.41621621621621624
207 0.4036312849162011
208 0.46326836581709147
209 0.4125984251968504
210 0.4214046822742475
211 0.4143646408839779
212 0.44756554307116103
213 0.41058394160583944
214 0.39520958083832336
215 0.4408817635270541
216 0.4105011933174224
217 0.36930455635491605
218 0.4251968503937008
219 0.38419618528610355
220 0.4517133956386293
221 0.4106583072100313
222 0.43322475570032576
223 0.44360902255639095
224 0.4478114478114478
225 0.40468227424749165
226 0.4064748201438849
227 0.43388429752066116
228 0.45267489711934156
229 0.40756302521008403
230 0.42857142857142855
231 0.3547008547008547
232 0.3923444976076555
233 0.3225806451612903
234 0.42777777777777776
235 0.3954802259887006
236 0.4503311258278146
237 0.3709677419354839
238 0.44
239 0.3488372093023256
240 0.43333333333333335
241 0.5037593984962406
242 0.3790322580645161
243 0.41818181818181815
244 0.3963963963963964
245 0.4186046511627907
246 0.4563106796116505
247 0.48598130841121495
248 0.3904761904761905
249 0.3870967741935484
250 0.358974358974359
251 0.48148148148148145
252 0.4444444444444444
253 0.4659090909090909
254 0.4146341463414634
255 0.375
256 0.4186046511627907
257 0.40540540540540543
258 0.40625
259 0.3684210526315789
260 0.42105263157894735
261 0.4339622641509434
262 0.4528301886792453
263 0.33962264150943394
264 0.525
265 0.5
266 0.3829787234042553
267 0.32
268 0.4583333333333333
269 0.4
270 0.4444444444444444
271 0.2708333333333333
272 0.45652173913043476
273 0.5238095238095238
274 0.45454545454545453
275 0.32432432432432434
276 0.4146341463414634
277 0.46153846153846156
278 0.32142857142857145
279 0.42857142857142855
280 0.39285714285714285
281 0.42857142857142855
282 0.6521739130434783
283 0.375
284 0.2222222222222222
285 0.43478260869565216
286 0.4
287 0.42105263157894735
288 0.3333333333333333
289 0.43478260869565216
290 0.3333333333333333
291 0.3157894736842105
292 0.35714285714285715
293 0.4444444444444444
294 0.5
295 0.46153846153846156
296 0.45454545454545453
297 0.375
298 0.5384615384615384
299 0.3333333333333333
300 0.5
301 0.6
302 0.6470588235294118
303 0.1111111111111111
304 0.3333333333333333
305 0.7272727272727273
306 0.2857142857142857
307 0.2857142857142857
308 0.25
309 0.75
310 0.5714285714285714
311 0.2857142857142857
312 0.16666666666666666
313 0.75
314 0.42857142857142855
315 0.25
316 0.25
317 0.5
318 0.5
319 0.5
320 0.5
321 0.0
322 0
323 0
324 1.0
325 0.0
326 0
327 0
328 0
329 0
330 0
331 0
332 1.0
333 1.0
334 1.0
335 0.5
336 1.0
337 0.0
338 0.0
339 0
340 0.0
341 0
342 0
343 1.0
344 0.6666666666666666
345 0.25
346 0
347 0
348 0.0
349 0.5
350 1.0
351 0
352 0.0
353 0
354 0
355 0
356 0
357 0
358 0
359 0
360 0
361 0.0
362 0.0
363 1.0
364 0.5
365 0
366 0
367 0
368 1.0
369 0.5
370 0.0
371 0
372 0
373 1.0
374 0
375 0
376 0
377 0
378 0
379 0
380 0
381 1.0
382 1.0
383 1.0
384 1.0
385 0.0
386 1.0
387 0.0
388 0.0
389 0.0
390 0
391 0
392 0
393 0
394 1.0
395 0.5
396 0.5
397 0.0
398 0
399 0
400 0.0
401 0.0
402 0
403 0
404 0
405 0
406 0
407 0
408 0
409 0
410 0
411 0
412 0
413 0
414 0
415 0
416 0
417 0
418 0
419 0
420 0
421 0
422 0
423 0
424 0
425 0
426 0
427 0
428 0
429 0
430 0
431 0
432 0
433 0
434 0
435 0
436 0
437 0
438 0
439 0
440 0
441 0
442 0
443 0
444 0
445 0
446 0
447 0
448 0
449 0
450 0
451 0
452 0
453 0
454 0
455 0
456 0
457 0
458 0
459 0
460 0
461 0
462 0
463 0
464 0
465 0
466 0
467 0
468 0
469 0
470 0
471 0
472 0
473 0
474 0
475 0
476 0
477 0
478 0
479 0
480 0
481 0
482 0
483 0
484 0
485 0
486 0
487 0
488 0
489 0
490 0
491 0
492 0
493 0
494 0
495 0
496 0
497 0
498 0
