0 665600.0
1 59030.0
2 17106.0
3 10776.0
4 7117.0
5 5081.0
6 3741.0
7 2879.0
8 2310.0
9 1930.0
10 1489.0
11 1196.0
12 1021.0
13 935.0
14 690.0
15 616.0
16 600.0
17 467.0
18 371.0
19 365.0
20 298.0
21 298.0
22 232.0
23 222.0
24 189.0
25 184.0
26 134.0
27 152.0
28 133.0
29 71.0
30 102.0
31 87.0
32 80.0
33 65.0
34 65.0
35 52.0
36 42.0
37 62.0
38 40.0
39 39.0
40 29.0
41 30.0
42 26.0
43 25.0
44 23.0
45 19.0
46 20.0
47 18.0
48 14.0
49 15.0
50 12.0
51 9.0
52 7.0
53 12.0
54 11.0
55 6.0
56 4.0
57 5.0
58 5.0
59 6.0
60 4.0
61 4.0
62 2.0
63 2.0
64 4.0
65 0.0
66 1.0
67 4.0
68 4.0
69 3.0
70 2.0
71 1.0
72 3.0
73 2.0
74 2.0
75 1.0
76 1.0
77 1.0
78 1.0
79 1.0
80 4.0
81 2.0
82 4.0
83 0.0
84 0.0
85 2.0
86 0.0
87 0.0
88 0.0
89 0.0
90 0.0
91 0.0
92 0.0
93 0.0
94 0.0
95 0.0
96 0.0
97 0.0
98 0.0
99 0.0
100 0.0
101 0.0
102 0.0
103 0.0
104 0.0
105 0.0
106 0.0
107 1.0
