0 0.6543
1 0.6676
2 0.6442
3 0.6783
4 0.6945
5 0.6346
6 0.6902
7 0.6604
8 0.6562
9 0.6936
10 0.678
11 0.6908
12 0.6944
13 0.6276
14 0.6604
15 0.6508
16 0.6744
17 0.7065
18 0.7225
19 0.6945
20 0.6343
21 0.6926
22 0.7078
23 0.6579
24 0.7061
25 0.6336
26 0.6616
27 0.671
28 0.6654
29 0.6736
30 0.6998
31 0.6366
32 0.6966
33 0.6996
34 0.6644
35 0.7066
36 0.6806
37 0.6771
38 0.6918
39 0.6934
40 0.635
41 0.6282
42 0.6671
43 0.6947
44 0.6829
45 0.677
46 0.6268
47 0.6573
48 0.6657
49 0.6334
50 0.6585
51 0.6569
52 0.626
53 0.6153
54 0.7282
55 0.6719
56 0.6566
57 0.6755
58 0.6679
59 0.7016
60 0.6689
61 0.6856
62 0.6586
63 0.6774
64 0.7056
65 0.6777
66 0.7175
67 0.6802
68 0.7028
69 0.6831
70 0.6463
71 0.6462
72 0.692
73 0.6906
74 0.6277
75 0.6584
76 0.6989
77 0.6869
78 0.6413
79 0.6748
80 0.608
81 0.696
82 0.6994
83 0.653
84 0.6299
85 0.7143
86 0.6981
87 0.6415
88 0.6576
89 0.6645
90 0.6573
91 0.6578
92 0.6528
93 0.6956
94 0.6345
95 0.6928
96 0.6508
97 0.6657
98 0.6889
99 0.6503
100 0.6664
101 0.6545
102 0.6457
103 0.6776
104 0.7048
105 0.6758
106 0.68
107 0.6991
108 0.6957
109 0.6396
110 0.6804
