2 0.44983957219251336
3 0.46996466431095407
4 0.4619849100406268
5 0.49135063206919494
6 0.4899497487437186
7 0.5043443917851501
8 0.49162995594713654
9 0.4916785544460295
10 0.4803384768541563
11 0.48523676880222844
12 0.5046524356869184
13 0.4882214369846879
14 0.49624530663329164
15 0.4795244385733157
16 0.516445066480056
17 0.49117647058823527
18 0.5171641791044777
19 0.5152941176470588
20 0.5120192307692307
21 0.5044824775876121
22 0.47359307359307357
23 0.5043782837127846
24 0.49640287769784175
25 0.4906191369606004
26 0.524
27 0.5227934044616876
28 0.5202020202020202
29 0.4961315280464217
30 0.5087548638132295
31 0.5095541401273885
32 0.49949849548645936
33 0.5276329509906152
34 0.5020325203252033
35 0.4673202614379085
36 0.4890590809628009
37 0.5203969128996693
38 0.5021186440677966
39 0.49083063646170444
40 0.4906284454244763
41 0.5044642857142857
42 0.5204081632653061
43 0.5257731958762887
44 0.4858490566037736
45 0.4987405541561713
46 0.531496062992126
47 0.49295774647887325
48 0.5284552845528455
49 0.4633471645919779
50 0.515818431911967
51 0.5213793103448275
52 0.4941022280471822
53 0.48686030428769017
54 0.4664764621968616
55 0.5184135977337111
56 0.5280748663101604
57 0.5063649222065064
58 0.48525073746312686
59 0.5274193548387097
60 0.5179153094462541
61 0.5378548895899053
62 0.49325337331334335
63 0.5041459369817579
64 0.5197368421052632
65 0.5363036303630363
66 0.5207296849087893
67 0.5171849427168577
68 0.496875
69 0.49682539682539684
70 0.5372424722662441
71 0.5209580838323353
72 0.4923547400611621
73 0.47719298245614034
74 0.5234657039711191
75 0.48919449901768175
76 0.5037593984962406
77 0.4674329501915709
78 0.5066413662239089
79 0.5048732943469786
80 0.5557768924302788
81 0.5479704797047971
82 0.5261261261261261
83 0.5133587786259542
84 0.5214592274678111
85 0.5250501002004008
86 0.48066298342541436
87 0.5285451197053407
88 0.4807692307692308
89 0.48330058939096265
90 0.5303867403314917
91 0.5157699443413729
92 0.48188405797101447
93 0.5035971223021583
94 0.4711729622266402
95 0.505175983436853
96 0.48253275109170307
97 0.5260869565217391
98 0.4961411245865491
