-1560 1
-1559 0
-1558 0
-1557 0
-1556 0
-1555 0
-1554 0
-1553 0
-1552 0
-1551 0
-1550 0
-1549 0
-1548 0
-1547 0
-1546 0
-1545 0
-1544 0
-1543 0
-1542 0
-1541 0
-1540 0
-1539 0
-1538 0
-1537 0
-1536 0
-1535 0
-1534 0
-1533 0
-1532 0
-1531 0
-1530 0
-1529 0
-1528 0
-1527 0
-1526 0
-1525 0
-1524 0
-1523 0
-1522 0
-1521 0
-1520 0
-1519 0
-1518 0
-1517 0
-1516 0
-1515 0
-1514 0
-1513 0
-1512 0
-1511 0
-1510 0
-1509 0
-1508 0
-1507 0
-1506 0
-1505 0
-1504 0
-1503 0
-1502 0
-1501 0
-1500 0
-1499 0
-1498 0
-1497 0
-1496 0
-1495 0
-1494 0
-1493 0
-1492 0
-1491 0
-1490 0
-1489 0
-1488 0
-1487 0
-1486 0
-1485 0
-1484 0
-1483 0
-1482 0
-1481 0
-1480 0
-1479 0
-1478 0
-1477 0
-1476 0
-1475 0
-1474 0
-1473 0
-1472 0
-1471 0
-1470 0
-1469 0
-1468 0
-1467 0
-1466 0
-1465 0
-1464 0
-1463 0
-1462 0
-1461 0
-1460 0
-1459 1
-1458 0
-1457 0
-1456 0
-1455 0
-1454 0
-1453 0
-1452 0
-1451 0
-1450 0
-1449 0
-1448 0
-1447 0
-1446 0
-1445 0
-1444 0
-1443 0
-1442 0
-1441 0
-1440 0
-1439 0
-1438 0
-1437 0
-1436 0
-1435 0
-1434 0
-1433 0
-1432 0
-1431 1
-1430 0
-1429 0
-1428 0
-1427 0
-1426 0
-1425 0
-1424 0
-1423 0
-1422 0
-1421 1
-1420 0
-1419 0
-1418 0
-1417 0
-1416 0
-1415 0
-1414 0
-1413 0
-1412 0
-1411 0
-1410 0
-1409 0
-1408 0
-1407 0
-1406 0
-1405 0
-1404 0
-1403 0
-1402 0
-1401 0
-1400 0
-1399 0
-1398 0
-1397 0
-1396 0
-1395 0
-1394 0
-1393 0
-1392 1
-1391 0
-1390 1
-1389 0
-1388 0
-1387 0
-1386 0
-1385 0
-1384 0
-1383 0
-1382 0
-1381 0
-1380 0
-1379 0
-1378 0
-1377 0
-1376 0
-1375 0
-1374 0
-1373 0
-1372 0
-1371 0
-1370 0
-1369 0
-1368 0
-1367 0
-1366 0
-1365 0
-1364 0
-1363 0
-1362 0
-1361 0
-1360 0
-1359 0
-1358 0
-1357 0
-1356 1
-1355 0
-1354 1
-1353 0
-1352 0
-1351 0
-1350 0
-1349 0
-1348 0
-1347 0
-1346 0
-1345 0
-1344 0
-1343 0
-1342 0
-1341 0
-1340 0
-1339 0
-1338 0
-1337 0
-1336 0
-1335 0
-1334 0
-1333 0
-1332 0
-1331 0
-1330 0
-1329 0
-1328 0
-1327 0
-1326 0
-1325 1
-1324 0
-1323 1
-1322 0
-1321 0
-1320 0
-1319 0
-1318 0
-1317 0
-1316 0
-1315 0
-1314 0
-1313 1
-1312 0
-1311 0
-1310 0
-1309 0
-1308 0
-1307 0
-1306 1
-1305 0
-1304 0
-1303 0
-1302 0
-1301 0
-1300 0
-1299 0
-1298 0
-1297 0
-1296 0
-1295 0
-1294 0
-1293 1
-1292 0
-1291 0
-1290 0
-1289 1
-1288 1
-1287 0
-1286 0
-1285 0
-1284 0
-1283 0
-1282 0
-1281 0
-1280 0
-1279 0
-1278 0
-1277 0
-1276 0
-1275 0
-1274 1
-1273 1
-1272 0
-1271 0
-1270 0
-1269 0
-1268 0
-1267 0
-1266 0
-1265 0
-1264 0
-1263 0
-1262 0
-1261 0
-1260 0
-1259 0
-1258 0
-1257 1
-1256 0
-1255 0
-1254 0
-1253 0
-1252 0
-1251 0
-1250 1
-1249 0
-1248 0
-1247 0
-1246 0
-1245 0
-1244 0
-1243 0
-1242 0
-1241 0
-1240 0
-1239 0
-1238 0
-1237 0
-1236 0
-1235 0
-1234 0
-1233 0
-1232 0
-1231 0
-1230 0
-1229 0
-1228 0
-1227 0
-1226 0
-1225 0
-1224 1
-1223 0
-1222 1
-1221 0
-1220 0
-1219 0
-1218 0
-1217 0
-1216 0
-1215 0
-1214 0
-1213 0
-1212 0
-1211 0
-1210 2
-1209 0
-1208 0
-1207 0
-1206 2
-1205 0
-1204 0
-1203 0
-1202 0
-1201 0
-1200 0
-1199 0
-1198 0
-1197 0
-1196 1
-1195 0
-1194 0
-1193 0
-1192 1
-1191 0
-1190 0
-1189 0
-1188 1
-1187 0
-1186 0
-1185 0
-1184 0
-1183 0
-1182 0
-1181 0
-1180 1
-1179 0
-1178 0
-1177 0
-1176 0
-1175 1
-1174 0
-1173 0
-1172 0
-1171 0
-1170 0
-1169 0
-1168 0
-1167 0
-1166 0
-1165 1
-1164 1
-1163 0
-1162 1
-1161 0
-1160 0
-1159 0
-1158 0
-1157 1
-1156 1
-1155 0
-1154 0
-1153 0
-1152 1
-1151 0
-1150 0
-1149 1
-1148 1
-1147 0
-1146 0
-1145 0
-1144 0
-1143 0
-1142 0
-1141 0
-1140 0
-1139 0
-1138 0
-1137 1
-1136 0
-1135 0
-1134 0
-1133 0
-1132 0
-1131 0
-1130 0
-1129 0
-1128 0
-1127 1
-1126 0
-1125 1
-1124 1
-1123 0
-1122 0
-1121 0
-1120 1
-1119 0
-1118 0
-1117 0
-1116 0
-1115 0
-1114 0
-1113 0
-1112 0
-1111 0
-1110 1
-1109 0
-1108 0
-1107 0
-1106 0
-1105 0
-1104 0
-1103 0
-1102 0
-1101 0
-1100 0
-1099 0
-1098 0
-1097 0
-1096 1
-1095 0
-1094 0
-1093 1
-1092 0
-1091 0
-1090 0
-1089 0
-1088 0
-1087 0
-1086 0
-1085 0
-1084 0
-1083 0
-1082 0
-1081 0
-1080 0
-1079 0
-1078 1
-1077 0
-1076 0
-1075 0
-1074 0
-1073 0
-1072 0
-1071 2
-1070 0
-1069 0
-1068 0
-1067 0
-1066 0
-1065 0
-1064 0
-1063 0
-1062 0
-1061 0
-1060 0
-1059 0
-1058 1
-1057 1
-1056 0
-1055 0
-1054 0
-1053 0
-1052 1
-1051 1
-1050 0
-1049 0
-1048 0
-1047 1
-1046 0
-1045 0
-1044 0
-1043 0
-1042 2
-1041 1
-1040 0
-1039 0
-1038 0
-1037 1
-1036 0
-1035 1
-1034 0
-1033 1
-1032 0
-1031 2
-1030 0
-1029 1
-1028 0
-1027 0
-1026 0
-1025 0
-1024 0
-1023 0
-1022 0
-1021 0
-1020 0
-1019 1
-1018 0
-1017 0
-1016 0
-1015 1
-1014 0
-1013 0
-1012 0
-1011 2
-1010 0
-1009 1
-1008 0
-1007 0
-1006 0
-1005 0
-1004 0
-1003 0
-1002 0
-1001 0
-1000 1
-999 0
-998 0
-997 1
-996 0
-995 0
-994 0
-993 0
-992 1
-991 0
-990 0
-989 0
-988 0
-987 1
-986 0
-985 1
-984 0
-983 0
-982 1
-981 0
-980 1
-979 1
-978 0
-977 0
-976 0
-975 0
-974 0
-973 0
-972 1
-971 0
-970 0
-969 2
-968 0
-967 0
-966 0
-965 1
-964 0
-963 0
-962 0
-961 0
-960 0
-959 0
-958 0
-957 0
-956 0
-955 0
-954 0
-953 0
-952 0
-951 1
-950 0
-949 0
-948 0
-947 0
-946 0
-945 0
-944 0
-943 1
-942 0
-941 0
-940 1
-939 0
-938 1
-937 1
-936 1
-935 0
-934 0
-933 2
-932 1
-931 0
-930 0
-929 1
-928 0
-927 0
-926 0
-925 1
-924 0
-923 0
-922 0
-921 1
-920 2
-919 0
-918 0
-917 0
-916 1
-915 0
-914 0
-913 1
-912 1
-911 0
-910 0
-909 0
-908 0
-907 0
-906 0
-905 1
-904 1
-903 0
-902 0
-901 0
-900 1
-899 0
-898 0
-897 0
-896 0
-895 1
-894 0
-893 0
-892 0
-891 0
-890 0
-889 0
-888 0
-887 0
-886 1
-885 1
-884 0
-883 0
-882 0
-881 0
-880 1
-879 0
-878 1
-877 1
-876 0
-875 0
-874 1
-873 0
-872 1
-871 1
-870 0
-869 1
-868 0
-867 1
-866 0
-865 0
-864 1
-863 0
-862 1
-861 0
-860 0
-859 0
-858 2
-857 0
-856 0
-855 1
-854 0
-853 1
-852 0
-851 2
-850 0
-849 1
-848 1
-847 0
-846 0
-845 0
-844 0
-843 1
-842 1
-841 0
-840 1
-839 0
-838 0
-837 2
-836 0
-835 0
-834 1
-833 0
-832 0
-831 1
-830 1
-829 0
-828 1
-827 0
-826 0
-825 5
-824 0
-823 0
-822 0
-821 0
-820 0
-819 1
-818 0
-817 1
-816 0
-815 1
-814 1
-813 0
-812 0
-811 0
-810 0
-809 1
-808 0
-807 0
-806 0
-805 0
-804 0
-803 1
-802 0
-801 0
-800 1
-799 1
-798 1
-797 1
-796 2
-795 0
-794 2
-793 0
-792 1
-791 0
-790 0
-789 1
-788 0
-787 1
-786 0
-785 0
-784 1
-783 1
-782 0
-781 0
-780 1
-779 1
-778 0
-777 1
-776 1
-775 1
-774 0
-773 1
-772 0
-771 0
-770 0
-769 1
-768 0
-767 1
-766 2
-765 1
-764 0
-763 1
-762 0
-761 0
-760 0
-759 1
-758 1
-757 0
-756 1
-755 2
-754 0
-753 0
-752 1
-751 0
-750 1
-749 1
-748 1
-747 1
-746 1
-745 0
-744 1
-743 0
-742 1
-741 0
-740 0
-739 2
-738 0
-737 0
-736 1
-735 2
-734 2
-733 1
-732 2
-731 1
-730 1
-729 1
-728 1
-727 0
-726 0
-725 0
-724 0
-723 2
-722 0
-721 3
-720 3
-719 0
-718 1
-717 0
-716 0
-715 0
-714 0
-713 0
-712 0
-711 0
-710 0
-709 0
-708 0
-707 0
-706 1
-705 0
-704 0
-703 2
-702 0
-701 0
-700 0
-699 0
-698 0
-697 2
-696 2
-695 1
-694 1
-693 1
-692 2
-691 2
-690 1
-689 1
-688 1
-687 0
-686 0
-685 0
-684 0
-683 0
-682 1
-681 1
-680 0
-679 1
-678 2
-677 0
-676 1
-675 1
-674 0
-673 2
-672 0
-671 1
-670 0
-669 0
-668 2
-667 1
-666 2
-665 3
-664 1
-663 1
-662 1
-661 1
-660 1
-659 3
-658 2
-657 1
-656 2
-655 0
-654 0
-653 2
-652 0
-651 1
-650 2
-649 2
-648 0
-647 1
-646 0
-645 0
-644 1
-643 0
-642 0
-641 1
-640 1
-639 0
-638 1
-637 0
-636 1
-635 0
-634 0
-633 0
-632 1
-631 1
-630 1
-629 2
-628 1
-627 3
-626 2
-625 0
-624 1
-623 1
-622 0
-621 0
-620 1
-619 2
-618 1
-617 1
-616 1
-615 2
-614 0
-613 2
-612 2
-611 2
-610 1
-609 2
-608 0
-607 1
-606 1
-605 0
-604 1
-603 3
-602 2
-601 2
-600 0
-599 1
-598 2
-597 2
-596 0
-595 2
-594 2
-593 0
-592 2
-591 0
-590 0
-589 0
-588 1
-587 0
-586 0
-585 0
-584 0
-583 2
-582 0
-581 4
-580 0
-579 1
-578 1
-577 1
-576 0
-575 3
-574 0
-573 2
-572 1
-571 2
-570 0
-569 0
-568 0
-567 0
-566 1
-565 0
-564 1
-563 4
-562 0
-561 2
-560 0
-559 0
-558 0
-557 1
-556 3
-555 3
-554 0
-553 0
-552 1
-551 2
-550 2
-549 3
-548 0
-547 2
-546 1
-545 0
-544 3
-543 2
-542 1
-541 1
-540 1
-539 2
-538 3
-537 1
-536 0
-535 0
-534 0
-533 3
-532 2
-531 2
-530 0
-529 1
-528 0
-527 2
-526 3
-525 2
-524 1
-523 4
-522 4
-521 1
-520 0
-519 2
-518 1
-517 2
-516 1
-515 0
-514 1
-513 1
-512 1
-511 1
-510 0
-509 0
-508 1
-507 1
-506 2
-505 1
-504 2
-503 3
-502 2
-501 2
-500 3
-499 1
-498 5
-497 2
-496 2
-495 1
-494 0
-493 0
-492 2
-491 3
-490 3
-489 1
-488 0
-487 3
-486 0
-485 0
-484 1
-483 2
-482 1
-481 2
-480 1
-479 0
-478 0
-477 2
-476 4
-475 4
-474 0
-473 1
-472 2
-471 0
-470 2
-469 2
-468 1
-467 2
-466 2
-465 4
-464 2
-463 0
-462 1
-461 6
-460 4
-459 1
-458 6
-457 2
-456 1
-455 1
-454 1
-453 1
-452 2
-451 1
-450 1
-449 0
-448 3
-447 2
-446 2
-445 4
-444 3
-443 2
-442 3
-441 2
-440 2
-439 1
-438 2
-437 1
-436 1
-435 3
-434 2
-433 3
-432 1
-431 1
-430 1
-429 2
-428 1
-427 2
-426 4
-425 3
-424 1
-423 1
-422 1
-421 3
-420 2
-419 3
-418 6
-417 1
-416 3
-415 3
-414 2
-413 1
-412 3
-411 4
-410 3
-409 2
-408 0
-407 2
-406 2
-405 3
-404 1
-403 6
-402 6
-401 1
-400 1
-399 1
-398 0
-397 1
-396 2
-395 1
-394 4
-393 2
-392 3
-391 4
-390 2
-389 2
-388 2
-387 7
-386 2
-385 3
-384 3
-383 2
-382 2
-381 0
-380 4
-379 2
-378 1
-377 1
-376 2
-375 4
-374 2
-373 1
-372 3
-371 5
-370 1
-369 2
-368 1
-367 8
-366 7
-365 2
-364 2
-363 6
-362 3
-361 3
-360 5
-359 2
-358 3
-357 3
-356 2
-355 0
-354 1
-353 6
-352 6
-351 5
-350 3
-349 0
-348 3
-347 2
-346 4
-345 2
-344 5
-343 2
-342 5
-341 4
-340 2
-339 4
-338 2
-337 2
-336 1
-335 1
-334 3
-333 3
-332 3
-331 5
-330 5
-329 7
-328 4
-327 4
-326 4
-325 5
-324 5
-323 1
-322 7
-321 7
-320 5
-319 5
-318 2
-317 5
-316 5
-315 2
-314 2
-313 4
-312 3
-311 3
-310 2
-309 2
-308 3
-307 3
-306 3
-305 3
-304 1
-303 7
-302 1
-301 3
-300 5
-299 5
-298 4
-297 1
-296 1
-295 5
-294 1
-293 2
-292 2
-291 4
-290 4
-289 4
-288 6
-287 3
-286 5
-285 4
-284 3
-283 3
-282 3
-281 3
-280 9
-279 8
-278 5
-277 7
-276 7
-275 6
-274 5
-273 2
-272 4
-271 0
-270 3
-269 4
-268 2
-267 7
-266 7
-265 8
-264 12
-263 4
-262 9
-261 8
-260 6
-259 7
-258 8
-257 3
-256 2
-255 7
-254 5
-253 7
-252 4
-251 8
-250 5
-249 6
-248 2
-247 8
-246 7
-245 10
-244 7
-243 5
-242 6
-241 7
-240 9
-239 4
-238 10
-237 7
-236 9
-235 7
-234 7
-233 2
-232 5
-231 3
-230 7
-229 7
-228 7
-227 5
-226 6
-225 6
-224 6
-223 8
-222 5
-221 8
-220 10
-219 9
-218 11
-217 10
-216 5
-215 5
-214 7
-213 8
-212 4
-211 6
-210 4
-209 8
-208 5
-207 6
-206 8
-205 9
-204 11
-203 4
-202 4
-201 11
-200 6
-199 9
-198 13
-197 11
-196 7
-195 8
-194 7
-193 6
-192 6
-191 3
-190 7
-189 6
-188 10
-187 18
-186 12
-185 8
-184 11
-183 9
-182 17
-181 5
-180 7
-179 8
-178 10
-177 12
-176 15
-175 10
-174 6
-173 8
-172 4
-171 10
-170 11
-169 12
-168 10
-167 12
-166 11
-165 9
-164 17
-163 13
-162 14
-161 7
-160 10
-159 12
-158 10
-157 8
-156 10
-155 18
-154 17
-153 17
-152 9
-151 10
-150 16
-149 7
-148 12
-147 19
-146 17
-145 8
-144 15
-143 14
-142 16
-141 15
-140 15
-139 21
-138 14
-137 13
-136 15
-135 16
-134 15
-133 14
-132 6
-131 18
-130 15
-129 19
-128 7
-127 17
-126 11
-125 15
-124 18
-123 13
-122 19
-121 13
-120 15
-119 19
-118 20
-117 18
-116 16
-115 20
-114 26
-113 13
-112 14
-111 23
-110 21
-109 17
-108 20
-107 12
-106 25
-105 20
-104 23
-103 23
-102 16
-101 17
-100 26
-99 26
-98 25
-97 28
-96 29
-95 21
-94 24
-93 20
-92 30
-91 26
-90 34
-89 33
-88 34
-87 31
-86 32
-85 39
-84 37
-83 33
-82 24
-81 22
-80 36
-79 28
-78 23
-77 44
-76 26
-75 40
-74 40
-73 35
-72 45
-71 36
-70 34
-69 44
-68 50
-67 37
-66 52
-65 47
-64 40
-63 51
-62 53
-61 51
-60 48
-59 36
-58 57
-57 57
-56 52
-55 56
-54 44
-53 52
-52 56
-51 63
-50 72
-49 71
-48 73
-47 75
-46 69
-45 74
-44 83
-43 90
-42 102
-41 96
-40 98
-39 103
-38 97
-37 106
-36 117
-35 114
-34 106
-33 127
-32 119
-31 143
-30 136
-29 134
-28 170
-27 164
-26 165
-25 168
-24 221
-23 206
-22 235
-21 245
-20 256
-19 291
-18 272
-17 344
-16 345
-15 396
-14 410
-13 474
-12 519
-11 581
-10 689
-9 843
-8 980
-7 1097
-6 1363
-5 1799
-4 2493
-3 3612
-2 5955
-1 14778
0 113716
1 680755
2 116260
3 12839
4 5561
5 3371
6 2383
7 1819
8 1369
9 1120
10 951
11 805
12 674
13 562
14 529
15 484
16 440
17 383
18 335
19 298
20 302
21 301
22 269
23 233
24 211
25 206
26 198
27 176
28 187
29 172
30 172
31 141
32 146
33 141
34 118
35 136
36 122
37 123
38 110
39 110
40 98
41 104
42 92
43 77
44 96
45 89
46 71
47 67
48 81
49 73
50 68
51 57
52 68
53 65
54 64
55 52
56 55
57 52
58 37
59 46
60 52
61 54
62 50
63 58
64 61
65 53
66 38
67 60
68 54
69 44
70 39
71 46
72 32
73 35
74 30
75 31
76 28
77 35
78 38
79 37
80 28
81 31
82 30
83 26
84 41
85 32
86 39
87 34
88 29
89 31
90 23
91 30
92 25
93 33
94 26
95 22
96 15
97 28
98 15
99 21
100 26
101 19
102 32
103 29
104 23
105 16
106 31
107 29
108 23
109 16
110 13
111 19
112 18
113 28
114 16
115 18
116 21
117 17
118 25
119 16
120 18
121 12
122 12
123 20
124 17
125 24
126 17
127 11
128 20
129 18
130 11
131 11
132 16
133 15
134 16
135 26
136 13
137 17
138 18
139 11
140 10
141 10
142 16
143 15
144 14
145 10
146 13
147 13
148 16
149 14
150 13
151 8
152 15
153 12
154 15
155 8
156 11
157 10
158 10
159 11
160 13
161 8
162 15
163 10
164 10
165 10
166 11
167 15
168 7
169 12
170 14
171 9
172 11
173 10
174 14
175 11
176 9
177 9
178 9
179 8
180 8
181 8
182 9
183 6
184 13
185 13
186 10
187 6
188 13
189 6
190 11
191 10
192 7
193 7
194 13
195 9
196 8
197 11
198 5
199 7
200 12
201 7
202 4
203 4
204 5
205 7
206 5
207 8
208 11
209 7
210 6
211 7
212 2
213 7
214 5
215 4
216 7
217 8
218 3
219 12
220 8
221 6
222 8
223 7
224 12
225 5
226 3
227 4
228 6
229 5
230 7
231 8
232 8
233 5
234 15
235 9
236 9
237 8
238 5
239 7
240 8
241 5
242 3
243 6
244 4
245 3
246 6
247 8
248 3
249 5
250 7
251 8
252 6
253 4
254 7
255 7
256 5
257 5
258 4
259 8
260 5
261 4
262 4
263 8
264 9
265 4
266 8
267 3
268 8
269 9
270 5
271 4
272 7
273 5
274 9
275 4
276 9
277 9
278 6
279 6
280 8
281 7
282 5
283 3
284 3
285 6
286 4
287 7
288 0
289 4
290 3
291 3
292 5
293 4
294 2
295 2
296 3
297 5
298 1
299 2
300 4
301 6
302 1
303 3
304 2
305 5
306 5
307 6
308 6
309 5
310 2
311 5
312 6
313 9
314 6
315 3
316 2
317 3
318 4
319 2
320 3
321 2
322 6
323 2
324 2
325 3
326 4
327 5
328 5
329 5
330 1
331 3
332 3
333 6
334 0
335 2
336 2
337 9
338 2
339 2
340 3
341 2
342 2
343 1
344 4
345 3
346 5
347 0
348 6
349 3
350 1
351 5
352 3
353 3
354 3
355 4
356 2
357 4
358 1
359 4
360 4
361 3
362 2
363 2
364 2
365 1
366 4
367 6
368 4
369 4
370 4
371 1
372 3
373 3
374 4
375 0
376 4
377 3
378 1
379 5
380 3
381 1
382 1
383 2
384 2
385 2
386 1
387 4
388 3
389 2
390 5
391 1
392 7
393 1
394 3
395 2
396 4
397 1
398 2
399 0
400 2
401 1
402 1
403 4
404 4
405 1
406 4
407 1
408 3
409 6
410 2
411 2
412 5
413 7
414 3
415 3
416 2
417 2
418 0
419 0
420 3
421 2
422 3
423 4
424 0
425 2
426 1
427 1
428 0
429 3
430 1
431 1
432 2
433 5
434 3
435 1
436 1
437 1
438 2
439 2
440 0
441 1
442 1
443 2
444 3
445 1
446 1
447 1
448 3
449 1
450 3
451 2
452 5
453 1
454 0
455 2
456 1
457 2
458 1
459 1
460 1
461 0
462 1
463 2
464 4
465 0
466 3
467 3
468 3
469 1
470 4
471 2
472 1
473 1
474 2
475 4
476 2
477 2
478 2
479 2
480 0
481 0
482 1
483 0
484 1
485 2
486 4
487 1
488 2
489 2
490 1
491 2
492 0
493 1
494 0
495 1
496 3
497 2
498 2
499 2
500 1
501 4
502 0
503 4
504 1
505 2
506 3
507 0
508 2
509 1
510 1
511 3
512 0
513 1
514 1
515 0
516 5
517 0
518 1
519 1
520 2
521 2
522 2
523 0
524 2
525 0
526 0
527 2
528 1
529 2
530 1
531 2
532 2
533 1
534 2
535 1
536 1
537 1
538 1
539 1
540 0
541 0
542 1
543 0
544 1
545 0
546 1
547 0
548 2
549 1
550 1
551 1
552 1
553 1
554 1
555 1
556 0
557 3
558 2
559 1
560 0
561 0
562 2
563 0
564 1
565 1
566 1
567 1
568 2
569 0
570 1
571 3
572 1
573 2
574 0
575 0
576 1
577 0
578 1
579 2
580 3
581 1
582 0
583 1
584 0
585 0
586 1
587 2
588 1
589 0
590 0
591 3
592 1
593 2
594 2
595 0
596 0
597 2
598 1
599 1
600 1
601 1
602 0
603 2
604 3
605 3
606 0
607 2
608 2
609 1
610 2
611 1
612 2
613 2
614 2
615 2
616 4
617 1
618 0
619 1
620 3
621 1
622 2
623 2
624 1
625 1
626 1
627 1
628 2
629 2
630 1
631 0
632 0
633 0
634 1
635 0
636 0
637 1
638 1
639 0
640 2
641 1
642 0
643 0
644 1
645 1
646 0
647 4
648 0
649 1
650 1
651 0
652 2
653 1
654 0
655 2
656 0
657 1
658 2
659 2
660 0
661 1
662 1
663 0
664 3
665 1
666 1
667 1
668 1
669 0
670 0
671 0
672 0
673 2
674 1
675 1
676 1
677 2
678 0
679 1
680 0
681 0
682 1
683 1
684 2
685 2
686 0
687 1
688 1
689 0
690 0
691 1
692 1
693 0
694 0
695 0
696 2
697 1
698 2
699 0
700 0
701 0
702 1
703 0
704 0
705 0
706 0
707 1
708 0
709 1
710 0
711 0
712 0
713 1
714 2
715 0
716 1
717 1
718 0
719 2
720 0
721 0
722 1
723 1
724 1
725 0
726 3
727 0
728 1
729 0
730 0
731 0
732 2
733 0
734 1
735 1
736 1
737 0
738 0
739 0
740 0
741 0
742 2
743 0
744 2
745 2
746 1
747 1
748 1
749 1
750 0
751 1
752 0
753 2
754 0
755 0
756 1
757 0
758 2
759 0
760 1
761 2
762 0
763 1
764 1
765 0
766 0
767 1
768 1
769 1
770 0
771 0
772 1
773 0
774 0
775 1
776 0
777 0
778 1
779 0
780 0
781 1
782 2
783 0
784 0
785 1
786 0
787 0
788 0
789 1
790 0
791 0
792 0
793 1
794 3
795 1
796 1
797 1
798 1
799 0
800 0
801 0
802 0
803 0
804 0
805 0
806 0
807 0
808 0
809 0
810 0
811 1
812 2
813 1
814 1
815 0
816 0
817 1
818 2
819 1
820 0
821 0
822 1
823 0
824 0
825 1
826 0
827 0
828 0
829 2
830 0
831 1
832 0
833 0
834 1
835 1
836 1
837 0
838 0
839 0
840 0
841 1
842 0
843 0
844 0
845 3
846 0
847 0
848 0
849 0
850 0
851 1
852 0
853 0
854 0
855 0
856 1
857 0
858 0
859 0
860 1
861 2
862 0
863 0
864 1
865 0
866 0
867 2
868 0
869 1
870 0
871 0
872 1
873 0
874 0
875 1
876 0
877 1
878 0
879 0
880 1
881 0
882 0
883 0
884 0
885 1
886 0
887 1
888 1
889 0
890 0
891 0
892 1
893 1
894 1
895 0
896 0
897 0
898 0
899 0
900 0
901 0
902 0
903 0
904 0
905 1
906 0
907 0
908 0
909 1
910 1
911 0
912 0
913 0
914 0
915 0
916 0
917 1
918 0
919 1
920 2
921 0
922 1
923 0
924 0
925 0
926 0
927 0
928 0
929 0
930 0
931 0
932 1
933 0
934 0
935 0
936 0
937 0
938 0
939 1
940 1
941 0
942 0
943 1
944 0
945 0
946 0
947 2
948 0
949 0
950 0
951 2
952 1
953 0
954 0
955 0
956 4
957 0
958 0
959 0
960 0
961 0
962 0
963 1
964 0
965 0
966 0
967 0
968 0
969 1
970 0
971 1
972 0
973 0
974 0
975 1
976 1
977 1
978 1
979 1
980 0
981 1
982 0
983 0
984 0
985 0
986 0
987 1
988 0
989 0
990 0
991 0
992 0
993 0
994 1
995 1
996 0
997 0
998 0
999 0
1000 0
1001 1
1002 0
1003 0
1004 1
1005 0
1006 0
1007 0
1008 1
1009 0
1010 0
1011 0
1012 0
1013 0
1014 0
1015 0
1016 0
1017 0
1018 1
1019 0
1020 1
1021 0
1022 1
1023 0
1024 0
1025 0
1026 0
1027 0
1028 0
1029 0
1030 1
1031 0
1032 0
1033 1
1034 0
1035 0
1036 0
1037 0
1038 1
1039 0
1040 0
1041 1
1042 0
1043 1
1044 0
1045 0
1046 0
1047 0
1048 0
1049 0
1050 0
1051 2
1052 0
1053 1
1054 0
1055 0
1056 0
1057 0
1058 0
1059 1
1060 0
1061 0
1062 0
1063 0
1064 0
1065 0
1066 1
1067 0
1068 0
1069 0
1070 0
1071 0
1072 0
1073 1
1074 0
1075 1
1076 0
1077 0
1078 1
1079 0
1080 0
1081 0
1082 1
1083 0
1084 0
1085 0
1086 1
1087 0
1088 0
1089 0
1090 0
1091 0
1092 1
1093 0
1094 0
1095 0
1096 0
1097 0
1098 0
1099 0
1100 0
1101 0
1102 0
1103 1
1104 0
1105 0
1106 0
1107 0
1108 0
1109 0
1110 0
1111 0
1112 0
1113 0
1114 0
1115 0
1116 1
1117 0
1118 1
1119 0
1120 0
1121 0
1122 0
1123 0
1124 0
1125 0
1126 0
1127 0
1128 0
1129 1
1130 0
1131 0
1132 0
1133 0
1134 1
1135 1
1136 0
1137 0
1138 0
1139 1
1140 0
1141 0
1142 0
1143 0
1144 0
1145 0
1146 0
1147 0
1148 0
1149 0
1150 0
1151 0
1152 0
1153 0
1154 1
1155 0
1156 0
1157 0
1158 0
1159 0
1160 0
1161 1
1162 0
1163 1
1164 0
1165 1
1166 0
1167 2
1168 0
1169 0
1170 0
1171 0
1172 1
1173 0
1174 0
1175 0
1176 0
1177 0
1178 0
1179 0
1180 0
1181 0
1182 0
1183 0
1184 0
1185 0
1186 0
1187 1
1188 0
1189 0
1190 0
1191 0
1192 0
1193 1
1194 0
1195 1
1196 1
1197 0
1198 0
1199 0
1200 0
1201 1
1202 0
1203 0
1204 0
1205 0
1206 1
1207 0
1208 0
1209 0
1210 0
1211 0
1212 0
1213 0
1214 0
1215 0
1216 0
1217 1
1218 0
1219 0
1220 1
1221 0
1222 0
1223 0
1224 0
1225 2
1226 0
1227 0
1228 0
1229 0
1230 0
1231 0
1232 0
1233 0
1234 0
1235 0
1236 0
1237 1
1238 0
1239 0
1240 0
1241 0
1242 0
1243 0
1244 0
1245 0
1246 0
1247 0
1248 0
1249 0
1250 0
1251 0
1252 0
1253 0
1254 0
1255 0
1256 0
1257 0
1258 0
1259 0
1260 0
1261 1
1262 0
1263 0
1264 0
1265 0
1266 0
1267 0
1268 0
1269 0
1270 0
1271 0
1272 0
1273 0
1274 0
1275 0
1276 0
1277 0
1278 0
1279 1
1280 0
1281 0
1282 0
1283 0
1284 0
1285 0
1286 0
1287 0
1288 0
1289 0
1290 0
1291 1
1292 0
1293 0
1294 0
1295 1
1296 0
1297 0
1298 0
1299 0
1300 0
1301 0
1302 0
1303 0
1304 0
1305 0
1306 1
1307 0
1308 0
1309 0
1310 0
1311 1
1312 0
1313 0
1314 0
1315 0
1316 0
1317 0
1318 0
1319 0
1320 0
1321 0
1322 0
1323 0
1324 0
1325 0
1326 0
1327 0
1328 0
1329 0
1330 1
1331 0
1332 0
1333 0
1334 0
1335 0
1336 0
1337 0
1338 0
1339 0
1340 0
1341 0
1342 0
1343 0
1344 0
1345 0
1346 0
1347 0
1348 0
1349 0
1350 0
1351 0
1352 0
1353 0
1354 0
1355 0
1356 0
1357 0
1358 1
1359 0
1360 0
1361 1
1362 0
1363 1
1364 1
1365 0
1366 0
1367 0
1368 0
1369 0
1370 0
1371 0
1372 0
1373 1
1374 0
1375 0
1376 0
1377 0
1378 0
1379 0
1380 0
1381 0
1382 0
1383 0
1384 0
1385 0
1386 0
1387 0
1388 0
1389 0
1390 1
1391 0
1392 0
1393 0
1394 0
1395 0
1396 0
1397 0
1398 0
1399 0
1400 0
1401 1
1402 0
1403 0
1404 0
1405 0
1406 0
1407 0
1408 0
1409 1
1410 0
1411 0
1412 0
1413 0
1414 0
1415 0
1416 0
1417 0
1418 0
1419 0
1420 0
1421 0
1422 0
1423 0
1424 0
1425 0
1426 0
1427 0
1428 0
1429 0
1430 0
1431 0
1432 0
1433 0
1434 0
1435 0
1436 0
1437 0
1438 0
1439 0
1440 0
1441 0
1442 0
1443 0
1444 0
1445 0
1446 0
1447 0
1448 0
1449 0
1450 0
1451 0
1452 0
1453 0
1454 0
1455 0
1456 0
1457 0
1458 0
1459 0
1460 0
1461 1
1462 0
1463 0
1464 0
1465 0
1466 0
1467 0
1468 0
1469 0
1470 0
1471 0
1472 1
1473 0
1474 0
1475 1
1476 0
1477 0
1478 0
1479 0
1480 0
1481 0
1482 0
1483 0
1484 0
1485 0
1486 0
1487 0
1488 0
1489 1
1490 0
1491 0
1492 0
1493 0
1494 0
1495 0
1496 0
1497 0
1498 0
1499 0
1500 0
1501 0
1502 0
1503 0
1504 0
1505 0
1506 0
1507 0
1508 0
1509 0
1510 0
1511 0
1512 0
1513 0
1514 0
1515 0
1516 0
1517 0
1518 0
1519 0
1520 0
1521 0
1522 0
1523 0
1524 0
1525 0
1526 0
1527 0
1528 0
1529 0
1530 0
1531 0
1532 0
1533 0
1534 1
1535 0
1536 0
1537 0
1538 0
1539 0
1540 0
1541 0
1542 0
1543 0
1544 0
1545 0
1546 0
1547 0
1548 0
1549 0
1550 0
1551 0
1552 0
1553 0
1554 0
1555 0
1556 0
1557 0
1558 0
1559 0
1560 0
1561 0
1562 0
1563 0
1564 0
1565 0
1566 0
1567 0
1568 0
1569 0
1570 0
1571 0
1572 0
1573 0
1574 0
1575 0
1576 0
1577 0
1578 0
1579 0
1580 0
1581 0
1582 0
1583 0
1584 0
1585 0
1586 0
1587 0
1588 0
1589 0
1590 0
1591 0
1592 0
1593 0
1594 0
1595 0
1596 0
1597 0
1598 0
1599 0
1600 0
1601 0
1602 0
1603 0
1604 0
1605 0
1606 0
1607 0
1608 0
1609 0
1610 0
1611 0
1612 1
1613 0
1614 0
1615 0
1616 0
1617 0
1618 1
1619 0
1620 0
1621 0
1622 0
1623 0
1624 0
1625 0
1626 0
1627 0
1628 0
1629 0
1630 0
1631 0
1632 0
1633 0
1634 0
1635 0
1636 0
1637 0
1638 0
1639 0
1640 0
1641 0
1642 0
1643 0
1644 0
1645 0
1646 0
1647 0
1648 0
1649 0
1650 0
1651 0
1652 0
1653 0
1654 0
1655 0
1656 0
1657 0
1658 0
1659 0
1660 0
1661 0
1662 0
1663 0
1664 0
1665 0
1666 0
1667 0
1668 0
1669 0
1670 0
1671 0
1672 0
1673 0
1674 0
1675 0
1676 0
1677 0
1678 0
1679 0
1680 0
1681 0
1682 0
1683 0
1684 0
1685 0
1686 0
1687 0
1688 0
1689 0
1690 0
1691 0
1692 0
1693 0
1694 0
1695 0
1696 0
1697 0
1698 0
1699 0
1700 0
1701 0
1702 0
1703 0
1704 0
1705 0
1706 0
1707 0
1708 0
1709 0
1710 0
1711 0
1712 0
1713 0
1714 0
1715 0
1716 0
1717 0
1718 0
1719 0
1720 0
1721 0
1722 0
1723 0
1724 0
1725 0
1726 0
1727 0
1728 0
1729 0
1730 0
1731 0
1732 0
1733 0
1734 0
1735 0
1736 0
1737 0
1738 0
1739 0
1740 0
1741 0
1742 0
1743 0
1744 0
1745 0
1746 0
1747 0
1748 0
1749 0
1750 0
1751 0
1752 0
1753 0
1754 0
1755 0
1756 0
1757 0
1758 0
1759 0
1760 0
1761 0
1762 0
1763 0
1764 0
1765 0
1766 0
1767 0
1768 0
1769 0
1770 0
1771 0
1772 0
1773 0
1774 0
1775 0
1776 0
1777 0
1778 0
1779 0
1780 0
1781 0
1782 0
1783 0
1784 0
1785 0
1786 0
1787 0
1788 0
1789 0
1790 0
1791 0
1792 0
1793 0
1794 0
1795 0
1796 0
1797 0
1798 0
1799 0
1800 0
1801 0
1802 0
1803 0
1804 0
1805 0
1806 0
1807 0
1808 0
1809 0
1810 0
1811 0
1812 0
1813 0
1814 0
1815 0
1816 0
1817 0
1818 0
1819 0
1820 0
1821 0
1822 0
1823 0
1824 0
1825 0
1826 0
1827 0
1828 0
1829 0
1830 0
1831 0
1832 0
1833 0
1834 0
1835 0
1836 0
1837 0
1838 0
1839 0
1840 0
1841 0
1842 0
1843 0
1844 0
1845 0
1846 0
1847 0
1848 0
1849 0
1850 0
1851 0
1852 0
1853 0
1854 0
1855 0
1856 0
1857 0
1858 0
1859 0
1860 0
1861 0
1862 0
1863 0
1864 0
1865 0
1866 0
1867 0
1868 0
1869 0
1870 0
1871 0
1872 0
1873 0
1874 0
1875 0
1876 0
1877 0
1878 0
1879 0
1880 0
1881 0
1882 0
1883 0
1884 0
1885 0
1886 0
1887 0
1888 0
1889 0
1890 0
1891 1
