0 0.2922
1 0.287
2 0.2849
3 0.2667
4 0.2817
5 0.2697
6 0.2941
7 0.2875
8 0.2941
9 0.2914
10 0.2709
11 0.2748
12 0.3047
13 0.2864
14 0.2574
15 0.2937
16 0.2791
17 0.2883
18 0.2622
19 0.282
20 0.2816
21 0.2899
22 0.274
23 0.2927
24 0.2662
25 0.2829
26 0.2819
27 0.2914
28 0.268
29 0.2899
30 0.2745
31 0.273
32 0.2992
33 0.2764
34 0.2772
35 0.2805
36 0.3005
37 0.2785
38 0.29
39 0.28
40 0.2786
41 0.2874
42 0.2724
43 0.2741
44 0.295
45 0.2731
46 0.2909
47 0.2749
48 0.2764
49 0.2779
50 0.2937
51 0.2959
52 0.2513
53 0.285
54 0.2904
55 0.2846
56 0.274
57 0.2939
58 0.2598
59 0.291
60 0.271
61 0.2915
62 0.3087
63 0.2749
64 0.3031
65 0.246
66 0.2973
67 0.2748
68 0.275
69 0.2747
70 0.2665
71 0.2817
72 0.2924
73 0.2891
74 0.2937
75 0.2731
76 0.2888
77 0.283
78 0.2766
79 0.3078
80 0.2874
81 0.2624
82 0.2659
83 0.2838
84 0.2839
85 0.3073
86 0.2958
87 0.293
88 0.2976
89 0.2742
90 0.2806
91 0.3033
92 0.2842
93 0.2716
94 0.2913
95 0.2848
96 0.2749
97 0.2912
98 0.271
99 0.3013
100 0.2922
101 0.2872
102 0.2978
103 0.2694
104 0.3026
105 0.262
106 0.2796
107 0.2832
108 0.3106
109 0.285
110 0.2839
