0 795852
1 19753
2 7295
3 4671
4 3258
5 2355
6 1844
7 1494
8 1187
9 1003
10 854
11 728
12 688
13 535
14 484
15 423
16 390
17 333
18 298
19 284
20 273
21 222
22 225
23 194
24 163
25 160
26 168
27 136
28 127
29 128
30 106
31 111
32 96
33 92
34 76
35 77
36 67
37 60
38 49
39 66
40 69
41 51
42 53
43 35
44 39
45 42
46 37
47 34
48 48
49 33
50 26
51 25
52 29
53 31
54 21
55 22
56 17
57 24
58 22
59 15
60 21
61 16
62 9
63 16
64 13
65 11
66 16
67 17
68 9
69 11
70 9
71 10
72 10
73 10
74 10
75 8
76 11
77 9
78 5
79 5
80 6
81 7
82 8
83 8
84 3
85 3
86 2
87 5
88 5
89 1
90 5
91 5
92 3
93 5
94 6
95 3
96 4
97 5
98 1
99 4
100 1
101 1
102 4
103 3
104 3
105 3
106 4
107 0
108 1
109 2
110 4
111 3
112 1
113 1
114 2
115 1
116 1
117 1
118 3
119 1
120 3
121 0
122 2
123 1
124 0
125 0
126 1
127 0
128 0
129 1
130 2
131 1
132 0
133 1
134 0
135 3
136 0
137 1
138 0
139 1
140 1
141 1
142 0
143 1
144 0
145 1
146 0
147 1
148 1
149 0
150 0
151 0
152 0
153 1
154 0
155 1
156 1
157 0
158 0
159 0
160 0
161 0
162 0
163 0
164 0
165 1
166 0
167 0
168 0
169 0
170 0
171 0
172 0
173 0
174 0
175 0
176 0
177 0
178 0
179 1
180 0
181 1
