2 0.6677071557703335
3 0.6372568417416196
4 0.6151689871292216
5 0.5989303223779443
6 0.5860570900390909
7 0.5755894774943143
8 0.5669882373495486
9 0.5599419189289176
10 0.5534252129958576
11 0.5481757608741478
12 0.5431855072171603
13 0.5394243757937601
14 0.5353870198446743
15 0.5321549354339914
16 0.5295407443332364
17 0.5263862215971682
18 0.5240785817203129
19 0.521787267010398
20 0.5195546961778794
21 0.5176343119345639
22 0.5161570595225523
23 0.5149704681732852
24 0.5124930597720033
25 0.5115960363714334
26 0.5104274554519832
27 0.5091165013341267
28 0.507798714491637
29 0.5064932801087734
30 0.5060343849920699
31 0.504296653650513
32 0.503407466400096
33 0.5028139437211255
34 0.501379348299204
35 0.5007104957826535
36 0.4995532720377643
37 0.4991222239555426
38 0.4984954947361472
39 0.4977082469421344
40 0.49743973425283483
41 0.495913254526446
42 0.49625542685513097
43 0.4949487120417796
44 0.49457707937095613
45 0.4939349913068597
46 0.49345710418787275
47 0.4925483907529689
48 0.493063277802925
49 0.49207879087083933
50 0.4913448484643358
51 0.49183620634912883
52 0.4905010983881851
53 0.4905411749811414
54 0.4903454343650602
55 0.49026742044947874
56 0.48997066135664713
57 0.4876387873533449
58 0.4883749051714043
59 0.4873650598970173
60 0.48800396594886836
61 0.48818076378340947
62 0.48831788087272043
63 0.48686803315846433
64 0.4880104762674809
65 0.48771363398239853
66 0.487233937478394
67 0.48590540063536886
68 0.4862110706396922
69 0.48589380336288085
70 0.4838259938049037
71 0.4843566344521353
72 0.4845230655155977
73 0.48480216123612163
74 0.4842896314520874
75 0.48398445865328726
76 0.4839829529886092
77 0.4830284622469874
78 0.4836474537480545
79 0.48066349573451445
80 0.48390777329673185
81 0.4839061806804119
82 0.48298934924845804
83 0.4813009809629337
84 0.4827634428884567
85 0.4828031316668408
86 0.48257933946298653
87 0.4821723901346911
88 0.4807758465956683
89 0.48158482360322513
90 0.48137572743198886
91 0.4815729650298709
92 0.48101610990399846
93 0.4816568576991071
94 0.4803780952733464
95 0.48068424461985076
96 0.47860765421519885
97 0.4794858050017525
98 0.4797015133402308
99 0.4793898553459818
100 0.4814335358556568
101 0.48165401324016616
102 0.47845047012137903
103 0.4812757227864069
104 0.47934754012102077
105 0.4774193548387097
106 0.47848906391659113
107 0.47864033410782036
108 0.4790214057946692
109 0.48055360482273757
110 0.48103200214594016
111 0.4793723702077012
112 0.4805636835661755
113 0.4792669530503434
114 0.4775131784096815
115 0.4763420326755782
116 0.4784091363654546
117 0.47861867643861994
118 0.4775224239303034
119 0.47559478641253405
120 0.4802549535818207
121 0.48010686003243963
122 0.4766969495531428
123 0.4749785237136666
124 0.4769202117753479
125 0.4772471215410404
126 0.4791528602247571
127 0.4774186002310043
128 0.47745013664296176
129 0.47729694158937075
130 0.4758054040010392
131 0.4755352708235452
132 0.4776098541102472
133 0.4789479380885377
134 0.4794573858898093
135 0.4752078069854005
136 0.4767260043300457
137 0.4782382014973619
138 0.47943979024109484
139 0.47792104565927757
140 0.4785939612438035
141 0.47357141193188435
142 0.47591461188326073
143 0.4790130962332497
144 0.47379752152909055
145 0.47649945474372957
146 0.474811861170392
147 0.47809270911504936
148 0.4734286485028325
149 0.474276875483372
150 0.47787040911578205
151 0.47557772236076473
152 0.47568710359408034
153 0.4734708520179372
154 0.4736390112762303
155 0.47911519456454604
156 0.4800823631899897
157 0.4738901797725327
158 0.4784846439419507
159 0.46962606603979884
160 0.47730448501239575
161 0.4753480143395875
162 0.4736689675146015
163 0.4781373086702897
164 0.47590670913387445
165 0.47577256528908035
166 0.4738940469688695
167 0.4762612973344011
168 0.47497179502404846
169 0.47617302052785926
170 0.47416529135457663
171 0.4720664863795264
172 0.4714236706689537
173 0.4722692633361558
174 0.475215045925062
175 0.48007997630331756
176 0.47710879963556296
177 0.4755700325732899
178 0.4761038531503225
179 0.4698702628883578
180 0.47118704080729396
181 0.4744105282398099
182 0.46183602226625153
183 0.4751408520312346
184 0.4730142566191446
185 0.48111249481112495
186 0.4751068376068376
187 0.47521423147846836
188 0.47625448028673834
189 0.46664334033123395
190 0.4708942283874164
191 0.48226405429632474
192 0.47625956212081244
193 0.4642265193370166
194 0.472914875322442
195 0.47202849087401694
196 0.4649691358024691
197 0.47127525252525254
198 0.4723362337875554
199 0.47351388179185827
200 0.4735812133072407
201 0.4713375796178344
202 0.4848249027237354
203 0.4869479882237488
204 0.4723926380368098
205 0.47425418880261544
206 0.4812446717817562
207 0.46379079123826555
208 0.489312801654792
209 0.4883068288119738
210 0.47692307692307695
211 0.4790595150624541
212 0.46531865881750706
213 0.463658470683599
214 0.47511185682326623
215 0.4866920152091255
216 0.4905433803662564
217 0.46819024088943795
218 0.47109067017082784
219 0.47075112495673244
220 0.48872180451127817
221 0.4689950106913756
222 0.4823359769286229
223 0.4628804751299183
224 0.47678369195922987
225 0.46781287485005996
226 0.4824561403508772
227 0.4728378965667101
228 0.4787422497785651
229 0.46917497733454216
230 0.46943537097526833
231 0.47317073170731705
232 0.4781094527363184
233 0.4557823129251701
234 0.4632606199770379
235 0.47458628841607564
236 0.46779237023139464
237 0.48640296662546356
238 0.4793187347931874
239 0.4601542416452442
240 0.4849673202614379
241 0.4482288828337875
242 0.45964912280701753
243 0.4565718677940046
244 0.43967611336032386
245 0.4569939183318853
246 0.4878048780487805
247 0.45965548504079784
248 0.4790874524714829
249 0.4963963963963964
250 0.47202797202797203
251 0.45685740236148953
252 0.4645222327341533
253 0.4698318496538081
254 0.46706586826347307
255 0.46709129511677283
256 0.486228813559322
257 0.4487034949267193
258 0.477326968973747
259 0.4920828258221681
260 0.4427672955974843
261 0.4803664921465969
262 0.48043184885290147
263 0.4825662482566248
264 0.48240469208211145
265 0.4804804804804805
266 0.4880952380952381
267 0.47303543913713403
268 0.4334470989761092
269 0.4851138353765324
270 0.4631578947368421
271 0.4540540540540541
272 0.5225048923679061
273 0.45271629778672035
274 0.4860215053763441
275 0.4865424430641822
276 0.45850622406639
277 0.45372460496614
278 0.4949748743718593
279 0.4460431654676259
280 0.45308310991957107
281 0.5255681818181818
282 0.48293963254593175
283 0.4298245614035088
284 0.4612903225806452
285 0.4631578947368421
286 0.4694533762057878
287 0.45819397993311034
288 0.49469964664310956
289 0.44402985074626866
290 0.50390625
291 0.46558704453441296
292 0.4666666666666667
293 0.5310077519379846
294 0.5075757575757576
295 0.43346007604562736
296 0.4860557768924303
297 0.42585551330798477
298 0.5020080321285141
299 0.496
300 0.4444444444444444
301 0.49130434782608695
302 0.49344978165938863
303 0.4574468085106383
304 0.5
305 0.489010989010989
306 0.4294117647058823
307 0.4444444444444444
308 0.52
309 0.5289256198347108
310 0.44029850746268656
311 0.5
312 0.4897959183673469
313 0.46258503401360546
314 0.45751633986928103
315 0.4375
316 0.45112781954887216
317 0.39823008849557523
318 0.5511811023622047
319 0.45384615384615384
320 0.3888888888888889
321 0.5357142857142857
322 0.5204081632653061
323 0.43023255813953487
324 0.40540540540540543
325 0.5178571428571429
326 0.35185185185185186
327 0.5396825396825397
328 0.45569620253164556
329 0.47692307692307695
330 0.48214285714285715
331 0.4528301886792453
332 0.4827586206896552
333 0.4107142857142857
334 0.44680851063829785
335 0.49019607843137253
336 0.4444444444444444
337 0.47368421052631576
338 0.4888888888888889
339 0.574468085106383
340 0.6170212765957447
341 0.48
342 0.6140350877192983
343 0.6049382716049383
344 0.4367816091954023
345 0.47058823529411764
346 0.48148148148148145
347 0.45454545454545453
348 0.5
349 0.3617021276595745
350 0.5
351 0.4473684210526316
352 0.5128205128205128
353 0.5151515151515151
354 0.5813953488372093
355 0.4230769230769231
356 0.2903225806451613
357 0.3333333333333333
358 0.28
359 0.3888888888888889
360 0.5
361 0.4166666666666667
362 0.5555555555555556
363 0.5
364 0.6363636363636364
365 0.5
366 0.5
367 0.6363636363636364
368 0.625
369 0.35294117647058826
370 0.42857142857142855
371 0.4117647058823529
372 0.3
373 0.5555555555555556
374 0.5555555555555556
375 0.8333333333333334
376 0.5
377 0.5
378 0.2727272727272727
379 0.5
380 0.7272727272727273
381 0.6470588235294118
382 0.4117647058823529
383 0.4166666666666667
384 0.5833333333333334
385 0.375
386 0.6666666666666666
387 0.3333333333333333
388 0.5454545454545454
389 0.45454545454545453
390 0.46153846153846156
391 0.42857142857142855
392 0.2222222222222222
393 0.5
394 0.18181818181818182
395 0.75
396 0.6666666666666666
397 0.625
398 0.3
399 0.0
400 0.5
401 0.6666666666666666
402 0.6
403 0.5
404 0.0
405 0.0
406 1.0
407 0.3333333333333333
408 0.6666666666666666
409 0.5
410 0.6
411 0.6666666666666666
412 0.5714285714285714
413 0.5
414 0.2857142857142857
415 0.2
416 0.5
417 0.0
418 0
419 0
420 0.0
421 0.0
422 0
423 0
424 0
425 0
426 1.0
427 0.0
428 1.0
429 1.0
430 0.5
431 0.75
432 0.3333333333333333
433 0.5
434 1.0
435 0.5
436 0.5
437 1.0
438 0.5
439 0.3333333333333333
440 0.5
441 0.5
442 0.3333333333333333
443 0.25
444 0.0
445 0
446 0.0
447 0
448 0
449 0
450 0
451 0
452 0
453 0.0
454 0
455 0
456 0
457 0
458 0
459 0
460 0
461 0
462 0
463 0
464 0
465 0
466 0
467 0
468 0
469 0
470 0
471 0
472 0
473 0
474 0
475 0
476 0
477 0
478 0
479 0
480 0
481 0
482 0
483 0
484 0
485 0
486 0
487 0
488 0
489 0
490 0
491 0
492 0
493 0
494 0
495 0
496 0
497 0
498 0
