0 0.5062
1 0.5021
2 0.5094
3 0.487
4 0.4909
5 0.4985
6 0.4908
7 0.497
8 0.5001
9 0.4909
10 0.4946
11 0.4874
12 0.4842
13 0.4767
14 0.4882
15 0.4979
16 0.4971
17 0.4929
18 0.5051
19 0.4893
20 0.4954
21 0.4932
22 0.4768
23 0.4969
24 0.4859
25 0.4919
26 0.4877
27 0.489
28 0.4968
29 0.4922
30 0.4879
31 0.4841
32 0.5124
33 0.4998
34 0.4969
35 0.4983
36 0.4933
37 0.5066
38 0.4765
39 0.4937
40 0.4888
41 0.512
42 0.4854
43 0.4859
44 0.4761
45 0.486
46 0.4868
47 0.4922
48 0.5048
49 0.5001
50 0.4938
51 0.4886
52 0.4949
53 0.4993
54 0.5011
55 0.4935
56 0.4984
57 0.4831
58 0.4971
59 0.4929
60 0.4971
61 0.4897
62 0.4883
63 0.5026
64 0.4928
65 0.4756
66 0.4833
67 0.4892
68 0.4919
69 0.4973
70 0.4825
71 0.4844
72 0.4811
73 0.4851
74 0.487
75 0.4893
76 0.4967
77 0.4942
78 0.4759
79 0.4963
80 0.5078
81 0.5026
82 0.4939
83 0.5113
84 0.477
85 0.4828
86 0.5004
87 0.4831
88 0.47
89 0.4889
90 0.4712
91 0.5109
92 0.4853
93 0.5049
94 0.4894
95 0.5028
96 0.4939
97 0.481
98 0.489
99 0.4861
100 0.4941
101 0.4905
102 0.4887
103 0.5011
