0 0.5307
1 0.5102
2 0.5145
3 0.5128
4 0.5173
5 0.5063
6 0.5292
7 0.5045
8 0.5147
9 0.5448
10 0.5291
11 0.526
12 0.5175
13 0.5062
14 0.5123
15 0.5217
16 0.5087
17 0.4949
18 0.5314
19 0.5188
20 0.5415
21 0.5379
22 0.5014
23 0.5349
24 0.5475
25 0.5185
26 0.5117
27 0.5205
28 0.512
29 0.4876
30 0.5339
31 0.5033
32 0.4914
33 0.5224
34 0.4725
35 0.4959
36 0.5362
37 0.51
38 0.5038
39 0.5242
40 0.5358
41 0.547
42 0.5393
43 0.5024
44 0.527
45 0.5117
46 0.527
47 0.4819
48 0.5043
49 0.5053
50 0.5178
51 0.5005
52 0.5133
53 0.4719
54 0.5376
55 0.5145
56 0.5106
57 0.4976
58 0.4964
59 0.5254
60 0.5336
61 0.5284
62 0.5262
63 0.4933
64 0.5166
65 0.5214
66 0.5172
67 0.5331
68 0.526
69 0.5422
70 0.5045
71 0.518
72 0.5305
73 0.5395
74 0.4982
75 0.5061
76 0.4992
77 0.5063
78 0.5024
79 0.5127
80 0.5243
81 0.5067
82 0.4972
83 0.5382
84 0.526
85 0.5177
86 0.5314
87 0.4938
88 0.4907
89 0.5402
90 0.498
91 0.4947
92 0.513
93 0.5494
94 0.4928
95 0.5235
96 0.5468
97 0.4952
98 0.5057
99 0.5025
100 0.524
101 0.5235
102 0.518
103 0.531
104 0.518
105 0.5405
106 0.5296
107 0.5353
108 0.5211
109 0.5127
110 0.5254
