-956 95
-955 0
-954 0
-953 0
-952 95
-951 0
-950 0
-949 0
-948 0
-947 0
-946 0
-945 0
-944 0
-943 0
-942 0
-941 0
-940 0
-939 0
-938 0
-937 0
-936 0
-935 0
-934 0
-933 0
-932 0
-931 0
-930 0
-929 95
-928 0
-927 0
-926 0
-925 0
-924 0
-923 0
-922 0
-921 0
-920 0
-919 0
-918 0
-917 0
-916 0
-915 0
-914 0
-913 0
-912 0
-911 0
-910 0
-909 0
-908 0
-907 0
-906 0
-905 0
-904 0
-903 0
-902 0
-901 0
-900 0
-899 0
-898 0
-897 0
-896 0
-895 0
-894 0
-893 0
-892 0
-891 0
-890 0
-889 0
-888 0
-887 0
-886 0
-885 0
-884 0
-883 0
-882 0
-881 95
-880 0
-879 0
-878 0
-877 95
-876 0
-875 0
-874 0
-873 0
-872 0
-871 0
-870 0
-869 0
-868 0
-867 0
-866 0
-865 0
-864 0
-863 0
-862 0
-861 0
-860 0
-859 0
-858 0
-857 0
-856 0
-855 0
-854 95
-853 0
-852 0
-851 0
-850 0
-849 0
-848 0
-847 0
-846 0
-845 0
-844 0
-843 0
-842 0
-841 0
-840 0
-839 0
-838 0
-837 0
-836 0
-835 0
-834 0
-833 0
-832 0
-831 0
-830 0
-829 0
-828 0
-827 0
-826 0
-825 0
-824 95
-823 0
-822 0
-821 0
-820 0
-819 0
-818 0
-817 0
-816 95
-815 0
-814 0
-813 0
-812 0
-811 0
-810 0
-809 0
-808 95
-807 0
-806 0
-805 0
-804 0
-803 0
-802 0
-801 0
-800 0
-799 0
-798 0
-797 0
-796 0
-795 0
-794 0
-793 0
-792 0
-791 0
-790 0
-789 0
-788 0
-787 0
-786 0
-785 0
-784 0
-783 0
-782 0
-781 0
-780 0
-779 95
-778 0
-777 0
-776 95
-775 0
-774 95
-773 0
-772 0
-771 0
-770 0
-769 0
-768 0
-767 0
-766 0
-765 0
-764 0
-763 0
-762 0
-761 0
-760 0
-759 0
-758 0
-757 0
-756 0
-755 0
-754 95
-753 95
-752 0
-751 0
-750 0
-749 0
-748 0
-747 0
-746 0
-745 95
-744 190
-743 95
-742 0
-741 0
-740 0
-739 0
-738 0
-737 0
-736 0
-735 0
-734 0
-733 0
-732 0
-731 0
-730 0
-729 0
-728 0
-727 0
-726 0
-725 0
-724 0
-723 0
-722 0
-721 0
-720 0
-719 0
-718 0
-717 0
-716 0
-715 0
-714 0
-713 0
-712 0
-711 0
-710 0
-709 0
-708 0
-707 0
-706 0
-705 95
-704 0
-703 95
-702 0
-701 0
-700 0
-699 0
-698 0
-697 95
-696 0
-695 0
-694 0
-693 0
-692 0
-691 0
-690 0
-689 0
-688 0
-687 0
-686 0
-685 0
-684 0
-683 95
-682 0
-681 0
-680 0
-679 0
-678 95
-677 0
-676 95
-675 0
-674 190
-673 0
-672 0
-671 0
-670 0
-669 0
-668 0
-667 0
-666 0
-665 95
-664 95
-663 0
-662 0
-661 0
-660 0
-659 95
-658 0
-657 0
-656 0
-655 0
-654 95
-653 0
-652 0
-651 190
-650 0
-649 0
-648 0
-647 0
-646 95
-645 0
-644 0
-643 0
-642 95
-641 0
-640 0
-639 0
-638 0
-637 0
-636 0
-635 0
-634 190
-633 0
-632 95
-631 95
-630 0
-629 190
-628 0
-627 0
-626 0
-625 0
-624 0
-623 0
-622 0
-621 0
-620 0
-619 0
-618 95
-617 0
-616 0
-615 0
-614 0
-613 95
-612 95
-611 0
-610 0
-609 0
-608 0
-607 95
-606 95
-605 0
-604 0
-603 0
-602 95
-601 0
-600 0
-599 0
-598 0
-597 95
-596 95
-595 0
-594 0
-593 95
-592 0
-591 95
-590 0
-589 0
-588 0
-587 95
-586 0
-585 0
-584 0
-583 95
-582 0
-581 95
-580 0
-579 0
-578 0
-577 0
-576 0
-575 95
-574 0
-573 0
-572 0
-571 0
-570 0
-569 0
-568 0
-567 0
-566 0
-565 190
-564 0
-563 0
-562 0
-561 95
-560 190
-559 0
-558 0
-557 95
-556 0
-555 0
-554 0
-553 0
-552 0
-551 0
-550 285
-549 95
-548 0
-547 190
-546 95
-545 190
-544 0
-543 0
-542 95
-541 0
-540 0
-539 95
-538 0
-537 0
-536 0
-535 190
-534 0
-533 0
-532 0
-531 0
-530 0
-529 0
-528 95
-527 0
-526 95
-525 95
-524 0
-523 0
-522 0
-521 0
-520 0
-519 0
-518 0
-517 95
-516 0
-515 190
-514 95
-513 0
-512 0
-511 0
-510 0
-509 0
-508 0
-507 95
-506 190
-505 0
-504 95
-503 95
-502 95
-501 95
-500 95
-499 0
-498 0
-497 0
-496 0
-495 95
-494 95
-493 95
-492 95
-491 0
-490 0
-489 95
-488 190
-487 0
-486 0
-485 95
-484 0
-483 0
-482 190
-481 0
-480 95
-479 0
-478 95
-477 95
-476 0
-475 0
-474 95
-473 0
-472 95
-471 0
-470 0
-469 190
-468 95
-467 0
-466 0
-465 95
-464 0
-463 0
-462 190
-461 95
-460 0
-459 0
-458 0
-457 190
-456 0
-455 190
-454 190
-453 95
-452 0
-451 95
-450 0
-449 0
-448 0
-447 0
-446 0
-445 0
-444 190
-443 0
-442 0
-441 190
-440 285
-439 0
-438 285
-437 95
-436 0
-435 190
-434 95
-433 95
-432 95
-431 190
-430 95
-429 190
-428 0
-427 95
-426 0
-425 0
-424 95
-423 190
-422 190
-421 0
-420 0
-419 190
-418 0
-417 0
-416 0
-415 285
-414 95
-413 95
-412 0
-411 190
-410 190
-409 190
-408 95
-407 190
-406 190
-405 95
-404 190
-403 190
-402 0
-401 95
-400 190
-399 0
-398 95
-397 95
-396 190
-395 190
-394 0
-393 95
-392 190
-391 285
-390 0
-389 0
-388 95
-387 0
-386 760
-385 0
-384 95
-383 95
-382 95
-381 285
-380 190
-379 285
-378 0
-377 190
-376 95
-375 0
-374 95
-373 95
-372 190
-371 95
-370 95
-369 0
-368 0
-367 95
-366 190
-365 95
-364 475
-363 475
-362 95
-361 95
-360 95
-359 95
-358 0
-357 95
-356 95
-355 0
-354 380
-353 95
-352 95
-351 0
-350 380
-349 95
-348 380
-347 0
-346 190
-345 0
-344 95
-343 95
-342 190
-341 0
-340 190
-339 190
-338 285
-337 190
-336 95
-335 95
-334 0
-333 380
-332 0
-331 95
-330 0
-329 475
-328 190
-327 95
-326 285
-325 190
-324 665
-323 475
-322 190
-321 0
-320 95
-319 190
-318 475
-317 190
-316 95
-315 285
-314 285
-313 190
-312 380
-311 0
-310 0
-309 95
-308 285
-307 380
-306 285
-305 380
-304 285
-303 285
-302 0
-301 285
-300 190
-299 95
-298 0
-297 0
-296 95
-295 285
-294 95
-293 190
-292 285
-291 475
-290 285
-289 190
-288 95
-287 285
-286 380
-285 285
-284 95
-283 380
-282 190
-281 95
-280 190
-279 570
-278 665
-277 190
-276 190
-275 380
-274 475
-273 190
-272 190
-271 855
-270 0
-269 380
-268 190
-267 285
-266 570
-265 95
-264 190
-263 190
-262 475
-261 475
-260 760
-259 285
-258 190
-257 665
-256 475
-255 570
-254 475
-253 570
-252 665
-251 190
-250 665
-249 190
-248 570
-247 190
-246 570
-245 285
-244 475
-243 190
-242 380
-241 475
-240 475
-239 760
-238 380
-237 475
-236 570
-235 760
-234 380
-233 190
-232 475
-231 380
-230 1045
-229 570
-228 475
-227 665
-226 95
-225 475
-224 760
-223 285
-222 665
-221 285
-220 0
-219 855
-218 950
-217 475
-216 475
-215 190
-214 475
-213 380
-212 380
-211 855
-210 570
-209 570
-208 380
-207 190
-206 380
-205 1045
-204 570
-203 665
-202 380
-201 855
-200 570
-199 570
-198 570
-197 475
-196 665
-195 760
-194 380
-193 1045
-192 855
-191 760
-190 1140
-189 380
-188 855
-187 475
-186 475
-185 1045
-184 665
-183 760
-182 1235
-181 1045
-180 760
-179 665
-178 855
-177 1045
-176 760
-175 855
-174 1330
-173 380
-172 1235
-171 1045
-170 1140
-169 855
-168 570
-167 760
-166 855
-165 950
-164 855
-163 665
-162 665
-161 1045
-160 1235
-159 950
-158 760
-157 380
-156 1140
-155 950
-154 1140
-153 1045
-152 760
-151 1805
-150 950
-149 1235
-148 1615
-147 1045
-146 1425
-145 1425
-144 1140
-143 950
-142 855
-141 1520
-140 855
-139 950
-138 1710
-137 855
-136 1045
-135 950
-134 1140
-133 1615
-132 665
-131 1140
-130 1995
-129 950
-128 1900
-127 1520
-126 1235
-125 1520
-124 1615
-123 1615
-122 2280
-121 1330
-120 2280
-119 1045
-118 1520
-117 1520
-116 1425
-115 1235
-114 2470
-113 2090
-112 3040
-111 2375
-110 2755
-109 2470
-108 1520
-107 1805
-106 2375
-105 2375
-104 2185
-103 1805
-102 1710
-101 2470
-100 1330
-99 3420
-98 2280
-97 1900
-96 3135
-95 2470
-94 2280
-93 3610
-92 2850
-91 2945
-90 2565
-89 2850
-88 2755
-87 3325
-86 3040
-85 3230
-84 3610
-83 4465
-82 4275
-81 4560
-80 2470
-79 3325
-78 2850
-77 3800
-76 3325
-75 3420
-74 3800
-73 4180
-72 3610
-71 4180
-70 3705
-69 4465
-68 4180
-67 5700
-66 4940
-65 4370
-64 6365
-63 5415
-62 5415
-61 5225
-60 5415
-59 6270
-58 6555
-57 5985
-56 5510
-55 6650
-54 7885
-53 7505
-52 8930
-51 4560
-50 7600
-49 7410
-48 8550
-47 7315
-46 9215
-45 9215
-44 9215
-43 7315
-42 7315
-41 9120
-40 11400
-39 13395
-38 10640
-37 11210
-36 11780
-35 14060
-34 11780
-33 15295
-32 15675
-31 15960
-30 16815
-29 15960
-28 18905
-27 19570
-26 21470
-25 22135
-24 22135
-23 21755
-22 22895
-21 26980
-20 30115
-19 35435
-18 32965
-17 39235
-16 43890
-15 42085
-14 49115
-13 56525
-12 59755
-11 68685
-10 79610
-9 85405
-8 102885
-7 124735
-6 158745
-5 198645
-4 263815
-3 382280
-2 638020
-1 1450080
0 8909955
1 66891495
2 9492780
3 1269865
4 602300
5 369645
6 263910
7 198265
8 148010
9 127870
10 109820
11 89775
12 75525
13 66785
14 60230
15 57000
16 45790
17 43320
18 41610
19 38380
20 34200
21 32585
22 30875
23 29355
24 22895
25 24320
26 23940
27 20425
28 20520
29 19475
30 17765
31 18145
32 17100
33 15770
34 15010
35 12825
36 13110
37 10640
38 12825
39 11495
40 10640
41 10165
42 11305
43 9025
44 10070
45 10070
46 8835
47 8360
48 9690
49 7790
50 8835
51 7220
52 7220
53 6270
54 7790
55 6935
56 7790
57 6745
58 5130
59 6270
60 6555
61 6365
62 5700
63 4845
64 5985
65 6270
66 4940
67 5130
68 4655
69 4275
70 4275
71 4085
72 4655
73 3705
74 4085
75 3800
76 3895
77 4180
78 3610
79 4180
80 3325
81 4085
82 2850
83 3325
84 3800
85 2470
86 2755
87 2755
88 3040
89 3040
90 2945
91 2660
92 2470
93 2375
94 3990
95 3705
96 2375
97 2185
98 2375
99 2945
100 2945
101 2090
102 2565
103 2660
104 2090
105 2660
106 2280
107 1615
108 2945
109 1615
110 2280
111 1995
112 1995
113 2280
114 1710
115 1995
116 2660
117 950
118 1995
119 1140
120 1995
121 1140
122 1805
123 1425
124 2090
125 1330
126 1520
127 1520
128 1995
129 1045
130 1140
131 1425
132 1710
133 1615
134 950
135 1140
136 1140
137 1900
138 855
139 760
140 1615
141 855
142 950
143 1045
144 1710
145 1330
146 1045
147 1140
148 1045
149 950
150 1235
151 1330
152 1235
153 855
154 665
155 1140
156 1140
157 855
158 855
159 1045
160 855
161 855
162 1140
163 950
164 1140
165 855
166 1235
167 570
168 570
169 1045
170 570
171 760
172 760
173 1045
174 665
175 950
176 380
177 475
178 950
179 570
180 1140
181 855
182 475
183 380
184 855
185 760
186 475
187 760
188 190
189 855
190 570
191 665
192 855
193 190
194 665
195 950
196 760
197 570
198 1045
199 1235
200 950
201 380
202 475
203 855
204 760
205 285
206 570
207 190
208 475
209 475
210 760
211 1140
212 380
213 760
214 760
215 760
216 475
217 190
218 760
219 570
220 760
221 380
222 570
223 475
224 760
225 475
226 380
227 475
228 665
229 285
230 190
231 95
232 855
233 380
234 190
235 475
236 190
237 855
238 380
239 475
240 855
241 380
242 285
243 570
244 570
245 380
246 285
247 475
248 380
249 190
250 570
251 95
252 285
253 475
254 380
255 285
256 475
257 285
258 380
259 190
260 570
261 475
262 380
263 475
264 95
265 475
266 475
267 380
268 475
269 570
270 570
271 475
272 190
273 380
274 665
275 570
276 285
277 570
278 95
279 285
280 285
281 95
282 285
283 95
284 190
285 285
286 475
287 570
288 475
289 285
290 285
291 190
292 285
293 475
294 190
295 0
296 285
297 475
298 95
299 0
300 190
301 380
302 380
303 190
304 380
305 285
306 95
307 95
308 285
309 380
310 475
311 190
312 0
313 190
314 0
315 190
316 190
317 190
318 475
319 475
320 285
321 570
322 285
323 190
324 95
325 190
326 190
327 0
328 0
329 0
330 285
331 190
332 95
333 190
334 190
335 190
336 190
337 380
338 95
339 0
340 190
341 285
342 190
343 190
344 475
345 95
346 95
347 475
348 95
349 285
350 190
351 190
352 570
353 190
354 190
355 95
356 0
357 0
358 190
359 95
360 190
361 95
362 380
363 95
364 285
365 380
366 190
367 95
368 285
369 285
370 95
371 0
372 95
373 285
374 95
375 95
376 380
377 285
378 380
379 0
380 190
381 0
382 95
383 190
384 0
385 95
386 190
387 190
388 190
389 95
390 95
391 95
392 0
393 190
394 0
395 190
396 95
397 95
398 190
399 95
400 190
401 95
402 190
403 95
404 190
405 0
406 95
407 95
408 95
409 0
410 190
411 95
412 95
413 95
414 95
415 0
416 95
417 190
418 0
419 0
420 190
421 0
422 285
423 95
424 0
425 95
426 0
427 95
428 0
429 0
430 285
431 0
432 0
433 0
434 0
435 0
436 95
437 95
438 95
439 190
440 95
441 0
442 0
443 95
444 0
445 0
446 190
447 95
448 95
449 190
450 0
451 95
452 0
453 190
454 95
455 95
456 190
457 95
458 190
459 0
460 95
461 0
462 190
463 0
464 95
465 0
466 95
467 95
468 95
469 95
470 95
471 0
472 95
473 95
474 0
475 0
476 0
477 190
478 95
479 0
480 0
481 0
482 0
483 95
484 95
485 95
486 95
487 0
488 0
489 0
490 0
491 190
492 0
493 0
494 95
495 0
496 190
497 95
498 0
499 95
500 0
501 0
502 95
503 95
504 0
505 95
506 0
507 190
508 0
509 95
510 0
511 95
512 95
513 95
514 0
515 0
516 0
517 0
518 95
519 0
520 0
521 95
522 0
523 0
524 190
525 95
526 0
527 0
528 95
529 0
530 0
531 95
532 0
533 190
534 0
535 0
536 0
537 0
538 0
539 0
540 190
541 95
542 190
543 0
544 0
545 190
546 95
547 0
548 0
549 95
550 0
551 0
552 0
553 0
554 95
555 95
556 95
557 95
558 95
559 0
560 95
561 95
562 95
563 95
564 0
565 0
566 0
567 0
568 0
569 95
570 0
571 0
572 0
573 0
574 95
575 95
576 0
577 0
578 0
579 0
580 0
581 0
582 0
583 0
584 0
585 95
586 0
587 0
588 0
589 95
590 0
591 190
592 0
593 95
594 0
595 0
596 95
597 0
598 0
599 95
600 0
601 0
602 0
603 0
604 0
605 95
606 0
607 0
608 95
609 95
610 0
611 0
612 0
613 0
614 0
615 0
616 95
617 0
618 0
619 0
620 0
621 0
622 0
623 0
624 0
625 0
626 0
627 95
628 0
629 0
630 95
631 0
632 0
633 0
634 0
635 0
636 0
637 0
638 0
639 0
640 0
641 0
642 0
643 0
644 0
645 95
646 0
647 0
648 0
649 0
650 0
651 0
652 0
653 0
654 0
655 0
656 0
657 190
658 0
659 0
660 95
661 0
662 0
663 95
664 95
665 0
666 95
667 0
668 0
669 0
670 0
671 0
672 0
673 0
674 0
675 95
676 0
677 0
678 0
679 95
680 0
681 95
682 0
683 0
684 95
685 0
686 0
687 0
688 0
689 0
690 0
691 0
692 0
693 0
694 0
695 0
696 0
697 0
698 0
699 0
700 0
701 95
702 95
703 0
704 0
705 0
706 95
707 0
708 0
709 95
710 0
711 0
712 0
713 0
714 0
715 0
716 0
717 0
718 0
719 0
720 0
721 0
722 0
723 0
724 0
725 0
726 0
727 0
728 0
729 0
730 95
731 0
732 0
733 0
734 0
735 0
736 95
737 0
738 0
739 190
740 0
741 0
742 0
743 0
744 0
745 0
746 0
747 0
748 95
749 0
750 0
751 0
752 95
753 0
754 0
755 0
756 0
757 0
758 0
759 0
760 0
761 0
762 95
763 95
764 0
765 0
766 0
767 0
768 0
769 0
770 95
771 0
772 0
773 0
774 0
775 0
776 95
777 0
778 0
779 0
780 0
781 0
782 0
783 0
784 0
785 0
786 0
787 0
788 0
789 0
790 0
791 0
792 0
793 95
794 0
795 0
796 0
797 0
798 0
799 0
800 0
801 0
802 0
803 0
804 0
805 0
806 0
807 0
808 0
809 0
810 0
811 0
812 0
813 0
814 0
815 0
816 0
817 95
818 0
819 0
820 0
821 95
822 0
823 0
824 0
825 0
826 95
827 0
828 0
829 0
830 95
831 0
832 0
833 0
834 0
835 95
836 0
837 0
838 0
839 0
840 0
841 0
842 0
843 0
844 0
845 0
846 0
847 0
848 0
849 0
850 0
851 0
852 0
853 0
854 0
855 0
856 0
857 0
858 0
859 0
860 0
861 0
862 0
863 0
864 0
865 0
866 0
867 0
868 0
869 0
870 0
871 0
872 0
873 0
874 0
875 0
876 95
877 0
878 0
879 0
880 0
881 95
882 0
883 0
884 0
885 0
886 0
887 0
888 0
889 0
890 0
891 0
892 0
893 0
894 0
895 0
896 0
897 0
898 0
899 0
900 0
901 0
902 0
903 0
904 0
905 0
906 0
907 0
908 0
909 0
910 0
911 0
912 0
913 0
914 0
915 0
916 0
917 0
918 0
919 0
920 0
921 95
922 0
923 0
924 0
925 95
926 0
927 0
928 0
929 0
930 0
931 0
932 0
933 0
934 0
935 0
936 0
937 0
938 0
939 0
940 0
941 95
942 0
943 0
944 0
945 0
946 0
947 0
948 0
949 0
950 0
951 0
952 0
953 0
954 0
955 0
956 0
957 0
958 0
959 0
960 0
961 0
962 0
963 0
964 0
965 0
966 0
967 95
968 0
969 0
970 0
971 0
972 0
973 0
974 0
975 0
976 0
977 0
978 0
979 0
980 0
981 0
982 0
983 0
984 0
985 0
986 0
987 0
988 0
989 0
990 0
991 0
992 0
993 0
994 0
995 0
996 0
997 0
998 0
999 0
1000 0
1001 0
1002 0
1003 0
1004 0
1005 0
1006 0
1007 0
1008 0
1009 0
1010 0
1011 0
1012 0
1013 0
1014 0
1015 0
1016 0
1017 0
1018 0
1019 0
1020 0
1021 0
1022 0
1023 0
1024 0
1025 0
1026 0
1027 0
1028 0
1029 0
1030 0
1031 0
1032 0
1033 0
1034 0
1035 0
1036 0
1037 0
1038 95
