2 0.4910068224105851
3 0.4861015391683896
4 0.4922533297091601
5 0.49026654687032045
6 0.4921273031825796
7 0.48707681106661815
8 0.4926674593737614
9 0.4951126221844454
10 0.49451994739149496
11 0.4940867279894875
12 0.5073529411764706
13 0.4888211382113821
14 0.5059616381544841
15 0.515353121801433
16 0.5005219206680585
17 0.5110606920022689
18 0.4876760563380282
19 0.4883863080684597
20 0.46553966189856955
21 0.5031098825155494
22 0.4889364739471806
23 0.48250728862973763
24 0.5115740740740741
25 0.512937595129376
26 0.5112781954887218
27 0.4937007874015748
28 0.489191353082466
29 0.4966499162479062
30 0.5016447368421053
31 0.4916003536693192
32 0.5044091710758377
33 0.5035460992907801
34 0.4932371505861136
35 0.48864668483197093
36 0.5311091073038774
37 0.47597864768683273
38 0.49907407407407406
39 0.49316317228805834
40 0.5150925024342746
41 0.5004935834155972
42 0.49027635619242577
43 0.49242424242424243
44 0.5138004246284501
45 0.4635149023638232
46 0.5116279069767442
47 0.49069003285870755
48 0.502127659574468
49 0.509656652360515
50 0.4609375
51 0.5103280680437424
52 0.5083732057416268
53 0.5310262529832935
54 0.5006150061500615
55 0.5134803921568627
56 0.5036407766990292
57 0.5380047505938242
58 0.534698521046644
59 0.52329360780065
60 0.5091891891891892
61 0.5016910935738444
62 0.5406032482598608
63 0.4842696629213483
64 0.4988235294117647
65 0.4767580452920143
66 0.49210206561360875
67 0.5191441441441441
68 0.4818523153942428
69 0.5044136191677175
70 0.4878048780487805
71 0.5111111111111111
72 0.5206812652068127
73 0.49747474747474746
74 0.49731182795698925
75 0.4947839046199702
76 0.5022156573116692
77 0.49144634525660963
78 0.516546762589928
79 0.5006954102920723
80 0.4823695345557123
81 0.4919786096256685
82 0.4879089615931721
83 0.4532710280373832
84 0.5
85 0.4960505529225908
86 0.5
87 0.4911147011308562
88 0.5100154083204931
89 0.4577114427860697
90 0.5121951219512195
91 0.5082236842105263
92 0.4782608695652174
93 0.488245931283906
94 0.5352112676056338
95 0.49822695035460995
96 0.5082568807339449
97 0.49343339587242024
98 0.5129118432769367
