0 0.5584
1 0.5675
2 0.5608
3 0.5591
4 0.5535
5 0.5542
6 0.5586
7 0.5577
8 0.5638
9 0.5565
10 0.5562
11 0.5622
12 0.5639
13 0.5638
14 0.5623
15 0.5647
16 0.5639
17 0.5654
18 0.5668
19 0.5599
20 0.5631
21 0.5602
22 0.566
23 0.5616
24 0.5643
25 0.5569
26 0.5596
27 0.5609
28 0.5596
29 0.5603
30 0.5565
31 0.5568
32 0.564
33 0.5593
34 0.5561
35 0.56
36 0.5606
37 0.5593
38 0.5562
39 0.5517
40 0.5582
41 0.5617
42 0.5577
43 0.5606
44 0.5599
45 0.5569
46 0.5596
47 0.5543
48 0.5588
49 0.5644
50 0.5662
51 0.5636
52 0.5602
53 0.5633
54 0.5526
55 0.5652
56 0.5614
57 0.5606
58 0.5605
59 0.5665
60 0.5569
61 0.5607
62 0.5638
63 0.5629
64 0.5591
65 0.5643
66 0.5557
67 0.5611
68 0.5597
69 0.5571
70 0.5634
71 0.5647
72 0.5575
73 0.5583
74 0.5596
75 0.5539
76 0.5595
77 0.5587
78 0.5645
79 0.5552
80 0.5581
81 0.5542
82 0.5593
83 0.5602
84 0.5601
85 0.5609
86 0.5596
87 0.5631
88 0.5631
89 0.5621
90 0.5563
91 0.5617
92 0.5559
93 0.56
94 0.5618
95 0.5549
96 0.5575
97 0.5614
98 0.5624
99 0.5674
100 0.5541
101 0.5621
102 0.5595
103 0.5614
104 0.5587
105 0.5616
106 0.5617
107 0.5603
108 0.5605
109 0.554
110 0.5598
