1 0.1326076233958475
2 0.07701829753520026
3 0.050005869144466045
4 0.03737585125194525
5 0.026950490063662243
6 0.022071054028814742
7 0.017109495798244716
8 0.014483959140203699
9 0.01211631089667168
10 0.010303828982087353
11 0.008811934329921552
12 0.007879893166735843
13 0.00799312364848644
14 0.006702131516563875
15 0.005224578648720057
16 0.0055893518291325614
17 0.00518869649130652
18 0.004387591688846599
19 0.004301554153560796
20 0.004013730710184397
21 0.00359610985074492
22 0.00392654978147064
23 0.0030568513046162348
24 0.0032267104791167756
25 0.0027185795902100953
26 0.0030243332458651326
27 0.002854072805825352
28 0.002533615834044528
29 0.0017796688251730858
30 0.0024088756432584396
31 0.0021054404248172023
32 0.0019816173566212934
33 0.0018810063599242408
34 0.001893558586870404
35 0.002035423760822194
36 0.0019163864144875783
37 0.001533454795418958
38 0.0016550993591167953
39 0.001549336387683276
40 0.0014309986150170336
41 0.0012396663641799821
42 0.0011573111135548156
43 0.0012392936264557556
44 0.0008690278143246976
45 0.0009075476263653869
46 0.0009706073137983616
47 0.0009341989379320292
48 0.0009211679325228475
49 0.0008958678725250942
50 0.0010205427370150544
51 0.0006979699310927009
52 0.001254788379880323
53 0.0011047903348671393
54 0.0008616789637223258
55 0.0009006586247235076
56 0.0007048776151173385
57 0.0008481679305333077
58 0.0006693134919309737
59 0.000676260362252569
60 0.0005549155286535942
61 0.0005226201373874686
62 0.0008129661082852036
63 0.000782728369028361
64 0.0006156283719906023
65 0.000542927283189564
66 0.0005130810042572706
67 0.0007808775553959531
68 0.0005819376451890302
69 0.0006595289189448121
70 0.0005697857900427793
71 0.0004988489169184013
72 0.0004850251179491638
73 0.0005809617236975163
74 0.0005523097339078476
75 0.0005453028137518795
76 0.0005315480818145087
77 0.00041206540185946355
78 0.0004331087518877567
79 0.00044130001802046765
80 0.00047819913200457633
81 0.00023208169134512443
82 0.00033839735549208623
83 0.00043689243709159917
84 0.000395966246674826
85 0.0003425910131590511
86 0.0002749812963876123
87 0.00042141390459064234
88 0.0002665972775674851
89 0.0003422865086267881
90 0.0005488554589555655
91 0.00028061431267944125
92 0.0005473896151816754
93 0.00030134910910635835
94 0.0004334359469036342
95 0.0004587862553533389
96 0.0002869541730616835
97 0.0001182650040507564
98 0.0002562866116720679
99 0.00040762013860134446
100 0.00023019412991341786
101 0.00027463705244044125
102 0.00022876915832436645
103 0.00014551949202451072
104 0.0002018898342017915
105 0.00029200136234033136
106 0.0002917379599329976
107 0.00041464546849389293
108 0.00022583588743437742
109 0.00021095199115993786
110 0.00043766892053731255
111 0.00020434091823721086
112 0.0004922346250436859
113 0.000275620287812849
114 0.0003019379172510662
115 0.00037012035670143926
116 0.00031149226689573817
117 0.00017402060311531793
118 0.0002893834060952911
119 0.00020034516620425147
120 0.00024035687037437522
121 0.00012017684565799844
122 0.0002342965248867754
123 0.00023829777376270712
124 0.00011822365555884826
125 0.0002931437617307077
126 0.00025833934780824483
127 0.00020486913584682892
128 0.000232584666717168
129 0.00022760839407479357
130 0.00017271345747352606
131 0.00020279791248240694
132 0.00035481075457436594
133 0.000173859253017232
134 0.00026503498851656253
135 0.00013989120023124565
136 0.00020285037452760335
137 3.091763541924314e-05
138 0.00011490165567072143
139 0.0001763671875240599
140 0.0002113213129255289
141 0.0002454932210091791
142 0.0002805651490975369
143 0.0001783022167284829
144 0.0002627680589120365
145 0.00017226395809522138
146 0.00023179936172048268
147 0.00013954460645654386
148 8.631608476379679e-05
149 0.00011763597346736842
150 0.00010588422623756604
151 0.0002925821164735375
152 5.9800841050841056e-05
153 0.00023514709174873603
154 0.0001528564976321976
155 0.00014357159694108114
156 0.00023337606835598402
157 0.00013786111606838616
158 0.000121137400495744
159 8.580633076600818e-05
160 0.00012023676064521017
161 0.00011169466716110986
162 0.00014416582269453177
163 2.8617216117216117e-05
164 0.00011577602804973854
165 0.00019628203565294649
166 0.00023184055449789777
167 0.00014434148282109935
168 2.8875028875028874e-05
169 0.00010766917100982455
170 0.00014054690697560914
171 0.0001703708896730045
172 8.507608063053642e-05
173 5.606638259699484e-05
174 9.371158976419878e-05
175 5.7341252749987354e-05
176 5.6487896161809206e-05
177 8.650107404084075e-05
178 8.810279591077054e-05
179 0.00014262165074268159
180 8.988411287736327e-05
181 0.00025762314024616007
182 6.0825876043267355e-05
183 5.4956270510465245e-05
184 6.18410252168214e-05
185 8.588288457741059e-05
186 9.181990310052924e-05
187 6.0154898864576284e-05
188 5.6487896161809206e-05
189 8.227113982422669e-05
190 0.00011590074821680173
191 6.552920096508657e-05
192 8.885996879552527e-05
193 5.5302722985649816e-05
194 8.483703796203796e-05
195 5.81976854754073e-05
196 5.9601014046310075e-05
197 5.7783407659338184e-05
198 9.380204110230794e-05
199 8.893834596353977e-05
200 2.478191911181602e-05
201 2.7472527472527473e-05
202 0.00014086543642560112
203 8.719253784251377e-05
204 8.304973211591035e-05
205 8.285018375405506e-05
206 2.8197608842770133e-05
207 0.00011774335628637433
208 9.013484278297309e-05
209 6.165352180699863e-05
210 0.00011368089206791258
211 8.251241666460676e-05
212 0.00014792619052254077
213 3.483835005574136e-05
214 5.247627986357883e-05
215 8.1182706575812e-05
216 8.393043031384237e-05
217 0.00011252115592872363
218 0.00011172448944074975
219 3.1629554655870446e-05
220 5.5232675745791255e-05
221 0.00011221428372591164
222 3.1017369727047146e-05
223 3.0048076923076925e-05
224 0.0
225 6.57443017865397e-05
226 0.00014758635608872362
227 0.0
228 5.474259300789913e-05
229 5.47292962886842e-05
230 5.6487896161809206e-05
231 0.0
232 0.0
233 3.121878121878122e-05
234 0.00011471801503397696
235 9.329917774733828e-05
236 6.0866617357001976e-05
237 6.0154898864576284e-05
238 5.585734148155334e-05
239 2.678380115706021e-05
240 5.654252662231385e-05
241 2.8197608842770133e-05
242 2.7085590465872156e-05
243 5.962027606218229e-05
244 0.0
245 5.528530688471633e-05
246 5.795765599687168e-05
247 8.597180197550226e-05
248 0.0
249 5.11586899021454e-05
250 9.183719798873587e-05
251 0.0
252 2.7316433566433566e-05
253 8.615055483822935e-05
254 8.879879448909302e-05
255 5.8270249837442756e-05
256 2.811515969410706e-05
257 2.922609305588029e-05
258 3.0048076923076925e-05
259 5.575651860481582e-05
260 2.8875028875028874e-05
261 0.0
262 2.8617216117216117e-05
263 5.5475832361307226e-05
264 0.0
265 2.9677113010446342e-05
266 0.00014678651650396705
267 5.6365933915027574e-05
268 8.703156996900724e-05
269 2.723904990193942e-05
270 8.752264790960807e-05
271 8.971499121470584e-05
272 5.2549361941627136e-05
273 8.82235397431562e-05
274 2.8447883477469277e-05
275 2.8617216117216117e-05
276 5.7513377185508334e-05
277 6.096081195550691e-05
278 2.6271542664985288e-05
279 2.523722996163941e-05
280 8.653597308488613e-05
281 0.0
282 0.0
283 2.5171163914619413e-05
284 0.00012472737937075507
285 0.0
286 8.607238371582635e-05
287 5.956596146469564e-05
288 5.335238965574647e-05
289 2.787068004459309e-05
290 0.0
291 3.0048076923076925e-05
292 9.068911407368133e-05
293 3.1629554655870446e-05
294 0.0
295 5.771131847957154e-05
296 0.0
297 0.0
298 0.0
299 0.0
300 8.49470377742442e-05
301 0.0
302 0.0
303 5.7185877042716916e-05
304 0.0
305 5.3484559754755166e-05
306 2.811515969410706e-05
307 2.598752598752599e-05
308 0.0
309 2.8875028875028874e-05
310 0.0
311 6.0027089916647566e-05
312 5.548257081999413e-05
313 0.0001170315182427346
314 2.8617216117216117e-05
315 0.0
316 0.0
317 0.0
318 0.0
319 6.096571234232006e-05
320 8.509834332347154e-05
321 9.485615557075616e-05
322 0.0
323 2.787068004459309e-05
324 5.8190225873152705e-05
325 6.0191668273027905e-05
326 0.0
327 3.215847697453048e-05
328 0.0
329 0.0
330 6.155752959883008e-05
331 6.048907126069116e-05
332 0.0
333 3.0142271521581864e-05
334 0.0
335 0.0
336 3.0622243998040176e-05
337 5.446915150775543e-05
338 2.598752598752599e-05
339 9.655334281316682e-05
340 0.0
341 0.00011510429161054554
342 5.9908938413611307e-05
343 0.0
344 0.0
345 0.00011857318645106947
346 0.0
347 0.0
348 0.0
349 5.5475832361307226e-05
350 5.5908116592685106e-05
351 2.8875028875028874e-05
352 3.471257983893363e-05
353 0.0
354 0.0
355 2.678380115706021e-05
356 0.0
357 2.9137529137529138e-05
358 0.0
359 3.2484407484407486e-05
360 2.795169946332737e-05
361 2.9585798816568047e-05
362 3.1629554655870446e-05
363 5.660991287717807e-05
364 0.0
365 3.315649867374005e-05
366 2.9315196998123827e-05
367 6.442414887230941e-05
368 0.0
369 0.0
370 0.0
371 5.780117088410736e-05
372 9.096241054407154e-05
373 0.0
374 0.0
375 0.0
376 2.670940170940171e-05
377 2.9404845918607387e-05
378 0.0
379 0.0
380 2.9861442904921164e-05
381 3.0622243998040176e-05
382 0.0
383 2.9137529137529138e-05
384 2.8532298561972153e-05
385 9.221100120406242e-05
386 0.0
387 5.5996145381620246e-05
388 0.0
389 0.0
390 0.0
391 0.0
392 0.0
393 3.132047105988474e-05
394 0.0001232365467787847
395 5.4534694864883545e-05
396 2.922609305588029e-05
397 3.548112404200965e-05
398 2.8447883477469277e-05
399 6.311415322016028e-05
400 5.935931512541304e-05
401 0.0
402 3.121878121878122e-05
403 3.1525851197982345e-05
404 0.0
405 2.9768992617289833e-05
406 0.0
407 3.081854043392505e-05
408 0.0
409 3.0720078643401325e-05
410 8.436190149686235e-05
411 2.8617216117216117e-05
412 8.719759160226521e-05
413 0.0
414 5.583649388959123e-05
415 3.0142271521581864e-05
416 0.0
417 5.995693495693495e-05
418 0.0
419 8.750596784951655e-05
420 5.164053535590712e-05
421 2.803319129849742e-05
422 2.795169946332737e-05
423 0.0
424 3.0142271521581864e-05
425 2.787068004459309e-05
426 2.8532298561972153e-05
427 6.192832354595852e-05
428 0.0
429 0.0
430 3.0237058538945334e-05
431 8.58229941580194e-05
432 2.9954469206805653e-05
433 0.0
434 0.0
435 0.0
436 0.0
437 0.0
438 0.0
439 5.60098942129405e-05
440 0.0
441 0.0
442 2.8617216117216117e-05
443 0.0
444 2.9404845918607387e-05
445 0.0
446 0.0
447 2.5171163914619413e-05
448 3.6284470246734395e-05
449 6.509437364698265e-05
450 0.0
451 3.548112404200965e-05
452 0.0
453 3.315649867374005e-05
454 0.0
455 0.0
456 0.0
457 2.787068004459309e-05
458 0.0
459 0.0
460 2.5370407956159935e-05
461 0.0
462 9.330827531576287e-05
463 0.0
464 0.0
465 0.0
466 2.9677113010446342e-05
467 0.0
468 0.0
469 0.0
470 0.0
471 0.0
472 2.9315196998123827e-05
473 0.0
474 0.0
475 0.0
476 0.0
477 0.0
478 2.8197608842770133e-05
479 2.8875028875028874e-05
480 0.0
481 2.7472527472527473e-05
482 2.7472527472527473e-05
483 6.043901996095582e-05
484 3.0237058538945334e-05
485 2.803319129849742e-05
486 2.9585798816568047e-05
487 5.4620119390606575e-05
488 0.0
489 0.0
490 0.0
491 0.0
492 5.5233544518553414e-05
493 0.0
494 3.292939936775553e-05
495 0.0
496 0.0
497 2.6858616244091105e-05
498 0.0
499 2.9677113010446342e-05
500 2.5917478747667428e-05
501 3.091763541924314e-05
502 2.9585798816568047e-05
503 0.0
504 0.0
505 0.0
506 0.0
507 2.922609305588029e-05
508 0.0
509 0.0
510 0.0
511 0.0
512 0.0
513 0.0
514 0.0
515 0.0
516 0.0
517 0.0
518 3.215847697453048e-05
519 0.0
520 0.0
521 0.0
522 0.0
523 0.0
524 2.9585798816568047e-05
525 0.0
526 5.748086024213128e-05
527 0.0
528 0.0
529 0.0
530 0.0
531 0.0
532 0.0
533 0.0
534 0.0
535 0.0
536 0.0
537 0.0
538 2.6858616244091105e-05
539 0.0
540 0.0
541 0.0
542 0.0
543 0.0
544 0.0
545 0.0
546 0.0
547 0.0
548 3.194479938665985e-05
549 0.0
550 0.0
551 2.9404845918607387e-05
552 0.0
553 2.8617216117216117e-05
554 0.0
555 0.0
556 5.75560944613024e-05
557 0.0
558 0.0
559 0.0
560 8.954257587382658e-05
561 0.0
562 0.0
563 0.0
564 0.0
565 0.0
566 0.0
567 0.0
568 0.0
569 0.0
570 0.0
571 5.5899668676167525e-05
572 3.421845058855735e-05
573 0.0
574 0.0
575 2.7316433566433566e-05
576 0.0
577 0.0
578 0.0
579 0.0
580 0.0
581 0.0
582 0.0
583 2.787068004459309e-05
584 2.870264064293915e-05
585 0.0
586 0.0
587 0.0
588 3.0048076923076925e-05
589 2.803319129849742e-05
590 0.0
591 2.8447883477469277e-05
592 0.0
593 2.8875028875028874e-05
594 3.0720078643401325e-05
595 0.0
596 0.0
597 0.0
598 0.0
599 0.0
600 0.0
601 0.0
602 6.0002546129882575e-05
603 0.0
604 3.483835005574136e-05
605 0.0
606 0.0
607 2.828054298642534e-05
608 0.0
609 0.0
610 2.7472527472527473e-05
611 0.0
612 0.0
613 2.870264064293915e-05
614 0.0
615 3.132047105988474e-05
616 0.0
617 2.803319129849742e-05
618 0.0
619 3.6284470246734395e-05
620 2.9768992617289833e-05
621 3.2484407484407486e-05
622 0.0
623 2.9315196998123827e-05
624 2.723904990193942e-05
625 5.8590758687994414e-05
626 0.0
627 2.9768992617289833e-05
628 0.0
629 0.0
630 0.0
631 2.7316433566433566e-05
632 2.9677113010446342e-05
633 2.870264064293915e-05
634 3.471257983893363e-05
635 0.0
636 0.0
637 0.0
638 0.0
639 0.0
640 0.0
641 0.0
642 0.0
643 0.0
644 2.878857669276831e-05
645 0.0
646 6.365373709307749e-05
647 0.0
648 2.598752598752599e-05
649 0.0
650 0.0
651 0.0
652 0.0
653 0.0
654 0.0
655 0.0
656 0.0
657 0.0
658 0.0
659 2.803319129849742e-05
660 0.0
661 0.0
662 0.0
663 0.0
664 0.0
665 0.0
666 0.0
667 0.0
668 0.0
669 0.0
670 0.0
671 0.0
672 0.0
673 0.0
674 0.0
675 0.0
676 0.0
677 0.0
678 0.0
679 0.0
680 0.0
681 0.0
682 0.0
683 0.0
684 0.0
685 0.0
686 0.0
687 0.0
688 0.0
689 0.0
690 2.9768992617289833e-05
691 0.0
692 0.0
693 5.394845161134113e-05
694 2.9954469206805653e-05
695 0.0
696 0.0
697 0.0
698 0.0
699 0.0
700 2.828054298642534e-05
701 2.9585798816568047e-05
702 0.0
703 0.0
704 0.0
705 0.0
706 0.0
707 0.0
708 0.0
709 0.0
710 2.9768992617289833e-05
711 0.0
712 0.0
713 0.0
714 0.0
715 0.0
716 0.0
717 0.0
718 0.0
719 0.0
720 0.0
721 2.811515969410706e-05
722 0.0
723 0.0
724 0.0
725 6.009615384615385e-05
726 0.0
727 0.0
728 0.0
729 0.0
730 0.0
731 0.0
732 0.0
733 0.0
734 0.0
735 0.0
736 0.0
737 0.0
738 0.0
739 0.0
740 0.0
741 0.0
742 0.0
743 2.9404845918607387e-05
744 0.0
745 0.0
746 0.0
747 0.0
748 3.121878121878122e-05
749 0.0
750 0.0
751 0.0
752 0.0
753 0.0
754 0.0
755 0.0
756 0.0
757 0.0
758 0.0
759 0.0
760 0.0
761 0.0
762 0.0
763 0.0
764 0.0
765 0.0
766 0.0
767 0.0
768 0.0
769 0.0
770 2.723904990193942e-05
771 0.0
772 2.9404845918607387e-05
773 0.0
774 0.0
775 0.0
776 2.8617216117216117e-05
777 0.0
778 2.9315196998123827e-05
779 0.0
780 0.0
781 0.0
782 0.0
783 0.0
784 0.0
785 0.0
786 0.0
787 0.0
788 3.0048076923076925e-05
789 0.0
790 0.0
791 0.0
792 0.0
793 0.0
794 0.0
795 0.0
796 0.0
797 0.0
798 2.9954469206805653e-05
799 0.0
800 2.8617216117216117e-05
801 0.0
802 0.0
803 0.0
804 0.0
805 0.0
806 0.0
807 0.0
808 0.0
809 0.0
810 0.0
811 0.0
812 0.0
813 0.0
814 0.0
815 0.0
816 0.0
817 0.0
818 0.0
819 0.0
820 0.0
821 3.0622243998040176e-05
822 0.0
823 2.896200185356812e-05
824 0.0
825 0.0
826 0.0
827 5.8506237938645625e-05
828 3.1629554655870446e-05
829 0.0
830 0.0
831 0.0
832 0.0
833 0.0
834 2.678380115706021e-05
835 0.0
836 0.0
837 0.0
838 0.0
839 0.0
840 0.0
841 0.0
842 0.0
843 0.0
844 0.0
845 0.0
846 0.0
847 0.0
848 0.0
849 0.0
850 0.0
851 0.0
852 0.0
853 0.0
854 0.0
855 0.0
856 0.0
857 0.0
858 0.0
859 0.0
860 0.0
861 0.0
862 0.0
863 3.315649867374005e-05
864 0.0
865 0.0
866 0.0
867 0.0
868 0.0
869 0.0
870 0.0
871 0.0
872 0.0
873 0.0
874 0.0
875 0.0
876 0.0
877 0.0
878 3.397662408263115e-05
879 0.0
880 0.0
881 0.0
882 0.0
883 0.0
884 0.0
885 2.870264064293915e-05
886 0.0
887 0.0
888 0.0
889 0.0
890 0.0
891 0.0
892 0.0
893 0.0
894 0.0
895 0.0
896 0.0
897 0.0
898 3.0142271521581864e-05
899 0.0
900 2.9049500348594004e-05
901 0.0
902 0.0
903 0.0
904 0.0
905 0.0
906 0.0
907 0.0
908 0.0
909 0.0
910 2.5917478747667428e-05
911 0.0
912 0.0
913 0.0
914 0.0
915 0.0
916 0.0
917 0.0
918 3.0622243998040176e-05
919 0.0
920 0.0
921 0.0
922 0.0
923 0.0
924 2.678380115706021e-05
925 0.0
926 0.0
927 0.0
928 0.0
929 0.0
930 0.0
931 0.0
932 0.0
933 0.0
934 0.0
935 0.0
936 0.0
937 6.1020896030450495e-05
938 0.0
939 0.0
940 0.0
941 2.7316433566433566e-05
942 0.0
943 0.0
944 0.0
945 0.0
946 0.0
947 3.483835005574136e-05
948 0.0
949 0.0
950 0.0
951 0.0
952 0.0
953 0.0
954 0.0
955 0.0
956 0.0
957 0.0
958 0.0
959 0.0
960 0.0
961 0.0
962 0.0
963 0.0
964 0.0
965 0.0
966 0.0
967 0.0
968 2.6933850463262227e-05
969 0.0
970 0.0
971 0.0
972 0.0
973 0.0
974 0.0
975 0.0
976 0.0
977 0.0
978 0.0
979 0.0
980 0.0
981 0.0
982 0.0
983 0.0
984 0.0
985 2.7472527472527473e-05
986 0.0
987 0.0
988 0.0
989 0.0
990 0.0
991 3.471257983893363e-05
992 0.0
993 0.0
994 0.0
995 0.0
996 0.0
997 0.0
998 0.0
999 2.8617216117216117e-05
1000 0.0
1001 0.0
1002 0.0
1003 0.0
1004 0.0
1005 0.0
1006 0.0
1007 0.0
1008 0.0
1009 0.0
1010 0.0
1011 3.292939936775553e-05
1012 0.0
1013 0.0
1014 0.0
1015 0.0
1016 0.0
1017 0.0
1018 0.0
1019 0.0
1020 0.0
1021 0.0
1022 0.0
1023 0.0
1024 0.0
1025 0.0
1026 0.0
1027 0.0
1028 0.0
1029 3.548112404200965e-05
1030 0.0
1031 0.0
1032 0.0
1033 0.0
1034 0.0
1035 0.0
1036 0.0
1037 0.0
1038 0.0
1039 0.0
1040 0.0
1041 0.0
1042 0.0
1043 0.0
1044 0.0
1045 0.0
1046 0.0
1047 0.0
1048 0.0
1049 0.0
1050 0.0
1051 0.0
1052 0.0
1053 0.0
1054 0.0
1055 0.0
1056 0.0
1057 0.0
1058 0.0
1059 0.0
1060 0.0
1061 0.0
1062 2.787068004459309e-05
1063 0.0
1064 0.0
1065 3.1017369727047146e-05
1066 0.0
1067 0.0
1068 0.0
1069 0.0
1070 0.0
1071 0.0
1072 0.0
1073 0.0
1074 0.0
1075 0.0
1076 0.0
1077 0.0
1078 0.0
1079 0.0
1080 0.0
1081 0.0
1082 0.0
1083 0.0
1084 0.0
1085 0.0
1086 0.0
1087 0.0
1088 0.0
1089 0.0
1090 0.0
1091 0.0
1092 0.0
1093 0.0
1094 0.0
1095 0.0
1096 0.0
1097 0.0
1098 0.0
1099 0.0
1100 0.0
1101 0.0
1102 0.0
1103 0.0
1104 0.0
1105 0.0
1106 0.0
1107 0.0
1108 0.0
1109 0.0
1110 0.0
1111 0.0
1112 0.0
1113 0.0
1114 0.0
1115 0.0
1116 0.0
1117 0.0
1118 0.0
1119 0.0
1120 0.0
1121 0.0
1122 0.0
1123 0.0
1124 0.0
1125 0.0
1126 0.0
1127 0.0
1128 0.0
1129 0.0
1130 0.0
1131 0.0
1132 0.0
1133 0.0
1134 0.0
1135 0.0
1136 0.0
1137 0.0
1138 0.0
1139 0.0
1140 0.0
1141 0.0
1142 0.0
1143 0.0
1144 0.0
1145 0.0
1146 0.0
1147 0.0
1148 0.0
1149 0.0
1150 0.0
1151 0.0
1152 0.0
1153 0.0
1154 0.0
1155 3.421845058855735e-05
1156 0.0
1157 0.0
1158 0.0
1159 0.0
1160 0.0
1161 0.0
1162 0.0
1163 0.0
1164 0.0
1165 0.0
1166 0.0
1167 0.0
1168 0.0
1169 0.0
1170 0.0
1171 0.0
1172 3.0428432327166505e-05
1173 0.0
1174 0.0
1175 0.0
1176 0.0
1177 0.0
1178 0.0
1179 0.0
1180 0.0
1181 0.0
1182 0.0
1183 0.0
1184 0.0
1185 0.0
1186 0.0
1187 0.0
1188 0.0
1189 0.0
1190 0.0
1191 0.0
1192 0.0
1193 0.0
1194 0.0
1195 0.0
1196 0.0
1197 0.0
1198 0.0
1199 0.0
1200 0.0
1201 0.0
1202 0.0
1203 0.0
1204 0.0
1205 0.0
1206 0.0
1207 0.0
1208 0.0
1209 0.0
1210 0.0
1211 0.0
1212 0.0
1213 0.0
1214 0.0
1215 0.0
1216 0.0
1217 0.0
1218 0.0
1219 0.0
1220 0.0
1221 0.0
1222 0.0
1223 0.0
1224 0.0
1225 0.0
1226 0.0
1227 0.0
1228 0.0
1229 0.0
1230 0.0
1231 0.0
1232 0.0
1233 0.0
1234 0.0
1235 0.0
1236 0.0
1237 0.0
1238 0.0
1239 0.0
1240 0.0
1241 0.0
1242 0.0
1243 0.0
1244 0.0
1245 0.0
1246 0.0
1247 0.0
1248 0.0
1249 0.0
1250 0.0
1251 0.0
1252 0.0
1253 0.0
1254 0.0
1255 0.0
1256 0.0
1257 0.0
1258 0.0
1259 0.0
1260 0.0
1261 0.0
1262 2.723904990193942e-05
1263 0.0
1264 0.0
1265 0.0
1266 0.0
1267 0.0
1268 0.0
1269 0.0
1270 0.0
1271 0.0
1272 0.0
1273 0.0
1274 0.0
1275 0.0
1276 0.0
1277 0.0
1278 0.0
1279 0.0
1280 0.0
1281 0.0
1282 0.0
1283 0.0
1284 0.0
1285 0.0
1286 0.0
1287 0.0
1288 0.0
1289 0.0
1290 0.0
1291 0.0
1292 5.881464214797548e-05
1293 0.0
1294 0.0
1295 0.0
1296 0.0
1297 0.0
1298 0.0
1299 0.0
1300 0.0
1301 0.0
1302 0.0
1303 0.0
1304 0.0
1305 0.0
1306 0.0
1307 0.0
1308 0.0
1309 0.0
1310 0.0
1311 0.0
1312 0.0
1313 0.0
1314 0.0
1315 3.6284470246734395e-05
1316 0.0
1317 0.0
1318 0.0
1319 0.0
1320 0.0
1321 0.0
1322 0.0
1323 0.0
1324 0.0
1325 0.0
1326 0.0
1327 0.0
1328 0.0
1329 0.0
1330 0.0
1331 0.0
1332 0.0
1333 0.0
1334 0.0
1335 0.0
1336 0.0
1337 0.0
1338 0.0
1339 0.0
1340 0.0
1341 0.0
1342 0.0
1343 0.0
1344 0.0
1345 0.0
1346 0.0
1347 0.0
1348 0.0
1349 0.0
1350 0.0
1351 0.0
1352 0.0
1353 0.0
1354 0.0
1355 0.0
1356 0.0
1357 0.0
1358 0.0
1359 0.0
1360 0.0
1361 0.0
1362 0.0
1363 0.0
1364 0.0
1365 0.0
1366 0.0
1367 0.0
1368 0.0
1369 0.0
1370 0.0
1371 0.0
1372 0.0
1373 0.0
1374 0.0
1375 0.0
1376 0.0
1377 0.0
1378 0.0
1379 0.0
1380 0.0
1381 0.0
1382 0.0
1383 0.0
1384 0.0
1385 0.0
1386 0.0
1387 0.0
1388 0.0
1389 0.0
1390 2.9137529137529138e-05
1391 0.0
1392 0.0
1393 0.0
1394 2.878857669276831e-05
1395 0.0
1396 0.0
1397 0.0
1398 0.0
1399 0.0
1400 0.0
1401 0.0
1402 0.0
1403 0.0
1404 0.0
1405 0.0
1406 0.0
1407 0.0
1408 0.0
1409 0.0
1410 0.0
1411 0.0
1412 0.0
1413 0.0
1414 0.0
1415 0.0
1416 0.0
1417 0.0
1418 0.0
1419 0.0
1420 0.0
1421 0.0
1422 0.0
1423 0.0
1424 0.0
1425 0.0
1426 0.0
1427 0.0
1428 0.0
1429 0.0
1430 0.0
1431 0.0
1432 0.0
1433 0.0
1434 0.0
1435 0.0
1436 0.0
1437 0.0
1438 0.0
1439 0.0
1440 0.0
1441 0.0
1442 0.0
1443 0.0
1444 0.0
1445 0.0
1446 0.0
1447 0.0
1448 0.0
1449 0.0
1450 0.0
1451 0.0
1452 2.6561835954101147e-05
1453 0.0
1454 0.0
1455 0.0
1456 0.0
1457 0.0
1458 0.0
1459 0.0
1460 0.0
1461 0.0
1462 0.0
1463 0.0
1464 0.0
1465 0.0
1466 0.0
1467 0.0
1468 0.0
1469 0.0
1470 0.0
1471 0.0
1472 0.0
1473 0.0
1474 0.0
1475 0.0
1476 0.0
1477 0.0
1478 0.0
1479 0.0
1480 0.0
1481 0.0
1482 0.0
1483 0.0
1484 0.0
1485 0.0
1486 0.0
1487 0.0
1488 0.0
1489 0.0
1490 0.0
1491 0.0
1492 0.0
1493 0.0
1494 0.0
1495 0.0
1496 0.0
1497 0.0
1498 0.0
1499 0.0
1500 0.0
1501 0.0
1502 0.0
1503 0.0
1504 0.0
1505 0.0
1506 0.0
1507 2.828054298642534e-05
1508 0.0
1509 0.0
1510 0.0
1511 0.0
1512 0.0
1513 0.0
1514 0.0
1515 0.0
1516 0.0
1517 0.0
1518 0.0
1519 0.0
1520 0.0
1521 0.0
1522 0.0
1523 0.0
1524 0.0
1525 0.0
1526 0.0
1527 0.0
1528 0.0
1529 0.0
1530 0.0
1531 0.0
1532 0.0
1533 0.0
1534 0.0
1535 0.0
1536 0.0
1537 0.0
1538 0.0
1539 0.0
1540 0.0
1541 0.0
1542 0.0
1543 0.0
1544 0.0
1545 0.0
1546 0.0
1547 0.0
1548 0.0
1549 0.0
1550 0.0
1551 0.0
1552 0.0
1553 0.0
1554 0.0
1555 0.0
1556 0.0
1557 0.0
1558 0.0
1559 0.0
1560 0.0
1561 0.0
1562 0.0
1563 0.0
1564 0.0
1565 0.0
1566 0.0
1567 0.0
1568 0.0
1569 0.0
1570 0.0
1571 0.0
1572 0.0
1573 0.0
1574 0.0
1575 0.0
1576 0.0
1577 0.0
1578 0.0
1579 0.0
1580 0.0
1581 0.0
1582 0.0
1583 0.0
1584 0.0
1585 0.0
1586 0.0
1587 0.0
1588 0.0
1589 0.0
1590 0.0
1591 0.0
1592 0.0
1593 0.0
1594 0.0
1595 0.0
1596 0.0
1597 0.0
1598 0.0
1599 0.0
1600 0.0
1601 0.0
1602 0.0
1603 0.0
1604 0.0
1605 0.0
1606 0.0
1607 0.0
1608 0.0
1609 0.0
1610 0.0
1611 0.0
1612 0.0
1613 0.0
1614 0.0
1615 0.0
1616 0.0
1617 0.0
1618 0.0
1619 0.0
1620 0.0
1621 0.0
1622 0.0
1623 0.0
1624 0.0
1625 0.0
1626 0.0
1627 0.0
1628 0.0
1629 0.0
1630 0.0
1631 0.0
1632 0.0
1633 0.0
1634 0.0
1635 0.0
1636 0.0
1637 0.0
1638 0.0
1639 0.0
1640 0.0
1641 0.0
1642 0.0
1643 0.0
1644 0.0
1645 0.0
1646 0.0
1647 0.0
1648 0.0
1649 0.0
1650 0.0
1651 0.0
1652 0.0
1653 0.0
1654 0.0
1655 0.0
1656 0.0
1657 0.0
1658 0.0
1659 0.0
1660 0.0
1661 0.0
1662 0.0
1663 0.0
1664 0.0
1665 0.0
1666 0.0
1667 0.0
1668 0.0
1669 0.0
1670 0.0
1671 0.0
1672 0.0
1673 0.0
1674 0.0
1675 0.0
1676 0.0
1677 0.0
1678 0.0
1679 0.0
1680 0.0
1681 0.0
1682 0.0
1683 0.0
1684 0.0
1685 0.0
1686 0.0
1687 0.0
1688 0.0
1689 0.0
1690 0.0
1691 0.0
1692 0.0
1693 0.0
1694 0.0
1695 0.0
1696 0.0
1697 0.0
1698 0.0
1699 0.0
1700 0.0
1701 0.0
1702 0.0
1703 0.0
1704 0.0
1705 0.0
1706 0.0
1707 0.0
1708 0.0
1709 0.0
1710 0.0
1711 0.0
1712 0.0
1713 0.0
1714 0.0
1715 0.0
1716 0.0
1717 0.0
1718 2.9861442904921164e-05
1719 0.0
1720 0.0
1721 0.0
1722 0.0
1723 0.0
1724 0.0
1725 0.0
1726 0.0
1727 0.0
1728 3.194479938665985e-05
