0 1105219
1 216
2 66
3 29
4 30
5 20
6 22
7 14
8 7
9 12
10 10
11 9
12 10
13 8
14 6
15 5
16 5
17 5
18 1
19 2
20 6
21 4
22 2
23 2
24 1
25 4
26 4
27 2
28 1
29 0
30 0
31 1
32 1
33 1
34 3
35 0
36 0
37 0
38 1
39 1
40 0
41 2
42 0
43 3
44 0
45 2
46 0
47 1
48 1
49 0
50 1
51 1
52 0
53 0
54 2
55 1
56 1
57 0
58 0
59 0
60 0
61 2
62 0
63 0
64 0
65 0
66 0
67 3
68 0
69 1
70 1
71 0
72 0
73 0
74 1
75 1
76 1
77 0
78 0
79 0
80 0
81 0
82 0
83 0
84 0
85 0
86 0
87 0
88 0
89 0
90 0
91 0
92 0
93 0
94 1
95 0
96 1
97 0
98 0
99 1
100 0
101 0
102 0
103 0
104 0
105 1
106 0
107 0
108 0
109 0
110 0
111 0
112 0
113 0
114 0
115 1
116 0
117 0
118 0
119 0
120 0
121 0
122 0
123 0
124 0
125 0
126 0
127 0
128 0
129 0
130 0
131 0
132 0
133 0
134 0
135 0
136 0
137 0
138 1
