-3589 1
-3588 0
-3587 0
-3586 1
-3585 0
-3584 0
-3583 0
-3582 0
-3581 0
-3580 0
-3579 0
-3578 0
-3577 0
-3576 0
-3575 0
-3574 0
-3573 0
-3572 0
-3571 0
-3570 0
-3569 0
-3568 0
-3567 0
-3566 0
-3565 0
-3564 0
-3563 0
-3562 0
-3561 0
-3560 0
-3559 1
-3558 0
-3557 0
-3556 1
-3555 0
-3554 0
-3553 0
-3552 0
-3551 0
-3550 0
-3549 0
-3548 0
-3547 1
-3546 0
-3545 0
-3544 0
-3543 0
-3542 0
-3541 0
-3540 1
-3539 0
-3538 0
-3537 0
-3536 0
-3535 0
-3534 1
-3533 0
-3532 0
-3531 0
-3530 0
-3529 0
-3528 0
-3527 0
-3526 0
-3525 0
-3524 0
-3523 0
-3522 0
-3521 0
-3520 0
-3519 0
-3518 0
-3517 0
-3516 0
-3515 0
-3514 0
-3513 0
-3512 0
-3511 0
-3510 0
-3509 0
-3508 0
-3507 0
-3506 0
-3505 0
-3504 0
-3503 1
-3502 0
-3501 1
-3500 0
-3499 1
-3498 0
-3497 0
-3496 0
-3495 1
-3494 0
-3493 0
-3492 0
-3491 0
-3490 1
-3489 0
-3488 0
-3487 0
-3486 0
-3485 0
-3484 0
-3483 0
-3482 0
-3481 0
-3480 3
-3479 0
-3478 0
-3477 2
-3476 0
-3475 0
-3474 0
-3473 2
-3472 0
-3471 3
-3470 1
-3469 1
-3468 0
-3467 0
-3466 1
-3465 2
-3464 0
-3463 1
-3462 0
-3461 2
-3460 0
-3459 0
-3458 0
-3457 0
-3456 0
-3455 0
-3454 1
-3453 0
-3452 0
-3451 1
-3450 0
-3449 2
-3448 0
-3447 0
-3446 0
-3445 0
-3444 1
-3443 0
-3442 0
-3441 0
-3440 0
-3439 0
-3438 0
-3437 2
-3436 0
-3435 0
-3434 0
-3433 0
-3432 0
-3431 0
-3430 0
-3429 0
-3428 0
-3427 1
-3426 1
-3425 0
-3424 0
-3423 0
-3422 0
-3421 1
-3420 0
-3419 1
-3418 0
-3417 0
-3416 1
-3415 2
-3414 1
-3413 1
-3412 1
-3411 1
-3410 0
-3409 1
-3408 0
-3407 1
-3406 0
-3405 0
-3404 0
-3403 1
-3402 0
-3401 1
-3400 1
-3399 1
-3398 0
-3397 0
-3396 1
-3395 1
-3394 2
-3393 0
-3392 2
-3391 2
-3390 0
-3389 1
-3388 0
-3387 0
-3386 0
-3385 1
-3384 0
-3383 1
-3382 1
-3381 0
-3380 0
-3379 0
-3378 0
-3377 1
-3376 0
-3375 1
-3374 1
-3373 0
-3372 0
-3371 1
-3370 0
-3369 1
-3368 0
-3367 1
-3366 0
-3365 0
-3364 0
-3363 0
-3362 1
-3361 1
-3360 1
-3359 0
-3358 0
-3357 0
-3356 0
-3355 1
-3354 0
-3353 0
-3352 0
-3351 0
-3350 0
-3349 0
-3348 0
-3347 0
-3346 0
-3345 1
-3344 1
-3343 0
-3342 0
-3341 3
-3340 1
-3339 0
-3338 0
-3337 1
-3336 0
-3335 0
-3334 0
-3333 0
-3332 0
-3331 0
-3330 0
-3329 0
-3328 1
-3327 0
-3326 0
-3325 0
-3324 0
-3323 0
-3322 1
-3321 0
-3320 0
-3319 0
-3318 0
-3317 0
-3316 2
-3315 1
-3314 1
-3313 1
-3312 0
-3311 0
-3310 0
-3309 1
-3308 0
-3307 1
-3306 1
-3305 0
-3304 0
-3303 1
-3302 0
-3301 0
-3300 0
-3299 0
-3298 1
-3297 2
-3296 2
-3295 2
-3294 1
-3293 0
-3292 0
-3291 0
-3290 0
-3289 1
-3288 2
-3287 0
-3286 0
-3285 0
-3284 1
-3283 0
-3282 0
-3281 1
-3280 1
-3279 0
-3278 4
-3277 0
-3276 0
-3275 0
-3274 1
-3273 2
-3272 0
-3271 0
-3270 0
-3269 1
-3268 2
-3267 2
-3266 0
-3265 1
-3264 2
-3263 1
-3262 0
-3261 1
-3260 1
-3259 0
-3258 1
-3257 1
-3256 0
-3255 1
-3254 0
-3253 0
-3252 1
-3251 0
-3250 0
-3249 1
-3248 0
-3247 1
-3246 3
-3245 1
-3244 1
-3243 2
-3242 1
-3241 0
-3240 3
-3239 2
-3238 1
-3237 2
-3236 3
-3235 1
-3234 3
-3233 2
-3232 0
-3231 2
-3230 1
-3229 1
-3228 3
-3227 0
-3226 1
-3225 1
-3224 0
-3223 0
-3222 0
-3221 1
-3220 1
-3219 1
-3218 0
-3217 0
-3216 0
-3215 0
-3214 0
-3213 1
-3212 1
-3211 0
-3210 0
-3209 0
-3208 0
-3207 0
-3206 0
-3205 0
-3204 0
-3203 0
-3202 1
-3201 0
-3200 0
-3199 0
-3198 0
-3197 1
-3196 0
-3195 0
-3194 1
-3193 0
-3192 0
-3191 1
-3190 0
-3189 3
-3188 0
-3187 0
-3186 0
-3185 1
-3184 0
-3183 1
-3182 0
-3181 0
-3180 0
-3179 0
-3178 0
-3177 1
-3176 2
-3175 0
-3174 1
-3173 1
-3172 0
-3171 0
-3170 1
-3169 0
-3168 1
-3167 1
-3166 1
-3165 1
-3164 0
-3163 0
-3162 0
-3161 0
-3160 1
-3159 0
-3158 0
-3157 1
-3156 1
-3155 0
-3154 3
-3153 1
-3152 0
-3151 2
-3150 1
-3149 1
-3148 1
-3147 1
-3146 1
-3145 3
-3144 0
-3143 2
-3142 2
-3141 1
-3140 2
-3139 0
-3138 2
-3137 1
-3136 2
-3135 1
-3134 1
-3133 1
-3132 2
-3131 0
-3130 1
-3129 2
-3128 0
-3127 0
-3126 2
-3125 1
-3124 0
-3123 0
-3122 0
-3121 1
-3120 0
-3119 2
-3118 0
-3117 0
-3116 1
-3115 0
-3114 2
-3113 1
-3112 1
-3111 3
-3110 3
-3109 1
-3108 2
-3107 1
-3106 0
-3105 3
-3104 0
-3103 2
-3102 0
-3101 0
-3100 2
-3099 2
-3098 2
-3097 2
-3096 0
-3095 0
-3094 0
-3093 0
-3092 0
-3091 1
-3090 3
-3089 0
-3088 1
-3087 0
-3086 0
-3085 3
-3084 1
-3083 1
-3082 1
-3081 2
-3080 2
-3079 5
-3078 3
-3077 0
-3076 2
-3075 2
-3074 1
-3073 1
-3072 3
-3071 1
-3070 2
-3069 2
-3068 1
-3067 4
-3066 0
-3065 0
-3064 1
-3063 1
-3062 1
-3061 2
-3060 1
-3059 2
-3058 1
-3057 2
-3056 1
-3055 5
-3054 4
-3053 4
-3052 1
-3051 3
-3050 2
-3049 1
-3048 1
-3047 3
-3046 2
-3045 1
-3044 3
-3043 3
-3042 7
-3041 4
-3040 2
-3039 2
-3038 0
-3037 3
-3036 5
-3035 2
-3034 6
-3033 2
-3032 1
-3031 2
-3030 4
-3029 4
-3028 2
-3027 3
-3026 3
-3025 3
-3024 5
-3023 3
-3022 4
-3021 3
-3020 3
-3019 4
-3018 3
-3017 3
-3016 2
-3015 4
-3014 0
-3013 1
-3012 1
-3011 1
-3010 1
-3009 3
-3008 3
-3007 4
-3006 7
-3005 1
-3004 0
-3003 2
-3002 2
-3001 7
-3000 7
-2999 2
-2998 3
-2997 3
-2996 3
-2995 1
-2994 1
-2993 1
-2992 2
-2991 0
-2990 2
-2989 3
-2988 4
-2987 1
-2986 9
-2985 5
-2984 4
-2983 3
-2982 2
-2981 6
-2980 7
-2979 8
-2978 5
-2977 3
-2976 3
-2975 2
-2974 5
-2973 6
-2972 2
-2971 5
-2970 5
-2969 6
-2968 2
-2967 3
-2966 1
-2965 4
-2964 2
-2963 2
-2962 4
-2961 3
-2960 1
-2959 8
-2958 2
-2957 3
-2956 3
-2955 2
-2954 3
-2953 0
-2952 4
-2951 3
-2950 7
-2949 9
-2948 8
-2947 5
-2946 7
-2945 3
-2944 4
-2943 4
-2942 9
-2941 5
-2940 3
-2939 2
-2938 6
-2937 4
-2936 5
-2935 7
-2934 3
-2933 4
-2932 5
-2931 4
-2930 3
-2929 7
-2928 5
-2927 5
-2926 5
-2925 6
-2924 8
-2923 7
-2922 6
-2921 4
-2920 8
-2919 5
-2918 7
-2917 1
-2916 5
-2915 5
-2914 4
-2913 8
-2912 4
-2911 6
-2910 5
-2909 4
-2908 4
-2907 4
-2906 5
-2905 5
-2904 4
-2903 2
-2902 2
-2901 6
-2900 2
-2899 3
-2898 4
-2897 9
-2896 5
-2895 5
-2894 4
-2893 7
-2892 4
-2891 5
-2890 3
-2889 7
-2888 2
-2887 5
-2886 5
-2885 7
-2884 1
-2883 5
-2882 4
-2881 3
-2880 5
-2879 2
-2878 4
-2877 5
-2876 4
-2875 7
-2874 8
-2873 7
-2872 6
-2871 6
-2870 2
-2869 3
-2868 8
-2867 5
-2866 2
-2865 6
-2864 3
-2863 3
-2862 4
-2861 2
-2860 8
-2859 1
-2858 6
-2857 3
-2856 6
-2855 5
-2854 6
-2853 3
-2852 1
-2851 3
-2850 5
-2849 7
-2848 4
-2847 3
-2846 8
-2845 3
-2844 2
-2843 3
-2842 3
-2841 1
-2840 7
-2839 6
-2838 5
-2837 0
-2836 4
-2835 4
-2834 9
-2833 9
-2832 6
-2831 5
-2830 6
-2829 4
-2828 0
-2827 7
-2826 9
-2825 7
-2824 10
-2823 3
-2822 2
-2821 6
-2820 5
-2819 6
-2818 9
-2817 4
-2816 11
-2815 4
-2814 5
-2813 8
-2812 2
-2811 3
-2810 5
-2809 5
-2808 7
-2807 7
-2806 8
-2805 7
-2804 7
-2803 6
-2802 5
-2801 5
-2800 9
-2799 3
-2798 9
-2797 5
-2796 3
-2795 6
-2794 7
-2793 7
-2792 8
-2791 6
-2790 6
-2789 7
-2788 7
-2787 12
-2786 5
-2785 4
-2784 12
-2783 7
-2782 5
-2781 12
-2780 11
-2779 11
-2778 6
-2777 16
-2776 6
-2775 10
-2774 4
-2773 7
-2772 8
-2771 7
-2770 3
-2769 3
-2768 5
-2767 7
-2766 5
-2765 13
-2764 9
-2763 7
-2762 9
-2761 9
-2760 13
-2759 7
-2758 5
-2757 3
-2756 8
-2755 9
-2754 11
-2753 7
-2752 7
-2751 11
-2750 4
-2749 9
-2748 8
-2747 9
-2746 11
-2745 11
-2744 12
-2743 9
-2742 8
-2741 8
-2740 11
-2739 11
-2738 11
-2737 5
-2736 7
-2735 7
-2734 9
-2733 5
-2732 6
-2731 10
-2730 10
-2729 6
-2728 14
-2727 8
-2726 9
-2725 9
-2724 8
-2723 7
-2722 9
-2721 10
-2720 9
-2719 7
-2718 14
-2717 9
-2716 10
-2715 7
-2714 3
-2713 9
-2712 4
-2711 12
-2710 9
-2709 5
-2708 9
-2707 9
-2706 5
-2705 8
-2704 8
-2703 12
-2702 8
-2701 8
-2700 16
-2699 10
-2698 9
-2697 10
-2696 16
-2695 10
-2694 8
-2693 14
-2692 13
-2691 10
-2690 11
-2689 17
-2688 4
-2687 12
-2686 11
-2685 10
-2684 11
-2683 12
-2682 12
-2681 11
-2680 13
-2679 18
-2678 9
-2677 21
-2676 10
-2675 11
-2674 12
-2673 5
-2672 13
-2671 8
-2670 6
-2669 7
-2668 17
-2667 8
-2666 11
-2665 8
-2664 16
-2663 13
-2662 14
-2661 20
-2660 12
-2659 11
-2658 16
-2657 19
-2656 16
-2655 8
-2654 13
-2653 12
-2652 8
-2651 13
-2650 10
-2649 9
-2648 9
-2647 11
-2646 4
-2645 12
-2644 17
-2643 16
-2642 16
-2641 13
-2640 15
-2639 6
-2638 16
-2637 13
-2636 10
-2635 10
-2634 6
-2633 19
-2632 7
-2631 13
-2630 7
-2629 13
-2628 19
-2627 14
-2626 11
-2625 10
-2624 9
-2623 12
-2622 14
-2621 12
-2620 16
-2619 19
-2618 10
-2617 16
-2616 20
-2615 16
-2614 12
-2613 14
-2612 16
-2611 15
-2610 12
-2609 19
-2608 22
-2607 9
-2606 11
-2605 8
-2604 11
-2603 11
-2602 13
-2601 19
-2600 17
-2599 14
-2598 17
-2597 17
-2596 11
-2595 15
-2594 11
-2593 18
-2592 11
-2591 12
-2590 11
-2589 10
-2588 13
-2587 6
-2586 12
-2585 7
-2584 18
-2583 9
-2582 11
-2581 12
-2580 13
-2579 8
-2578 13
-2577 8
-2576 8
-2575 14
-2574 23
-2573 16
-2572 14
-2571 13
-2570 11
-2569 11
-2568 11
-2567 18
-2566 16
-2565 8
-2564 16
-2563 20
-2562 11
-2561 9
-2560 14
-2559 13
-2558 16
-2557 19
-2556 19
-2555 18
-2554 16
-2553 16
-2552 14
-2551 11
-2550 9
-2549 13
-2548 14
-2547 13
-2546 19
-2545 11
-2544 15
-2543 18
-2542 15
-2541 16
-2540 18
-2539 13
-2538 20
-2537 16
-2536 11
-2535 17
-2534 21
-2533 11
-2532 25
-2531 14
-2530 18
-2529 19
-2528 15
-2527 14
-2526 15
-2525 11
-2524 12
-2523 13
-2522 9
-2521 16
-2520 15
-2519 15
-2518 18
-2517 23
-2516 17
-2515 22
-2514 15
-2513 14
-2512 14
-2511 15
-2510 12
-2509 21
-2508 12
-2507 25
-2506 27
-2505 18
-2504 19
-2503 26
-2502 18
-2501 15
-2500 16
-2499 17
-2498 17
-2497 18
-2496 19
-2495 20
-2494 24
-2493 24
-2492 26
-2491 12
-2490 28
-2489 28
-2488 33
-2487 21
-2486 30
-2485 17
-2484 21
-2483 24
-2482 19
-2481 18
-2480 18
-2479 22
-2478 22
-2477 17
-2476 26
-2475 21
-2474 34
-2473 23
-2472 21
-2471 21
-2470 29
-2469 19
-2468 23
-2467 29
-2466 18
-2465 18
-2464 21
-2463 18
-2462 24
-2461 18
-2460 15
-2459 23
-2458 24
-2457 22
-2456 16
-2455 18
-2454 21
-2453 16
-2452 20
-2451 18
-2450 22
-2449 25
-2448 25
-2447 18
-2446 13
-2445 28
-2444 23
-2443 21
-2442 24
-2441 17
-2440 27
-2439 32
-2438 25
-2437 27
-2436 17
-2435 31
-2434 32
-2433 19
-2432 20
-2431 12
-2430 27
-2429 19
-2428 19
-2427 27
-2426 24
-2425 22
-2424 28
-2423 21
-2422 29
-2421 38
-2420 15
-2419 25
-2418 21
-2417 23
-2416 27
-2415 32
-2414 23
-2413 34
-2412 20
-2411 37
-2410 29
-2409 25
-2408 34
-2407 29
-2406 22
-2405 28
-2404 23
-2403 23
-2402 47
-2401 31
-2400 25
-2399 35
-2398 31
-2397 24
-2396 30
-2395 33
-2394 29
-2393 36
-2392 36
-2391 30
-2390 23
-2389 34
-2388 28
-2387 36
-2386 42
-2385 30
-2384 29
-2383 27
-2382 30
-2381 30
-2380 33
-2379 24
-2378 26
-2377 27
-2376 34
-2375 32
-2374 33
-2373 36
-2372 36
-2371 38
-2370 20
-2369 43
-2368 31
-2367 31
-2366 31
-2365 32
-2364 29
-2363 38
-2362 39
-2361 27
-2360 35
-2359 30
-2358 29
-2357 38
-2356 29
-2355 29
-2354 47
-2353 34
-2352 32
-2351 34
-2350 20
-2349 22
-2348 27
-2347 28
-2346 30
-2345 32
-2344 29
-2343 32
-2342 31
-2341 33
-2340 35
-2339 31
-2338 43
-2337 27
-2336 39
-2335 34
-2334 26
-2333 23
-2332 22
-2331 33
-2330 33
-2329 32
-2328 33
-2327 35
-2326 32
-2325 35
-2324 31
-2323 42
-2322 31
-2321 26
-2320 36
-2319 37
-2318 34
-2317 29
-2316 37
-2315 29
-2314 29
-2313 41
-2312 31
-2311 17
-2310 30
-2309 35
-2308 25
-2307 29
-2306 29
-2305 42
-2304 38
-2303 33
-2302 39
-2301 37
-2300 29
-2299 35
-2298 33
-2297 35
-2296 34
-2295 24
-2294 36
-2293 28
-2292 27
-2291 40
-2290 28
-2289 37
-2288 29
-2287 36
-2286 32
-2285 34
-2284 28
-2283 29
-2282 29
-2281 30
-2280 35
-2279 40
-2278 29
-2277 46
-2276 46
-2275 38
-2274 38
-2273 35
-2272 43
-2271 38
-2270 29
-2269 41
-2268 38
-2267 40
-2266 42
-2265 26
-2264 33
-2263 51
-2262 40
-2261 38
-2260 38
-2259 57
-2258 31
-2257 47
-2256 45
-2255 39
-2254 42
-2253 48
-2252 39
-2251 33
-2250 33
-2249 38
-2248 41
-2247 24
-2246 36
-2245 55
-2244 40
-2243 44
-2242 34
-2241 53
-2240 34
-2239 34
-2238 47
-2237 41
-2236 39
-2235 41
-2234 42
-2233 35
-2232 42
-2231 45
-2230 43
-2229 33
-2228 50
-2227 39
-2226 34
-2225 58
-2224 55
-2223 43
-2222 48
-2221 39
-2220 44
-2219 43
-2218 36
-2217 37
-2216 52
-2215 45
-2214 55
-2213 47
-2212 50
-2211 49
-2210 42
-2209 55
-2208 44
-2207 61
-2206 51
-2205 45
-2204 37
-2203 56
-2202 50
-2201 45
-2200 72
-2199 47
-2198 44
-2197 46
-2196 58
-2195 42
-2194 42
-2193 45
-2192 37
-2191 45
-2190 51
-2189 46
-2188 52
-2187 45
-2186 45
-2185 28
-2184 42
-2183 47
-2182 44
-2181 41
-2180 45
-2179 49
-2178 50
-2177 55
-2176 45
-2175 61
-2174 27
-2173 52
-2172 63
-2171 43
-2170 43
-2169 54
-2168 60
-2167 48
-2166 51
-2165 42
-2164 55
-2163 48
-2162 64
-2161 63
-2160 50
-2159 59
-2158 54
-2157 52
-2156 46
-2155 49
-2154 45
-2153 67
-2152 46
-2151 63
-2150 53
-2149 69
-2148 46
-2147 55
-2146 62
-2145 65
-2144 54
-2143 38
-2142 69
-2141 59
-2140 51
-2139 58
-2138 57
-2137 46
-2136 50
-2135 61
-2134 76
-2133 54
-2132 53
-2131 49
-2130 63
-2129 58
-2128 56
-2127 64
-2126 53
-2125 83
-2124 70
-2123 61
-2122 43
-2121 51
-2120 54
-2119 45
-2118 50
-2117 60
-2116 53
-2115 51
-2114 44
-2113 56
-2112 69
-2111 55
-2110 56
-2109 56
-2108 68
-2107 68
-2106 54
-2105 55
-2104 54
-2103 62
-2102 61
-2101 54
-2100 47
-2099 71
-2098 59
-2097 67
-2096 64
-2095 47
-2094 61
-2093 66
-2092 55
-2091 50
-2090 53
-2089 69
-2088 67
-2087 56
-2086 69
-2085 51
-2084 63
-2083 71
-2082 51
-2081 60
-2080 55
-2079 60
-2078 62
-2077 60
-2076 70
-2075 62
-2074 69
-2073 60
-2072 64
-2071 58
-2070 65
-2069 62
-2068 65
-2067 54
-2066 63
-2065 85
-2064 73
-2063 62
-2062 62
-2061 75
-2060 66
-2059 73
-2058 67
-2057 74
-2056 67
-2055 68
-2054 79
-2053 66
-2052 69
-2051 79
-2050 57
-2049 78
-2048 66
-2047 74
-2046 78
-2045 62
-2044 71
-2043 77
-2042 76
-2041 62
-2040 68
-2039 74
-2038 87
-2037 69
-2036 84
-2035 74
-2034 68
-2033 73
-2032 66
-2031 64
-2030 68
-2029 79
-2028 85
-2027 65
-2026 79
-2025 67
-2024 73
-2023 80
-2022 77
-2021 73
-2020 78
-2019 65
-2018 62
-2017 80
-2016 79
-2015 71
-2014 76
-2013 80
-2012 73
-2011 63
-2010 93
-2009 92
-2008 73
-2007 82
-2006 82
-2005 86
-2004 83
-2003 76
-2002 90
-2001 85
-2000 89
-1999 74
-1998 90
-1997 81
-1996 70
-1995 80
-1994 91
-1993 89
-1992 112
-1991 84
-1990 98
-1989 94
-1988 93
-1987 79
-1986 84
-1985 97
-1984 97
-1983 92
-1982 94
-1981 85
-1980 88
-1979 86
-1978 79
-1977 100
-1976 100
-1975 79
-1974 88
-1973 82
-1972 81
-1971 80
-1970 90
-1969 76
-1968 92
-1967 79
-1966 84
-1965 91
-1964 81
-1963 81
-1962 90
-1961 92
-1960 95
-1959 95
-1958 93
-1957 85
-1956 82
-1955 91
-1954 90
-1953 91
-1952 89
-1951 70
-1950 105
-1949 85
-1948 92
-1947 82
-1946 98
-1945 90
-1944 88
-1943 102
-1942 103
-1941 93
-1940 99
-1939 111
-1938 113
-1937 110
-1936 95
-1935 81
-1934 95
-1933 99
-1932 79
-1931 73
-1930 89
-1929 85
-1928 106
-1927 69
-1926 89
-1925 102
-1924 81
-1923 100
-1922 84
-1921 102
-1920 85
-1919 91
-1918 83
-1917 90
-1916 83
-1915 109
-1914 84
-1913 108
-1912 101
-1911 78
-1910 94
-1909 93
-1908 119
-1907 98
-1906 94
-1905 112
-1904 91
-1903 126
-1902 89
-1901 96
-1900 105
-1899 101
-1898 91
-1897 101
-1896 89
-1895 103
-1894 100
-1893 108
-1892 113
-1891 116
-1890 108
-1889 111
-1888 110
-1887 101
-1886 101
-1885 117
-1884 95
-1883 116
-1882 106
-1881 123
-1880 120
-1879 97
-1878 97
-1877 110
-1876 107
-1875 100
-1874 113
-1873 108
-1872 126
-1871 105
-1870 104
-1869 127
-1868 103
-1867 121
-1866 122
-1865 129
-1864 135
-1863 117
-1862 137
-1861 98
-1860 109
-1859 105
-1858 106
-1857 127
-1856 111
-1855 117
-1854 127
-1853 102
-1852 111
-1851 122
-1850 130
-1849 92
-1848 130
-1847 125
-1846 128
-1845 127
-1844 118
-1843 136
-1842 124
-1841 101
-1840 116
-1839 115
-1838 136
-1837 124
-1836 113
-1835 104
-1834 113
-1833 120
-1832 113
-1831 145
-1830 118
-1829 117
-1828 114
-1827 122
-1826 127
-1825 126
-1824 117
-1823 123
-1822 142
-1821 139
-1820 127
-1819 135
-1818 126
-1817 122
-1816 125
-1815 116
-1814 128
-1813 158
-1812 139
-1811 130
-1810 131
-1809 119
-1808 125
-1807 122
-1806 121
-1805 106
-1804 143
-1803 139
-1802 130
-1801 138
-1800 128
-1799 131
-1798 154
-1797 124
-1796 144
-1795 135
-1794 146
-1793 112
-1792 129
-1791 150
-1790 116
-1789 120
-1788 136
-1787 117
-1786 128
-1785 133
-1784 122
-1783 151
-1782 139
-1781 129
-1780 135
-1779 144
-1778 131
-1777 132
-1776 129
-1775 125
-1774 133
-1773 132
-1772 135
-1771 148
-1770 123
-1769 115
-1768 147
-1767 124
-1766 122
-1765 133
-1764 123
-1763 118
-1762 140
-1761 153
-1760 107
-1759 130
-1758 136
-1757 147
-1756 138
-1755 140
-1754 155
-1753 136
-1752 137
-1751 130
-1750 136
-1749 135
-1748 143
-1747 136
-1746 116
-1745 148
-1744 151
-1743 154
-1742 136
-1741 158
-1740 149
-1739 143
-1738 155
-1737 132
-1736 157
-1735 139
-1734 152
-1733 153
-1732 135
-1731 137
-1730 155
-1729 150
-1728 129
-1727 141
-1726 133
-1725 145
-1724 171
-1723 150
-1722 138
-1721 155
-1720 160
-1719 169
-1718 143
-1717 164
-1716 148
-1715 144
-1714 141
-1713 165
-1712 129
-1711 131
-1710 167
-1709 152
-1708 139
-1707 150
-1706 145
-1705 141
-1704 146
-1703 154
-1702 153
-1701 187
-1700 156
-1699 154
-1698 165
-1697 136
-1696 168
-1695 170
-1694 169
-1693 194
-1692 176
-1691 157
-1690 159
-1689 182
-1688 180
-1687 167
-1686 181
-1685 160
-1684 168
-1683 185
-1682 188
-1681 149
-1680 171
-1679 167
-1678 171
-1677 197
-1676 168
-1675 202
-1674 187
-1673 197
-1672 186
-1671 164
-1670 163
-1669 181
-1668 159
-1667 169
-1666 170
-1665 175
-1664 160
-1663 161
-1662 161
-1661 159
-1660 163
-1659 182
-1658 163
-1657 160
-1656 159
-1655 169
-1654 168
-1653 181
-1652 193
-1651 169
-1650 187
-1649 179
-1648 180
-1647 146
-1646 158
-1645 187
-1644 190
-1643 170
-1642 175
-1641 171
-1640 189
-1639 176
-1638 186
-1637 183
-1636 188
-1635 158
-1634 182
-1633 152
-1632 180
-1631 165
-1630 180
-1629 177
-1628 193
-1627 165
-1626 195
-1625 180
-1624 185
-1623 185
-1622 207
-1621 181
-1620 188
-1619 182
-1618 219
-1617 210
-1616 188
-1615 203
-1614 168
-1613 186
-1612 204
-1611 181
-1610 183
-1609 182
-1608 208
-1607 194
-1606 180
-1605 200
-1604 180
-1603 212
-1602 207
-1601 218
-1600 209
-1599 206
-1598 180
-1597 195
-1596 209
-1595 197
-1594 215
-1593 192
-1592 219
-1591 213
-1590 199
-1589 187
-1588 205
-1587 203
-1586 195
-1585 196
-1584 204
-1583 213
-1582 202
-1581 222
-1580 199
-1579 203
-1578 200
-1577 236
-1576 230
-1575 202
-1574 205
-1573 211
-1572 226
-1571 226
-1570 217
-1569 206
-1568 201
-1567 200
-1566 215
-1565 238
-1564 205
-1563 205
-1562 215
-1561 194
-1560 252
-1559 239
-1558 231
-1557 199
-1556 224
-1555 240
-1554 219
-1553 188
-1552 191
-1551 217
-1550 202
-1549 199
-1548 234
-1547 228
-1546 205
-1545 203
-1544 201
-1543 221
-1542 219
-1541 241
-1540 195
-1539 211
-1538 212
-1537 193
-1536 194
-1535 243
-1534 231
-1533 214
-1532 231
-1531 198
-1530 235
-1529 231
-1528 214
-1527 212
-1526 217
-1525 213
-1524 225
-1523 205
-1522 208
-1521 213
-1520 208
-1519 216
-1518 252
-1517 222
-1516 248
-1515 243
-1514 226
-1513 235
-1512 226
-1511 247
-1510 234
-1509 224
-1508 237
-1507 259
-1506 251
-1505 233
-1504 226
-1503 239
-1502 253
-1501 260
-1500 265
-1499 233
-1498 243
-1497 234
-1496 240
-1495 245
-1494 231
-1493 266
-1492 218
-1491 261
-1490 229
-1489 279
-1488 237
-1487 234
-1486 219
-1485 224
-1484 258
-1483 241
-1482 283
-1481 249
-1480 227
-1479 258
-1478 243
-1477 252
-1476 261
-1475 275
-1474 263
-1473 243
-1472 261
-1471 254
-1470 274
-1469 259
-1468 273
-1467 244
-1466 217
-1465 252
-1464 275
-1463 257
-1462 292
-1461 261
-1460 247
-1459 269
-1458 282
-1457 242
-1456 227
-1455 257
-1454 244
-1453 292
-1452 268
-1451 258
-1450 246
-1449 263
-1448 258
-1447 283
-1446 245
-1445 264
-1444 270
-1443 259
-1442 270
-1441 275
-1440 240
-1439 281
-1438 266
-1437 260
-1436 280
-1435 296
-1434 266
-1433 288
-1432 272
-1431 269
-1430 276
-1429 274
-1428 293
-1427 267
-1426 278
-1425 300
-1424 266
-1423 249
-1422 297
-1421 312
-1420 291
-1419 315
-1418 287
-1417 275
-1416 282
-1415 278
-1414 302
-1413 269
-1412 316
-1411 307
-1410 293
-1409 298
-1408 299
-1407 284
-1406 288
-1405 279
-1404 308
-1403 296
-1402 299
-1401 306
-1400 295
-1399 336
-1398 326
-1397 300
-1396 299
-1395 265
-1394 302
-1393 308
-1392 324
-1391 302
-1390 323
-1389 314
-1388 334
-1387 295
-1386 270
-1385 297
-1384 282
-1383 289
-1382 302
-1381 278
-1380 310
-1379 320
-1378 311
-1377 330
-1376 334
-1375 295
-1374 303
-1373 317
-1372 311
-1371 320
-1370 343
-1369 299
-1368 321
-1367 326
-1366 326
-1365 325
-1364 348
-1363 347
-1362 365
-1361 348
-1360 315
-1359 351
-1358 321
-1357 331
-1356 337
-1355 355
-1354 301
-1353 323
-1352 357
-1351 334
-1350 363
-1349 298
-1348 310
-1347 338
-1346 322
-1345 330
-1344 320
-1343 322
-1342 320
-1341 326
-1340 364
-1339 338
-1338 336
-1337 349
-1336 332
-1335 320
-1334 357
-1333 296
-1332 337
-1331 376
-1330 385
-1329 347
-1328 357
-1327 351
-1326 322
-1325 355
-1324 345
-1323 353
-1322 334
-1321 335
-1320 367
-1319 350
-1318 315
-1317 336
-1316 340
-1315 313
-1314 368
-1313 330
-1312 317
-1311 343
-1310 354
-1309 364
-1308 318
-1307 361
-1306 371
-1305 354
-1304 327
-1303 351
-1302 338
-1301 396
-1300 353
-1299 368
-1298 370
-1297 362
-1296 340
-1295 360
-1294 378
-1293 362
-1292 371
-1291 357
-1290 354
-1289 360
-1288 355
-1287 378
-1286 372
-1285 371
-1284 410
-1283 393
-1282 372
-1281 374
-1280 399
-1279 362
-1278 361
-1277 380
-1276 351
-1275 376
-1274 387
-1273 360
-1272 390
-1271 401
-1270 394
-1269 408
-1268 407
-1267 423
-1266 389
-1265 389
-1264 395
-1263 400
-1262 430
-1261 400
-1260 394
-1259 414
-1258 399
-1257 419
-1256 431
-1255 424
-1254 367
-1253 432
-1252 426
-1251 384
-1250 410
-1249 416
-1248 420
-1247 418
-1246 438
-1245 418
-1244 428
-1243 427
-1242 380
-1241 413
-1240 429
-1239 427
-1238 371
-1237 421
-1236 413
-1235 424
-1234 408
-1233 413
-1232 427
-1231 432
-1230 400
-1229 382
-1228 407
-1227 384
-1226 427
-1225 426
-1224 392
-1223 429
-1222 423
-1221 423
-1220 446
-1219 447
-1218 459
-1217 431
-1216 443
-1215 434
-1214 421
-1213 467
-1212 465
-1211 400
-1210 459
-1209 461
-1208 447
-1207 445
-1206 444
-1205 429
-1204 429
-1203 485
-1202 450
-1201 469
-1200 435
-1199 452
-1198 470
-1197 461
-1196 458
-1195 466
-1194 475
-1193 470
-1192 472
-1191 466
-1190 456
-1189 446
-1188 440
-1187 458
-1186 468
-1185 448
-1184 445
-1183 471
-1182 459
-1181 473
-1180 458
-1179 435
-1178 452
-1177 448
-1176 431
-1175 450
-1174 493
-1173 497
-1172 496
-1171 436
-1170 471
-1169 468
-1168 460
-1167 492
-1166 485
-1165 473
-1164 495
-1163 542
-1162 495
-1161 466
-1160 501
-1159 500
-1158 523
-1157 497
-1156 521
-1155 489
-1154 486
-1153 489
-1152 495
-1151 522
-1150 489
-1149 501
-1148 512
-1147 453
-1146 515
-1145 521
-1144 476
-1143 503
-1142 481
-1141 493
-1140 547
-1139 466
-1138 507
-1137 507
-1136 544
-1135 515
-1134 506
-1133 492
-1132 538
-1131 534
-1130 505
-1129 536
-1128 546
-1127 506
-1126 536
-1125 541
-1124 510
-1123 514
-1122 554
-1121 483
-1120 569
-1119 551
-1118 537
-1117 567
-1116 557
-1115 544
-1114 557
-1113 523
-1112 528
-1111 549
-1110 550
-1109 545
-1108 561
-1107 573
-1106 551
-1105 557
-1104 600
-1103 572
-1102 564
-1101 551
-1100 590
-1099 582
-1098 601
-1097 584
-1096 568
-1095 567
-1094 557
-1093 562
-1092 557
-1091 574
-1090 579
-1089 526
-1088 597
-1087 600
-1086 566
-1085 559
-1084 578
-1083 552
-1082 556
-1081 566
-1080 595
-1079 590
-1078 561
-1077 585
-1076 533
-1075 605
-1074 598
-1073 581
-1072 590
-1071 595
-1070 591
-1069 612
-1068 556
-1067 607
-1066 612
-1065 645
-1064 603
-1063 614
-1062 582
-1061 582
-1060 582
-1059 597
-1058 580
-1057 577
-1056 607
-1055 654
-1054 629
-1053 584
-1052 643
-1051 642
-1050 624
-1049 606
-1048 644
-1047 611
-1046 613
-1045 653
-1044 627
-1043 637
-1042 657
-1041 608
-1040 602
-1039 620
-1038 624
-1037 606
-1036 662
-1035 662
-1034 614
-1033 657
-1032 608
-1031 649
-1030 612
-1029 628
-1028 633
-1027 643
-1026 656
-1025 611
-1024 679
-1023 686
-1022 643
-1021 665
-1020 685
-1019 637
-1018 642
-1017 639
-1016 608
-1015 653
-1014 675
-1013 654
-1012 652
-1011 692
-1010 623
-1009 677
-1008 661
-1007 636
-1006 614
-1005 643
-1004 657
-1003 696
-1002 672
-1001 643
-1000 681
-999 655
-998 607
-997 663
-996 657
-995 692
-994 674
-993 652
-992 720
-991 679
-990 667
-989 680
-988 716
-987 706
-986 647
-985 731
-984 649
-983 691
-982 705
-981 697
-980 732
-979 749
-978 671
-977 728
-976 654
-975 761
-974 735
-973 741
-972 722
-971 724
-970 716
-969 793
-968 783
-967 745
-966 723
-965 760
-964 816
-963 741
-962 717
-961 754
-960 707
-959 753
-958 717
-957 723
-956 735
-955 803
-954 751
-953 733
-952 706
-951 694
-950 711
-949 748
-948 708
-947 744
-946 778
-945 726
-944 763
-943 693
-942 755
-941 767
-940 746
-939 781
-938 727
-937 774
-936 817
-935 768
-934 812
-933 780
-932 764
-931 773
-930 786
-929 766
-928 793
-927 744
-926 791
-925 805
-924 809
-923 780
-922 754
-921 774
-920 777
-919 770
-918 802
-917 757
-916 794
-915 835
-914 823
-913 830
-912 856
-911 798
-910 808
-909 855
-908 852
-907 911
-906 883
-905 820
-904 844
-903 781
-902 818
-901 832
-900 851
-899 866
-898 875
-897 910
-896 806
-895 857
-894 867
-893 856
-892 809
-891 848
-890 868
-889 894
-888 861
-887 888
-886 923
-885 895
-884 934
-883 877
-882 922
-881 900
-880 932
-879 901
-878 946
-877 897
-876 955
-875 882
-874 953
-873 944
-872 961
-871 901
-870 905
-869 960
-868 914
-867 924
-866 929
-865 942
-864 934
-863 980
-862 976
-861 1025
-860 921
-859 951
-858 943
-857 1034
-856 937
-855 928
-854 938
-853 915
-852 945
-851 939
-850 972
-849 964
-848 981
-847 962
-846 924
-845 998
-844 930
-843 998
-842 970
-841 999
-840 938
-839 942
-838 952
-837 935
-836 942
-835 945
-834 964
-833 947
-832 947
-831 949
-830 998
-829 1015
-828 996
-827 981
-826 1055
-825 1070
-824 1058
-823 1077
-822 986
-821 1007
-820 1035
-819 1056
-818 1019
-817 1062
-816 1020
-815 1108
-814 1002
-813 1033
-812 1099
-811 982
-810 1025
-809 1045
-808 1048
-807 1043
-806 998
-805 1035
-804 1072
-803 1080
-802 1055
-801 1058
-800 1030
-799 1030
-798 1089
-797 1072
-796 1025
-795 1121
-794 1170
-793 1088
-792 1118
-791 1093
-790 1113
-789 1141
-788 1164
-787 1140
-786 1127
-785 1133
-784 1125
-783 1077
-782 1100
-781 1089
-780 1142
-779 1080
-778 1184
-777 1109
-776 1147
-775 1133
-774 1103
-773 1118
-772 1173
-771 1104
-770 1183
-769 1161
-768 1189
-767 1166
-766 1208
-765 1168
-764 1105
-763 1202
-762 1156
-761 1118
-760 1240
-759 1161
-758 1165
-757 1277
-756 1203
-755 1155
-754 1184
-753 1238
-752 1219
-751 1257
-750 1217
-749 1226
-748 1195
-747 1267
-746 1218
-745 1276
-744 1250
-743 1209
-742 1198
-741 1263
-740 1228
-739 1211
-738 1240
-737 1269
-736 1264
-735 1312
-734 1252
-733 1230
-732 1234
-731 1220
-730 1254
-729 1263
-728 1281
-727 1216
-726 1258
-725 1316
-724 1331
-723 1276
-722 1319
-721 1294
-720 1227
-719 1287
-718 1331
-717 1291
-716 1262
-715 1316
-714 1320
-713 1241
-712 1275
-711 1315
-710 1309
-709 1324
-708 1253
-707 1319
-706 1272
-705 1375
-704 1306
-703 1331
-702 1365
-701 1316
-700 1391
-699 1331
-698 1327
-697 1350
-696 1392
-695 1399
-694 1350
-693 1365
-692 1364
-691 1332
-690 1391
-689 1328
-688 1345
-687 1378
-686 1373
-685 1303
-684 1392
-683 1356
-682 1382
-681 1402
-680 1446
-679 1439
-678 1445
-677 1364
-676 1378
-675 1402
-674 1411
-673 1452
-672 1440
-671 1429
-670 1386
-669 1490
-668 1360
-667 1448
-666 1425
-665 1518
-664 1461
-663 1450
-662 1436
-661 1470
-660 1437
-659 1477
-658 1468
-657 1466
-656 1492
-655 1508
-654 1492
-653 1452
-652 1551
-651 1505
-650 1495
-649 1442
-648 1472
-647 1517
-646 1485
-645 1502
-644 1548
-643 1558
-642 1578
-641 1552
-640 1474
-639 1503
-638 1578
-637 1537
-636 1628
-635 1613
-634 1650
-633 1594
-632 1560
-631 1539
-630 1498
-629 1607
-628 1592
-627 1587
-626 1521
-625 1626
-624 1502
-623 1651
-622 1603
-621 1565
-620 1622
-619 1636
-618 1596
-617 1621
-616 1660
-615 1629
-614 1631
-613 1595
-612 1657
-611 1627
-610 1673
-609 1653
-608 1621
-607 1623
-606 1736
-605 1734
-604 1729
-603 1674
-602 1629
-601 1672
-600 1783
-599 1728
-598 1688
-597 1760
-596 1725
-595 1738
-594 1722
-593 1776
-592 1737
-591 1743
-590 1798
-589 1743
-588 1777
-587 1792
-586 1755
-585 1827
-584 1747
-583 1783
-582 1777
-581 1802
-580 1807
-579 1821
-578 1860
-577 1806
-576 1801
-575 1795
-574 1847
-573 1802
-572 1750
-571 1869
-570 1827
-569 1854
-568 1836
-567 1829
-566 1868
-565 1814
-564 1898
-563 1843
-562 1853
-561 1827
-560 1890
-559 1940
-558 1926
-557 1840
-556 1920
-555 1896
-554 1885
-553 1915
-552 1830
-551 1886
-550 1926
-549 1910
-548 1841
-547 1996
-546 1951
-545 1908
-544 1894
-543 1912
-542 1867
-541 1879
-540 1958
-539 1927
-538 1930
-537 1924
-536 1968
-535 1992
-534 2087
-533 1978
-532 2039
-531 2033
-530 1983
-529 2027
-528 2033
-527 2039
-526 2075
-525 2038
-524 2066
-523 2114
-522 2002
-521 2111
-520 2061
-519 2106
-518 2131
-517 2057
-516 2089
-515 2162
-514 2088
-513 2135
-512 2176
-511 2198
-510 2171
-509 2229
-508 2171
-507 2178
-506 2144
-505 2150
-504 2130
-503 2190
-502 2156
-501 2181
-500 2176
-499 2221
-498 2245
-497 2216
-496 2225
-495 2262
-494 2136
-493 2214
-492 2195
-491 2214
-490 2269
-489 2291
-488 2283
-487 2264
-486 2254
-485 2332
-484 2306
-483 2287
-482 2187
-481 2221
-480 2296
-479 2271
-478 2296
-477 2301
-476 2375
-475 2244
-474 2401
-473 2408
-472 2317
-471 2380
-470 2385
-469 2468
-468 2395
-467 2445
-466 2393
-465 2361
-464 2423
-463 2545
-462 2550
-461 2457
-460 2469
-459 2534
-458 2483
-457 2456
-456 2488
-455 2483
-454 2500
-453 2532
-452 2508
-451 2527
-450 2473
-449 2557
-448 2542
-447 2511
-446 2489
-445 2543
-444 2470
-443 2605
-442 2505
-441 2553
-440 2601
-439 2557
-438 2643
-437 2626
-436 2621
-435 2593
-434 2657
-433 2658
-432 2567
-431 2723
-430 2718
-429 2674
-428 2706
-427 2716
-426 2682
-425 2695
-424 2713
-423 2725
-422 2680
-421 2719
-420 2693
-419 2749
-418 2785
-417 2798
-416 2834
-415 2786
-414 2836
-413 2903
-412 2865
-411 2868
-410 2848
-409 2742
-408 2948
-407 2909
-406 2871
-405 2915
-404 2855
-403 2961
-402 2956
-401 2955
-400 2850
-399 2798
-398 2871
-397 3008
-396 2859
-395 2910
-394 2959
-393 3001
-392 3092
-391 3054
-390 3016
-389 3102
-388 2891
-387 2998
-386 3055
-385 3013
-384 3026
-383 3151
-382 3047
-381 3143
-380 3102
-379 3080
-378 3154
-377 3052
-376 3142
-375 3162
-374 3117
-373 3236
-372 3132
-371 3228
-370 3223
-369 3207
-368 3081
-367 3179
-366 3209
-365 3249
-364 3196
-363 3206
-362 3224
-361 3240
-360 3272
-359 3301
-358 3344
-357 3325
-356 3358
-355 3311
-354 3450
-353 3307
-352 3319
-351 3344
-350 3430
-349 3444
-348 3328
-347 3468
-346 3375
-345 3442
-344 3469
-343 3424
-342 3487
-341 3566
-340 3555
-339 3558
-338 3654
-337 3492
-336 3592
-335 3532
-334 3588
-333 3559
-332 3541
-331 3529
-330 3523
-329 3692
-328 3696
-327 3695
-326 3764
-325 3742
-324 3670
-323 3633
-322 3777
-321 3750
-320 3756
-319 3716
-318 3686
-317 3707
-316 3780
-315 3801
-314 3806
-313 3774
-312 3819
-311 3853
-310 3876
-309 4013
-308 3782
-307 3958
-306 3941
-305 3974
-304 3979
-303 3977
-302 4016
-301 4023
-300 3922
-299 3866
-298 4168
-297 4123
-296 4106
-295 4047
-294 4195
-293 4158
-292 4148
-291 4089
-290 4107
-289 4039
-288 4073
-287 4204
-286 4286
-285 4206
-284 4293
-283 4254
-282 4338
-281 4273
-280 4277
-279 4282
-278 4406
-277 4355
-276 4449
-275 4316
-274 4451
-273 4429
-272 4400
-271 4383
-270 4460
-269 4337
-268 4414
-267 4458
-266 4535
-265 4500
-264 4484
-263 4595
-262 4635
-261 4554
-260 4643
-259 4650
-258 4587
-257 4641
-256 4615
-255 4638
-254 4698
-253 4715
-252 4632
-251 4743
-250 4717
-249 4722
-248 4803
-247 4752
-246 4883
-245 4862
-244 4871
-243 5056
-242 5151
-241 5075
-240 4941
-239 5028
-238 5118
-237 5194
-236 5035
-235 5085
-234 5124
-233 5179
-232 5222
-231 5287
-230 5039
-229 5245
-228 5266
-227 5305
-226 5306
-225 5362
-224 5335
-223 5235
-222 5431
-221 5440
-220 5416
-219 5446
-218 5441
-217 5534
-216 5471
-215 5621
-214 5545
-213 5473
-212 5609
-211 5534
-210 5602
-209 5679
-208 5601
-207 5825
-206 5767
-205 5856
-204 5814
-203 5905
-202 5999
-201 5958
-200 5814
-199 5987
-198 5983
-197 6062
-196 5920
-195 5962
-194 5955
-193 6073
-192 6195
-191 6293
-190 6117
-189 6244
-188 6128
-187 6278
-186 6290
-185 6357
-184 6462
-183 6330
-182 6489
-181 6369
-180 6405
-179 6461
-178 6481
-177 6552
-176 6516
-175 6628
-174 6596
-173 6562
-172 6587
-171 6719
-170 6731
-169 6856
-168 6850
-167 6963
-166 6869
-165 6923
-164 7067
-163 7152
-162 6963
-161 6898
-160 7336
-159 7186
-158 7218
-157 7235
-156 7196
-155 7335
-154 7383
-153 7461
-152 7378
-151 7522
-150 7457
-149 7507
-148 7727
-147 7614
-146 7545
-145 7686
-144 7707
-143 7752
-142 7918
-141 8029
-140 7965
-139 8195
-138 8087
-137 8121
-136 8241
-135 8129
-134 8350
-133 8364
-132 8163
-131 8272
-130 8583
-129 8481
-128 8528
-127 8653
-126 8669
-125 8819
-124 8797
-123 8916
-122 8803
-121 9012
-120 9181
-119 9128
-118 9255
-117 9229
-116 9295
-115 9465
-114 9400
-113 9286
-112 9577
-111 9514
-110 9809
-109 9688
-108 9652
-107 9904
-106 9792
-105 10075
-104 10272
-103 10198
-102 10383
-101 10410
-100 10488
-99 10648
-98 10593
-97 10646
-96 10795
-95 11101
-94 10881
-93 10987
-92 11210
-91 11225
-90 11366
-89 11577
-88 11317
-87 11556
-86 11743
-85 11939
-84 11963
-83 12090
-82 12387
-81 12385
-80 12487
-79 12686
-78 12849
-77 12851
-76 12864
-75 13061
-74 13013
-73 13290
-72 13429
-71 13572
-70 13944
-69 13893
-68 14125
-67 14314
-66 14614
-65 14471
-64 14978
-63 14805
-62 15071
-61 15380
-60 15628
-59 15793
-58 16018
-57 16153
-56 16608
-55 16413
-54 16640
-53 17019
-52 17221
-51 17695
-50 17911
-49 18081
-48 18200
-47 18664
-46 18980
-45 19474
-44 19500
-43 19801
-42 20144
-41 20671
-40 21199
-39 21037
-38 21927
-37 22018
-36 22361
-35 23072
-34 23603
-33 23864
-32 24408
-31 24939
-30 25265
-29 26318
-28 26859
-27 27509
-26 28372
-25 29298
-24 30157
-23 30957
-22 31857
-21 32480
-20 33961
-19 34971
-18 36642
-17 37397
-16 39376
-15 40645
-14 42871
-13 44655
-12 47654
-11 50163
-10 52718
-9 56566
-8 59946
-7 65089
-6 70295
-5 76438
-4 82696
-3 88835
-2 89404
-1 77643
0 9670585
1 83542157
