2 0.7395186289531628
3 0.6900596176684368
4 0.652794447721925
5 0.6252168611597572
6 0.6028302427286443
7 0.5845290369620694
8 0.5711033817128913
9 0.5568790430896287
10 0.5476503933238311
11 0.5374955106884652
12 0.5285884405085371
13 0.5222062367210223
14 0.5192709509826068
15 0.5090645864220257
16 0.5060654767826009
17 0.5022664268099974
18 0.49834158289534114
19 0.4919809532834265
20 0.4910391389674027
21 0.4852858385792517
22 0.4821060881809849
23 0.48241942811514793
24 0.47810397510155755
25 0.47480301735784025
26 0.4737875280031768
27 0.47188911025130187
28 0.46802389909271963
29 0.46763739606570676
30 0.46832757975294265
31 0.46498181479063694
32 0.4612815986503996
33 0.4589677868771936
34 0.45980081029421177
35 0.4572043531735679
36 0.45858150916195606
37 0.45580174701245374
38 0.4554842034328299
39 0.4566590877080022
40 0.4530306442038034
41 0.4536670099125243
42 0.449861343381528
43 0.4509324828369101
44 0.4475031657765788
45 0.4490352278694569
46 0.44986043978487306
47 0.4490590376154608
48 0.44923166135111625
49 0.44525239256896226
50 0.4445437429994519
51 0.44517878325707505
52 0.44522773248329556
53 0.44076588035291053
54 0.4432543587414528
55 0.4406049730838247
56 0.4431748913818819
57 0.4439776648141807
58 0.44482112705783033
59 0.4412018879212923
60 0.4392172739541161
61 0.4410117756855425
62 0.4412755600170515
63 0.4386217993175576
64 0.4378148548335041
65 0.4374412443380908
66 0.4390869897481003
67 0.43890347039953337
68 0.43812655032217346
69 0.43254551119419593
70 0.4378635721193186
71 0.43544491077629155
72 0.4318014593169416
73 0.4351593933766636
74 0.43406069883319537
75 0.4321639831714801
76 0.43307579870536644
77 0.4335402518679395
78 0.4321114873153737
79 0.4354560536127856
80 0.4332832096766198
81 0.43254425037118593
82 0.43332769699019275
83 0.43502481515243596
84 0.4282426350245499
85 0.4311050950992642
86 0.4316045154300493
87 0.431623328511449
88 0.4300575357594542
89 0.4313276300246984
90 0.42512653651482285
91 0.4292652299964914
92 0.4283412954116209
93 0.4297928866770192
94 0.4286977295385715
95 0.43068747173224786
96 0.42500853468876837
97 0.4281393568147014
98 0.4292527975437614
