0 0.5073
1 0.504
2 0.5141
3 0.5251
4 0.5048
5 0.5043
6 0.5108
7 0.5026
8 0.5038
9 0.4978
10 0.5199
11 0.5159
12 0.5056
13 0.5088
14 0.5155
15 0.5074
16 0.5351
17 0.5146
18 0.5175
19 0.5177
20 0.5137
21 0.5164
22 0.4975
23 0.5069
24 0.5296
25 0.5083
26 0.5146
27 0.5048
28 0.5026
29 0.5076
30 0.5017
31 0.5112
32 0.5037
33 0.5111
34 0.5213
35 0.509
36 0.5048
37 0.5019
38 0.5096
39 0.5234
40 0.5157
41 0.5062
42 0.5032
43 0.5013
44 0.5087
45 0.5177
46 0.5209
47 0.5153
48 0.5019
49 0.5213
50 0.5177
51 0.5205
52 0.5151
53 0.5165
54 0.5189
55 0.506
56 0.5013
57 0.5037
58 0.5081
59 0.5076
60 0.5045
61 0.5253
62 0.5007
63 0.5063
64 0.5023
65 0.4982
66 0.5049
67 0.511
68 0.5197
69 0.5161
70 0.5042
71 0.5028
72 0.5076
73 0.5145
74 0.5238
75 0.5089
76 0.5028
77 0.5246
78 0.5193
79 0.5154
80 0.5056
81 0.5204
82 0.5151
83 0.4899
84 0.5146
85 0.4978
86 0.5071
87 0.5166
