2 0.4858118759852864
3 0.4850670163170163
4 0.477640580677457
5 0.4793606017865538
6 0.47895961091139777
7 0.4832080789102865
8 0.48003062396325125
9 0.49114132674083233
10 0.4881004526208206
11 0.4799442465541273
12 0.4890583554376658
13 0.49410131852879946
14 0.4798802171064945
15 0.48945552147239263
16 0.4872001612578109
17 0.4882075471698113
18 0.49019607843137253
19 0.48642322097378277
20 0.475071907957814
21 0.48938890309383787
22 0.49119170984455957
23 0.5037533512064343
24 0.49280177187153934
25 0.4977691020635806
26 0.48818232976927406
27 0.48470588235294115
28 0.49728260869565216
29 0.49036402569593146
30 0.4806106870229008
31 0.4996859296482412
32 0.4904313979889718
33 0.47675602307431286
34 0.5145565335138795
35 0.5087424344317417
36 0.4712328767123288
37 0.4780121558813014
38 0.49622166246851385
39 0.49642991356632843
40 0.5033911077618689
41 0.472671285604311
42 0.4934289127837515
43 0.4786184210526316
44 0.5103220478943022
45 0.513848697809012
46 0.4931733553992553
47 0.5087646076794657
48 0.5079764903442485
49 0.49452861952861954
50 0.48671808054841476
51 0.48227571115973744
52 0.49129075480125056
53 0.49332105020727773
54 0.49862005519779207
55 0.5002370791844476
56 0.5036109773712085
57 0.4873864783047427
58 0.4947209653092006
59 0.4984725050916497
60 0.48486377396569125
61 0.5070564516129032
62 0.4845528455284553
63 0.504885993485342
64 0.49835706462212487
65 0.5045285029302078
66 0.49890829694323147
67 0.4879097259537883
68 0.48807542983915697
69 0.4908008658008658
70 0.5027563395810364
71 0.492436974789916
72 0.5096045197740113
73 0.4849162011173184
74 0.4838150289017341
75 0.4865831842576029
76 0.4843358395989975
77 0.4975369458128079
78 0.49643705463182897
79 0.49135802469135803
80 0.49461684610512985
81 0.4850649350649351
82 0.5047043010752689
83 0.483409238776838
84 0.49834107498341074
85 0.47210884353741495
86 0.48693259972489683
87 0.4926315789473684
88 0.484352773826458
89 0.5007299270072992
90 0.4885777450257922
91 0.5140898705255141
92 0.5068306010928961
93 0.4924965893587995
94 0.5003389830508475
95 0.48438584316446914
96 0.48960573476702507
97 0.49519586104951957
98 0.5205992509363296
99 0.4840858623242043
100 0.5050143266475645
101 0.5090777051561365
102 0.4884559884559885
103 0.4752704791344668
104 0.47897196261682246
105 0.48374613003095973
106 0.5054517133956387
107 0.4802130898021309
108 0.5123703112529928
109 0.5220125786163522
110 0.4891640866873065
111 0.48905109489051096
112 0.48694942903752036
113 0.5161550888529887
114 0.4964594807238395
115 0.47201336675020883
116 0.4913194444444444
117 0.5008726003490401
118 0.5042444821731749
119 0.5164744645799012
120 0.4947111472742067
121 0.4966887417218543
122 0.49166666666666664
123 0.5147058823529411
124 0.5077854671280276
125 0.5004255319148936
126 0.5120481927710844
127 0.47450302506482284
128 0.5139130434782608
129 0.5008620689655172
130 0.5013032145960035
131 0.4732758620689655
132 0.5037383177570094
133 0.5104831358249772
134 0.47089487402258906
135 0.5167669819432502
136 0.4829443447037702
137 0.4789103690685413
138 0.4818007662835249
139 0.5108499095840868
140 0.5131938125568699
141 0.4854186265286924
142 0.5
143 0.5052034058656575
144 0.5306718597857838
145 0.4839650145772595
146 0.5193423597678917
147 0.5145539906103287
148 0.5231660231660231
149 0.5
150 0.499054820415879
151 0.5004730368968779
152 0.4823529411764706
153 0.5090180360721442
154 0.5075225677031093
155 0.4918032786885246
156 0.5174825174825175
157 0.4745762711864407
158 0.4886699507389163
159 0.48546511627906974
160 0.49796747967479676
161 0.5106815869786369
162 0.4785100286532951
163 0.5029880478087649
164 0.49853085210577863
165 0.46846846846846846
166 0.5173745173745173
167 0.5146919431279621
168 0.5041782729805014
169 0.45825049701789267
170 0.48180815876515987
171 0.47904869762174407
172 0.5072951739618407
173 0.5
174 0.5112359550561798
175 0.5248618784530387
176 0.4966960352422907
177 0.4983534577387486
178 0.4811111111111111
179 0.4826388888888889
180 0.4729119638826185
181 0.5179190751445086
182 0.507361268403171
183 0.49464668094218417
184 0.5133120340788072
185 0.4932502596053998
186 0.48297213622291024
187 0.4896049896049896
188 0.4883474576271186
189 0.4817204301075269
190 0.4796380090497738
191 0.5237529691211401
192 0.5144175317185697
193 0.5066666666666667
194 0.48856799037304455
195 0.5141509433962265
196 0.5017381228273464
197 0.4934601664684899
198 0.49047893825735717
