2 0.7240317919955718
3 0.6935169353403909
4 0.6712886479841301
5 0.6544518920422634
6 0.6407158891359299
7 0.6293336208303776
8 0.6201659349007408
9 0.6122048291364532
10 0.6053191543020101
11 0.5996746954465814
12 0.5941176147452403
13 0.5896000418411589
14 0.5852291096422086
15 0.581364391610506
16 0.5781096517965814
17 0.5741466126568034
18 0.5711760979687801
19 0.5690253518339208
20 0.5659929320873835
21 0.564517893308613
22 0.5622622322424877
23 0.5598215651887336
24 0.558382322925108
25 0.5563413258918759
26 0.5546002148983074
27 0.5530092850128382
28 0.5517221854733179
29 0.5505418488337097
30 0.5489567406780962
31 0.5480048925132586
32 0.5469592683154824
33 0.5455808465764199
34 0.5451192484874826
35 0.543729476860168
36 0.5419654385670662
37 0.5410066724766996
38 0.5409600724273524
39 0.5396098773290716
40 0.5390428587929109
41 0.5383539384633184
42 0.536927213145157
43 0.5364500801985292
44 0.5358632711633589
45 0.5350844294092129
46 0.5351520404221143
47 0.533192764513666
48 0.5328851188194397
49 0.5324177124636663
50 0.5319424092356893
51 0.5312775209818084
52 0.5306594444741816
53 0.5305186809099388
54 0.530305699529907
55 0.529526841003639
56 0.5285203623530482
57 0.5287654502583029
58 0.5275843716288801
59 0.5277757214758058
60 0.5272437854002303
61 0.5266260159422987
62 0.5262036002217809
63 0.5257764176729226
64 0.525081312251208
65 0.5247417873519721
66 0.5237440255089135
67 0.5241925094787149
68 0.5243251799761195
69 0.5245905022135364
70 0.5233345059870487
71 0.5231138758892913
72 0.5230636459014291
73 0.5220424501268142
74 0.5215368123790188
75 0.5216903776133427
76 0.5209723147991704
77 0.5204130120391413
78 0.5207260624563322
79 0.5202901134459742
80 0.5196183146231709
81 0.5204697359447604
82 0.5208127440478247
83 0.5183076141424003
84 0.5191558418635707
85 0.5190289454811786
86 0.5187430745535563
87 0.5188440672124442
88 0.5181186531266703
89 0.5174494674736756
90 0.5191839142366187
91 0.518839805945424
92 0.5174678872360797
93 0.5171391181954729
94 0.5168947032191762
95 0.5175619579867551
96 0.5170558640362215
97 0.5166999831520279
98 0.5161305524202725
99 0.5163546894212867
100 0.51551910888196
101 0.5156989028513561
102 0.5154804760581754
103 0.5153861509009225
104 0.5152384053498442
105 0.5152778797445121
106 0.515414641131551
107 0.5151536643026005
108 0.5140439474215265
109 0.5139044509452999
110 0.514030927610534
111 0.5135684107897303
112 0.5140826564118042
113 0.5142338856917743
114 0.512929039607916
115 0.5121441500959678
116 0.5132140327962256
117 0.5133654902257836
118 0.5125147686002505
119 0.5133790629015439
120 0.5128438915534239
121 0.5134476477608191
122 0.5127020979964472
123 0.5127031915315836
124 0.5119181155356142
125 0.5116935903514148
126 0.5102658448548321
127 0.5119253842525863
128 0.5116490528768532
129 0.5117946215216505
130 0.5110789893968323
131 0.5108220255147412
132 0.5113558607543897
133 0.5108032994026519
134 0.5113056989033891
135 0.5104120257686109
136 0.5108992018750502
137 0.5100845256361637
138 0.5113963904393007
139 0.5105926651200106
140 0.5108946726903958
141 0.5100975805635449
142 0.5107111873496589
143 0.5104567946402409
144 0.5108437311842124
145 0.5102841289581939
146 0.5087504227257356
147 0.5094481438619874
148 0.509528037936963
149 0.5097989671452504
150 0.5097177200573185
151 0.5086553084723906
152 0.5085481653689167
153 0.5089958990463188
154 0.5091831655691271
155 0.507483777468978
156 0.5088014786702905
157 0.5092468713696602
158 0.5087682950290796
159 0.5096417963777664
160 0.5091112167122539
161 0.5091442088557611
162 0.508035257321581
163 0.5085042568922019
164 0.5069954029386643
165 0.5075680739542122
166 0.5065212291813277
167 0.5084054716813898
168 0.5070088966314091
169 0.5094774288469178
170 0.5073480374432526
171 0.5071288281079508
172 0.508012289373677
173 0.5077755184701805
174 0.5069701309539755
175 0.5074787812048743
176 0.5073618115711341
177 0.5078149490750189
178 0.5070217651461651
179 0.5076614382095306
180 0.5071393582097248
181 0.507759368887392
182 0.5066651601702631
183 0.5057755504256304
184 0.5056358605423353
185 0.5057498098960765
186 0.506168179785984
187 0.5067267108407315
188 0.5089995091176845
189 0.5054127539013412
190 0.5047717372726727
191 0.505781162201295
192 0.5057903838853453
193 0.5075767930958093
194 0.5067981713712112
195 0.5061598876508976
196 0.5077463304334496
197 0.5058586024254469
198 0.506124212176589
199 0.5061086719906077
200 0.5062811511476384
201 0.5050937622713364
202 0.5058906937983532
203 0.5059158353319545
204 0.5056099073080006
205 0.5044355451918691
206 0.5056481101094409
207 0.5057575757575757
208 0.5053596006703697
209 0.5046608957862174
210 0.5052831678611864
211 0.5058088071129322
212 0.5055812442728538
213 0.5048389757013722
214 0.5033476182936941
215 0.5054889097749452
216 0.5050254610645967
217 0.5044869037213215
218 0.505166095413522
219 0.5044293903074518
220 0.5043216741505074
221 0.5036552357985447
222 0.5047523069931037
223 0.5053969102049632
224 0.5041155623551388
225 0.5048021956185544
226 0.5046021610147373
227 0.5053188388901841
228 0.5042218693417868
229 0.5047368157400778
230 0.5037604688130205
231 0.5036500928951628
232 0.5029337046044245
233 0.5050443159689151
234 0.5058787987903681
235 0.5040208230500618
236 0.5031153805657234
237 0.5051429105756943
238 0.5039472901328707
239 0.5027731087146752
240 0.5042464829111137
241 0.5037534256190042
242 0.5039810195262586
243 0.5029279541891769
244 0.5039640807077065
245 0.5029265298217164
246 0.5030400158609524
247 0.5016078561917443
248 0.5040553787482039
249 0.5024478383316342
250 0.5045125168019242
251 0.5017642907551164
252 0.5028761235657787
253 0.5028613655501899
254 0.5033460456608397
255 0.5019139504563234
256 0.5023315201231351
257 0.5024816694867457
258 0.5032684133596175
259 0.5011161507727745
260 0.5016924651309245
261 0.5036051026067665
262 0.5035423982489137
263 0.5018974778141055
264 0.5037102200366605
265 0.5028158839443015
266 0.503388905188646
267 0.504493858455574
268 0.5040609668541343
269 0.5005227302749523
270 0.5009975851953016
271 0.5022570800734273
272 0.503308033574995
273 0.5017887871595769
274 0.5026843487230783
275 0.5009907128031483
276 0.501336755849541
277 0.502486098911363
278 0.5024669705601521
279 0.5034416050923715
280 0.5036720297627676
281 0.5040071129299425
282 0.5024953935888519
283 0.5022102884835784
284 0.5016447776244122
285 0.5020758464748087
286 0.501827213949761
287 0.5024714267639492
288 0.5020788566923928
289 0.5034628637712804
290 0.5012664205374775
291 0.502169902029573
292 0.5032149385015477
293 0.5024620899054314
294 0.5038360031915546
295 0.4993786794514753
296 0.5012716618318188
297 0.5039342879701407
298 0.5006403434405382
299 0.5016721195588142
300 0.5021591272196102
301 0.5038463479190272
302 0.5013167543734233
303 0.5019299645554587
304 0.5007740261913728
305 0.5003444123201207
306 0.49992685401477077
307 0.502224524911827
308 0.5014839064254821
309 0.5014000076976368
310 0.5006109209390728
311 0.5020018162820901
312 0.5016237968031958
313 0.5003223853563219
314 0.502397879977455
315 0.5007516782519388
316 0.5001094897776363
317 0.4980758990022808
318 0.5015393994817863
319 0.5022545499061455
320 0.5011666872250319
321 0.5009768796556435
322 0.5012713781322962
323 0.5037414025957773
324 0.5007674456370846
325 0.5008701705534284
326 0.5034376820806187
327 0.5011973780354466
328 0.5026135170780287
329 0.5010821284197686
330 0.5021954762850473
331 0.5014061324816603
332 0.5003611372540436
333 0.497706181440772
334 0.5018397269867384
335 0.500234794275492
336 0.5003561615956039
337 0.5019342414545043
338 0.4979947472020058
339 0.5003093173252071
340 0.5006888918353347
341 0.5026852784240193
342 0.5001596841157855
343 0.4978338273727045
344 0.4996906724486369
345 0.5003308011294496
346 0.499967255862689
347 0.5030823926549276
348 0.499540510183856
349 0.5008570738773539
350 0.497794166864431
351 0.4998467066455735
352 0.5016365754581487
353 0.5032241344201803
354 0.4993038029762423
355 0.500605296657764
356 0.4997243867605422
357 0.5005145234502744
358 0.49853037334230554
359 0.4992944466537529
360 0.5008034555014205
361 0.5018127628828736
362 0.4988224608297921
363 0.5009499311218327
364 0.501591564055541
365 0.49872688155063855
366 0.5007182528912162
367 0.4989825125601318
368 0.5004553703341407
369 0.5014150463198616
370 0.5002724647158193
371 0.5010731373889269
372 0.49976979267597116
373 0.49854233461903347
374 0.49810201082376215
375 0.49928478270015564
376 0.49783357639549386
377 0.4995141051377175
378 0.49861852747913477
379 0.4983703490049034
380 0.5008280001446288
381 0.500231837018576
382 0.49905483421281194
383 0.5017318341263246
384 0.5007982108306542
385 0.49951721443786806
386 0.4959313243315747
387 0.5006433069740496
388 0.49836937929985936
389 0.5001032370552203
390 0.5005378078950199
391 0.49738034332912134
392 0.5002868261523434
393 0.49864034645986505
394 0.5006061364471801
395 0.49946160073568135
396 0.49890139420189056
397 0.49964741024808057
398 0.497359316698227
399 0.4997188980804755
400 0.4994221615199981
401 0.49882330027753885
402 0.5002699165712416
403 0.500398314758999
404 0.4983801207097867
405 0.4981169177443008
406 0.5000585186423675
407 0.5013391729133327
408 0.499877580311537
409 0.4981349437945647
410 0.5013701428012186
411 0.4975214213924331
412 0.4991010366037249
413 0.4996541647213432
414 0.49933426738954495
415 0.5004809458017804
416 0.5006921605106999
417 0.49792124566374496
418 0.4993224032099487
419 0.49797411869701025
420 0.497280427193924
421 0.5032631024014252
422 0.4983466482049974
423 0.49743396711438354
424 0.4987328659427662
425 0.5000046458470773
426 0.501029947710347
427 0.4978913212205089
428 0.5009531718918103
429 0.4970792398437204
430 0.4999425617461229
431 0.4961463708866698
432 0.49938556513493376
433 0.49823886975441745
434 0.5008749034673549
435 0.49953519321284234
436 0.497520595847245
437 0.4993329749318042
438 0.499659755023617
439 0.5004616619831393
440 0.4978180936603499
441 0.4997967644906918
442 0.5007808751926669
443 0.5000306410099277
444 0.49736974850472004
445 0.5014669421487603
446 0.49765849394330436
447 0.4990184242296992
448 0.5009994739610731
449 0.4963348907850189
450 0.49895515704629295
451 0.4988495414218598
452 0.498479718801889
453 0.4995214582472321
454 0.502580963340457
455 0.5006797202183876
456 0.5003389682244626
457 0.4992492824022963
458 0.4998888468977169
459 0.4993258677363641
460 0.4989125412727211
461 0.4987034164128232
462 0.500556350341758
463 0.4963486186271717
464 0.4988211596126994
465 0.4944866964099956
466 0.49664115894620015
467 0.5017980765851773
468 0.49842706615677884
469 0.49953835227272725
470 0.499613274789086
471 0.49715656868626273
472 0.49947014763613595
473 0.49613202056455524
474 0.5007608682419683
475 0.49961580211979656
476 0.4985285462036492
477 0.49871299871299873
478 0.4986716226160927
479 0.49916767838592185
480 0.4989486672626317
481 0.49797951559204007
482 0.4989863443369162
483 0.4985110108510883
484 0.49880763628395014
485 0.4999035803818217
486 0.4980563779122152
487 0.4982971394532717
488 0.4985175607016444
489 0.4965061652037741
490 0.497461119234348
491 0.49528067560854444
492 0.4972035340844614
493 0.4979944712450539
494 0.49868794953024514
495 0.49877607637283433
496 0.5002390873693559
497 0.4963519606503621
498 0.49930983775985127
