0 0.4402
1 0.4367
2 0.4311
3 0.4568
4 0.4479
5 0.4524
6 0.4342
7 0.4329
8 0.4588
9 0.4436
10 0.4361
11 0.4425
12 0.4479
13 0.4451
14 0.4359
15 0.4407
16 0.441
17 0.4418
18 0.4446
19 0.4455
20 0.4485
21 0.4494
22 0.4313
23 0.4214
24 0.4313
25 0.4498
26 0.4367
27 0.4575
28 0.4498
29 0.4418
30 0.4241
31 0.435
32 0.4461
33 0.4431
34 0.4454
35 0.4456
36 0.4397
37 0.4555
38 0.4328
39 0.4313
40 0.4456
41 0.4582
42 0.4529
43 0.4387
44 0.4446
45 0.4284
46 0.4319
47 0.4312
48 0.4452
49 0.4567
50 0.4514
51 0.4475
52 0.4229
53 0.4563
54 0.4561
55 0.4385
56 0.4553
57 0.4439
58 0.4264
59 0.443
60 0.4403
61 0.4438
62 0.4629
63 0.4417
64 0.4376
65 0.4552
66 0.4404
67 0.4565
68 0.4371
69 0.4601
70 0.4502
71 0.4345
72 0.4289
73 0.4575
74 0.4201
75 0.4494
76 0.4347
77 0.4646
78 0.438
79 0.4404
80 0.4359
81 0.4347
82 0.4575
83 0.4456
84 0.4487
85 0.4576
86 0.434
87 0.444
88 0.4505
89 0.4471
90 0.4541
91 0.4515
92 0.4362
93 0.4408
94 0.4304
95 0.4603
96 0.4486
97 0.4429
98 0.4569
99 0.4444
100 0.4397
101 0.4439
102 0.4602
103 0.4393
104 0.4347
105 0.4694
106 0.4697
107 0.4548
108 0.4469
109 0.458
110 0.4258
