0 0.2794
1 0.2749
2 0.2826
3 0.2813
4 0.2706
5 0.2881
6 0.2797
7 0.2819
8 0.2732
9 0.2777
10 0.2793
11 0.2846
12 0.2824
13 0.2782
14 0.2862
15 0.2805
16 0.2803
17 0.2793
18 0.2883
19 0.2791
20 0.2788
21 0.2839
22 0.2812
23 0.2799
24 0.2737
25 0.2868
26 0.2884
27 0.2717
28 0.2783
29 0.2802
30 0.2731
31 0.2844
32 0.2811
33 0.2684
34 0.2794
35 0.2696
36 0.2814
37 0.2779
38 0.2853
39 0.2815
40 0.2867
41 0.2755
42 0.2771
43 0.2719
44 0.2736
45 0.2837
46 0.2737
47 0.2839
48 0.2795
49 0.281
50 0.2794
51 0.2783
52 0.2739
53 0.2829
54 0.2788
55 0.2803
56 0.2882
57 0.2864
58 0.2767
59 0.2765
60 0.2833
61 0.281
62 0.2743
63 0.2812
64 0.2723
65 0.2854
66 0.2789
67 0.2834
68 0.2646
69 0.275
70 0.2837
71 0.2767
72 0.2799
73 0.282
74 0.2771
75 0.2745
76 0.2775
77 0.2817
78 0.2716
79 0.2731
80 0.2882
81 0.2699
82 0.2796
83 0.284
84 0.2773
85 0.2698
86 0.2771
87 0.2884
88 0.2739
89 0.2764
90 0.2769
91 0.2792
92 0.2798
93 0.2815
94 0.2794
95 0.2847
96 0.2781
97 0.2821
98 0.2756
99 0.2778
100 0.2811
101 0.2873
102 0.2855
103 0.2758
104 0.2789
105 0.2747
106 0.2844
107 0.2832
108 0.2762
109 0.277
110 0.2805
