-58 1
-57 0
-56 0
-55 0
-54 0
-53 0
-52 0
-51 0
-50 0
-49 0
-48 1
-47 0
-46 0
-45 1
-44 0
-43 0
-42 0
-41 0
-40 1
-39 0
-38 0
-37 3
-36 1
-35 2
-34 0
-33 0
-32 1
-31 1
-30 3
-29 9
-28 2
-27 5
-26 3
-25 10
-24 7
-23 9
-22 13
-21 10
-20 30
-19 26
-18 28
-17 43
-16 40
-15 45
-14 66
-13 80
-12 139
-11 220
-10 313
-9 508
-8 787
-7 1335
-6 2406
-5 4562
-4 10617
-3 29776
-2 111508
-1 499540
0 7194485
1 88286789
2 7195131
3 498497
4 112030
5 29447
6 10611
7 4775
8 2413
9 1224
10 789
11 508
12 338
13 198
14 138
15 118
16 74
17 49
18 49
19 31
20 27
21 32
22 13
23 14
24 14
25 11
26 4
27 4
28 5
29 6
30 4
31 4
32 6
33 0
34 2
35 0
36 0
37 1
38 0
39 2
40 0
41 1
42 2
43 0
44 0
45 0
46 0
47 1
48 0
49 0
50 0
51 0
52 0
53 0
54 0
55 1
