1 0.13274296179866163
2 0.043498212025587076
3 0.01590734361028195
4 0.007704325453242008
5 0.0037839280853975443
6 0.0022039970401127418
7 0.0009605136381747368
8 0.000863818789254084
9 0.0004696277766827181
10 0.00030033156942641133
11 0.00022754414844470874
12 0.0001491631304388304
13 0.00019206271957411872
14 4.7952586244933076e-05
15 0.0001032376968903554
16 9.311426760910868e-05
17 6.407246561392291e-05
18 3.091388592210415e-05
19 1.7231872070581748e-05
20 3.612260805365565e-05
21 0.0
22 1.607923848726524e-05
23 1.5584091759132277e-05
24 0.0
25 1.663561352142667e-05
26 0.0
27 0.0
28 0.0
29 0.0
30 0.0
31 0.0
32 1.88907359830739e-05
