2 0.3643005543151234
3 0.35824170455979515
4 0.3648961871082945
5 0.3709426080037134
6 0.3764123480749305
7 0.3831152108257439
8 0.38868689468773127
9 0.3915583590872529
10 0.4024950755088641
11 0.3986393622869709
12 0.41045784760939347
13 0.41544799176107106
14 0.40713039142358515
15 0.4177215189873418
16 0.4079822616407982
17 0.43193612774451096
18 0.41205689771957554
19 0.4230869678767302
20 0.42848484848484847
21 0.43870112657389
22 0.44966442953020136
23 0.42454394693200664
24 0.44454628780934924
25 0.41877637130801687
26 0.44778761061946903
27 0.4395819725669497
28 0.4612748457847841
29 0.4736101337086559
30 0.44402132520944404
31 0.44490472245236123
32 0.45859305431878894
33 0.42962962962962964
34 0.4428726877040261
35 0.46511627906976744
36 0.4519119351100811
37 0.44987775061124696
38 0.4772151898734177
39 0.4642375168690958
40 0.44583987441130296
41 0.46141732283464565
42 0.43527508090614886
43 0.4456140350877193
44 0.4613861386138614
45 0.44715447154471544
46 0.4715261958997722
47 0.43946188340807174
48 0.46352941176470586
49 0.4642857142857143
50 0.42857142857142855
51 0.44327176781002636
52 0.5083333333333333
53 0.4777777777777778
54 0.5015673981191222
55 0.4375
56 0.4745762711864407
57 0.445578231292517
58 0.44625407166123776
59 0.4684014869888476
60 0.448
61 0.4782608695652174
62 0.47058823529411764
63 0.5171102661596958
64 0.46484375
65 0.44047619047619047
66 0.44017094017094016
67 0.4752475247524752
68 0.45161290322580644
69 0.4597156398104265
70 0.4752475247524752
71 0.4666666666666667
72 0.46808510638297873
73 0.5
74 0.4811320754716981
75 0.45664739884393063
76 0.4739583333333333
77 0.4678362573099415
78 0.46368715083798884
79 0.47692307692307695
80 0.34705882352941175
81 0.48854961832061067
82 0.47368421052631576
83 0.4484848484848485
84 0.5
85 0.4666666666666667
86 0.5251798561151079
87 0.5384615384615384
88 0.448
89 0.47368421052631576
90 0.5546875
91 0.4491525423728814
92 0.44954128440366975
93 0.5233644859813084
94 0.45689655172413796
95 0.5132743362831859
96 0.4824561403508772
97 0.4148936170212766
98 0.49142857142857144
