0 0.474
1 0.474
2 0.474
3 0.474
4 0.474
5 0.474
6 0.474
7 0.474
8 0.474
9 0.474
10 0.474
11 0.474
12 0.474
13 0.474
14 0.474
15 0.474
16 0.474
17 0.474
18 0.474
19 0.474
20 0.474
21 0.474
22 0.474
23 0.474
24 0.474
25 0.474
26 0.474
27 0.474
28 0.474
29 0.474
30 0.474
31 0.474
32 0.474
33 0.474
34 0.474
35 0.474
36 0.474
37 0.474
38 0.474
39 0.474
40 0.474
41 0.474
42 0.474
43 0.474
44 0.474
45 0.474
46 0.474
47 0.474
48 0.474
49 0.474
50 0.474
51 0.474
52 0.474
53 0.474
54 0.474
55 0.474
56 0.474
57 0.474
58 0.474
59 0.474
60 0.474
61 0.474
62 0.474
63 0.474
64 0.474
65 0.474
66 0.474
67 0.474
68 0.474
69 0.474
70 0.474
71 0.474
72 0.474
73 0.474
74 0.474
75 0.474
76 0.474
77 0.474
78 0.474
79 0.474
80 0.474
81 0.474
82 0.474
83 0.474
84 0.474
85 0.474
86 0.474
87 0.474
88 0.474
89 0.474
90 0.474
91 0.474
92 0.474
93 0.474
94 0.474
95 0.474
96 0.474
97 0.474
98 0.474
99 0.474
100 0.474
101 0.474
102 0.474
103 0.474
104 0.474
105 0.474
106 0.474
107 0.474
108 0.474
109 0.474
110 0.474
