0 1.0 1.0 340881
1 0.016825437542996396 1.3691568625164698 9519693
2 0.20060077425987502 1.7495381748670746 6910083
3 0.1351078882207287 2.7175981605942696 6275940
4 0.17997515135977282 3.4884729918946102 5628477
5 0.1909128531288798 4.3316634357779185 5096121
6 0.21841822736490515 5.11604437552189 4652565
7 0.23191527553401545 6.116470497730595 4328667
8 0.23985987191417155 6.93688762384367 4055718
9 0.21408171591770123 7.944978725884479 3808854
10 0.25716153941960396 8.91963507286088 3564876
11 0.2640726583684537 10.15586918880068 3397599
12 0.2681899150452179 11.255172650041107 3240312
13 0.27736030485416147 12.262188824388334 3116769
14 0.2863082753799168 13.63413916179122 3016647
15 0.3364952571143285 14.765006336648872 2890329
16 0.35334807963000203 15.990508747235069 2760015
17 0.32106296745080015 17.14277357623365 2656563
18 0.2779471762937513 18.261284088468972 2584635
19 0.31834926760810456 20.40378037014297 2531022
20 0.330530812579531 21.076486093437556 2442444
21 0.32770666291555306 22.72982604210625 2367297
22 0.34506148740972087 24.602820612922116 2274612
23 0.3715244727218075 25.109563649115774 2215671
24 0.4043688087376175 27.86731013462027 2185035
25 0.36935248802831566 29.330730793254215 2132532
26 0.40814988802097557 30.912547113126127 2032077
27 0.38766664837877873 31.623635266363088 2023197
28 0.4016611295681063 34.21328903654485 2004660
29 0.400112139052425 34.21766190075694 1979685
30 0.3751533921580085 34.83433646935079 1899543
31 0.45293380290097296 38.690503193457886 1859583
32 0.40096112377549137 39.53668905181443 1801641
33 0.524325351577347 42.339351323957935 1752246
34 0.38681616083510534 43.695405631806175 1722609
35 0.460444792278093 46.164873149416294 1701963
36 0.5243846103081898 48.99808618755362 1681983
37 0.3799300040382286 46.99306770763225 1649238
38 0.47359836901121305 51.0236493374108 1633365
39 0.45845133660288734 52.78434758582579 1606947
40 0.5218366631615843 56.2862951279355 1583415
41 0.5021568488791458 55.961176720175374 1569651
42 0.5160071301247772 57.49825311942959 1556775
43 0.5096746141024712 61.56670773244438 1531689
44 0.5308723843206602 62.07964927792514 1506492
45 0.41866028708133973 65.10242224880383 1484736
46 0.49421261041730125 63.50944258300335 1457652
47 0.4951471267909413 68.76706208596518 1441002
48 0.5122605061893873 71.06008042261294 1407813
49 0.3695204937490109 70.54470644089254 1402818
50 0.5895039539899353 77.20520808371276 1389609
51 0.46499146133203223 77.31284053021062 1364967
52 0.3726519563612501 75.93478795832992 1353201
53 0.5400586019254918 78.35805776475513 1325895
54 0.4058386770165373 80.17600404994937 1315572
55 0.4716423103688239 88.09255393180237 1276056
56 0.4864769933263084 86.36037934668072 1264068
57 0.6891375788258283 94.20010658140154 1249749
58 0.5150121720313768 88.58371652691372 1231101
59 0.5824156146476855 94.09786014862566 1239759
60 0.5992996947387322 95.70847548931586 1236318
61 0.41733430444282593 94.95338674435543 1219224
62 0.47241090536894015 97.93868056201731 1192917
63 0.44767225325884547 101.20055865921788 1192140
64 0.7006874164598053 108.42151995417224 1162614
65 0.5703305149884704 104.09800153727902 1155288
66 0.4967153642513972 107.51367781155015 1132089
67 0.40510335278409654 106.83691029571753 1122321
68 0.41845450933651174 112.26589193484307 1117548
69 0.5631643499591169 117.64615699100572 1086024
70 0.5392913802221047 118.69793759915389 1049505
71 0.4616286506075464 115.35418887230868 1041402
72 0.507051282051282 125.0965811965812 1038960
73 0.6807671816728823 128.17101758124667 1041735
74 0.5276225279449699 125.30298796216681 1032744
75 0.8005181347150259 133.34261658031087 1028304
76 0.4942403825255379 130.52901543142795 1021422
77 0.32141689373297005 143.61035422343323 1018425
78 0.522804244750508 141.38643034545044 983238
79 0.6024682971014492 136.12715126811594 980352
80 0.43011855905152757 143.3170314637483 973692
81 0.42939348601680283 145.2826562320175 964479
82 0.5152622274602239 155.98114319387153 941835
83 0.40658955485453907 149.75324220119174 950049
84 0.4916129032258065 151.27073313782992 946275
85 0.6510638297872341 146.85437352245862 939060
86 0.7811046164857449 156.84957652391745 930513
87 0.821376811594203 168.21219806763284 919080
88 0.4429835340378471 142.3188744163185 903318
89 0.4545122396784801 157.37961271465107 911421
90 0.3080907745436606 156.33744449926 899988
91 0.2977899862654514 157.28892495942065 888999
92 0.7098118449299154 169.29246116933956 879009
93 0.45079285174930783 171.90913667253963 882006
94 0.2174357663300524 167.91397162213985 868353
95 0.2585294895530283 165.15115048928854 839382
96 0.6897570143643442 194.41186736474694 826839
97 0.5560741432190959 185.83411121482865 832389
98 0.41222983658408013 193.9475487612019 842268
99 0.6128133704735376 199.4309590131317 836829
100 0.3788635443379673 193.15899581589957 822399
101 0.6159020583882685 187.7745190367281 825063
102 0.5662666846433868 196.47350680868274 823287
103 0.5800470458004705 211.91642451916425 802197
104 0.5960513042225104 212.98140942498918 770229
105 0.31766038804701885 204.37006089788983 783771
106 0.3538961038961039 188.64243365330321 786324
107 0.5477201925800057 214.476352308128 783882
108 0.3912672450576021 210.43734888351585 780441
109 0.3475278651043155 229.3975421549014 776778
110 0.24152663058957563 218.30618057533465 779442
111 0.39217134416543575 205.45745937961595 751470
112 0.7162461266046923 219.10255275195513 752247
113 0.6530762437444805 250.27038563438327 754134
114 0.5329196306947177 232.74875132435295 733377
115 0.3598851269649335 230.584492140266 734376
116 0.7219135802469135 246.8753086419753 719280
117 0.46808510638297873 258.75440729483284 730380
118 0.6208339792280266 235.6879553557588 716061
119 0.7396805313933259 263.02910011070696 701853
120 0.31321422823112827 251.90181876710125 689643
121 0.3299156606581776 230.2482222589714 671217
122 0.5588819053919947 244.43350975851803 671106
123 0.7003864896656025 260.94404301798016 660561
124 0.36908570466408486 258.8519952854016 659229
125 0.27369980250164583 252.00411454904543 674436
126 0.4869154144859024 276.55850075975013 657453
127 0.5773409208484221 254.13933436799448 643689
128 0.7494391716997412 265.365142364107 643245
129 0.3204888813444237 267.8655576302835 653901
130 0.33225915875169604 250.9967774762551 654456
131 0.10131864463361709 271.5905524954098 665001
132 0.14526566757493187 271.5567098092643 651792
133 0.4714187327823691 294.5182506887052 644688
134 0.4071340713407134 308.80108943946584 631701
135 0.5048933939182104 252.38325760223697 635142
136 0.7537102473498233 317.086925795053 628260
137 0.3652079956780119 287.4298577345579 616383
138 0.6232446415373245 302.3431263858093 600732
139 0.19434171597633135 297.23132396449705 600288
140 0.2483061710309467 293.11774400292984 606171
141 0.5859992472713587 324.44185171245766 589854
142 0.6969348659003831 344.0015325670498 579420
143 0.2944132998260197 341.15426251691474 574203
144 0.4521805661820964 322.8026013771997 580308
145 0.1821525358110724 328.2146728610143 573426
146 -0.21971611899669455 302.45848726424265 570873
147 0.3141089602873678 316.4861305128717 556221
148 0.3415366146458583 332.6128451380552 554778
149 0.6 326.0264 555000
150 -0.07326299024487358 318.8520804300219 557553
151 0.39521076588165444 352.4628933306946 560883
152 0.28193743693239154 300.4809283551968 550005
153 0.302258726899384 358.52566735112936 540570
154 0.44480851935285687 336.9371288142535 542013
155 0.5349219391947412 368.6138044371405 540348
156 0.13857290589451912 346.8905894519131 536685
157 0.017389482505761576 341.78022208254765 529803
158 0.6916420430561419 365.78070915998313 525918
159 1.1344664371772806 413.53377796901896 515928
160 -0.1281662697553583 361.8887205022732 512709
161 0.8374091209517515 379.7512667988544 503829
162 0.15705631590756114 350.9836212699125 494727
163 -0.03099582325785887 344.30666080457246 504939
164 0.21954425942156003 363.056967572305 506604
165 0.04237658366098733 364.8776758409786 508158
166 0.580078125 413.8548177083333 511488
167 -0.036030204962243795 389.5290183387271 514485
168 -0.11739808420583649 348.9599019826242 498279
169 -0.019114219114219115 366.12074592074595 476190
170 0.34520740567143193 389.967893133349 473637
171 0.3071727992547741 391.0402887750349 476634
172 0.12126909518213866 360.7957696827262 472305
173 0.06095017381228274 360.04194669756663 478965
174 0.11268269684111268 377.7916077322018 470862
175 0.5304668304668305 409.15110565110564 451770
176 0.43031189083820665 478.44395711500977 455544
177 0.23602959938759888 422.5912222505741 435009
178 0.26338602753697093 421.0104538500765 435342
179 0.07114228456913828 472.7775551102204 443112
180 -0.17049180327868851 354.43682219419924 440115
181 0.4258409785932722 450.67813455657495 435564
182 -0.03173763554615181 373.1192806135943 419691
183 0.30442568431823996 478.7500639549757 433899
184 -0.26970005083884085 469.5010167768175 436674
185 0.5672499347088013 469.62653434317053 425019
186 0.24487678339818417 432.0674448767834 427905
187 0.5888546481766821 434.39522342064714 432234
188 0.5782977629210594 471.33530470557986 431679
189 -0.35710455764075066 360.8691689008043 414030
190 -0.06347116144324466 472.6997629707664 421467
191 -0.3054350599642766 410.9402908905333 435009
192 0.2503239181135009 482.94895050531227 428349
193 0.09215017064846416 473.6962457337884 422799
194 -0.11061598951507208 487.9480996068152 423465
195 0.786461199779857 487.3153549807375 403374
196 -0.11104926245477317 441.8956303924297 398823
197 0.38598382749326143 432.8619946091644 411810
198 0.1697802197802198 547.7510989010989 404040
199 0.17099748533109807 424.58843252305115 397269
200 0.4817642069550466 537.6488549618321 392607
201 0.03622178879910839 498.2674839788242 398379
202 -0.15223386651958082 471.65747380033093 402486
203 -0.022913719943422915 496.1903818953324 392385
204 0.6795422031473534 463.0257510729614 387945
205 -0.09997175939000283 437.4572154758543 393051
206 0.5211146222349899 528.8520540074691 386391
207 0.6089339545080844 556.8161140038367 405039
208 0.29055207740466704 578.5335799658509 390054
209 -0.2941666666666667 441.90472222222223 399600
210 -0.267562272600056 467.99048418695776 396603
211 0.6973456433929602 470.6788805539527 384726
212 -0.2713830095679907 488.1333719918817 382839
213 -0.3396171693735499 476.81641531322504 382728
214 0.02646280505733608 611.2096442222876 377511
215 -0.23300117233294257 552.2576201641266 378732
216 -0.571767497034401 477.41755634638196 374292
217 -0.0011761246692149367 605.1167303734196 377511
218 -0.780042592029206 543.0301186492242 364857
219 -0.3037511436413541 522.8862458066484 363969
220 -0.39498730964467005 519.1126269035533 349872
221 0.15472415979708307 550.6835764109068 350094
222 1.0061132561132562 637.0144787644788 344988
223 -0.1975742100223428 523.7175231407597 347763
224 -0.8521196187972395 445.3365100230036 337773
225 1.5815994798439532 630.4788686605982 341436
226 -0.06752827140549272 528.8791599353797 343545
227 0.2870797626895188 591.0418589321029 336774
228 -0.8037443511943189 510.2834086507424 343878
229 -0.9182472204054938 549.0863309352518 339438
230 -0.47773012207192345 598.77202243484 336441
231 0.761144377910845 632.8829008649368 333666
232 0.09069212410501193 583.2465052846915 325563
233 -0.7491773308957953 472.9159049360146 303585
234 -0.4218865143699337 538.8456153279293 301254
235 0.8589652728561304 727.0049610205529 313242
236 -0.4229934924078091 581.1055676066522 307026
237 -0.0305316091954023 758.2065373563219 309024
238 -0.6301319648093842 603.0685483870968 302808
239 -0.3242851972493666 512.4350343829171 306693
240 -0.03468419131069733 657.0547645125959 304029
241 -0.4515426497277677 560.06388384755 305805
242 0.12910365178900773 619.4039099963113 300921
243 0.4606656580937973 767.9077155824508 293484
244 -1.0436522371771553 530.1451436886141 305139
245 -0.05377120173222663 593.6250451100685 307581
246 -0.5299115044247787 622.6311504424779 313575
247 -0.7228058285327008 532.8000677736361 327561
248 -1.112508986340762 496.81128684399715 308802
249 -0.48256467941507314 515.5361829771279 296037
250 -0.32386587771203157 628.4714003944773 281385
251 -0.13870967741935483 634.3733870967742 275280
252 -0.4481409001956947 635.5776908023483 283605
253 -0.7329143754909663 537.2443047918304 282606
254 -1.0906614785992217 658.331906614786 285270
255 -0.4611479890667708 604.9976571651698 284271
256 -0.5262738853503185 594.1616242038217 278832
257 0.06307385229540918 699.4171656686626 278055
258 -0.7154244719011559 633.701474691112 278499
259 0.39546191247974066 736.7236628849271 273948
260 -0.23755102040816325 613.1657142857143 271950
261 -0.5430436556507547 703.5377396980824 272061
262 0.25248114331083765 731.4489876935291 279609
263 0.29024583663758924 703.4353687549564 279942
264 -0.8818961994278709 642.1765427053535 271617
265 -0.052931596091205214 676.8330618892509 272616
266 -0.6174796747967479 700.380081300813 273060
267 0.13791631084543127 710.6246797608882 259962
268 -0.7186016400517911 726.1514889943893 257187
269 -0.027728085867620753 867.0196779964222 248196
270 -1.4263067694944302 665.6765209940017 259074
271 -0.30611372381359553 713.0175288584866 259629
272 -0.15371254884932697 750.651324359531 255633
273 0.39710399297937693 744.6761737604212 252969
274 0.22609472743521 829.6827524575514 248418
275 -0.008226691042047532 685.3610603290676 242868
276 0.028089887640449437 699.8857677902622 237096
277 -0.07371794871794872 762.0764652014652 242424
278 -0.4914568345323741 832.1830035971223 246864
279 0.6970121381886087 863.9780578898226 237762
280 -0.9539411206077872 725.0308641975308 233766
281 -0.006463527239150508 770.8725761772853 240426
282 0.31670480549199087 698.1601830663616 242535
283 -0.085383502170767 743.3646888567293 230103
284 -0.1654275092936803 848.0315985130112 238872
285 -0.3757808745795291 672.446900528592 230991
286 0.16981132075471697 821.0824230387288 223554
287 1.0895228726020658 845.6217412690605 225663
288 0.34364427259545677 622.9381343644272 229659
289 -0.5835327908089996 657.32934418382 231879
290 -1.1753817677001388 714.1156871818603 239871
291 -1.6127167630057804 626.2485549132948 230436
292 -0.3053545586107091 755.4563434635794 230103
293 -1.1825242718446602 794.0320388349514 228660
294 -0.7608167233835683 771.9343704423918 228327
295 -0.2777777777777778 815.4941520467836 227772
296 -0.17990196078431372 831.6014705882353 226440
297 0.22338830584707647 846.8130934532734 222111
298 -0.6759030183077684 772.4789708065314 224331
299 0.20323212536728696 670.6802154750245 226662
300 0.6710590531966814 917.5075646656906 227439
301 -0.8940364711680631 673.5791030064071 225219
302 -1.6052114060963618 851.7232055063913 225774
303 -1.0261248185776488 745.0948234155782 229437
304 -0.8567251461988304 763.827485380117 227772
305 -1.4369877049180328 830.985143442623 216672
306 0.18646694214876033 869.9901859504132 214896
307 -0.20114942528735633 844.3516196447231 212454
308 -0.36765498652291106 1049.2 205905
309 -1.0485601355166572 762.3066064370412 196581
310 -0.6648075850529839 774.7640825432236 199023
311 0.21560130010834236 866.9599133261105 204906
312 -0.8026666666666666 834.3130666666667 208125
313 -0.671059857221307 874.8500823723228 202131
314 -0.8679141441937259 776.9306549257017 201687
315 -0.7497337593184239 800.937167199148 208458
316 -1.1164529914529915 840.0598290598291 207792
317 -1.8170144462279294 783.6500802568219 207459
318 0.5846238938053098 955.8357300884956 200688
319 -0.5665914221218962 928.9909706546275 196692
320 -0.7069065583284968 1075.771329077191 191253
321 -1.9041713641488163 795.1319052987599 196914
322 -1.3637921187892632 587.4334665905197 194361
323 -0.2316715542521994 767.1137829912024 189255
324 -1.2249570692615912 768.7315397824842 193917
325 -1.8500545256270446 991.3931297709923 203574
326 -0.3912111468381565 837.5980707395498 207126
327 0.17194570135746606 1061.777149321267 196248
328 -1.2749279538904899 963.842074927954 192585
329 -0.09134045077105575 730.3155397390273 187146
330 -1.9598583234946871 726.8831168831168 188034
331 -0.9472140762463344 854.5565982404692 189255
332 -1.5540927303949628 877.7487120778477 193917
333 -0.8968713789107764 752.757821552723 191586
334 -0.6299831555306008 944.7288040426727 197691
335 0.1244158878504673 906.4047897196261 190032
336 0.08811594202898551 720.0463768115942 191475
337 -0.04321728691476591 796.1680672268908 184926
338 -0.3687461395923409 900.3687461395923 179709
339 -1.125835866261398 992.9604863221884 182595
340 -0.05215281989084294 932.2219526986053 183039
341 -1.168458781362007 891.1362007168459 185814
342 -1.054002541296061 857.061626429479 174714
343 -0.5678763440860215 935.5302419354839 165168
344 -0.16792452830188678 971.4798742138365 176490
345 -0.11980136561142148 981.3339540657977 178821
346 -1.4172392254840724 938.9375390381011 177711
347 -0.5992669517409897 867.6108735491753 181707
348 -0.6345332519829164 861.9048200122025 181929
349 -0.26741293532338306 762.0037313432836 178488
350 -0.6596273291925466 794.9751552795032 178710
351 -0.3048780487804878 935.9878048780488 182040
352 -1.16078184110971 848.4962168978562 176046
353 -1.9228356336260979 906.1436637390213 176934
354 -1.673913043478261 739.6067193675889 168498
355 -0.051027170311464545 875.0106030483764 167499
356 -2.4483212639894667 886.9420671494404 168609
357 -0.8488448844884489 934.4514851485148 168165
358 -1.052738336713996 1112.3766058147396 164169
359 -0.4348122866894198 963.421843003413 162615
360 -1.7004103967168263 888.6292749658003 162282
361 -0.7856655290102389 1247.8368600682593 162615
362 -0.34120171673819744 1092.8648068669527 155178
363 -0.47874720357941836 885.7867263236391 148851
364 0.33642195295794725 1210.0384889522452 155733
365 -2.1666666666666665 1000.7564102564103 147186
366 0.10658771280532939 1020.4559585492228 149961
367 -1.1043916486681065 1104.730021598272 154179
368 -1.885590152063722 1006.0159304851556 153291
369 -1.3842794759825328 975.5909752547307 152514
370 -1.749058025621703 978.3820648078372 147297
371 -1.1837349397590362 1297.7831325301204 147408
372 -0.5358231707317073 1158.5983231707316 145632
373 -1.743939393939394 944.4954545454545 146520
374 -2.3793375394321767 760.0370662460568 140748
375 -0.46849518161601184 861.3165307635286 149739
376 -0.7835990888382688 1312.817008352316 146187
377 -2.6164705882352943 1013.1952941176471 141525
378 0.24959871589085073 904.9526484751204 138306
379 -1.0614657210401892 1290.6485421591804 140859
380 -0.7049714751426243 1132.9494702526488 136197
381 -0.24193548387096775 843.25 137640
382 0.0204241948153967 1029.3621366849961 141303
383 -0.40393700787401576 1022.3818897637796 140970
384 0.5030581039755352 1184.2874617737002 145188
385 -0.7921875 1078.5046875 142080
386 -2.360353130016051 1032.7937399678972 138306
387 -1.8635275339185953 701.6017557861134 139083
388 -0.33789219629927597 957.4963797264683 137973
389 -2.8884331419196063 1273.867924528302 135309
390 0.13986013986013987 987.4514374514374 142857
391 -1.3338815789473684 969.3881578947369 134976
392 0.8853914447134786 972.9693301049233 137529
393 -2.633935585231736 1370.28672427337 141303
394 -1.4570970328789095 1278.4370489174019 138417
395 0.12694512694512694 1258.9033579033578 135531
396 -2.2489307100085543 1044.491873396065 129759
397 -2.1614539306847 1273.3736263736264 131313
398 -3.0217202432667247 1289.28583840139 127761
399 -2.350471293916024 821.426735218509 129537
400 -0.4894336432797971 1289.3026204564667 131313
401 -2.212351945854484 949.0194585448393 131202
402 -3.4601924759405076 1067.904636920385 126873
403 -2.865800865800866 1165.0683982683984 128205
404 -0.6606837606837607 1171.2230769230769 129870
405 0.7357512953367875 1405.6908462867011 128538
406 -2.8177777777777777 825.1182222222222 124875
407 -1.784431137724551 1165.775876817793 129759
408 -1.5494211932324131 1055.0703472840605 124653
409 -1.7119924457034938 1134.8772426817752 117549
410 -2.43607532210109 1264.4876114965311 111999
411 -2.078125 829.482421875 113664
412 -1.5585156993339677 823.255946717412 116661
413 -1.4347434743474348 1063.098109810981 123321
414 -1.9412844036697248 1501.532110091743 120990
415 -0.9565217391304348 953.234404536862 117438
416 -0.37209302325581395 908.5581395348837 119325
417 -2.215738284703802 1220.0848806366048 125541
418 -2.3180970149253732 1157.8013059701493 118992
419 -1.2913843175217812 1312.350435624395 114663
420 -1.8106280193236715 1261.2850241545893 114885
421 -0.3535749265426053 985.0901077375122 113331
422 -2.0684371807967312 1368.8998978549541 108669
423 -1.311871227364185 1161.959758551308 110334
424 -1.1684836471754212 1431.6065411298316 111999
425 -2.7917087967644085 1138.2355915065723 109779
426 -0.274896265560166 1281.6960580912862 107004
427 -0.5830753353973168 1365.249742002064 107559
428 -0.9791449426485923 1202.201251303441 106449
429 -2.939 1223.221 111000
430 -1.9939455095862766 701.9233097880929 110001
431 -1.1275964391691395 929.728981206726 112221
432 -2.967611336032389 1219.1457489878542 109668
433 -1.6357069143446852 961.0536635706915 107559
434 -3.181723779854621 1673.8296988577363 106893
435 -1.8255687973997834 1363.842903575298 102453
436 -3.179401993355482 1031.1173864894795 100233
437 -1.8657407407407407 1398.4467592592594 95904
438 -0.6597374179431073 1615.9354485776805 101454
439 -1.4304979253112033 1215.5778008298755 107004
440 -2.360128617363344 1380.3772775991426 103563
441 -2.582843713278496 1032.7614571092831 94461
442 -2.4909297052154193 1494.1326530612246 97902
443 -1.6866002214839424 1393.4163898117386 100233
444 -1.0940919037199124 1431.7724288840263 101454
445 -2.167824074074074 1258.693287037037 95904
446 -0.9166666666666666 1255.841111111111 99900
447 -0.6122905027932961 1333.8033519553073 99345
448 -2.810055865921788 875.7128491620111 99345
449 -2.362239297475302 881.8463227222832 101121
450 -2.7772778402699663 1138.6670416197976 98679
451 -1.901330376940133 1293.1452328159646 100122
452 -1.1691973969631237 1388.0260303687635 102342
453 -1.3747276688453158 1319.6427015250545 101898
454 -0.6275132275132275 977.0804232804232 104895
455 0.007583965330444204 1605.9382448537378 102453
456 -2.714902807775378 979.1555075593952 102786
457 -0.744920993227991 1059.2031602708803 98346
458 -2.17018779342723 858.0246478873239 94572
459 -1.1132300357568534 1132.6889153754469 93129
460 -1.3653136531365313 1300.5535055350554 90243
461 -2.4320843091334896 1157.1955503512881 94794
462 -1.4169453734671127 1218.4336677814938 99567
463 -0.6832946635730859 1228.9199535962878 95682
464 -0.43956043956043955 1384.949938949939 90909
465 -0.7515375153751538 1709.6322263222633 90243
466 -2.1261682242990654 1731.766355140187 95016
467 -1.761501210653753 891.0060532687652 91686
468 -0.8533333333333334 1174.8824242424243 91575
469 -1.3383647798742138 920.9610062893082 88245
470 -0.18345323741007194 1079.3968824940048 92574
471 -1.1552567237163813 1696.1968215158925 90798
472 -3.736969696969697 1623.5381818181818 91575
473 -2.3936591809775427 1308.1241743725232 84027
474 -2.7841352405721715 1251.0208062418726 85359
475 -3.0572207084468666 1199.0817438692097 81474
476 0.5561959654178674 2064.256484149856 77034
477 -2.0087336244541483 1312.5385735080058 76257
478 -2.774496644295302 1422.0738255033557 82695
479 -1.4177057356608478 1432.138403990025 89022
480 -2.2551143200962698 1780.3128760529482 92241
481 -2.8134969325153376 1240.636809815951 90465
482 -2.562130177514793 1354.760946745562 93795
483 -2.735329341317365 1330.062275449102 92685
484 -2.3364238410596028 1231.4490066225167 83805
485 -2.0201884253028264 1193.8156123822341 82473
486 -2.268188302425107 1670.2910128388016 77811
487 -2.2971014492753623 775.2536231884058 76590
488 -1.7225352112676056 1327.9676056338028 78810
489 -3.1519536903039076 1666.3762662807526 76701
490 -2.3703190013869624 1445.49653259362 80031
491 -0.6935933147632312 1424.2562674094709 79698
492 0.28230337078651685 1596.7879213483145 79032
493 -2.343324250681199 1376.5204359673025 81474
494 -4.74888558692422 1109.6017830609212 74703
495 -3.485981308411215 963.601246105919 71262
496 0.012968299711815562 1360.4337175792507 77034
497 -1.5163204747774481 957.4302670623146 74814
498 -0.7136752136752137 1448.9957264957266 77922
499 -1.0068119891008174 1126.767029972752 81474
500 -4.256164383561644 912.3465753424657 81030
501 -3.1929078014184396 1435.4170212765957 78255
502 -1.7335243553008597 740.1289398280802 77478
503 -4.251862891207153 1963.295081967213 74481
504 -3.8212025316455698 842.8338607594936 70152
505 -2.4064625850340136 1056.297619047619 65268
506 -0.764505119453925 1195.8293515358362 65046
507 -2.05324459234609 1425.6106489184692 66711
508 -2.2082644628099173 876.6148760330578 67155
509 -1.2829268292682927 1117.4845528455285 68265
510 -0.6 1403.9618320610687 72705
511 -1.0336906584992342 1123.9310872894334 72483
512 -1.2777777777777777 886.2396825396826 69930
513 -2.9593114241001564 1448.5492957746478 70929
514 -6.538709677419355 1814.1032258064515 68820
515 -0.6978297161936561 1816.8580968280467 66489
516 0.36348684210526316 1541.185855263158 67488
517 -1.9427662957074723 1227.268680445151 69819
518 -1.5748407643312101 1615.31050955414 69708
519 -3.2902208201892744 1883.410094637224 70374
520 -2.449275362318841 1512.9838969404186 68931
521 -4.693910256410256 1350.2483974358975 69264
522 -5.299668874172186 1513.7566225165563 67044
523 -4.290155440414508 1664.4110535405873 64269
524 -4.533687943262412 2246.7570921985816 62604
525 0.6316695352839932 1925.7435456110154 64491
526 -0.49328859060402686 1414.7013422818793 66156
527 -1.42998352553542 1951.2685337726523 67377
528 -1.5205696202531647 1529.0901898734178 70152
529 -4.254961832061069 1364.0870229007633 72705
530 -2.9668246445497632 1705.3364928909953 70263
531 -3.916247906197655 1257.3031825795645 66267
532 -2.2072968490878937 513.5240464344942 66933
533 -1.1400329489291599 2118.359143327842 67377
534 -0.7047308319738989 1301.4910277324634 68043
535 -2.814876033057851 2152.4809917355374 67155
536 -0.22241086587436332 1261.753820033956 65379
537 -2.6318407960199006 1704.2835820895523 66933
538 -3.276632302405498 1978.864261168385 64602
539 0.5848375451263538 1714.768953068592 61494
540 -2.6930320150659135 1331.4990583804142 58941
541 -1.8553113553113554 2096.1153846153848 60606
542 -2.724199288256228 1138.9412811387901 62382
543 -0.7218181818181818 2001.0745454545454 61050
544 -1.872495446265938 1163.3952641165756 60939
545 -2.396414342629482 1850.085657370518 55722
546 -2.124513618677043 2054.513618677043 57054
547 -4.5092936802973975 1277.1226765799256 59718
548 -3.1204379562043796 1938.2153284671533 60828
549 -4.633217993079585 1215.3460207612457 64158
550 -3.920138888888889 1702.8333333333333 63936
551 -2.477272727272727 892.5340909090909 58608
552 -0.9774011299435028 1557.7269303201506 58941
553 -0.21782178217821782 1133.968316831683 56055
554 -0.8505263157894737 1594.1642105263159 52725
555 -5.2760084925690025 1443.335456475584 52281
556 2.0766045548654244 2294.7060041407867 53613
557 -3.8565965583173996 937.5353728489483 58053
558 -3.7615658362989324 1344.1637010676156 62382
559 -0.7137330754352031 1663.4642166344295 57387
560 -4.432323232323232 1361.3373737373738 54945
561 -1.6557692307692307 1528.4096153846153 57720
562 -3.388671875 1877.904296875 56832
563 -0.5917030567685589 1538.2554585152839 50838
564 -1.0559006211180124 1342.1946169772257 53613
565 -5.205588822355289 1581.9720558882236 55611
566 -0.9224489795918367 1677.6326530612246 54390
567 -3.191616766467066 1470.4530938123753 55611
568 -3.741052631578947 1030.124210526316 52725
569 -2.2058823529411766 1149.857142857143 52836
570 -0.510548523206751 1303.7974683544303 52614
571 -3.0893617021276594 2119.242553191489 52170
572 -3.8516129032258064 890.6301075268817 51615
573 -6.028301886792453 1879.7075471698113 47064
574 -5.318604651162791 1152.7883720930233 47730
575 -0.9137529137529138 1815.7529137529139 47619
576 -4.175519630484988 1824.4110854503465 48063
577 -0.9904076738609112 1148.4148681055156 46287
578 -1.198257080610022 1459.20697167756 50949
579 -1.8082191780821917 1450.461187214612 48618
580 -1.0120192307692308 2271.252403846154 46176
581 -1.864678899082569 2627.7362385321103 48396
582 -4.0770975056689345 1821.1065759637188 48951
583 -2.8976190476190475 1391.5166666666667 46620
584 -5.726342710997442 1725.153452685422 43401
585 -4.096698113207547 1400.0165094339623 47064
586 -1.419811320754717 2352.1603773584907 47064
587 -1.1899313501144164 1869.6979405034324 48507
588 1.0359408033826638 1787.0232558139535 52503
589 -2.995708154506438 2249.1459227467813 51726
590 -2.1048218029350103 1548.2599580712788 52947
591 -2.1224066390041494 1411.5165975103735 53502
592 -5.596846846846847 2239.2364864864867 49284
593 3.1678004535147393 2936.1292517006805 48951
594 -1.0941176470588236 3143.9364705882354 47175
595 -3.621212121212121 857.3441558441558 51282
596 -5.391129032258065 1676.0 55056
597 -5.01004016064257 1699.2510040160641 55278
598 -2.0610021786492374 1147.8605664488018 50949
599 -5.725 2066.965909090909 48840
600 -3.9927007299270074 1553.6812652068127 45621
601 0.6650485436893204 1429.383495145631 45732
602 -5.661290322580645 1450.4124423963133 48174
603 -0.6327014218009479 1120.9597156398104 46842
604 -2.2062780269058297 1509.5336322869955 49506
605 -3.325 1412.5541666666666 53280
606 -0.6096491228070176 1530.127192982456 50616
607 -3.531453362255965 1087.8394793926248 51171
608 -2.2679425837320575 1156.377990430622 46398
609 -2.336898395721925 1452.3208556149732 41514
610 -2.8 1595.1774647887323 39405
611 -1.2782152230971129 1006.9475065616798 42291
612 -10.467866323907455 2792.344473007712 43179
613 -3.703883495145631 2266.4368932038833 45732
614 -0.7763496143958869 1189.4704370179948 43179
615 -1.8511166253101736 2210.739454094293 44733
616 -0.8992628992628993 1129.3906633906633 45177
617 -7.300480769230769 2462.685096153846 46176
618 -4.352402745995423 1743.4279176201374 48507
619 -2.5325581395348835 1108.9186046511627 47730
620 -2.9927184466019416 1543.128640776699 45732
621 -3.9226666666666667 1998.5306666666668 41625
622 -1.2046632124352332 2061.142487046632 42846
623 1.3625 2404.6675 44400
624 -4.11214953271028 1355.0607476635514 47508
625 -2.0246305418719213 1449.9556650246304 45066
626 -4.262734584450402 2115.083109919571 41403
627 -0.9592391304347826 701.2853260869565 40848
628 -2.543766578249337 1533.3501326259948 41847
629 -7.8861788617886175 2734.357723577236 40959
630 -6.749295774647887 1774.8450704225352 39405
631 -1.9367816091954022 1856.287356321839 38628
632 -4.0576923076923075 2029.5027472527472 40404
633 -1.7542372881355932 2366.6581920903955 39294
634 -3.299145299145299 1277.954415954416 38961
635 -3.8011363636363638 1839.0454545454545 39072
636 -3.128767123287671 2474.832876712329 40515
637 -4.95575221238938 1367.7581120943953 37629
638 -1.2412868632707774 1214.1206434316355 41403
639 -6.613513513513514 2033.6945945945945 41070
640 -2.2997275204359675 1491.7929155313352 40737
641 -4.527472527472527 1673.3186813186812 40404
642 -3.1215189873417724 1597.0303797468355 43845
643 -4.049350649350649 2193.5298701298702 42735
644 -4.692913385826771 1263.5748031496064 42291
645 -5.105398457583547 1706.5809768637532 43179
646 -3.6801075268817205 1448.018817204301 41292
647 -10.518840579710146 2414.7855072463767 38295
648 -7.7982708933717575 2605.976945244957 38517
649 -5.48314606741573 1925.7640449438202 39516
650 -4.1609907120743035 1489.5046439628484 35853
651 -4.137535816618911 1681.5759312320918 38739
652 -1.9553072625698324 2849.6424581005585 39738
653 -2.2796610169491527 2277.8898305084745 39294
654 -2.199324324324324 617.5168918918919 32856
655 -4.626623376623376 1760.3214285714287 34188
656 -2.0688524590163935 1961.983606557377 33855
657 -2.943894389438944 3776.3762376237623 33633
658 1.5854545454545454 4063.7527272727275 30525
659 -2.0357142857142856 1920.6331168831168 34188
660 -2.944954128440367 2129.422018348624 36297
661 -3.4934640522875817 1573.1339869281046 33966
662 -1.542857142857143 1186.8142857142857 31080
663 -2.017921146953405 1690.36917562724 30969
664 -0.2602739726027397 1884.8082191780823 32412
665 -6.228187919463087 1323.4697986577182 33078
666 -3.146964856230032 2747.8306709265175 34743
667 -1.960655737704918 2285.3311475409837 33855
668 -3.4952978056426334 1030.1724137931035 35409
669 -3.244360902255639 1750.8533834586467 29526
670 -6.195804195804196 1788.7132867132866 31746
671 1.5223880597014925 2054.708955223881 29748
672 -4.506072874493927 1016.336032388664 27417
673 -3.588888888888889 4204.522222222222 29970
674 -1.9055944055944056 1554.0104895104896 31746
675 -2.744047619047619 1866.1785714285713 37296
676 0.3355048859934853 2578.4657980456027 34077
677 -4.655948553054662 1947.0289389067525 34521
678 -5.512820512820513 1673.7435897435898 34632
679 -3.142384105960265 1812.341059602649 33522
680 -4.661538461538462 2198.716923076923 36075
681 -6.545762711864406 2060.898305084746 32745
682 -2.685121107266436 1935.840830449827 32079
683 -4.681481481481481 1804.6074074074074 29970
684 -1.9251968503937007 2568.8937007874015 28194
685 -4.488 1443.36 27750
686 -7.664 1866.568 27750
687 0.9157894736842105 3141.7017543859647 31635
688 -8.200716845878135 1975.4695340501792 30969
689 2.0519031141868513 1504.2595155709344 32079
690 -6.575187969924812 1859.7781954887218 29526
691 -8.385185185185184 2083.822222222222 29970
692 -0.6075471698113207 1901.1056603773584 29415
693 -6.388679245283019 2401.5283018867926 29415
694 -5.045454545454546 1843.9242424242425 29304
695 -7.545454545454546 2420.4458874458874 25641
696 -2.444954128440367 1801.3623853211009 24198
697 -0.14285714285714285 2161.1198156682026 24087
698 -1.268421052631579 460.7 21090
699 -4.557213930348259 1919.55223880597 22311
700 -5.741626794258373 3016.8612440191387 23199
701 -5.576923076923077 2689.278846153846 23088
702 0.8523809523809524 3503.5857142857144 23310
703 -1.5753424657534247 1281.4748858447488 24309
704 3.700440528634361 3912.352422907489 25197
705 -4.62719298245614 1885.5833333333333 25308
706 -3.583710407239819 3526.6153846153848 24531
707 -1.224390243902439 3158.951219512195 22755
708 -0.05309734513274336 246.1504424778761 25086
709 -3.241106719367589 1776.505928853755 28083
710 0.7212389380530974 1410.1194690265486 25086
711 -3.26431718061674 2199.3876651982378 25197
712 -7.314009661835748 4852.173913043478 22977
713 -7.837320574162679 2718.133971291866 23199
714 -2.292887029288703 4134.610878661088 26529
715 -4.183406113537118 1453.1703056768558 25419
716 -2.6026785714285716 2786.8258928571427 24864
717 -4.6600985221674875 2223.6453201970444 22533
718 -2.4324324324324325 1289.9351351351352 20535
719 -0.46568627450980393 2512.377450980392 22644
720 -6.381147540983607 3528.094262295082 27084
721 -7.056603773584905 2290.7924528301887 23532
722 -3.1721311475409837 3142.6475409836066 27084
723 -0.3923076923076923 2292.076923076923 28860
724 -2.444915254237288 1800.834745762712 26196
725 -2.108 1005.004 27750
726 -4.596707818930041 1119.6748971193415 26973
727 -1.508695652173913 1681.0739130434783 25530
728 -3.940944881889764 2625.248031496063 28194
729 -2.9761904761904763 2024.5666666666666 23310
730 -10.051282051282051 2364.1128205128207 21645
731 -3.646551724137931 1562.5344827586207 25752
732 -0.6844444444444444 1538.0177777777778 24975
733 -3.896414342629482 2664.7808764940237 27861
734 -4.081712062256809 1179.3813229571983 28527
735 -9.504464285714286 3009.9151785714284 24864
736 -3.2171945701357467 3852.8009049773755 24531
737 -1.830601092896175 2777.2622950819673 20313
738 -2.3536585365853657 1363.9146341463415 18204
739 -6.625 1958.203947368421 16872
740 0.5819209039548022 2734.005649717514 19647
741 -6.405940594059406 2977.2574257425745 22422
742 -6.604347826086957 2183.5 25530
743 -6.609442060085837 1908.4206008583692 25863
744 -1.3008474576271187 2454.1228813559323 26196
745 2.1867219917012446 961.4647302904565 26751
746 0.5848214285714286 1611.8526785714287 24864
747 -2.5402843601895735 2669.203791469194 23421
748 -1.3509615384615385 3242.081730769231 23088
749 -5.630208333333333 2146.1302083333335 21312
750 -3.472636815920398 1746.5671641791046 22311
751 -1.0842105263157895 1669.6842105263158 21090
752 -11.418994413407821 2387.3743016759777 19869
753 -1.5337078651685394 4831.185393258427 19758
754 3.088888888888889 4054.4555555555557 19980
755 1.7848837209302326 4847.424418604651 19092
756 -6.833333333333333 2874.525641025641 17316
757 -5.485380116959064 1263.5672514619882 18981
758 1.8520408163265305 1694.188775510204 21756
759 -6.575757575757576 3955.3232323232323 21978
760 -6.614285714285714 2681.109523809524 23310
761 -1.7405405405405405 2041.2216216216216 20535
762 0.7593582887700535 828.855614973262 20757
763 -3.010752688172043 1230.8924731182797 20646
764 -4.172185430463577 1161.23178807947 16761
765 1.217687074829932 1356.7551020408164 16317
766 -8.586021505376344 3346.962365591398 20646
767 -4.926966292134831 1845.747191011236 19758
768 -6.77456647398844 2650.8208092485547 19203
769 -5.664634146341464 2906.140243902439 18204
770 1.1987577639751552 1925.0621118012423 17871
771 -5.6467065868263475 3049.5988023952095 18537
772 -8.677018633540373 2956.776397515528 17871
773 -4.634730538922156 2364.4670658682635 18537
774 -8.52662721893491 3071.165680473373 18759
775 1.3734177215189873 1937.740506329114 17538
776 -7.491124260355029 3095.7041420118344 18759
777 -5.75 1445.826923076923 17316
778 -6.06993006993007 1777.7902097902097 15873
779 -5.9 2291.0285714285715 15540
780 0.8741721854304636 1929.6291390728477 16761
781 -2.1666666666666665 3459.1388888888887 15984
782 -1.851063829787234 512.2056737588653 15651
783 -0.3841059602649007 1336.6754966887418 16761
784 -4.605633802816901 1055.2535211267605 15762
785 -2.3785714285714286 862.3071428571428 15540
786 -1.9865771812080537 3586.040268456376 16539
787 -5.196319018404908 1463.2331288343557 18093
788 -0.6624203821656051 1069.4140127388534 17427
789 -13.347222222222221 3164.3888888888887 15984
790 -4.7439024390243905 4069.109756097561 18204
791 1.71875 4167.020833333333 21312
792 -2.934010152284264 1238.6497461928934 21867
793 -6.313513513513514 1619.1891891891892 20535
794 0.3392857142857143 1422.827380952381 18648
795 -7.265060240963855 2268.385542168675 18426
796 -6.791139240506329 2409.8417721518986 17538
797 -5.092105263157895 1935.4342105263158 16872
798 0.5987654320987654 1916.6234567901236 17982
799 -13.873493975903614 3476.078313253012 18426
800 -6.185714285714286 3764.3285714285716 15540
801 -6.625 3232.6513157894738 16872
802 -7.606936416184971 2290.023121387283 19203
803 -1.6820809248554913 1177.1965317919075 19203
804 -1.7338129496402879 4114.179856115108 15429
805 -11.894736842105264 2985.6691729323306 14763
806 -2.7837837837837838 490.22972972972974 16428
807 -12.130434782608695 3945.521739130435 17871
808 -2.185430463576159 974.9668874172186 16761
809 -10.065088757396449 3661.757396449704 18759
810 -4.787356321839081 4482.925287356322 19314
811 3.6838709677419357 3800.7806451612905 17205
812 0.7597402597402597 822.5649350649351 17094
813 -2.2099447513812156 2287.1381215469614 20091
814 -0.7816091954022989 794.4942528735633 19314
815 -3.7 4138.166666666667 16650
816 -6.8068965517241375 2483.1103448275862 16095
817 -2.006849315068493 1000.3767123287671 16206
818 -0.8930817610062893 1314.0503144654087 17649
819 -7.132075471698113 2179.8867924528304 17649
820 -6.1265822784810124 2249.227848101266 17538
821 3.1948051948051948 4227.025974025974 17094
822 -5.97972972972973 1458.4662162162163 16428
823 -8.74698795180723 2467.879518072289 18426
824 -3.7374301675977653 2178.575418994413 19869
825 -12.467836257309942 3697.812865497076 18981
826 -3.7080745341614905 1724.7888198757764 17871
827 -4.9185185185185185 1773.6444444444444 14985
828 -9.025210084033613 2554.084033613445 13209
829 -5.06015037593985 1520.0526315789473 14763
830 -11.855072463768115 2877.2608695652175 15318
831 1.9230769230769231 6035.107692307693 14430
832 -2.439655172413793 1103.353448275862 12876
833 -6.042735042735043 3351.957264957265 12987
834 -3.252173913043478 3833.669565217391 12765
835 -7.946902654867257 1522.6371681415928 12543
836 -6.707142857142857 1706.6357142857144 15540
837 -5.172185430463577 2167.3046357615895 16761
838 -10.701754385964913 3422.2280701754385 12654
839 -1.3064516129032258 1629.1935483870968 13764
840 -1.9411764705882353 2149.0882352941176 15096
841 -2.3358208955223883 2469.4402985074626 14874
842 -3.0 1344.8 14430
843 -4.653846153846154 1679.9923076923078 14430
844 -8.282051282051283 2734.076923076923 12987
845 -8.142857142857142 2447.253968253968 13986
846 -1.9477611940298507 280.32089552238807 14874
847 -5.672566371681416 2159.902654867257 12543
848 -10.3125 3718.0803571428573 12432
849 -3.732824427480916 2075.656488549618 14541
850 -1.9024390243902438 908.4146341463414 18204
851 -2.0526315789473686 1193.5112781954888 14763
852 -7.598290598290598 2041.2393162393162 12987
853 -6.8 6305.808695652174 12765
854 -6.310077519379845 1671.3953488372092 14319
855 1.9333333333333333 887.562962962963 14985
856 -6.857142857142857 2798.8571428571427 13986
857 -5.469230769230769 2202.4384615384615 14430
858 -10.347107438016529 3656.495867768595 13431
859 -2.9926470588235294 792.6838235294117 15096
860 -2.019607843137255 957.2483660130719 16983
861 -2.3680981595092025 1291.398773006135 18093
862 -6.39751552795031 2076.360248447205 17871
863 -0.23404255319148937 2708.446808510638 15651
864 -6.8474576271186445 5184.152542372882 13098
865 -3.7454545454545456 3981.072727272727 12210
866 -5.402877697841727 1018.726618705036 15429
867 1.5986842105263157 996.4276315789474 16872
868 -0.21804511278195488 4594.2180451127815 14763
869 -3.9788732394366195 1389.3309859154929 15762
870 -7.386861313868613 1301.0802919708028 15207
871 -10.867549668874172 4324.774834437086 16761
872 1.9097222222222223 248.6875 15984
873 -0.7950819672131147 1943.811475409836 13542
874 3.110294117647059 2686.9632352941176 15096
875 -4.447761194029851 1414.955223880597 14874
876 3.5040650406504064 1281.2276422764228 13653
877 -4.2905982905982905 2364.6153846153848 12987
878 -5.595238095238095 3382.1984126984125 13986
879 -4.131147540983607 1161.049180327869 13542
880 -0.9459459459459459 1724.5855855855855 12321
881 -1.717741935483871 591.991935483871 13764
882 1.8879310344827587 922.0603448275862 12876
883 -2.1068702290076335 757.7404580152672 14541
884 -6.920634920634921 1611.2222222222222 13986
885 6.7657657657657655 5232.045045045045 12321
886 2.443298969072165 509.2886597938144 10767
887 -0.36893203883495146 1964.0 11433
888 -7.60655737704918 6516.295081967213 13542
889 1.61864406779661 2275.737288135593 13098
890 -6.087378640776699 2181.2912621359224 11433
891 -3.2903225806451615 386.494623655914 10323
892 -1.91 475.73 11100
893 0.5803571428571429 4811.794642857143 12432
894 -7.909836065573771 2255.8606557377047 13542
895 -7.508771929824562 4698.771929824561 12654
896 -5.165217391304348 1505.3217391304347 12765
897 -4.8125 1536.3958333333333 10656
898 -15.680851063829786 5574.553191489362 10434
899 -5.844660194174757 2047.495145631068 11433
900 -2.1782178217821784 527.7821782178218 11211
901 -9.684782608695652 8041.923913043478 10212
902 -8.136986301369863 4058.3835616438355 8103
903 -9.623376623376624 5295.883116883117 8547
904 -0.6463414634146342 532.2317073170732 9102
905 -0.9655172413793104 1433.5632183908046 9657
906 -15.144578313253012 4157.578313253012 9213
907 -3.911111111111111 834.3555555555556 9990
908 0.15841584158415842 1126.4950495049504 11211
909 -5.202127659574468 4121.393617021276 10434
910 -11.341463414634147 3962.487804878049 9102
911 -2.3793103448275863 3687.2988505747126 9657
912 -4.0344827586206895 1004.6781609195402 9657
913 -2.561224489795918 1184.1122448979593 10878
914 -5.505050505050505 1320.1313131313132 10989
915 2.4326923076923075 2209.125 11544
916 -8.722222222222221 4543.166666666667 9990
917 -4.475 670.0 8880
918 2.8588235294117648 1999.9176470588236 9435
919 0.75 3584.27 11100
920 -2.358490566037736 478.58490566037733 11766
921 -8.336842105263157 3207.0947368421052 10545
922 -9.897435897435898 2807.4102564102564 8658
923 -12.153846153846153 2487.3846153846152 8658
924 -2.5591397849462365 1934.4516129032259 10323
925 -5.418367346938775 1857.642857142857 10878
926 -7.968421052631579 2208.7894736842104 10545
927 3.297872340425532 1211.0212765957447 10434
928 -16.125 5112.45 8880
929 -5.508928571428571 2177.0089285714284 12432
930 -1.4601769911504425 246.1504424778761 12543
931 -2.1538461538461537 696.1923076923077 11544
932 -9.372549019607844 3016.3529411764707 11322
933 -7.0989010989010985 2963.714285714286 10101
934 -3.460674157303371 567.2808988764045 9879
935 -0.9405940594059405 224.02970297029702 11211
936 -1.6842105263157894 1018.2526315789473 10545
937 -7.0227272727272725 2961.159090909091 9768
938 2.635294117647059 267.9764705882353 9435
939 -16.903225806451612 9709.720430107527 10323
940 -0.3977272727272727 2760.6022727272725 9768
941 -3.2527472527472527 714.1318681318681 10101
942 -7.2 1660.6117647058823 9435
943 -4.344827586206897 886.4827586206897 9657
944 -9.879518072289157 3557.132530120482 9213
945 -9.699029126213592 3593.5048543689322 11433
946 -4.202020202020202 808.8484848484849 10989
947 -9.894736842105264 2239.2105263157896 8436
948 4.119047619047619 609.7142857142857 9324
949 6.408450704225352 859.8450704225352 7881
950 -21.154929577464788 4894.929577464789 7881
951 -12.547945205479452 9950.219178082192 8103
952 1.1237113402061856 10900.958762886597 10767
953 0.37373737373737376 2371.4242424242425 10989
954 -9.536082474226804 2893.762886597938 10767
955 -1.7634408602150538 1113.247311827957 10323
956 -7.5054945054945055 4052.296703296703 10101
957 -7.6419753086419755 3456.6543209876545 8991
958 -14.265822784810126 4270.696202531645 8769
959 -3.0476190476190474 336.2857142857143 9324
960 -8.571428571428571 3922.690476190476 9324
961 1.5353535353535352 598.1616161616162 10989
962 -1.9259259259259258 359.22222222222223 11988
963 -8.294871794871796 3792.3205128205127 8658
964 -3.7758620689655173 254.36206896551724 6438
965 -16.051724137931036 6029.603448275862 6438
966 -6.855072463768116 960.8260869565217 7659
967 -4.012345679012346 2235.740740740741 8991
968 -0.8627450980392157 1418.6274509803923 11322
969 -1.1914893617021276 649.4468085106383 10434
970 -6.144736842105263 2266.8289473684213 8436
971 9.7875 5340.0875 8880
972 -8.614285714285714 4954.214285714285 7770
973 -12.098360655737705 3249.5081967213114 6771
974 -3.392857142857143 954.7142857142857 6216
975 -18.829787234042552 5089.212765957447 5217
976 -10.26984126984127 2404.84126984127 6993
977 -20.727272727272727 7090.0 7326
978 -8.0 1774.9565217391305 7659
979 -5.04 609.12 8325
980 -6.866666666666666 2568.306666666667 8325
981 -1.8133333333333332 5519.893333333333 8325
982 -8.073170731707316 2132.0975609756097 9102
983 -10.71111111111111 3708.4444444444443 9990
984 -11.479166666666666 3183.5416666666665 10656
985 -4.223684210526316 7535.486842105263 8436
986 -8.36144578313253 2017.686746987952 9213
987 -0.042105263157894736 2520.9473684210525 10545
988 -2.566265060240964 881.7469879518072 9213
989 -14.679487179487179 5396.884615384615 8658
990 -0.32051282051282054 29.26923076923077 8658
991 -18.123287671232877 4501.41095890411 8103
992 -17.721311475409838 5516.639344262295 6771
993 -8.605263157894736 4950.578947368421 8436
994 -5.098765432098766 2236.1604938271603 8991
995 -2.782608695652174 129.47826086956522 10212
996 3.1235955056179776 1778.943820224719 9879
997 -3.466666666666667 2038.1066666666666 8325
998 0.39436619718309857 1285.2112676056338 7881
999 2.0142857142857142 303.3285714285714 7770
1000 -7.4375 1998.6875 7104
1001 0.4473684210526316 237.94736842105263 8436
1002 -8.577464788732394 1715.4788732394366 7881
1003 -13.196969696969697 6925.075757575758 7326
1004 -11.065573770491802 2780.1475409836066 6771
1005 3.435483870967742 519.4032258064516 6882
1006 -11.774193548387096 4801.258064516129 6882
1007 -3.0793650793650795 161.4920634920635 6993
1008 -3.5 390.6666666666667 6660
1009 1.6379310344827587 1092.2586206896551 6438
1010 -7.602941176470588 4199.220588235294 7548
1011 -2.3653846153846154 428.21153846153845 5772
1012 -6.098360655737705 2376.622950819672 6771
1013 -9.615384615384615 2014.4615384615386 8658
1014 -8.220930232558139 3016.8023255813955 9546
1015 -3.63953488372093 1114.2906976744187 9546
1016 -6.353658536585366 930.6951219512196 9102
1017 -0.28378378378378377 1577.1756756756756 8214
1018 -4.183098591549296 966.2394366197183 7881
1019 -3.976470588235294 932.9176470588235 9435
1020 -11.076923076923077 3636.3846153846152 8658
1021 -5.902777777777778 2600.1805555555557 7992
1022 -7.2405063291139244 3142.5822784810125 8769
1023 -0.7078651685393258 334.64044943820227 9879
1024 -4.144578313253012 1751.132530120482 9213
1025 -15.526315789473685 9441.447368421053 8436
1026 -10.731707317073171 4125.658536585366 9102
1027 -9.044117647058824 2365.8676470588234 7548
1028 -15.157894736842104 6593.684210526316 6327
1029 -7.566666666666666 3654.1 6660
1030 -0.014492753623188406 70.47826086956522 7659
1031 -14.323529411764707 4737.676470588235 7548
1032 -6.235294117647059 1427.0294117647059 7548
1033 -1.7692307692307692 191.23076923076923 5772
1034 -19.016393442622952 4409.081967213115 6771
1035 -0.9090909090909091 403.3181818181818 4884
1036 -28.085714285714285 12057.628571428571 3885
1037 -31.0 15444.489361702128 5217
1038 -9.938775510204081 4434.755102040816 5439
1039 -14.116279069767442 6607.7441860465115 4773
1040 -9.538461538461538 4702.7692307692305 4329
1041 -17.242424242424242 4086.090909090909 3663
1042 -19.14814814814815 6597.740740740741 2997
1043 -1.1794871794871795 2347.6923076923076 4329
1044 -9.7 3188.62 5550
1045 -13.0 8965.185185185184 5994
1046 -23.357142857142858 11117.607142857143 6216
1047 -7.583333333333333 5237.125 5328
1048 -16.638297872340427 4109.446808510638 5217
1049 -3.754385964912281 487.4736842105263 6327
1050 -5.984615384615385 4024.9076923076923 7215
1051 -4.163934426229508 757.0491803278688 6771
1052 -4.762711864406779 3407.8474576271187 6549
1053 -6.183673469387755 1717.0408163265306 5439
1054 0.1836734693877551 1083.204081632653 5439
1055 -4.044444444444444 1056.6666666666667 4995
1056 -20.24 9840.56 5550
1057 1.558139534883721 85.65116279069767 4773
1058 -2.6724137931034484 1704.1206896551723 6438
1059 -6.245614035087719 2637.2631578947367 6327
1060 -28.2 8555.0 5550
1061 -7.583333333333333 2536.75 6660
1062 -6.203703703703703 537.7592592592592 5994
1063 -14.357142857142858 2511.3928571428573 6216
1064 4.8478260869565215 3741.7608695652175 5106
1065 -10.622222222222222 2328.4444444444443 4995
1066 -0.4117647058823529 183.98039215686273 5661
1067 -15.489795918367347 6870.714285714285 5439
1068 -0.23809523809523808 8828.142857142857 4662
1069 -8.282608695652174 2344.5 5106
1070 -4.230769230769231 1002.6923076923077 5772
1071 -7.25531914893617 2488.574468085106 5217
1072 -9.395833333333334 2625.5625 5328
1073 -3.292682926829268 453.7317073170732 4551
1074 -12.538461538461538 4039.051282051282 4329
1075 -0.5151515151515151 37.36363636363637 3663
1076 0.39473684210526316 2537.2894736842104 4218
1077 -19.108695652173914 5063.369565217391 5106
1078 -9.06 3959.22 5550
1079 1.8627450980392157 108.96078431372548 5661
1080 -2.2962962962962963 2869.037037037037 5994
1081 -12.846153846153847 5086.538461538462 5772
1082 1.489795918367347 675.2448979591836 5439
1083 -0.08695652173913043 978.0 5106
1084 7.0 9522.18918918919 4107
1085 -11.977777777777778 6649.133333333333 4995
1086 0.375 29.5 5328
1087 -13.146341463414634 6657.243902439024 4551
1088 -9.390243902439025 5659.585365853659 4551
1089 -9.357142857142858 4306.892857142857 6216
1090 0.1694915254237288 30.64406779661017 6549
1091 -11.705882352941176 2816.607843137255 5661
1092 1.7959183673469388 165.0204081632653 5439
1093 -6.181818181818182 3150.848484848485 3663
1094 -10.28 2046.04 2775
1095 0.0 44.32258064516129 3441
1096 -5.264705882352941 352.8529411764706 3774
1097 2.0588235294117645 3146.764705882353 3774
1098 -11.35 1640.75 4440
1099 -5.690476190476191 653.6428571428571 4662
1100 -11.128205128205128 2686.5128205128203 4329
1101 -1.575 507.525 4440
1102 1.0833333333333333 754.375 5328
1103 -5.325581395348837 749.3720930232558 4773
1104 -21.925 8388.925 4440
1105 -3.975 414.525 4440
1106 -23.033333333333335 6759.166666666667 3330
1107 -0.8333333333333334 41.25 2664
1108 -1.0 155.45454545454547 2442
1109 -28.75862068965517 12390.413793103447 3219
1110 -3.68 133.36 2775
1111 -5.857142857142857 5347.914285714286 3885
1112 -2.2666666666666666 1794.9777777777779 4995
1113 -1.5 1150.5 4218
1114 -13.212121212121213 6845.212121212121 3663
1115 -0.3142857142857143 5.8 3885
1116 -14.864864864864865 3088.5945945945946 4107
1117 -5.611111111111111 1356.7222222222222 3996
1118 -5.714285714285714 2019.0285714285715 3885
1119 -10.852941176470589 1329.8529411764705 3774
1120 0.7575757575757576 4539.424242424242 3663
1121 -13.53125 2270.59375 3552
1122 1.1481481481481481 43.888888888888886 2997
1123 -10.346153846153847 26638.884615384617 2886
1124 6.1875 508.3125 1776
1125 0.42857142857142855 93.14285714285714 1554
1126 -7.818181818181818 559.7272727272727 2442
1127 -35.766666666666666 15558.166666666666 3330
1128 -6.67741935483871 1937.6451612903227 3441
1129 -6.375 7922.458333333333 2664
1130 3.409090909090909 98.22727272727273 2442
1131 5.590909090909091 27240.68181818182 2442
1132 -22.541666666666668 13195.291666666666 2664
1133 -11.558823529411764 1574.5 3774
1134 -5.961538461538462 448.1923076923077 2886
1135 -8.304347826086957 4030.913043478261 2553
1136 7.142857142857143 667.1428571428571 2331
1137 -1.1538461538461537 98.07692307692308 2886
1138 -21.548387096774192 5952.129032258064 3441
1139 -7.157894736842105 956.2105263157895 2109
1140 -1.4230769230769231 102.26923076923077 2886
1141 -4.138888888888889 420.1388888888889 3996
1142 -3.135135135135135 1207.945945945946 4107
1143 -8.6 3732.0285714285715 3885
1144 -5.363636363636363 878.5757575757576 3663
1145 -11.58 5537.54 5550
1146 0.5185185185185185 12.88888888888889 5994
1147 -1.6222222222222222 6864.555555555556 4995
1148 -3.324324324324324 165.27027027027026 4107
1149 1.1081081081081081 51.108108108108105 4107
1150 -2.6216216216216215 6081.810810810811 4107
1151 -4.216216216216216 335.2972972972973 4107
1152 -2.7560975609756095 277.8780487804878 4551
1153 2.4047619047619047 279.73809523809524 4662
1154 -1.09375 488.65625 3552
1155 8.068965517241379 1117.103448275862 3219
1156 0.0975609756097561 7.7073170731707314 4551
1157 -3.857142857142857 897.4571428571429 3885
1158 -6.0 2246.048780487805 4551
1159 0.7586206896551724 117.93103448275862 3219
1160 -0.2 12.28 2775
1161 1.5 131.25 3552
1162 -10.714285714285714 4245.4 3885
1163 -13.481481481481481 3404.3703703703704 2997
1164 -4.037037037037037 1112.4074074074074 2997
1165 -8.741935483870968 3122.6774193548385 3441
1166 -18.208333333333332 7325.208333333333 2664
1167 4.730769230769231 1466.3461538461538 2886
1168 -7.153846153846154 615.0 2886
1169 0.9130434782608695 47.95652173913044 2553
1170 4.913043478260869 327.17391304347825 2553
1171 -10.521739130434783 1705.0434782608695 2553
1172 -2.9615384615384617 208.42307692307693 2886
1173 -2.138888888888889 133.30555555555554 3996
1174 -8.1875 1157.0208333333333 5328
1175 -0.2653061224489796 6442.591836734694 5439
1176 -5.4 12296.142857142857 3885
1177 -0.5 4.264705882352941 3774
1178 3.9411764705882355 625.5294117647059 3774
1179 -21.448275862068964 6891.724137931034 3219
1180 0.045454545454545456 13.772727272727273 2442
1181 -1.2692307692307692 19304.80769230769 2886
1182 2.6363636363636362 83.18181818181819 2442
1183 -43.074074074074076 20714.777777777777 2997
1184 -26.6 11582.8 2220
1185 -14.16 4663.44 2775
1186 4.130434782608695 1696.304347826087 2553
1187 -0.16666666666666666 11.583333333333334 2664
1188 6.7 899.3666666666667 3330
1189 -2.5185185185185186 418.14814814814815 2997
1190 -11.625 3689.9375 3552
1191 0.5675675675675675 32.24324324324324 4107
1192 1.425 218.425 4440
1193 4.976744186046512 327.86046511627904 4773
1194 -7.568627450980392 1257.450980392157 5661
1195 -9.534883720930232 2590.8372093023254 4773
1196 1.945945945945946 44.486486486486484 4107
1197 -3.09375 285.53125 3552
1198 -5.823529411764706 2524.4117647058824 3774
1199 -2.696969696969697 271.6060606060606 3663
1200 -0.043478260869565216 1.7826086956521738 2553
1201 -5.586206896551724 932.9655172413793 3219
1202 -0.38461538461538464 225.23076923076923 2886
1203 -10.2 7116.8 3330
1204 -19.814814814814813 13195.592592592593 2997
1205 -15.705882352941176 3060.8823529411766 1887
1206 -0.2 7.666666666666667 1665
1207 -5.846153846153846 718.3076923076923 1443
1208 -15.6 2324.9333333333334 1665
1209 -6.125 831.125 2664
1210 -24.275862068965516 9326.068965517241 3219
1211 -0.9047619047619048 371.85714285714283 2331
1212 -28.904761904761905 15450.52380952381 2331
1213 -38.10526315789474 17867.78947368421 2109
1214 -18.2 9342.2 2775
1215 8.571428571428571 8515.07142857143 3108
1216 -10.804878048780488 8761.780487804877 4551
1217 -3.4081632653061225 295.85714285714283 5439
1218 -18.289473684210527 5350.3421052631575 4218
1219 -2.1739130434782608 97.1304347826087 2553
1220 -2.5555555555555554 185.37037037037038 2997
1221 -27.2 11420.6 3330
1222 2.923076923076923 275.2307692307692 2886
1223 -1.2333333333333334 9.5 3330
1224 -13.054054054054054 6893.054054054054 4107
1225 -1.3333333333333333 24.733333333333334 3330
1226 -0.16 409.12 2775
1227 -25.1 9528.6 2220
1228 -1.5 45.3 2220
1229 22.142857142857142 4597.571428571428 1554
1230 -2.75 48.583333333333336 1332
1231 -0.06666666666666667 24.2 1665
1232 -4.235294117647059 396.94117647058823 1887
1233 -4.344827586206897 595.3103448275862 3219
1234 2.4642857142857144 95.60714285714286 3108
1235 1.173913043478261 150.91304347826087 2553
1236 -20.625 15748.625 2664
1237 -2.1818181818181817 148.0 2442
1238 3.95 170.75 2220
1239 -13.333333333333334 2863.6 1665
1240 -4.722222222222222 12917.166666666666 1998
1241 -27.333333333333332 12050.8 1665
1242 0.7222222222222222 165.16666666666666 1998
1243 -0.5454545454545454 6.363636363636363 2442
1244 -26.25 7499.75 2220
1245 0.3 1.3 1110
1246 -11.588235294117647 2119.823529411765 1887
1247 -4.5 813.5 2664
1248 -19.321428571428573 10402.32142857143 3108
1249 -18.413793103448278 6614.620689655172 3219
1250 -2.1153846153846154 69.34615384615384 2886
1251 -40.04347826086956 16155.260869565218 2553
1252 -14.703703703703704 4384.185185185185 2997
1253 -1.6071428571428572 146.10714285714286 3108
1254 -0.7391304347826086 30.82608695652174 2553
1255 0.29411764705882354 2.764705882352941 1887
1256 0.5333333333333333 3.7333333333333334 1665
1257 -1.6875 164.1875 1776
1258 12.68421052631579 7560.0526315789475 2109
1259 1.75 211.55 2220
1260 0.7142857142857143 15.642857142857142 3108
1261 4.578947368421052 389.94736842105266 2109
1262 -4.666666666666667 203.5 1332
1263 -20.083333333333332 3731.25 1332
1264 6.125 384.125 1776
1265 1.4210526315789473 11.0 2109
1266 -24.88888888888889 5954.111111111111 1998
1267 -2.3529411764705883 101.76470588235294 1887
1268 -32.1578947368421 14686.473684210527 2109
1269 3.076923076923077 530.3076923076923 1443
1270 2.3846153846153846 51.76923076923077 1443
1271 -25.5 5499.1 1110
1272 -2.1 33.7 1110
1273 3.4444444444444446 63.888888888888886 999
1274 0.4117647058823529 3.823529411764706 1887
1275 -4.545454545454546 275.72727272727275 2442
1276 3.32 215.88 2775
1277 -2.4347826086956523 2064.9565217391305 2553
1278 5.888888888888889 830.7777777777778 1998
1279 -60.93333333333333 30068.4 1665
1280 -0.2 91.6 1110
1281 -80.0 39868.2 1110
1282 -32.09090909090909 10131.363636363636 1221
1283 -29.7 9092.9 1110
1284 -0.2727272727272727 6.454545454545454 1221
1285 0.2 1.8 1110
1286 -1.0909090909090908 1878.3636363636363 1221
1287 -3.8 119.8 1110
1288 1.5714285714285714 1265.5714285714287 1554
1289 -1.8076923076923077 436.5769230769231 2886
1290 -17.821428571428573 10741.17857142857 3108
1291 -2.1923076923076925 123.5 2886
1292 -3.625 244.375 1776
1293 -35.86666666666667 18663.6 1665
1294 1.2666666666666666 8.6 1665
1295 -1.0 84.23076923076923 1443
1296 -2.4705882352941178 95.52941176470588 1887
1297 -1.588235294117647 241.7058823529412 1887
1298 0.3333333333333333 1.5333333333333334 1665
1299 -18.0 6103.473684210527 2109
1300 -35.333333333333336 7429.866666666667 1665
1301 0.9444444444444444 7.722222222222222 1998
1302 0.4090909090909091 6.2272727272727275 2442
1303 -2.2413793103448274 35.3448275862069 3219
1304 3.259259259259259 247.55555555555554 2997
1305 -0.08333333333333333 80.33333333333333 2664
1306 -7.958333333333333 2071.375 2664
1307 6.9 980.0 2220
1308 1.7272727272727273 47.45454545454545 2442
1309 1.3333333333333333 35.083333333333336 2664
1310 -6.904761904761905 1108.047619047619 2331
1311 -1.0555555555555556 32.94444444444444 1998
1312 15.928571428571429 3725.6428571428573 1554
1313 -3.5833333333333335 709.5833333333334 1332
1314 -4.0 430.8 1110
1315 6.666666666666667 469.3333333333333 666
1316 -0.9285714285714286 2494.9285714285716 1554
1317 -3.2142857142857144 64.78571428571429 1554
1318 3.8181818181818183 819.6363636363636 1221
1319 -9.733333333333333 2628.0 1665
1320 0.875 19.0 1776
1321 4.6923076923076925 1210.0 2886
1322 3.0454545454545454 13503.59090909091 2442
1323 -3.588235294117647 194.2941176470588 1887
1324 -0.4444444444444444 2.2222222222222223 999
1325 -25.375 5305.375 888
1326 5.785714285714286 315.92857142857144 1554
1327 -0.9375 47.5625 1776
1328 -2.2 42.46666666666667 1665
1329 7.764705882352941 1197.2941176470588 1887
1330 -1.2142857142857142 49.5 1554
1331 -7.6923076923076925 631.8461538461538 1443
1332 -6.333333333333333 249.0 1332
1333 -14.285714285714286 1114.0 777
1334 -5.125 244.625 888
1335 2.5833333333333335 48.25 1332
1336 -11.071428571428571 1566.0714285714287 1554
1337 -3.6923076923076925 229.3846153846154 1443
1338 -4.166666666666667 124.83333333333333 666
1339 -3.8333333333333335 80.16666666666667 666
1340 0.42857142857142855 6.428571428571429 777
1341 3.142857142857143 59.142857142857146 777
1342 -0.3333333333333333 1.6666666666666667 999
1343 6.444444444444445 362.0 999
1344 -25.09090909090909 7026.727272727273 1221
1345 0.17647058823529413 998.0588235294117 1887
1346 -19.0625 7888.6875 1776
1347 5.4 245.13333333333333 1665
1348 2.25 67.75 1332
1349 -35.54545454545455 14185.0 1221
1350 -23.357142857142858 5428.071428571428 1554
1351 -29.454545454545453 8190.0 1221
1352 0.75 3.25 888
1353 5.454545454545454 412.72727272727275 1221
1354 -17.076923076923077 3641.846153846154 1443
1355 -28.333333333333332 13096.333333333334 1665
1356 -1.3333333333333333 31.0 1332
1357 0.08333333333333333 45.083333333333336 1332
1358 0.125 2.875 888
1359 -0.09090909090909091 20.636363636363637 1221
1360 0.5 1.5 666
1361 1.0 85.15384615384616 1443
1362 0.38461538461538464 11.461538461538462 1443
1363 -3.2222222222222223 83.44444444444444 999
1364 4.375 147.875 888
1365 2.6666666666666665 76.66666666666667 999
1366 -38.75 12484.75 888
1367 -0.35714285714285715 9.785714285714286 1554
1368 -1.4375 57.9375 1776
1369 -0.5 2.1666666666666665 1332
1370 8.071428571428571 387.07142857142856 1554
1371 -0.5 6.25 888
1372 1.0 8.6 555
1373 -30.333333333333332 5644.0 666
1374 0.2222222222222222 3.5555555555555554 999
1375 -0.2 31.933333333333334 1665
1376 4.133333333333334 210.4 1665
1377 -22.545454545454547 9384.90909090909 2442
1378 -0.8 78.56 2775
1379 0.8181818181818182 23.90909090909091 2442
1380 7.863636363636363 3188.2272727272725 2442
1381 -49.44444444444444 21512.333333333332 999
1382 1.6666666666666667 11.88888888888889 999
1383 -39.0 37891.88888888889 999
1384 -14.833333333333334 1882.5 1332
1385 -26.5 4984.5 1554
1386 16.555555555555557 1420.111111111111 999
1387 18.444444444444443 3212.6666666666665 999
1388 8.75 580.25 888
1389 -0.3333333333333333 1.0 333
1390 -50.5 20008.75 888
1391 -4.416666666666667 412.4166666666667 1332
1392 2.0 29.0 888
1393 -4.666666666666667 613.8333333333334 1332
1394 -8.785714285714286 1208.642857142857 1554
1395 -36.92307692307692 14648.461538461539 1443
1396 -3.1666666666666665 774.8333333333334 666
1397 1.0 6.428571428571429 777
1398 3.6666666666666665 88.5 1332
1399 -4.0 209.53846153846155 1443
1400 1.2307692307692308 50.61538461538461 1443
1401 5.375 354.5 1776
1402 -48.23076923076923 30633.153846153848 1443
1403 -16.083333333333332 3169.9166666666665 1332
1404 -7.25 514.5833333333334 1332
1405 -6.0 186.8 1110
1406 0.625 266.375 888
1407 -58.22222222222222 29933.777777777777 999
1408 14.833333333333334 2356.5 666
1409 0.5 2.5 444
1410 -0.8333333333333334 23.833333333333332 666
1411 -1.3333333333333333 20.88888888888889 999
1412 -8.833333333333334 818.1666666666666 1332
1413 -0.1111111111111111 1.0 999
1414 -2.7 31.5 1110
1415 -1.3333333333333333 6.0 333
1416 -5.0 123.66666666666667 333
1417 5.0 87.0 333
1418 0.16666666666666666 4.833333333333333 666
1419 0.6 2.6 555
1420 -29.2 8942.8 1110
1421 -21.636363636363637 6502.0 1221
1422 -13.285714285714286 868.7142857142857 777
1423 -3.0 37.5 444
1424 -1.625 22.375 888
1425 -9.538461538461538 1223.3846153846155 1443
1426 -51.6 39642.8 1110
1427 -41.666666666666664 10087.333333333334 666
1428 -3.1666666666666665 81.5 666
1429 -1.2 4.0 555
1430 -2.8 17.6 555
1431 15.0 737.0 333
1432 0.5 2.5 222
1433 -23.333333333333332 1634.0 333
1434 -2.25 27.75 444
1435 -27.0 1513.0 222
1436 -5.25 133.75 444
1437 0.0 1.0 444
1438 11.0 253.66666666666666 333
1439 2.0 5.0 222
1440 0.0 1.0 222
1441 1.0 3.0 444
1442 -0.3333333333333333 6.333333333333333 666
1443 0.5 1.5 666
1444 -53.0 23454.555555555555 999
1445 2.727272727272727 68.18181818181819 1221
1446 -4.6 89.0 555
1447 0.8 10.4 555
1448 -15.5 993.0 444
1449 1.0 5.0 666
1450 -29.2 4323.2 555
1451 0.0 1.0 222
1452 -8.0 169.0 444
1453 -1.0 1.0 111
1454 -174.5 30480.5 222
1455 1.0 1.0 111
1456 -4.5 26.5 222
1458 1.0 1.0 111
1459 1.0 1.0 222
1460 6.6 158.2 555
1461 -106.71428571428571 38891.57142857143 777
1462 -1.8333333333333333 40.166666666666664 666
1463 -13.5 338.5 222
1464 -1.2857142857142858 35.0 777
1465 -0.16666666666666666 1.5 666
1466 0.8333333333333334 2.8333333333333335 666
1467 2.0 407.3333333333333 666
1468 0.0 1.0 222
1469 -41.5 3528.5 222
1470 10.0 100.0 111
1471 -135.0 56037.666666666664 333
1472 0.0 1.0 222
1473 -21.75 2165.75 444
1474 0.6 1.0 555
1475 5.833333333333333 158.83333333333334 666
1476 -5.333333333333333 62.0 333
1477 -11.0 697.0 555
1478 -50.77777777777778 23312.333333333332 999
1479 2.4444444444444446 10.88888888888889 999
1480 -41.72727272727273 19071.363636363636 1221
1481 1.75 15.25 888
1482 -8.4 471.0 1110
1483 0.5 1.0 888
1484 10.5 4456.166666666667 1332
1485 3.4545454545454546 155.0909090909091 1221
1486 -1.1666666666666667 6.833333333333333 666
1487 -19.666666666666668 2286.3333333333335 666
1488 -3.3333333333333335 22.666666666666668 666
1489 -1.0 7.0 444
1490 -0.2 1.0 555
1491 -0.4 5.6 555
1492 -0.125 5.375 888
1493 -5.3 1014.1 1110
1494 0.2222222222222222 2.6666666666666665 999
1495 13.272727272727273 2020.1818181818182 1221
1496 -1.2857142857142858 13.571428571428571 777
1497 1.0 4.0 888
1498 -16.11111111111111 2076.3333333333335 999
1499 -1.8 8.6 555
1500 -0.4 14.8 555
1501 -0.5 3.5 666
1502 -26.11111111111111 5090.777777777777 999
1503 -0.6 2.6 555
1504 0.0 1.0 222
1505 1.0 1.0 222
1506 1.2 1.6 555
1507 -8.5 461.8333333333333 666
1508 0.5 2.5 222
1509 -111.83333333333333 76164.83333333333 666
1510 1.8888888888888888 33.0 999
1511 2.8 42.4 1110
1512 -7.846153846153846 1005.6923076923077 1443
1513 -0.16666666666666666 3.1666666666666665 1332
1514 -72.6 30057.6 1110
1515 -0.2857142857142857 1.4285714285714286 777
1516 -53.4 28199.6 1110
1517 1.0 31.545454545454547 1221
1518 -47.54545454545455 24033.363636363636 1221
1519 -20.1 4381.3 1110
1520 11.818181818181818 1634.0 1221
1521 16.285714285714285 2167.1428571428573 777
1522 -0.4 1.6 555
1523 -1.6 6.4 555
1524 -33.77777777777778 10069.333333333334 999
1525 -0.5 1.0 888
1526 0.0 1.0 666
1527 -0.6 2.6 555
1528 3.5 18.5 222
1529 -3.0 25.0 222
1530 -81.2 33785.6 555
1531 -11.666666666666666 865.3333333333334 666
1532 -2.111111111111111 33.666666666666664 999
1533 -46.42857142857143 30184.571428571428 1554
1534 0.2 1.9333333333333333 1665
1535 0.625 2.875 888
1536 -34.09090909090909 12448.09090909091 1221
1537 -5.25 114.75 888
1538 -0.2 2.2 555
1539 -1.0 1.0 333
1540 0.0 1.0 222
1541 -3.0 9.0 111
1543 10.0 100.0 111
1544 1.0 1.0 111
1545 3.0 9.0 111
1546 -13.0 169.0 111
1547 -1.0 1.0 111
1548 -297.0 175825.0 222
1552 6.0 36.0 111
1553 -1.0 1.0 111
1556 1.0 1.0 111
1557 0.3333333333333333 1.0 333
1558 3.3333333333333335 34.0 333
1559 1.0 1.0 111
1560 19.0 361.0 111
1561 1.0 1.0 111
1562 1.0 1.0 111
1563 2.5 8.5 222
1564 1.4285714285714286 2.5714285714285716 777
1565 -13.0 1166.3333333333333 999
1566 -1.125 6.375 888
1567 -33.6 5381.6 555
1568 1.6666666666666667 17.0 333
1569 0.3333333333333333 1.0 333
1570 0.3333333333333333 1.0 333
1571 -0.25 1.75 444
1572 0.25 1.75 444
1573 -66.33333333333333 13201.0 333
1574 -1.3333333333333333 2.0 333
1575 1.0 1.0 222
1576 0.0 1.0 222
1577 1.0 1.0 111
1578 -39.5 3200.5 222
1579 -23.0 1587.6666666666667 333
1580 2.0 4.0 111
1581 -119.0 14161.0 111
1582 2.0 13.0 222
1584 1.0 1.0 111
1585 -6.0 61.0 222
1587 -0.5 2.5 222
1588 9.0 145.0 222
1589 -1.0 1.0 111
1591 -356.0 255617.0 222
1592 -1.0 1.0 111
1593 1.0 1.0 111
1594 0.5 1.0 444
1595 -1.6666666666666667 3.6666666666666665 333
1602 -11.0 121.0 111
1603 -16.0 256.0 111
1604 0.0 2.0 333
1605 5.0 111.0 444
1606 2.6666666666666665 36.666666666666664 333
1607 -1.0 1.0 111
1610 -4.0 16.0 111
1614 -9.0 81.0 111
1616 -0.5 2.5 222
1617 -24.666666666666668 1826.0 333
1618 -1.0 1.0 111
1620 1.0 1.0 111
1621 12.0 313.0 222
1622 1.0 1.0 111
1623 0.0 4.0 222
1625 -3.5 32.5 222
1626 0.5 1.0 444
1627 -0.3333333333333333 1.0 333
1628 -30.5 1922.5 222
1629 -1.0 1.0 111
1636 -196.33333333333334 76387.66666666667 333
1637 5.666666666666667 121.0 333
1638 1.0 1.0 111
1639 4.0 52.0 222
1640 3.5 31.0 444
1641 -1.3333333333333333 2.0 333
1642 -2.0 4.0 111
1644 -1.3333333333333333 12.666666666666666 333
1645 27.5 1568.5 222
1646 -128.5 30792.5 222
1647 -1.0 1.0 111
1648 -1.0 1.0 111
1649 8.0 113.0 222
1650 0.0 4.666666666666667 333
1651 0.0 1.0 222
1652 -4.5 50.5 222
1653 0.2 2.2 555
1654 -1.0 1.0 333
1655 3.0 13.0 222
1656 10.333333333333334 283.6666666666667 333
1657 -9.0 145.0 222
1658 -0.3333333333333333 1.0 333
1659 -1.0 1.0 333
1660 -1.0 1.0 111
1664 1.0 1.0 222
1665 -57.0 9747.666666666666 333
1666 0.5 2.5 222
1668 -2.0 4.0 111
1677 1.0 1.0 111
1678 2.0 13.0 222
1679 2.0 4.0 111
1681 -85.0 14621.0 222
1682 -1.0 3.6666666666666665 333
1683 -1.0 1.0 222
1684 33.5 2114.5 222
1685 0.0 1.0 444
1686 -0.5 1.0 444
1687 -1.0 1.0 111
1694 3.0 9.0 111
1695 -61.333333333333336 11286.0 333
1696 -18.0 324.0 111
1697 -2.0 4.0 222
1700 1.0 1.0 111
1701 -8.333333333333334 1110.3333333333333 333
1704 1.0 1.0 111
1705 8.0 64.0 111
1708 -4.0 16.0 111
1709 -8.0 64.0 111
1713 -21.25 3091.75 444
1714 -1.0 1.0 222
1720 9.0 81.0 111
1721 -1.0 1.0 111
1725 1.0 1.0 444
1726 -5.8 92.2 555
1727 -0.6666666666666666 2.0 333
1728 -19.833333333333332 2322.8333333333335 666
1729 0.25 4.75 444
1730 1.0 1.0 111
1731 -1.6666666666666667 39.0 333
1732 0.2 1.0 555
1733 -0.125 2.375 888
1734 -0.6 1.0 555
1735 5.0 195.0 444
1736 1.0 1.0 111
1737 -5.5 72.5 222
1738 0.3333333333333333 1.0 333
1739 0.0 1.0 222
1740 2.0 4.0 111
1742 1.0 1.0 111
1743 2.0 4.0 111
1744 1.0 1.0 111
1745 -179.0 115603.0 444
1746 -1.0 1.0 222
1747 -1.0 1.0 111
1748 -1.0 1.0 111
1749 -1.0 1.0 111
1751 1.0 1.0 111
1752 -5.666666666666667 139.0 333
1753 0.0 1.0 444
1754 0.25 1.75 444
1755 -0.6666666666666666 2.0 333
1756 -0.3333333333333333 1.0 333
1757 3.5 18.5 222
1758 -4.0 16.0 111
1761 -1.5 8.5 222
1762 0.3333333333333333 1.0 333
1763 -10.166666666666666 728.1666666666666 666
1764 -11.333333333333334 303.3333333333333 333
1765 -0.5 2.5 222
1766 -0.5 3.0 444
1767 -1.0 1.0 222
1778 2.0 4.0 111
1779 -1.0 1.0 111
1780 1.0 1.0 111
1781 -320.0 102400.0 111
1834 -55.0 3025.0 111
1835 -1.0 1.0 111
1836 -1.0 1.0 111
