-714 1
-713 0
-712 0
-711 0
-710 0
-709 0
-708 0
-707 0
-706 0
-705 0
-704 0
-703 0
-702 0
-701 0
-700 0
-699 0
-698 0
-697 0
-696 0
-695 0
-694 0
-693 0
-692 0
-691 0
-690 0
-689 0
-688 0
-687 0
-686 0
-685 0
-684 0
-683 0
-682 0
-681 0
-680 0
-679 0
-678 1
-677 0
-676 0
-675 1
-674 0
-673 0
-672 0
-671 0
-670 0
-669 0
-668 0
-667 0
-666 0
-665 0
-664 0
-663 0
-662 0
-661 0
-660 0
-659 0
-658 0
-657 0
-656 0
-655 0
-654 0
-653 0
-652 0
-651 0
-650 0
-649 1
-648 0
-647 0
-646 0
-645 0
-644 0
-643 0
-642 0
-641 0
-640 0
-639 0
-638 0
-637 0
-636 0
-635 0
-634 0
-633 0
-632 0
-631 0
-630 1
-629 0
-628 0
-627 0
-626 0
-625 0
-624 0
-623 1
-622 0
-621 0
-620 0
-619 0
-618 0
-617 0
-616 0
-615 0
-614 0
-613 0
-612 0
-611 0
-610 0
-609 0
-608 0
-607 0
-606 0
-605 0
-604 0
-603 0
-602 0
-601 0
-600 0
-599 0
-598 0
-597 0
-596 0
-595 0
-594 0
-593 1
-592 1
-591 0
-590 0
-589 0
-588 0
-587 0
-586 0
-585 2
-584 0
-583 0
-582 0
-581 0
-580 1
-579 0
-578 1
-577 0
-576 0
-575 0
-574 0
-573 0
-572 0
-571 0
-570 0
-569 1
-568 1
-567 0
-566 0
-565 0
-564 0
-563 0
-562 0
-561 0
-560 0
-559 0
-558 1
-557 0
-556 0
-555 0
-554 0
-553 0
-552 0
-551 0
-550 0
-549 0
-548 1
-547 0
-546 0
-545 0
-544 0
-543 0
-542 1
-541 0
-540 0
-539 1
-538 1
-537 0
-536 0
-535 0
-534 0
-533 0
-532 0
-531 0
-530 1
-529 0
-528 1
-527 0
-526 0
-525 0
-524 0
-523 0
-522 0
-521 0
-520 3
-519 0
-518 1
-517 1
-516 0
-515 0
-514 1
-513 3
-512 1
-511 1
-510 0
-509 0
-508 0
-507 0
-506 1
-505 0
-504 0
-503 0
-502 1
-501 0
-500 1
-499 1
-498 0
-497 0
-496 0
-495 1
-494 0
-493 0
-492 0
-491 1
-490 2
-489 0
-488 0
-487 0
-486 0
-485 0
-484 0
-483 1
-482 1
-481 0
-480 1
-479 1
-478 0
-477 0
-476 0
-475 0
-474 2
-473 1
-472 0
-471 0
-470 1
-469 0
-468 0
-467 0
-466 0
-465 1
-464 0
-463 1
-462 1
-461 0
-460 3
-459 1
-458 2
-457 2
-456 2
-455 0
-454 1
-453 1
-452 1
-451 1
-450 1
-449 1
-448 1
-447 0
-446 1
-445 1
-444 0
-443 2
-442 2
-441 1
-440 3
-439 1
-438 0
-437 0
-436 2
-435 1
-434 2
-433 1
-432 0
-431 0
-430 1
-429 1
-428 0
-427 3
-426 3
-425 3
-424 1
-423 1
-422 0
-421 3
-420 1
-419 1
-418 1
-417 0
-416 1
-415 1
-414 1
-413 3
-412 1
-411 2
-410 2
-409 1
-408 1
-407 1
-406 1
-405 1
-404 2
-403 2
-402 2
-401 2
-400 2
-399 2
-398 3
-397 0
-396 0
-395 1
-394 3
-393 3
-392 0
-391 1
-390 3
-389 0
-388 4
-387 1
-386 1
-385 1
-384 2
-383 1
-382 7
-381 1
-380 3
-379 6
-378 1
-377 1
-376 0
-375 3
-374 1
-373 0
-372 3
-371 1
-370 1
-369 3
-368 3
-367 1
-366 4
-365 3
-364 9
-363 3
-362 2
-361 6
-360 2
-359 3
-358 3
-357 4
-356 1
-355 4
-354 2
-353 1
-352 2
-351 3
-350 2
-349 3
-348 7
-347 6
-346 5
-345 2
-344 5
-343 6
-342 4
-341 4
-340 2
-339 7
-338 4
-337 4
-336 2
-335 1
-334 7
-333 5
-332 5
-331 4
-330 7
-329 4
-328 3
-327 4
-326 5
-325 4
-324 4
-323 5
-322 7
-321 4
-320 5
-319 5
-318 8
-317 2
-316 2
-315 7
-314 5
-313 11
-312 3
-311 4
-310 5
-309 6
-308 5
-307 2
-306 7
-305 3
-304 4
-303 11
-302 7
-301 9
-300 11
-299 7
-298 5
-297 11
-296 7
-295 17
-294 6
-293 9
-292 6
-291 7
-290 7
-289 5
-288 5
-287 11
-286 9
-285 6
-284 9
-283 6
-282 12
-281 6
-280 5
-279 13
-278 11
-277 7
-276 12
-275 4
-274 8
-273 8
-272 10
-271 11
-270 4
-269 9
-268 15
-267 10
-266 4
-265 12
-264 13
-263 13
-262 11
-261 13
-260 14
-259 8
-258 12
-257 14
-256 19
-255 11
-254 16
-253 7
-252 5
-251 16
-250 14
-249 14
-248 13
-247 16
-246 11
-245 13
-244 19
-243 15
-242 13
-241 11
-240 19
-239 16
-238 21
-237 15
-236 13
-235 12
-234 19
-233 13
-232 15
-231 16
-230 16
-229 13
-228 19
-227 20
-226 21
-225 20
-224 20
-223 21
-222 17
-221 17
-220 11
-219 22
-218 29
-217 28
-216 30
-215 14
-214 24
-213 26
-212 24
-211 16
-210 37
-209 15
-208 20
-207 39
-206 26
-205 32
-204 27
-203 33
-202 24
-201 26
-200 23
-199 36
-198 32
-197 36
-196 20
-195 33
-194 32
-193 39
-192 27
-191 37
-190 40
-189 32
-188 41
-187 43
-186 41
-185 30
-184 43
-183 33
-182 43
-181 42
-180 39
-179 40
-178 44
-177 44
-176 51
-175 37
-174 38
-173 42
-172 33
-171 49
-170 48
-169 46
-168 44
-167 41
-166 45
-165 50
-164 50
-163 54
-162 58
-161 57
-160 49
-159 61
-158 54
-157 52
-156 56
-155 61
-154 43
-153 54
-152 69
-151 70
-150 57
-149 68
-148 75
-147 79
-146 58
-145 60
-144 71
-143 67
-142 84
-141 95
-140 88
-139 58
-138 85
-137 95
-136 102
-135 97
-134 73
-133 100
-132 98
-131 95
-130 109
-129 92
-128 103
-127 91
-126 100
-125 105
-124 99
-123 103
-122 126
-121 96
-120 131
-119 141
-118 148
-117 125
-116 148
-115 141
-114 132
-113 139
-112 160
-111 123
-110 152
-109 150
-108 141
-107 166
-106 164
-105 174
-104 154
-103 179
-102 199
-101 195
-100 200
-99 174
-98 163
-97 209
-96 189
-95 185
-94 202
-93 185
-92 212
-91 230
-90 210
-89 276
-88 246
-87 240
-86 247
-85 261
-84 244
-83 276
-82 275
-81 278
-80 314
-79 297
-78 325
-77 321
-76 345
-75 329
-74 339
-73 363
-72 358
-71 394
-70 390
-69 398
-68 429
-67 407
-66 451
-65 454
-64 520
-63 489
-62 488
-61 492
-60 505
-59 562
-58 574
-57 535
-56 571
-55 605
-54 678
-53 702
-52 699
-51 713
-50 783
-49 818
-48 801
-47 831
-46 838
-45 889
-44 909
-43 957
-42 1011
-41 979
-40 1122
-39 1147
-38 1237
-37 1306
-36 1348
-35 1361
-34 1436
-33 1471
-32 1590
-31 1717
-30 1694
-29 1925
-28 2017
-27 2104
-26 2202
-25 2360
-24 2600
-23 2650
-22 2849
-21 3115
-20 3269
-19 3623
-18 4000
-17 4204
-16 4666
-15 5183
-14 5752
-13 6218
-12 7216
-11 8106
-10 9146
-9 10772
-8 12560
-7 15032
-6 18818
-5 23658
-4 31495
-3 44581
-2 73493
-1 161327
0 903184
1 7138575
2 932525
3 140260
4 68169
5 43595
6 30616
7 23575
8 18388
9 14950
10 12479
11 10677
12 9341
13 7988
14 7088
15 6249
16 5622
17 5124
18 4659
19 4114
20 3989
21 3624
22 3344
23 3027
24 2920
25 2645
26 2557
27 2349
28 2190
29 2128
30 2048
31 1844
32 1757
33 1694
34 1577
35 1574
36 1390
37 1360
38 1303
39 1292
40 1204
41 1178
42 1120
43 1063
44 962
45 952
46 918
47 866
48 849
49 874
50 864
51 770
52 746
53 675
54 710
55 663
56 620
57 618
58 565
59 603
60 567
61 535
62 556
63 504
64 463
65 495
66 476
67 474
68 421
69 406
70 429
71 385
72 393
73 425
74 356
75 356
76 349
77 304
78 349
79 328
80 328
81 300
82 312
83 280
84 281
85 254
86 266
87 268
88 257
89 241
90 233
91 233
92 237
93 224
94 223
95 225
96 206
97 212
98 225
99 180
100 174
101 192
102 165
103 183
104 195
105 184
106 183
107 165
108 168
109 171
110 151
111 161
112 160
113 139
114 130
115 133
116 134
117 125
118 131
119 131
120 121
121 130
122 123
123 125
124 108
125 114
126 108
127 107
128 90
129 104
130 97
131 91
132 106
133 111
134 96
135 95
136 85
137 86
138 103
139 96
140 74
141 83
142 95
143 63
144 73
145 61
146 58
147 73
148 63
149 70
150 69
151 83
152 70
153 67
154 67
155 44
156 50
157 46
158 47
159 63
160 45
161 51
162 59
163 56
164 73
165 50
166 62
167 52
168 39
169 50
170 47
171 45
172 48
173 49
174 46
175 48
176 36
177 41
178 45
179 45
180 25
181 38
182 36
183 39
184 37
185 39
186 46
187 30
188 42
189 39
190 26
191 26
192 39
193 30
194 37
195 30
196 26
197 27
198 34
199 26
200 27
201 28
202 29
203 31
204 29
205 20
206 24
207 31
208 28
209 26
210 22
211 17
212 24
213 26
214 26
215 23
216 18
217 28
218 25
219 21
220 32
221 32
222 18
223 14
224 22
225 26
226 24
227 11
228 20
229 17
230 21
231 21
232 16
233 17
234 19
235 16
236 15
237 17
238 13
239 16
240 15
241 16
242 12
243 16
244 18
245 19
246 7
247 12
248 11
249 17
250 15
251 17
252 15
253 14
254 15
255 13
256 14
257 6
258 12
259 5
260 12
261 14
262 14
263 11
264 7
265 18
266 9
267 9
268 13
269 10
270 13
271 17
272 8
273 5
274 11
275 8
276 14
277 8
278 10
279 13
280 5
281 6
282 8
283 5
284 7
285 11
286 8
287 3
288 7
289 9
290 6
291 8
292 8
293 11
294 7
295 9
296 10
297 9
298 7
299 6
300 6
301 10
302 11
303 3
304 12
305 5
306 4
307 5
308 4
309 11
310 5
311 3
312 3
313 8
314 6
315 7
316 3
317 5
318 8
319 4
320 6
321 7
322 3
323 4
324 6
325 6
326 5
327 7
328 3
329 8
330 5
331 3
332 4
333 1
334 5
335 4
336 5
337 4
338 2
339 5
340 5
341 3
342 3
343 3
344 4
345 5
346 3
347 3
348 1
349 3
350 4
351 4
352 2
353 4
354 2
355 1
356 2
357 3
358 4
359 1
360 4
361 3
362 2
363 1
364 2
365 5
366 3
367 2
368 4
369 1
370 1
371 2
372 1
373 2
374 5
375 1
376 2
377 2
378 2
379 2
380 1
381 3
382 2
383 0
384 0
385 4
386 1
387 1
388 1
389 2
390 2
391 1
392 2
393 1
394 1
395 3
396 3
397 0
398 1
399 1
400 3
401 1
402 0
403 5
404 0
405 2
406 3
407 1
408 0
409 1
410 1
411 1
412 0
413 2
414 1
415 1
416 1
417 1
418 1
419 1
420 2
421 1
422 2
423 2
424 0
425 0
426 0
427 2
428 1
429 0
430 3
431 0
432 3
433 1
434 0
435 1
436 1
437 1
438 0
439 0
440 2
441 0
442 0
443 0
444 2
445 1
446 1
447 2
448 1
449 2
450 1
451 0
452 3
453 0
454 0
455 1
456 2
457 3
458 0
459 1
460 0
461 0
462 2
463 1
464 0
465 2
466 0
467 0
468 1
469 3
470 1
471 2
472 0
473 0
474 1
475 1
476 2
477 1
478 0
479 1
480 2
481 1
482 0
483 1
484 0
485 1
486 0
487 2
488 1
489 0
490 1
491 1
492 0
493 2
494 4
495 0
496 0
497 1
498 1
499 1
500 0
501 0
502 0
503 0
504 0
505 0
506 0
507 0
508 1
509 0
510 0
511 4
512 0
513 0
514 0
515 1
516 1
517 0
518 0
519 1
520 0
521 0
522 0
523 0
524 1
525 1
526 1
527 2
528 0
529 0
530 0
531 1
532 1
533 1
534 1
535 0
536 0
537 0
538 0
539 0
540 0
541 0
542 0
543 0
544 0
545 0
546 0
547 0
548 0
549 0
550 0
551 0
552 0
553 0
554 0
555 0
556 0
557 0
558 0
559 1
560 1
561 1
562 0
563 0
564 0
565 0
566 0
567 0
568 0
569 0
570 0
571 0
572 0
573 1
574 0
575 0
576 0
577 0
578 0
579 1
580 0
581 1
582 0
583 0
584 0
585 2
586 0
587 0
588 0
589 1
590 0
591 0
592 1
593 0
594 0
595 0
596 0
597 0
598 0
599 0
600 0
601 0
602 1
603 0
604 0
605 0
606 0
607 1
608 0
609 0
610 0
611 0
612 0
613 0
614 0
615 0
616 0
617 0
618 0
619 0
620 0
621 0
622 0
623 1
624 0
625 0
626 0
627 0
628 0
629 0
630 1
631 1
632 0
633 0
634 0
635 0
636 0
637 0
638 0
639 0
640 0
641 0
642 0
643 0
644 0
645 0
646 0
647 0
648 0
649 0
650 0
651 0
652 0
653 1
654 0
655 0
656 0
657 0
658 0
659 0
660 0
661 0
662 1
663 0
664 0
665 0
666 0
667 0
668 0
669 0
670 0
671 0
672 0
673 0
674 0
675 0
676 0
677 0
678 0
679 0
680 0
681 0
682 0
683 0
684 0
685 0
686 0
687 0
688 0
689 0
690 0
691 0
692 0
693 0
694 0
695 0
696 0
697 0
698 0
699 0
700 0
701 0
702 0
703 0
704 1
705 0
706 0
707 0
708 0
709 0
710 0
711 0
712 0
713 0
714 0
715 0
716 0
717 0
718 0
719 0
720 0
721 0
722 0
723 0
724 0
725 0
726 0
727 0
728 0
729 0
730 0
731 0
732 0
733 0
734 0
735 1
736 0
737 0
738 0
739 0
740 0
741 0
742 0
743 0
744 0
745 0
746 0
747 0
748 0
749 0
750 0
751 0
752 0
753 0
754 0
755 0
756 0
757 0
758 0
759 0
760 0
761 0
762 0
763 0
764 0
765 0
766 0
767 0
768 0
769 0
770 0
771 0
772 0
773 0
774 0
775 0
776 0
777 0
778 0
779 0
780 0
781 0
782 0
783 0
784 0
785 0
786 0
787 0
788 0
789 0
790 0
791 0
792 0
793 0
794 0
795 0
796 0
797 0
798 0
799 0
800 0
801 0
802 0
803 0
804 0
805 0
806 0
807 0
808 0
809 0
810 0
811 0
812 0
813 0
814 0
815 0
816 0
817 0
818 0
819 0
820 0
821 0
822 0
823 0
824 0
825 0
826 0
827 0
828 0
829 0
830 0
831 0
832 0
833 0
834 0
835 0
836 0
837 1
838 0
839 0
840 0
841 0
842 0
843 0
844 0
845 0
846 0
847 0
848 0
849 0
850 0
851 0
852 0
853 0
854 0
855 0
856 0
857 0
858 0
859 0
860 0
861 0
862 0
863 0
864 0
865 0
866 0
867 0
868 0
869 0
870 0
871 0
872 0
873 0
874 0
875 0
876 0
877 0
878 0
879 0
880 0
881 0
882 0
883 0
884 1
