2 0.49507654249594396
3 0.4994517155995755
4 0.5048218194726566
5 0.5020583302476531
6 0.5056185136585948
7 0.504397774187758
8 0.5051726969182768
9 0.49819315731188435
10 0.5022107360817039
11 0.5042634519259042
12 0.5032885722115649
13 0.5067132020371096
14 0.500864701769879
15 0.508736894658013
16 0.5059320329780816
17 0.5045334893243638
18 0.5042301911101568
19 0.5052626962547145
20 0.49890928922014177
21 0.498616776855629
22 0.4962912356041382
23 0.5065878463002855
24 0.5088138176276352
25 0.496981053508224
26 0.5029223794177091
27 0.51259121084106
28 0.5059800664451827
29 0.5027193720213065
30 0.4995617366914042
31 0.5054617083507431
32 0.5044667611360976
33 0.5088686177625744
34 0.4973902957664798
35 0.5096197743429205
36 0.5060384082359929
37 0.49973078476241756
38 0.5044512402310567
39 0.5056986944809008
40 0.5041009463722398
41 0.5058340994271975
42 0.5090196078431373
43 0.5048916588158562
44 0.5053787208959623
45 0.5000747607655502
46 0.5073103868413037
47 0.4976120782622092
48 0.5096585981234724
49 0.4980218388985599
50 0.5082674335010784
51 0.5060583882247702
52 0.5002870970387991
53 0.5016324822101298
54 0.500253121835977
55 0.4934759916492693
56 0.5062346329469617
57 0.506261657340794
58 0.508881074745289
59 0.5098934550989346
60 0.5112228407254444
61 0.49526584122359796
62 0.49874383548897366
63 0.5001862197392923
64 0.5057284704983769
65 0.5051883166794773
66 0.5027943916070203
67 0.49658787459202847
68 0.5004966229638459
69 0.4920278004905969
70 0.4992067689053411
71 0.5027712641227883
72 0.4997863247863248
73 0.5134789557805008
74 0.49785038693035255
75 0.5089594127806563
76 0.5119539230602043
77 0.4971117166212534
78 0.496161661774667
79 0.5078125
80 0.4994300045599635
81 0.49936701576706183
82 0.5032410135533294
83 0.5084706157261363
84 0.4997067448680352
85 0.4995271867612293
86 0.5147321961111774
87 0.5021739130434782
88 0.5070041779306955
89 0.5020094994519547
90 0.5108534780463739
91 0.49356973404919463
92 0.5097865892158101
93 0.49546941857538385
94 0.49201073756870767
95 0.4915366305210262
96 0.4979191837830581
97 0.5084677957060941
98 0.4965735371639431
99 0.5015254012468497
100 0.49534350114725334
101 0.5016816897618728
102 0.5010111905082918
103 0.4901065449010654
104 0.4981985876927511
105 0.4969551055091347
106 0.5060700169395822
107 0.5050977060322854
108 0.5020622955482862
109 0.5041440411546156
110 0.4878951865565366
111 0.49911373707533235
112 0.5106979489449609
113 0.4939652634677657
114 0.5096110186166187
115 0.5016626360338573
116 0.5117283950617284
117 0.5
118 0.49868237482560845
119 0.49928831250988454
120 0.4960566553999678
121 0.49760211675210847
122 0.4988422097254383
123 0.5039489161485464
124 0.49991581074254926
125 0.49934167215273206
126 0.4909674151612359
127 0.5023279875840663
128 0.5078515962036239
129 0.503140383636055
130 0.5023744911804613
131 0.5014187948589551
132 0.49063351498637603
133 0.49328512396694213
134 0.4955192409066948
135 0.5066410346032856
136 0.49469964664310956
137 0.4977489645236809
138 0.5055432372505543
139 0.5066568047337278
140 0.5010071415491668
141 0.494354535190064
142 0.5042145593869731
143 0.510148849797023
144 0.49942616679418517
145 0.49206349206349204
146 0.5006805366517597
147 0.49670724406306127
148 0.5026010404161665
149 0.5076
150 0.49950228946844516
151 0.501880071244805
152 0.49727547931382443
153 0.4987679671457906
154 0.500102396067991
155 0.5073952341824157
156 0.4928645294725957
157 0.49780012570710247
158 0.49641198818066695
159 0.5088209982788297
160 0.4877679151331457
161 0.49922890504516415
162 0.4994390845860444
163 0.496592657726973
164 0.5124890446976337
165 0.5013106159895151
166 0.5091145833333334
167 0.5018338727076591
168 0.4787257741145021
169 0.48438228438228437
170 0.4958987579095383
171 0.5023288309268747
172 0.5059929494712103
173 0.4947856315179606
174 0.48043375766148044
175 0.4945945945945946
176 0.49171539961013644
177 0.4878795611125287
178 0.5147883732789393
179 0.4954909819639279
180 0.5061790668348045
181 0.5022935779816514
182 0.49352023274266066
183 0.5121514453824507
184 0.48195221148957806
185 0.5082266910420475
186 0.51621271076524
187 0.5133538777606574
188 0.5047570069426588
189 0.5045576407506702
190 0.5104029496971293
191 0.5062515947945905
192 0.4962425498833895
193 0.4996061958519296
194 0.4972477064220184
195 0.5052283984589984
196 0.4884497634288895
197 0.515633423180593
198 0.5000692616705915
