-837 1
-836 0
-835 0
-834 0
-833 0
-832 0
-831 0
-830 0
-829 0
-828 0
-827 0
-826 0
-825 0
-824 0
-823 0
-822 0
-821 0
-820 0
-819 0
-818 0
-817 0
-816 0
-815 0
-814 0
-813 0
-812 1
-811 0
-810 0
-809 0
-808 0
-807 0
-806 0
-805 0
-804 0
-803 0
-802 0
-801 0
-800 0
-799 0
-798 0
-797 0
-796 0
-795 0
-794 0
-793 0
-792 0
-791 0
-790 0
-789 0
-788 0
-787 0
-786 0
-785 0
-784 0
-783 0
-782 0
-781 0
-780 0
-779 0
-778 0
-777 0
-776 0
-775 0
-774 0
-773 0
-772 0
-771 0
-770 0
-769 0
-768 0
-767 0
-766 0
-765 0
-764 0
-763 0
-762 0
-761 0
-760 0
-759 0
-758 0
-757 0
-756 0
-755 0
-754 0
-753 0
-752 0
-751 0
-750 0
-749 0
-748 0
-747 0
-746 0
-745 0
-744 0
-743 0
-742 0
-741 0
-740 0
-739 0
-738 0
-737 0
-736 0
-735 0
-734 0
-733 0
-732 0
-731 0
-730 0
-729 1
-728 0
-727 0
-726 0
-725 0
-724 0
-723 0
-722 0
-721 0
-720 0
-719 0
-718 0
-717 0
-716 0
-715 0
-714 0
-713 0
-712 0
-711 0
-710 0
-709 0
-708 0
-707 0
-706 0
-705 0
-704 0
-703 0
-702 0
-701 0
-700 0
-699 0
-698 0
-697 0
-696 0
-695 0
-694 0
-693 0
-692 0
-691 0
-690 0
-689 0
-688 0
-687 0
-686 0
-685 1
-684 0
-683 0
-682 0
-681 0
-680 0
-679 0
-678 0
-677 0
-676 0
-675 0
-674 0
-673 0
-672 0
-671 0
-670 0
-669 0
-668 0
-667 0
-666 0
-665 0
-664 0
-663 1
-662 0
-661 1
-660 0
-659 1
-658 0
-657 0
-656 0
-655 0
-654 0
-653 0
-652 0
-651 1
-650 0
-649 0
-648 0
-647 0
-646 0
-645 1
-644 1
-643 0
-642 0
-641 0
-640 1
-639 0
-638 1
-637 0
-636 0
-635 0
-634 1
-633 0
-632 0
-631 0
-630 0
-629 0
-628 0
-627 0
-626 0
-625 0
-624 0
-623 0
-622 0
-621 0
-620 0
-619 0
-618 1
-617 0
-616 0
-615 0
-614 0
-613 0
-612 1
-611 1
-610 0
-609 1
-608 1
-607 0
-606 1
-605 0
-604 1
-603 0
-602 0
-601 0
-600 1
-599 2
-598 2
-597 0
-596 0
-595 0
-594 0
-593 0
-592 0
-591 1
-590 0
-589 0
-588 0
-587 2
-586 1
-585 0
-584 0
-583 0
-582 0
-581 0
-580 2
-579 0
-578 0
-577 0
-576 0
-575 0
-574 0
-573 0
-572 0
-571 0
-570 0
-569 0
-568 1
-567 0
-566 0
-565 0
-564 0
-563 0
-562 0
-561 0
-560 0
-559 0
-558 1
-557 2
-556 0
-555 0
-554 2
-553 2
-552 0
-551 2
-550 0
-549 0
-548 1
-547 0
-546 0
-545 0
-544 1
-543 0
-542 1
-541 0
-540 0
-539 0
-538 0
-537 1
-536 0
-535 0
-534 0
-533 0
-532 0
-531 0
-530 0
-529 1
-528 0
-527 0
-526 0
-525 2
-524 2
-523 0
-522 0
-521 0
-520 0
-519 0
-518 0
-517 0
-516 1
-515 0
-514 1
-513 0
-512 0
-511 0
-510 1
-509 1
-508 1
-507 1
-506 1
-505 0
-504 1
-503 0
-502 0
-501 1
-500 0
-499 0
-498 1
-497 2
-496 1
-495 2
-494 0
-493 1
-492 0
-491 1
-490 2
-489 0
-488 0
-487 1
-486 1
-485 1
-484 1
-483 0
-482 3
-481 2
-480 2
-479 0
-478 2
-477 0
-476 0
-475 4
-474 0
-473 0
-472 1
-471 1
-470 0
-469 1
-468 2
-467 2
-466 2
-465 2
-464 0
-463 1
-462 1
-461 0
-460 0
-459 1
-458 1
-457 0
-456 2
-455 1
-454 1
-453 0
-452 0
-451 0
-450 1
-449 2
-448 2
-447 1
-446 1
-445 2
-444 2
-443 1
-442 1
-441 1
-440 2
-439 1
-438 1
-437 4
-436 2
-435 3
-434 0
-433 1
-432 0
-431 1
-430 0
-429 5
-428 1
-427 1
-426 1
-425 1
-424 2
-423 1
-422 5
-421 2
-420 1
-419 1
-418 1
-417 0
-416 1
-415 1
-414 3
-413 2
-412 2
-411 2
-410 0
-409 1
-408 4
-407 4
-406 3
-405 2
-404 2
-403 3
-402 2
-401 4
-400 2
-399 1
-398 1
-397 3
-396 2
-395 3
-394 6
-393 4
-392 1
-391 2
-390 3
-389 0
-388 1
-387 4
-386 4
-385 2
-384 2
-383 2
-382 0
-381 1
-380 7
-379 5
-378 4
-377 2
-376 0
-375 5
-374 4
-373 4
-372 1
-371 4
-370 4
-369 2
-368 4
-367 3
-366 6
-365 5
-364 0
-363 5
-362 0
-361 4
-360 1
-359 3
-358 2
-357 4
-356 2
-355 5
-354 4
-353 2
-352 5
-351 2
-350 1
-349 1
-348 0
-347 2
-346 2
-345 4
-344 4
-343 4
-342 4
-341 2
-340 5
-339 5
-338 7
-337 5
-336 3
-335 1
-334 2
-333 1
-332 2
-331 5
-330 0
-329 5
-328 9
-327 3
-326 5
-325 6
-324 2
-323 4
-322 4
-321 1
-320 3
-319 4
-318 3
-317 6
-316 7
-315 5
-314 5
-313 7
-312 4
-311 3
-310 4
-309 5
-308 2
-307 5
-306 9
-305 6
-304 6
-303 4
-302 4
-301 4
-300 8
-299 1
-298 3
-297 9
-296 4
-295 7
-294 5
-293 5
-292 2
-291 4
-290 5
-289 6
-288 7
-287 5
-286 7
-285 8
-284 5
-283 8
-282 6
-281 2
-280 3
-279 6
-278 6
-277 7
-276 5
-275 8
-274 9
-273 8
-272 5
-271 9
-270 5
-269 8
-268 7
-267 5
-266 6
-265 14
-264 12
-263 13
-262 16
-261 3
-260 8
-259 8
-258 15
-257 9
-256 15
-255 6
-254 8
-253 8
-252 9
-251 7
-250 7
-249 11
-248 11
-247 6
-246 10
-245 10
-244 12
-243 8
-242 8
-241 12
-240 11
-239 8
-238 16
-237 9
-236 18
-235 15
-234 22
-233 9
-232 16
-231 7
-230 17
-229 12
-228 17
-227 12
-226 13
-225 13
-224 18
-223 10
-222 20
-221 15
-220 21
-219 17
-218 13
-217 16
-216 12
-215 11
-214 26
-213 12
-212 20
-211 16
-210 22
-209 17
-208 13
-207 11
-206 13
-205 13
-204 20
-203 28
-202 16
-201 15
-200 14
-199 18
-198 23
-197 32
-196 20
-195 18
-194 25
-193 22
-192 24
-191 18
-190 26
-189 21
-188 23
-187 23
-186 17
-185 25
-184 30
-183 25
-182 14
-181 32
-180 20
-179 34
-178 22
-177 29
-176 34
-175 27
-174 35
-173 22
-172 33
-171 31
-170 42
-169 38
-168 36
-167 33
-166 36
-165 33
-164 47
-163 31
-162 32
-161 34
-160 35
-159 32
-158 33
-157 31
-156 36
-155 37
-154 41
-153 29
-152 49
-151 44
-150 42
-149 41
-148 40
-147 41
-146 43
-145 49
-144 46
-143 47
-142 49
-141 49
-140 44
-139 57
-138 54
-137 59
-136 46
-135 66
-134 62
-133 61
-132 61
-131 62
-130 63
-129 64
-128 64
-127 62
-126 54
-125 61
-124 66
-123 71
-122 82
-121 84
-120 62
-119 56
-118 73
-117 65
-116 73
-115 84
-114 83
-113 64
-112 74
-111 102
-110 90
-109 92
-108 110
-107 90
-106 97
-105 115
-104 95
-103 110
-102 88
-101 107
-100 112
-99 106
-98 134
-97 100
-96 137
-95 138
-94 143
-93 133
-92 137
-91 130
-90 147
-89 173
-88 149
-87 157
-86 142
-85 160
-84 150
-83 148
-82 172
-81 189
-80 187
-79 191
-78 198
-77 211
-76 181
-75 250
-74 255
-73 237
-72 235
-71 237
-70 249
-69 290
-68 251
-67 263
-66 307
-65 321
-64 280
-63 317
-62 327
-61 347
-60 365
-59 355
-58 431
-57 444
-56 426
-55 461
-54 486
-53 478
-52 493
-51 560
-50 557
-49 583
-48 652
-47 649
-46 650
-45 676
-44 699
-43 785
-42 883
-41 911
-40 973
-39 982
-38 1099
-37 1231
-36 1220
-35 1267
-34 1383
-33 1424
-32 1590
-31 1690
-30 1854
-29 1946
-28 2152
-27 2426
-26 2640
-25 2767
-24 3076
-23 3411
-22 3717
-21 4208
-20 4575
-19 5277
-18 5812
-17 6697
-16 7595
-15 8876
-14 10210
-13 11823
-12 14098
-11 16939
-10 20846
-9 25552
-8 32052
-7 41207
-6 54872
-5 76738
-4 113725
-3 185192
-2 356281
-1 809995
0 4247619
1 18753826
2 4247641
3 810049
4 356553
5 185165
6 113874
7 76750
8 55261
9 41096
10 31927
11 25550
12 20397
13 17050
14 14053
15 11851
16 10253
17 8530
18 7730
19 6599
20 5754
21 5231
22 4629
23 4015
24 3798
25 3407
26 3115
27 2885
28 2523
29 2367
30 2173
31 2013
32 1884
33 1693
34 1637
35 1460
36 1341
37 1243
38 1265
39 1165
40 1043
41 1027
42 963
43 930
44 855
45 770
46 810
47 736
48 696
49 611
50 625
51 590
52 585
53 522
54 484
55 483
56 462
57 435
58 463
59 424
60 428
61 383
62 356
63 357
64 342
65 316
66 337
67 313
68 280
69 268
70 272
71 264
72 243
73 246
74 246
75 233
76 221
77 236
78 199
79 241
80 221
81 197
82 183
83 150
84 168
85 184
86 162
87 180
88 168
89 154
90 151
91 158
92 127
93 138
94 147
95 158
96 128
97 101
98 112
99 106
100 119
101 102
102 117
103 119
104 88
105 100
106 113
107 98
108 87
109 101
110 98
111 111
112 88
113 86
114 83
115 81
116 71
117 74
118 74
119 65
120 86
121 65
122 69
123 66
124 72
125 64
126 67
127 60
128 64
129 62
130 57
131 57
132 69
133 60
134 53
135 55
136 70
137 57
138 54
139 55
140 46
141 46
142 58
143 54
144 69
145 45
146 48
147 51
148 55
149 42
150 44
151 51
152 28
153 45
154 36
155 44
156 28
157 45
158 34
159 43
160 30
161 42
162 38
163 39
164 44
165 30
166 31
167 45
168 22
169 26
170 22
171 43
172 27
173 24
174 25
175 37
176 31
177 17
178 27
179 31
180 34
181 31
182 29
183 26
184 24
185 30
186 23
187 24
188 18
189 16
190 28
191 21
192 17
193 17
194 25
195 26
196 19
197 13
198 26
199 19
200 25
201 17
202 10
203 16
204 22
205 18
206 23
207 24
208 13
209 23
210 13
211 15
212 16
213 14
214 19
215 15
216 10
217 20
218 16
219 14
220 13
221 23
222 17
223 14
224 24
225 13
226 9
227 11
228 11
229 15
230 24
231 11
232 12
233 8
234 23
235 11
236 14
237 15
238 10
239 14
240 13
241 20
242 14
243 17
244 12
245 14
246 9
247 3
248 13
249 8
250 8
251 9
252 11
253 8
254 7
255 8
256 6
257 15
258 7
259 6
260 17
261 5
262 13
263 9
264 5
265 8
266 7
267 10
268 7
269 5
270 14
271 6
272 10
273 6
274 3
275 7
276 6
277 3
278 10
279 7
280 8
281 6
282 4
283 8
284 9
285 6
286 7
287 5
288 8
289 7
290 8
291 9
292 7
293 6
294 8
295 7
296 6
297 5
298 7
299 7
300 3
301 2
302 2
303 8
304 3
305 0
306 4
307 7
308 5
309 8
310 4
311 7
312 3
313 5
314 1
315 1
316 7
317 5
318 7
319 3
320 5
321 8
322 2
323 0
324 2
325 4
326 5
327 6
328 2
329 2
330 9
331 1
332 3
333 5
334 2
335 3
336 3
337 0
338 2
339 3
340 3
341 2
342 8
343 4
344 5
345 2
346 2
347 4
348 4
349 3
350 4
351 3
352 3
353 1
354 3
355 4
356 1
357 2
358 2
359 5
360 4
361 4
362 2
363 3
364 1
365 7
366 4
367 4
368 4
369 2
370 1
371 3
372 0
373 5
374 3
375 0
376 3
377 3
378 3
379 3
380 1
381 4
382 5
383 1
384 2
385 3
386 1
387 2
388 4
389 2
390 6
391 1
392 6
393 1
394 1
395 2
396 2
397 4
398 2
399 3
400 3
401 2
402 2
403 2
404 0
405 2
406 1
407 0
408 2
409 4
410 1
411 2
412 1
413 0
414 2
415 1
416 4
417 4
418 0
419 1
420 0
421 2
422 1
423 2
424 3
425 1
426 0
427 0
428 2
429 3
430 2
431 2
432 4
433 2
434 2
435 1
436 2
437 1
438 1
439 0
440 2
441 1
442 4
443 2
444 3
445 2
446 3
447 1
448 3
449 1
450 0
451 1
452 2
453 4
454 1
455 1
456 1
457 0
458 0
459 0
460 3
461 0
462 0
463 2
464 0
465 2
466 0
467 1
468 0
469 1
470 2
471 0
472 1
473 1
474 2
475 2
476 1
477 3
478 0
479 1
480 2
481 1
482 1
483 1
484 2
485 3
486 1
487 1
488 1
489 0
490 1
491 1
492 1
493 0
494 2
495 1
496 0
497 2
498 0
499 1
500 1
501 0
502 0
503 0
504 2
505 2
506 0
507 1
508 1
509 0
510 0
511 0
512 0
513 0
514 0
515 0
516 0
517 0
518 3
519 0
520 0
521 0
522 0
523 0
524 0
525 1
526 0
527 0
528 0
529 1
530 0
531 1
532 0
533 1
534 0
535 0
536 0
537 0
538 0
539 0
540 0
541 0
542 0
543 0
544 0
545 0
546 0
547 3
548 2
549 1
550 0
551 1
552 0
553 0
554 0
555 0
556 0
557 0
558 0
559 0
560 0
561 0
562 0
563 0
564 0
565 0
566 0
567 0
568 0
569 1
570 0
571 0
572 1
573 0
574 0
575 1
576 0
577 0
578 0
579 0
580 0
581 0
582 2
583 0
584 1
585 0
586 0
587 0
588 1
589 0
590 0
591 0
592 0
593 0
594 0
595 1
596 1
597 0
598 0
599 0
600 2
601 1
602 1
603 1
604 0
605 2
606 0
607 1
608 1
609 0
610 1
611 0
612 0
613 0
614 1
615 1
616 0
617 0
618 0
619 0
620 0
621 0
622 0
623 0
624 1
625 0
626 2
627 0
628 0
629 0
630 0
631 0
632 1
633 0
634 0
635 0
636 0
637 0
638 1
639 0
640 1
641 0
642 0
643 0
644 0
645 0
646 0
647 1
648 0
649 1
650 0
651 0
652 1
653 0
654 0
655 0
656 0
657 0
658 0
659 0
660 0
661 0
662 0
663 0
664 1
665 0
666 0
667 0
668 0
669 0
670 0
671 0
672 0
673 0
674 0
675 0
676 0
677 0
678 0
679 0
680 0
681 0
682 0
683 0
684 0
685 0
686 0
687 1
688 0
689 0
690 0
691 0
692 0
693 0
694 0
695 0
696 0
697 0
698 0
699 0
700 0
701 0
702 0
703 0
704 0
705 0
706 0
707 0
708 0
709 0
710 0
711 1
712 0
713 0
714 0
715 0
716 0
717 0
718 0
719 0
720 0
721 0
722 0
723 0
724 0
725 0
726 0
727 0
728 0
729 0
730 0
731 0
732 0
733 0
734 0
735 0
736 0
737 0
738 0
739 0
740 0
741 0
742 0
743 0
744 0
745 0
746 0
747 0
748 0
749 0
750 0
751 0
752 0
753 0
754 0
755 0
756 0
757 0
758 0
759 0
760 0
761 0
762 0
763 0
764 0
765 0
766 0
767 0
768 0
769 0
770 0
771 0
772 0
773 0
774 0
775 0
776 0
777 0
778 0
779 0
780 0
781 0
782 0
783 0
784 0
785 0
786 0
787 0
788 0
789 0
790 0
791 0
792 0
793 0
794 0
795 0
796 0
797 0
798 0
799 0
800 0
801 0
802 0
803 0
804 0
805 0
806 0
807 0
808 0
809 0
810 0
811 0
812 0
813 0
814 0
815 0
816 1
817 0
818 0
819 0
820 0
821 0
822 0
823 0
824 0
825 0
826 0
827 0
828 0
829 0
830 0
831 0
832 0
833 0
834 0
835 0
836 0
837 0
838 0
839 0
840 0
841 0
842 0
843 0
844 0
845 0
846 0
847 0
848 0
849 1
