0 0.5346
1 0.5425
2 0.5386
3 0.5566
4 0.544
5 0.5297
6 0.5218
7 0.5412
8 0.5409
9 0.5257
10 0.538
11 0.5279
12 0.5282
13 0.5429
14 0.5348
15 0.5403
16 0.5289
17 0.5437
18 0.5367
19 0.5404
20 0.5401
21 0.5215
22 0.5451
23 0.5359
24 0.5332
25 0.5462
26 0.5559
27 0.5334
28 0.5423
29 0.5507
30 0.5342
31 0.546
32 0.5387
33 0.5464
34 0.5263
35 0.5333
36 0.5276
37 0.5406
38 0.5333
39 0.5446
40 0.5369
41 0.5334
42 0.5308
43 0.5282
44 0.528
45 0.5214
46 0.5306
47 0.5338
48 0.5197
49 0.5293
50 0.5398
51 0.5377
52 0.5319
53 0.5447
54 0.5308
55 0.541
56 0.5424
57 0.5219
58 0.5433
59 0.5318
60 0.5312
61 0.5334
62 0.538
63 0.5439
64 0.5338
65 0.5221
66 0.5396
67 0.5306
68 0.5441
69 0.5352
70 0.5229
71 0.5418
72 0.541
73 0.5386
74 0.5568
75 0.5471
76 0.555
77 0.5309
78 0.5362
79 0.5318
80 0.5549
81 0.5424
82 0.541
83 0.5491
84 0.5431
85 0.5288
86 0.5359
87 0.5385
88 0.5341
89 0.5256
90 0.5301
91 0.5467
92 0.5274
93 0.5431
94 0.5379
95 0.5398
96 0.529
97 0.5461
98 0.5297
99 0.5405
100 0.5302
101 0.5407
102 0.5286
103 0.5349
