-392 1
-391 0
-390 0
-389 0
-388 0
-387 0
-386 0
-385 0
-384 0
-383 0
-382 0
-381 0
-380 0
-379 0
-378 1
-377 0
-376 0
-375 0
-374 0
-373 1
-372 0
-371 0
-370 0
-369 0
-368 1
-367 0
-366 0
-365 0
-364 0
-363 0
-362 0
-361 0
-360 0
-359 0
-358 0
-357 0
-356 0
-355 0
-354 0
-353 0
-352 0
-351 0
-350 0
-349 0
-348 0
-347 0
-346 0
-345 0
-344 0
-343 0
-342 0
-341 0
-340 0
-339 0
-338 0
-337 0
-336 0
-335 0
-334 0
-333 0
-332 0
-331 0
-330 0
-329 0
-328 0
-327 0
-326 0
-325 0
-324 0
-323 0
-322 0
-321 0
-320 0
-319 0
-318 0
-317 0
-316 0
-315 0
-314 0
-313 0
-312 0
-311 0
-310 0
-309 0
-308 0
-307 0
-306 0
-305 0
-304 0
-303 0
-302 0
-301 0
-300 0
-299 0
-298 0
-297 0
-296 0
-295 0
-294 0
-293 0
-292 0
-291 0
-290 0
-289 0
-288 0
-287 0
-286 0
-285 0
-284 0
-283 0
-282 0
-281 0
-280 0
-279 0
-278 0
-277 0
-276 0
-275 0
-274 1
-273 0
-272 0
-271 0
-270 0
-269 1
-268 0
-267 0
-266 0
-265 0
-264 1
-263 0
-262 0
-261 0
-260 1
-259 0
-258 0
-257 0
-256 0
-255 0
-254 0
-253 0
-252 0
-251 0
-250 0
-249 0
-248 0
-247 1
-246 0
-245 1
-244 0
-243 0
-242 0
-241 1
-240 1
-239 0
-238 0
-237 0
-236 0
-235 1
-234 1
-233 0
-232 0
-231 1
-230 0
-229 0
-228 2
-227 1
-226 0
-225 1
-224 1
-223 1
-222 0
-221 0
-220 0
-219 0
-218 0
-217 0
-216 0
-215 0
-214 0
-213 0
-212 0
-211 1
-210 2
-209 0
-208 0
-207 0
-206 2
-205 0
-204 0
-203 2
-202 1
-201 0
-200 0
-199 0
-198 0
-197 3
-196 1
-195 0
-194 1
-193 1
-192 0
-191 1
-190 1
-189 3
-188 1
-187 1
-186 0
-185 0
-184 0
-183 0
-182 1
-181 0
-180 2
-179 2
-178 1
-177 1
-176 1
-175 2
-174 0
-173 1
-172 1
-171 0
-170 0
-169 0
-168 3
-167 1
-166 2
-165 0
-164 0
-163 2
-162 0
-161 2
-160 2
-159 1
-158 2
-157 3
-156 0
-155 1
-154 0
-153 0
-152 3
-151 1
-150 0
-149 4
-148 1
-147 1
-146 1
-145 1
-144 0
-143 3
-142 2
-141 1
-140 4
-139 2
-138 1
-137 4
-136 1
-135 4
-134 3
-133 5
-132 3
-131 5
-130 6
-129 3
-128 3
-127 3
-126 3
-125 6
-124 6
-123 4
-122 5
-121 3
-120 1
-119 5
-118 2
-117 8
-116 7
-115 7
-114 8
-113 6
-112 9
-111 6
-110 5
-109 7
-108 3
-107 3
-106 5
-105 4
-104 11
-103 9
-102 4
-101 11
-100 9
-99 4
-98 12
-97 10
-96 4
-95 9
-94 6
-93 10
-92 5
-91 15
-90 12
-89 12
-88 8
-87 12
-86 13
-85 21
-84 14
-83 6
-82 22
-81 14
-80 17
-79 16
-78 18
-77 23
-76 19
-75 17
-74 13
-73 21
-72 20
-71 18
-70 25
-69 17
-68 23
-67 23
-66 14
-65 23
-64 21
-63 19
-62 28
-61 39
-60 26
-59 22
-58 25
-57 41
-56 32
-55 34
-54 38
-53 46
-52 47
-51 46
-50 38
-49 50
-48 51
-47 59
-46 67
-45 55
-44 62
-43 70
-42 57
-41 76
-40 75
-39 99
-38 73
-37 97
-36 100
-35 102
-34 110
-33 117
-32 112
-31 120
-30 123
-29 131
-28 149
-27 137
-26 150
-25 181
-24 197
-23 226
-22 219
-21 250
-20 263
-19 264
-18 318
-17 389
-16 399
-15 427
-14 474
-13 525
-12 637
-11 667
-10 809
-9 953
-8 1078
-7 1339
-6 1568
-5 2109
-4 2699
-3 3846
-2 6098
-1 12181
0 55798
1 5530
2 55554
3 12252
4 6141
5 3677
6 2668
7 2021
8 1593
9 1331
10 1062
11 924
12 817
13 728
14 582
15 551
16 455
17 418
18 388
19 363
20 292
21 307
22 242
23 254
24 229
25 226
26 193
27 191
28 169
29 156
30 131
31 138
32 125
33 131
34 100
35 101
36 96
37 111
38 91
39 89
40 75
41 87
42 66
43 74
44 73
45 64
46 61
47 64
48 63
49 60
50 51
51 48
52 44
53 47
54 31
55 42
56 35
57 28
58 28
59 26
60 38
61 25
62 30
63 28
64 25
65 35
66 31
67 25
68 30
69 25
70 30
71 30
72 22
73 20
74 29
75 18
76 19
77 23
78 17
79 20
80 10
81 15
82 11
83 12
84 17
85 18
86 13
87 15
88 12
89 11
90 11
91 8
92 3
93 14
94 10
95 10
96 8
97 7
98 6
99 10
100 6
101 7
102 7
103 8
104 6
105 6
106 8
107 11
108 4
109 7
110 10
111 2
112 6
113 4
114 4
115 3
116 7
117 4
118 3
119 6
120 7
121 4
122 3
123 5
124 2
125 1
126 3
127 2
128 5
129 3
130 1
131 2
132 4
133 4
134 3
135 4
136 4
137 2
138 2
139 2
140 3
141 1
142 3
143 3
144 2
145 2
146 4
147 0
148 4
149 1
150 0
151 2
152 2
153 1
154 1
155 3
156 3
157 1
158 2
159 1
160 1
161 2
162 1
163 2
164 0
165 0
166 1
167 1
168 4
169 0
170 3
171 2
172 0
173 5
174 2
175 0
176 1
177 3
178 0
179 1
180 1
181 0
182 0
183 1
184 1
185 0
186 3
187 0
188 0
189 0
190 0
191 1
192 2
193 2
194 3
195 1
196 0
197 1
198 1
199 0
200 0
201 1
202 2
203 1
204 1
205 0
206 1
207 1
208 1
209 2
210 0
211 0
212 0
213 1
214 2
215 0
216 0
217 0
218 1
219 0
220 0
221 0
222 0
223 0
224 0
225 0
226 1
227 0
228 0
229 0
230 0
231 2
232 0
233 1
234 0
235 1
236 0
237 0
238 0
239 0
240 0
241 0
242 1
243 0
244 1
245 0
246 0
247 0
248 0
249 0
250 0
251 0
252 0
253 0
254 0
255 1
256 0
257 1
258 0
259 0
260 0
261 0
262 0
263 0
264 0
265 0
266 0
267 0
268 0
269 0
270 0
271 0
272 0
273 0
274 0
275 0
276 0
277 0
278 1
279 0
280 0
281 0
282 0
283 0
284 0
285 0
286 0
287 0
288 0
289 0
290 0
291 0
292 0
293 1
294 0
295 0
296 0
297 0
298 0
299 0
300 0
301 0
302 0
303 0
304 0
305 1
306 0
307 0
308 0
309 0
310 0
311 0
312 0
313 0
314 0
315 0
316 0
317 0
318 0
319 1
320 0
321 0
322 0
323 0
324 0
325 0
326 0
327 0
328 0
329 0
330 0
331 0
332 0
333 0
334 0
335 0
336 0
337 0
338 0
339 0
340 0
341 0
342 0
343 0
344 0
345 0
346 0
347 0
348 0
349 0
350 0
351 0
352 0
353 0
354 0
355 0
356 0
357 0
358 0
359 0
360 0
361 0
362 0
363 0
364 0
365 0
366 0
367 0
368 0
369 0
370 0
371 0
372 0
373 0
374 0
375 0
376 0
377 0
378 0
379 0
380 0
381 0
382 0
383 0
384 0
385 0
386 0
387 0
388 0
389 0
390 0
391 0
392 0
393 0
394 0
395 0
396 0
397 0
398 0
399 0
400 0
401 0
402 0
403 0
404 0
405 0
406 0
407 0
408 0
409 0
410 0
411 0
412 0
413 0
414 0
415 0
416 0
417 0
418 0
419 0
420 0
421 0
422 0
423 0
424 0
425 1
426 0
427 0
428 0
429 0
430 0
431 0
432 0
433 0
434 0
435 0
436 1
