2 0.7502699784017278
3 0.7000792841771435
4 0.68
5 0.6563442909321899
6 0.6392607957759758
7 0.6328370727615852
8 0.6111374407582938
9 0.6120150187734669
10 0.6024878312601406
11 0.5930034129692833
12 0.5754067584480601
13 0.5768716577540107
14 0.5726703755215578
15 0.5670754366406541
16 0.5637124381894256
17 0.5682627621685793
18 0.5522514868309261
19 0.5456930476606908
20 0.5472906403940887
21 0.5382381413359149
22 0.5522077922077923
23 0.5351351351351351
24 0.5501691093573844
25 0.5538103548574753
26 0.5366001209921355
27 0.5358624777711914
28 0.5312302839116719
29 0.5346077785102176
30 0.5645161290322581
31 0.5316455696202531
32 0.5016633399866933
33 0.5200543847722637
34 0.5482993197278911
35 0.5098324836125273
36 0.5484615384615384
37 0.5204003079291762
38 0.5360501567398119
39 0.5229215229215229
40 0.5292233787029623
41 0.4861693210393965
42 0.5271317829457365
43 0.5194805194805194
44 0.517636684303351
45 0.5172413793103449
46 0.5192307692307693
47 0.5202108963093146
48 0.516994633273703
49 0.5158878504672897
50 0.5020080321285141
51 0.5240480961923848
52 0.5144995322731525
53 0.48659384309831183
54 0.5206692913385826
55 0.4941921858500528
56 0.4954314720812183
57 0.4896174863387978
58 0.5031133250311333
59 0.49158653846153844
60 0.49477351916376305
61 0.5048661800486618
62 0.5403422982885085
63 0.501219512195122
64 0.4968394437420986
65 0.5126262626262627
66 0.49266503667481665
67 0.5398457583547558
68 0.5038659793814433
69 0.4959016393442623
70 0.5239398084815321
71 0.5169971671388102
72 0.5302197802197802
73 0.4979310344827586
74 0.5051094890510949
75 0.502127659574468
76 0.4971590909090909
77 0.5204513399153737
78 0.4539969834087481
79 0.4960380348652932
80 0.5
81 0.5082956259426847
82 0.46540880503144655
83 0.4912
84 0.5077452667814114
85 0.49261083743842365
86 0.4867549668874172
87 0.5080500894454383
88 0.4973637961335677
89 0.4831649831649832
90 0.49264705882352944
91 0.49733570159857904
92 0.48411214953271026
93 0.5073529411764706
94 0.5242718446601942
95 0.5067178502879078
96 0.4654205607476635
97 0.5095419847328244
98 0.4928774928774929
