-4586 1
-4585 0
-4584 0
-4583 1
-4582 0
-4581 0
-4580 0
-4579 0
-4578 0
-4577 0
-4576 0
-4575 0
-4574 0
-4573 0
-4572 0
-4571 0
-4570 0
-4569 0
-4568 0
-4567 0
-4566 0
-4565 0
-4564 1
-4563 1
-4562 0
-4561 0
-4560 0
-4559 0
-4558 0
-4557 0
-4556 0
-4555 0
-4554 0
-4553 0
-4552 0
-4551 0
-4550 0
-4549 0
-4548 0
-4547 0
-4546 0
-4545 0
-4544 0
-4543 0
-4542 0
-4541 0
-4540 0
-4539 0
-4538 0
-4537 0
-4536 0
-4535 0
-4534 0
-4533 0
-4532 0
-4531 0
-4530 0
-4529 0
-4528 1
-4527 2
-4526 0
-4525 0
-4524 0
-4523 0
-4522 0
-4521 0
-4520 0
-4519 0
-4518 0
-4517 0
-4516 0
-4515 0
-4514 0
-4513 0
-4512 0
-4511 0
-4510 0
-4509 1
-4508 0
-4507 0
-4506 0
-4505 0
-4504 0
-4503 0
-4502 0
-4501 0
-4500 0
-4499 0
-4498 0
-4497 0
-4496 0
-4495 1
-4494 1
-4493 1
-4492 1
-4491 2
-4490 1
-4489 1
-4488 0
-4487 0
-4486 1
-4485 0
-4484 1
-4483 0
-4482 0
-4481 1
-4480 0
-4479 0
-4478 0
-4477 1
-4476 0
-4475 0
-4474 1
-4473 1
-4472 0
-4471 0
-4470 0
-4469 0
-4468 1
-4467 1
-4466 0
-4465 0
-4464 1
-4463 0
-4462 0
-4461 0
-4460 0
-4459 0
-4458 0
-4457 0
-4456 0
-4455 0
-4454 0
-4453 0
-4452 0
-4451 0
-4450 0
-4449 0
-4448 0
-4447 0
-4446 0
-4445 1
-4444 0
-4443 0
-4442 0
-4441 0
-4440 0
-4439 0
-4438 0
-4437 0
-4436 2
-4435 0
-4434 0
-4433 1
-4432 1
-4431 0
-4430 2
-4429 0
-4428 2
-4427 0
-4426 0
-4425 0
-4424 1
-4423 0
-4422 2
-4421 2
-4420 0
-4419 0
-4418 4
-4417 0
-4416 5
-4415 0
-4414 0
-4413 1
-4412 0
-4411 2
-4410 2
-4409 1
-4408 0
-4407 1
-4406 0
-4405 1
-4404 0
-4403 0
-4402 0
-4401 3
-4400 2
-4399 0
-4398 2
-4397 3
-4396 2
-4395 2
-4394 1
-4393 1
-4392 0
-4391 1
-4390 1
-4389 1
-4388 2
-4387 2
-4386 1
-4385 0
-4384 1
-4383 0
-4382 1
-4381 1
-4380 3
-4379 1
-4378 4
-4377 4
-4376 1
-4375 0
-4374 2
-4373 0
-4372 1
-4371 2
-4370 1
-4369 0
-4368 1
-4367 0
-4366 0
-4365 1
-4364 1
-4363 0
-4362 1
-4361 1
-4360 1
-4359 0
-4358 2
-4357 2
-4356 3
-4355 1
-4354 1
-4353 0
-4352 0
-4351 2
-4350 2
-4349 0
-4348 2
-4347 0
-4346 1
-4345 1
-4344 1
-4343 2
-4342 3
-4341 2
-4340 3
-4339 1
-4338 0
-4337 4
-4336 1
-4335 1
-4334 1
-4333 0
-4332 1
-4331 1
-4330 2
-4329 4
-4328 1
-4327 0
-4326 0
-4325 0
-4324 1
-4323 1
-4322 0
-4321 1
-4320 3
-4319 1
-4318 2
-4317 0
-4316 1
-4315 1
-4314 1
-4313 1
-4312 0
-4311 1
-4310 1
-4309 0
-4308 1
-4307 1
-4306 0
-4305 1
-4304 0
-4303 0
-4302 0
-4301 0
-4300 0
-4299 0
-4298 0
-4297 0
-4296 0
-4295 0
-4294 1
-4293 0
-4292 0
-4291 0
-4290 0
-4289 0
-4288 1
-4287 0
-4286 1
-4285 2
-4284 1
-4283 1
-4282 3
-4281 1
-4280 1
-4279 1
-4278 1
-4277 1
-4276 0
-4275 0
-4274 0
-4273 0
-4272 1
-4271 0
-4270 0
-4269 0
-4268 2
-4267 0
-4266 0
-4265 0
-4264 1
-4263 0
-4262 3
-4261 0
-4260 1
-4259 0
-4258 0
-4257 2
-4256 1
-4255 0
-4254 1
-4253 1
-4252 4
-4251 4
-4250 0
-4249 0
-4248 1
-4247 1
-4246 0
-4245 2
-4244 0
-4243 1
-4242 1
-4241 1
-4240 1
-4239 0
-4238 2
-4237 0
-4236 1
-4235 4
-4234 1
-4233 1
-4232 3
-4231 1
-4230 3
-4229 3
-4228 0
-4227 1
-4226 1
-4225 2
-4224 0
-4223 3
-4222 2
-4221 4
-4220 4
-4219 3
-4218 1
-4217 1
-4216 3
-4215 1
-4214 3
-4213 6
-4212 6
-4211 1
-4210 2
-4209 0
-4208 4
-4207 1
-4206 5
-4205 1
-4204 3
-4203 4
-4202 4
-4201 6
-4200 0
-4199 2
-4198 2
-4197 4
-4196 2
-4195 5
-4194 1
-4193 3
-4192 4
-4191 2
-4190 1
-4189 5
-4188 6
-4187 3
-4186 1
-4185 5
-4184 0
-4183 1
-4182 2
-4181 5
-4180 2
-4179 2
-4178 0
-4177 2
-4176 4
-4175 1
-4174 2
-4173 1
-4172 4
-4171 0
-4170 1
-4169 0
-4168 1
-4167 0
-4166 2
-4165 2
-4164 2
-4163 2
-4162 7
-4161 3
-4160 1
-4159 2
-4158 2
-4157 2
-4156 4
-4155 2
-4154 0
-4153 5
-4152 2
-4151 4
-4150 5
-4149 4
-4148 5
-4147 3
-4146 1
-4145 2
-4144 3
-4143 2
-4142 6
-4141 2
-4140 3
-4139 4
-4138 2
-4137 4
-4136 6
-4135 3
-4134 3
-4133 2
-4132 3
-4131 1
-4130 5
-4129 6
-4128 1
-4127 0
-4126 3
-4125 3
-4124 3
-4123 2
-4122 1
-4121 6
-4120 5
-4119 3
-4118 5
-4117 4
-4116 4
-4115 5
-4114 3
-4113 4
-4112 0
-4111 2
-4110 2
-4109 2
-4108 1
-4107 5
-4106 4
-4105 5
-4104 7
-4103 4
-4102 3
-4101 2
-4100 5
-4099 3
-4098 4
-4097 3
-4096 5
-4095 5
-4094 4
-4093 6
-4092 4
-4091 6
-4090 2
-4089 3
-4088 2
-4087 4
-4086 5
-4085 4
-4084 2
-4083 1
-4082 1
-4081 6
-4080 0
-4079 2
-4078 3
-4077 0
-4076 4
-4075 2
-4074 0
-4073 2
-4072 1
-4071 4
-4070 1
-4069 1
-4068 3
-4067 1
-4066 2
-4065 3
-4064 1
-4063 3
-4062 7
-4061 1
-4060 7
-4059 4
-4058 7
-4057 3
-4056 7
-4055 6
-4054 8
-4053 6
-4052 9
-4051 4
-4050 2
-4049 6
-4048 5
-4047 10
-4046 5
-4045 7
-4044 4
-4043 5
-4042 5
-4041 5
-4040 9
-4039 1
-4038 5
-4037 8
-4036 3
-4035 5
-4034 13
-4033 3
-4032 9
-4031 3
-4030 9
-4029 6
-4028 2
-4027 5
-4026 2
-4025 9
-4024 6
-4023 3
-4022 6
-4021 6
-4020 4
-4019 10
-4018 3
-4017 2
-4016 9
-4015 14
-4014 5
-4013 6
-4012 4
-4011 5
-4010 2
-4009 6
-4008 3
-4007 8
-4006 8
-4005 8
-4004 13
-4003 9
-4002 7
-4001 4
-4000 8
-3999 9
-3998 7
-3997 6
-3996 9
-3995 9
-3994 7
-3993 8
-3992 7
-3991 10
-3990 10
-3989 7
-3988 5
-3987 6
-3986 8
-3985 8
-3984 3
-3983 13
-3982 7
-3981 6
-3980 10
-3979 12
-3978 9
-3977 3
-3976 5
-3975 8
-3974 10
-3973 12
-3972 6
-3971 5
-3970 9
-3969 9
-3968 13
-3967 8
-3966 12
-3965 12
-3964 8
-3963 5
-3962 13
-3961 5
-3960 10
-3959 3
-3958 11
-3957 6
-3956 8
-3955 2
-3954 6
-3953 5
-3952 5
-3951 5
-3950 12
-3949 2
-3948 8
-3947 5
-3946 9
-3945 6
-3944 3
-3943 9
-3942 5
-3941 4
-3940 4
-3939 9
-3938 3
-3937 6
-3936 11
-3935 3
-3934 9
-3933 7
-3932 9
-3931 6
-3930 8
-3929 5
-3928 8
-3927 7
-3926 7
-3925 6
-3924 6
-3923 5
-3922 9
-3921 9
-3920 8
-3919 3
-3918 11
-3917 7
-3916 11
-3915 11
-3914 14
-3913 12
-3912 8
-3911 7
-3910 14
-3909 8
-3908 9
-3907 11
-3906 6
-3905 7
-3904 11
-3903 8
-3902 4
-3901 8
-3900 6
-3899 9
-3898 10
-3897 8
-3896 3
-3895 9
-3894 9
-3893 3
-3892 6
-3891 10
-3890 15
-3889 9
-3888 13
-3887 18
-3886 16
-3885 7
-3884 13
-3883 10
-3882 10
-3881 17
-3880 10
-3879 9
-3878 5
-3877 7
-3876 15
-3875 13
-3874 14
-3873 7
-3872 11
-3871 20
-3870 12
-3869 11
-3868 16
-3867 10
-3866 9
-3865 18
-3864 17
-3863 12
-3862 12
-3861 12
-3860 6
-3859 7
-3858 5
-3857 14
-3856 6
-3855 14
-3854 4
-3853 9
-3852 16
-3851 21
-3850 10
-3849 13
-3848 18
-3847 14
-3846 14
-3845 13
-3844 9
-3843 15
-3842 9
-3841 19
-3840 5
-3839 10
-3838 13
-3837 10
-3836 4
-3835 12
-3834 12
-3833 16
-3832 13
-3831 8
-3830 19
-3829 14
-3828 14
-3827 14
-3826 11
-3825 13
-3824 14
-3823 12
-3822 13
-3821 9
-3820 10
-3819 16
-3818 13
-3817 5
-3816 18
-3815 11
-3814 11
-3813 8
-3812 8
-3811 14
-3810 15
-3809 11
-3808 15
-3807 11
-3806 6
-3805 6
-3804 15
-3803 6
-3802 13
-3801 11
-3800 16
-3799 6
-3798 10
-3797 10
-3796 15
-3795 12
-3794 14
-3793 19
-3792 15
-3791 15
-3790 11
-3789 20
-3788 15
-3787 15
-3786 15
-3785 21
-3784 12
-3783 14
-3782 11
-3781 10
-3780 10
-3779 11
-3778 22
-3777 16
-3776 14
-3775 13
-3774 18
-3773 23
-3772 14
-3771 16
-3770 10
-3769 19
-3768 15
-3767 15
-3766 16
-3765 18
-3764 14
-3763 19
-3762 16
-3761 29
-3760 10
-3759 27
-3758 18
-3757 13
-3756 17
-3755 18
-3754 20
-3753 21
-3752 12
-3751 23
-3750 21
-3749 22
-3748 8
-3747 21
-3746 14
-3745 21
-3744 19
-3743 19
-3742 15
-3741 18
-3740 18
-3739 17
-3738 22
-3737 22
-3736 20
-3735 29
-3734 19
-3733 30
-3732 23
-3731 21
-3730 13
-3729 23
-3728 24
-3727 17
-3726 21
-3725 21
-3724 17
-3723 22
-3722 29
-3721 23
-3720 20
-3719 21
-3718 18
-3717 19
-3716 10
-3715 18
-3714 14
-3713 24
-3712 17
-3711 25
-3710 22
-3709 24
-3708 21
-3707 25
-3706 23
-3705 29
-3704 21
-3703 21
-3702 27
-3701 27
-3700 26
-3699 26
-3698 24
-3697 28
-3696 17
-3695 15
-3694 26
-3693 26
-3692 27
-3691 21
-3690 18
-3689 23
-3688 31
-3687 30
-3686 15
-3685 24
-3684 25
-3683 31
-3682 22
-3681 30
-3680 22
-3679 17
-3678 23
-3677 25
-3676 18
-3675 17
-3674 24
-3673 33
-3672 19
-3671 27
-3670 26
-3669 20
-3668 29
-3667 21
-3666 21
-3665 23
-3664 32
-3663 17
-3662 37
-3661 20
-3660 29
-3659 30
-3658 25
-3657 13
-3656 15
-3655 29
-3654 16
-3653 25
-3652 22
-3651 33
-3650 19
-3649 24
-3648 28
-3647 27
-3646 26
-3645 33
-3644 20
-3643 20
-3642 25
-3641 20
-3640 29
-3639 24
-3638 25
-3637 17
-3636 21
-3635 23
-3634 25
-3633 25
-3632 25
-3631 25
-3630 15
-3629 24
-3628 37
-3627 21
-3626 32
-3625 19
-3624 25
-3623 29
-3622 25
-3621 23
-3620 25
-3619 27
-3618 31
-3617 30
-3616 25
-3615 26
-3614 24
-3613 27
-3612 30
-3611 22
-3610 32
-3609 19
-3608 30
-3607 33
-3606 26
-3605 25
-3604 28
-3603 30
-3602 31
-3601 34
-3600 34
-3599 25
-3598 23
-3597 36
-3596 23
-3595 44
-3594 29
-3593 34
-3592 30
-3591 30
-3590 39
-3589 19
-3588 25
-3587 32
-3586 34
-3585 29
-3584 33
-3583 28
-3582 31
-3581 24
-3580 24
-3579 27
-3578 30
-3577 29
-3576 31
-3575 31
-3574 31
-3573 36
-3572 23
-3571 29
-3570 30
-3569 28
-3568 38
-3567 37
-3566 25
-3565 33
-3564 28
-3563 31
-3562 28
-3561 28
-3560 20
-3559 32
-3558 31
-3557 18
-3556 34
-3555 28
-3554 31
-3553 30
-3552 27
-3551 26
-3550 24
-3549 30
-3548 28
-3547 36
-3546 30
-3545 31
-3544 28
-3543 40
-3542 30
-3541 31
-3540 40
-3539 34
-3538 41
-3537 38
-3536 56
-3535 30
-3534 39
-3533 38
-3532 37
-3531 30
-3530 38
-3529 51
-3528 35
-3527 50
-3526 30
-3525 53
-3524 36
-3523 39
-3522 32
-3521 41
-3520 38
-3519 44
-3518 35
-3517 29
-3516 36
-3515 37
-3514 32
-3513 32
-3512 52
-3511 41
-3510 32
-3509 44
-3508 34
-3507 36
-3506 44
-3505 22
-3504 44
-3503 36
-3502 33
-3501 52
-3500 32
-3499 35
-3498 41
-3497 39
-3496 38
-3495 35
-3494 42
-3493 31
-3492 39
-3491 36
-3490 36
-3489 37
-3488 38
-3487 33
-3486 34
-3485 31
-3484 45
-3483 36
-3482 37
-3481 42
-3480 30
-3479 28
-3478 39
-3477 36
-3476 32
-3475 37
-3474 49
-3473 48
-3472 36
-3471 32
-3470 51
-3469 31
-3468 45
-3467 42
-3466 66
-3465 36
-3464 42
-3463 30
-3462 42
-3461 33
-3460 44
-3459 41
-3458 39
-3457 53
-3456 44
-3455 45
-3454 44
-3453 42
-3452 53
-3451 52
-3450 46
-3449 42
-3448 50
-3447 44
-3446 54
-3445 43
-3444 40
-3443 34
-3442 46
-3441 50
-3440 48
-3439 51
-3438 49
-3437 44
-3436 43
-3435 41
-3434 52
-3433 61
-3432 42
-3431 64
-3430 58
-3429 63
-3428 65
-3427 57
-3426 60
-3425 58
-3424 62
-3423 52
-3422 35
-3421 61
-3420 61
-3419 47
-3418 56
-3417 76
-3416 72
-3415 64
-3414 45
-3413 73
-3412 67
-3411 57
-3410 59
-3409 52
-3408 56
-3407 44
-3406 64
-3405 51
-3404 55
-3403 64
-3402 61
-3401 61
-3400 49
-3399 58
-3398 49
-3397 45
-3396 51
-3395 49
-3394 47
-3393 58
-3392 61
-3391 36
-3390 53
-3389 49
-3388 68
-3387 42
-3386 53
-3385 48
-3384 52
-3383 50
-3382 56
-3381 47
-3380 52
-3379 39
-3378 48
-3377 53
-3376 64
-3375 44
-3374 53
-3373 53
-3372 57
-3371 54
-3370 54
-3369 68
-3368 51
-3367 54
-3366 55
-3365 57
-3364 58
-3363 69
-3362 57
-3361 69
-3360 42
-3359 68
-3358 65
-3357 46
-3356 42
-3355 48
-3354 57
-3353 50
-3352 48
-3351 42
-3350 63
-3349 67
-3348 37
-3347 56
-3346 54
-3345 67
-3344 52
-3343 70
-3342 58
-3341 60
-3340 59
-3339 55
-3338 78
-3337 60
-3336 61
-3335 53
-3334 60
-3333 58
-3332 61
-3331 52
-3330 60
-3329 60
-3328 59
-3327 61
-3326 53
-3325 58
-3324 65
-3323 44
-3322 62
-3321 64
-3320 61
-3319 67
-3318 50
-3317 69
-3316 55
-3315 83
-3314 70
-3313 80
-3312 71
-3311 69
-3310 64
-3309 66
-3308 68
-3307 75
-3306 76
-3305 64
-3304 72
-3303 78
-3302 52
-3301 61
-3300 53
-3299 68
-3298 52
-3297 67
-3296 57
-3295 64
-3294 62
-3293 62
-3292 70
-3291 51
-3290 68
-3289 59
-3288 61
-3287 59
-3286 68
-3285 62
-3284 68
-3283 66
-3282 65
-3281 69
-3280 64
-3279 74
-3278 67
-3277 87
-3276 64
-3275 70
-3274 68
-3273 76
-3272 71
-3271 65
-3270 65
-3269 66
-3268 76
-3267 70
-3266 97
-3265 61
-3264 74
-3263 76
-3262 76
-3261 71
-3260 73
-3259 92
-3258 80
-3257 77
-3256 88
-3255 73
-3254 72
-3253 79
-3252 78
-3251 70
-3250 77
-3249 61
-3248 75
-3247 68
-3246 73
-3245 76
-3244 72
-3243 75
-3242 76
-3241 84
-3240 74
-3239 72
-3238 81
-3237 74
-3236 75
-3235 58
-3234 60
-3233 71
-3232 77
-3231 84
-3230 86
-3229 86
-3228 88
-3227 74
-3226 83
-3225 86
-3224 83
-3223 73
-3222 80
-3221 84
-3220 76
-3219 83
-3218 70
-3217 85
-3216 72
-3215 76
-3214 91
-3213 94
-3212 89
-3211 81
-3210 89
-3209 84
-3208 68
-3207 77
-3206 79
-3205 76
-3204 79
-3203 77
-3202 78
-3201 80
-3200 71
-3199 80
-3198 74
-3197 71
-3196 89
-3195 82
-3194 83
-3193 91
-3192 67
-3191 80
-3190 87
-3189 93
-3188 79
-3187 75
-3186 78
-3185 79
-3184 75
-3183 74
-3182 87
-3181 78
-3180 98
-3179 89
-3178 93
-3177 97
-3176 69
-3175 114
-3174 83
-3173 93
-3172 92
-3171 80
-3170 88
-3169 93
-3168 85
-3167 92
-3166 99
-3165 94
-3164 102
-3163 94
-3162 93
-3161 92
-3160 101
-3159 94
-3158 102
-3157 87
-3156 115
-3155 82
-3154 90
-3153 105
-3152 92
-3151 88
-3150 112
-3149 101
-3148 88
-3147 86
-3146 95
-3145 110
-3144 95
-3143 113
-3142 92
-3141 119
-3140 100
-3139 113
-3138 114
-3137 103
-3136 113
-3135 107
-3134 111
-3133 105
-3132 99
-3131 99
-3130 99
-3129 107
-3128 95
-3127 100
-3126 81
-3125 100
-3124 97
-3123 94
-3122 99
-3121 101
-3120 100
-3119 109
-3118 104
-3117 108
-3116 122
-3115 101
-3114 82
-3113 118
-3112 117
-3111 126
-3110 92
-3109 105
-3108 93
-3107 127
-3106 103
-3105 104
-3104 108
-3103 107
-3102 98
-3101 128
-3100 97
-3099 99
-3098 125
-3097 133
-3096 123
-3095 91
-3094 88
-3093 107
-3092 123
-3091 110
-3090 114
-3089 105
-3088 102
-3087 102
-3086 96
-3085 100
-3084 102
-3083 93
-3082 96
-3081 88
-3080 85
-3079 105
-3078 96
-3077 95
-3076 110
-3075 79
-3074 98
-3073 108
-3072 110
-3071 78
-3070 85
-3069 95
-3068 68
-3067 103
-3066 93
-3065 90
-3064 119
-3063 94
-3062 96
-3061 100
-3060 108
-3059 106
-3058 92
-3057 105
-3056 96
-3055 107
-3054 95
-3053 84
-3052 113
-3051 119
-3050 100
-3049 117
-3048 113
-3047 106
-3046 99
-3045 94
-3044 98
-3043 99
-3042 123
-3041 102
-3040 130
-3039 93
-3038 101
-3037 122
-3036 96
-3035 104
-3034 123
-3033 104
-3032 105
-3031 112
-3030 109
-3029 122
-3028 102
-3027 113
-3026 108
-3025 107
-3024 114
-3023 124
-3022 115
-3021 111
-3020 129
-3019 140
-3018 113
-3017 112
-3016 110
-3015 100
-3014 120
-3013 124
-3012 110
-3011 120
-3010 120
-3009 103
-3008 109
-3007 119
-3006 118
-3005 105
-3004 128
-3003 137
-3002 114
-3001 142
-3000 105
-2999 119
-2998 125
-2997 109
-2996 95
-2995 116
-2994 120
-2993 127
-2992 138
-2991 112
-2990 128
-2989 131
-2988 119
-2987 128
-2986 113
-2985 113
-2984 123
-2983 123
-2982 114
-2981 105
-2980 114
-2979 120
-2978 118
-2977 115
-2976 116
-2975 131
-2974 123
-2973 125
-2972 110
-2971 111
-2970 108
-2969 113
-2968 117
-2967 101
-2966 108
-2965 110
-2964 128
-2963 121
-2962 126
-2961 114
-2960 131
-2959 121
-2958 137
-2957 115
-2956 150
-2955 128
-2954 128
-2953 138
-2952 116
-2951 121
-2950 105
-2949 130
-2948 110
-2947 132
-2946 115
-2945 127
-2944 128
-2943 124
-2942 108
-2941 122
-2940 103
-2939 136
-2938 127
-2937 111
-2936 121
-2935 110
-2934 109
-2933 94
-2932 127
-2931 115
-2930 103
-2929 107
-2928 130
-2927 98
-2926 114
-2925 120
-2924 122
-2923 130
-2922 113
-2921 117
-2920 128
-2919 125
-2918 96
-2917 120
-2916 90
-2915 134
-2914 101
-2913 123
-2912 128
-2911 133
-2910 129
-2909 120
-2908 122
-2907 119
-2906 124
-2905 134
-2904 129
-2903 135
-2902 114
-2901 141
-2900 119
-2899 163
-2898 148
-2897 170
-2896 129
-2895 150
-2894 130
-2893 132
-2892 141
-2891 120
-2890 138
-2889 135
-2888 134
-2887 136
-2886 140
-2885 150
-2884 160
-2883 126
-2882 147
-2881 152
-2880 150
-2879 153
-2878 154
-2877 126
-2876 153
-2875 144
-2874 157
-2873 167
-2872 143
-2871 169
-2870 145
-2869 146
-2868 131
-2867 159
-2866 156
-2865 157
-2864 148
-2863 143
-2862 152
-2861 146
-2860 175
-2859 145
-2858 157
-2857 153
-2856 163
-2855 174
-2854 142
-2853 150
-2852 129
-2851 155
-2850 144
-2849 137
-2848 137
-2847 173
-2846 145
-2845 176
-2844 162
-2843 138
-2842 154
-2841 155
-2840 159
-2839 167
-2838 151
-2837 157
-2836 162
-2835 140
-2834 158
-2833 142
-2832 153
-2831 159
-2830 151
-2829 130
-2828 176
-2827 171
-2826 178
-2825 156
-2824 158
-2823 168
-2822 176
-2821 182
-2820 146
-2819 146
-2818 152
-2817 162
-2816 158
-2815 133
-2814 149
-2813 182
-2812 145
-2811 142
-2810 152
-2809 170
-2808 143
-2807 143
-2806 167
-2805 148
-2804 156
-2803 154
-2802 166
-2801 165
-2800 161
-2799 168
-2798 176
-2797 171
-2796 138
-2795 162
-2794 154
-2793 155
-2792 174
-2791 166
-2790 163
-2789 154
-2788 166
-2787 161
-2786 163
-2785 162
-2784 140
-2783 155
-2782 164
-2781 165
-2780 153
-2779 161
-2778 154
-2777 174
-2776 155
-2775 152
-2774 167
-2773 167
-2772 159
-2771 156
-2770 154
-2769 169
-2768 184
-2767 165
-2766 158
-2765 162
-2764 156
-2763 144
-2762 154
-2761 144
-2760 148
-2759 181
-2758 144
-2757 150
-2756 148
-2755 161
-2754 146
-2753 155
-2752 160
-2751 139
-2750 161
-2749 148
-2748 151
-2747 140
-2746 144
-2745 157
-2744 156
-2743 170
-2742 167
-2741 162
-2740 159
-2739 166
-2738 165
-2737 159
-2736 178
-2735 184
-2734 163
-2733 163
-2732 166
-2731 170
-2730 183
-2729 161
-2728 169
-2727 178
-2726 177
-2725 186
-2724 142
-2723 163
-2722 159
-2721 167
-2720 151
-2719 165
-2718 149
-2717 157
-2716 173
-2715 167
-2714 172
-2713 178
-2712 168
-2711 180
-2710 172
-2709 166
-2708 164
-2707 164
-2706 151
-2705 183
-2704 186
-2703 148
-2702 145
-2701 161
-2700 191
-2699 169
-2698 175
-2697 182
-2696 179
-2695 165
-2694 184
-2693 163
-2692 179
-2691 174
-2690 179
-2689 158
-2688 178
-2687 189
-2686 158
-2685 159
-2684 163
-2683 174
-2682 165
-2681 167
-2680 183
-2679 172
-2678 212
-2677 173
-2676 181
-2675 184
-2674 170
-2673 176
-2672 188
-2671 196
-2670 184
-2669 184
-2668 184
-2667 145
-2666 161
-2665 195
-2664 174
-2663 196
-2662 188
-2661 154
-2660 178
-2659 193
-2658 166
-2657 177
-2656 184
-2655 205
-2654 194
-2653 181
-2652 195
-2651 185
-2650 183
-2649 198
-2648 179
-2647 186
-2646 193
-2645 181
-2644 178
-2643 192
-2642 176
-2641 193
-2640 179
-2639 198
-2638 182
-2637 181
-2636 172
-2635 218
-2634 200
-2633 177
-2632 178
-2631 177
-2630 175
-2629 208
-2628 206
-2627 222
-2626 208
-2625 198
-2624 189
-2623 217
-2622 191
-2621 185
-2620 206
-2619 189
-2618 198
-2617 190
-2616 196
-2615 195
-2614 185
-2613 225
-2612 216
-2611 182
-2610 218
-2609 207
-2608 196
-2607 191
-2606 203
-2605 182
-2604 206
-2603 197
-2602 202
-2601 194
-2600 195
-2599 225
-2598 206
-2597 218
-2596 210
-2595 189
-2594 189
-2593 227
-2592 240
-2591 206
-2590 207
-2589 180
-2588 178
-2587 190
-2586 218
-2585 187
-2584 206
-2583 209
-2582 208
-2581 209
-2580 203
-2579 214
-2578 206
-2577 222
-2576 187
-2575 222
-2574 213
-2573 207
-2572 207
-2571 189
-2570 222
-2569 221
-2568 188
-2567 245
-2566 210
-2565 241
-2564 239
-2563 217
-2562 231
-2561 230
-2560 217
-2559 237
-2558 204
-2557 198
-2556 220
-2555 207
-2554 208
-2553 215
-2552 212
-2551 245
-2550 204
-2549 235
-2548 208
-2547 225
-2546 230
-2545 217
-2544 231
-2543 228
-2542 208
-2541 194
-2540 242
-2539 211
-2538 203
-2537 215
-2536 211
-2535 218
-2534 209
-2533 223
-2532 204
-2531 225
-2530 210
-2529 264
-2528 207
-2527 219
-2526 198
-2525 239
-2524 240
-2523 235
-2522 252
-2521 238
-2520 206
-2519 221
-2518 230
-2517 236
-2516 223
-2515 232
-2514 244
-2513 240
-2512 200
-2511 228
-2510 232
-2509 248
-2508 240
-2507 234
-2506 221
-2505 221
-2504 222
-2503 229
-2502 241
-2501 214
-2500 243
-2499 232
-2498 217
-2497 234
-2496 185
-2495 263
-2494 231
-2493 234
-2492 238
-2491 208
-2490 238
-2489 245
-2488 233
-2487 224
-2486 198
-2485 249
-2484 222
-2483 230
-2482 229
-2481 234
-2480 242
-2479 249
-2478 234
-2477 245
-2476 249
-2475 222
-2474 219
-2473 264
-2472 217
-2471 241
-2470 212
-2469 246
-2468 270
-2467 224
-2466 219
-2465 227
-2464 225
-2463 265
-2462 242
-2461 246
-2460 225
-2459 240
-2458 242
-2457 268
-2456 216
-2455 235
-2454 248
-2453 205
-2452 242
-2451 227
-2450 230
-2449 251
-2448 217
-2447 224
-2446 229
-2445 216
-2444 236
-2443 250
-2442 271
-2441 244
-2440 236
-2439 257
-2438 233
-2437 244
-2436 257
-2435 230
-2434 246
-2433 258
-2432 239
-2431 265
-2430 268
-2429 242
-2428 254
-2427 255
-2426 263
-2425 272
-2424 244
-2423 262
-2422 236
-2421 262
-2420 235
-2419 234
-2418 275
-2417 253
-2416 293
-2415 231
-2414 241
-2413 247
-2412 257
-2411 221
-2410 252
-2409 229
-2408 237
-2407 254
-2406 269
-2405 235
-2404 274
-2403 266
-2402 257
-2401 249
-2400 258
-2399 262
-2398 264
-2397 277
-2396 257
-2395 241
-2394 234
-2393 270
-2392 235
-2391 245
-2390 255
-2389 237
-2388 255
-2387 252
-2386 273
-2385 258
-2384 283
-2383 258
-2382 281
-2381 242
-2380 252
-2379 259
-2378 296
-2377 266
-2376 236
-2375 253
-2374 282
-2373 246
-2372 263
-2371 280
-2370 290
-2369 269
-2368 290
-2367 252
-2366 257
-2365 300
-2364 271
-2363 277
-2362 288
-2361 275
-2360 237
-2359 256
-2358 271
-2357 268
-2356 247
-2355 272
-2354 262
-2353 275
-2352 275
-2351 274
-2350 270
-2349 282
-2348 280
-2347 273
-2346 277
-2345 274
-2344 267
-2343 286
-2342 273
-2341 295
-2340 261
-2339 281
-2338 280
-2337 258
-2336 289
-2335 285
-2334 322
-2333 300
-2332 274
-2331 296
-2330 275
-2329 307
-2328 269
-2327 279
-2326 298
-2325 259
-2324 301
-2323 282
-2322 269
-2321 291
-2320 306
-2319 280
-2318 292
-2317 303
-2316 276
-2315 297
-2314 255
-2313 273
-2312 287
-2311 304
-2310 259
-2309 268
-2308 283
-2307 280
-2306 276
-2305 286
-2304 286
-2303 290
-2302 294
-2301 280
-2300 287
-2299 289
-2298 284
-2297 279
-2296 289
-2295 294
-2294 272
-2293 293
-2292 305
-2291 319
-2290 314
-2289 294
-2288 279
-2287 303
-2286 288
-2285 284
-2284 293
-2283 282
-2282 291
-2281 284
-2280 302
-2279 288
-2278 330
-2277 329
-2276 325
-2275 329
-2274 321
-2273 274
-2272 275
-2271 300
-2270 303
-2269 306
-2268 322
-2267 294
-2266 311
-2265 298
-2264 307
-2263 296
-2262 292
-2261 307
-2260 315
-2259 295
-2258 283
-2257 319
-2256 318
-2255 279
-2254 294
-2253 304
-2252 293
-2251 322
-2250 311
-2249 343
-2248 295
-2247 287
-2246 306
-2245 335
-2244 303
-2243 259
-2242 301
-2241 291
-2240 293
-2239 303
-2238 310
-2237 311
-2236 256
-2235 322
-2234 298
-2233 347
-2232 305
-2231 310
-2230 337
-2229 335
-2228 313
-2227 303
-2226 305
-2225 293
-2224 296
-2223 284
-2222 293
-2221 290
-2220 297
-2219 311
-2218 294
-2217 297
-2216 303
-2215 307
-2214 339
-2213 294
-2212 309
-2211 310
-2210 323
-2209 313
-2208 325
-2207 342
-2206 304
-2205 306
-2204 331
-2203 333
-2202 328
-2201 322
-2200 311
-2199 337
-2198 324
-2197 319
-2196 336
-2195 316
-2194 332
-2193 332
-2192 334
-2191 300
-2190 293
-2189 303
-2188 314
-2187 289
-2186 318
-2185 298
-2184 294
-2183 323
-2182 329
-2181 307
-2180 350
-2179 316
-2178 324
-2177 321
-2176 312
-2175 316
-2174 330
-2173 330
-2172 348
-2171 350
-2170 314
-2169 390
-2168 314
-2167 350
-2166 333
-2165 334
-2164 339
-2163 332
-2162 338
-2161 316
-2160 360
-2159 324
-2158 330
-2157 293
-2156 322
-2155 288
-2154 304
-2153 323
-2152 320
-2151 288
-2150 282
-2149 326
-2148 336
-2147 323
-2146 307
-2145 377
-2144 364
-2143 329
-2142 330
-2141 343
-2140 344
-2139 332
-2138 330
-2137 333
-2136 364
-2135 325
-2134 311
-2133 325
-2132 326
-2131 304
-2130 329
-2129 342
-2128 313
-2127 331
-2126 341
-2125 364
-2124 362
-2123 365
-2122 345
-2121 375
-2120 374
-2119 342
-2118 352
-2117 339
-2116 338
-2115 335
-2114 370
-2113 331
-2112 322
-2111 359
-2110 361
-2109 365
-2108 355
-2107 387
-2106 343
-2105 324
-2104 332
-2103 354
-2102 364
-2101 381
-2100 381
-2099 358
-2098 331
-2097 371
-2096 376
-2095 330
-2094 365
-2093 363
-2092 334
-2091 352
-2090 363
-2089 327
-2088 380
-2087 366
-2086 314
-2085 381
-2084 320
-2083 385
-2082 332
-2081 376
-2080 354
-2079 384
-2078 381
-2077 387
-2076 384
-2075 383
-2074 369
-2073 363
-2072 358
-2071 358
-2070 353
-2069 395
-2068 364
-2067 347
-2066 377
-2065 345
-2064 369
-2063 352
-2062 354
-2061 368
-2060 390
-2059 382
-2058 385
-2057 374
-2056 365
-2055 348
-2054 374
-2053 340
-2052 371
-2051 351
-2050 349
-2049 354
-2048 355
-2047 341
-2046 365
-2045 371
-2044 379
-2043 401
-2042 354
-2041 349
-2040 373
-2039 365
-2038 371
-2037 388
-2036 329
-2035 348
-2034 343
-2033 380
-2032 357
-2031 350
-2030 348
-2029 351
-2028 339
-2027 342
-2026 334
-2025 362
-2024 366
-2023 372
-2022 354
-2021 338
-2020 331
-2019 334
-2018 374
-2017 401
-2016 353
-2015 376
-2014 369
-2013 366
-2012 397
-2011 360
-2010 362
-2009 389
-2008 376
-2007 376
-2006 371
-2005 361
-2004 372
-2003 379
-2002 376
-2001 349
-2000 353
-1999 373
-1998 372
-1997 387
-1996 390
-1995 392
-1994 369
-1993 374
-1992 372
-1991 373
-1990 396
-1989 374
-1988 392
-1987 367
-1986 354
-1985 362
-1984 355
-1983 357
-1982 378
-1981 369
-1980 374
-1979 347
-1978 367
-1977 358
-1976 373
-1975 361
-1974 381
-1973 398
-1972 362
-1971 369
-1970 418
-1969 382
-1968 398
-1967 368
-1966 356
-1965 409
-1964 394
-1963 371
-1962 404
-1961 362
-1960 372
-1959 396
-1958 393
-1957 373
-1956 390
-1955 375
-1954 423
-1953 395
-1952 377
-1951 392
-1950 364
-1949 382
-1948 382
-1947 402
-1946 384
-1945 365
-1944 353
-1943 364
-1942 378
-1941 393
-1940 389
-1939 396
-1938 381
-1937 406
-1936 383
-1935 385
-1934 361
-1933 369
-1932 371
-1931 366
-1930 358
-1929 364
-1928 410
-1927 368
-1926 366
-1925 373
-1924 400
-1923 420
-1922 387
-1921 386
-1920 371
-1919 368
-1918 356
-1917 395
-1916 384
-1915 421
-1914 372
-1913 402
-1912 396
-1911 422
-1910 397
-1909 418
-1908 410
-1907 358
-1906 426
-1905 400
-1904 390
-1903 399
-1902 376
-1901 378
-1900 400
-1899 431
-1898 414
-1897 381
-1896 422
-1895 370
-1894 401
-1893 385
-1892 366
-1891 383
-1890 410
-1889 395
-1888 389
-1887 435
-1886 352
-1885 393
-1884 352
-1883 390
-1882 362
-1881 347
-1880 409
-1879 397
-1878 383
-1877 407
-1876 424
-1875 389
-1874 395
-1873 410
-1872 394
-1871 383
-1870 412
-1869 375
-1868 403
-1867 408
-1866 414
-1865 446
-1864 425
-1863 430
-1862 404
-1861 375
-1860 341
-1859 358
-1858 411
-1857 404
-1856 389
-1855 397
-1854 360
-1853 421
-1852 398
-1851 408
-1850 419
-1849 371
-1848 406
-1847 406
-1846 389
-1845 381
-1844 412
-1843 396
-1842 404
-1841 381
-1840 406
-1839 408
-1838 435
-1837 409
-1836 417
-1835 426
-1834 444
-1833 422
-1832 438
-1831 424
-1830 417
-1829 451
-1828 402
-1827 382
-1826 422
-1825 428
-1824 439
-1823 390
-1822 391
-1821 387
-1820 430
-1819 398
-1818 418
-1817 418
-1816 469
-1815 423
-1814 450
-1813 419
-1812 448
-1811 405
-1810 456
-1809 456
-1808 446
-1807 425
-1806 460
-1805 424
-1804 418
-1803 422
-1802 415
-1801 418
-1800 399
-1799 431
-1798 409
-1797 421
-1796 423
-1795 432
-1794 416
-1793 436
-1792 426
-1791 454
-1790 467
-1789 439
-1788 422
-1787 446
-1786 457
-1785 474
-1784 421
-1783 401
-1782 446
-1781 437
-1780 461
-1779 460
-1778 457
-1777 460
-1776 447
-1775 414
-1774 427
-1773 435
-1772 416
-1771 450
-1770 432
-1769 453
-1768 418
-1767 505
-1766 424
-1765 447
-1764 433
-1763 444
-1762 471
-1761 431
-1760 429
-1759 464
-1758 417
-1757 466
-1756 441
-1755 443
-1754 419
-1753 432
-1752 437
-1751 467
-1750 462
-1749 450
-1748 434
-1747 454
-1746 466
-1745 451
-1744 436
-1743 429
-1742 479
-1741 456
-1740 449
-1739 449
-1738 461
-1737 453
-1736 436
-1735 469
-1734 449
-1733 483
-1732 428
-1731 442
-1730 477
-1729 467
-1728 455
-1727 440
-1726 495
-1725 445
-1724 433
-1723 483
-1722 509
-1721 480
-1720 461
-1719 488
-1718 455
-1717 496
-1716 459
-1715 494
-1714 498
-1713 471
-1712 459
-1711 450
-1710 434
-1709 466
-1708 457
-1707 484
-1706 458
-1705 469
-1704 486
-1703 444
-1702 469
-1701 459
-1700 471
-1699 453
-1698 475
-1697 437
-1696 478
-1695 488
-1694 479
-1693 468
-1692 494
-1691 482
-1690 433
-1689 433
-1688 485
-1687 428
-1686 461
-1685 465
-1684 470
-1683 455
-1682 448
-1681 463
-1680 458
-1679 472
-1678 443
-1677 464
-1676 436
-1675 462
-1674 462
-1673 444
-1672 467
-1671 448
-1670 462
-1669 472
-1668 444
-1667 501
-1666 507
-1665 492
-1664 471
-1663 448
-1662 490
-1661 510
-1660 476
-1659 508
-1658 538
-1657 486
-1656 487
-1655 496
-1654 470
-1653 494
-1652 502
-1651 487
-1650 467
-1649 530
-1648 497
-1647 548
-1646 479
-1645 532
-1644 511
-1643 485
-1642 473
-1641 491
-1640 465
-1639 469
-1638 455
-1637 534
-1636 452
-1635 475
-1634 465
-1633 412
-1632 476
-1631 498
-1630 542
-1629 456
-1628 438
-1627 451
-1626 482
-1625 507
-1624 489
-1623 459
-1622 520
-1621 466
-1620 532
-1619 445
-1618 532
-1617 458
-1616 505
-1615 467
-1614 468
-1613 492
-1612 484
-1611 505
-1610 488
-1609 506
-1608 505
-1607 511
-1606 493
-1605 505
-1604 497
-1603 483
-1602 521
-1601 482
-1600 492
-1599 507
-1598 480
-1597 485
-1596 533
-1595 523
-1594 508
-1593 468
-1592 471
-1591 483
-1590 479
-1589 470
-1588 496
-1587 517
-1586 503
-1585 512
-1584 546
-1583 495
-1582 506
-1581 517
-1580 475
-1579 494
-1578 519
-1577 481
-1576 546
-1575 550
-1574 525
-1573 472
-1572 495
-1571 512
-1570 510
-1569 505
-1568 531
-1567 531
-1566 538
-1565 555
-1564 489
-1563 531
-1562 556
-1561 528
-1560 522
-1559 512
-1558 540
-1557 511
-1556 526
-1555 514
-1554 512
-1553 519
-1552 553
-1551 552
-1550 528
-1549 539
-1548 542
-1547 543
-1546 550
-1545 596
-1544 485
-1543 529
-1542 510
-1541 531
-1540 499
-1539 521
-1538 538
-1537 529
-1536 503
-1535 539
-1534 531
-1533 542
-1532 493
-1531 523
-1530 537
-1529 541
-1528 534
-1527 505
-1526 511
-1525 510
-1524 554
-1523 549
-1522 542
-1521 545
-1520 551
-1519 584
-1518 589
-1517 505
-1516 554
-1515 537
-1514 512
-1513 540
-1512 524
-1511 505
-1510 509
-1509 517
-1508 548
-1507 547
-1506 563
-1505 545
-1504 531
-1503 542
-1502 540
-1501 560
-1500 537
-1499 541
-1498 539
-1497 541
-1496 531
-1495 500
-1494 528
-1493 567
-1492 583
-1491 550
-1490 533
-1489 579
-1488 524
-1487 586
-1486 571
-1485 574
-1484 581
-1483 596
-1482 580
-1481 596
-1480 557
-1479 579
-1478 567
-1477 569
-1476 606
-1475 541
-1474 569
-1473 543
-1472 593
-1471 612
-1470 562
-1469 518
-1468 542
-1467 585
-1466 541
-1465 569
-1464 561
-1463 546
-1462 573
-1461 592
-1460 613
-1459 588
-1458 558
-1457 559
-1456 591
-1455 592
-1454 569
-1453 577
-1452 607
-1451 577
-1450 621
-1449 564
-1448 573
-1447 555
-1446 567
-1445 580
-1444 573
-1443 551
-1442 592
-1441 663
-1440 596
-1439 574
-1438 609
-1437 601
-1436 578
-1435 617
-1434 602
-1433 566
-1432 597
-1431 583
-1430 594
-1429 575
-1428 589
-1427 570
-1426 583
-1425 570
-1424 563
-1423 610
-1422 588
-1421 575
-1420 632
-1419 603
-1418 583
-1417 577
-1416 582
-1415 572
-1414 610
-1413 626
-1412 571
-1411 612
-1410 606
-1409 529
-1408 597
-1407 636
-1406 587
-1405 568
-1404 634
-1403 591
-1402 605
-1401 598
-1400 631
-1399 613
-1398 607
-1397 573
-1396 594
-1395 571
-1394 577
-1393 558
-1392 623
-1391 542
-1390 580
-1389 593
-1388 585
-1387 598
-1386 571
-1385 581
-1384 565
-1383 567
-1382 584
-1381 595
-1380 595
-1379 564
-1378 587
-1377 589
-1376 569
-1375 570
-1374 576
-1373 638
-1372 556
-1371 609
-1370 614
-1369 588
-1368 599
-1367 595
-1366 612
-1365 622
-1364 565
-1363 594
-1362 598
-1361 597
-1360 617
-1359 596
-1358 617
-1357 551
-1356 584
-1355 635
-1354 643
-1353 579
-1352 609
-1351 659
-1350 590
-1349 582
-1348 623
-1347 637
-1346 581
-1345 573
-1344 612
-1343 584
-1342 596
-1341 628
-1340 624
-1339 624
-1338 591
-1337 590
-1336 607
-1335 590
-1334 632
-1333 623
-1332 622
-1331 636
-1330 593
-1329 604
-1328 593
-1327 629
-1326 661
-1325 613
-1324 630
-1323 565
-1322 681
-1321 634
-1320 623
-1319 579
-1318 624
-1317 615
-1316 612
-1315 634
-1314 655
-1313 611
-1312 603
-1311 616
-1310 594
-1309 610
-1308 632
-1307 593
-1306 574
-1305 592
-1304 613
-1303 593
-1302 636
-1301 681
-1300 631
-1299 662
-1298 650
-1297 639
-1296 631
-1295 675
-1294 691
-1293 658
-1292 636
-1291 603
-1290 664
-1289 659
-1288 663
-1287 686
-1286 664
-1285 634
-1284 645
-1283 682
-1282 655
-1281 635
-1280 662
-1279 644
-1278 616
-1277 665
-1276 635
-1275 637
-1274 651
-1273 644
-1272 740
-1271 692
-1270 696
-1269 618
-1268 635
-1267 681
-1266 665
-1265 658
-1264 654
-1263 657
-1262 653
-1261 640
-1260 663
-1259 651
-1258 634
-1257 636
-1256 638
-1255 642
-1254 685
-1253 622
-1252 690
-1251 643
-1250 652
-1249 649
-1248 666
-1247 643
-1246 599
-1245 697
-1244 650
-1243 657
-1242 636
-1241 675
-1240 664
-1239 669
-1238 661
-1237 642
-1236 665
-1235 699
-1234 688
-1233 683
-1232 641
-1231 637
-1230 675
-1229 647
-1228 687
-1227 674
-1226 676
-1225 638
-1224 645
-1223 678
-1222 684
-1221 686
-1220 643
-1219 648
-1218 680
-1217 637
-1216 674
-1215 700
-1214 713
-1213 656
-1212 674
-1211 662
-1210 707
-1209 664
-1208 686
-1207 691
-1206 749
-1205 717
-1204 663
-1203 734
-1202 716
-1201 662
-1200 746
-1199 652
-1198 674
-1197 668
-1196 682
-1195 700
-1194 701
-1193 720
-1192 677
-1191 713
-1190 731
-1189 652
-1188 727
-1187 712
-1186 726
-1185 671
-1184 721
-1183 700
-1182 732
-1181 717
-1180 694
-1179 718
-1178 708
-1177 730
-1176 693
-1175 709
-1174 703
-1173 698
-1172 677
-1171 713
-1170 729
-1169 688
-1168 732
-1167 731
-1166 678
-1165 733
-1164 735
-1163 679
-1162 739
-1161 693
-1160 711
-1159 742
-1158 707
-1157 696
-1156 737
-1155 683
-1154 760
-1153 760
-1152 737
-1151 756
-1150 712
-1149 711
-1148 703
-1147 702
-1146 726
-1145 753
-1144 740
-1143 764
-1142 748
-1141 759
-1140 741
-1139 713
-1138 770
-1137 758
-1136 705
-1135 727
-1134 719
-1133 753
-1132 775
-1131 757
-1130 736
-1129 723
-1128 716
-1127 720
-1126 751
-1125 747
-1124 758
-1123 765
-1122 760
-1121 709
-1120 754
-1119 719
-1118 774
-1117 748
-1116 772
-1115 783
-1114 806
-1113 795
-1112 733
-1111 795
-1110 779
-1109 793
-1108 790
-1107 769
-1106 726
-1105 772
-1104 723
-1103 810
-1102 792
-1101 812
-1100 792
-1099 810
-1098 785
-1097 785
-1096 800
-1095 837
-1094 782
-1093 782
-1092 743
-1091 788
-1090 746
-1089 769
-1088 800
-1087 775
-1086 807
-1085 787
-1084 790
-1083 761
-1082 834
-1081 722
-1080 828
-1079 832
-1078 836
-1077 763
-1076 782
-1075 814
-1074 846
-1073 744
-1072 786
-1071 807
-1070 854
-1069 812
-1068 798
-1067 806
-1066 793
-1065 805
-1064 784
-1063 825
-1062 849
-1061 828
-1060 804
-1059 814
-1058 811
-1057 820
-1056 814
-1055 816
-1054 822
-1053 789
-1052 784
-1051 830
-1050 865
-1049 797
-1048 816
-1047 832
-1046 836
-1045 807
-1044 837
-1043 755
-1042 796
-1041 850
-1040 851
-1039 814
-1038 856
-1037 774
-1036 849
-1035 840
-1034 835
-1033 819
-1032 827
-1031 831
-1030 833
-1029 844
-1028 880
-1027 826
-1026 874
-1025 839
-1024 813
-1023 853
-1022 862
-1021 771
-1020 849
-1019 833
-1018 834
-1017 839
-1016 838
-1015 828
-1014 765
-1013 858
-1012 919
-1011 816
-1010 856
-1009 857
-1008 829
-1007 855
-1006 882
-1005 819
-1004 855
-1003 865
-1002 846
-1001 886
-1000 795
-999 847
-998 818
-997 810
-996 894
-995 864
-994 818
-993 791
-992 872
-991 904
-990 870
-989 902
-988 881
-987 893
-986 899
-985 828
-984 857
-983 853
-982 902
-981 851
-980 817
-979 902
-978 845
-977 894
-976 909
-975 830
-974 907
-973 823
-972 849
-971 864
-970 851
-969 914
-968 881
-967 887
-966 862
-965 893
-964 873
-963 887
-962 925
-961 886
-960 856
-959 914
-958 850
-957 933
-956 871
-955 859
-954 882
-953 823
-952 878
-951 901
-950 875
-949 960
-948 851
-947 918
-946 887
-945 920
-944 875
-943 903
-942 863
-941 854
-940 929
-939 912
-938 939
-937 937
-936 907
-935 927
-934 930
-933 903
-932 881
-931 914
-930 950
-929 883
-928 857
-927 933
-926 897
-925 950
-924 933
-923 909
-922 946
-921 839
-920 970
-919 910
-918 883
-917 957
-916 906
-915 963
-914 887
-913 936
-912 931
-911 964
-910 952
-909 897
-908 945
-907 968
-906 937
-905 964
-904 975
-903 896
-902 964
-901 987
-900 966
-899 941
-898 1026
-897 922
-896 983
-895 959
-894 948
-893 966
-892 940
-891 965
-890 979
-889 971
-888 993
-887 974
-886 1003
-885 989
-884 980
-883 914
-882 1004
-881 929
-880 993
-879 957
-878 1001
-877 986
-876 901
-875 981
-874 949
-873 974
-872 952
-871 947
-870 988
-869 965
-868 1031
-867 985
-866 972
-865 965
-864 989
-863 996
-862 963
-861 969
-860 960
-859 1020
-858 1022
-857 1006
-856 975
-855 972
-854 1018
-853 1000
-852 966
-851 959
-850 1006
-849 988
-848 1000
-847 1034
-846 1017
-845 1061
-844 1036
-843 1091
-842 1059
-841 1045
-840 1048
-839 1077
-838 993
-837 1074
-836 984
-835 1059
-834 1041
-833 1022
-832 997
-831 989
-830 973
-829 991
-828 962
-827 1009
-826 927
-825 1037
-824 1032
-823 970
-822 971
-821 987
-820 1018
-819 1084
-818 1066
-817 1016
-816 1022
-815 1079
-814 1017
-813 1031
-812 1091
-811 1085
-810 1097
-809 1087
-808 1060
-807 1060
-806 1090
-805 1038
-804 1059
-803 1044
-802 1059
-801 1099
-800 1056
-799 1090
-798 1060
-797 1080
-796 1081
-795 1130
-794 1102
-793 1142
-792 1069
-791 1087
-790 1093
-789 1090
-788 1042
-787 1083
-786 1077
-785 1068
-784 1141
-783 1016
-782 1034
-781 1058
-780 1067
-779 1048
-778 1050
-777 1076
-776 1038
-775 1080
-774 1064
-773 1155
-772 1046
-771 1157
-770 1065
-769 1111
-768 1035
-767 1058
-766 1116
-765 1129
-764 1078
-763 1055
-762 1077
-761 1115
-760 1100
-759 1107
-758 1138
-757 1036
-756 1094
-755 1141
-754 1077
-753 1119
-752 1104
-751 1148
-750 1154
-749 1162
-748 1121
-747 1153
-746 1113
-745 1019
-744 1076
-743 1157
-742 1141
-741 1145
-740 1161
-739 1144
-738 1114
-737 1126
-736 1238
-735 1122
-734 1176
-733 1156
-732 1148
-731 1087
-730 1103
-729 1192
-728 1074
-727 1098
-726 1147
-725 1166
-724 1186
-723 1145
-722 1136
-721 1115
-720 1130
-719 1186
-718 1194
-717 1197
-716 1248
-715 1184
-714 1231
-713 1145
-712 1182
-711 1159
-710 1140
-709 1298
-708 1123
-707 1103
-706 1145
-705 1169
-704 1147
-703 1256
-702 1180
-701 1183
-700 1199
-699 1206
-698 1194
-697 1188
-696 1238
-695 1192
-694 1234
-693 1244
-692 1222
-691 1141
-690 1160
-689 1270
-688 1136
-687 1240
-686 1223
-685 1232
-684 1264
-683 1230
-682 1215
-681 1251
-680 1156
-679 1185
-678 1204
-677 1249
-676 1131
-675 1191
-674 1173
-673 1199
-672 1253
-671 1225
-670 1238
-669 1264
-668 1190
-667 1209
-666 1177
-665 1187
-664 1265
-663 1224
-662 1221
-661 1321
-660 1269
-659 1251
-658 1200
-657 1238
-656 1322
-655 1240
-654 1279
-653 1281
-652 1289
-651 1210
-650 1298
-649 1273
-648 1310
-647 1295
-646 1351
-645 1270
-644 1255
-643 1273
-642 1262
-641 1280
-640 1306
-639 1280
-638 1287
-637 1269
-636 1287
-635 1265
-634 1279
-633 1205
-632 1343
-631 1272
-630 1377
-629 1274
-628 1294
-627 1381
-626 1347
-625 1326
-624 1361
-623 1345
-622 1309
-621 1316
-620 1352
-619 1345
-618 1301
-617 1328
-616 1360
-615 1292
-614 1330
-613 1392
-612 1309
-611 1366
-610 1362
-609 1358
-608 1391
-607 1344
-606 1343
-605 1381
-604 1309
-603 1371
-602 1318
-601 1303
-600 1337
-599 1348
-598 1439
-597 1337
-596 1362
-595 1349
-594 1442
-593 1339
-592 1381
-591 1371
-590 1394
-589 1361
-588 1388
-587 1381
-586 1395
-585 1419
-584 1452
-583 1385
-582 1409
-581 1367
-580 1437
-579 1375
-578 1403
-577 1429
-576 1375
-575 1363
-574 1452
-573 1385
-572 1433
-571 1425
-570 1522
-569 1443
-568 1460
-567 1389
-566 1548
-565 1430
-564 1424
-563 1458
-562 1456
-561 1469
-560 1486
-559 1553
-558 1458
-557 1422
-556 1446
-555 1393
-554 1444
-553 1395
-552 1473
-551 1437
-550 1466
-549 1491
-548 1473
-547 1505
-546 1418
-545 1468
-544 1444
-543 1500
-542 1451
-541 1408
-540 1440
-539 1489
-538 1541
-537 1504
-536 1497
-535 1454
-534 1517
-533 1583
-532 1480
-531 1514
-530 1580
-529 1508
-528 1546
-527 1538
-526 1501
-525 1580
-524 1553
-523 1484
-522 1540
-521 1484
-520 1543
-519 1576
-518 1548
-517 1613
-516 1531
-515 1547
-514 1617
-513 1596
-512 1602
-511 1546
-510 1643
-509 1581
-508 1614
-507 1595
-506 1543
-505 1599
-504 1700
-503 1567
-502 1550
-501 1610
-500 1596
-499 1558
-498 1651
-497 1590
-496 1703
-495 1582
-494 1638
-493 1643
-492 1588
-491 1569
-490 1587
-489 1600
-488 1536
-487 1620
-486 1600
-485 1623
-484 1599
-483 1635
-482 1628
-481 1684
-480 1713
-479 1609
-478 1651
-477 1671
-476 1687
-475 1692
-474 1664
-473 1677
-472 1596
-471 1651
-470 1766
-469 1661
-468 1692
-467 1695
-466 1723
-465 1724
-464 1713
-463 1701
-462 1663
-461 1675
-460 1690
-459 1684
-458 1762
-457 1629
-456 1722
-455 1738
-454 1679
-453 1713
-452 1776
-451 1737
-450 1727
-449 1746
-448 1739
-447 1741
-446 1723
-445 1701
-444 1685
-443 1758
-442 1795
-441 1824
-440 1831
-439 1776
-438 1757
-437 1800
-436 1809
-435 1812
-434 1813
-433 1750
-432 1834
-431 1846
-430 1863
-429 1824
-428 1843
-427 1823
-426 1903
-425 1769
-424 1822
-423 1840
-422 1870
-421 1830
-420 1749
-419 1867
-418 1853
-417 1803
-416 1835
-415 1842
-414 1873
-413 1877
-412 1961
-411 1890
-410 1902
-409 1880
-408 1841
-407 1918
-406 1985
-405 1865
-404 1922
-403 1961
-402 1930
-401 1891
-400 1766
-399 1989
-398 1924
-397 1899
-396 1986
-395 1950
-394 1928
-393 1963
-392 1910
-391 2011
-390 1998
-389 1895
-388 1956
-387 1984
-386 1992
-385 2007
-384 1965
-383 2007
-382 2025
-381 1963
-380 2043
-379 2078
-378 2085
-377 2020
-376 2029
-375 1959
-374 2098
-373 1996
-372 2013
-371 2157
-370 2112
-369 2057
-368 1963
-367 2118
-366 2024
-365 2116
-364 2003
-363 2172
-362 2017
-361 2035
-360 2114
-359 2130
-358 2091
-357 2101
-356 2153
-355 2068
-354 2047
-353 2107
-352 2103
-351 2052
-350 2118
-349 2111
-348 2151
-347 2188
-346 2175
-345 2185
-344 2185
-343 2095
-342 2203
-341 2181
-340 2243
-339 2153
-338 2251
-337 2207
-336 2202
-335 2143
-334 2288
-333 2217
-332 2251
-331 2322
-330 2280
-329 2313
-328 2275
-327 2307
-326 2271
-325 2309
-324 2274
-323 2363
-322 2284
-321 2301
-320 2288
-319 2342
-318 2378
-317 2312
-316 2351
-315 2314
-314 2318
-313 2566
-312 2282
-311 2385
-310 2423
-309 2424
-308 2462
-307 2380
-306 2412
-305 2329
-304 2391
-303 2402
-302 2421
-301 2408
-300 2479
-299 2381
-298 2440
-297 2460
-296 2498
-295 2426
-294 2508
-293 2458
-292 2504
-291 2492
-290 2366
-289 2491
-288 2524
-287 2576
-286 2561
-285 2630
-284 2437
-283 2519
-282 2516
-281 2556
-280 2579
-279 2602
-278 2571
-277 2657
-276 2618
-275 2530
-274 2613
-273 2580
-272 2622
-271 2685
-270 2563
-269 2675
-268 2681
-267 2520
-266 2696
-265 2802
-264 2683
-263 2811
-262 2731
-261 2777
-260 2781
-259 2784
-258 2712
-257 2728
-256 2689
-255 2783
-254 2846
-253 2727
-252 2855
-251 2790
-250 2878
-249 2903
-248 2768
-247 2881
-246 2884
-245 2908
-244 2922
-243 2893
-242 2884
-241 2895
-240 3012
-239 2904
-238 2914
-237 2852
-236 2929
-235 3019
-234 2923
-233 3070
-232 2990
-231 3009
-230 3098
-229 3013
-228 3031
-227 3044
-226 3075
-225 2986
-224 3044
-223 3055
-222 2983
-221 3136
-220 3159
-219 3153
-218 3155
-217 3124
-216 3168
-215 3091
-214 2981
-213 3136
-212 3256
-211 3179
-210 3296
-209 3153
-208 3185
-207 3258
-206 3191
-205 3244
-204 3186
-203 3284
-202 3228
-201 3298
-200 3374
-199 3384
-198 3404
-197 3272
-196 3421
-195 3310
-194 3307
-193 3415
-192 3591
-191 3402
-190 3432
-189 3397
-188 3478
-187 3453
-186 3527
-185 3517
-184 3656
-183 3529
-182 3527
-181 3621
-180 3603
-179 3658
-178 3717
-177 3578
-176 3698
-175 3648
-174 3656
-173 3721
-172 3850
-171 3738
-170 3662
-169 3844
-168 3925
-167 3808
-166 3979
-165 3901
-164 3870
-163 3973
-162 3914
-161 3927
-160 3956
-159 3928
-158 3962
-157 4091
-156 4179
-155 4069
-154 3949
-153 3970
-152 4002
-151 4137
-150 4242
-149 4171
-148 4098
-147 4243
-146 4238
-145 4237
-144 4285
-143 4395
-142 4270
-141 4289
-140 4372
-139 4461
-138 4459
-137 4493
-136 4492
-135 4454
-134 4424
-133 4721
-132 4637
-131 4671
-130 4606
-129 4682
-128 4803
-127 4730
-126 4705
-125 4818
-124 4891
-123 4910
-122 4967
-121 4973
-120 5053
-119 5116
-118 5063
-117 5123
-116 4950
-115 5081
-114 5208
-113 5213
-112 5294
-111 5246
-110 5320
-109 5413
-108 5412
-107 5474
-106 5642
-105 5492
-104 5558
-103 5524
-102 5664
-101 5599
-100 5701
-99 5791
-98 5810
-97 5956
-96 5810
-95 5947
-94 5953
-93 6163
-92 6017
-91 6118
-90 6014
-89 6122
-88 6328
-87 6453
-86 6254
-85 6410
-84 6445
-83 6539
-82 6591
-81 6669
-80 6644
-79 6720
-78 7064
-77 6826
-76 7077
-75 7149
-74 7037
-73 7371
-72 7335
-71 7275
-70 7393
-69 7373
-68 7555
-67 7550
-66 7701
-65 7806
-64 8053
-63 8014
-62 8098
-61 8487
-60 8406
-59 8435
-58 8541
-57 8893
-56 8879
-55 8982
-54 9109
-53 9091
-52 9423
-51 9583
-50 9574
-49 9810
-48 9942
-47 10211
-46 10354
-45 10540
-44 10591
-43 10863
-42 10870
-41 11201
-40 11442
-39 11790
-38 11676
-37 12253
-36 12390
-35 12646
-34 13009
-33 13215
-32 13422
-31 13869
-30 14487
-29 14642
-28 15146
-27 15296
-26 15787
-25 16749
-24 16876
-23 17523
-22 17941
-21 18582
-20 19288
-19 20310
-18 21004
-17 21977
-16 23118
-15 23883
-14 25551
-13 26714
-12 28111
-11 29726
-10 32012
-9 33582
-8 36719
-7 39738
-6 43417
-5 47649
-4 53199
-3 58422
-2 61177
-1 55541
0 9368633
1 60542913
2 9983977
3 42922
4 51301
5 51077
6 47788
7 43291
8 39542
9 36246
10 33612
11 31327
12 29487
13 27641
14 26179
15 24845
16 23556
17 22603
18 21368
19 20584
20 19795
21 18794
22 18382
23 17507
24 16797
25 16311
26 15903
27 15425
28 15050
29 14289
30 14192
31 14065
32 13572
33 13018
34 12736
35 12704
36 12372
37 11931
38 11756
39 11370
40 11268
41 11004
42 10831
43 10387
44 10251
45 10208
46 9973
47 9778
48 9716
49 9534
50 9316
51 9223
52 9139
53 9055
54 8777
55 8798
56 8731
57 8462
58 8268
59 8229
60 7985
61 7979
62 7853
63 7920
64 7747
65 7595
66 7617
67 7546
68 7323
69 7190
70 7176
71 7149
72 6868
73 6935
74 6878
75 6880
76 6778
77 6814
78 6689
79 6634
80 6593
81 6505
82 6392
83 6255
84 6355
85 6093
86 6118
87 6067
88 6026
89 6022
90 6024
91 5898
92 5848
93 5780
94 5781
95 5654
96 5623
97 5641
98 5515
99 5609
100 5427
101 5443
102 5355
103 5373
104 5470
105 5020
106 5178
107 5196
108 5169
109 5103
110 5051
111 5067
112 5005
113 4958
114 4942
115 4877
116 5002
117 4918
118 4811
119 4691
120 4793
121 4760
122 4663
123 4611
124 4649
125 4690
126 4566
127 4475
128 4367
129 4592
130 4558
131 4406
132 4351
133 4490
134 4326
135 4401
136 4373
137 4227
138 4248
139 4128
140 4163
141 4229
142 4230
143 3993
144 4067
145 4109
146 4095
147 4051
148 4088
149 4025
150 3930
151 4047
152 3893
153 3925
154 3813
155 3816
156 3802
157 3801
158 3797
159 3787
160 3866
161 3673
162 3844
163 3694
164 3719
165 3731
166 3718
167 3753
168 3682
169 3712
170 3700
171 3709
172 3728
173 3539
174 3573
175 3576
176 3370
177 3494
178 3473
179 3484
180 3462
181 3464
182 3367
183 3354
184 3416
185 3355
186 3395
187 3386
188 3330
189 3342
190 3270
191 3229
192 3385
193 3319
194 3228
195 3313
196 3177
197 3125
198 3172
199 3215
200 3157
201 3097
202 3197
203 3122
204 3071
205 3092
206 3036
207 3029
208 3129
209 3107
210 3072
211 2966
212 3146
213 3122
214 3010
215 3007
216 2942
217 2959
218 2893
219 2884
220 3017
221 2923
222 2929
223 3061
224 2950
225 2956
226 2849
227 2936
228 2820
229 2836
230 2933
231 2814
232 2943
233 2853
234 2818
235 2840
236 2804
237 2732
238 2707
239 2856
240 2712
241 2786
242 2747
243 2796
244 2674
245 2711
246 2806
247 2801
248 2715
249 2768
250 2695
251 2814
252 2606
253 2666
254 2622
255 2610
256 2476
257 2635
258 2610
259 2593
260 2578
261 2568
262 2633
263 2566
264 2510
265 2590
266 2593
267 2502
268 2527
269 2504
270 2463
271 2510
272 2518
273 2498
274 2517
275 2439
276 2532
277 2450
278 2480
279 2455
280 2420
281 2412
282 2510
283 2418
284 2335
285 2375
286 2351
287 2534
288 2392
289 2387
290 2355
291 2370
292 2420
293 2369
294 2305
295 2371
296 2402
297 2306
298 2311
299 2354
300 2370
301 2324
302 2343
303 2323
304 2353
305 2323
306 2258
307 2222
308 2355
309 2220
310 2295
311 2225
312 2202
313 2187
314 2317
315 2336
316 2330
317 2297
318 2297
319 2258
320 2177
321 2234
322 2211
323 2159
324 2239
325 2152
326 2259
327 2096
328 2129
329 2087
330 2209
331 2186
332 2153
333 2108
334 2177
335 2174
336 2098
337 2182
338 2066
339 2115
340 2002
341 2100
342 2068
343 2163
344 2099
345 2119
346 1999
347 2010
348 2083
349 2005
350 2032
351 2002
352 1992
353 1917
354 2000
355 1953
356 1926
357 1977
358 1961
359 1966
360 1980
361 1965
362 1994
363 1951
364 1950
365 1926
366 1987
367 1974
368 1980
369 1938
370 1996
371 1950
372 2003
373 2016
374 1992
375 1959
376 1963
377 1895
378 1920
379 1904
380 1959
381 1864
382 1920
383 1858
384 1868
385 1860
386 1940
387 1833
388 1909
389 1912
390 1850
391 1828
392 1873
393 1836
394 1867
395 1930
396 1832
397 1752
398 1908
399 1801
400 1748
401 1859
402 1822
403 1791
404 1802
405 1847
406 1805
407 1824
408 1758
409 1755
410 1756
411 1744
412 1796
413 1706
414 1753
415 1722
416 1792
417 1727
418 1740
419 1704
420 1710
421 1778
422 1671
423 1709
424 1710
425 1706
426 1670
427 1732
428 1744
429 1702
430 1758
431 1703
432 1752
433 1726
434 1717
435 1714
436 1741
437 1618
438 1678
439 1611
440 1718
441 1710
442 1749
443 1725
444 1709
445 1580
446 1580
447 1668
448 1709
449 1658
450 1683
451 1665
452 1680
453 1640
454 1607
455 1684
456 1687
457 1602
458 1566
459 1610
460 1632
461 1588
462 1586
463 1591
464 1643
465 1664
466 1626
467 1618
468 1620
469 1579
470 1593
471 1620
472 1590
473 1627
474 1558
475 1615
476 1576
477 1583
478 1588
479 1575
480 1503
481 1568
482 1525
483 1570
484 1563
485 1536
486 1489
487 1541
488 1532
489 1540
490 1494
491 1591
492 1529
493 1513
494 1484
495 1501
496 1504
497 1516
498 1516
499 1469
500 1492
501 1478
502 1449
503 1440
504 1446
505 1504
506 1493
507 1477
508 1512
509 1467
510 1560
511 1553
512 1429
513 1465
514 1591
515 1491
516 1488
517 1497
518 1486
519 1509
520 1476
521 1499
522 1469
523 1433
524 1478
525 1402
526 1451
527 1482
528 1392
529 1482
530 1427
531 1460
532 1418
533 1466
534 1457
535 1423
536 1448
537 1383
538 1458
539 1441
540 1407
541 1484
542 1439
543 1411
544 1461
545 1405
546 1415
547 1338
548 1339
549 1381
550 1424
551 1429
552 1363
553 1349
554 1346
555 1327
556 1387
557 1355
558 1413
559 1345
560 1366
561 1353
562 1440
563 1366
564 1382
565 1391
566 1412
567 1360
568 1421
569 1423
570 1410
571 1390
572 1346
573 1373
574 1324
575 1291
576 1306
577 1366
578 1307
579 1352
580 1279
581 1319
582 1325
583 1294
584 1232
585 1329
586 1355
587 1354
588 1283
589 1261
590 1260
591 1290
592 1251
593 1237
594 1385
595 1303
596 1296
597 1391
598 1241
599 1256
600 1346
601 1290
602 1275
603 1215
604 1250
605 1258
606 1230
607 1245
608 1187
609 1236
610 1244
611 1329
612 1280
613 1258
614 1222
615 1282
616 1147
617 1272
618 1281
619 1261
620 1266
621 1302
622 1262
623 1241
624 1200
625 1308
626 1252
627 1289
628 1267
629 1239
630 1299
631 1210
632 1168
633 1230
634 1189
635 1227
636 1262
637 1132
638 1214
639 1269
640 1305
641 1205
642 1192
643 1133
644 1229
645 1169
646 1207
647 1204
648 1244
649 1218
650 1238
651 1234
652 1191
653 1180
654 1205
655 1209
656 1194
657 1208
658 1213
659 1240
660 1193
661 1176
662 1115
663 1156
664 1140
665 1165
666 1142
667 1163
668 1095
669 1135
670 1119
671 1121
672 1142
673 1131
674 1150
675 1158
676 1156
677 1158
678 1143
679 1133
680 1156
681 1111
682 1065
683 1141
684 1142
685 1177
686 1134
687 1136
688 1126
689 1147
690 1140
691 1116
692 1085
693 1153
694 1143
695 1197
696 1142
697 1116
698 1102
699 1151
700 1146
701 1089
702 1159
703 1077
704 1162
705 1125
706 1101
707 1140
708 1179
709 1082
710 1104
711 1105
712 1070
713 1113
714 1133
715 1163
716 1091
717 1164
718 1091
719 1157
720 1124
721 1066
722 1118
723 1093
724 1073
725 1112
726 1120
727 1114
728 1077
729 1063
730 1070
731 1080
732 1015
733 1060
734 1072
735 1071
736 1085
737 1124
738 1103
739 1093
740 1056
741 1069
742 1154
743 1084
744 1091
745 1084
746 1068
747 1034
748 1071
749 1111
750 1001
751 1031
752 1049
753 1020
754 1013
755 1006
756 1038
757 1061
758 1045
759 1044
760 1024
761 1013
762 1050
763 1036
764 978
765 1024
766 1011
767 1033
768 1027
769 985
770 1076
771 1009
772 1094
773 1010
774 1013
775 1014
776 1059
777 1002
778 1020
779 1068
780 1046
781 1015
782 1009
783 1003
784 976
785 998
786 1038
787 1036
788 1051
789 1033
790 1052
791 1071
792 1009
793 1050
794 1023
795 1028
796 1013
797 1054
798 1023
799 1075
800 999
801 928
802 995
803 1041
804 989
805 1008
806 938
807 930
808 1001
809 950
810 1015
811 1038
812 986
813 1013
814 994
815 1001
816 1020
817 940
818 989
819 985
820 963
821 967
822 967
823 987
824 945
825 918
826 961
827 948
828 877
829 924
830 954
831 942
832 966
833 954
834 965
835 937
836 954
837 935
838 991
839 996
840 931
841 991
842 1035
843 955
844 967
845 973
846 959
847 935
848 967
849 992
850 921
851 936
852 850
853 1016
854 968
855 932
856 931
857 901
858 956
859 920
860 943
861 936
862 905
863 939
864 915
865 928
866 959
867 924
868 902
869 959
870 924
871 933
872 950
873 898
874 980
875 905
876 912
877 870
878 946
879 877
880 901
881 870
882 904
883 869
884 903
885 912
886 931
887 938
888 950
889 946
890 951
891 929
892 905
893 884
894 915
895 906
896 879
897 957
898 884
899 914
900 886
901 854
902 886
903 911
904 907
905 892
906 905
907 821
908 885
909 857
910 905
911 870
912 901
913 915
914 849
915 837
916 868
917 882
918 909
919 822
920 851
921 861
922 868
923 814
924 858
925 873
926 836
927 850
928 837
929 817
930 847
931 868
932 824
933 909
934 842
935 899
936 853
937 841
938 892
939 865
940 891
941 857
942 812
943 807
944 868
945 794
946 857
947 816
948 857
949 857
950 821
951 783
952 803
953 771
954 822
955 824
956 809
957 832
958 785
959 826
960 810
961 785
962 794
963 812
964 906
965 792
966 827
967 805
968 813
969 808
970 845
971 806
972 825
973 747
974 835
975 805
976 819
977 821
978 807
979 854
980 799
981 823
982 794
983 806
984 821
985 794
986 885
987 763
988 811
989 783
990 859
991 823
992 808
993 797
994 816
995 795
996 787
997 800
998 786
999 805
1000 781
1001 818
1002 802
1003 766
1004 741
1005 850
1006 781
1007 772
1008 818
1009 815
1010 807
1011 777
1012 770
1013 802
1014 761
1015 802
1016 812
1017 781
1018 821
1019 782
1020 814
1021 793
1022 806
1023 770
1024 761
1025 781
1026 807
1027 778
1028 808
1029 784
1030 777
1031 785
1032 771
1033 767
1034 762
1035 760
1036 781
1037 771
1038 731
1039 752
1040 826
1041 785
1042 771
1043 756
1044 794
1045 740
1046 773
1047 699
1048 816
1049 745
1050 768
1051 824
1052 785
1053 764
1054 748
1055 755
1056 787
1057 789
1058 759
1059 736
1060 789
1061 714
1062 760
1063 723
1064 777
1065 744
1066 725
1067 731
1068 785
1069 732
1070 757
1071 782
1072 725
1073 685
1074 753
1075 758
1076 806
1077 762
1078 746
1079 702
1080 755
1081 761
1082 731
1083 733
1084 792
1085 713
1086 756
1087 758
1088 702
1089 699
1090 739
1091 719
1092 701
1093 732
1094 741
1095 707
1096 769
1097 820
1098 740
1099 728
1100 795
1101 708
1102 736
1103 758
1104 759
1105 770
1106 716
1107 750
1108 745
1109 705
1110 739
1111 738
1112 702
1113 638
1114 690
1115 724
1116 732
1117 677
1118 733
1119 691
1120 763
1121 695
1122 682
1123 725
1124 694
1125 695
1126 731
1127 727
1128 709
1129 695
1130 711
1131 696
1132 717
1133 706
1134 686
1135 705
1136 657
1137 701
1138 716
1139 725
1140 704
1141 679
1142 677
1143 736
1144 701
1145 649
1146 684
1147 714
1148 650
1149 710
1150 687
1151 645
1152 701
1153 691
1154 701
1155 667
1156 705
1157 694
1158 675
1159 704
1160 666
1161 703
1162 667
1163 706
1164 670
1165 694
1166 685
1167 679
1168 690
1169 724
1170 665
1171 682
1172 659
1173 675
1174 666
1175 684
1176 638
1177 712
1178 664
1179 680
1180 734
1181 650
1182 662
1183 679
1184 614
1185 686
1186 680
1187 674
1188 657
1189 650
1190 680
1191 646
1192 614
1193 673
1194 639
1195 667
1196 631
1197 704
1198 715
1199 628
1200 666
1201 641
1202 626
1203 687
1204 678
1205 668
1206 675
1207 651
1208 643
1209 671
1210 691
1211 615
1212 690
1213 629
1214 641
1215 676
1216 645
1217 664
1218 606
1219 688
1220 632
1221 653
1222 589
1223 645
1224 615
1225 624
1226 616
1227 631
1228 651
1229 648
1230 611
1231 629
1232 648
1233 617
1234 587
1235 594
1236 633
1237 603
1238 615
1239 633
1240 643
1241 656
1242 648
1243 606
1244 610
1245 604
1246 598
1247 632
1248 642
1249 591
1250 608
1251 617
1252 592
1253 612
1254 629
1255 660
1256 610
1257 628
1258 590
1259 606
1260 633
1261 591
1262 622
1263 544
1264 607
1265 616
1266 630
1267 635
1268 571
1269 624
1270 645
1271 604
1272 643
1273 602
1274 649
1275 593
1276 584
1277 603
1278 632
1279 541
1280 590
1281 560
1282 622
1283 590
1284 594
1285 572
1286 636
1287 625
1288 604
1289 614
1290 622
1291 590
1292 640
1293 613
1294 600
1295 606
1296 586
1297 606
1298 575
1299 603
1300 603
1301 595
1302 613
1303 603
1304 577
1305 611
1306 617
1307 549
1308 577
1309 540
1310 575
1311 558
1312 540
1313 541
1314 574
1315 585
1316 543
1317 618
1318 539
1319 581
1320 520
1321 591
1322 571
1323 578
1324 583
1325 532
1326 552
1327 556
1328 582
1329 558
1330 576
1331 628
1332 586
1333 577
1334 556
1335 584
1336 597
1337 563
1338 578
1339 605
1340 589
1341 578
1342 573
1343 613
1344 582
1345 499
1346 580
1347 543
1348 556
1349 560
1350 558
1351 580
1352 580
1353 566
1354 561
1355 589
1356 577
1357 548
1358 575
1359 561
1360 583
1361 563
1362 578
1363 589
1364 602
1365 549
1366 534
1367 592
1368 584
1369 572
1370 578
1371 544
1372 583
1373 549
1374 573
1375 528
1376 589
1377 580
1378 533
1379 572
1380 531
1381 530
1382 557
1383 531
1384 555
1385 547
1386 592
1387 535
1388 580
1389 553
1390 539
1391 546
1392 572
1393 568
1394 603
1395 540
1396 511
1397 524
1398 608
1399 568
1400 541
1401 532
1402 584
1403 537
1404 574
1405 553
1406 569
1407 527
1408 554
1409 559
1410 538
1411 508
1412 554
1413 531
1414 580
1415 557
1416 546
1417 577
1418 565
1419 535
1420 533
1421 579
1422 593
1423 564
1424 567
1425 542
1426 590
1427 523
1428 524
1429 560
1430 569
1431 557
1432 603
1433 580
1434 592
1435 577
1436 536
1437 591
1438 535
1439 585
1440 612
1441 576
1442 559
1443 576
1444 587
1445 575
1446 574
1447 544
1448 516
1449 549
1450 545
1451 547
1452 551
1453 543
1454 531
1455 551
1456 519
1457 560
1458 562
1459 505
1460 540
1461 559
1462 553
1463 534
1464 577
1465 530
1466 503
1467 557
1468 518
1469 514
1470 552
1471 504
1472 547
1473 558
1474 498
1475 527
1476 504
1477 543
1478 523
1479 586
1480 505
1481 493
1482 542
1483 523
1484 533
1485 523
1486 581
1487 545
1488 504
1489 527
1490 507
1491 517
1492 535
1493 523
1494 529
1495 511
1496 569
1497 522
1498 536
1499 483
1500 518
1501 552
1502 510
1503 554
1504 490
1505 498
1506 496
1507 482
1508 524
1509 485
1510 546
1511 486
1512 498
1513 465
1514 502
1515 549
1516 494
1517 537
1518 483
1519 495
1520 526
1521 525
1522 542
1523 523
1524 518
1525 488
1526 531
1527 489
1528 504
1529 501
1530 503
1531 513
1532 472
1533 507
1534 488
1535 497
1536 478
1537 504
1538 509
1539 475
1540 498
1541 514
1542 480
1543 509
1544 478
1545 485
1546 520
1547 510
1548 513
1549 517
1550 483
1551 489
1552 456
1553 493
1554 480
1555 511
1556 485
1557 476
1558 516
1559 488
1560 467
1561 510
1562 483
1563 497
1564 489
1565 496
1566 497
1567 494
1568 498
1569 491
1570 505
1571 452
1572 486
1573 478
1574 476
1575 482
1576 476
1577 468
1578 531
1579 475
1580 468
1581 466
1582 510
1583 516
1584 481
1585 485
1586 471
1587 499
1588 483
1589 461
1590 464
1591 423
1592 500
1593 484
1594 422
1595 489
1596 486
1597 491
1598 503
1599 451
1600 491
1601 466
1602 457
1603 467
1604 465
1605 486
1606 468
1607 445
1608 489
1609 485
1610 503
1611 515
1612 479
1613 486
1614 457
1615 489
1616 467
1617 431
1618 452
1619 504
1620 436
1621 448
1622 434
1623 465
1624 462
1625 447
1626 445
1627 479
1628 434
1629 466
1630 457
1631 470
1632 476
1633 458
1634 504
1635 423
1636 430
1637 452
1638 436
1639 454
1640 433
1641 437
1642 445
1643 449
1644 430
1645 426
1646 457
1647 453
1648 477
1649 438
1650 458
1651 453
1652 466
1653 457
1654 496
1655 442
1656 473
1657 467
1658 424
1659 476
1660 478
1661 443
1662 485
1663 447
1664 435
1665 448
1666 461
1667 392
1668 408
1669 473
1670 400
1671 447
1672 407
1673 431
1674 454
1675 406
1676 426
1677 459
1678 449
1679 423
1680 418
1681 420
1682 441
1683 447
1684 439
1685 409
1686 444
1687 428
1688 420
1689 422
1690 428
1691 444
1692 426
1693 447
1694 451
1695 444
1696 453
1697 453
1698 444
1699 466
1700 443
1701 479
1702 430
1703 430
1704 424
1705 460
1706 439
1707 452
1708 409
1709 449
1710 457
1711 440
1712 434
1713 457
1714 453
1715 423
1716 473
1717 434
1718 436
1719 458
1720 457
1721 447
1722 429
1723 413
1724 424
1725 401
1726 441
1727 418
1728 440
1729 429
1730 454
1731 453
1732 426
1733 411
1734 464
1735 422
1736 417
1737 425
1738 431
1739 394
1740 395
1741 427
1742 426
1743 429
1744 403
1745 432
1746 424
1747 437
1748 363
1749 438
1750 438
1751 408
1752 408
1753 405
1754 388
1755 439
1756 388
1757 429
1758 387
1759 399
1760 402
1761 450
1762 394
1763 416
1764 429
1765 423
1766 406
1767 430
1768 405
1769 421
1770 412
1771 428
1772 400
1773 384
1774 447
1775 440
1776 431
1777 408
1778 381
1779 421
1780 419
1781 441
1782 408
1783 464
1784 445
1785 426
1786 423
1787 414
1788 396
1789 382
1790 396
1791 399
1792 422
1793 403
1794 407
1795 391
1796 408
1797 375
1798 400
1799 405
1800 388
1801 403
1802 382
1803 407
1804 366
1805 392
1806 363
1807 447
1808 352
1809 429
1810 399
1811 410
1812 386
1813 400
1814 395
1815 409
1816 415
1817 413
1818 430
1819 410
1820 363
1821 429
1822 365
1823 386
1824 407
1825 418
1826 402
1827 388
1828 370
1829 415
1830 385
1831 424
1832 375
1833 428
1834 366
1835 377
1836 459
1837 410
1838 417
1839 381
1840 412
1841 412
1842 375
1843 382
1844 368
1845 372
1846 393
1847 392
1848 407
1849 396
1850 367
1851 403
1852 390
1853 395
1854 364
1855 372
1856 387
1857 386
1858 353
1859 370
1860 420
1861 364
1862 356
1863 397
1864 404
1865 365
1866 387
1867 399
1868 400
1869 354
1870 370
1871 386
1872 389
1873 358
1874 363
1875 365
1876 385
1877 377
1878 368
1879 341
1880 391
1881 379
1882 380
1883 359
1884 346
1885 358
1886 356
1887 338
1888 335
1889 339
1890 364
1891 359
1892 392
1893 365
1894 336
1895 355
1896 355
1897 369
1898 375
1899 368
1900 388
1901 404
1902 377
1903 368
1904 368
1905 375
1906 372
1907 350
1908 331
1909 353
1910 390
1911 375
1912 377
1913 345
1914 354
1915 360
1916 360
1917 360
1918 361
1919 385
1920 335
1921 415
1922 352
1923 332
1924 365
1925 392
1926 385
1927 365
1928 348
1929 351
1930 344
1931 349
1932 310
1933 360
1934 344
1935 331
1936 366
1937 330
1938 305
1939 422
1940 356
1941 362
1942 342
1943 351
1944 341
1945 345
1946 319
1947 345
1948 380
1949 342
1950 346
1951 376
1952 374
1953 347
1954 362
1955 334
1956 382
1957 355
1958 368
1959 345
1960 380
1961 347
1962 355
1963 339
1964 369
1965 368
1966 365
1967 358
1968 328
1969 346
1970 355
1971 372
1972 338
1973 335
1974 381
1975 358
1976 351
1977 366
1978 389
1979 307
1980 338
1981 361
1982 370
1983 349
1984 332
1985 330
1986 357
1987 376
1988 352
1989 354
1990 348
1991 336
1992 346
1993 356
1994 369
1995 379
1996 368
1997 341
1998 368
1999 357
2000 337
2001 348
2002 338
2003 330
2004 359
2005 316
2006 345
2007 355
2008 304
2009 344
2010 345
2011 362
2012 346
2013 321
2014 360
2015 367
2016 337
2017 336
2018 316
2019 344
2020 350
2021 344
2022 312
2023 365
2024 318
2025 316
2026 345
2027 338
2028 348
2029 336
2030 307
2031 290
2032 333
2033 335
2034 341
2035 329
2036 347
2037 329
2038 357
2039 347
2040 357
2041 355
2042 346
2043 303
2044 346
2045 368
2046 370
2047 320
2048 308
2049 322
2050 330
2051 323
2052 349
2053 359
2054 336
2055 331
2056 297
2057 317
2058 324
2059 347
2060 326
2061 345
2062 321
2063 343
2064 327
2065 341
2066 319
2067 372
2068 313
2069 349
2070 333
2071 329
2072 324
2073 353
2074 342
2075 331
2076 340
2077 361
2078 332
2079 343
2080 344
2081 386
2082 346
2083 338
2084 329
2085 354
2086 342
2087 364
2088 333
2089 337
2090 350
2091 323
2092 325
2093 324
2094 351
2095 319
2096 345
2097 344
2098 332
2099 315
2100 346
2101 353
2102 290
2103 330
2104 343
2105 333
2106 338
2107 330
2108 338
2109 340
2110 313
2111 321
2112 327
2113 305
2114 343
2115 338
2116 313
2117 335
2118 317
2119 338
2120 337
2121 339
2122 367
2123 332
2124 331
2125 326
2126 314
2127 312
2128 336
2129 309
2130 309
2131 312
2132 323
2133 275
2134 323
2135 279
2136 320
2137 319
2138 315
2139 271
2140 316
2141 315
2142 318
2143 337
2144 308
2145 322
2146 353
2147 305
2148 304
2149 296
2150 294
2151 313
2152 295
2153 318
2154 283
2155 257
2156 303
2157 277
2158 301
2159 300
2160 311
2161 293
2162 319
2163 322
2164 276
2165 338
2166 362
2167 312
2168 301
2169 330
2170 300
2171 319
2172 294
2173 309
2174 336
2175 327
2176 300
2177 300
2178 339
2179 298
2180 289
2181 282
2182 264
2183 311
2184 253
2185 292
2186 281
2187 300
2188 314
2189 303
2190 304
2191 304
2192 272
2193 280
2194 326
2195 292
2196 291
2197 300
2198 291
2199 256
2200 331
2201 329
2202 308
2203 303
2204 298
2205 305
2206 288
2207 283
2208 303
2209 312
2210 286
2211 317
2212 277
2213 291
2214 264
2215 282
2216 306
2217 279
2218 284
2219 250
2220 284
2221 288
2222 266
2223 276
2224 283
2225 276
2226 273
2227 257
2228 287
2229 284
2230 298
2231 306
2232 310
2233 297
2234 321
2235 294
2236 288
2237 273
2238 276
2239 286
2240 267
2241 299
2242 258
2243 281
2244 286
2245 243
2246 264
2247 258
2248 261
2249 278
2250 337
2251 304
2252 248
2253 284
2254 284
2255 279
2256 279
2257 275
2258 265
2259 278
2260 300
2261 275
2262 282
2263 309
2264 271
2265 295
2266 310
2267 277
2268 259
2269 277
2270 291
2271 280
2272 336
2273 258
2274 254
2275 254
2276 292
2277 296
2278 292
2279 270
2280 283
2281 305
2282 246
2283 286
2284 277
2285 274
2286 259
2287 293
2288 285
2289 255
2290 290
2291 286
2292 281
2293 267
2294 284
2295 281
2296 233
2297 250
2298 265
2299 266
2300 245
2301 270
2302 231
2303 263
2304 284
2305 272
2306 281
2307 255
2308 246
2309 259
2310 258
2311 284
2312 264
2313 266
2314 241
2315 260
2316 253
2317 263
2318 261
2319 274
2320 286
2321 240
2322 257
2323 271
2324 244
2325 268
2326 288
2327 244
2328 260
2329 255
2330 284
2331 259
2332 288
2333 253
2334 271
2335 244
2336 293
2337 267
2338 244
2339 255
2340 233
2341 261
2342 257
2343 259
2344 259
2345 296
2346 256
2347 251
2348 249
2349 256
2350 260
2351 274
2352 249
2353 227
2354 276
2355 246
2356 268
2357 232
2358 245
2359 239
2360 265
2361 253
2362 255
2363 284
2364 256
2365 288
2366 240
2367 277
2368 265
2369 269
2370 285
2371 274
2372 274
2373 266
2374 252
2375 265
2376 257
2377 257
2378 240
2379 295
2380 241
2381 231
2382 236
2383 252
2384 240
2385 263
2386 245
2387 238
2388 243
2389 271
2390 247
2391 245
2392 241
2393 238
2394 237
2395 253
2396 260
2397 234
2398 236
2399 221
2400 229
2401 255
2402 221
2403 249
2404 228
2405 238
2406 228
2407 231
2408 245
2409 260
2410 225
2411 213
2412 209
2413 234
2414 251
2415 203
2416 248
2417 226
2418 250
2419 240
2420 218
2421 221
2422 230
2423 216
2424 223
2425 255
2426 263
2427 238
2428 242
2429 254
2430 244
2431 221
2432 227
2433 269
2434 243
2435 238
2436 226
2437 217
2438 215
2439 231
2440 212
2441 243
2442 208
2443 233
2444 232
2445 224
2446 250
2447 235
2448 205
2449 249
2450 211
2451 229
2452 206
2453 232
2454 218
2455 236
2456 234
2457 234
2458 205
2459 231
2460 220
2461 226
2462 217
2463 232
2464 209
2465 197
2466 195
2467 221
2468 220
2469 203
2470 225
2471 219
2472 195
2473 221
2474 226
2475 229
2476 240
2477 227
2478 236
2479 223
2480 263
2481 207
2482 216
2483 215
2484 210
2485 224
2486 243
2487 236
2488 244
2489 198
2490 240
2491 238
2492 201
2493 215
2494 224
2495 229
2496 192
2497 228
2498 202
2499 189
2500 184
2501 188
2502 210
2503 232
2504 214
2505 239
2506 200
2507 242
2508 205
2509 229
2510 201
2511 195
2512 223
2513 224
2514 211
2515 213
2516 208
2517 206
2518 196
2519 214
2520 189
2521 193
2522 225
2523 193
2524 246
2525 221
2526 209
2527 203
2528 202
2529 199
2530 193
2531 252
2532 206
2533 202
2534 225
2535 208
2536 178
2537 209
2538 204
2539 215
2540 206
2541 212
2542 168
2543 218
2544 207
2545 214
2546 210
2547 205
2548 183
2549 179
2550 178
2551 212
2552 208
2553 185
2554 208
2555 216
2556 207
2557 198
2558 184
2559 200
2560 194
2561 203
2562 203
2563 192
2564 227
2565 215
2566 221
2567 231
2568 211
2569 219
2570 235
2571 209
2572 209
2573 199
2574 202
2575 213
2576 227
2577 189
2578 202
2579 185
2580 194
2581 182
2582 198
2583 206
2584 206
2585 191
2586 169
2587 185
2588 192
2589 204
2590 184
2591 182
2592 201
2593 198
2594 209
2595 223
2596 181
2597 192
2598 192
2599 196
2600 196
2601 168
2602 200
2603 187
2604 190
2605 171
2606 203
2607 191
2608 170
2609 203
2610 174
2611 207
2612 193
2613 167
2614 181
2615 163
2616 193
2617 188
2618 198
2619 195
2620 182
2621 192
2622 169
2623 163
2624 188
2625 187
2626 200
2627 172
2628 190
2629 199
2630 196
2631 166
2632 171
2633 175
2634 182
2635 180
2636 164
2637 181
2638 178
2639 166
2640 181
2641 177
2642 169
2643 181
2644 184
2645 163
2646 159
2647 170
2648 175
2649 188
2650 184
2651 165
2652 144
2653 181
2654 196
2655 191
2656 171
2657 164
2658 166
2659 171
2660 163
2661 176
2662 167
2663 155
2664 160
2665 195
2666 168
2667 145
2668 170
2669 174
2670 175
2671 167
2672 169
2673 183
2674 192
2675 149
2676 165
2677 194
2678 166
2679 188
2680 183
2681 189
2682 146
2683 160
2684 179
2685 156
2686 164
2687 175
2688 141
2689 135
2690 177
2691 158
2692 155
2693 155
2694 166
2695 150
2696 146
2697 155
2698 168
2699 162
2700 170
2701 158
2702 162
2703 139
2704 138
2705 157
2706 168
2707 151
2708 178
2709 146
2710 150
2711 156
2712 157
2713 159
2714 172
2715 147
2716 150
2717 155
2718 163
2719 151
2720 122
2721 162
2722 164
2723 147
2724 144
2725 154
2726 149
2727 155
2728 163
2729 159
2730 166
2731 164
2732 164
2733 167
2734 153
2735 136
2736 155
2737 154
2738 135
2739 159
2740 155
2741 158
2742 171
2743 144
2744 163
2745 151
2746 154
2747 146
2748 137
2749 146
2750 174
2751 152
2752 148
2753 130
2754 155
2755 134
2756 132
2757 129
2758 144
2759 134
2760 144
2761 168
2762 145
2763 148
2764 147
2765 132
2766 125
2767 162
2768 164
2769 132
2770 140
2771 177
2772 140
2773 141
2774 137
2775 145
2776 169
2777 143
2778 149
2779 129
2780 169
2781 135
2782 158
2783 134
2784 163
2785 151
2786 153
2787 152
2788 137
2789 148
2790 149
2791 149
2792 150
2793 155
2794 155
2795 136
2796 184
2797 167
2798 137
2799 143
2800 178
2801 145
2802 137
2803 151
2804 151
2805 159
2806 168
2807 150
2808 140
2809 156
2810 144
2811 155
2812 155
2813 147
2814 128
2815 169
2816 143
2817 139
2818 155
2819 149
2820 135
2821 127
2822 154
2823 139
2824 159
2825 156
2826 153
2827 156
2828 186
2829 150
2830 172
2831 138
2832 153
2833 157
2834 129
2835 133
2836 147
2837 138
2838 146
2839 152
2840 134
2841 153
2842 151
2843 136
2844 149
2845 142
2846 163
2847 160
2848 140
2849 166
2850 129
2851 147
2852 127
2853 155
2854 130
2855 163
2856 136
2857 154
2858 146
2859 149
2860 124
2861 144
2862 149
2863 119
2864 144
2865 148
2866 163
2867 160
2868 136
2869 147
2870 144
2871 130
2872 138
2873 157
2874 139
2875 123
2876 148
2877 145
2878 133
2879 126
2880 132
2881 133
2882 154
2883 137
2884 136
2885 145
2886 134
2887 151
2888 143
2889 102
2890 123
2891 131
2892 134
2893 114
2894 122
2895 121
2896 130
2897 120
2898 140
2899 143
2900 141
2901 127
2902 121
2903 138
2904 136
2905 115
2906 131
2907 120
2908 139
2909 126
2910 125
2911 119
2912 105
2913 118
2914 122
2915 102
2916 90
2917 114
2918 105
2919 115
2920 126
2921 111
2922 122
2923 118
2924 112
2925 124
2926 115
2927 120
2928 121
2929 109
2930 101
2931 106
2932 98
2933 126
2934 111
2935 105
2936 110
2937 141
2938 113
2939 119
2940 119
2941 108
2942 110
2943 112
2944 106
2945 123
2946 111
2947 113
2948 116
2949 130
2950 107
2951 119
2952 122
2953 124
2954 117
2955 142
2956 127
2957 100
2958 134
2959 113
2960 148
2961 118
2962 126
2963 109
2964 129
2965 118
2966 104
2967 103
2968 94
2969 106
2970 120
2971 133
2972 105
2973 109
2974 118
2975 130
2976 126
2977 107
2978 119
2979 129
2980 119
2981 117
2982 99
2983 103
2984 122
2985 137
2986 102
2987 124
2988 100
2989 107
2990 118
2991 115
2992 115
2993 115
2994 114
2995 127
2996 121
2997 103
2998 132
2999 107
3000 105
3001 93
3002 115
3003 112
3004 122
3005 99
3006 94
3007 114
3008 109
3009 99
3010 96
3011 125
3012 111
3013 115
3014 112
3015 105
3016 107
3017 101
3018 109
3019 95
3020 108
3021 111
3022 122
3023 116
3024 113
3025 109
3026 122
3027 79
3028 86
3029 81
3030 112
3031 115
3032 91
3033 119
3034 79
3035 104
3036 119
3037 104
3038 106
3039 89
3040 82
3041 90
3042 119
3043 96
3044 97
3045 92
3046 97
3047 99
3048 89
3049 90
3050 105
3051 99
3052 106
3053 100
3054 96
3055 106
3056 80
3057 95
3058 103
3059 104
3060 85
3061 109
3062 77
3063 105
3064 86
3065 99
3066 87
3067 102
3068 108
3069 112
3070 84
3071 96
3072 98
3073 84
3074 96
3075 91
3076 76
3077 85
3078 86
3079 94
3080 94
3081 85
3082 101
3083 90
3084 96
3085 79
3086 92
3087 93
3088 87
3089 87
3090 97
3091 109
3092 98
3093 83
3094 92
3095 97
3096 96
3097 87
3098 100
3099 99
3100 107
3101 84
3102 92
3103 99
3104 85
3105 89
3106 79
3107 96
3108 84
3109 100
3110 84
3111 80
3112 100
3113 104
3114 111
3115 99
3116 120
3117 105
3118 112
3119 98
3120 88
3121 114
3122 101
3123 93
3124 85
3125 96
3126 75
3127 96
3128 104
3129 86
3130 91
3131 91
3132 75
3133 108
3134 95
3135 99
3136 83
3137 114
3138 93
3139 109
3140 102
3141 95
3142 102
3143 92
3144 104
3145 120
3146 97
3147 86
3148 86
3149 115
3150 95
3151 82
3152 99
3153 91
3154 89
3155 103
3156 100
3157 86
3158 85
3159 77
3160 90
3161 79
3162 94
3163 106
3164 93
3165 94
3166 89
3167 95
3168 86
3169 88
3170 90
3171 94
3172 81
3173 75
3174 79
3175 88
3176 71
3177 91
3178 71
3179 82
3180 80
3181 82
3182 82
3183 85
3184 92
3185 80
3186 56
3187 78
3188 74
3189 70
3190 68
3191 80
3192 77
3193 82
3194 80
3195 73
3196 75
3197 69
3198 86
3199 82
3200 73
3201 76
3202 80
3203 86
3204 69
3205 75
3206 70
3207 76
3208 80
3209 69
3210 89
3211 74
3212 78
3213 77
3214 81
3215 75
3216 70
3217 60
3218 75
3219 66
3220 81
3221 72
3222 72
3223 84
3224 62
3225 77
3226 76
3227 77
3228 87
3229 65
3230 70
3231 90
3232 66
3233 82
3234 66
3235 54
3236 57
3237 65
3238 69
3239 60
3240 75
3241 54
3242 68
3243 69
3244 88
3245 76
3246 65
3247 70
3248 71
3249 64
3250 69
3251 82
3252 61
3253 72
3254 61
3255 66
3256 57
3257 68
3258 69
3259 64
3260 75
3261 46
3262 73
3263 73
3264 87
3265 72
3266 55
3267 69
3268 65
3269 78
3270 65
3271 51
3272 76
3273 78
3274 71
3275 73
3276 77
3277 64
3278 74
3279 65
3280 76
3281 72
3282 63
3283 64
3284 69
3285 72
3286 77
3287 58
3288 56
3289 59
3290 76
3291 57
3292 63
3293 61
3294 64
3295 47
3296 67
3297 47
3298 65
3299 54
3300 57
3301 71
3302 68
3303 60
3304 60
3305 61
3306 59
3307 59
3308 64
3309 61
3310 59
3311 71
3312 73
3313 60
3314 71
3315 64
3316 64
3317 64
3318 58
3319 57
3320 54
3321 54
3322 64
3323 40
3324 58
3325 56
3326 50
3327 53
3328 54
3329 59
3330 59
3331 61
3332 52
3333 58
3334 55
3335 45
3336 57
3337 68
3338 57
3339 43
3340 55
3341 55
3342 58
3343 70
3344 47
3345 39
3346 59
3347 52
3348 44
3349 58
3350 50
3351 49
3352 63
3353 66
3354 49
3355 58
3356 45
3357 39
3358 53
3359 50
3360 56
3361 52
3362 40
3363 51
3364 50
3365 50
3366 63
3367 51
3368 46
3369 47
3370 41
3371 54
3372 47
3373 55
3374 56
3375 39
3376 57
3377 42
3378 57
3379 49
3380 40
3381 62
3382 53
3383 45
3384 53
3385 52
3386 46
3387 51
3388 53
3389 44
3390 49
3391 47
3392 40
3393 47
3394 56
3395 47
3396 41
3397 42
3398 40
3399 55
3400 42
3401 49
3402 55
3403 53
3404 53
3405 54
3406 56
3407 51
3408 57
3409 47
3410 50
3411 52
3412 52
3413 55
3414 47
3415 55
3416 46
3417 57
3418 56
3419 53
3420 52
3421 43
3422 54
3423 48
3424 46
3425 55
3426 46
3427 47
3428 61
3429 46
3430 61
3431 45
3432 56
3433 67
3434 46
3435 30
3436 52
3437 47
3438 40
3439 36
3440 53
3441 25
3442 45
3443 39
3444 36
3445 37
3446 42
3447 41
3448 39
3449 43
3450 32
3451 37
3452 54
3453 43
3454 51
3455 28
3456 44
3457 34
3458 38
3459 42
3460 30
3461 36
3462 42
3463 37
3464 28
3465 40
3466 32
3467 38
3468 48
3469 32
3470 54
3471 33
3472 45
3473 38
3474 37
3475 43
3476 33
3477 34
3478 36
3479 28
3480 33
3481 44
3482 39
3483 41
3484 27
3485 35
3486 48
3487 32
3488 37
3489 38
3490 29
3491 31
3492 32
3493 36
3494 29
3495 37
3496 29
3497 36
3498 33
3499 35
3500 38
3501 42
3502 39
3503 40
3504 33
3505 36
3506 35
3507 33
3508 37
3509 28
3510 31
3511 34
3512 32
3513 26
3514 45
3515 40
3516 31
3517 28
3518 40
3519 38
3520 37
3521 32
3522 36
3523 32
3524 38
3525 32
3526 36
3527 36
3528 29
3529 43
3530 33
3531 41
3532 37
3533 34
3534 38
3535 25
3536 41
3537 35
3538 38
3539 33
3540 33
3541 34
3542 27
3543 25
3544 29
3545 31
3546 29
3547 32
3548 19
3549 23
3550 26
3551 30
3552 28
3553 28
3554 21
3555 28
3556 22
3557 32
3558 34
3559 30
3560 21
3561 24
3562 21
3563 22
3564 24
3565 22
3566 34
3567 30
3568 21
3569 30
3570 30
3571 25
3572 33
3573 33
3574 19
3575 22
3576 21
3577 26
3578 29
3579 22
3580 19
3581 33
3582 29
3583 27
3584 25
3585 26
3586 36
3587 28
3588 26
3589 26
3590 23
3591 20
3592 32
3593 25
3594 28
3595 31
3596 36
3597 33
3598 38
3599 25
3600 25
3601 22
3602 23
3603 22
3604 33
3605 23
3606 25
3607 33
3608 25
3609 25
3610 25
3611 24
3612 15
3613 24
3614 16
3615 29
3616 23
3617 23
3618 19
3619 24
3620 23
3621 17
3622 19
3623 16
3624 30
3625 37
3626 18
3627 24
3628 30
3629 24
3630 22
3631 22
3632 19
3633 25
3634 20
3635 27
3636 21
3637 16
3638 26
3639 17
3640 24
3641 26
3642 16
3643 16
3644 15
3645 20
3646 20
3647 20
3648 24
3649 15
3650 25
3651 21
3652 18
3653 22
3654 25
3655 23
3656 23
3657 30
3658 21
3659 22
3660 24
3661 22
3662 16
3663 23
3664 22
3665 29
3666 19
3667 23
3668 24
3669 27
3670 17
3671 22
3672 15
3673 28
3674 17
3675 24
3676 33
3677 16
3678 14
3679 30
3680 24
3681 20
3682 25
3683 32
3684 14
3685 26
3686 29
3687 17
3688 15
3689 18
3690 19
3691 27
3692 17
3693 21
3694 29
3695 21
3696 21
3697 13
3698 14
3699 25
3700 17
3701 23
3702 22
3703 30
3704 22
3705 24
3706 25
3707 24
3708 21
3709 22
3710 14
3711 18
3712 17
3713 30
3714 21
3715 18
3716 19
3717 25
3718 18
3719 17
3720 19
3721 22
3722 22
3723 13
3724 26
3725 15
3726 16
3727 18
3728 18
3729 18
3730 20
3731 26
3732 20
3733 20
3734 12
3735 13
3736 16
3737 24
3738 23
3739 20
3740 20
3741 17
3742 14
3743 17
3744 15
3745 16
3746 10
3747 14
3748 19
3749 14
3750 23
3751 19
3752 19
3753 16
3754 18
3755 17
3756 19
3757 14
3758 15
3759 11
3760 13
3761 18
3762 14
3763 11
3764 12
3765 13
3766 11
3767 12
3768 16
3769 17
3770 19
3771 17
3772 12
3773 13
3774 16
3775 20
3776 13
3777 19
3778 16
3779 13
3780 17
3781 14
3782 15
3783 14
3784 16
3785 10
3786 12
3787 12
3788 9
3789 16
3790 13
3791 14
3792 10
3793 11
3794 22
3795 12
3796 12
3797 10
3798 9
3799 9
3800 14
3801 6
3802 13
3803 7
3804 8
3805 12
3806 5
3807 12
3808 5
3809 13
3810 14
3811 9
3812 6
3813 14
3814 9
3815 9
3816 15
3817 8
3818 11
3819 8
3820 12
3821 12
3822 7
3823 10
3824 7
3825 10
3826 16
3827 4
3828 8
3829 13
3830 13
3831 11
3832 12
3833 13
3834 12
3835 8
3836 9
3837 17
3838 10
3839 13
3840 12
3841 9
3842 13
3843 11
3844 16
3845 17
3846 5
3847 16
3848 8
3849 11
3850 15
3851 17
3852 11
3853 13
3854 15
3855 22
3856 9
3857 15
3858 14
3859 10
3860 8
3861 16
3862 9
3863 12
3864 15
3865 11
3866 11
3867 12
3868 21
3869 10
3870 10
3871 14
3872 11
3873 17
3874 9
3875 12
3876 8
3877 7
3878 12
3879 6
3880 13
3881 8
3882 8
3883 14
3884 6
3885 12
3886 8
3887 14
3888 12
3889 15
3890 8
3891 10
3892 4
3893 9
3894 5
3895 8
3896 9
3897 5
3898 6
3899 7
3900 6
3901 3
3902 9
3903 8
3904 15
3905 9
3906 9
3907 7
3908 7
3909 5
3910 11
3911 8
3912 12
3913 10
3914 10
3915 9
3916 4
3917 9
3918 11
3919 8
3920 14
3921 7
3922 7
3923 6
3924 7
3925 4
3926 4
3927 10
3928 8
3929 7
3930 8
3931 6
3932 13
3933 7
3934 4
3935 6
3936 6
3937 6
3938 7
3939 8
3940 2
3941 10
3942 6
3943 5
3944 7
3945 5
3946 9
3947 4
3948 8
3949 2
3950 5
3951 5
3952 10
3953 4
3954 7
3955 3
3956 5
3957 5
3958 4
3959 7
3960 5
3961 6
3962 7
3963 6
3964 9
3965 3
3966 4
3967 10
3968 3
3969 8
3970 11
3971 10
3972 8
3973 7
3974 6
3975 2
3976 7
3977 9
3978 4
3979 9
3980 3
3981 4
3982 10
3983 11
3984 4
3985 6
3986 5
3987 5
3988 5
3989 5
3990 5
3991 10
3992 9
3993 5
3994 8
3995 6
3996 1
3997 13
3998 9
3999 10
4000 11
4001 3
4002 7
4003 6
4004 8
4005 5
4006 6
4007 5
4008 10
4009 3
4010 9
4011 8
4012 6
4013 4
4014 9
4015 3
4016 5
4017 6
4018 4
4019 7
4020 9
4021 4
4022 4
4023 6
4024 3
4025 7
4026 4
4027 5
4028 7
4029 3
4030 5
4031 3
4032 11
4033 5
4034 2
4035 5
4036 9
4037 6
4038 4
4039 6
4040 9
4041 5
4042 9
4043 2
4044 10
4045 8
4046 6
4047 5
4048 6
4049 7
4050 7
4051 4
4052 8
4053 4
4054 8
4055 4
4056 5
4057 6
4058 8
4059 7
4060 4
4061 8
4062 3
4063 4
4064 5
4065 2
4066 3
4067 5
4068 3
4069 0
4070 4
4071 4
4072 1
4073 2
4074 2
4075 2
4076 4
4077 2
4078 3
4079 3
4080 6
4081 3
4082 3
4083 0
4084 4
4085 1
4086 2
4087 1
4088 6
4089 7
4090 7
4091 4
4092 3
4093 3
4094 7
4095 4
4096 5
4097 4
4098 4
4099 6
4100 4
4101 4
4102 2
4103 2
4104 4
4105 4
4106 6
4107 7
4108 2
4109 4
4110 2
4111 1
4112 3
4113 2
4114 2
4115 4
4116 4
4117 4
4118 7
4119 3
4120 3
4121 4
4122 1
4123 8
4124 2
4125 2
4126 1
4127 4
4128 2
4129 3
4130 7
4131 3
4132 4
4133 3
4134 4
4135 1
4136 1
4137 1
4138 5
4139 1
4140 3
4141 3
4142 3
4143 4
4144 3
4145 2
4146 2
4147 1
4148 6
4149 2
4150 3
4151 5
4152 4
4153 2
4154 2
4155 2
4156 0
4157 4
4158 1
4159 1
4160 0
4161 1
4162 3
4163 2
4164 4
4165 1
4166 1
4167 1
4168 0
4169 3
4170 0
4171 2
4172 1
4173 0
4174 2
4175 2
4176 7
4177 4
4178 4
4179 3
4180 2
4181 2
4182 3
4183 2
4184 4
4185 5
4186 1
4187 3
4188 1
4189 2
4190 1
4191 6
4192 3
4193 3
4194 2
4195 4
4196 1
4197 3
4198 0
4199 2
4200 1
4201 2
4202 7
4203 4
4204 5
4205 1
4206 1
4207 3
4208 1
4209 2
4210 4
4211 5
4212 1
4213 1
4214 3
4215 3
4216 0
4217 2
4218 2
4219 0
4220 1
4221 1
4222 4
4223 1
4224 3
4225 7
4226 2
4227 3
4228 1
4229 2
4230 3
4231 1
4232 2
4233 4
4234 2
4235 2
4236 0
4237 3
4238 1
4239 1
4240 2
4241 3
4242 0
4243 2
4244 1
4245 0
4246 2
4247 0
4248 2
4249 1
4250 1
4251 0
4252 0
4253 3
4254 3
4255 1
4256 0
4257 3
4258 0
4259 0
4260 1
4261 1
4262 0
4263 1
4264 1
4265 1
4266 1
4267 1
4268 0
4269 0
4270 1
4271 1
4272 1
4273 1
4274 0
4275 0
4276 0
4277 2
4278 0
4279 1
4280 1
4281 1
4282 0
4283 3
4284 2
4285 1
4286 2
4287 1
4288 2
4289 1
4290 0
4291 2
4292 0
4293 0
4294 0
4295 0
4296 0
4297 0
4298 1
4299 0
4300 0
4301 0
4302 1
4303 0
4304 1
4305 0
4306 0
4307 1
4308 0
4309 1
4310 1
4311 1
4312 0
4313 1
4314 2
4315 1
4316 0
4317 0
4318 2
4319 1
4320 0
4321 1
4322 2
4323 1
4324 1
4325 0
4326 1
4327 0
4328 1
4329 0
4330 3
4331 0
4332 2
4333 1
4334 1
4335 2
4336 1
4337 0
4338 4
4339 2
4340 2
4341 2
4342 0
4343 2
4344 0
4345 0
4346 0
4347 0
4348 1
4349 0
4350 2
4351 0
4352 2
4353 0
4354 0
4355 1
4356 1
4357 0
4358 0
4359 0
4360 5
4361 2
4362 1
4363 0
4364 0
4365 0
4366 0
4367 1
4368 0
4369 1
4370 1
4371 1
4372 0
4373 2
4374 0
4375 0
4376 1
4377 0
4378 1
4379 0
4380 6
4381 0
4382 0
4383 2
4384 2
4385 0
4386 1
4387 0
4388 0
4389 2
4390 0
4391 1
4392 0
4393 0
4394 0
4395 0
4396 0
4397 2
4398 1
4399 1
4400 1
4401 0
4402 0
4403 0
4404 0
4405 1
4406 0
4407 0
4408 1
4409 0
4410 1
4411 1
4412 1
4413 2
4414 1
4415 0
4416 1
4417 0
4418 0
4419 0
4420 0
4421 0
4422 2
4423 0
4424 1
4425 0
4426 0
4427 0
4428 1
4429 1
4430 0
4431 0
4432 0
4433 0
4434 2
4435 0
4436 0
4437 0
4438 0
4439 0
4440 0
4441 0
4442 1
4443 0
4444 0
4445 0
4446 0
4447 0
4448 1
4449 0
4450 0
4451 0
4452 0
4453 0
4454 0
4455 0
4456 0
4457 0
4458 0
4459 1
4460 0
4461 0
4462 0
4463 0
4464 0
4465 0
4466 0
4467 0
4468 1
4469 0
4470 0
4471 1
4472 1
4473 0
4474 1
4475 0
4476 0
4477 0
4478 0
4479 0
4480 0
4481 0
4482 0
4483 1
4484 0
4485 0
4486 1
4487 0
4488 0
4489 1
4490 1
4491 1
4492 0
4493 0
4494 1
4495 0
4496 1
4497 0
4498 1
4499 0
4500 0
4501 0
4502 0
4503 0
4504 0
4505 0
4506 0
4507 0
4508 0
4509 0
4510 0
4511 0
4512 0
4513 0
4514 0
4515 0
4516 0
4517 0
4518 0
4519 0
4520 0
4521 0
4522 0
4523 0
4524 0
4525 0
4526 0
4527 0
4528 0
4529 0
4530 0
4531 0
4532 0
4533 0
4534 0
4535 0
4536 0
4537 0
4538 0
4539 0
4540 0
4541 0
4542 0
4543 0
4544 0
4545 0
4546 0
4547 0
4548 0
4549 0
4550 0
4551 0
4552 0
4553 0
4554 0
4555 0
4556 0
4557 0
4558 0
4559 0
4560 0
4561 0
4562 0
4563 0
4564 0
4565 0
4566 0
4567 0
4568 0
4569 0
4570 0
4571 0
4572 0
4573 0
4574 0
4575 0
4576 0
4577 1
