2 0.5911583073909938
3 0.581319556813882
4 0.575511758644918
5 0.571907852691953
6 0.5674904030482143
7 0.5628184415256615
8 0.5603302513642662
9 0.5562632954033854
10 0.5540371077607091
11 0.5509178550020073
12 0.5490355613155188
13 0.5467310103317949
14 0.5446526818158555
15 0.542698965404945
16 0.5406323905394125
17 0.5410042272026545
18 0.5375828565219183
19 0.5368348824153203
20 0.5360658458200775
21 0.5361121625889079
22 0.5331683573827456
23 0.5330968898936005
24 0.5303055432699395
25 0.531374457076401
26 0.5303332626803782
27 0.5290612672753855
28 0.5270145704392821
29 0.5292313661501338
30 0.5259987690624359
31 0.5266599201664137
32 0.5259602671947439
33 0.5255814780146214
34 0.5255055014251687
35 0.5245477634052513
36 0.5242092515575951
37 0.5227976850625027
38 0.522659410114713
39 0.5221077717280876
40 0.5225935144486222
41 0.5225652606819723
42 0.5216098619518323
43 0.5219688092268622
44 0.5186758459059616
45 0.5202658858906386
46 0.5178049730571966
47 0.5195122661001659
48 0.5189610146567197
49 0.5197138702402411
50 0.5195990804107025
51 0.516838825143314
52 0.5185453565771566
53 0.51623990783716
54 0.5184669834189858
55 0.5183736947345035
56 0.5176585346231974
57 0.516547692970887
58 0.5168962841805066
59 0.5174204221030444
60 0.5172835148125017
61 0.5161784627684382
62 0.5151561569228151
63 0.5164423428813747
64 0.5133459730287128
65 0.5148041212047534
66 0.5160934429989029
67 0.5133611334341561
68 0.5104429742837294
69 0.5144160232621439
70 0.5135936895411748
71 0.5154651299541338
72 0.5143137171947935
73 0.5143860762689247
74 0.5149188982514963
75 0.5134091573636029
76 0.5136817820693027
77 0.5161802521919633
78 0.5121629577298952
79 0.5115810593900482
80 0.5113701198141658
81 0.5127247372877135
82 0.5094869337314142
83 0.5104007808210822
84 0.5122053198114047
85 0.5098698825769596
86 0.5100146192023689
87 0.5109089873345612
88 0.5124848484848484
89 0.5091233637445458
90 0.5089478398957612
91 0.5123549445657912
92 0.508488004817088
93 0.5118168229967723
94 0.5118890501957679
95 0.5122998959626808
96 0.5133977386736408
97 0.5064399972301087
98 0.5104480087185197
99 0.5100706030272257
100 0.5142986447477861
101 0.5096485907734964
102 0.5125824640185678
103 0.5093350760517177
104 0.5086826895415435
105 0.510432828634102
106 0.5086693355558896
107 0.5089788634208912
108 0.5093627132068
109 0.5055648020840872
110 0.5123334613453073
111 0.5081335552257156
112 0.5097351609312821
113 0.5123215592259912
114 0.5079410366143604
115 0.5089856197732162
116 0.5077284835728615
117 0.510442578340206
118 0.5063709376800298
119 0.5111731362312848
120 0.5074972378597359
121 0.5092118366766254
122 0.5031348821905789
123 0.5087271498817612
124 0.509670941709133
125 0.5089215403822145
126 0.5087029648752249
127 0.5067200286721223
128 0.5065894161328491
129 0.5088768454494487
130 0.510837739346576
131 0.5073101915184679
132 0.5113160648874935
133 0.5065516706205796
134 0.5082125821258212
135 0.5021299254526091
136 0.510066638309939
137 0.5082538999976111
138 0.5045639315531972
139 0.5074299391642565
140 0.5033389839215082
141 0.5079132932880648
142 0.5085272553394964
143 0.5049943307596783
144 0.5064585280052768
145 0.5037922252385884
146 0.5085743683548645
147 0.5033145316043496
148 0.5051295896328294
149 0.5062486499830283
150 0.5107309584234108
151 0.5085560651589436
152 0.5092418795533357
153 0.5037225642182616
154 0.5020826446280992
155 0.5096654899983191
156 0.5078546547366983
157 0.5132535123537961
158 0.5092789248285227
159 0.5017760727479398
160 0.5000183425657581
161 0.5070539732970233
162 0.5060411951977293
163 0.5132668059101106
164 0.5052335572566786
165 0.5090661649921947
166 0.5009443258334701
167 0.5059543918918918
168 0.5036756709730741
169 0.508803051133088
170 0.5105194979229016
171 0.5059265291349981
172 0.5064300530076055
173 0.5017436380772856
174 0.5072506225281969
175 0.5084897229669347
176 0.5132849039705444
177 0.505748850229954
178 0.49810625447845225
179 0.5069076009875506
180 0.5075995946882833
181 0.5049301116047242
182 0.5017907322717505
183 0.5070196550340955
184 0.5100921712752304
185 0.5076614804337577
186 0.5102695001780838
187 0.5051952705123611
188 0.5008587903324745
189 0.509026414138215
190 0.5064193092823213
191 0.5059648662821186
192 0.51013221712843
193 0.5100439004922176
194 0.5074976569821931
195 0.5072522431356675
196 0.5037267080745341
197 0.5032244348380696
198 0.5068661462850534
199 0.5025295109612141
200 0.5050505050505051
201 0.5040263823912877
202 0.5106634138663728
203 0.5045580657946889
204 0.5038291011688835
205 0.49896514612136766
206 0.5005112474437627
207 0.5121227978370836
208 0.5155397801056185
209 0.5049522154648132
210 0.5098601337850751
211 0.4968658956475678
212 0.5024194284670866
213 0.5039859102706711
214 0.4929809274857198
215 0.5052098838940161
216 0.49950238853503187
217 0.49994934657076284
218 0.5096901233288423
219 0.5068450528935905
220 0.5028980925281905
221 0.49708549222797926
222 0.49741573033707864
223 0.49743110695936477
224 0.5026063765304886
225 0.501988565746955
226 0.4968248038849458
227 0.5056546871073134
228 0.5025106218617227
229 0.5145694498889325
230 0.5073233959818535
231 0.5040232159345732
232 0.503452855245684
233 0.5057857911733046
234 0.493970893970894
235 0.519960362400906
236 0.503709925801484
237 0.505430122892255
238 0.4934951030551089
239 0.49846531614487416
240 0.5119010819165378
241 0.504878426513861
242 0.4924866698982065
243 0.5085876271469068
244 0.5103734439834025
245 0.5018512285425782
246 0.5032345931222336
247 0.5117403314917127
248 0.5075902983772466
249 0.4978393950306086
250 0.4923943661971831
251 0.509080370942813
252 0.5021301316808675
253 0.5054242541650523
254 0.500098833761613
255 0.5005023106288929
256 0.4982571252819356
257 0.5108604845446951
258 0.5007351396765385
259 0.5064599483204134
260 0.4778055998178921
261 0.5057331056355209
262 0.4790874524714829
263 0.5256310174342961
264 0.5119487558511949
265 0.49887133182844245
266 0.49462083442665966
267 0.498555292881534
268 0.5080496173132752
269 0.5069602632245002
270 0.497021497021497
271 0.4850054525627045
272 0.4985722444317533
273 0.5102339181286549
274 0.502913752913753
275 0.5217391304347826
276 0.49853372434017595
277 0.5055222467655411
278 0.5030478023740776
279 0.518664047151277
280 0.5146484375
281 0.5197452229299363
282 0.48655652737285393
283 0.5001727115716753
284 0.5045012603528988
285 0.501840942562592
286 0.5121681415929203
287 0.5090711175616836
288 0.49851521900519674
289 0.5117960426179604
290 0.5072350410637466
291 0.504739336492891
292 0.4948154292824554
293 0.5062205062205062
294 0.49701619778346123
295 0.48644924207625173
296 0.5112955278930382
297 0.5018181818181818
298 0.5128205128205128
299 0.5043638033991732
300 0.49420491423273066
301 0.5057790106333796
302 0.5029775538250114
303 0.4781128404669261
304 0.515015015015015
305 0.5022579026593076
306 0.5145334013258541
307 0.5015368852459017
308 0.5010266940451745
309 0.4898936170212766
310 0.49213483146067416
311 0.4935861684327942
312 0.4897360703812317
313 0.4888198757763975
314 0.49240506329113926
315 0.48753280839895013
316 0.4893029675638371
317 0.4979224376731302
318 0.4827586206896552
319 0.4932935916542474
320 0.5199081163859112
321 0.4924585218702866
322 0.47974068071312803
323 0.49535864978902955
324 0.5125977410947002
325 0.5166531275385865
326 0.5019825535289453
327 0.5016181229773463
328 0.507870753935377
329 0.4851063829787234
330 0.5149700598802395
331 0.4968722073279714
332 0.5344673231871083
333 0.5034129692832765
334 0.48293963254593175
335 0.5113947128532361
336 0.5105022831050229
337 0.5
338 0.4953464322647363
339 0.5261506276150628
340 0.5036420395421436
341 0.5043196544276458
342 0.47380410022779046
343 0.5218446601941747
344 0.5091130012150669
345 0.5076923076923077
346 0.5109223300970874
347 0.4795539033457249
348 0.48450704225352115
349 0.5367965367965368
350 0.4965612104539202
351 0.504054054054054
352 0.48058902275769744
353 0.5232558139534884
354 0.48344370860927155
355 0.4838274932614555
356 0.48671328671328673
357 0.46304675716440424
358 0.47194719471947194
359 0.4600694444444444
360 0.4944852941176471
361 0.48007590132827327
362 0.5434782608695652
363 0.5641025641025641
364 0.512
365 0.49
366 0.48226950354609927
367 0.45951417004048584
368 0.5063291139240507
369 0.4978902953586498
370 0.5181236673773987
371 0.45535714285714285
372 0.5181818181818182
373 0.4799054373522459
374 0.5182481751824818
375 0.5141509433962265
376 0.48693586698337293
377 0.48091603053435117
378 0.518796992481203
379 0.5261958997722096
380 0.5225225225225225
381 0.49551569506726456
382 0.49217002237136465
383 0.5154867256637168
384 0.4915254237288136
385 0.5012987012987012
386 0.5257452574525745
387 0.4907161803713528
388 0.4985835694050991
389 0.5166163141993958
390 0.49363057324840764
391 0.4577922077922078
392 0.48951048951048953
393 0.5071428571428571
394 0.5074626865671642
395 0.5641025641025641
396 0.5163636363636364
397 0.5055762081784386
398 0.545816733067729
399 0.5802047781569966
400 0.509493670886076
401 0.45
402 0.5102040816326531
403 0.4812286689419795
404 0.5017182130584192
405 0.4964788732394366
406 0.46616541353383456
407 0.5134099616858238
408 0.48046875
409 0.5076923076923077
410 0.4345991561181435
411 0.5169082125603864
412 0.4385026737967914
413 0.4473684210526316
414 0.5
415 0.448
416 0.5040650406504065
417 0.46153846153846156
418 0.45454545454545453
419 0.49514563106796117
420 0.4411764705882353
421 0.5545454545454546
422 0.4881889763779528
423 0.5
424 0.4126984126984127
425 0.5185185185185185
426 0.5
427 0.4152542372881356
428 0.46938775510204084
429 0.4725274725274725
430 0.4675324675324675
431 0.5128205128205128
432 0.5113636363636364
433 0.4880952380952381
434 0.52
435 0.4875
436 0.43548387096774194
437 0.42592592592592593
438 0.6470588235294118
439 0.6029411764705882
440 0.56
441 0.5384615384615384
442 0.5402298850574713
443 0.5227272727272727
444 0.51
445 0.5047619047619047
446 0.4574468085106383
447 0.47126436781609193
448 0.5
449 0.47191011235955055
450 0.4634146341463415
451 0.463768115942029
452 0.5774647887323944
453 0.5061728395061729
454 0.49295774647887325
455 0.5647058823529412
456 0.49473684210526314
457 0.4588235294117647
458 0.48
459 0.4722222222222222
460 0.5238095238095238
461 0.48484848484848486
462 0.5142857142857142
463 0.39473684210526316
464 0.5084745762711864
465 0.44642857142857145
466 0.4642857142857143
467 0.36363636363636365
468 0.5641025641025641
469 0.5106382978723404
470 0.46511627906976744
471 0.5576923076923077
472 0.38095238095238093
473 0.5
474 0.36
475 0.6086956521739131
476 0.5185185185185185
477 0.48
478 0.5652173913043478
479 0.6333333333333333
480 0.5526315789473685
481 0.42857142857142855
482 0.5142857142857142
483 0.4857142857142857
484 0.45714285714285713
485 0.4838709677419355
486 0.48148148148148145
487 0.21428571428571427
488 0.8888888888888888
489 0.42857142857142855
490 0.5833333333333334
491 0.6363636363636364
492 0.6666666666666666
493 0.5263157894736842
494 0.5294117647058824
495 0.631578947368421
496 0.3888888888888889
497 0.6923076923076923
498 0.6071428571428571
