-285 1
-284 0
-283 0
-282 1
-281 0
-280 0
-279 0
-278 0
-277 0
-276 0
-275 0
-274 0
-273 0
-272 0
-271 0
-270 0
-269 0
-268 1
-267 0
-266 0
-265 0
-264 0
-263 0
-262 0
-261 0
-260 0
-259 0
-258 0
-257 0
-256 0
-255 0
-254 0
-253 0
-252 0
-251 0
-250 0
-249 0
-248 0
-247 0
-246 0
-245 0
-244 0
-243 0
-242 0
-241 0
-240 0
-239 2
-238 0
-237 0
-236 0
-235 0
-234 0
-233 2
-232 0
-231 0
-230 1
-229 0
-228 0
-227 0
-226 0
-225 0
-224 0
-223 0
-222 0
-221 0
-220 1
-219 0
-218 1
-217 0
-216 1
-215 0
-214 2
-213 2
-212 0
-211 0
-210 0
-209 0
-208 2
-207 0
-206 2
-205 0
-204 1
-203 1
-202 0
-201 0
-200 0
-199 0
-198 2
-197 0
-196 2
-195 1
-194 0
-193 1
-192 5
-191 0
-190 3
-189 0
-188 1
-187 0
-186 1
-185 3
-184 3
-183 1
-182 2
-181 3
-180 2
-179 2
-178 4
-177 1
-176 3
-175 1
-174 2
-173 1
-172 4
-171 2
-170 3
-169 3
-168 1
-167 5
-166 2
-165 7
-164 8
-163 7
-162 5
-161 9
-160 5
-159 8
-158 7
-157 4
-156 18
-155 7
-154 6
-153 9
-152 10
-151 12
-150 8
-149 9
-148 12
-147 13
-146 14
-145 12
-144 10
-143 14
-142 13
-141 16
-140 16
-139 19
-138 23
-137 13
-136 17
-135 27
-134 25
-133 17
-132 21
-131 25
-130 29
-129 21
-128 32
-127 28
-126 24
-125 32
-124 36
-123 46
-122 31
-121 41
-120 39
-119 25
-118 35
-117 43
-116 49
-115 42
-114 55
-113 61
-112 71
-111 57
-110 69
-109 67
-108 69
-107 73
-106 70
-105 79
-104 79
-103 88
-102 106
-101 119
-100 91
-99 91
-98 118
-97 132
-96 139
-95 135
-94 147
-93 149
-92 152
-91 169
-90 192
-89 201
-88 220
-87 206
-86 216
-85 243
-84 251
-83 250
-82 240
-81 263
-80 338
-79 308
-78 311
-77 335
-76 376
-75 358
-74 443
-73 437
-72 484
-71 498
-70 482
-69 491
-68 584
-67 645
-66 673
-65 708
-64 751
-63 781
-62 821
-61 863
-60 892
-59 951
-58 1031
-57 1073
-56 1102
-55 1226
-54 1302
-53 1356
-52 1427
-51 1549
-50 1588
-49 1740
-48 1812
-47 1883
-46 1990
-45 2214
-44 2325
-43 2632
-42 2721
-41 2934
-40 3274
-39 3327
-38 3636
-37 3952
-36 4257
-35 4508
-34 4924
-33 5185
-32 5722
-31 6032
-30 6593
-29 7200
-28 7804
-27 8495
-26 9440
-25 10229
-24 11243
-23 12192
-22 13498
-21 15002
-20 16625
-19 18592
-18 21115
-17 23490
-16 26725
-15 30337
-14 35129
-13 40346
-12 47286
-11 55783
-10 67045
-9 81955
-8 102667
-7 132573
-6 178140
-5 253699
-4 400785
-3 760056
-2 2023928
-1 14416150
0 1072183775
1 15645566
2 1197656
3 512131
4 312796
5 212939
6 155784
7 119362
8 93898
9 76782
10 63401
11 52599
12 45048
13 39030
14 33462
15 29363
16 25950
17 22551
18 20357
19 18029
20 16358
21 14867
22 13273
23 12036
24 10916
25 10058
26 9068
27 8541
28 7761
29 7139
30 6500
31 6084
32 5492
33 5182
34 4875
35 4396
36 4145
37 3865
38 3613
39 3417
40 3109
41 2845
42 2703
43 2482
44 2367
45 2237
46 2088
47 1961
48 1754
49 1632
50 1651
51 1543
52 1437
53 1333
54 1296
55 1153
56 1075
57 1002
58 1020
59 923
60 875
61 908
62 850
63 789
64 682
65 681
66 656
67 627
68 603
69 508
70 530
71 464
72 454
73 434
74 427
75 373
76 375
77 351
78 337
79 322
80 280
81 262
82 252
83 259
84 263
85 253
86 192
87 205
88 173
89 180
90 139
91 192
92 146
93 136
94 142
95 133
96 131
97 128
98 123
99 91
100 116
101 105
102 106
103 86
104 85
105 92
106 72
107 85
108 69
109 56
110 70
111 66
112 69
113 58
114 52
115 54
116 57
117 44
118 28
119 34
120 35
121 32
122 33
123 41
124 29
125 29
126 22
127 28
128 22
129 28
130 24
131 27
132 24
133 22
134 29
135 26
136 22
137 23
138 15
139 24
140 13
141 18
142 11
143 14
144 9
145 12
146 12
147 10
148 13
149 7
150 7
151 13
152 4
153 11
154 5
155 10
156 8
157 8
158 7
159 4
160 8
161 6
162 6
163 5
164 6
165 10
166 5
167 2
168 3
169 1
170 5
171 4
172 4
173 5
174 1
175 1
176 4
177 4
178 5
179 3
180 0
181 4
182 5
183 2
184 0
185 2
186 0
187 2
188 3
189 2
190 1
191 1
192 2
193 1
194 2
195 0
196 1
197 0
198 0
199 0
200 0
201 0
202 0
203 0
204 0
205 1
206 0
207 1
208 1
209 0
210 1
211 1
212 1
213 0
214 0
215 1
216 0
217 0
218 1
219 1
220 1
221 0
222 0
223 0
224 1
225 2
226 0
227 0
228 0
229 1
230 0
231 0
232 0
233 0
234 1
235 0
236 0
237 0
238 0
239 1
240 0
241 0
242 0
243 0
244 0
245 0
246 0
247 0
248 0
249 0
250 0
251 0
252 0
253 0
254 2
255 0
256 0
257 0
258 0
259 0
260 0
261 0
262 0
263 0
264 0
265 0
266 0
267 0
268 0
269 0
270 0
271 0
272 0
273 0
274 1
275 0
276 0
277 0
278 0
279 0
280 0
281 0
282 0
283 1
284 0
285 0
286 0
287 0
288 0
289 0
290 0
291 0
292 0
293 0
294 0
295 0
296 0
297 0
298 0
299 0
300 0
301 0
302 0
303 0
304 0
305 0
306 0
307 0
308 0
309 0
310 1
