0 1072506
1 1701
2 515
3 353
4 252
5 175
6 130
7 105
8 93
9 92
10 62
11 64
12 51
13 43
14 30
15 32
16 29
17 34
18 33
19 29
20 31
21 24
22 21
23 20
24 21
25 10
26 21
27 20
28 17
29 13
30 17
31 13
32 8
33 11
34 10
35 13
36 11
37 7
38 5
39 9
40 5
41 2
42 4
43 12
44 8
45 1
46 6
47 2
48 2
49 7
50 2
51 5
52 7
53 7
54 4
55 7
56 5
57 6
58 3
59 4
60 3
61 2
62 4
63 5
64 3
65 2
66 1
67 3
68 1
69 3
70 5
71 3
72 3
73 2
74 6
75 4
76 0
77 1
78 4
79 0
80 1
81 1
82 2
83 3
84 0
85 1
86 1
87 2
88 3
89 1
90 1
91 0
92 0
93 1
94 2
95 2
96 0
97 1
98 2
99 0
100 0
101 0
102 1
103 0
104 0
105 0
106 0
107 2
108 1
109 1
110 1
111 0
112 0
113 0
114 0
115 1
116 0
117 2
118 1
119 0
120 1
121 0
122 0
123 0
124 1
125 0
126 0
127 0
128 0
129 1
130 1
131 1
132 1
133 0
134 0
135 0
136 0
137 0
138 1
139 0
140 0
141 3
142 0
143 0
144 0
145 0
146 0
147 0
148 0
149 1
150 0
151 0
152 0
153 2
154 0
155 0
156 0
157 0
158 0
159 0
160 0
161 0
162 0
163 1
164 0
165 0
166 1
167 0
168 0
169 0
170 0
171 1
172 0
173 0
174 0
175 0
176 0
177 0
178 0
179 0
180 0
181 0
182 0
183 0
184 0
185 0
186 0
187 0
188 0
189 0
190 0
191 0
192 0
193 0
194 0
195 0
196 0
197 0
198 0
199 0
200 0
201 0
202 0
203 0
204 0
205 0
206 0
207 0
208 0
209 0
210 0
211 0
212 0
213 0
214 0
215 0
216 0
217 0
218 0
219 0
220 0
221 0
222 0
223 0
224 0
225 0
226 1
227 0
228 1
229 0
230 0
231 0
232 0
233 0
234 0
235 0
236 1
