0 0.0713
1 0.0
2 0.0364
3 0.0032
4 0.0361
5 0.0695
6 0.0214
7 0.0521
8 0.0154
9 0.0248
10 0.0496
11 0.0
12 0.027
13 0.0196
14 0.0
15 0.0054
16 0.0043
17 0.0
18 0.0785
19 0.0
20 0.0485
21 0.0454
22 0.047
23 0.0705
24 0.0396
25 0.0476
26 0.0422
27 0.0208
28 0.0
29 0.0423
30 0.0298
31 0.006
32 0.0
33 0.0156
34 0.0611
35 0.0563
36 0.0
37 0.0
38 0.0618
39 0.0908
40 0.0
41 0.0287
42 0.0269
43 0.0354
44 0.0
45 0.0481
46 0.0254
47 0.0281
48 0.0
49 0.0754
50 0.0499
51 0.07
52 0.0926
53 0.0
54 0.1122
55 0.0129
56 0.0407
57 0.0179
58 0.0
59 0.0404
60 0.0147
61 0.0227
62 0.0469
63 0.0544
64 0.0026
65 0.0129
66 0.0
67 0.0112
68 0.0332
69 0.0039
70 0.032
71 0.0
72 0.0192
73 0.0365
74 0.0
75 0.0246
76 0.0443
77 0.0344
78 0.0725
79 0.0406
80 0.0094
81 0.0283
82 0.0707
83 0.0767
84 0.0221
85 0.0325
86 0.0622
87 0.0
88 0.0
89 0.0332
90 0.0377
91 0.0384
92 0.0781
93 0.0672
94 0.0288
95 0.0053
96 0.0557
97 0.0431
98 0.0064
99 0.0282
100 0.0114
101 0.0738
102 0.0721
103 0.0526
104 0.0941
105 0.0168
106 0.0317
107 0.0691
108 0.0286
109 0.0323
110 0.0801
