0 1.0 0.0 72489018
1 -0.11591354827424903 1.278460252421516 120150476
2 -0.037407925738221 1.5601907221220896 63233605
3 -0.2783238463409092 2.295804083009625 41409330
4 -0.39928389157654154 2.713104285387646 26120067
5 -0.5415129624661966 3.1794657047081265 16428471
6 -0.6630781307077744 3.5399738583086955 10355941
7 -0.8037075827749528 4.0302420202753675 6562281
8 -0.924113210021987 4.421288151797668 4177934
9 -1.0576911100790154 4.953741512536935 2665558
10 -1.1739213630744776 5.374738686781231 1703678
11 -1.2910870387829578 5.960951396575546 1091433
12 -1.4021290825994872 6.4647366701324565 699738
13 -1.5106051445287145 7.112440767798789 449876
14 -1.6237226821163369 7.672177321591181 288593
15 -1.7337774780849629 8.408343370588995 185375
16 -1.8150568585940572 8.992196161634636 119507
17 -1.9244096942618905 9.794686136847554 76994
18 -2.012045527670528 10.378333830618436 49728
19 -2.095536242718749 11.239572324813903 32103
20 -2.2131940414006577 12.084650835050304 20676
21 -2.265481437215209 12.850413010542367 13387
22 -2.367573126142596 13.905452154159459 8752
23 -2.5573357335733573 14.905938536247584 5555
24 -2.642596234897443 15.471588201964213 3559
25 -2.612290008841733 16.906710140474974 2262
26 -2.6842818428184283 17.15370957910116 1476
27 -3.0594871794871796 18.794409993425266 975
28 -2.8714918759231907 19.42366291463116 677
29 -2.723849372384937 19.425832881077042 478
30 -2.5853658536585367 19.392538455001297 287
31 -3.0245098039215685 23.778811034217576 204
32 -3.171171171171171 25.8716013310608 111
33 -3.442857142857143 25.703877551020394 70
34 -2.1818181818181817 21.603305785123958 44
35 -3.4375 31.49609375 32
36 -1.5 5.704545454545454 22
37 -3.3333333333333335 17.333333333333336 9
38 -3.5 6.25 2
39 -5.25 48.6875 4
40 -11.0 0.0 1
41 -1.0 0.0 1
42 -10.0 121.0 2
43 -7.0 0.0 1
