2 0.6183958475223162
3 0.5889986637242484
4 0.5682660188649555
5 0.55231823109157
6 0.5403829524331178
7 0.5301981301387568
8 0.5221535056356721
9 0.5154829809009043
10 0.5095612486993452
11 0.5054681174314763
12 0.5016754229009004
13 0.49729868841276237
14 0.4944333214827012
15 0.4918839294542219
16 0.48888159810225784
17 0.4859978513522968
18 0.4856005589414143
19 0.48172434171181466
20 0.4808647066858602
21 0.47989765019731834
22 0.4786190347525122
23 0.4776398532337335
24 0.4765391538711232
25 0.4727623451750347
26 0.4737155015958445
27 0.4722944286165668
28 0.47232698680113056
29 0.46841505797143773
30 0.46761337839882966
31 0.4683378098472664
32 0.4667828474862695
33 0.46576912199260767
34 0.4660299016775824
35 0.46673414104128835
36 0.46389657387861066
37 0.4629255176512368
38 0.4672576380260601
39 0.46278727836025974
40 0.46340708948370696
41 0.4612860263171914
42 0.4621271700726586
43 0.4596254701143891
44 0.46088785787357894
45 0.45826310935860337
46 0.4587760827634578
47 0.45846842674077504
48 0.46198294243070365
49 0.46059020412011503
50 0.45928364291872403
51 0.4587772116720704
52 0.46008542952064546
53 0.45598825421240297
54 0.4562024148273475
55 0.4563439386802552
56 0.45990644048575346
57 0.4644078175230903
58 0.460775125420365
59 0.45150868637610486
60 0.4569407008086253
61 0.4597396867416722
62 0.4535536659714423
63 0.45286031042128605
64 0.4565850815850816
65 0.4577162481219146
66 0.45678725136675585
67 0.46302861483919977
68 0.4529806884970613
69 0.4488937363664693
70 0.44273089585860337
71 0.45821325648414984
72 0.44490818030050083
73 0.46248263084761465
74 0.44639278557114226
75 0.4577072899276572
76 0.46153846153846156
77 0.44280442804428044
78 0.4520651762031072
79 0.449162923642303
80 0.4656523743660673
81 0.45703125
82 0.4405076679005817
83 0.46409495548961427
84 0.4619631901840491
85 0.43344947735191636
86 0.443217665615142
87 0.44106813996316757
88 0.4924670433145009
89 0.4619826756496631
90 0.4466950959488273
91 0.4810810810810811
92 0.41511627906976745
93 0.4332855093256815
94 0.44992050874403816
95 0.4601449275362319
96 0.4781818181818182
97 0.43204868154158216
98 0.4652777777777778
99 0.4549763033175355
100 0.44502617801047123
101 0.43119266055045874
102 0.4563758389261745
103 0.39338235294117646
104 0.4482758620689655
105 0.4192139737991266
106 0.43137254901960786
107 0.39655172413793105
108 0.49404761904761907
109 0.43795620437956206
110 0.48854961832061067
111 0.42857142857142855
112 0.43548387096774194
113 0.48739495798319327
114 0.4260869565217391
115 0.43956043956043955
116 0.4186046511627907
117 0.48
118 0.47619047619047616
119 0.5
120 0.5517241379310345
121 0.46875
122 0.5254237288135594
123 0.5483870967741935
124 0.43333333333333335
125 0.4888888888888889
126 0.4423076923076923
127 0.3333333333333333
128 0.3
129 0.6428571428571429
130 0.4444444444444444
131 0.5
132 0.5
133 0.55
134 0.3
135 0.42105263157894735
136 0.4090909090909091
137 0.6153846153846154
138 0.3333333333333333
139 0.625
140 0.5
141 0.8333333333333334
142 0.4444444444444444
143 0.5454545454545454
144 0.42857142857142855
145 0.3333333333333333
146 0.0
147 0.0
148 1.0
149 0.5
150 0.0
151 0
152 0
153 0
154 0
155 0
156 0
157 0
158 0
159 0
160 0
161 0
162 0
163 0
164 0
165 0
166 0
167 0
168 0
169 0
170 0
171 0
172 0
173 0
174 0
175 0
176 0
177 0
178 0
179 0
180 0
181 0
182 0
183 0
184 0
185 0
186 0
187 0
188 0
189 0
190 0
191 0
192 0
193 0
194 0
195 0
196 0
197 0
198 0
199 0
200 0
201 0
202 0
203 0
204 0
205 0
206 0
207 0
208 0
209 0
210 0
211 0
212 0
213 0
214 0
215 0
216 0
217 0
218 0
219 0
220 0
221 0
222 0
223 0
224 0
225 0
226 0
227 0
228 0
229 0
230 0
231 0
232 0
233 0
234 0
235 0
236 0
237 0
238 0
239 0
240 0
241 0
242 0
243 0
244 0
245 0
246 0
247 0
248 0
249 0
250 0
251 0
252 0
253 0
254 0
255 0
256 0
257 0
258 0
259 0
260 0
261 0
262 0
263 0
264 0
265 0
266 0
267 0
268 0
269 0
270 0
271 0
272 0
273 0
274 0
275 0
276 0
277 0
278 0
279 0
280 0
281 0
282 0
283 0
284 0
285 0
286 0
287 0
288 0
289 0
290 0
291 0
292 0
293 0
294 0
295 0
296 0
297 0
298 0
299 0
300 0
301 0
302 0
303 0
304 0
305 0
306 0
307 0
308 0
309 0
310 0
311 0
312 0
313 0
314 0
315 0
316 0
317 0
318 0
319 0
320 0
321 0
322 0
323 0
324 0
325 0
326 0
327 0
328 0
329 0
330 0
331 0
332 0
333 0
334 0
335 0
336 0
337 0
338 0
339 0
340 0
341 0
342 0
343 0
344 0
345 0
346 0
347 0
348 0
349 0
350 0
351 0
352 0
353 0
354 0
355 0
356 0
357 0
358 0
359 0
360 0
361 0
362 0
363 0
364 0
365 0
366 0
367 0
368 0
369 0
370 0
371 0
372 0
373 0
374 0
375 0
376 0
377 0
378 0
379 0
380 0
381 0
382 0
383 0
384 0
385 0
386 0
387 0
388 0
389 0
390 0
391 0
392 0
393 0
394 0
395 0
396 0
397 0
398 0
399 0
400 0
401 0
402 0
403 0
404 0
405 0
406 0
407 0
408 0
409 0
410 0
411 0
412 0
413 0
414 0
415 0
416 0
417 0
418 0
419 0
420 0
421 0
422 0
423 0
424 0
425 0
426 0
427 0
428 0
429 0
430 0
431 0
432 0
433 0
434 0
435 0
436 0
437 0
438 0
439 0
440 0
441 0
442 0
443 0
444 0
445 0
446 0
447 0
448 0
449 0
450 0
451 0
452 0
453 0
454 0
455 0
456 0
457 0
458 0
459 0
460 0
461 0
462 0
463 0
464 0
465 0
466 0
467 0
468 0
469 0
470 0
471 0
472 0
473 0
474 0
475 0
476 0
477 0
478 0
479 0
480 0
481 0
482 0
483 0
484 0
485 0
486 0
487 0
488 0
489 0
490 0
491 0
492 0
493 0
494 0
495 0
496 0
497 0
498 0
