-3278 1
-3277 0
-3276 0
-3275 0
-3274 0
-3273 0
-3272 0
-3271 0
-3270 0
-3269 0
-3268 0
-3267 0
-3266 0
-3265 0
-3264 0
-3263 0
-3262 0
-3261 0
-3260 0
-3259 0
-3258 0
-3257 0
-3256 0
-3255 0
-3254 0
-3253 0
-3252 0
-3251 0
-3250 0
-3249 0
-3248 0
-3247 0
-3246 0
-3245 0
-3244 0
-3243 0
-3242 0
-3241 0
-3240 0
-3239 0
-3238 0
-3237 0
-3236 0
-3235 0
-3234 0
-3233 0
-3232 0
-3231 0
-3230 0
-3229 0
-3228 0
-3227 0
-3226 0
-3225 0
-3224 0
-3223 0
-3222 0
-3221 0
-3220 0
-3219 0
-3218 0
-3217 0
-3216 0
-3215 0
-3214 0
-3213 0
-3212 0
-3211 0
-3210 0
-3209 0
-3208 0
-3207 0
-3206 0
-3205 0
-3204 0
-3203 0
-3202 0
-3201 0
-3200 0
-3199 0
-3198 0
-3197 0
-3196 0
-3195 0
-3194 0
-3193 0
-3192 0
-3191 0
-3190 0
-3189 0
-3188 0
-3187 0
-3186 0
-3185 0
-3184 0
-3183 0
-3182 0
-3181 0
-3180 0
-3179 0
-3178 0
-3177 0
-3176 0
-3175 0
-3174 0
-3173 0
-3172 0
-3171 0
-3170 0
-3169 0
-3168 0
-3167 0
-3166 0
-3165 0
-3164 0
-3163 0
-3162 0
-3161 0
-3160 1
-3159 0
-3158 0
-3157 0
-3156 0
-3155 0
-3154 0
-3153 0
-3152 0
-3151 0
-3150 0
-3149 0
-3148 0
-3147 0
-3146 0
-3145 0
-3144 0
-3143 0
-3142 0
-3141 0
-3140 0
-3139 0
-3138 0
-3137 0
-3136 0
-3135 0
-3134 0
-3133 0
-3132 0
-3131 0
-3130 0
-3129 0
-3128 0
-3127 0
-3126 0
-3125 0
-3124 0
-3123 0
-3122 0
-3121 0
-3120 0
-3119 0
-3118 0
-3117 0
-3116 0
-3115 0
-3114 0
-3113 0
-3112 0
-3111 0
-3110 0
-3109 0
-3108 0
-3107 0
-3106 0
-3105 0
-3104 0
-3103 0
-3102 0
-3101 0
-3100 0
-3099 0
-3098 0
-3097 0
-3096 0
-3095 0
-3094 0
-3093 0
-3092 0
-3091 0
-3090 0
-3089 0
-3088 0
-3087 0
-3086 0
-3085 0
-3084 0
-3083 0
-3082 0
-3081 0
-3080 0
-3079 0
-3078 0
-3077 0
-3076 0
-3075 0
-3074 0
-3073 0
-3072 0
-3071 0
-3070 0
-3069 0
-3068 0
-3067 0
-3066 0
-3065 0
-3064 0
-3063 0
-3062 0
-3061 0
-3060 0
-3059 0
-3058 0
-3057 0
-3056 0
-3055 0
-3054 0
-3053 0
-3052 0
-3051 0
-3050 0
-3049 0
-3048 0
-3047 0
-3046 0
-3045 0
-3044 0
-3043 0
-3042 0
-3041 0
-3040 0
-3039 0
-3038 0
-3037 0
-3036 0
-3035 0
-3034 0
-3033 0
-3032 0
-3031 0
-3030 0
-3029 0
-3028 0
-3027 0
-3026 0
-3025 0
-3024 0
-3023 0
-3022 0
-3021 0
-3020 0
-3019 0
-3018 0
-3017 0
-3016 0
-3015 0
-3014 0
-3013 0
-3012 0
-3011 0
-3010 0
-3009 0
-3008 0
-3007 0
-3006 0
-3005 0
-3004 0
-3003 0
-3002 0
-3001 0
-3000 0
-2999 0
-2998 0
-2997 0
-2996 0
-2995 0
-2994 0
-2993 0
-2992 0
-2991 0
-2990 0
-2989 0
-2988 0
-2987 0
-2986 0
-2985 0
-2984 0
-2983 0
-2982 0
-2981 0
-2980 0
-2979 0
-2978 0
-2977 0
-2976 0
-2975 0
-2974 0
-2973 0
-2972 0
-2971 0
-2970 0
-2969 0
-2968 0
-2967 0
-2966 0
-2965 0
-2964 0
-2963 0
-2962 0
-2961 0
-2960 0
-2959 0
-2958 0
-2957 0
-2956 0
-2955 0
-2954 0
-2953 0
-2952 0
-2951 0
-2950 0
-2949 0
-2948 0
-2947 0
-2946 0
-2945 0
-2944 0
-2943 0
-2942 0
-2941 0
-2940 0
-2939 0
-2938 0
-2937 0
-2936 0
-2935 0
-2934 0
-2933 0
-2932 0
-2931 0
-2930 0
-2929 0
-2928 0
-2927 0
-2926 0
-2925 0
-2924 0
-2923 0
-2922 0
-2921 0
-2920 0
-2919 0
-2918 0
-2917 0
-2916 0
-2915 0
-2914 0
-2913 0
-2912 0
-2911 0
-2910 0
-2909 0
-2908 0
-2907 0
-2906 0
-2905 0
-2904 1
-2903 0
-2902 0
-2901 0
-2900 0
-2899 0
-2898 0
-2897 0
-2896 0
-2895 0
-2894 0
-2893 0
-2892 0
-2891 0
-2890 0
-2889 0
-2888 0
-2887 0
-2886 0
-2885 0
-2884 0
-2883 0
-2882 1
-2881 0
-2880 0
-2879 0
-2878 0
-2877 0
-2876 0
-2875 0
-2874 0
-2873 0
-2872 0
-2871 0
-2870 0
-2869 0
-2868 0
-2867 0
-2866 0
-2865 0
-2864 0
-2863 0
-2862 0
-2861 0
-2860 0
-2859 0
-2858 0
-2857 0
-2856 0
-2855 0
-2854 0
-2853 0
-2852 0
-2851 0
-2850 0
-2849 0
-2848 0
-2847 0
-2846 0
-2845 0
-2844 0
-2843 0
-2842 0
-2841 0
-2840 0
-2839 0
-2838 0
-2837 0
-2836 0
-2835 0
-2834 0
-2833 0
-2832 0
-2831 0
-2830 0
-2829 0
-2828 0
-2827 0
-2826 0
-2825 0
-2824 0
-2823 0
-2822 0
-2821 0
-2820 0
-2819 0
-2818 1
-2817 0
-2816 0
-2815 0
-2814 0
-2813 0
-2812 0
-2811 0
-2810 0
-2809 1
-2808 0
-2807 0
-2806 1
-2805 0
-2804 1
-2803 0
-2802 0
-2801 0
-2800 0
-2799 0
-2798 1
-2797 0
-2796 0
-2795 0
-2794 0
-2793 0
-2792 0
-2791 0
-2790 0
-2789 0
-2788 1
-2787 0
-2786 1
-2785 0
-2784 0
-2783 0
-2782 0
-2781 0
-2780 1
-2779 0
-2778 0
-2777 0
-2776 1
-2775 1
-2774 2
-2773 0
-2772 0
-2771 0
-2770 0
-2769 1
-2768 0
-2767 0
-2766 0
-2765 0
-2764 1
-2763 0
-2762 0
-2761 0
-2760 0
-2759 0
-2758 0
-2757 0
-2756 0
-2755 0
-2754 0
-2753 0
-2752 0
-2751 1
-2750 1
-2749 0
-2748 0
-2747 0
-2746 0
-2745 1
-2744 0
-2743 0
-2742 0
-2741 1
-2740 1
-2739 1
-2738 0
-2737 0
-2736 1
-2735 1
-2734 2
-2733 2
-2732 0
-2731 1
-2730 0
-2729 0
-2728 2
-2727 0
-2726 1
-2725 0
-2724 0
-2723 0
-2722 1
-2721 3
-2720 1
-2719 1
-2718 1
-2717 0
-2716 2
-2715 0
-2714 1
-2713 2
-2712 2
-2711 0
-2710 1
-2709 3
-2708 1
-2707 3
-2706 2
-2705 0
-2704 1
-2703 2
-2702 2
-2701 3
-2700 0
-2699 3
-2698 1
-2697 0
-2696 3
-2695 1
-2694 1
-2693 1
-2692 2
-2691 1
-2690 4
-2689 2
-2688 1
-2687 1
-2686 1
-2685 0
-2684 3
-2683 2
-2682 0
-2681 2
-2680 2
-2679 0
-2678 2
-2677 1
-2676 2
-2675 1
-2674 4
-2673 1
-2672 3
-2671 2
-2670 3
-2669 4
-2668 0
-2667 8
-2666 7
-2665 4
-2664 7
-2663 4
-2662 4
-2661 4
-2660 3
-2659 4
-2658 2
-2657 3
-2656 4
-2655 5
-2654 5
-2653 5
-2652 6
-2651 3
-2650 10
-2649 2
-2648 5
-2647 2
-2646 6
-2645 2
-2644 4
-2643 8
-2642 3
-2641 7
-2640 7
-2639 7
-2638 6
-2637 6
-2636 5
-2635 3
-2634 9
-2633 3
-2632 8
-2631 4
-2630 6
-2629 3
-2628 7
-2627 5
-2626 7
-2625 7
-2624 7
-2623 4
-2622 7
-2621 8
-2620 5
-2619 11
-2618 9
-2617 7
-2616 12
-2615 3
-2614 13
-2613 11
-2612 3
-2611 9
-2610 5
-2609 11
-2608 5
-2607 10
-2606 10
-2605 10
-2604 15
-2603 10
-2602 9
-2601 8
-2600 2
-2599 9
-2598 9
-2597 6
-2596 14
-2595 7
-2594 8
-2593 10
-2592 8
-2591 17
-2590 8
-2589 12
-2588 13
-2587 14
-2586 15
-2585 11
-2584 9
-2583 12
-2582 10
-2581 6
-2580 9
-2579 13
-2578 6
-2577 16
-2576 14
-2575 13
-2574 5
-2573 13
-2572 15
-2571 13
-2570 11
-2569 15
-2568 14
-2567 14
-2566 15
-2565 8
-2564 13
-2563 10
-2562 12
-2561 9
-2560 14
-2559 16
-2558 20
-2557 14
-2556 15
-2555 14
-2554 19
-2553 15
-2552 9
-2551 9
-2550 19
-2549 12
-2548 13
-2547 10
-2546 15
-2545 20
-2544 15
-2543 22
-2542 17
-2541 17
-2540 11
-2539 13
-2538 15
-2537 18
-2536 17
-2535 19
-2534 16
-2533 23
-2532 16
-2531 16
-2530 17
-2529 13
-2528 12
-2527 19
-2526 19
-2525 17
-2524 15
-2523 23
-2522 17
-2521 20
-2520 11
-2519 18
-2518 12
-2517 17
-2516 14
-2515 10
-2514 21
-2513 34
-2512 17
-2511 21
-2510 23
-2509 12
-2508 19
-2507 14
-2506 24
-2505 16
-2504 17
-2503 23
-2502 29
-2501 22
-2500 16
-2499 21
-2498 10
-2497 17
-2496 17
-2495 15
-2494 30
-2493 26
-2492 24
-2491 23
-2490 22
-2489 18
-2488 17
-2487 22
-2486 25
-2485 24
-2484 23
-2483 24
-2482 24
-2481 24
-2480 32
-2479 33
-2478 27
-2477 24
-2476 29
-2475 33
-2474 20
-2473 22
-2472 23
-2471 27
-2470 23
-2469 27
-2468 39
-2467 30
-2466 24
-2465 26
-2464 35
-2463 24
-2462 25
-2461 22
-2460 30
-2459 28
-2458 27
-2457 31
-2456 27
-2455 33
-2454 24
-2453 22
-2452 25
-2451 27
-2450 28
-2449 35
-2448 28
-2447 30
-2446 32
-2445 20
-2444 32
-2443 36
-2442 29
-2441 23
-2440 33
-2439 41
-2438 27
-2437 35
-2436 34
-2435 37
-2434 32
-2433 33
-2432 30
-2431 34
-2430 28
-2429 30
-2428 33
-2427 28
-2426 34
-2425 32
-2424 31
-2423 28
-2422 29
-2421 23
-2420 32
-2419 30
-2418 37
-2417 26
-2416 34
-2415 36
-2414 30
-2413 43
-2412 38
-2411 32
-2410 42
-2409 39
-2408 38
-2407 35
-2406 35
-2405 35
-2404 44
-2403 40
-2402 31
-2401 35
-2400 30
-2399 38
-2398 35
-2397 44
-2396 39
-2395 46
-2394 36
-2393 34
-2392 36
-2391 33
-2390 28
-2389 41
-2388 37
-2387 32
-2386 35
-2385 40
-2384 30
-2383 46
-2382 43
-2381 53
-2380 41
-2379 37
-2378 35
-2377 35
-2376 50
-2375 31
-2374 44
-2373 43
-2372 44
-2371 39
-2370 39
-2369 34
-2368 38
-2367 49
-2366 53
-2365 55
-2364 41
-2363 42
-2362 34
-2361 52
-2360 38
-2359 39
-2358 28
-2357 35
-2356 40
-2355 46
-2354 42
-2353 40
-2352 39
-2351 41
-2350 43
-2349 44
-2348 52
-2347 55
-2346 44
-2345 48
-2344 48
-2343 48
-2342 49
-2341 46
-2340 34
-2339 55
-2338 50
-2337 53
-2336 51
-2335 44
-2334 50
-2333 42
-2332 42
-2331 41
-2330 54
-2329 43
-2328 42
-2327 60
-2326 41
-2325 51
-2324 47
-2323 37
-2322 51
-2321 46
-2320 35
-2319 57
-2318 41
-2317 49
-2316 43
-2315 39
-2314 53
-2313 57
-2312 38
-2311 66
-2310 43
-2309 46
-2308 52
-2307 45
-2306 50
-2305 54
-2304 49
-2303 43
-2302 55
-2301 61
-2300 39
-2299 35
-2298 62
-2297 50
-2296 52
-2295 66
-2294 55
-2293 40
-2292 48
-2291 46
-2290 51
-2289 55
-2288 55
-2287 69
-2286 49
-2285 58
-2284 46
-2283 62
-2282 60
-2281 56
-2280 48
-2279 64
-2278 61
-2277 60
-2276 48
-2275 62
-2274 54
-2273 58
-2272 62
-2271 52
-2270 48
-2269 71
-2268 57
-2267 58
-2266 52
-2265 44
-2264 52
-2263 74
-2262 43
-2261 50
-2260 55
-2259 53
-2258 47
-2257 51
-2256 51
-2255 47
-2254 57
-2253 55
-2252 54
-2251 50
-2250 66
-2249 61
-2248 53
-2247 54
-2246 64
-2245 49
-2244 69
-2243 52
-2242 59
-2241 62
-2240 51
-2239 41
-2238 61
-2237 63
-2236 55
-2235 73
-2234 62
-2233 59
-2232 63
-2231 55
-2230 54
-2229 57
-2228 70
-2227 56
-2226 63
-2225 70
-2224 59
-2223 43
-2222 61
-2221 48
-2220 68
-2219 45
-2218 59
-2217 65
-2216 65
-2215 53
-2214 76
-2213 60
-2212 55
-2211 73
-2210 59
-2209 52
-2208 57
-2207 60
-2206 54
-2205 60
-2204 65
-2203 54
-2202 59
-2201 72
-2200 54
-2199 73
-2198 51
-2197 71
-2196 63
-2195 64
-2194 51
-2193 58
-2192 67
-2191 62
-2190 48
-2189 59
-2188 55
-2187 79
-2186 66
-2185 58
-2184 64
-2183 71
-2182 65
-2181 62
-2180 59
-2179 65
-2178 54
-2177 50
-2176 69
-2175 66
-2174 78
-2173 68
-2172 62
-2171 64
-2170 49
-2169 81
-2168 61
-2167 71
-2166 70
-2165 68
-2164 62
-2163 70
-2162 52
-2161 71
-2160 71
-2159 58
-2158 70
-2157 81
-2156 47
-2155 57
-2154 64
-2153 64
-2152 61
-2151 75
-2150 77
-2149 59
-2148 67
-2147 63
-2146 71
-2145 77
-2144 60
-2143 67
-2142 73
-2141 74
-2140 71
-2139 74
-2138 61
-2137 76
-2136 80
-2135 80
-2134 79
-2133 73
-2132 80
-2131 58
-2130 73
-2129 60
-2128 66
-2127 70
-2126 76
-2125 74
-2124 60
-2123 58
-2122 81
-2121 71
-2120 67
-2119 78
-2118 78
-2117 68
-2116 79
-2115 66
-2114 49
-2113 62
-2112 65
-2111 68
-2110 68
-2109 73
-2108 69
-2107 75
-2106 84
-2105 73
-2104 62
-2103 73
-2102 72
-2101 66
-2100 64
-2099 82
-2098 64
-2097 70
-2096 76
-2095 72
-2094 79
-2093 78
-2092 86
-2091 78
-2090 76
-2089 68
-2088 69
-2087 78
-2086 71
-2085 71
-2084 62
-2083 88
-2082 73
-2081 77
-2080 73
-2079 94
-2078 72
-2077 59
-2076 74
-2075 68
-2074 75
-2073 78
-2072 75
-2071 73
-2070 69
-2069 71
-2068 84
-2067 64
-2066 73
-2065 80
-2064 75
-2063 82
-2062 80
-2061 96
-2060 82
-2059 70
-2058 80
-2057 75
-2056 77
-2055 81
-2054 84
-2053 95
-2052 70
-2051 82
-2050 79
-2049 69
-2048 81
-2047 88
-2046 82
-2045 93
-2044 98
-2043 86
-2042 74
-2041 78
-2040 62
-2039 73
-2038 78
-2037 87
-2036 102
-2035 84
-2034 81
-2033 90
-2032 91
-2031 85
-2030 74
-2029 96
-2028 76
-2027 68
-2026 85
-2025 75
-2024 88
-2023 68
-2022 69
-2021 88
-2020 96
-2019 76
-2018 79
-2017 79
-2016 64
-2015 94
-2014 81
-2013 82
-2012 83
-2011 63
-2010 73
-2009 80
-2008 81
-2007 69
-2006 87
-2005 103
-2004 69
-2003 85
-2002 87
-2001 88
-2000 77
-1999 86
-1998 88
-1997 78
-1996 73
-1995 85
-1994 76
-1993 80
-1992 81
-1991 95
-1990 100
-1989 79
-1988 74
-1987 81
-1986 97
-1985 83
-1984 78
-1983 84
-1982 65
-1981 82
-1980 99
-1979 74
-1978 70
-1977 98
-1976 84
-1975 84
-1974 86
-1973 91
-1972 76
-1971 82
-1970 92
-1969 85
-1968 65
-1967 91
-1966 91
-1965 81
-1964 91
-1963 95
-1962 78
-1961 94
-1960 77
-1959 95
-1958 106
-1957 80
-1956 73
-1955 77
-1954 95
-1953 87
-1952 92
-1951 89
-1950 80
-1949 87
-1948 80
-1947 89
-1946 79
-1945 91
-1944 98
-1943 97
-1942 85
-1941 82
-1940 95
-1939 89
-1938 82
-1937 108
-1936 99
-1935 91
-1934 92
-1933 83
-1932 99
-1931 82
-1930 90
-1929 89
-1928 86
-1927 93
-1926 80
-1925 86
-1924 94
-1923 87
-1922 90
-1921 95
-1920 91
-1919 91
-1918 82
-1917 79
-1916 82
-1915 106
-1914 83
-1913 87
-1912 109
-1911 84
-1910 96
-1909 86
-1908 83
-1907 86
-1906 98
-1905 104
-1904 87
-1903 102
-1902 89
-1901 115
-1900 101
-1899 96
-1898 94
-1897 82
-1896 79
-1895 90
-1894 98
-1893 98
-1892 98
-1891 101
-1890 86
-1889 90
-1888 86
-1887 88
-1886 121
-1885 92
-1884 76
-1883 88
-1882 99
-1881 81
-1880 94
-1879 83
-1878 94
-1877 109
-1876 83
-1875 86
-1874 73
-1873 89
-1872 80
-1871 91
-1870 88
-1869 77
-1868 89
-1867 109
-1866 91
-1865 85
-1864 102
-1863 101
-1862 91
-1861 99
-1860 91
-1859 91
-1858 84
-1857 94
-1856 94
-1855 90
-1854 99
-1853 106
-1852 89
-1851 85
-1850 96
-1849 80
-1848 106
-1847 88
-1846 109
-1845 80
-1844 95
-1843 101
-1842 88
-1841 101
-1840 100
-1839 106
-1838 110
-1837 89
-1836 95
-1835 93
-1834 77
-1833 98
-1832 94
-1831 92
-1830 102
-1829 94
-1828 108
-1827 120
-1826 100
-1825 88
-1824 98
-1823 109
-1822 79
-1821 118
-1820 100
-1819 96
-1818 114
-1817 95
-1816 83
-1815 102
-1814 80
-1813 90
-1812 98
-1811 91
-1810 92
-1809 92
-1808 92
-1807 122
-1806 97
-1805 95
-1804 114
-1803 107
-1802 96
-1801 111
-1800 74
-1799 104
-1798 118
-1797 98
-1796 90
-1795 90
-1794 123
-1793 97
-1792 90
-1791 128
-1790 108
-1789 87
-1788 95
-1787 93
-1786 94
-1785 114
-1784 91
-1783 96
-1782 98
-1781 88
-1780 116
-1779 105
-1778 89
-1777 109
-1776 111
-1775 117
-1774 93
-1773 112
-1772 111
-1771 107
-1770 115
-1769 87
-1768 116
-1767 100
-1766 105
-1765 108
-1764 104
-1763 108
-1762 119
-1761 92
-1760 97
-1759 98
-1758 116
-1757 101
-1756 104
-1755 111
-1754 122
-1753 106
-1752 119
-1751 106
-1750 105
-1749 100
-1748 119
-1747 102
-1746 114
-1745 99
-1744 100
-1743 102
-1742 113
-1741 99
-1740 106
-1739 96
-1738 117
-1737 121
-1736 105
-1735 110
-1734 122
-1733 90
-1732 103
-1731 95
-1730 119
-1729 108
-1728 121
-1727 120
-1726 102
-1725 103
-1724 105
-1723 113
-1722 117
-1721 119
-1720 95
-1719 119
-1718 103
-1717 109
-1716 104
-1715 108
-1714 108
-1713 105
-1712 124
-1711 109
-1710 114
-1709 110
-1708 90
-1707 121
-1706 108
-1705 105
-1704 94
-1703 119
-1702 110
-1701 117
-1700 119
-1699 99
-1698 113
-1697 111
-1696 102
-1695 107
-1694 125
-1693 96
-1692 114
-1691 117
-1690 115
-1689 111
-1688 123
-1687 103
-1686 99
-1685 95
-1684 91
-1683 123
-1682 115
-1681 114
-1680 105
-1679 135
-1678 125
-1677 131
-1676 101
-1675 120
-1674 120
-1673 134
-1672 105
-1671 120
-1670 134
-1669 112
-1668 115
-1667 141
-1666 93
-1665 117
-1664 113
-1663 105
-1662 105
-1661 139
-1660 90
-1659 115
-1658 112
-1657 106
-1656 113
-1655 117
-1654 154
-1653 105
-1652 122
-1651 101
-1650 113
-1649 128
-1648 114
-1647 116
-1646 135
-1645 107
-1644 130
-1643 111
-1642 112
-1641 130
-1640 112
-1639 111
-1638 118
-1637 115
-1636 114
-1635 121
-1634 146
-1633 117
-1632 129
-1631 133
-1630 127
-1629 109
-1628 118
-1627 146
-1626 129
-1625 132
-1624 126
-1623 113
-1622 144
-1621 134
-1620 115
-1619 129
-1618 111
-1617 126
-1616 115
-1615 120
-1614 136
-1613 121
-1612 135
-1611 108
-1610 118
-1609 108
-1608 117
-1607 123
-1606 133
-1605 123
-1604 125
-1603 142
-1602 115
-1601 118
-1600 96
-1599 120
-1598 123
-1597 123
-1596 116
-1595 111
-1594 120
-1593 134
-1592 126
-1591 145
-1590 130
-1589 134
-1588 129
-1587 118
-1586 142
-1585 127
-1584 124
-1583 136
-1582 139
-1581 117
-1580 110
-1579 118
-1578 130
-1577 109
-1576 133
-1575 101
-1574 130
-1573 129
-1572 114
-1571 128
-1570 122
-1569 129
-1568 122
-1567 131
-1566 129
-1565 120
-1564 156
-1563 153
-1562 123
-1561 127
-1560 144
-1559 129
-1558 138
-1557 145
-1556 126
-1555 129
-1554 139
-1553 141
-1552 139
-1551 135
-1550 130
-1549 132
-1548 131
-1547 110
-1546 138
-1545 123
-1544 133
-1543 138
-1542 143
-1541 153
-1540 131
-1539 144
-1538 121
-1537 120
-1536 122
-1535 147
-1534 140
-1533 122
-1532 144
-1531 133
-1530 121
-1529 123
-1528 122
-1527 126
-1526 155
-1525 120
-1524 138
-1523 143
-1522 131
-1521 139
-1520 165
-1519 151
-1518 146
-1517 138
-1516 124
-1515 132
-1514 120
-1513 155
-1512 119
-1511 170
-1510 137
-1509 123
-1508 144
-1507 158
-1506 131
-1505 158
-1504 153
-1503 141
-1502 126
-1501 130
-1500 134
-1499 149
-1498 151
-1497 143
-1496 151
-1495 122
-1494 149
-1493 144
-1492 153
-1491 135
-1490 128
-1489 166
-1488 155
-1487 155
-1486 135
-1485 140
-1484 147
-1483 144
-1482 153
-1481 125
-1480 146
-1479 164
-1478 128
-1477 148
-1476 152
-1475 152
-1474 125
-1473 146
-1472 146
-1471 156
-1470 146
-1469 154
-1468 139
-1467 133
-1466 165
-1465 170
-1464 130
-1463 137
-1462 150
-1461 141
-1460 133
-1459 144
-1458 152
-1457 148
-1456 156
-1455 127
-1454 174
-1453 135
-1452 146
-1451 132
-1450 187
-1449 144
-1448 176
-1447 157
-1446 163
-1445 151
-1444 162
-1443 164
-1442 145
-1441 155
-1440 135
-1439 150
-1438 157
-1437 122
-1436 139
-1435 136
-1434 157
-1433 153
-1432 165
-1431 128
-1430 157
-1429 172
-1428 143
-1427 142
-1426 169
-1425 161
-1424 156
-1423 147
-1422 162
-1421 155
-1420 138
-1419 154
-1418 163
-1417 146
-1416 150
-1415 147
-1414 170
-1413 152
-1412 157
-1411 151
-1410 164
-1409 162
-1408 159
-1407 161
-1406 174
-1405 152
-1404 138
-1403 156
-1402 169
-1401 147
-1400 160
-1399 176
-1398 169
-1397 130
-1396 165
-1395 147
-1394 168
-1393 156
-1392 177
-1391 164
-1390 158
-1389 150
-1388 151
-1387 150
-1386 162
-1385 156
-1384 150
-1383 153
-1382 154
-1381 155
-1380 151
-1379 171
-1378 153
-1377 154
-1376 164
-1375 173
-1374 173
-1373 165
-1372 145
-1371 168
-1370 161
-1369 137
-1368 164
-1367 162
-1366 164
-1365 165
-1364 163
-1363 150
-1362 162
-1361 153
-1360 142
-1359 172
-1358 139
-1357 145
-1356 188
-1355 165
-1354 161
-1353 168
-1352 163
-1351 161
-1350 160
-1349 167
-1348 167
-1347 167
-1346 169
-1345 149
-1344 164
-1343 174
-1342 174
-1341 140
-1340 180
-1339 149
-1338 189
-1337 162
-1336 208
-1335 174
-1334 176
-1333 158
-1332 167
-1331 171
-1330 156
-1329 173
-1328 182
-1327 163
-1326 147
-1325 140
-1324 142
-1323 160
-1322 185
-1321 182
-1320 169
-1319 173
-1318 144
-1317 183
-1316 170
-1315 181
-1314 162
-1313 189
-1312 188
-1311 179
-1310 157
-1309 164
-1308 158
-1307 178
-1306 171
-1305 165
-1304 171
-1303 158
-1302 175
-1301 172
-1300 201
-1299 172
-1298 168
-1297 165
-1296 165
-1295 162
-1294 166
-1293 168
-1292 176
-1291 191
-1290 189
-1289 200
-1288 191
-1287 168
-1286 190
-1285 182
-1284 184
-1283 203
-1282 176
-1281 202
-1280 187
-1279 185
-1278 158
-1277 194
-1276 187
-1275 187
-1274 180
-1273 173
-1272 169
-1271 169
-1270 158
-1269 202
-1268 206
-1267 198
-1266 196
-1265 180
-1264 213
-1263 197
-1262 193
-1261 184
-1260 194
-1259 188
-1258 220
-1257 172
-1256 191
-1255 201
-1254 186
-1253 201
-1252 181
-1251 203
-1250 199
-1249 178
-1248 206
-1247 209
-1246 198
-1245 205
-1244 205
-1243 218
-1242 205
-1241 205
-1240 196
-1239 185
-1238 181
-1237 180
-1236 204
-1235 193
-1234 185
-1233 198
-1232 221
-1231 202
-1230 197
-1229 212
-1228 198
-1227 186
-1226 195
-1225 203
-1224 207
-1223 193
-1222 223
-1221 209
-1220 211
-1219 192
-1218 185
-1217 217
-1216 189
-1215 188
-1214 206
-1213 191
-1212 194
-1211 233
-1210 224
-1209 226
-1208 186
-1207 213
-1206 199
-1205 210
-1204 200
-1203 206
-1202 183
-1201 205
-1200 198
-1199 190
-1198 182
-1197 184
-1196 218
-1195 183
-1194 228
-1193 237
-1192 200
-1191 222
-1190 202
-1189 215
-1188 211
-1187 176
-1186 230
-1185 231
-1184 182
-1183 207
-1182 219
-1181 216
-1180 225
-1179 208
-1178 195
-1177 215
-1176 205
-1175 215
-1174 226
-1173 215
-1172 225
-1171 214
-1170 209
-1169 229
-1168 195
-1167 203
-1166 209
-1165 235
-1164 222
-1163 218
-1162 224
-1161 212
-1160 220
-1159 229
-1158 209
-1157 226
-1156 230
-1155 229
-1154 210
-1153 220
-1152 220
-1151 214
-1150 237
-1149 221
-1148 220
-1147 228
-1146 229
-1145 199
-1144 208
-1143 234
-1142 201
-1141 247
-1140 237
-1139 230
-1138 210
-1137 226
-1136 232
-1135 243
-1134 226
-1133 252
-1132 222
-1131 231
-1130 230
-1129 214
-1128 196
-1127 252
-1126 234
-1125 248
-1124 232
-1123 207
-1122 233
-1121 218
-1120 270
-1119 227
-1118 237
-1117 234
-1116 217
-1115 253
-1114 254
-1113 243
-1112 232
-1111 248
-1110 225
-1109 231
-1108 233
-1107 231
-1106 245
-1105 250
-1104 238
-1103 244
-1102 223
-1101 226
-1100 238
-1099 246
-1098 240
-1097 252
-1096 243
-1095 249
-1094 236
-1093 234
-1092 179
-1091 242
-1090 255
-1089 226
-1088 268
-1087 247
-1086 254
-1085 252
-1084 239
-1083 257
-1082 278
-1081 254
-1080 228
-1079 259
-1078 221
-1077 227
-1076 223
-1075 247
-1074 262
-1073 287
-1072 234
-1071 240
-1070 242
-1069 277
-1068 266
-1067 245
-1066 238
-1065 279
-1064 254
-1063 261
-1062 243
-1061 273
-1060 238
-1059 280
-1058 268
-1057 235
-1056 234
-1055 243
-1054 241
-1053 271
-1052 244
-1051 283
-1050 254
-1049 284
-1048 267
-1047 266
-1046 238
-1045 269
-1044 227
-1043 221
-1042 284
-1041 262
-1040 278
-1039 252
-1038 244
-1037 267
-1036 255
-1035 252
-1034 271
-1033 247
-1032 273
-1031 264
-1030 266
-1029 276
-1028 272
-1027 263
-1026 278
-1025 263
-1024 278
-1023 273
-1022 248
-1021 261
-1020 291
-1019 278
-1018 262
-1017 270
-1016 256
-1015 260
-1014 232
-1013 259
-1012 286
-1011 283
-1010 305
-1009 248
-1008 294
-1007 267
-1006 283
-1005 313
-1004 299
-1003 296
-1002 277
-1001 269
-1000 265
-999 287
-998 289
-997 298
-996 294
-995 261
-994 285
-993 325
-992 299
-991 286
-990 283
-989 284
-988 304
-987 302
-986 257
-985 301
-984 304
-983 289
-982 313
-981 300
-980 282
-979 289
-978 284
-977 312
-976 290
-975 268
-974 313
-973 316
-972 287
-971 322
-970 305
-969 286
-968 307
-967 309
-966 302
-965 279
-964 294
-963 300
-962 320
-961 298
-960 301
-959 328
-958 290
-957 299
-956 339
-955 321
-954 309
-953 301
-952 302
-951 304
-950 287
-949 324
-948 306
-947 317
-946 340
-945 305
-944 283
-943 296
-942 344
-941 297
-940 292
-939 343
-938 307
-937 344
-936 301
-935 310
-934 324
-933 313
-932 325
-931 314
-930 359
-929 305
-928 333
-927 330
-926 347
-925 330
-924 319
-923 322
-922 354
-921 337
-920 344
-919 343
-918 337
-917 360
-916 326
-915 320
-914 329
-913 333
-912 299
-911 330
-910 334
-909 317
-908 314
-907 309
-906 351
-905 363
-904 354
-903 359
-902 313
-901 266
-900 357
-899 346
-898 300
-897 361
-896 348
-895 288
-894 333
-893 336
-892 322
-891 323
-890 306
-889 315
-888 335
-887 372
-886 336
-885 369
-884 333
-883 355
-882 344
-881 357
-880 346
-879 351
-878 384
-877 340
-876 345
-875 379
-874 333
-873 339
-872 346
-871 361
-870 326
-869 356
-868 345
-867 375
-866 332
-865 340
-864 346
-863 370
-862 397
-861 358
-860 363
-859 340
-858 360
-857 378
-856 372
-855 374
-854 326
-853 381
-852 348
-851 346
-850 392
-849 352
-848 373
-847 368
-846 368
-845 332
-844 385
-843 398
-842 388
-841 358
-840 396
-839 355
-838 382
-837 399
-836 374
-835 378
-834 402
-833 409
-832 390
-831 390
-830 398
-829 397
-828 393
-827 367
-826 380
-825 353
-824 396
-823 402
-822 373
-821 361
-820 382
-819 427
-818 407
-817 393
-816 423
-815 418
-814 386
-813 417
-812 383
-811 412
-810 398
-809 424
-808 405
-807 416
-806 390
-805 401
-804 405
-803 384
-802 420
-801 415
-800 443
-799 424
-798 382
-797 422
-796 390
-795 409
-794 441
-793 383
-792 485
-791 419
-790 424
-789 427
-788 383
-787 413
-786 429
-785 405
-784 397
-783 446
-782 452
-781 436
-780 438
-779 419
-778 430
-777 415
-776 423
-775 427
-774 404
-773 440
-772 404
-771 459
-770 406
-769 421
-768 413
-767 425
-766 439
-765 448
-764 508
-763 427
-762 472
-761 398
-760 434
-759 413
-758 460
-757 429
-756 436
-755 417
-754 436
-753 415
-752 431
-751 462
-750 459
-749 453
-748 437
-747 430
-746 467
-745 415
-744 503
-743 453
-742 455
-741 497
-740 489
-739 464
-738 472
-737 438
-736 457
-735 462
-734 508
-733 455
-732 468
-731 516
-730 532
-729 496
-728 460
-727 485
-726 491
-725 506
-724 486
-723 523
-722 481
-721 517
-720 466
-719 464
-718 507
-717 509
-716 480
-715 481
-714 471
-713 533
-712 517
-711 495
-710 497
-709 470
-708 478
-707 505
-706 483
-705 512
-704 503
-703 564
-702 516
-701 503
-700 510
-699 500
-698 505
-697 514
-696 526
-695 500
-694 528
-693 519
-692 498
-691 494
-690 530
-689 538
-688 542
-687 574
-686 544
-685 560
-684 499
-683 533
-682 519
-681 568
-680 538
-679 572
-678 509
-677 534
-676 525
-675 534
-674 540
-673 578
-672 532
-671 580
-670 571
-669 550
-668 597
-667 567
-666 525
-665 581
-664 545
-663 563
-662 556
-661 578
-660 566
-659 605
-658 614
-657 551
-656 551
-655 531
-654 587
-653 577
-652 592
-651 597
-650 572
-649 590
-648 560
-647 566
-646 561
-645 558
-644 543
-643 542
-642 562
-641 612
-640 561
-639 595
-638 600
-637 613
-636 581
-635 591
-634 601
-633 626
-632 594
-631 607
-630 622
-629 579
-628 574
-627 600
-626 654
-625 600
-624 629
-623 604
-622 605
-621 634
-620 632
-619 673
-618 654
-617 599
-616 669
-615 636
-614 644
-613 667
-612 618
-611 655
-610 629
-609 646
-608 626
-607 619
-606 634
-605 655
-604 683
-603 614
-602 660
-601 630
-600 629
-599 673
-598 662
-597 698
-596 672
-595 745
-594 665
-593 679
-592 653
-591 677
-590 677
-589 716
-588 719
-587 646
-586 727
-585 737
-584 672
-583 701
-582 690
-581 689
-580 697
-579 698
-578 692
-577 722
-576 672
-575 677
-574 682
-573 700
-572 666
-571 698
-570 665
-569 678
-568 744
-567 768
-566 669
-565 709
-564 709
-563 725
-562 788
-561 714
-560 697
-559 733
-558 696
-557 731
-556 698
-555 709
-554 710
-553 737
-552 795
-551 769
-550 720
-549 737
-548 705
-547 781
-546 823
-545 724
-544 792
-543 778
-542 786
-541 733
-540 802
-539 754
-538 800
-537 759
-536 796
-535 823
-534 755
-533 730
-532 834
-531 804
-530 764
-529 747
-528 821
-527 817
-526 821
-525 827
-524 775
-523 808
-522 830
-521 844
-520 791
-519 821
-518 831
-517 790
-516 852
-515 811
-514 846
-513 848
-512 864
-511 866
-510 865
-509 818
-508 890
-507 816
-506 897
-505 872
-504 884
-503 877
-502 909
-501 872
-500 916
-499 906
-498 861
-497 897
-496 884
-495 916
-494 924
-493 876
-492 904
-491 856
-490 918
-489 870
-488 905
-487 930
-486 903
-485 924
-484 873
-483 914
-482 872
-481 949
-480 969
-479 927
-478 899
-477 901
-476 953
-475 945
-474 933
-473 942
-472 981
-471 927
-470 882
-469 942
-468 992
-467 978
-466 969
-465 993
-464 935
-463 996
-462 1003
-461 976
-460 987
-459 937
-458 985
-457 1002
-456 1025
-455 1075
-454 965
-453 1014
-452 1026
-451 1019
-450 1008
-449 1085
-448 1050
-447 1039
-446 989
-445 1030
-444 1060
-443 1042
-442 1121
-441 1052
-440 1079
-439 1079
-438 1010
-437 1104
-436 1154
-435 1062
-434 1140
-433 1095
-432 1173
-431 1160
-430 1075
-429 1170
-428 1117
-427 1108
-426 1123
-425 1131
-424 1108
-423 1136
-422 1132
-421 1156
-420 1142
-419 1200
-418 1146
-417 1191
-416 1230
-415 1211
-414 1158
-413 1170
-412 1213
-411 1197
-410 1256
-409 1242
-408 1239
-407 1194
-406 1154
-405 1273
-404 1188
-403 1237
-402 1240
-401 1295
-400 1303
-399 1232
-398 1384
-397 1294
-396 1291
-395 1269
-394 1297
-393 1355
-392 1297
-391 1368
-390 1315
-389 1278
-388 1277
-387 1335
-386 1313
-385 1335
-384 1364
-383 1358
-382 1335
-381 1275
-380 1373
-379 1395
-378 1363
-377 1386
-376 1343
-375 1421
-374 1477
-373 1426
-372 1415
-371 1447
-370 1428
-369 1402
-368 1452
-367 1466
-366 1481
-365 1429
-364 1460
-363 1455
-362 1418
-361 1442
-360 1509
-359 1465
-358 1475
-357 1516
-356 1514
-355 1584
-354 1605
-353 1513
-352 1556
-351 1515
-350 1544
-349 1604
-348 1590
-347 1569
-346 1595
-345 1629
-344 1616
-343 1557
-342 1596
-341 1602
-340 1728
-339 1690
-338 1650
-337 1699
-336 1729
-335 1699
-334 1728
-333 1692
-332 1719
-331 1739
-330 1731
-329 1760
-328 1741
-327 1730
-326 1781
-325 1740
-324 1735
-323 1766
-322 1843
-321 1870
-320 1776
-319 1789
-318 1883
-317 1863
-316 1835
-315 1873
-314 1879
-313 1911
-312 1879
-311 1881
-310 1901
-309 1912
-308 1990
-307 1960
-306 1982
-305 1945
-304 2046
-303 1932
-302 2004
-301 1988
-300 1938
-299 2030
-298 2025
-297 2056
-296 2111
-295 2107
-294 2057
-293 2131
-292 2137
-291 2103
-290 2134
-289 2101
-288 2108
-287 2212
-286 2204
-285 2144
-284 2160
-283 2220
-282 2316
-281 2283
-280 2332
-279 2279
-278 2256
-277 2251
-276 2325
-275 2316
-274 2315
-273 2294
-272 2375
-271 2316
-270 2450
-269 2451
-268 2450
-267 2462
-266 2481
-265 2405
-264 2547
-263 2545
-262 2548
-261 2518
-260 2568
-259 2547
-258 2601
-257 2535
-256 2708
-255 2699
-254 2660
-253 2488
-252 2761
-251 2660
-250 2640
-249 2741
-248 2754
-247 2677
-246 2828
-245 2780
-244 2934
-243 2776
-242 2899
-241 2872
-240 2902
-239 2892
-238 2893
-237 2994
-236 2998
-235 3084
-234 2954
-233 3103
-232 3076
-231 3046
-230 3017
-229 3247
-228 3209
-227 3135
-226 3272
-225 3243
-224 3203
-223 3250
-222 3481
-221 3367
-220 3379
-219 3488
-218 3459
-217 3381
-216 3497
-215 3511
-214 3568
-213 3550
-212 3607
-211 3715
-210 3612
-209 3542
-208 3718
-207 3746
-206 3816
-205 3729
-204 3816
-203 3787
-202 3894
-201 4037
-200 3826
-199 3944
-198 3930
-197 4084
-196 4070
-195 4042
-194 4222
-193 4154
-192 4316
-191 4126
-190 4341
-189 4286
-188 4357
-187 4424
-186 4471
-185 4497
-184 4374
-183 4524
-182 4602
-181 4703
-180 4701
-179 4776
-178 4745
-177 4775
-176 4958
-175 4918
-174 4979
-173 5037
-172 5060
-171 5183
-170 5084
-169 5261
-168 5304
-167 5238
-166 5415
-165 5431
-164 5650
-163 5615
-162 5541
-161 5697
-160 5683
-159 5898
-158 5772
-157 5865
-156 5987
-155 6136
-154 6076
-153 6166
-152 6245
-151 6285
-150 6369
-149 6433
-148 6588
-147 6535
-146 6734
-145 6702
-144 6865
-143 6947
-142 6831
-141 7146
-140 7109
-139 7249
-138 7310
-137 7529
-136 7476
-135 7646
-134 7656
-133 7846
-132 7915
-131 7985
-130 8043
-129 8186
-128 8258
-127 8505
-126 8434
-125 8525
-124 8728
-123 9058
-122 8944
-121 9044
-120 9565
-119 9299
-118 9600
-117 9590
-116 9766
-115 9966
-114 10117
-113 10236
-112 10454
-111 10679
-110 10668
-109 10772
-108 11311
-107 11149
-106 11430
-105 11650
-104 11881
-103 12047
-102 12089
-101 12205
-100 12698
-99 13023
-98 13150
-97 13250
-96 13280
-95 13596
-94 14233
-93 14156
-92 14545
-91 14782
-90 15102
-89 15434
-88 15602
-87 15748
-86 15983
-85 16543
-84 16794
-83 17184
-82 17368
-81 17764
-80 18333
-79 18703
-78 18939
-77 19186
-76 19774
-75 20044
-74 20839
-73 21358
-72 21667
-71 22340
-70 22718
-69 23182
-68 23836
-67 24517
-66 24762
-65 26185
-64 26330
-63 27811
-62 27686
-61 28808
-60 29381
-59 30427
-58 31217
-57 32200
-56 33015
-55 34220
-54 34976
-53 36255
-52 37236
-51 38548
-50 39762
-49 41615
-48 42872
-47 44376
-46 46001
-45 47475
-44 49780
-43 51485
-42 53465
-41 55512
-40 57886
-39 60730
-38 63394
-37 65824
-36 68424
-35 71675
-34 75753
-33 79535
-32 83741
-31 88206
-30 92966
-29 98324
-28 104392
-27 110228
-26 117414
-25 125166
-24 133484
-23 142545
-22 154050
-21 166070
-20 180428
-19 195981
-18 211391
-17 232702
-16 256745
-15 284201
-14 316657
-13 354941
-12 403327
-11 460905
-10 534296
-9 629585
-8 751914
-7 918974
-6 1157213
-5 1508655
-4 2078470
-3 3085334
-2 5328497
-1 14326413
0 132775276
1 767636565
2 134590172
3 12925888
4 5066705
5 3019203
6 2045079
7 1492476
8 1146347
9 914627
10 747392
11 626376
12 532537
13 459882
14 401373
15 354065
16 315245
17 283419
18 255922
19 232203
20 212067
21 194697
22 179881
23 165765
24 153416
25 143359
26 133010
27 124381
28 117587
29 109627
30 103581
31 97993
32 93572
33 88057
34 83545
35 79609
36 75843
37 72037
38 68783
39 65673
40 63032
41 60297
42 57606
43 55543
44 53526
45 51370
46 49250
47 47455
48 45820
49 44808
50 43240
51 41311
52 39754
53 38459
54 36816
55 36096
56 35094
57 34415
58 32798
59 32190
60 30949
61 30184
62 29521
63 28529
64 27969
65 27227
66 26575
67 25918
68 24895
69 24507
70 24041
71 23304
72 22922
73 22099
74 21647
75 21194
76 20874
77 20421
78 19769
79 19276
80 19290
81 18332
82 18282
83 17865
84 17485
85 17404
86 16556
87 16716
88 16029
89 15874
90 15459
91 15227
92 14714
93 14863
94 14556
95 14067
96 14118
97 13755
98 13613
99 13449
100 13076
101 12716
102 12644
103 12549
104 12069
105 11980
106 11846
107 11709
108 11286
109 11251
110 10995
111 11025
112 10596
113 10646
114 10474
115 10231
116 10018
117 9867
118 9740
119 9634
120 9651
121 9314
122 9246
123 9073
124 9096
125 8775
126 8661
127 8710
128 8337
129 8380
130 8206
131 8192
132 8249
133 8096
134 7828
135 7766
136 7592
137 7613
138 7394
139 7336
140 7403
141 7112
142 7184
143 7088
144 6939
145 6913
146 6804
147 6784
148 6696
149 6532
150 6560
151 6384
152 6397
153 6304
154 6231
155 6120
156 6215
157 5998
158 5839
159 6002
160 5934
161 5796
162 5728
163 5589
164 5602
165 5570
166 5477
167 5363
168 5442
169 5377
170 5301
171 5239
172 5135
173 5007
174 5250
175 5093
176 4951
177 4908
178 4914
179 4849
180 4751
181 4603
182 4668
183 4631
184 4546
185 4756
186 4496
187 4555
188 4428
189 4468
190 4448
191 4380
192 4323
193 4230
194 4265
195 4220
196 4223
197 4047
198 4072
199 4107
200 3985
201 3931
202 4012
203 3901
204 3878
205 3818
206 3882
207 3706
208 3812
209 3730
210 3632
211 3600
212 3668
213 3669
214 3652
215 3514
216 3536
217 3526
218 3492
219 3441
220 3385
221 3482
222 3464
223 3282
224 3331
225 3223
226 3292
227 3200
228 3211
229 3259
230 3112
231 3029
232 3175
233 3113
234 3016
235 3027
236 3028
237 3051
238 3058
239 2944
240 2892
241 2923
242 2912
243 2886
244 2843
245 2801
246 2812
247 2838
248 2784
249 2819
250 2850
251 2665
252 2780
253 2665
254 2617
255 2535
256 2562
257 2691
258 2591
259 2546
260 2566
261 2639
262 2549
263 2541
264 2547
265 2492
266 2473
267 2470
268 2383
269 2401
270 2508
271 2422
272 2409
273 2410
274 2448
275 2345
276 2312
277 2338
278 2245
279 2303
280 2252
281 2267
282 2267
283 2272
284 2263
285 2185
286 2207
287 2219
288 2189
289 2173
290 2166
291 2074
292 2100
293 2177
294 2124
295 2124
296 2130
297 2003
298 2066
299 1970
300 2004
301 2027
302 2074
303 2076
304 2045
305 1933
306 1933
307 1968
308 1975
309 1980
310 2053
311 1889
312 1863
313 1907
314 1866
315 1877
316 1883
317 1827
318 1883
319 1860
320 1832
321 1888
322 1811
323 1811
324 1850
325 1766
326 1721
327 1723
328 1746
329 1771
330 1771
331 1756
332 1796
333 1666
334 1736
335 1698
336 1658
337 1627
338 1745
339 1732
340 1670
341 1616
342 1674
343 1644
344 1648
345 1597
346 1616
347 1547
348 1610
349 1608
350 1540
351 1550
352 1677
353 1598
354 1565
355 1529
356 1519
357 1524
358 1549
359 1580
360 1495
361 1468
362 1496
363 1473
364 1495
365 1404
366 1402
367 1489
368 1393
369 1505
370 1497
371 1447
372 1420
373 1369
374 1401
375 1435
376 1405
377 1431
378 1320
379 1420
380 1373
381 1353
382 1359
383 1335
384 1311
385 1315
386 1351
387 1302
388 1292
389 1373
390 1319
391 1279
392 1341
393 1354
394 1306
395 1304
396 1300
397 1281
398 1291
399 1280
400 1277
401 1264
402 1240
403 1214
404 1240
405 1245
406 1201
407 1204
408 1244
409 1226
410 1218
411 1199
412 1249
413 1141
414 1219
415 1168
416 1192
417 1195
418 1152
419 1203
420 1127
421 1131
422 1128
423 1199
424 1171
425 1234
426 1173
427 1180
428 1151
429 1104
430 1169
431 1144
432 1074
433 1113
434 1109
435 1043
436 1063
437 1070
438 1157
439 1088
440 1063
441 1130
442 1063
443 1049
444 1093
445 1078
446 1043
447 1020
448 1051
449 1078
450 1068
451 1052
452 1023
453 1054
454 987
455 1029
456 1023
457 1026
458 1038
459 997
460 999
461 1028
462 970
463 986
464 978
465 978
466 959
467 992
468 996
469 1037
470 914
471 897
472 980
473 956
474 951
475 900
476 935
477 973
478 913
479 957
480 947
481 986
482 1030
483 919
484 894
485 940
486 914
487 924
488 936
489 865
490 902
491 886
492 928
493 862
494 873
495 885
496 901
497 873
498 862
499 904
500 924
501 851
502 866
503 870
504 933
505 881
506 883
507 905
508 846
509 831
510 874
511 899
512 890
513 813
514 856
515 853
516 862
517 854
518 836
519 843
520 849
521 845
522 785
523 799
524 840
525 855
526 803
527 813
528 836
529 854
530 788
531 798
532 765
533 774
534 773
535 855
536 731
537 735
538 776
539 863
540 827
541 788
542 779
543 760
544 723
545 773
546 712
547 797
548 777
549 748
550 735
551 764
552 704
553 766
554 747
555 740
556 758
557 757
558 694
559 718
560 758
561 744
562 745
563 760
564 748
565 692
566 674
567 686
568 688
569 719
570 719
571 709
572 705
573 700
574 683
575 678
576 736
577 711
578 714
579 731
580 663
581 714
582 747
583 659
584 707
585 697
586 687
587 700
588 698
589 698
590 688
591 649
592 653
593 684
594 678
595 687
596 701
597 643
598 720
599 642
600 616
601 652
602 628
603 645
604 641
605 656
606 622
607 623
608 641
609 647
610 651
611 643
612 667
613 583
614 630
615 618
616 627
617 601
618 640
619 612
620 648
621 666
622 603
623 581
624 626
625 606
626 559
627 621
628 600
629 608
630 596
631 568
632 618
633 584
634 625
635 598
636 578
637 657
638 596
639 586
640 562
641 623
642 580
643 588
644 573
645 579
646 579
647 582
648 567
649 588
650 597
651 603
652 551
653 614
654 550
655 558
656 589
657 536
658 542
659 564
660 615
661 596
662 583
663 556
664 586
665 569
666 523
667 547
668 533
669 595
670 513
671 588
672 536
673 525
674 492
675 553
676 531
677 515
678 484
679 512
680 555
681 536
682 524
683 604
684 504
685 524
686 520
687 499
688 521
689 525
690 521
691 551
692 533
693 496
694 534
695 511
696 525
697 539
698 513
699 496
700 490
701 476
702 517
703 580
704 509
705 524
706 497
707 479
708 554
709 503
710 533
711 520
712 519
713 510
714 529
715 502
716 465
717 488
718 496
719 504
720 494
721 495
722 488
723 478
724 503
725 444
726 463
727 491
728 469
729 458
730 473
731 506
732 469
733 468
734 503
735 474
736 429
737 468
738 474
739 449
740 488
741 499
742 473
743 466
744 440
745 453
746 439
747 481
748 484
749 471
750 458
751 467
752 464
753 463
754 435
755 494
756 402
757 432
758 448
759 434
760 435
761 440
762 476
763 463
764 435
765 472
766 415
767 431
768 468
769 453
770 441
771 466
772 438
773 441
774 416
775 413
776 435
777 427
778 389
779 404
780 430
781 472
782 400
783 436
784 400
785 421
786 427
787 427
788 445
789 422
790 441
791 430
792 429
793 434
794 416
795 453
796 431
797 416
798 434
799 423
800 413
801 439
802 415
803 423
804 423
805 371
806 398
807 408
808 423
809 370
810 423
811 409
812 375
813 425
814 388
815 431
816 393
817 401
818 375
819 402
820 384
821 433
822 370
823 384
824 409
825 418
826 376
827 389
828 389
829 386
830 399
831 363
832 368
833 375
834 362
835 363
836 370
837 395
838 373
839 393
840 427
841 387
842 391
843 339
844 344
845 366
846 365
847 375
848 375
849 357
850 408
851 347
852 357
853 371
854 362
855 360
856 359
857 386
858 337
859 326
860 424
861 353
862 357
863 366
864 368
865 380
866 375
867 348
868 337
869 376
870 349
871 407
872 367
873 312
874 362
875 332
876 349
877 368
878 342
879 351
880 354
881 360
882 298
883 367
884 358
885 370
886 390
887 355
888 339
889 346
890 327
891 333
892 309
893 306
894 352
895 333
896 328
897 345
898 347
899 329
900 336
901 292
902 327
903 330
904 338
905 337
906 359
907 321
908 355
909 323
910 321
911 348
912 320
913 299
914 316
915 311
916 311
917 335
918 333
919 341
920 337
921 323
922 356
923 308
924 345
925 330
926 324
927 322
928 300
929 345
930 304
931 320
932 303
933 322
934 338
935 320
936 293
937 315
938 309
939 289
940 357
941 318
942 289
943 330
944 297
945 307
946 289
947 301
948 311
949 296
950 319
951 312
952 307
953 279
954 270
955 336
956 335
957 340
958 320
959 296
960 311
961 311
962 294
963 330
964 296
965 344
966 300
967 279
968 293
969 318
970 336
971 267
972 299
973 298
974 311
975 285
976 300
977 282
978 312
979 280
980 314
981 315
982 274
983 317
984 292
985 299
986 317
987 316
988 281
989 288
990 313
991 283
992 287
993 277
994 296
995 282
996 268
997 274
998 307
999 303
1000 265
1001 278
1002 313
1003 290
1004 269
1005 264
1006 285
1007 291
1008 312
1009 266
1010 290
1011 282
1012 286
1013 265
1014 252
1015 251
1016 263
1017 264
1018 283
1019 264
1020 295
1021 286
1022 289
1023 238
1024 283
1025 264
1026 257
1027 287
1028 284
1029 269
1030 240
1031 289
1032 250
1033 265
1034 246
1035 253
1036 280
1037 245
1038 265
1039 271
1040 263
1041 279
1042 280
1043 241
1044 259
1045 287
1046 266
1047 248
1048 264
1049 262
1050 258
1051 263
1052 252
1053 240
1054 261
1055 277
1056 250
1057 282
1058 233
1059 227
1060 258
1061 257
1062 266
1063 255
1064 235
1065 245
1066 244
1067 287
1068 264
1069 233
1070 287
1071 245
1072 252
1073 258
1074 262
1075 273
1076 225
1077 266
1078 237
1079 239
1080 232
1081 245
1082 254
1083 236
1084 256
1085 231
1086 246
1087 253
1088 246
1089 241
1090 251
1091 224
1092 223
1093 260
1094 229
1095 230
1096 235
1097 230
1098 218
1099 210
1100 227
1101 230
1102 236
1103 240
1104 242
1105 238
1106 246
1107 237
1108 225
1109 230
1110 246
1111 230
1112 222
1113 228
1114 232
1115 229
1116 236
1117 233
1118 254
1119 233
1120 231
1121 248
1122 228
1123 234
1124 272
1125 247
1126 242
1127 230
1128 225
1129 207
1130 231
1131 252
1132 242
1133 219
1134 226
1135 215
1136 255
1137 223
1138 212
1139 211
1140 210
1141 222
1142 230
1143 198
1144 222
1145 236
1146 231
1147 216
1148 216
1149 225
1150 217
1151 192
1152 221
1153 238
1154 198
1155 251
1156 217
1157 202
1158 200
1159 225
1160 226
1161 223
1162 215
1163 217
1164 218
1165 221
1166 221
1167 227
1168 234
1169 211
1170 224
1171 210
1172 212
1173 194
1174 222
1175 217
1176 232
1177 214
1178 224
1179 202
1180 204
1181 226
1182 216
1183 192
1184 221
1185 197
1186 209
1187 185
1188 213
1189 222
1190 205
1191 212
1192 230
1193 218
1194 204
1195 191
1196 197
1197 219
1198 206
1199 193
1200 186
1201 209
1202 214
1203 195
1204 203
1205 186
1206 196
1207 203
1208 199
1209 227
1210 185
1211 176
1212 214
1213 205
1214 207
1215 214
1216 186
1217 196
1218 233
1219 198
1220 221
1221 195
1222 212
1223 202
1224 198
1225 211
1226 218
1227 200
1228 191
1229 187
1230 191
1231 186
1232 202
1233 180
1234 202
1235 210
1236 194
1237 199
1238 212
1239 171
1240 189
1241 223
1242 208
1243 219
1244 185
1245 192
1246 179
1247 174
1248 189
1249 188
1250 209
1251 181
1252 182
1253 217
1254 168
1255 209
1256 199
1257 202
1258 189
1259 191
1260 201
1261 204
1262 169
1263 197
1264 185
1265 190
1266 202
1267 206
1268 189
1269 171
1270 190
1271 203
1272 196
1273 198
1274 192
1275 170
1276 178
1277 173
1278 173
1279 191
1280 187
1281 174
1282 176
1283 182
1284 176
1285 186
1286 211
1287 200
1288 180
1289 203
1290 181
1291 191
1292 169
1293 163
1294 153
1295 171
1296 168
1297 173
1298 190
1299 175
1300 156
1301 171
1302 202
1303 178
1304 165
1305 186
1306 187
1307 172
1308 166
1309 206
1310 167
1311 187
1312 156
1313 170
1314 142
1315 166
1316 170
1317 160
1318 168
1319 170
1320 185
1321 189
1322 176
1323 179
1324 180
1325 157
1326 172
1327 176
1328 159
1329 163
1330 173
1331 169
1332 175
1333 170
1334 156
1335 165
1336 156
1337 166
1338 165
1339 182
1340 157
1341 165
1342 174
1343 156
1344 156
1345 187
1346 161
1347 169
1348 144
1349 186
1350 155
1351 177
1352 183
1353 161
1354 151
1355 161
1356 165
1357 150
1358 169
1359 171
1360 148
1361 153
1362 168
1363 165
1364 173
1365 168
1366 170
1367 176
1368 137
1369 172
1370 178
1371 165
1372 154
1373 168
1374 178
1375 165
1376 171
1377 147
1378 168
1379 148
1380 165
1381 153
1382 174
1383 147
1384 160
1385 185
1386 169
1387 150
1388 146
1389 151
1390 159
1391 156
1392 168
1393 170
1394 176
1395 164
1396 157
1397 164
1398 160
1399 184
1400 145
1401 176
1402 145
1403 128
1404 146
1405 150
1406 124
1407 162
1408 155
1409 159
1410 152
1411 151
1412 139
1413 160
1414 143
1415 163
1416 158
1417 137
1418 154
1419 176
1420 139
1421 166
1422 160
1423 149
1424 155
1425 166
1426 141
1427 159
1428 156
1429 139
1430 167
1431 134
1432 160
1433 157
1434 161
1435 152
1436 160
1437 163
1438 142
1439 140
1440 152
1441 149
1442 144
1443 140
1444 170
1445 133
1446 147
1447 165
1448 136
1449 162
1450 147
1451 132
1452 142
1453 177
1454 152
1455 154
1456 141
1457 149
1458 142
1459 147
1460 148
1461 160
1462 140
1463 134
1464 151
1465 141
1466 131
1467 147
1468 152
1469 152
1470 166
1471 165
1472 129
1473 144
1474 141
1475 165
1476 143
1477 137
1478 140
1479 125
1480 138
1481 139
1482 137
1483 126
1484 130
1485 148
1486 142
1487 140
1488 124
1489 153
1490 146
1491 131
1492 152
1493 137
1494 150
1495 127
1496 136
1497 164
1498 145
1499 140
1500 136
1501 148
1502 124
1503 155
1504 143
1505 147
1506 149
1507 133
1508 130
1509 134
1510 134
1511 135
1512 136
1513 123
1514 124
1515 148
1516 126
1517 144
1518 140
1519 152
1520 127
1521 143
1522 147
1523 139
1524 157
1525 144
1526 146
1527 147
1528 146
1529 137
1530 126
1531 103
1532 143
1533 128
1534 137
1535 124
1536 144
1537 135
1538 127
1539 139
1540 138
1541 132
1542 133
1543 130
1544 146
1545 108
1546 145
1547 132
1548 111
1549 136
1550 132
1551 147
1552 124
1553 144
1554 153
1555 152
1556 159
1557 124
1558 110
1559 125
1560 128
1561 144
1562 134
1563 118
1564 152
1565 130
1566 115
1567 142
1568 128
1569 140
1570 128
1571 141
1572 122
1573 126
1574 128
1575 130
1576 136
1577 143
1578 134
1579 119
1580 133
1581 125
1582 121
1583 140
1584 114
1585 121
1586 142
1587 136
1588 115
1589 123
1590 150
1591 127
1592 125
1593 126
1594 132
1595 121
1596 116
1597 117
1598 139
1599 115
1600 125
1601 113
1602 126
1603 122
1604 120
1605 138
1606 112
1607 133
1608 116
1609 124
1610 126
1611 131
1612 113
1613 124
1614 131
1615 133
1616 134
1617 143
1618 110
1619 112
1620 112
1621 111
1622 131
1623 122
1624 119
1625 122
1626 130
1627 130
1628 136
1629 114
1630 128
1631 109
1632 114
1633 127
1634 109
1635 112
1636 122
1637 98
1638 103
1639 112
1640 109
1641 126
1642 120
1643 121
1644 113
1645 117
1646 122
1647 103
1648 112
1649 122
1650 119
1651 123
1652 128
1653 112
1654 114
1655 127
1656 111
1657 116
1658 127
1659 107
1660 106
1661 128
1662 119
1663 129
1664 119
1665 112
1666 127
1667 106
1668 111
1669 112
1670 100
1671 95
1672 125
1673 125
1674 110
1675 121
1676 117
1677 109
1678 123
1679 110
1680 104
1681 116
1682 113
1683 105
1684 102
1685 105
1686 118
1687 119
1688 124
1689 115
1690 110
1691 113
1692 101
1693 121
1694 104
1695 100
1696 109
1697 107
1698 124
1699 98
1700 112
1701 100
1702 108
1703 117
1704 116
1705 101
1706 116
1707 117
1708 99
1709 101
1710 99
1711 101
1712 124
1713 121
1714 101
1715 109
1716 112
1717 129
1718 106
1719 108
1720 117
1721 106
1722 104
1723 112
1724 109
1725 107
1726 101
1727 110
1728 113
1729 115
1730 108
1731 105
1732 128
1733 119
1734 130
1735 109
1736 118
1737 95
1738 107
1739 100
1740 105
1741 99
1742 100
1743 95
1744 100
1745 124
1746 119
1747 112
1748 92
1749 104
1750 114
1751 117
1752 112
1753 112
1754 99
1755 123
1756 101
1757 117
1758 108
1759 106
1760 115
1761 89
1762 99
1763 103
1764 117
1765 116
1766 100
1767 95
1768 92
1769 97
1770 118
1771 108
1772 103
1773 108
1774 109
1775 110
1776 97
1777 111
1778 110
1779 106
1780 80
1781 98
1782 94
1783 94
1784 94
1785 114
1786 110
1787 104
1788 100
1789 91
1790 111
1791 103
1792 96
1793 102
1794 82
1795 119
1796 89
1797 80
1798 126
1799 102
1800 106
1801 98
1802 115
1803 81
1804 96
1805 103
1806 107
1807 94
1808 98
1809 105
1810 108
1811 100
1812 103
1813 95
1814 103
1815 104
1816 99
1817 93
1818 108
1819 96
1820 102
1821 98
1822 96
1823 105
1824 97
1825 88
1826 78
1827 126
1828 91
1829 101
1830 90
1831 83
1832 113
1833 104
1834 102
1835 93
1836 90
1837 116
1838 72
1839 101
1840 110
1841 101
1842 106
1843 99
1844 106
1845 103
1846 71
1847 90
1848 94
1849 95
1850 92
1851 100
1852 96
1853 89
1854 83
1855 100
1856 99
1857 90
1858 75
1859 110
1860 106
1861 105
1862 94
1863 118
1864 94
1865 73
1866 94
1867 104
1868 107
1869 83
1870 93
1871 107
1872 108
1873 105
1874 94
1875 106
1876 89
1877 88
1878 99
1879 110
1880 87
1881 82
1882 82
1883 90
1884 84
1885 83
1886 91
1887 103
1888 85
1889 103
1890 89
1891 89
1892 97
1893 106
1894 102
1895 83
1896 111
1897 89
1898 113
1899 103
1900 77
1901 94
1902 86
1903 78
1904 95
1905 95
1906 76
1907 106
1908 105
1909 82
1910 95
1911 84
1912 94
1913 101
1914 94
1915 84
1916 89
1917 92
1918 66
1919 94
1920 83
1921 76
1922 95
1923 74
1924 82
1925 93
1926 84
1927 99
1928 91
1929 77
1930 97
1931 89
1932 103
1933 87
1934 98
1935 89
1936 107
1937 95
1938 92
1939 74
1940 81
1941 66
1942 91
1943 94
1944 82
1945 96
1946 88
1947 98
1948 67
1949 105
1950 86
1951 85
1952 83
1953 106
1954 96
1955 102
1956 82
1957 80
1958 80
1959 92
1960 88
1961 104
1962 86
1963 73
1964 69
1965 85
1966 107
1967 95
1968 87
1969 90
1970 91
1971 68
1972 89
1973 85
1974 87
1975 92
1976 91
1977 73
1978 85
1979 91
1980 98
1981 86
1982 81
1983 92
1984 77
1985 87
1986 89
1987 89
1988 78
1989 85
1990 74
1991 75
1992 80
1993 89
1994 74
1995 93
1996 70
1997 80
1998 61
1999 91
2000 77
2001 86
2002 82
2003 90
2004 71
2005 85
2006 59
2007 76
2008 82
2009 77
2010 69
2011 79
2012 97
2013 74
2014 78
2015 82
2016 90
2017 83
2018 74
2019 90
2020 73
2021 76
2022 71
2023 89
2024 92
2025 69
2026 75
2027 79
2028 65
2029 83
2030 96
2031 76
2032 97
2033 77
2034 76
2035 90
2036 77
2037 83
2038 82
2039 77
2040 71
2041 89
2042 70
2043 72
2044 76
2045 65
2046 78
2047 88
2048 78
2049 63
2050 69
2051 86
2052 73
2053 71
2054 85
2055 63
2056 96
2057 78
2058 84
2059 89
2060 79
2061 89
2062 85
2063 87
2064 78
2065 89
2066 65
2067 73
2068 78
2069 79
2070 70
2071 74
2072 74
2073 77
2074 70
2075 76
2076 65
2077 84
2078 82
2079 77
2080 61
2081 86
2082 62
2083 57
2084 69
2085 74
2086 74
2087 85
2088 79
2089 66
2090 69
2091 84
2092 63
2093 91
2094 76
2095 59
2096 90
2097 76
2098 76
2099 65
2100 53
2101 75
2102 65
2103 75
2104 70
2105 74
2106 68
2107 78
2108 71
2109 81
2110 78
2111 73
2112 78
2113 76
2114 63
2115 62
2116 91
2117 79
2118 71
2119 63
2120 55
2121 79
2122 69
2123 68
2124 93
2125 67
2126 77
2127 66
2128 80
2129 77
2130 72
2131 62
2132 70
2133 63
2134 70
2135 70
2136 74
2137 78
2138 79
2139 71
2140 69
2141 63
2142 48
2143 83
2144 65
2145 54
2146 84
2147 71
2148 62
2149 83
2150 73
2151 45
2152 62
2153 77
2154 69
2155 64
2156 60
2157 71
2158 69
2159 71
2160 56
2161 59
2162 48
2163 69
2164 67
2165 55
2166 54
2167 83
2168 65
2169 49
2170 49
2171 62
2172 60
2173 52
2174 66
2175 60
2176 71
2177 80
2178 67
2179 58
2180 53
2181 64
2182 63
2183 57
2184 60
2185 68
2186 66
2187 66
2188 60
2189 64
2190 64
2191 62
2192 59
2193 61
2194 54
2195 74
2196 78
2197 63
2198 64
2199 57
2200 72
2201 65
2202 62
2203 68
2204 69
2205 59
2206 53
2207 62
2208 67
2209 43
2210 51
2211 56
2212 63
2213 57
2214 61
2215 63
2216 56
2217 66
2218 63
2219 66
2220 53
2221 61
2222 63
2223 64
2224 65
2225 56
2226 61
2227 70
2228 60
2229 67
2230 58
2231 63
2232 60
2233 60
2234 58
2235 61
2236 43
2237 65
2238 56
2239 56
2240 50
2241 62
2242 48
2243 61
2244 57
2245 57
2246 69
2247 67
2248 56
2249 59
2250 64
2251 58
2252 63
2253 63
2254 50
2255 62
2256 71
2257 43
2258 52
2259 68
2260 62
2261 51
2262 54
2263 46
2264 57
2265 72
2266 44
2267 60
2268 54
2269 55
2270 70
2271 48
2272 56
2273 55
2274 57
2275 58
2276 61
2277 59
2278 53
2279 47
2280 61
2281 46
2282 59
2283 57
2284 43
2285 51
2286 42
2287 42
2288 65
2289 50
2290 46
2291 58
2292 47
2293 50
2294 56
2295 44
2296 47
2297 50
2298 47
2299 48
2300 57
2301 43
2302 39
2303 29
2304 54
2305 60
2306 41
2307 45
2308 55
2309 46
2310 43
2311 49
2312 50
2313 62
2314 50
2315 42
2316 58
2317 44
2318 45
2319 46
2320 51
2321 35
2322 46
2323 48
2324 46
2325 48
2326 48
2327 42
2328 51
2329 49
2330 43
2331 46
2332 56
2333 52
2334 46
2335 49
2336 50
2337 46
2338 49
2339 60
2340 57
2341 51
2342 34
2343 45
2344 50
2345 43
2346 41
2347 43
2348 44
2349 50
2350 42
2351 45
2352 49
2353 35
2354 42
2355 43
2356 49
2357 40
2358 41
2359 47
2360 34
2361 46
2362 44
2363 47
2364 38
2365 52
2366 38
2367 41
2368 45
2369 37
2370 35
2371 42
2372 45
2373 38
2374 50
2375 31
2376 39
2377 41
2378 41
2379 28
2380 36
2381 40
2382 40
2383 45
2384 35
2385 42
2386 38
2387 31
2388 40
2389 34
2390 44
2391 36
2392 40
2393 32
2394 38
2395 36
2396 39
2397 39
2398 47
2399 39
2400 40
2401 24
2402 38
2403 32
2404 28
2405 26
2406 57
2407 38
2408 40
2409 38
2410 27
2411 35
2412 37
2413 30
2414 33
2415 43
2416 22
2417 42
2418 26
2419 30
2420 31
2421 38
2422 28
2423 24
2424 37
2425 47
2426 43
2427 41
2428 28
2429 34
2430 28
2431 29
2432 31
2433 37
2434 44
2435 21
2436 33
2437 31
2438 36
2439 30
2440 24
2441 22
2442 28
2443 35
2444 36
2445 25
2446 37
2447 34
2448 28
2449 31
2450 30
2451 27
2452 31
2453 26
2454 30
2455 24
2456 31
2457 32
2458 29
2459 31
2460 24
2461 27
2462 23
2463 23
2464 27
2465 25
2466 21
2467 30
2468 24
2469 26
2470 27
2471 26
2472 29
2473 30
2474 21
2475 20
2476 32
2477 32
2478 24
2479 27
2480 20
2481 15
2482 27
2483 15
2484 26
2485 29
2486 20
2487 28
2488 19
2489 20
2490 22
2491 28
2492 21
2493 24
2494 20
2495 20
2496 19
2497 21
2498 18
2499 29
2500 15
2501 24
2502 24
2503 22
2504 18
2505 24
2506 24
2507 26
2508 27
2509 13
2510 23
2511 20
2512 16
2513 20
2514 20
2515 22
2516 20
2517 25
2518 18
2519 18
2520 15
2521 20
2522 20
2523 20
2524 25
2525 25
2526 13
2527 13
2528 23
2529 17
2530 22
2531 15
2532 10
2533 11
2534 17
2535 11
2536 19
2537 10
2538 16
2539 9
2540 17
2541 17
2542 17
2543 15
2544 17
2545 17
2546 17
2547 18
2548 12
2549 12
2550 13
2551 10
2552 20
2553 15
2554 13
2555 12
2556 13
2557 12
2558 22
2559 10
2560 14
2561 10
2562 9
2563 18
2564 10
2565 18
2566 11
2567 15
2568 13
2569 13
2570 12
2571 15
2572 12
2573 15
2574 10
2575 10
2576 7
2577 14
2578 9
2579 11
2580 8
2581 9
2582 4
2583 17
2584 12
2585 18
2586 14
2587 9
2588 17
2589 9
2590 11
2591 8
2592 8
2593 7
2594 12
2595 5
2596 10
2597 5
2598 8
2599 11
2600 10
2601 10
2602 10
2603 7
2604 11
2605 12
2606 11
2607 7
2608 8
2609 5
2610 6
2611 7
2612 5
2613 9
2614 7
2615 8
2616 8
2617 6
2618 11
2619 6
2620 3
2621 7
2622 7
2623 6
2624 11
2625 11
2626 6
2627 1
2628 6
2629 5
2630 5
2631 6
2632 10
2633 9
2634 4
2635 5
2636 5
2637 2
2638 10
2639 4
2640 4
2641 2
2642 4
2643 3
2644 5
2645 2
2646 7
2647 8
2648 6
2649 1
2650 5
2651 5
2652 2
2653 9
2654 4
2655 3
2656 5
2657 2
2658 4
2659 7
2660 3
2661 8
2662 7
2663 1
2664 4
2665 2
2666 4
2667 0
2668 2
2669 1
2670 2
2671 6
2672 2
2673 3
2674 5
2675 1
2676 1
2677 4
2678 2
2679 2
2680 3
2681 4
2682 4
2683 3
2684 1
2685 6
2686 1
2687 4
2688 0
2689 3
2690 3
2691 3
2692 2
2693 2
2694 1
2695 5
2696 2
2697 2
2698 3
2699 2
2700 0
2701 1
2702 1
2703 0
2704 1
2705 3
2706 2
2707 0
2708 0
2709 0
2710 3
2711 3
2712 0
2713 2
2714 3
2715 2
2716 1
2717 2
2718 0
2719 2
2720 1
2721 1
2722 2
2723 1
2724 2
2725 0
2726 1
2727 0
2728 1
2729 0
2730 0
2731 2
2732 0
2733 0
2734 1
2735 1
2736 0
2737 0
2738 2
2739 0
2740 1
2741 0
2742 1
2743 0
2744 0
2745 1
2746 0
2747 0
2748 2
2749 0
2750 1
2751 2
2752 0
2753 0
2754 0
2755 0
2756 0
2757 0
2758 0
2759 0
2760 2
2761 1
2762 1
2763 1
2764 0
2765 1
2766 0
2767 0
2768 1
2769 0
2770 0
2771 1
2772 0
2773 0
2774 0
2775 0
2776 1
2777 0
2778 0
2779 1
2780 0
2781 1
2782 0
2783 0
2784 0
2785 0
2786 1
2787 1
2788 1
2789 1
2790 0
2791 0
2792 0
2793 0
2794 0
2795 0
2796 0
2797 0
2798 0
2799 0
2800 0
2801 0
2802 0
2803 0
2804 1
2805 0
2806 0
2807 0
2808 0
2809 0
2810 1
2811 1
2812 0
2813 0
2814 0
2815 0
2816 0
2817 1
2818 0
2819 0
2820 0
2821 0
2822 0
2823 0
2824 0
2825 0
2826 0
2827 0
2828 0
2829 0
2830 0
2831 0
2832 0
2833 0
2834 0
2835 0
2836 0
2837 0
2838 0
2839 0
2840 0
2841 0
2842 0
2843 0
2844 0
2845 0
2846 0
2847 0
2848 0
2849 0
2850 0
2851 0
2852 0
2853 0
2854 0
2855 0
2856 0
2857 0
2858 0
2859 0
2860 0
2861 0
2862 0
2863 0
2864 0
2865 0
2866 0
2867 0
2868 0
2869 0
2870 0
2871 0
2872 0
2873 0
2874 0
2875 0
2876 0
2877 0
2878 0
2879 0
2880 0
2881 0
2882 0
2883 0
2884 0
2885 0
2886 0
2887 0
2888 0
2889 0
2890 0
2891 0
2892 0
2893 0
2894 0
2895 0
2896 0
2897 0
2898 0
2899 0
2900 0
2901 0
2902 0
2903 0
2904 0
2905 0
2906 0
2907 0
2908 0
2909 0
2910 0
2911 0
2912 0
2913 0
2914 0
2915 0
2916 0
2917 0
2918 0
2919 1
2920 0
2921 0
2922 0
2923 0
2924 0
2925 0
2926 0
2927 0
2928 0
2929 0
2930 0
2931 0
2932 0
2933 0
2934 0
2935 0
2936 0
2937 0
2938 0
2939 0
2940 0
2941 0
2942 0
2943 0
2944 0
2945 0
2946 0
2947 0
2948 0
2949 0
2950 0
2951 0
2952 0
2953 0
2954 0
2955 0
2956 0
2957 0
2958 0
2959 0
2960 0
2961 0
2962 0
2963 0
2964 0
2965 0
2966 0
2967 0
2968 0
2969 0
2970 0
2971 0
2972 0
2973 0
2974 0
2975 0
2976 0
2977 0
2978 0
2979 0
2980 0
2981 0
2982 0
2983 0
2984 0
2985 0
2986 0
2987 0
2988 0
2989 0
2990 0
2991 0
2992 0
2993 0
2994 0
2995 0
2996 0
2997 0
2998 0
2999 0
3000 0
3001 0
3002 0
3003 0
3004 0
3005 0
3006 0
3007 0
3008 0
3009 0
3010 0
3011 0
3012 0
3013 0
3014 0
3015 0
3016 0
3017 0
3018 0
3019 0
3020 0
3021 0
3022 0
3023 1
3024 0
3025 0
3026 0
3027 0
3028 0
3029 0
3030 0
3031 0
3032 0
3033 0
3034 0
3035 0
3036 0
3037 0
3038 0
3039 0
3040 0
3041 0
3042 0
3043 0
3044 0
3045 0
3046 0
3047 1
3048 0
3049 0
3050 0
3051 0
3052 0
3053 0
3054 0
3055 0
3056 0
3057 0
3058 0
3059 0
3060 0
3061 0
3062 0
3063 0
3064 0
3065 0
3066 0
3067 0
3068 0
3069 0
3070 0
3071 0
3072 0
3073 0
3074 0
3075 0
3076 0
3077 0
3078 0
3079 0
3080 0
3081 0
3082 0
3083 0
3084 0
3085 0
3086 0
3087 0
3088 0
3089 0
3090 0
3091 0
3092 0
3093 0
3094 0
3095 0
3096 0
3097 0
3098 0
3099 0
3100 0
3101 0
3102 0
3103 0
3104 0
3105 0
3106 0
3107 0
3108 0
3109 0
3110 0
3111 0
3112 0
3113 0
3114 0
3115 0
3116 0
3117 0
3118 0
3119 0
3120 0
3121 0
3122 0
3123 0
3124 0
3125 0
3126 0
3127 0
3128 0
3129 0
3130 0
3131 0
3132 0
3133 0
3134 0
3135 0
3136 0
3137 0
3138 0
3139 0
3140 0
3141 0
3142 0
3143 0
3144 0
3145 0
3146 0
3147 0
3148 0
3149 0
3150 0
3151 0
3152 0
3153 0
3154 0
3155 0
3156 0
3157 0
3158 0
3159 0
3160 0
3161 0
3162 0
3163 0
3164 0
3165 0
3166 0
3167 0
3168 0
3169 0
3170 0
3171 0
3172 0
3173 0
3174 0
3175 0
3176 0
3177 0
3178 0
3179 0
3180 0
3181 0
3182 0
3183 0
3184 0
3185 0
3186 0
3187 0
3188 0
3189 0
3190 0
3191 0
3192 0
3193 0
3194 0
3195 0
3196 0
3197 0
3198 0
3199 0
3200 0
3201 0
3202 0
3203 0
3204 0
3205 0
3206 0
3207 0
3208 0
3209 0
3210 0
3211 0
3212 0
3213 0
3214 0
3215 0
3216 0
3217 0
3218 0
3219 0
3220 0
3221 0
3222 0
3223 0
3224 0
3225 0
3226 0
3227 0
3228 0
3229 0
3230 0
3231 0
3232 0
3233 0
3234 0
3235 0
3236 0
3237 0
3238 0
3239 0
3240 0
3241 0
3242 0
3243 0
3244 0
3245 0
3246 0
3247 0
3248 0
3249 0
3250 0
3251 0
3252 0
3253 0
3254 0
3255 0
3256 0
3257 0
3258 0
3259 0
3260 1
