0 0.0603
1 0.0706
2 0.0815
3 0.0886
4 0.0827
5 0.0478
6 0.0524
7 0.0515
8 0.0836
9 0.0775
10 0.0484
11 0.085
12 0.0805
13 0.0675
14 0.0847
15 0.078
16 0.0588
17 0.0519
18 0.0936
19 0.0996
20 0.0886
21 0.084
22 0.0827
23 0.0608
24 0.0361
25 0.0849
26 0.0845
27 0.0472
28 0.0787
29 0.0725
30 0.0446
31 0.0705
32 0.0579
33 0.0807
34 0.0807
35 0.0811
36 0.0832
37 0.0658
38 0.0902
39 0.0688
40 0.0873
41 0.0505
42 0.0546
43 0.0571
44 0.0668
45 0.0556
46 0.0762
47 0.0601
48 0.0564
49 0.0771
50 0.0583
51 0.0684
52 0.0608
53 0.0698
54 0.0633
55 0.0861
56 0.116
57 0.0565
58 0.0635
59 0.0662
60 0.051
61 0.1072
62 0.0699
63 0.0723
64 0.0811
65 0.0589
66 0.0886
67 0.0813
68 0.0519
69 0.0774
70 0.0808
71 0.0329
72 0.0883
73 0.0666
74 0.0906
75 0.0446
76 0.0528
77 0.0637
78 0.0798
79 0.0486
80 0.0813
81 0.0497
82 0.0794
83 0.0344
84 0.0928
85 0.0663
86 0.049
87 0.0952
88 0.0775
89 0.0784
90 0.0787
91 0.0795
92 0.0692
93 0.0465
94 0.0841
95 0.0578
96 0.0612
97 0.083
98 0.0561
99 0.0467
100 0.0658
101 0.0863
102 0.0595
103 0.0835
104 0.0781
105 0.0588
106 0.0662
107 0.0722
108 0.0904
109 0.0622
110 0.0638
