2 0.6257738114453898
3 0.585866748244706
4 0.5563936891915223
5 0.535927369356624
6 0.5203178464105416
7 0.5084065497161017
8 0.4983905079963234
9 0.4904701037002483
10 0.48438814150673853
11 0.47805779603121357
12 0.47393877125728767
13 0.46945223187973606
14 0.46538690133118815
15 0.4634490384415122
16 0.45943711876373106
17 0.4577796610599552
18 0.45495631567679173
19 0.45423938715156764
20 0.4507228588878764
21 0.4496009412422324
22 0.4475819885476314
23 0.44598620515851467
24 0.4474332861532088
25 0.44350694513443156
26 0.44315625857182045
27 0.44088801992999277
28 0.43920549021979016
29 0.4382610516032239
30 0.43858278497732744
31 0.4365808483052417
32 0.43782085419107464
33 0.4321680034286414
34 0.43471432209865013
35 0.4334432728395262
36 0.4298565523948456
37 0.43612410789365874
38 0.4291297679711077
39 0.4285225034961043
40 0.43668037431596674
41 0.43268280180147195
42 0.42411484865069676
43 0.43049305419683037
44 0.4326181696278914
45 0.4273946360153257
46 0.4225570573897629
47 0.4220324508966695
48 0.4265093143470204
49 0.4186519137405442
50 0.4236711180937418
51 0.42857142857142855
52 0.4302547218852885
53 0.43203125
54 0.4309651474530831
55 0.426560900716479
56 0.4299732381801962
57 0.4256619144602851
58 0.4155693261037955
59 0.4068423485899214
60 0.4004364429896345
61 0.4030612244897959
62 0.41603053435114506
63 0.4397905759162304
64 0.4046184738955823
65 0.4550499445061043
66 0.4083129584352078
67 0.41235632183908044
68 0.4283276450511945
69 0.4383561643835616
70 0.45147679324894513
71 0.46246973365617433
72 0.43915343915343913
73 0.4143302180685358
74 0.398576512455516
75 0.4122448979591837
76 0.4077669902912621
77 0.4350282485875706
78 0.46206896551724136
79 0.4583333333333333
80 0.4380165289256198
81 0.47
82 0.36633663366336633
83 0.43902439024390244
84 0.48484848484848486
85 0.47058823529411764
86 0.39473684210526316
87 0.2916666666666667
88 0.30434782608695654
89 0.3333333333333333
90 0.4375
91 0.4411764705882353
92 0.25
93 0.4666666666666667
94 0.16666666666666666
95 0.6666666666666666
96 0.6
97 0.4444444444444444
98 0.38461538461538464
99 0.125
100 0.0
101 0
102 0
103 0.5
104 1.0
105 1.0
106 1.0
107 0.5
108 0.25
109 1.0
110 1.0
111 0.6666666666666666
112 0.6666666666666666
113 0.5
114 0.5
115 0.3333333333333333
116 0.5
117 0.3333333333333333
118 0.5
119 0.5
120 0.0
121 1.0
122 0.3333333333333333
123 0.0
124 0
125 0
126 0
127 1.0
128 1.0
129 0.0
130 0
131 0
132 0
133 0
134 0
135 0
136 0
137 0
138 0
139 0
140 0
141 0
142 0
143 0
144 0
145 0
146 0
147 0
148 0
149 0
150 0
151 0
152 0
153 0
154 0
155 0
156 0
157 0
158 0
159 0
160 0
161 0
162 0
163 0
164 0
165 0
166 0
167 0
168 0
169 0
170 0
171 0
172 0
173 0
174 0
175 0
176 0
177 0
178 0
179 0
180 0
181 0
182 0
183 0
184 0
185 0
186 0
187 0
188 0
189 0
190 0
191 0
192 0
193 0
194 0
195 0
196 0
197 0
198 0
199 0
200 0
201 0
202 0
203 0
204 0
205 0
206 0
207 0
208 0
209 0
210 0
211 0
212 0
213 0
214 0
215 0
216 0
217 0
218 0
219 0
220 0
221 0
222 0
223 0
224 0
225 0
226 0
227 0
228 0
229 0
230 0
231 0
232 0
233 0
234 0
235 0
236 0
237 0
238 0
239 0
240 0
241 0
242 0
243 0
244 0
245 0
246 0
247 0
248 0
249 0
250 0
251 0
252 0
253 0
254 0
255 0
256 0
257 0
258 0
259 0
260 0
261 0
262 0
263 0
264 0
265 0
266 0
267 0
268 0
269 0
270 0
271 0
272 0
273 0
274 0
275 0
276 0
277 0
278 0
279 0
280 0
281 0
282 0
283 0
284 0
285 0
286 0
287 0
288 0
289 0
290 0
291 0
292 0
293 0
294 0
295 0
296 0
297 0
298 0
299 0
300 0
301 0
302 0
303 0
304 0
305 0
306 0
307 0
308 0
309 0
310 0
311 0
312 0
313 0
314 0
315 0
316 0
317 0
318 0
319 0
320 0
321 0
322 0
323 0
324 0
325 0
326 0
327 0
328 0
329 0
330 0
331 0
332 0
333 0
334 0
335 0
336 0
337 0
338 0
339 0
340 0
341 0
342 0
343 0
344 0
345 0
346 0
347 0
348 0
349 0
350 0
351 0
352 0
353 0
354 0
355 0
356 0
357 0
358 0
359 0
360 0
361 0
362 0
363 0
364 0
365 0
366 0
367 0
368 0
369 0
370 0
371 0
372 0
373 0
374 0
375 0
376 0
377 0
378 0
379 0
380 0
381 0
382 0
383 0
384 0
385 0
386 0
387 0
388 0
389 0
390 0
391 0
392 0
393 0
394 0
395 0
396 0
397 0
398 0
399 0
400 0
401 0
402 0
403 0
404 0
405 0
406 0
407 0
408 0
409 0
410 0
411 0
412 0
413 0
414 0
415 0
416 0
417 0
418 0
419 0
420 0
421 0
422 0
423 0
424 0
425 0
426 0
427 0
428 0
429 0
430 0
431 0
432 0
433 0
434 0
435 0
436 0
437 0
438 0
439 0
440 0
441 0
442 0
443 0
444 0
445 0
446 0
447 0
448 0
449 0
450 0
451 0
452 0
453 0
454 0
455 0
456 0
457 0
458 0
459 0
460 0
461 0
462 0
463 0
464 0
465 0
466 0
467 0
468 0
469 0
470 0
471 0
472 0
473 0
474 0
475 0
476 0
477 0
478 0
479 0
480 0
481 0
482 0
483 0
484 0
485 0
486 0
487 0
488 0
489 0
490 0
491 0
492 0
493 0
494 0
495 0
496 0
497 0
498 0
