2 0.27985264802040327
3 0.28077779627856636
4 0.2876162602866712
5 0.2952591368060044
6 0.3051124848546593
7 0.31258075144658465
8 0.3213171501789091
9 0.32813907158256694
10 0.33694672295759437
11 0.3454110571127663
12 0.351224651040295
13 0.3561927670671732
14 0.3613285248586592
15 0.36430735446615564
16 0.37005975469126745
17 0.37318924652766267
18 0.38595639687740163
19 0.3858557145657714
20 0.38056072522062795
21 0.3983167670318508
22 0.38013143296065544
23 0.3884587591617632
24 0.3965828420166045
25 0.3911042944785276
26 0.41116173120728927
27 0.4110239094725315
28 0.4130294560309611
29 0.4225017802041301
30 0.4115161119915478
31 0.42106860959319975
32 0.4169468728984533
33 0.4264432029795158
34 0.4364478114478115
35 0.43351800554016623
36 0.4132231404958678
37 0.41766381766381766
38 0.4058252427184466
39 0.41460055096418735
40 0.4250950570342205
41 0.41802575107296136
42 0.41385767790262173
43 0.4385447394296952
44 0.42269187986651835
45 0.43595505617977526
46 0.41753171856978083
47 0.42493638676844786
48 0.4310850439882698
49 0.4407051282051282
50 0.4461028192371476
51 0.458259325044405
52 0.457089552238806
53 0.4217391304347826
54 0.48717948717948717
55 0.41217798594847777
56 0.43333333333333335
57 0.44610778443113774
58 0.45454545454545453
59 0.4383116883116883
60 0.4858156028368794
61 0.39636363636363636
62 0.4385245901639344
63 0.4063926940639269
64 0.4263157894736842
65 0.3854748603351955
66 0.46107784431137727
67 0.4491017964071856
68 0.46938775510204084
69 0.4676258992805755
70 0.40268456375838924
71 0.4594594594594595
72 0.4198473282442748
73 0.40540540540540543
74 0.5961538461538461
75 0.45864661654135336
76 0.4065040650406504
77 0.40625
78 0.45555555555555555
79 0.47058823529411764
80 0.4485981308411215
81 0.3793103448275862
82 0.4788732394366197
83 0.38333333333333336
84 0.45614035087719296
85 0.44642857142857145
86 0.3617021276595745
87 0.5555555555555556
88 0.40540540540540543
89 0.41935483870967744
90 0.6
91 0.5227272727272727
92 0.4318181818181818
93 0.5
94 0.3695652173913043
95 0.4594594594594595
96 0.45454545454545453
97 0.5
98 0.34146341463414637
99 0.5142857142857142
100 0.3939393939393939
101 0.19047619047619047
102 0.5862068965517241
103 0.34375
104 0.3684210526315789
105 0.5555555555555556
106 0.6923076923076923
107 0.45454545454545453
108 0.4
109 0.7368421052631579
110 0.38095238095238093
111 0.3076923076923077
112 0.75
113 0.6
114 0.7647058823529411
115 0.42105263157894735
116 0.6666666666666666
117 0.45
118 0.4444444444444444
119 0.4
120 0.625
121 0.4375
122 0.38461538461538464
123 0.6363636363636364
124 0.42857142857142855
125 0.25
126 0.5
127 0.4
128 0.6666666666666666
129 0.16666666666666666
130 0.3333333333333333
131 0.6666666666666666
132 0.0
133 0.5
134 1.0
135 1.0
136 0.0
137 0.0
138 1.0
139 0.6666666666666666
140 0.5
141 0.25
142 0.5
143 1.0
144 0.75
145 0.8
146 0.25
147 0.5
148 0.5
149 0.6
150 0.16666666666666666
151 0.0
152 0
153 0
154 0
155 1.0
156 0.5
157 0.25
158 0.0
159 0
160 0
161 0
162 0
163 0
164 0
165 0
166 0
167 0
168 0
169 0
170 0
171 0
172 0
173 0
174 0
175 0
176 0
177 0
178 0
179 0
180 0
181 0
182 0
183 0
184 0
185 0
186 0
187 0
188 0
189 0
190 0
191 0
192 0
193 0
194 0
195 0
196 0
197 0
198 0
199 0
200 0
201 0
202 0
203 0
204 0
205 0
206 0
207 0
208 0
209 0
210 0
211 0
212 0
213 0
214 0
215 0
216 0
217 0
218 0
219 0
220 0
221 0
222 0
223 0
224 0
225 0
226 0
227 0
228 0
229 0
230 0
231 0
232 0
233 0
234 0
235 0
236 0
237 0
238 0
239 0
240 0
241 0
242 0
243 0
244 0
245 0
246 0
247 0
248 0
249 0
250 0
251 0
252 0
253 0
254 0
255 0
256 0
257 0
258 0
259 0
260 0
261 0
262 0
263 0
264 0
265 0
266 0
267 0
268 0
269 0
270 0
271 0
272 0
273 0
274 0
275 0
276 0
277 0
278 0
279 0
280 0
281 0
282 0
283 0
284 0
285 0
286 0
287 0
288 0
289 0
290 0
291 0
292 0
293 0
294 0
295 0
296 0
297 0
298 0
299 0
300 0
301 0
302 0
303 0
304 0
305 0
306 0
307 0
308 0
309 0
310 0
311 0
312 0
313 0
314 0
315 0
316 0
317 0
318 0
319 0
320 0
321 0
322 0
323 0
324 0
325 0
326 0
327 0
328 0
329 0
330 0
331 0
332 0
333 0
334 0
335 0
336 0
337 0
338 0
339 0
340 0
341 0
342 0
343 0
344 0
345 0
346 0
347 0
348 0
349 0
350 0
351 0
352 0
353 0
354 0
355 0
356 0
357 0
358 0
359 0
360 0
361 0
362 0
363 0
364 0
365 0
366 0
367 0
368 0
369 0
370 0
371 0
372 0
373 0
374 0
375 0
376 0
377 0
378 0
379 0
380 0
381 0
382 0
383 0
384 0
385 0
386 0
387 0
388 0
389 0
390 0
391 0
392 0
393 0
394 0
395 0
396 0
397 0
398 0
399 0
400 0
401 0
402 0
403 0
404 0
405 0
406 0
407 0
408 0
409 0
410 0
411 0
412 0
413 0
414 0
415 0
416 0
417 0
418 0
419 0
420 0
421 0
422 0
423 0
424 0
425 0
426 0
427 0
428 0
429 0
430 0
431 0
432 0
433 0
434 0
435 0
436 0
437 0
438 0
439 0
440 0
441 0
442 0
443 0
444 0
445 0
446 0
447 0
448 0
449 0
450 0
451 0
452 0
453 0
454 0
455 0
456 0
457 0
458 0
459 0
460 0
461 0
462 0
463 0
464 0
465 0
466 0
467 0
468 0
469 0
470 0
471 0
472 0
473 0
474 0
475 0
476 0
477 0
478 0
479 0
480 0
481 0
482 0
483 0
484 0
485 0
486 0
487 0
488 0
489 0
490 0
491 0
492 0
493 0
494 0
495 0
496 0
497 0
498 0
