2 0.7715025776680909
3 0.7354117925156965
4 0.7086864944085981
5 0.687763080862497
6 0.6715204746587556
7 0.6581671450873747
8 0.6469051717913169
9 0.6376223888436179
10 0.6291281049947396
11 0.6219497509409349
12 0.6158075106767346
13 0.6102687503693691
14 0.6053928072284889
15 0.6007526983381469
16 0.5967115843842286
17 0.5927589955966752
18 0.5895333435846538
19 0.5861276930257695
20 0.5836910114562511
21 0.5813460340226426
22 0.5778932160504807
23 0.5756465332163182
24 0.5738159602456054
25 0.5713039229178704
26 0.5698308103090526
27 0.5677626317316743
28 0.5663638166358739
29 0.5638964761778413
30 0.5624580634994866
31 0.5603722327434206
32 0.5596148449089232
33 0.5589799769976076
34 0.5577193617527318
35 0.5563695158201567
36 0.5545246942616949
37 0.5533523200827216
38 0.5533026831747876
39 0.5513254549292932
40 0.5516923330313761
41 0.549394847710918
42 0.5493461690396987
43 0.5488298139187949
44 0.5462494619027121
45 0.5467767352673634
46 0.5463266928402822
47 0.5452988410756482
48 0.5440073886037575
49 0.5434268581701914
50 0.5426036312610601
51 0.5413541539542194
52 0.5412356260672542
53 0.5420861984282908
54 0.540402498750819
55 0.5397205360549503
56 0.5389411701387574
57 0.537375742108037
58 0.5382598952070179
59 0.5367523177488018
60 0.5376010845405678
61 0.5360984082641852
62 0.5359367708944841
63 0.535796550741597
64 0.5357161699340084
65 0.5342878949982168
66 0.5340126349654246
67 0.5335217123219353
68 0.5330734844182254
69 0.5325178313883365
70 0.5331039538154512
71 0.531942269757849
72 0.5319059994840386
73 0.5315413416612079
74 0.5305332141793268
75 0.5303460885496485
76 0.5303088251729148
77 0.529714653239369
78 0.5300501299430882
79 0.5290956880489752
80 0.5295182053365123
81 0.529086886732471
82 0.5284716492271794
83 0.5281929703433461
84 0.5270129714068268
85 0.5285629784132143
86 0.527382345514427
87 0.5280936816044861
88 0.5273593767267102
89 0.5267859259372878
90 0.5263625480170722
91 0.5258711975356181
92 0.5255410254103826
93 0.5250588747358924
94 0.5253253753548691
95 0.5249455072099838
96 0.5247455841411662
97 0.5256927067824005
98 0.5239761763096601
99 0.5250374808071119
100 0.5255317534969809
101 0.524549269316158
102 0.5233680401147011
103 0.5239906178829588
104 0.5228846570850474
105 0.5220856785147089
106 0.5226742556335251
107 0.5226159672525517
108 0.523638907563969
109 0.5232927740178944
110 0.5234776467678368
111 0.5220434853686448
112 0.5233552853238316
113 0.5210490381938461
114 0.5210785902606755
115 0.5219533274259801
116 0.52211561675381
117 0.5217462105277443
118 0.5192844811377194
119 0.5191340555856206
120 0.5192678964633201
121 0.5205613639822347
122 0.5199721490588
123 0.5194308496838151
124 0.5198159610479286
125 0.5206722154633853
126 0.5195154051954777
127 0.5183960044877131
128 0.5199658470565794
129 0.5193386234675622
130 0.5199782289709144
131 0.5198048943023212
132 0.5189510125074449
133 0.5183997132075754
134 0.5188220745440604
135 0.5184399712437096
136 0.5181616082226057
137 0.5177849203160573
138 0.5181845610434335
139 0.5173357822997728
140 0.5169055021779617
141 0.5164045348702854
142 0.5184786953944557
143 0.5172562664992564
144 0.5179792508811406
145 0.516385046594351
146 0.5179080945352473
147 0.5168325779019608
148 0.5169287994312591
149 0.5176618895694474
150 0.515486403059286
151 0.515950438822922
152 0.5169196002819588
153 0.5144251959950784
154 0.5157979692678898
155 0.5168729515038682
156 0.5165584250419684
157 0.5160941989320941
158 0.5150288794433209
159 0.5169726378160131
160 0.5161872593102558
161 0.5144410068816117
162 0.5142651532498119
163 0.5148889557205859
164 0.514213734828563
165 0.5155633046734279
166 0.5163943344235504
167 0.5141510170311744
168 0.5145922862295111
169 0.5141204736725853
170 0.5152848603865106
171 0.5135449752291221
172 0.5143996982201849
173 0.5141504551194904
174 0.5144478593579809
175 0.5141577863763077
176 0.5140649041824031
177 0.5136563855997862
178 0.5145463319327237
179 0.5150008628658019
180 0.5136535712080407
181 0.5135723235550115
182 0.5150705452764553
183 0.5137959956644933
184 0.5127423682234098
185 0.512415234669324
186 0.5141937464667927
187 0.5135825048535143
188 0.5137099568269663
189 0.5135425093226526
190 0.5132938797285393
191 0.5129089883883974
192 0.5139131765597285
193 0.5137120000807033
194 0.5135419485534938
195 0.5124133479701571
196 0.5127878638168265
197 0.5133772244179141
198 0.513109738883157
199 0.5121649888705763
200 0.5136643810823948
201 0.5110901197115297
202 0.5134566906896227
203 0.5127987887631106
204 0.5113521741764044
205 0.5130428354173707
206 0.5110970146084594
207 0.5132668879146401
208 0.5114716267541306
209 0.510826549376808
210 0.5127586281370136
211 0.5119541859949012
212 0.5096647781311401
213 0.5126627004996056
214 0.5120819221289653
215 0.5112091082262522
216 0.5106570610286069
217 0.5115445981381023
218 0.5120685910323741
219 0.5126343224295808
220 0.512164485730874
221 0.5101875038514759
222 0.5114086126991645
223 0.5110356872924705
224 0.5105251634293578
225 0.5111319921980666
226 0.5097343715137334
227 0.5104486962119166
228 0.5114616242065807
229 0.509799147194467
230 0.5119936383470188
231 0.5106380491796093
232 0.5111935262395033
233 0.5116626855761123
234 0.5091230743786032
235 0.5095361291721493
236 0.5111514236526544
237 0.5101682756971635
238 0.5085796770216221
239 0.5097391908422308
240 0.5107787813811662
241 0.5090091463414634
242 0.5100012526389436
243 0.5118284047038076
244 0.5106829939983869
245 0.5088444193219381
246 0.5108036103831004
247 0.5091857733027503
248 0.5084521667544989
249 0.5103860064854079
250 0.5088895448151125
251 0.5085090306691832
252 0.5097702499381027
253 0.51019302533836
254 0.5094819153085299
255 0.5081108596198605
256 0.5102623016051292
257 0.5104489102019214
258 0.5090518475160084
259 0.5090050736455178
260 0.5098627619643415
261 0.5101593963011717
262 0.5089225467909622
263 0.5100482407758039
264 0.5097021630835502
265 0.50942996116685
266 0.5092310306568175
267 0.5085320016823666
268 0.5081723475949469
269 0.5092776361202124
270 0.5079881486886869
271 0.5094917102006683
272 0.5084887686539336
273 0.5100864062558538
274 0.5077801858220129
275 0.5082837883245215
276 0.5085792819103246
277 0.5081487210651345
278 0.5080960918886488
279 0.5091315251815032
280 0.5093036246491408
281 0.508900199559162
282 0.5104885357864659
283 0.5067296472410373
284 0.5079056405333484
285 0.506555566995303
286 0.5067510052604773
287 0.5088512806222155
288 0.507046040344003
289 0.5091531735692866
290 0.5071380185062409
291 0.5083676110199449
292 0.5089997167159387
293 0.5084859247183489
294 0.5070049790471184
295 0.507973915525532
296 0.5058103390559993
297 0.5089291644220765
298 0.5075757855788388
299 0.5077539531049234
300 0.5085814503933087
301 0.5074843539496714
302 0.5072568011327689
303 0.5081138239015087
304 0.5096873324725727
305 0.5074400208524575
306 0.5068305803909683
307 0.5074666157954979
308 0.5069567078717825
309 0.5053378057559467
310 0.5051036916060644
311 0.5068865812709862
312 0.5076842472930493
313 0.507544917629951
314 0.5058628421937774
315 0.506466941744725
316 0.506719491625152
317 0.5053056202903008
318 0.5089209150507593
319 0.5074227440796193
320 0.5055885963933224
321 0.5065815122808005
322 0.50908278197699
323 0.508418589530044
324 0.5082914119651267
325 0.5066240347490347
326 0.5083063437585601
327 0.5055345043965312
328 0.5065185353134565
329 0.5072726905113326
330 0.506201171875
331 0.506002903043275
332 0.5078991513512845
333 0.5083067171754686
334 0.5053876456567796
335 0.5068464082880859
336 0.5060413740049502
337 0.5072127661355816
338 0.5061555832588284
339 0.5059834822181022
340 0.5073450300324469
341 0.5077626075894434
342 0.5080789028871168
343 0.5053677541726652
344 0.50742292893634
345 0.5076722279944015
346 0.5071806889684358
347 0.5065593436786502
348 0.5065011845835833
349 0.5069250753764478
350 0.5091409192355977
351 0.5073781773201623
352 0.5072969307979751
353 0.5064931655494688
354 0.5057831961621407
355 0.5071137090548141
356 0.5062626976415511
357 0.5084500561862375
358 0.5051707482114954
359 0.5058587361261095
360 0.5052256649720592
361 0.5060484416580218
362 0.5068012800288457
363 0.5038869833570142
364 0.507108358119355
365 0.5049480105302059
366 0.5058708685201727
367 0.5060336373556048
368 0.5071085676339976
369 0.5067968125292966
370 0.505591094660562
371 0.5069391151587999
372 0.5054081495458823
373 0.5074747474747475
374 0.5032099961796852
375 0.5081769934800288
376 0.5048181886621999
377 0.5060351867674341
378 0.5027172624410785
379 0.5085410741970153
380 0.5056767813716242
381 0.5036173230376918
382 0.5045696804109826
383 0.5070181674944998
384 0.5055044328584128
385 0.5052367733586072
386 0.5061078500656215
387 0.5052538345005833
388 0.5057946899392152
389 0.5019723095549611
390 0.5068334776448362
391 0.5063367442954599
392 0.5054144157897069
393 0.5054916885216808
394 0.5061823382900545
395 0.5065306464575742
396 0.505455572513032
397 0.5051696541302554
398 0.5051896207584831
399 0.5043794778719799
400 0.5046109655311429
401 0.5050640158481656
402 0.5069184173740402
403 0.5031737018748162
404 0.5057886714349074
405 0.5052416157171727
406 0.5056942001712619
407 0.5065089427213041
408 0.5050531132031625
409 0.5060249081363469
410 0.5056735782267664
411 0.506871802307517
412 0.504687321959456
413 0.50443297949324
414 0.5055633659278461
415 0.5044869477753854
416 0.5062845202343701
417 0.5051798485485907
418 0.5058379320360151
419 0.5055822386208213
420 0.5062287895553285
421 0.5037041747480208
422 0.5056172592888534
423 0.5024804002889787
424 0.504698965798395
425 0.5036962800120695
426 0.5051865989497407
427 0.5046830224860918
428 0.5063302807011837
429 0.5040413416494319
430 0.5063817026960717
431 0.5050912930954295
432 0.504769527652296
433 0.5040518191841235
434 0.505364960686362
435 0.5038493065709602
436 0.5046903063295504
437 0.5055686239534443
438 0.5046908828482078
439 0.5036662099051987
440 0.5043545457622147
441 0.507017672674284
442 0.5063788027477919
443 0.5071729576956274
444 0.5042438949713955
445 0.5053948334861158
446 0.5041112316564837
447 0.5057796381096848
448 0.5065667323529747
449 0.5049142844142105
450 0.5037342497136311
451 0.5052839778751395
452 0.5045714087567618
453 0.5027092008293116
454 0.5052979012496865
455 0.5047842423393778
456 0.5050296651163875
457 0.5043544753032373
458 0.5049935020079381
459 0.5049116605699053
460 0.5037196230781947
461 0.5059781995976953
462 0.5051727920033675
463 0.5012383937972624
464 0.5054268113816368
465 0.5048349888239443
466 0.5068975444741672
467 0.5044514466454209
468 0.5018974082719818
469 0.5045866062708584
470 0.5008584699354792
471 0.5052229883947009
472 0.5047151789342179
473 0.5061069859069556
474 0.5043391228990955
475 0.5028199353163912
476 0.5030544374102316
477 0.5026588353004391
478 0.5051907812712167
479 0.5033478965803185
480 0.5037663498051674
481 0.5015038438498403
482 0.5054654895163965
483 0.5027213660190213
484 0.5038795156559452
485 0.5037292601072672
486 0.5046552006139832
487 0.5050364337762537
488 0.5033581308624593
489 0.5044611343936609
490 0.5016542043563902
491 0.502402695613884
492 0.5016445997499439
493 0.5031188507195864
494 0.5041670960428689
495 0.5039009519872896
496 0.503220674401459
497 0.503142901578579
498 0.503944956219615
