-1711 1
-1710 0
-1709 0
-1708 0
-1707 0
-1706 0
-1705 0
-1704 0
-1703 0
-1702 0
-1701 0
-1700 0
-1699 0
-1698 0
-1697 0
-1696 0
-1695 0
-1694 0
-1693 0
-1692 0
-1691 0
-1690 0
-1689 0
-1688 1
-1687 0
-1686 0
-1685 0
-1684 0
-1683 0
-1682 0
-1681 1
-1680 0
-1679 0
-1678 0
-1677 0
-1676 0
-1675 0
-1674 0
-1673 0
-1672 0
-1671 1
-1670 0
-1669 0
-1668 0
-1667 0
-1666 0
-1665 0
-1664 0
-1663 0
-1662 1
-1661 0
-1660 0
-1659 0
-1658 0
-1657 0
-1656 0
-1655 0
-1654 0
-1653 0
-1652 0
-1651 1
-1650 0
-1649 0
-1648 0
-1647 0
-1646 0
-1645 0
-1644 0
-1643 0
-1642 0
-1641 2
-1640 0
-1639 0
-1638 0
-1637 0
-1636 0
-1635 0
-1634 0
-1633 0
-1632 0
-1631 0
-1630 1
-1629 0
-1628 0
-1627 0
-1626 0
-1625 0
-1624 0
-1623 0
-1622 0
-1621 0
-1620 0
-1619 0
-1618 0
-1617 0
-1616 0
-1615 0
-1614 0
-1613 0
-1612 0
-1611 0
-1610 0
-1609 0
-1608 0
-1607 0
-1606 0
-1605 0
-1604 0
-1603 0
-1602 0
-1601 0
-1600 1
-1599 0
-1598 0
-1597 0
-1596 0
-1595 0
-1594 0
-1593 0
-1592 2
-1591 0
-1590 0
-1589 0
-1588 0
-1587 1
-1586 0
-1585 0
-1584 0
-1583 0
-1582 0
-1581 1
-1580 0
-1579 1
-1578 0
-1577 0
-1576 0
-1575 0
-1574 2
-1573 0
-1572 0
-1571 0
-1570 0
-1569 0
-1568 1
-1567 0
-1566 0
-1565 0
-1564 0
-1563 0
-1562 0
-1561 0
-1560 1
-1559 0
-1558 0
-1557 2
-1556 0
-1555 0
-1554 0
-1553 1
-1552 0
-1551 0
-1550 0
-1549 0
-1548 1
-1547 0
-1546 0
-1545 0
-1544 0
-1543 0
-1542 0
-1541 1
-1540 0
-1539 0
-1538 0
-1537 0
-1536 0
-1535 0
-1534 1
-1533 1
-1532 0
-1531 0
-1530 1
-1529 0
-1528 0
-1527 0
-1526 0
-1525 0
-1524 0
-1523 0
-1522 0
-1521 0
-1520 0
-1519 0
-1518 1
-1517 1
-1516 0
-1515 0
-1514 1
-1513 0
-1512 1
-1511 1
-1510 0
-1509 0
-1508 0
-1507 0
-1506 0
-1505 0
-1504 0
-1503 0
-1502 2
-1501 0
-1500 0
-1499 0
-1498 1
-1497 0
-1496 2
-1495 1
-1494 0
-1493 0
-1492 1
-1491 0
-1490 0
-1489 0
-1488 0
-1487 0
-1486 0
-1485 1
-1484 1
-1483 1
-1482 1
-1481 0
-1480 1
-1479 1
-1478 0
-1477 2
-1476 0
-1475 0
-1474 0
-1473 0
-1472 0
-1471 0
-1470 0
-1469 0
-1468 0
-1467 1
-1466 0
-1465 1
-1464 0
-1463 0
-1462 0
-1461 1
-1460 1
-1459 0
-1458 1
-1457 0
-1456 0
-1455 3
-1454 1
-1453 0
-1452 1
-1451 0
-1450 2
-1449 0
-1448 1
-1447 0
-1446 0
-1445 0
-1444 0
-1443 1
-1442 0
-1441 0
-1440 0
-1439 0
-1438 0
-1437 0
-1436 2
-1435 0
-1434 0
-1433 1
-1432 2
-1431 1
-1430 1
-1429 0
-1428 0
-1427 1
-1426 2
-1425 0
-1424 0
-1423 0
-1422 2
-1421 1
-1420 1
-1419 0
-1418 1
-1417 0
-1416 0
-1415 1
-1414 0
-1413 0
-1412 0
-1411 0
-1410 3
-1409 0
-1408 1
-1407 0
-1406 1
-1405 0
-1404 1
-1403 0
-1402 0
-1401 1
-1400 0
-1399 1
-1398 1
-1397 1
-1396 2
-1395 0
-1394 1
-1393 1
-1392 0
-1391 0
-1390 2
-1389 0
-1388 0
-1387 0
-1386 1
-1385 0
-1384 0
-1383 2
-1382 1
-1381 1
-1380 0
-1379 2
-1378 0
-1377 1
-1376 0
-1375 2
-1374 2
-1373 0
-1372 1
-1371 1
-1370 0
-1369 1
-1368 0
-1367 1
-1366 1
-1365 3
-1364 2
-1363 0
-1362 0
-1361 0
-1360 0
-1359 1
-1358 1
-1357 1
-1356 2
-1355 2
-1354 1
-1353 1
-1352 2
-1351 0
-1350 0
-1349 1
-1348 2
-1347 1
-1346 1
-1345 0
-1344 1
-1343 2
-1342 2
-1341 2
-1340 1
-1339 1
-1338 0
-1337 0
-1336 2
-1335 0
-1334 1
-1333 2
-1332 1
-1331 0
-1330 1
-1329 4
-1328 0
-1327 3
-1326 1
-1325 5
-1324 3
-1323 1
-1322 3
-1321 0
-1320 2
-1319 2
-1318 2
-1317 2
-1316 3
-1315 1
-1314 1
-1313 2
-1312 2
-1311 2
-1310 0
-1309 0
-1308 3
-1307 4
-1306 0
-1305 1
-1304 5
-1303 0
-1302 1
-1301 1
-1300 3
-1299 3
-1298 3
-1297 2
-1296 2
-1295 1
-1294 3
-1293 0
-1292 1
-1291 0
-1290 1
-1289 1
-1288 5
-1287 1
-1286 3
-1285 2
-1284 5
-1283 0
-1282 3
-1281 0
-1280 3
-1279 0
-1278 3
-1277 2
-1276 3
-1275 2
-1274 2
-1273 3
-1272 3
-1271 2
-1270 1
-1269 7
-1268 5
-1267 3
-1266 1
-1265 5
-1264 3
-1263 0
-1262 3
-1261 8
-1260 3
-1259 4
-1258 4
-1257 4
-1256 4
-1255 7
-1254 2
-1253 4
-1252 1
-1251 3
-1250 2
-1249 5
-1248 4
-1247 1
-1246 4
-1245 4
-1244 6
-1243 4
-1242 2
-1241 4
-1240 2
-1239 1
-1238 3
-1237 3
-1236 2
-1235 3
-1234 4
-1233 4
-1232 0
-1231 2
-1230 4
-1229 3
-1228 3
-1227 6
-1226 1
-1225 6
-1224 3
-1223 3
-1222 4
-1221 3
-1220 3
-1219 3
-1218 3
-1217 5
-1216 1
-1215 3
-1214 4
-1213 2
-1212 2
-1211 5
-1210 6
-1209 9
-1208 5
-1207 3
-1206 4
-1205 1
-1204 5
-1203 5
-1202 2
-1201 10
-1200 9
-1199 4
-1198 8
-1197 1
-1196 4
-1195 3
-1194 4
-1193 6
-1192 5
-1191 3
-1190 6
-1189 9
-1188 2
-1187 6
-1186 5
-1185 6
-1184 2
-1183 0
-1182 5
-1181 6
-1180 5
-1179 7
-1178 10
-1177 4
-1176 4
-1175 4
-1174 3
-1173 9
-1172 7
-1171 4
-1170 8
-1169 4
-1168 6
-1167 11
-1166 10
-1165 6
-1164 4
-1163 6
-1162 8
-1161 6
-1160 12
-1159 3
-1158 3
-1157 5
-1156 4
-1155 10
-1154 8
-1153 12
-1152 9
-1151 9
-1150 9
-1149 1
-1148 8
-1147 12
-1146 8
-1145 9
-1144 5
-1143 5
-1142 7
-1141 10
-1140 9
-1139 8
-1138 5
-1137 9
-1136 6
-1135 12
-1134 5
-1133 9
-1132 6
-1131 12
-1130 3
-1129 11
-1128 6
-1127 6
-1126 5
-1125 5
-1124 5
-1123 2
-1122 9
-1121 10
-1120 3
-1119 8
-1118 6
-1117 5
-1116 8
-1115 12
-1114 14
-1113 16
-1112 1
-1111 8
-1110 9
-1109 8
-1108 6
-1107 10
-1106 5
-1105 8
-1104 12
-1103 13
-1102 13
-1101 15
-1100 16
-1099 4
-1098 9
-1097 10
-1096 5
-1095 6
-1094 10
-1093 15
-1092 14
-1091 6
-1090 15
-1089 10
-1088 9
-1087 15
-1086 8
-1085 12
-1084 14
-1083 14
-1082 6
-1081 16
-1080 18
-1079 11
-1078 15
-1077 12
-1076 14
-1075 15
-1074 15
-1073 12
-1072 6
-1071 7
-1070 19
-1069 14
-1068 17
-1067 18
-1066 9
-1065 18
-1064 11
-1063 17
-1062 22
-1061 15
-1060 13
-1059 20
-1058 13
-1057 15
-1056 21
-1055 17
-1054 11
-1053 16
-1052 13
-1051 9
-1050 16
-1049 11
-1048 15
-1047 21
-1046 22
-1045 12
-1044 12
-1043 12
-1042 15
-1041 19
-1040 23
-1039 15
-1038 14
-1037 14
-1036 12
-1035 18
-1034 11
-1033 22
-1032 17
-1031 15
-1030 22
-1029 19
-1028 10
-1027 20
-1026 28
-1025 17
-1024 7
-1023 18
-1022 16
-1021 16
-1020 19
-1019 20
-1018 22
-1017 23
-1016 15
-1015 15
-1014 20
-1013 19
-1012 17
-1011 14
-1010 18
-1009 13
-1008 25
-1007 26
-1006 18
-1005 19
-1004 16
-1003 19
-1002 12
-1001 28
-1000 15
-999 18
-998 19
-997 20
-996 23
-995 21
-994 24
-993 21
-992 20
-991 25
-990 17
-989 25
-988 26
-987 21
-986 20
-985 31
-984 22
-983 23
-982 29
-981 20
-980 30
-979 26
-978 21
-977 22
-976 29
-975 25
-974 28
-973 25
-972 28
-971 32
-970 16
-969 21
-968 17
-967 31
-966 33
-965 31
-964 30
-963 30
-962 28
-961 26
-960 28
-959 26
-958 35
-957 31
-956 29
-955 23
-954 37
-953 35
-952 35
-951 25
-950 30
-949 33
-948 29
-947 35
-946 27
-945 24
-944 41
-943 34
-942 28
-941 32
-940 33
-939 34
-938 36
-937 44
-936 25
-935 38
-934 30
-933 26
-932 33
-931 27
-930 32
-929 37
-928 48
-927 40
-926 34
-925 34
-924 42
-923 40
-922 41
-921 39
-920 48
-919 30
-918 41
-917 42
-916 36
-915 44
-914 32
-913 40
-912 41
-911 36
-910 46
-909 37
-908 32
-907 46
-906 47
-905 41
-904 42
-903 36
-902 44
-901 34
-900 44
-899 34
-898 33
-897 44
-896 28
-895 49
-894 37
-893 36
-892 40
-891 51
-890 44
-889 41
-888 46
-887 47
-886 52
-885 58
-884 48
-883 52
-882 53
-881 45
-880 43
-879 43
-878 51
-877 66
-876 44
-875 60
-874 50
-873 57
-872 62
-871 52
-870 50
-869 56
-868 45
-867 58
-866 59
-865 45
-864 49
-863 60
-862 63
-861 56
-860 47
-859 60
-858 58
-857 40
-856 70
-855 46
-854 50
-853 58
-852 67
-851 56
-850 70
-849 47
-848 57
-847 75
-846 73
-845 53
-844 54
-843 74
-842 68
-841 55
-840 77
-839 61
-838 66
-837 74
-836 72
-835 72
-834 76
-833 56
-832 80
-831 69
-830 53
-829 72
-828 59
-827 65
-826 64
-825 62
-824 77
-823 78
-822 76
-821 102
-820 88
-819 86
-818 75
-817 71
-816 64
-815 58
-814 84
-813 71
-812 69
-811 84
-810 82
-809 68
-808 73
-807 70
-806 89
-805 76
-804 71
-803 83
-802 90
-801 91
-800 92
-799 90
-798 81
-797 74
-796 105
-795 73
-794 96
-793 94
-792 102
-791 94
-790 105
-789 102
-788 99
-787 88
-786 108
-785 101
-784 109
-783 90
-782 101
-781 111
-780 92
-779 102
-778 108
-777 97
-776 74
-775 93
-774 86
-773 109
-772 85
-771 114
-770 113
-769 114
-768 105
-767 114
-766 102
-765 106
-764 116
-763 128
-762 135
-761 113
-760 107
-759 94
-758 124
-757 111
-756 108
-755 119
-754 106
-753 128
-752 123
-751 120
-750 129
-749 112
-748 132
-747 126
-746 125
-745 112
-744 137
-743 117
-742 128
-741 110
-740 133
-739 139
-738 123
-737 142
-736 127
-735 121
-734 123
-733 115
-732 134
-731 140
-730 123
-729 130
-728 136
-727 148
-726 135
-725 152
-724 140
-723 137
-722 130
-721 143
-720 141
-719 140
-718 157
-717 136
-716 132
-715 152
-714 157
-713 142
-712 155
-711 182
-710 156
-709 171
-708 146
-707 152
-706 160
-705 162
-704 183
-703 146
-702 153
-701 149
-700 170
-699 169
-698 171
-697 176
-696 169
-695 174
-694 192
-693 164
-692 172
-691 206
-690 191
-689 186
-688 165
-687 192
-686 182
-685 221
-684 182
-683 168
-682 181
-681 189
-680 175
-679 198
-678 210
-677 201
-676 201
-675 195
-674 190
-673 211
-672 189
-671 214
-670 204
-669 210
-668 218
-667 218
-666 223
-665 208
-664 208
-663 203
-662 206
-661 213
-660 245
-659 221
-658 234
-657 226
-656 206
-655 232
-654 239
-653 219
-652 235
-651 251
-650 208
-649 250
-648 262
-647 208
-646 239
-645 242
-644 217
-643 231
-642 185
-641 258
-640 273
-639 257
-638 226
-637 277
-636 265
-635 238
-634 240
-633 272
-632 262
-631 264
-630 271
-629 243
-628 251
-627 260
-626 285
-625 265
-624 284
-623 290
-622 330
-621 286
-620 312
-619 287
-618 289
-617 287
-616 296
-615 304
-614 289
-613 292
-612 304
-611 316
-610 305
-609 289
-608 321
-607 338
-606 336
-605 331
-604 280
-603 318
-602 316
-601 306
-600 308
-599 358
-598 310
-597 324
-596 333
-595 337
-594 360
-593 334
-592 356
-591 357
-590 360
-589 372
-588 359
-587 356
-586 357
-585 350
-584 373
-583 376
-582 370
-581 360
-580 376
-579 348
-578 368
-577 399
-576 384
-575 362
-574 388
-573 381
-572 433
-571 392
-570 383
-569 375
-568 363
-567 484
-566 428
-565 385
-564 412
-563 405
-562 437
-561 447
-560 406
-559 444
-558 422
-557 445
-556 441
-555 424
-554 460
-553 449
-552 452
-551 445
-550 479
-549 432
-548 427
-547 449
-546 477
-545 445
-544 516
-543 468
-542 503
-541 513
-540 460
-539 495
-538 506
-537 451
-536 570
-535 511
-534 515
-533 519
-532 485
-531 479
-530 534
-529 507
-528 489
-527 515
-526 513
-525 519
-524 546
-523 558
-522 576
-521 592
-520 563
-519 517
-518 548
-517 555
-516 539
-515 543
-514 575
-513 596
-512 590
-511 551
-510 604
-509 616
-508 599
-507 598
-506 591
-505 595
-504 587
-503 618
-502 608
-501 599
-500 646
-499 589
-498 627
-497 644
-496 651
-495 665
-494 673
-493 680
-492 698
-491 672
-490 649
-489 680
-488 640
-487 716
-486 692
-485 686
-484 725
-483 737
-482 715
-481 735
-480 775
-479 729
-478 699
-477 738
-476 707
-475 746
-474 754
-473 706
-472 768
-471 778
-470 793
-469 787
-468 807
-467 766
-466 814
-465 807
-464 777
-463 816
-462 828
-461 813
-460 859
-459 819
-458 846
-457 813
-456 857
-455 868
-454 893
-453 929
-452 869
-451 906
-450 901
-449 829
-448 898
-447 935
-446 941
-445 907
-444 943
-443 969
-442 972
-441 934
-440 916
-439 901
-438 990
-437 933
-436 1027
-435 998
-434 1014
-433 1005
-432 1010
-431 1080
-430 1039
-429 1064
-428 1047
-427 1016
-426 1034
-425 1034
-424 1041
-423 1090
-422 1081
-421 1095
-420 1106
-419 1138
-418 1131
-417 1105
-416 1091
-415 1132
-414 1104
-413 1200
-412 1173
-411 1177
-410 1130
-409 1229
-408 1201
-407 1199
-406 1193
-405 1198
-404 1243
-403 1216
-402 1269
-401 1274
-400 1254
-399 1269
-398 1324
-397 1296
-396 1348
-395 1359
-394 1370
-393 1341
-392 1407
-391 1397
-390 1311
-389 1299
-388 1311
-387 1427
-386 1418
-385 1440
-384 1473
-383 1493
-382 1508
-381 1469
-380 1482
-379 1469
-378 1459
-377 1517
-376 1540
-375 1460
-374 1573
-373 1537
-372 1605
-371 1599
-370 1552
-369 1568
-368 1607
-367 1651
-366 1600
-365 1646
-364 1639
-363 1733
-362 1773
-361 1699
-360 1809
-359 1750
-358 1821
-357 1709
-356 1769
-355 1819
-354 1803
-353 1795
-352 1914
-351 1877
-350 1891
-349 1860
-348 1902
-347 1917
-346 1948
-345 1961
-344 1977
-343 1930
-342 1909
-341 1966
-340 2095
-339 2091
-338 2002
-337 1998
-336 2127
-335 2121
-334 2061
-333 2062
-332 2192
-331 2070
-330 2154
-329 2281
-328 2266
-327 2286
-326 2399
-325 2217
-324 2259
-323 2339
-322 2370
-321 2308
-320 2398
-319 2418
-318 2445
-317 2421
-316 2535
-315 2463
-314 2532
-313 2530
-312 2583
-311 2557
-310 2581
-309 2569
-308 2611
-307 2616
-306 2663
-305 2696
-304 2654
-303 2681
-302 2774
-301 2754
-300 2793
-299 2841
-298 2850
-297 2879
-296 2791
-295 2894
-294 3035
-293 2957
-292 2931
-291 3062
-290 3018
-289 3054
-288 3157
-287 3046
-286 3027
-285 3251
-284 3158
-283 3318
-282 3333
-281 3381
-280 3334
-279 3354
-278 3416
-277 3416
-276 3549
-275 3529
-274 3578
-273 3631
-272 3563
-271 3640
-270 3525
-269 3644
-268 3775
-267 3663
-266 3748
-265 3886
-264 3892
-263 3900
-262 3942
-261 4064
-260 4107
-259 3991
-258 4089
-257 4125
-256 4090
-255 4240
-254 4176
-253 4345
-252 4262
-251 4346
-250 4449
-249 4372
-248 4493
-247 4495
-246 4488
-245 4698
-244 4640
-243 4700
-242 4776
-241 4725
-240 4656
-239 4833
-238 4947
-237 4997
-236 5058
-235 5026
-234 5123
-233 5162
-232 5243
-231 5255
-230 5167
-229 5412
-228 5422
-227 5369
-226 5399
-225 5560
-224 5717
-223 5707
-222 5707
-221 5833
-220 5857
-219 5882
-218 6031
-217 6023
-216 6248
-215 6223
-214 6220
-213 6241
-212 6363
-211 6456
-210 6470
-209 6512
-208 6623
-207 6812
-206 6847
-205 6824
-204 6882
-203 6876
-202 6982
-201 7118
-200 7011
-199 7297
-198 7424
-197 7439
-196 7551
-195 7548
-194 7682
-193 7713
-192 7717
-191 7846
-190 8050
-189 8090
-188 8338
-187 8399
-186 8396
-185 8488
-184 8594
-183 8655
-182 8598
-181 8624
-180 9015
-179 8933
-178 9242
-177 9296
-176 9479
-175 9571
-174 9721
-173 9936
-172 9715
-171 10095
-170 10145
-169 10135
-168 10306
-167 10322
-166 10696
-165 10828
-164 10776
-163 10923
-162 11180
-161 11333
-160 11306
-159 11557
-158 12039
-157 11845
-156 12012
-155 12026
-154 12373
-153 12507
-152 12645
-151 12926
-150 12815
-149 12973
-148 13388
-147 13528
-146 13603
-145 13749
-144 13930
-143 14117
-142 14533
-141 14540
-140 14678
-139 15005
-138 15172
-137 15458
-136 15773
-135 15990
-134 16041
-133 16188
-132 16414
-131 16864
-130 17180
-129 17031
-128 17505
-127 18190
-126 17674
-125 18329
-124 18920
-123 19155
-122 19344
-121 19514
-120 19725
-119 20230
-118 20434
-117 20956
-116 21056
-115 21423
-114 21759
-113 21688
-112 22337
-111 22895
-110 23192
-109 23934
-108 23873
-107 24263
-106 24957
-105 25209
-104 25822
-103 26209
-102 26563
-101 27345
-100 27380
-99 28115
-98 28449
-97 28895
-96 29790
-95 30210
-94 30855
-93 31593
-92 31888
-91 32678
-90 33163
-89 33271
-88 34257
-87 35399
-86 35995
-85 36595
-84 37249
-83 37974
-82 38809
-81 39879
-80 40501
-79 41284
-78 42156
-77 43045
-76 43994
-75 44946
-74 46133
-73 47443
-72 48465
-71 49482
-70 50725
-69 52091
-68 53617
-67 54072
-66 56270
-65 57300
-64 59090
-63 60736
-62 62068
-61 63502
-60 65640
-59 67144
-58 69016
-57 70977
-56 73756
-55 75079
-54 77661
-53 79691
-52 82383
-51 85073
-50 87411
-49 91058
-48 93508
-47 96712
-46 100132
-45 103930
-44 107163
-43 111337
-42 116070
-41 119576
-40 124543
-39 129309
-38 134541
-37 140524
-36 146607
-35 152431
-34 160310
-33 166986
-32 174322
-31 184168
-30 193473
-29 203103
-28 214156
-27 226246
-26 238179
-25 253290
-24 269460
-23 287701
-22 306774
-21 327416
-20 351634
-19 379767
-18 409319
-17 445006
-16 484309
-15 532231
-14 588013
-13 652047
-12 729542
-11 825426
-10 941006
-9 1090927
-8 1278050
-7 1534880
-6 1881545
-5 2390367
-4 3189515
-3 4559703
-2 7484060
-1 17106560
0 107572689
1 781662508
2 110391171
3 15037794
4 7013664
5 4437719
6 3133408
7 2360739
8 1867028
9 1522899
10 1270945
11 1083873
12 937540
13 820893
14 727632
15 649994
16 586693
17 530620
18 483458
19 444352
20 408234
21 377368
22 350517
23 327346
24 306474
25 285962
26 269399
27 252916
28 238800
29 225724
30 214147
31 203624
32 193230
33 182800
34 174838
35 167287
36 159733
37 152887
38 145657
39 139946
40 134483
41 128485
42 124211
43 119948
44 115618
45 111431
46 106884
47 103495
48 100250
49 96892
50 92880
51 90648
52 87877
53 85318
54 82283
55 79736
56 77618
57 75180
58 73257
59 70765
60 69083
61 66740
62 65467
63 63500
64 61791
65 59831
66 59146
67 57339
68 55848
69 54504
70 53504
71 51513
72 50646
73 49744
74 48516
75 47283
76 46315
77 44841
78 43755
79 43282
80 42281
81 41483
82 40475
83 39361
84 39038
85 38028
86 37085
87 36123
88 35713
89 35235
90 34499
91 33751
92 33137
93 32365
94 31941
95 31100
96 30579
97 30297
98 29777
99 29235
100 28765
101 28032
102 27399
103 26844
104 26826
105 26249
106 25510
107 25220
108 24755
109 24580
110 23980
111 23610
112 23177
113 22592
114 22443
115 22125
116 21852
117 21268
118 21266
119 20788
120 20561
121 20034
122 19781
123 19480
124 19344
125 18964
126 18470
127 18289
128 18268
129 17768
130 17488
131 17336
132 17216
133 16836
134 16510
135 16353
136 16164
137 15699
138 15735
139 15516
140 15377
141 15069
142 14670
143 14260
144 14539
145 14149
146 13983
147 13916
148 13791
149 13653
150 13506
151 13116
152 12853
153 12633
154 12497
155 12279
156 12308
157 12188
158 12052
159 11799
160 11737
161 11468
162 11246
163 11343
164 11107
165 10922
166 10674
167 10712
168 10746
169 10543
170 10260
171 10182
172 10062
173 9905
174 10052
175 9618
176 9590
177 9307
178 9524
179 9359
180 9066
181 9122
182 9124
183 8862
184 8716
185 8850
186 8611
187 8510
188 8200
189 8199
190 8204
191 8150
192 7941
193 8050
194 7834
195 7756
196 7617
197 7740
198 7548
199 7458
200 7273
201 7282
202 7282
203 7265
204 6955
205 6963
206 6959
207 6795
208 6687
209 6527
210 6643
211 6570
212 6413
213 6585
214 6346
215 6296
216 6277
217 6097
218 6056
219 5988
220 5864
221 5806
222 5903
223 5728
224 5732
225 5663
226 5529
227 5548
228 5464
229 5525
230 5424
231 5370
232 5465
233 5265
234 5268
235 5164
236 5165
237 5026
238 5020
239 4914
240 4828
241 4897
242 4847
243 4644
244 4710
245 4533
246 4687
247 4520
248 4580
249 4574
250 4406
251 4467
252 4335
253 4364
254 4297
255 4242
256 4150
257 4114
258 4228
259 4127
260 4098
261 4046
262 4017
263 3982
264 3872
265 3815
266 3876
267 3908
268 3745
269 3648
270 3719
271 3767
272 3617
273 3615
274 3511
275 3516
276 3509
277 3563
278 3425
279 3368
280 3503
281 3395
282 3282
283 3334
284 3329
285 3201
286 3250
287 3147
288 3164
289 3084
290 3188
291 3120
292 3022
293 3012
294 2984
295 2952
296 2905
297 2914
298 2924
299 2879
300 2851
301 2798
302 2796
303 2877
304 2721
305 2800
306 2691
307 2705
308 2769
309 2507
310 2635
311 2522
312 2597
313 2610
314 2582
315 2494
316 2531
317 2526
318 2468
319 2498
320 2416
321 2366
322 2414
323 2344
324 2305
325 2302
326 2327
327 2280
328 2301
329 2145
330 2288
331 2199
332 2259
333 2221
334 2179
335 2102
336 2108
337 2125
338 2046
339 2029
340 2028
341 1965
342 2020
343 2025
344 1938
345 1930
346 1994
347 1890
348 1990
349 1935
350 1973
351 1959
352 1892
353 1788
354 1887
355 1820
356 1807
357 1775
358 1802
359 1840
360 1783
361 1787
362 1742
363 1764
364 1660
365 1621
366 1644
367 1682
368 1665
369 1607
370 1646
371 1648
372 1576
373 1595
374 1566
375 1522
376 1566
377 1537
378 1430
379 1499
380 1469
381 1481
382 1484
383 1495
384 1433
385 1418
386 1347
387 1497
388 1401
389 1422
390 1315
391 1376
392 1329
393 1442
394 1373
395 1347
396 1313
397 1325
398 1320
399 1247
400 1256
401 1325
402 1255
403 1272
404 1318
405 1243
406 1205
407 1181
408 1237
409 1182
410 1230
411 1221
412 1212
413 1153
414 1211
415 1153
416 1133
417 1154
418 1108
419 1143
420 1093
421 1129
422 1121
423 1078
424 1087
425 1073
426 1069
427 1059
428 1099
429 1027
430 1008
431 1093
432 1053
433 1020
434 1027
435 1059
436 1036
437 985
438 941
439 899
440 942
441 926
442 949
443 924
444 974
445 943
446 976
447 827
448 916
449 893
450 956
451 899
452 915
453 900
454 908
455 873
456 858
457 916
458 814
459 884
460 859
461 862
462 827
463 823
464 855
465 812
466 860
467 812
468 777
469 789
470 767
471 813
472 762
473 753
474 786
475 816
476 757
477 728
478 763
479 754
480 702
481 684
482 764
483 697
484 723
485 765
486 714
487 671
488 671
489 714
490 681
491 661
492 722
493 664
494 643
495 622
496 676
497 637
498 635
499 656
500 609
501 574
502 694
503 610
504 597
505 625
506 602
507 593
508 600
509 610
510 557
511 607
512 615
513 539
514 553
515 594
516 613
517 606
518 593
519 562
520 587
521 564
522 543
523 517
524 529
525 545
526 513
527 522
528 543
529 545
530 531
531 473
532 506
533 519
534 520
535 471
536 489
537 512
538 514
539 520
540 478
541 460
542 477
543 467
544 500
545 406
546 448
547 457
548 465
549 472
550 463
551 504
552 457
553 459
554 428
555 480
556 474
557 471
558 401
559 425
560 419
561 382
562 424
563 360
564 400
565 370
566 378
567 402
568 410
569 400
570 422
571 397
572 410
573 386
574 383
575 388
576 414
577 397
578 395
579 379
580 383
581 389
582 377
583 346
584 367
585 358
586 348
587 369
588 335
589 365
590 376
591 356
592 348
593 338
594 328
595 377
596 366
597 342
598 362
599 313
600 299
601 348
602 312
603 319
604 292
605 324
606 314
607 292
608 313
609 346
610 311
611 291
612 320
613 314
614 295
615 319
616 290
617 307
618 309
619 293
620 308
621 299
622 274
623 270
624 300
625 322
626 243
627 246
628 280
629 272
630 287
631 286
632 276
633 261
634 247
635 245
636 257
637 226
638 271
639 279
640 261
641 230
642 272
643 288
644 233
645 280
646 278
647 249
648 212
649 223
650 203
651 243
652 237
653 242
654 238
655 229
656 221
657 212
658 210
659 224
660 238
661 212
662 218
663 199
664 222
665 202
666 220
667 237
668 211
669 195
670 179
671 217
672 202
673 210
674 233
675 212
676 188
677 192
678 216
679 204
680 198
681 183
682 171
683 196
684 174
685 173
686 192
687 180
688 158
689 176
690 197
691 168
692 166
693 162
694 169
695 174
696 183
697 188
698 172
699 185
700 187
701 152
702 187
703 182
704 161
705 144
706 177
707 147
708 154
709 159
710 168
711 147
712 144
713 157
714 153
715 153
716 155
717 161
718 141
719 147
720 128
721 137
722 145
723 140
724 133
725 136
726 155
727 136
728 145
729 135
730 127
731 126
732 150
733 126
734 132
735 124
736 131
737 136
738 151
739 129
740 127
741 128
742 122
743 127
744 158
745 133
746 110
747 128
748 120
749 127
750 125
751 130
752 101
753 109
754 122
755 118
756 125
757 106
758 119
759 113
760 93
761 108
762 114
763 126
764 116
765 98
766 109
767 101
768 105
769 96
770 94
771 106
772 110
773 120
774 115
775 114
776 98
777 114
778 103
779 119
780 97
781 75
782 109
783 92
784 119
785 89
786 101
787 97
788 90
789 92
790 94
791 95
792 90
793 81
794 88
795 64
796 99
797 94
798 102
799 79
800 108
801 104
802 82
803 79
804 94
805 68
806 93
807 80
808 83
809 74
810 76
811 77
812 84
813 73
814 76
815 78
816 75
817 74
818 77
819 67
820 70
821 76
822 74
823 78
824 68
825 67
826 68
827 84
828 69
829 66
830 68
831 68
832 64
833 88
834 68
835 45
836 76
837 65
838 66
839 74
840 59
841 65
842 63
843 57
844 83
845 78
846 65
847 63
848 68
849 65
850 58
851 52
852 58
853 61
854 73
855 50
856 65
857 66
858 72
859 65
860 44
861 65
862 61
863 50
864 55
865 62
866 64
867 60
868 53
869 48
870 48
871 59
872 38
873 50
874 57
875 65
876 56
877 53
878 58
879 45
880 48
881 48
882 45
883 38
884 54
885 38
886 47
887 43
888 32
889 61
890 56
891 46
892 38
893 52
894 41
895 47
896 51
897 54
898 46
899 38
900 35
901 49
902 47
903 52
904 38
905 48
906 34
907 42
908 41
909 42
910 49
911 35
912 46
913 25
914 41
915 40
916 43
917 39
918 30
919 32
920 38
921 36
922 39
923 38
924 39
925 37
926 30
927 36
928 37
929 35
930 35
931 40
932 34
933 27
934 34
935 20
936 30
937 42
938 22
939 43
940 36
941 31
942 29
943 20
944 37
945 36
946 34
947 25
948 29
949 27
950 36
951 42
952 30
953 32
954 35
955 32
956 41
957 31
958 24
959 26
960 29
961 27
962 30
963 25
964 27
965 38
966 30
967 31
968 30
969 33
970 24
971 20
972 20
973 22
974 33
975 24
976 14
977 18
978 22
979 24
980 28
981 22
982 30
983 22
984 21
985 26
986 10
987 20
988 21
989 25
990 20
991 23
992 24
993 28
994 26
995 18
996 29
997 36
998 22
999 28
1000 13
1001 36
1002 17
1003 26
1004 17
1005 23
1006 24
1007 18
1008 19
1009 15
1010 17
1011 23
1012 22
1013 20
1014 22
1015 18
1016 17
1017 19
1018 18
1019 15
1020 24
1021 27
1022 19
1023 16
1024 22
1025 15
1026 25
1027 21
1028 13
1029 16
1030 14
1031 10
1032 13
1033 25
1034 11
1035 24
1036 12
1037 15
1038 13
1039 19
1040 10
1041 8
1042 7
1043 16
1044 14
1045 18
1046 20
1047 14
1048 16
1049 8
1050 17
1051 19
1052 14
1053 17
1054 17
1055 10
1056 16
1057 11
1058 15
1059 19
1060 15
1061 19
1062 13
1063 18
1064 9
1065 12
1066 11
1067 16
1068 10
1069 15
1070 21
1071 15
1072 9
1073 14
1074 11
1075 10
1076 16
1077 9
1078 17
1079 13
1080 10
1081 11
1082 18
1083 13
1084 9
1085 14
1086 16
1087 10
1088 17
1089 6
1090 9
1091 7
1092 12
1093 12
1094 13
1095 17
1096 12
1097 11
1098 10
1099 11
1100 8
1101 8
1102 10
1103 12
1104 13
1105 12
1106 4
1107 11
1108 3
1109 7
1110 12
1111 9
1112 10
1113 4
1114 7
1115 3
1116 12
1117 18
1118 13
1119 6
1120 6
1121 8
1122 9
1123 5
1124 6
1125 5
1126 8
1127 10
1128 3
1129 15
1130 7
1131 8
1132 5
1133 7
1134 7
1135 6
1136 7
1137 6
1138 9
1139 11
1140 5
1141 8
1142 6
1143 11
1144 8
1145 5
1146 12
1147 6
1148 9
1149 9
1150 5
1151 9
1152 6
1153 6
1154 6
1155 13
1156 4
1157 5
1158 4
1159 8
1160 11
1161 2
1162 6
1163 6
1164 10
1165 8
1166 8
1167 5
1168 0
1169 9
1170 5
1171 9
1172 11
1173 5
1174 8
1175 9
1176 5
1177 4
1178 5
1179 2
1180 5
1181 6
1182 5
1183 3
1184 3
1185 4
1186 1
1187 6
1188 7
1189 3
1190 6
1191 8
1192 2
1193 6
1194 8
1195 6
1196 4
1197 2
1198 2
1199 4
1200 3
1201 7
1202 5
1203 6
1204 6
1205 5
1206 5
1207 4
1208 3
1209 3
1210 5
1211 7
1212 2
1213 2
1214 2
1215 7
1216 9
1217 4
1218 3
1219 7
1220 4
1221 5
1222 5
1223 5
1224 2
1225 3
1226 3
1227 5
1228 4
1229 1
1230 3
1231 3
1232 7
1233 5
1234 3
1235 2
1236 3
1237 8
1238 3
1239 5
1240 5
1241 3
1242 4
1243 2
1244 5
1245 2
1246 3
1247 1
1248 1
1249 6
1250 2
1251 2
1252 1
1253 4
1254 4
1255 5
1256 10
1257 4
1258 7
1259 2
1260 4
1261 2
1262 0
1263 0
1264 5
1265 0
1266 3
1267 4
1268 2
1269 2
1270 3
1271 4
1272 3
1273 2
1274 2
1275 0
1276 2
1277 3
1278 3
1279 1
1280 4
1281 4
1282 2
1283 4
1284 0
1285 4
1286 3
1287 1
1288 5
1289 1
1290 2
1291 2
1292 0
1293 1
1294 4
1295 3
1296 1
1297 7
1298 1
1299 1
1300 2
1301 2
1302 2
1303 1
1304 1
1305 2
1306 2
1307 1
1308 3
1309 1
1310 0
1311 4
1312 1
1313 1
1314 4
1315 1
1316 2
1317 2
1318 0
1319 2
1320 2
1321 2
1322 1
1323 1
1324 0
1325 0
1326 4
1327 2
1328 1
1329 5
1330 2
1331 2
1332 1
1333 1
1334 2
1335 2
1336 0
1337 2
1338 1
1339 2
1340 1
1341 2
1342 4
1343 1
1344 0
1345 2
1346 0
1347 1
1348 0
1349 2
1350 0
1351 0
1352 3
1353 1
1354 0
1355 0
1356 1
1357 2
1358 2
1359 1
1360 2
1361 0
1362 1
1363 1
1364 2
1365 0
1366 1
1367 1
1368 2
1369 0
1370 0
1371 1
1372 1
1373 1
1374 1
1375 0
1376 1
1377 0
1378 1
1379 1
1380 0
1381 2
1382 1
1383 0
1384 0
1385 0
1386 1
1387 3
1388 1
1389 1
1390 1
1391 1
1392 1
1393 0
1394 2
1395 2
1396 0
1397 1
1398 2
1399 1
1400 0
1401 0
1402 0
1403 0
1404 0
1405 0
1406 0
1407 2
1408 0
1409 2
1410 2
1411 1
1412 1
1413 0
1414 1
1415 3
1416 3
1417 1
1418 0
1419 1
1420 0
1421 0
1422 0
1423 0
1424 0
1425 2
1426 1
1427 0
1428 1
1429 1
1430 0
1431 0
1432 1
1433 1
1434 0
1435 0
1436 2
1437 1
1438 0
1439 0
1440 3
1441 0
1442 0
1443 0
1444 1
1445 0
1446 1
1447 0
1448 0
1449 0
1450 0
1451 0
1452 1
1453 0
1454 0
1455 0
1456 0
1457 0
1458 0
1459 1
1460 0
1461 0
1462 0
1463 1
1464 0
1465 0
1466 0
1467 1
1468 0
1469 0
1470 0
1471 1
1472 0
1473 0
1474 1
1475 0
1476 0
1477 0
1478 1
1479 1
1480 1
1481 1
1482 0
1483 0
1484 0
1485 0
1486 3
1487 0
1488 1
1489 1
1490 0
1491 0
1492 0
1493 0
1494 0
1495 1
1496 0
1497 1
1498 0
1499 0
1500 0
1501 0
1502 1
1503 0
1504 0
1505 0
1506 0
1507 1
1508 0
1509 0
1510 0
1511 0
1512 0
1513 0
1514 0
1515 0
1516 0
1517 0
1518 0
1519 0
1520 0
1521 0
1522 0
1523 0
1524 0
1525 0
1526 1
1527 0
1528 0
1529 0
1530 0
1531 0
1532 0
1533 0
1534 0
1535 0
1536 1
1537 0
1538 0
1539 0
1540 0
1541 0
1542 1
1543 0
1544 0
1545 0
1546 0
1547 0
1548 0
1549 0
1550 0
1551 2
1552 0
1553 0
1554 0
1555 0
1556 0
1557 0
1558 0
1559 1
1560 0
1561 0
1562 1
1563 0
1564 0
1565 0
1566 0
1567 0
1568 0
1569 0
1570 0
1571 0
1572 0
1573 1
1574 0
1575 0
1576 0
1577 0
1578 2
1579 0
1580 0
1581 0
1582 0
1583 0
1584 0
1585 1
1586 0
1587 0
1588 0
1589 0
1590 1
1591 0
1592 0
1593 1
1594 0
1595 0
1596 0
1597 0
1598 1
1599 0
1600 0
1601 0
1602 0
1603 0
1604 0
1605 0
1606 0
1607 0
1608 0
1609 0
1610 0
1611 0
1612 0
1613 0
1614 1
1615 0
1616 0
1617 0
1618 0
1619 1
1620 0
1621 0
1622 0
1623 0
1624 0
1625 0
1626 0
1627 0
1628 0
1629 0
1630 0
1631 0
1632 0
1633 0
1634 0
1635 0
1636 0
1637 0
1638 0
1639 0
1640 0
1641 0
1642 0
1643 0
1644 0
1645 0
1646 0
1647 0
1648 0
1649 0
1650 0
1651 0
1652 0
1653 0
1654 0
1655 0
1656 0
1657 0
1658 0
1659 0
1660 1
1661 0
1662 0
1663 0
1664 1
1665 0
1666 0
1667 0
1668 0
1669 0
1670 0
1671 0
1672 0
1673 0
1674 0
1675 1
1676 0
1677 0
1678 0
1679 0
1680 0
1681 0
1682 0
1683 0
1684 0
1685 0
1686 0
1687 0
1688 0
1689 0
1690 0
1691 0
1692 0
1693 0
1694 0
1695 0
1696 0
1697 0
1698 0
1699 0
1700 0
1701 0
1702 0
1703 0
1704 0
1705 0
1706 0
1707 0
1708 0
1709 0
1710 0
1711 0
1712 0
1713 0
1714 0
1715 0
1716 0
1717 0
1718 0
1719 0
1720 0
1721 0
1722 0
1723 0
1724 0
1725 0
1726 0
1727 0
1728 0
1729 0
1730 0
1731 0
1732 0
1733 0
1734 0
1735 0
1736 0
1737 0
1738 0
1739 0
1740 1
1741 0
1742 0
1743 0
1744 0
1745 0
1746 0
1747 0
1748 0
1749 0
1750 0
1751 0
1752 0
1753 0
1754 0
1755 0
1756 0
1757 0
1758 0
1759 0
1760 0
1761 0
1762 0
1763 0
1764 0
1765 0
1766 0
1767 0
1768 0
1769 0
1770 0
1771 0
1772 0
1773 0
1774 0
1775 0
1776 0
1777 0
1778 0
1779 0
1780 0
1781 0
1782 0
1783 0
1784 0
1785 0
1786 0
1787 0
1788 0
1789 0
1790 0
1791 0
1792 0
1793 0
1794 0
1795 0
1796 0
1797 0
1798 0
1799 0
1800 0
1801 0
1802 0
1803 0
1804 0
1805 0
1806 0
1807 0
1808 0
1809 0
1810 0
1811 0
1812 0
1813 0
1814 0
1815 0
1816 0
1817 0
1818 0
1819 0
1820 0
1821 0
1822 0
1823 0
1824 0
1825 0
1826 0
1827 0
1828 0
1829 0
1830 0
1831 0
1832 0
1833 0
1834 0
1835 0
1836 0
1837 0
1838 0
1839 0
1840 0
1841 0
1842 0
1843 0
1844 0
1845 0
1846 0
1847 0
1848 0
1849 0
1850 0
1851 0
1852 0
1853 0
1854 0
1855 0
1856 0
1857 0
1858 0
1859 0
1860 0
1861 0
1862 0
1863 0
1864 0
1865 0
1866 0
1867 0
1868 0
1869 0
1870 0
1871 0
1872 0
1873 0
1874 0
1875 0
1876 0
1877 0
1878 0
1879 0
1880 0
1881 0
1882 0
1883 0
1884 0
1885 0
1886 0
1887 0
1888 0
1889 0
1890 0
1891 0
1892 0
1893 0
1894 0
1895 0
1896 0
1897 0
1898 0
1899 0
1900 0
1901 0
1902 0
1903 0
1904 0
1905 0
1906 1
