2 0.7130007108681927
3 0.6653175382840398
4 0.634324995948891
5 0.6116931464521767
6 0.5945159762122741
7 0.5806934876132024
8 0.5693488240660268
9 0.5598035761103921
10 0.5518941510782783
11 0.5448206590246097
12 0.5385753690677118
13 0.5332728195425087
14 0.5283091031671033
15 0.5238926485475858
16 0.5198941105878697
17 0.516353205067655
18 0.5135091622144936
19 0.5103063610956851
20 0.5071836799491983
21 0.5050449280096364
22 0.5024528458474563
23 0.5002067834910677
24 0.49846528432273896
25 0.49630390181013806
26 0.49485825245299275
27 0.4926304993708963
28 0.4911112062317521
29 0.48976200417235183
30 0.48850191454480296
31 0.4866297262647983
32 0.4853030151175182
33 0.48480473854208045
34 0.48344359111796315
35 0.48234085142933364
36 0.4810769422301797
37 0.4801269345481262
38 0.4794550579229914
39 0.478618768454857
40 0.47775647402278426
41 0.4765028649516078
42 0.47610740149444847
43 0.4747067774639773
44 0.47454430256835095
45 0.4735348707349331
46 0.47298650880691606
47 0.4723491084471445
48 0.4714044594674821
49 0.4709940934077697
50 0.47035108687412197
51 0.46948856696201163
52 0.46877693071154
53 0.46851501272994844
54 0.46844522057664895
55 0.46757867789260205
56 0.46718044946379556
57 0.4665439127851149
58 0.46579163327149237
59 0.4652619056281953
60 0.46584554706001374
61 0.4643780719227732
62 0.463786024804544
63 0.46412959629724865
64 0.464479324564406
65 0.4630432362594918
66 0.46265911732492904
67 0.4623140734328789
68 0.4617731344664399
69 0.46203305096514374
70 0.4611621385057627
71 0.4608399723465894
72 0.45965301301669537
73 0.45996178611150773
74 0.4608555617155659
75 0.45950300574828795
76 0.45865592882224615
77 0.4589627452397588
78 0.45868684981000435
79 0.45934877814115277
80 0.4591029638588977
81 0.4591198493732656
82 0.45752039814150264
83 0.45763823530846015
84 0.4575132717790304
85 0.45675532622214343
86 0.4571929635950708
87 0.4564133959707692
88 0.455276738050388
89 0.4562286144457798
90 0.45587326735095857
91 0.45483705981524397
92 0.45599203159972806
93 0.4557375891176782
94 0.4560273557546639
95 0.4559971109891465
96 0.4553825182289322
97 0.4544472500142388
98 0.45362906783632384
99 0.4539467284871279
100 0.45461786610378746
101 0.45356753812636164
102 0.45412706777662654
103 0.45260823405593004
104 0.4537226318868868
105 0.4522859570644424
106 0.45262232167381056
107 0.4552624591981758
108 0.45108275743657983
109 0.4508845126835781
110 0.45180560494648575
111 0.4536302380875217
112 0.4529764516600848
113 0.4537280963728159
114 0.45302469016078667
115 0.4532705462938021
116 0.45304593794841164
117 0.4525230794271985
118 0.4523011601132247
119 0.45170503721654837
120 0.4519121192622855
121 0.450584769574371
122 0.4513434118487975
123 0.4517348868107721
124 0.45036654484977134
125 0.4508119988603525
126 0.45138204393951425
127 0.45146993007666064
128 0.44936184566238585
129 0.44985769979510815
130 0.45088776157260624
131 0.4499320910523171
132 0.44857606031199343
133 0.4496260219168551
134 0.4507080073754498
135 0.45109626584446727
136 0.44809279133340085
137 0.45146741617099156
138 0.4474399897424131
139 0.44886221381478286
140 0.4469306247934834
141 0.4472574774255949
142 0.44692257544962993
143 0.4506794023462395
144 0.44963206286330776
145 0.447313799858292
146 0.4480232117643007
147 0.44824764276819073
148 0.44616400176030513
149 0.4499639550766429
150 0.4491109179857239
151 0.4466301710481461
152 0.4487732695909519
153 0.4511483563783996
154 0.4481666061586191
155 0.44836624937858727
156 0.4485808214103811
157 0.4469161859762313
158 0.4437429958909227
159 0.4463753146988574
160 0.4468068184830731
161 0.44779719081877356
162 0.4478290328044718
163 0.44556568707166916
164 0.4475620420347978
165 0.4468964876417023
166 0.4437643093360468
167 0.4477405045744386
168 0.44677006474928477
169 0.44457455785358796
170 0.4474092571122804
171 0.44428114781202926
172 0.44619571379975054
173 0.44649790340114925
174 0.4502724110894433
175 0.44511969016521774
176 0.4433837630513531
177 0.44629332865014376
178 0.4489103897278235
179 0.446749428291408
180 0.4460907335907336
181 0.44372272658875456
182 0.4414180828669713
183 0.4519685039370079
184 0.44436021010451077
185 0.44681446646512146
186 0.44257975829085283
187 0.4428805524667876
188 0.4455105606817694
189 0.4517490387320641
190 0.4434662910557654
191 0.44403222032821954
192 0.44660426345996174
193 0.4406513703884511
194 0.4436044209237859
195 0.4438895307666505
196 0.4481817482893826
197 0.44328828290076944
198 0.44625703875455447
199 0.4420013557024233
200 0.44361991744972334
201 0.4452633471148661
202 0.4460245940110767
203 0.44388045540796967
204 0.43970719161143534
205 0.4458096554548712
206 0.44237084918938646
207 0.44465381716377733
208 0.4430093282552299
209 0.43921656911301216
210 0.43508424182358774
211 0.44116050425236747
212 0.43661971830985913
213 0.43807919123841615
214 0.444474034620506
215 0.44078169552820085
216 0.4480630055342699
217 0.44387077740079656
218 0.44948361023798833
219 0.4352110490378647
220 0.4419493549928333
221 0.4338743237619642
222 0.44313417190775684
223 0.4524287084677771
224 0.4400429222927658
225 0.44369701437523035
226 0.44706778370144706
227 0.4387192118226601
228 0.43863751906456533
229 0.43809726056487575
230 0.44503296940871256
231 0.44569120287253144
232 0.444713199723566
233 0.4438122332859175
234 0.4509042359509649
235 0.4415307402760351
236 0.4420972257571901
237 0.44481471607571316
238 0.4440640832534575
239 0.4390552509489667
240 0.4421037338369897
241 0.44855159927579963
242 0.4411586290567182
243 0.4337139232477006
244 0.43306304815488994
245 0.4323912675579624
246 0.43968938740293356
247 0.4458859072329838
248 0.4419023599351468
249 0.4470676409968147
250 0.4470011316484346
251 0.4428123775949863
252 0.4314467915504185
253 0.4508064516129032
254 0.4321472900289615
255 0.44139761167624947
256 0.43614067561314207
257 0.44495412844036697
258 0.42710371819960863
259 0.42578632700805824
260 0.44964687418257915
261 0.42770767613038907
262 0.43542953396968
263 0.4438717067583047
264 0.4439617723718506
265 0.43200962695547535
266 0.45180722891566266
267 0.44987389659520804
268 0.4454748960665174
269 0.42253978564468986
270 0.44394773039889956
271 0.4576909900650908
272 0.43114810960804717
273 0.4183899556868538
274 0.44405182567726736
275 0.43358297201419
276 0.43630166169578183
277 0.437020316027088
278 0.4351245085190039
279 0.42497793468667255
280 0.4303505535055351
281 0.4207650273224044
282 0.43662700465597515
283 0.4239414532148458
284 0.4268224819143016
285 0.4276206322795341
286 0.43639475185396465
287 0.4539877300613497
288 0.4292929292929293
289 0.44227005870841485
290 0.45484508899143045
291 0.44301221166892807
292 0.4384949348769899
293 0.4326853851691865
294 0.4271771771771772
295 0.4270516717325228
296 0.4380358534684334
297 0.4223140495867769
298 0.43900343642611683
299 0.4497854077253219
300 0.4400684931506849
301 0.43144424131627057
302 0.44662921348314605
303 0.43461900282220134
304 0.42842842842842843
305 0.4496288441145281
306 0.440337909186906
307 0.44842562432138977
308 0.45435016111707843
309 0.43507214206437295
310 0.42873432155074115
311 0.4332129963898917
312 0.4475347661188369
313 0.4266666666666667
314 0.4172661870503597
315 0.3959731543624161
316 0.4434654919236417
317 0.4263456090651558
318 0.4276827371695179
319 0.45893719806763283
320 0.44200626959247646
321 0.40858505564387915
322 0.4465195246179966
323 0.43527508090614886
324 0.45017182130584193
325 0.44714038128249567
326 0.47491039426523296
327 0.44364937388193204
328 0.40194174757281553
329 0.46595744680851064
330 0.4295942720763723
331 0.4636752136752137
332 0.4449438202247191
333 0.46153846153846156
334 0.4107142857142857
335 0.4278481012658228
336 0.4713216957605985
337 0.42377260981912146
338 0.44594594594594594
339 0.40106951871657753
340 0.45706371191135736
341 0.3719676549865229
342 0.40059347181008903
343 0.4126984126984127
344 0.46179401993355484
345 0.4434250764525994
346 0.4358974358974359
347 0.4602649006622517
348 0.40217391304347827
349 0.43359375
350 0.45348837209302323
351 0.4801587301587302
352 0.4549019607843137
353 0.4666666666666667
354 0.4669421487603306
355 0.4117647058823529
356 0.44841269841269843
357 0.4050632911392405
358 0.40869565217391307
359 0.45739910313901344
360 0.43859649122807015
361 0.42592592592592593
362 0.40512820512820513
363 0.4350282485875706
364 0.47019867549668876
365 0.4246575342465753
366 0.44881889763779526
367 0.4621212121212121
368 0.4605263157894737
369 0.40425531914893614
370 0.484375
371 0.44594594594594594
372 0.43870967741935485
373 0.5
374 0.47337278106508873
375 0.4166666666666667
376 0.40441176470588236
377 0.5185185185185185
378 0.46564885496183206
379 0.416
380 0.4126984126984127
381 0.3739130434782609
382 0.4895833333333333
383 0.4722222222222222
384 0.40404040404040403
385 0.375
386 0.41304347826086957
387 0.375
388 0.5
389 0.43137254901960786
390 0.3956043956043956
391 0.4444444444444444
392 0.3333333333333333
393 0.3939393939393939
394 0.44871794871794873
395 0.3698630136986301
396 0.3880597014925373
397 0.589041095890411
398 0.417910447761194
399 0.4339622641509434
400 0.4489795918367347
401 0.3111111111111111
402 0.44
403 0.4523809523809524
404 0.5
405 0.45
406 0.46551724137931033
407 0.5806451612903226
408 0.35384615384615387
409 0.4915254237288136
410 0.42857142857142855
411 0.5
412 0.46511627906976744
413 0.525
414 0.4230769230769231
415 0.29545454545454547
416 0.37209302325581395
417 0.40476190476190477
418 0.5
419 0.39473684210526316
420 0.4642857142857143
421 0.6333333333333333
422 0.4642857142857143
423 0.4473684210526316
424 0.20689655172413793
425 0.5588235294117647
426 0.4375
427 0.5294117647058824
428 0.45714285714285713
429 0.3793103448275862
430 0.4166666666666667
431 0.4
432 0.5294117647058824
433 0.55
434 0.52
435 0.5185185185185185
436 0.40625
437 0.5172413793103449
438 0.5151515151515151
439 0.46875
440 0.4411764705882353
441 0.46875
442 0.48
443 0.4117647058823529
444 0.27586206896551724
445 0.4
446 0.35294117647058826
447 0.6111111111111112
448 0.47619047619047616
449 0.42857142857142855
450 0.3
451 0.5714285714285714
452 0.8
453 0.46153846153846156
454 0.3333333333333333
455 0.46153846153846156
456 0.2857142857142857
457 0.4166666666666667
458 0.36363636363636365
459 0.5454545454545454
460 0.6153846153846154
461 0.4166666666666667
462 0.4444444444444444
463 0.5
464 0.5454545454545454
465 0.375
466 0.5
467 0.3333333333333333
468 0.375
469 0.6
470 0.2857142857142857
471 0.3333333333333333
472 0.5
473 0.2
474 0.5
475 0.36363636363636365
476 0.3333333333333333
477 0.16666666666666666
478 0.25
479 0.75
480 1.0
481 0.4444444444444444
482 0.5
483 0.3333333333333333
484 0.1111111111111111
485 0.4
486 0.42857142857142855
487 0.5
488 0.25
489 0.5
490 0.5
491 0.3333333333333333
492 0.0
493 0.75
494 0.2857142857142857
495 0.0
496 0.5
497 0.8571428571428571
498 0.5
