0 0.4571
1 0.457
2 0.457
3 0.4593
4 0.4625
5 0.462
6 0.4619
7 0.4621
8 0.4623
9 0.4511
10 0.4601
11 0.455
12 0.4665
13 0.4661
14 0.4639
15 0.4598
16 0.4498
17 0.468
18 0.4609
19 0.4609
20 0.4646
21 0.4618
22 0.4557
23 0.4571
24 0.4568
25 0.4561
26 0.4605
27 0.4577
28 0.457
29 0.4613
30 0.4696
31 0.4574
32 0.4627
33 0.4497
34 0.4561
35 0.4644
36 0.4566
37 0.4585
38 0.4593
39 0.4626
40 0.4622
41 0.467
42 0.4582
43 0.4672
44 0.4667
45 0.4564
46 0.4573
47 0.4605
48 0.4504
49 0.4612
50 0.4538
51 0.4574
52 0.4618
53 0.465
54 0.4609
55 0.4596
56 0.4591
57 0.4491
58 0.4543
59 0.459
60 0.4615
61 0.4643
62 0.4606
63 0.4527
64 0.4697
65 0.4603
66 0.4628
67 0.4598
68 0.4615
69 0.4644
70 0.4666
71 0.4676
72 0.4617
73 0.4584
74 0.4567
75 0.4554
76 0.4663
77 0.4606
78 0.454
79 0.4626
80 0.463
81 0.4507
82 0.4597
83 0.4495
84 0.458
85 0.4606
86 0.4549
87 0.4592
88 0.4603
89 0.4584
90 0.4545
91 0.4521
92 0.4541
93 0.4585
94 0.4567
95 0.4538
96 0.4595
97 0.4643
98 0.4575
99 0.4652
100 0.4535
101 0.4662
102 0.4541
103 0.4507
104 0.4562
105 0.4639
106 0.4477
107 0.4643
108 0.4539
109 0.4518
110 0.4514
