2 0.47600718501411343
3 0.47852573865367043
4 0.4765706351961125
5 0.4916094584286804
6 0.4772442588726514
7 0.48476454293628807
8 0.4987916868052199
9 0.4762174405436014
10 0.5113365155131265
11 0.4853836784409257
12 0.4993718592964824
13 0.4913494809688581
14 0.4985611510791367
15 0.49320943531093636
16 0.5111591072714183
17 0.48377125193199383
18 0.5110384300899428
19 0.4888316151202749
20 0.5157618213660246
21 0.4905335628227194
22 0.49032882011605416
23 0.4780915287244401
24 0.49405405405405406
25 0.5109034267912772
26 0.48881789137380194
27 0.4782608695652174
28 0.4896719319562576
29 0.4918648310387985
30 0.4967490247074122
31 0.5173697270471465
32 0.5285359801488834
33 0.47330960854092524
34 0.5123152709359606
35 0.4968553459119497
36 0.48675914249684743
37 0.47150259067357514
38 0.48214285714285715
39 0.4790257104194858
40 0.5285326086956522
41 0.4919236417033774
42 0.5124223602484472
43 0.5143266475644699
44 0.49045521292217326
45 0.4984076433121019
46 0.484375
47 0.4922813036020583
48 0.49409780775716694
49 0.4910071942446043
50 0.44150943396226416
51 0.5158730158730159
52 0.49901768172888017
53 0.5371428571428571
54 0.4972067039106145
55 0.4793103448275862
56 0.5061295971978984
57 0.4905008635578584
58 0.4677716390423573
59 0.5009416195856874
60 0.5248091603053435
61 0.5310077519379846
62 0.514792899408284
63 0.4781746031746032
64 0.5199203187250996
65 0.4946004319654428
66 0.4824742268041237
67 0.5031847133757962
68 0.5
69 0.45714285714285713
70 0.5386416861826698
71 0.5482456140350878
72 0.5214592274678111
73 0.5210084033613446
74 0.49390243902439024
75 0.4767932489451477
76 0.5075921908893709
77 0.5031982942430704
78 0.4682352941176471
79 0.4735632183908046
80 0.5345622119815668
81 0.4813953488372093
82 0.5080831408775982
83 0.4731934731934732
84 0.5147058823529411
85 0.45494505494505494
86 0.508641975308642
87 0.5105386416861827
88 0.4752252252252252
89 0.48735632183908045
90 0.4930875576036866
91 0.48429319371727747
92 0.5412621359223301
93 0.465
94 0.49622166246851385
95 0.5039164490861618
96 0.4909560723514212
97 0.5296912114014252
98 0.4975903614457831
