-1653 108
-1652 0
-1651 0
-1650 0
-1649 0
-1648 0
-1647 0
-1646 0
-1645 0
-1644 0
-1643 0
-1642 0
-1641 0
-1640 0
-1639 0
-1638 0
-1637 0
-1636 0
-1635 0
-1634 0
-1633 0
-1632 0
-1631 0
-1630 0
-1629 0
-1628 0
-1627 0
-1626 0
-1625 0
-1624 0
-1623 0
-1622 0
-1621 0
-1620 0
-1619 0
-1618 0
-1617 0
-1616 0
-1615 0
-1614 0
-1613 0
-1612 0
-1611 0
-1610 0
-1609 0
-1608 0
-1607 0
-1606 0
-1605 0
-1604 0
-1603 0
-1602 0
-1601 0
-1600 0
-1599 0
-1598 0
-1597 0
-1596 0
-1595 0
-1594 0
-1593 0
-1592 0
-1591 0
-1590 0
-1589 0
-1588 0
-1587 0
-1586 0
-1585 0
-1584 0
-1583 0
-1582 0
-1581 0
-1580 0
-1579 0
-1578 0
-1577 0
-1576 0
-1575 0
-1574 0
-1573 0
-1572 0
-1571 0
-1570 0
-1569 0
-1568 0
-1567 0
-1566 0
-1565 0
-1564 0
-1563 0
-1562 0
-1561 0
-1560 0
-1559 0
-1558 0
-1557 0
-1556 0
-1555 0
-1554 0
-1553 0
-1552 0
-1551 0
-1550 0
-1549 0
-1548 0
-1547 0
-1546 0
-1545 0
-1544 0
-1543 0
-1542 0
-1541 0
-1540 0
-1539 0
-1538 0
-1537 0
-1536 0
-1535 0
-1534 0
-1533 0
-1532 0
-1531 0
-1530 0
-1529 0
-1528 0
-1527 0
-1526 108
-1525 0
-1524 0
-1523 0
-1522 108
-1521 0
-1520 0
-1519 0
-1518 0
-1517 0
-1516 0
-1515 0
-1514 0
-1513 0
-1512 0
-1511 0
-1510 0
-1509 0
-1508 0
-1507 0
-1506 0
-1505 0
-1504 0
-1503 0
-1502 0
-1501 0
-1500 0
-1499 0
-1498 0
-1497 0
-1496 0
-1495 0
-1494 0
-1493 0
-1492 0
-1491 0
-1490 0
-1489 0
-1488 0
-1487 0
-1486 0
-1485 0
-1484 0
-1483 0
-1482 0
-1481 0
-1480 0
-1479 0
-1478 0
-1477 0
-1476 0
-1475 0
-1474 0
-1473 0
-1472 0
-1471 0
-1470 0
-1469 0
-1468 0
-1467 0
-1466 0
-1465 0
-1464 0
-1463 0
-1462 0
-1461 0
-1460 0
-1459 0
-1458 0
-1457 0
-1456 0
-1455 0
-1454 0
-1453 0
-1452 0
-1451 0
-1450 0
-1449 0
-1448 0
-1447 0
-1446 0
-1445 0
-1444 0
-1443 0
-1442 0
-1441 0
-1440 0
-1439 0
-1438 0
-1437 0
-1436 0
-1435 0
-1434 0
-1433 0
-1432 0
-1431 0
-1430 0
-1429 0
-1428 0
-1427 0
-1426 0
-1425 0
-1424 0
-1423 0
-1422 108
-1421 0
-1420 0
-1419 0
-1418 0
-1417 0
-1416 0
-1415 0
-1414 0
-1413 0
-1412 0
-1411 0
-1410 0
-1409 0
-1408 0
-1407 0
-1406 0
-1405 0
-1404 0
-1403 108
-1402 0
-1401 108
-1400 0
-1399 0
-1398 0
-1397 0
-1396 0
-1395 0
-1394 0
-1393 0
-1392 0
-1391 0
-1390 0
-1389 0
-1388 0
-1387 0
-1386 0
-1385 0
-1384 0
-1383 0
-1382 0
-1381 0
-1380 0
-1379 0
-1378 0
-1377 0
-1376 0
-1375 0
-1374 0
-1373 0
-1372 0
-1371 108
-1370 0
-1369 0
-1368 0
-1367 0
-1366 0
-1365 0
-1364 0
-1363 0
-1362 0
-1361 108
-1360 0
-1359 0
-1358 0
-1357 0
-1356 0
-1355 0
-1354 0
-1353 108
-1352 0
-1351 0
-1350 0
-1349 0
-1348 0
-1347 0
-1346 108
-1345 0
-1344 0
-1343 108
-1342 0
-1341 0
-1340 0
-1339 0
-1338 0
-1337 0
-1336 0
-1335 0
-1334 0
-1333 0
-1332 0
-1331 0
-1330 0
-1329 0
-1328 0
-1327 0
-1326 0
-1325 0
-1324 0
-1323 0
-1322 0
-1321 0
-1320 0
-1319 0
-1318 0
-1317 0
-1316 0
-1315 0
-1314 0
-1313 0
-1312 0
-1311 0
-1310 0
-1309 0
-1308 0
-1307 0
-1306 0
-1305 0
-1304 0
-1303 0
-1302 0
-1301 0
-1300 0
-1299 0
-1298 0
-1297 0
-1296 0
-1295 0
-1294 0
-1293 0
-1292 0
-1291 0
-1290 0
-1289 0
-1288 0
-1287 0
-1286 0
-1285 0
-1284 0
-1283 0
-1282 0
-1281 0
-1280 108
-1279 0
-1278 0
-1277 0
-1276 0
-1275 108
-1274 0
-1273 0
-1272 0
-1271 0
-1270 0
-1269 0
-1268 0
-1267 0
-1266 0
-1265 0
-1264 0
-1263 0
-1262 0
-1261 0
-1260 0
-1259 0
-1258 108
-1257 0
-1256 0
-1255 0
-1254 0
-1253 0
-1252 0
-1251 0
-1250 0
-1249 0
-1248 108
-1247 0
-1246 0
-1245 0
-1244 0
-1243 0
-1242 0
-1241 108
-1240 0
-1239 0
-1238 0
-1237 0
-1236 0
-1235 0
-1234 0
-1233 0
-1232 0
-1231 0
-1230 0
-1229 0
-1228 0
-1227 0
-1226 0
-1225 108
-1224 0
-1223 0
-1222 0
-1221 0
-1220 0
-1219 108
-1218 0
-1217 108
-1216 0
-1215 0
-1214 0
-1213 0
-1212 0
-1211 0
-1210 0
-1209 108
-1208 0
-1207 0
-1206 0
-1205 0
-1204 0
-1203 0
-1202 0
-1201 0
-1200 0
-1199 0
-1198 0
-1197 0
-1196 0
-1195 0
-1194 0
-1193 0
-1192 0
-1191 0
-1190 0
-1189 0
-1188 0
-1187 0
-1186 0
-1185 0
-1184 0
-1183 0
-1182 108
-1181 0
-1180 0
-1179 0
-1178 0
-1177 0
-1176 0
-1175 0
-1174 0
-1173 0
-1172 0
-1171 0
-1170 108
-1169 0
-1168 0
-1167 0
-1166 0
-1165 0
-1164 0
-1163 0
-1162 0
-1161 108
-1160 0
-1159 0
-1158 0
-1157 0
-1156 0
-1155 0
-1154 0
-1153 108
-1152 0
-1151 0
-1150 0
-1149 0
-1148 0
-1147 0
-1146 0
-1145 0
-1144 0
-1143 0
-1142 0
-1141 0
-1140 0
-1139 0
-1138 108
-1137 108
-1136 0
-1135 0
-1134 0
-1133 0
-1132 0
-1131 0
-1130 0
-1129 0
-1128 0
-1127 0
-1126 0
-1125 0
-1124 0
-1123 0
-1122 0
-1121 0
-1120 108
-1119 108
-1118 0
-1117 0
-1116 0
-1115 0
-1114 0
-1113 108
-1112 0
-1111 0
-1110 0
-1109 108
-1108 0
-1107 0
-1106 0
-1105 0
-1104 0
-1103 108
-1102 0
-1101 0
-1100 0
-1099 0
-1098 0
-1097 0
-1096 108
-1095 0
-1094 0
-1093 0
-1092 0
-1091 0
-1090 108
-1089 108
-1088 0
-1087 0
-1086 0
-1085 0
-1084 0
-1083 0
-1082 108
-1081 0
-1080 0
-1079 0
-1078 108
-1077 0
-1076 108
-1075 0
-1074 108
-1073 0
-1072 108
-1071 108
-1070 108
-1069 0
-1068 0
-1067 0
-1066 108
-1065 0
-1064 108
-1063 0
-1062 0
-1061 0
-1060 0
-1059 0
-1058 0
-1057 108
-1056 0
-1055 0
-1054 0
-1053 108
-1052 0
-1051 0
-1050 0
-1049 216
-1048 0
-1047 0
-1046 108
-1045 0
-1044 0
-1043 0
-1042 0
-1041 0
-1040 0
-1039 0
-1038 0
-1037 0
-1036 0
-1035 0
-1034 0
-1033 0
-1032 108
-1031 0
-1030 0
-1029 108
-1028 0
-1027 108
-1026 0
-1025 0
-1024 0
-1023 0
-1022 0
-1021 0
-1020 108
-1019 0
-1018 0
-1017 0
-1016 0
-1015 0
-1014 0
-1013 0
-1012 0
-1011 0
-1010 108
-1009 0
-1008 0
-1007 108
-1006 108
-1005 0
-1004 0
-1003 0
-1002 0
-1001 0
-1000 0
-999 0
-998 108
-997 216
-996 0
-995 0
-994 108
-993 0
-992 108
-991 0
-990 0
-989 0
-988 0
-987 0
-986 108
-985 0
-984 0
-983 0
-982 0
-981 0
-980 108
-979 108
-978 0
-977 0
-976 0
-975 108
-974 108
-973 0
-972 0
-971 0
-970 0
-969 0
-968 0
-967 0
-966 0
-965 0
-964 216
-963 0
-962 108
-961 108
-960 108
-959 108
-958 0
-957 0
-956 0
-955 0
-954 0
-953 0
-952 0
-951 0
-950 0
-949 0
-948 0
-947 0
-946 0
-945 108
-944 0
-943 0
-942 0
-941 0
-940 0
-939 0
-938 108
-937 0
-936 0
-935 108
-934 108
-933 0
-932 108
-931 0
-930 108
-929 0
-928 0
-927 0
-926 108
-925 108
-924 108
-923 0
-922 0
-921 0
-920 108
-919 0
-918 0
-917 0
-916 0
-915 0
-914 108
-913 0
-912 108
-911 0
-910 0
-909 0
-908 108
-907 0
-906 108
-905 0
-904 108
-903 0
-902 0
-901 0
-900 0
-899 108
-898 0
-897 108
-896 0
-895 0
-894 0
-893 0
-892 0
-891 0
-890 0
-889 0
-888 0
-887 108
-886 0
-885 108
-884 0
-883 108
-882 0
-881 108
-880 0
-879 0
-878 0
-877 0
-876 0
-875 0
-874 0
-873 0
-872 0
-871 0
-870 0
-869 324
-868 0
-867 0
-866 108
-865 108
-864 108
-863 0
-862 0
-861 0
-860 0
-859 0
-858 108
-857 0
-856 108
-855 0
-854 216
-853 0
-852 0
-851 108
-850 0
-849 0
-848 0
-847 0
-846 108
-845 0
-844 108
-843 0
-842 216
-841 0
-840 108
-839 0
-838 108
-837 0
-836 0
-835 108
-834 0
-833 108
-832 0
-831 108
-830 0
-829 0
-828 108
-827 0
-826 0
-825 0
-824 0
-823 0
-822 216
-821 108
-820 0
-819 108
-818 0
-817 108
-816 108
-815 108
-814 0
-813 0
-812 0
-811 216
-810 0
-809 0
-808 0
-807 108
-806 0
-805 0
-804 0
-803 0
-802 0
-801 108
-800 108
-799 0
-798 0
-797 108
-796 0
-795 0
-794 108
-793 0
-792 108
-791 108
-790 0
-789 0
-788 0
-787 108
-786 108
-785 0
-784 108
-783 0
-782 0
-781 0
-780 0
-779 0
-778 0
-777 0
-776 0
-775 0
-774 108
-773 108
-772 108
-771 108
-770 0
-769 0
-768 216
-767 0
-766 108
-765 108
-764 0
-763 216
-762 0
-761 0
-760 0
-759 0
-758 0
-757 0
-756 108
-755 0
-754 0
-753 108
-752 0
-751 0
-750 216
-749 108
-748 0
-747 0
-746 0
-745 108
-744 108
-743 0
-742 0
-741 0
-740 108
-739 0
-738 0
-737 0
-736 108
-735 0
-734 108
-733 0
-732 108
-731 108
-730 216
-729 0
-728 216
-727 216
-726 216
-725 0
-724 0
-723 108
-722 324
-721 216
-720 216
-719 108
-718 216
-717 216
-716 0
-715 108
-714 108
-713 108
-712 108
-711 216
-710 108
-709 216
-708 108
-707 0
-706 0
-705 216
-704 0
-703 0
-702 0
-701 216
-700 0
-699 108
-698 0
-697 0
-696 324
-695 216
-694 216
-693 108
-692 0
-691 0
-690 216
-689 216
-688 0
-687 0
-686 0
-685 108
-684 0
-683 0
-682 0
-681 108
-680 0
-679 108
-678 108
-677 108
-676 0
-675 108
-674 0
-673 0
-672 216
-671 108
-670 216
-669 108
-668 0
-667 0
-666 0
-665 108
-664 0
-663 0
-662 108
-661 108
-660 108
-659 216
-658 0
-657 324
-656 0
-655 216
-654 108
-653 108
-652 0
-651 0
-650 108
-649 108
-648 216
-647 108
-646 108
-645 108
-644 0
-643 108
-642 0
-641 108
-640 0
-639 108
-638 0
-637 108
-636 0
-635 0
-634 0
-633 108
-632 0
-631 108
-630 108
-629 0
-628 108
-627 108
-626 0
-625 216
-624 0
-623 216
-622 216
-621 0
-620 108
-619 216
-618 108
-617 0
-616 216
-615 0
-614 216
-613 108
-612 0
-611 0
-610 0
-609 108
-608 0
-607 0
-606 0
-605 108
-604 216
-603 108
-602 108
-601 108
-600 108
-599 324
-598 216
-597 0
-596 0
-595 0
-594 0
-593 108
-592 0
-591 0
-590 216
-589 108
-588 324
-587 216
-586 0
-585 216
-584 216
-583 0
-582 216
-581 216
-580 108
-579 0
-578 0
-577 216
-576 0
-575 0
-574 108
-573 0
-572 108
-571 108
-570 108
-569 108
-568 216
-567 216
-566 0
-565 108
-564 216
-563 216
-562 432
-561 216
-560 108
-559 0
-558 108
-557 108
-556 0
-555 216
-554 216
-553 216
-552 0
-551 216
-550 216
-549 108
-548 108
-547 108
-546 108
-545 108
-544 108
-543 108
-542 324
-541 216
-540 0
-539 108
-538 0
-537 216
-536 108
-535 108
-534 0
-533 324
-532 216
-531 0
-530 216
-529 0
-528 216
-527 216
-526 108
-525 216
-524 432
-523 216
-522 0
-521 216
-520 324
-519 108
-518 0
-517 216
-516 108
-515 324
-514 216
-513 216
-512 0
-511 0
-510 108
-509 108
-508 108
-507 108
-506 0
-505 108
-504 0
-503 324
-502 216
-501 216
-500 108
-499 432
-498 216
-497 0
-496 108
-495 108
-494 216
-493 0
-492 324
-491 540
-490 108
-489 0
-488 0
-487 108
-486 216
-485 216
-484 216
-483 324
-482 0
-481 0
-480 216
-479 108
-478 216
-477 216
-476 0
-475 432
-474 216
-473 324
-472 216
-471 324
-470 324
-469 0
-468 216
-467 324
-466 216
-465 108
-464 0
-463 108
-462 324
-461 108
-460 216
-459 0
-458 216
-457 432
-456 216
-455 0
-454 108
-453 108
-452 108
-451 108
-450 216
-449 216
-448 108
-447 324
-446 432
-445 432
-444 108
-443 108
-442 324
-441 108
-440 108
-439 108
-438 216
-437 0
-436 108
-435 540
-434 0
-433 324
-432 540
-431 216
-430 216
-429 216
-428 324
-427 108
-426 108
-425 216
-424 432
-423 216
-422 648
-421 324
-420 216
-419 324
-418 432
-417 108
-416 216
-415 324
-414 324
-413 432
-412 108
-411 0
-410 108
-409 216
-408 216
-407 216
-406 216
-405 432
-404 108
-403 0
-402 324
-401 0
-400 324
-399 108
-398 0
-397 432
-396 324
-395 324
-394 324
-393 216
-392 108
-391 216
-390 108
-389 108
-388 216
-387 324
-386 216
-385 216
-384 0
-383 432
-382 216
-381 324
-380 324
-379 216
-378 324
-377 216
-376 324
-375 216
-374 324
-373 432
-372 324
-371 216
-370 324
-369 108
-368 864
-367 648
-366 432
-365 324
-364 432
-363 432
-362 540
-361 324
-360 216
-359 108
-358 108
-357 432
-356 108
-355 540
-354 324
-353 108
-352 216
-351 324
-350 216
-349 108
-348 432
-347 432
-346 324
-345 324
-344 216
-343 540
-342 324
-341 108
-340 216
-339 756
-338 324
-337 108
-336 0
-335 540
-334 216
-333 540
-332 324
-331 216
-330 0
-329 108
-328 324
-327 108
-326 432
-325 216
-324 216
-323 108
-322 432
-321 540
-320 216
-319 432
-318 756
-317 540
-316 216
-315 216
-314 108
-313 216
-312 756
-311 324
-310 432
-309 216
-308 756
-307 756
-306 972
-305 324
-304 540
-303 0
-302 540
-301 756
-300 324
-299 432
-298 324
-297 540
-296 432
-295 324
-294 216
-293 972
-292 648
-291 324
-290 432
-289 432
-288 648
-287 648
-286 432
-285 648
-284 756
-283 324
-282 324
-281 864
-280 756
-279 1080
-278 756
-277 324
-276 324
-275 432
-274 324
-273 756
-272 324
-271 432
-270 864
-269 216
-268 648
-267 216
-266 432
-265 540
-264 756
-263 1188
-262 648
-261 432
-260 1188
-259 432
-258 756
-257 864
-256 1080
-255 216
-254 540
-253 648
-252 648
-251 216
-250 432
-249 324
-248 324
-247 432
-246 324
-245 756
-244 648
-243 432
-242 324
-241 540
-240 756
-239 756
-238 324
-237 1188
-236 648
-235 432
-234 864
-233 432
-232 648
-231 756
-230 432
-229 432
-228 216
-227 432
-226 540
-225 540
-224 540
-223 648
-222 864
-221 648
-220 1188
-219 972
-218 432
-217 1188
-216 324
-215 756
-214 864
-213 648
-212 864
-211 432
-210 972
-209 864
-208 864
-207 864
-206 1188
-205 756
-204 648
-203 540
-202 1296
-201 432
-200 972
-199 756
-198 432
-197 648
-196 756
-195 648
-194 432
-193 432
-192 864
-191 648
-190 1188
-189 540
-188 864
-187 1296
-186 1080
-185 756
-184 1080
-183 1296
-182 1512
-181 972
-180 1728
-179 1080
-178 1080
-177 1080
-176 1512
-175 1404
-174 756
-173 1080
-172 432
-171 1728
-170 1620
-169 972
-168 432
-167 1188
-166 1188
-165 1404
-164 540
-163 1620
-162 756
-161 1080
-160 1512
-159 864
-158 972
-157 1512
-156 1296
-155 1296
-154 1188
-153 1080
-152 1620
-151 1512
-150 1404
-149 1296
-148 1512
-147 1404
-146 1836
-145 1944
-144 1188
-143 1944
-142 1728
-141 1728
-140 1512
-139 756
-138 1512
-137 1728
-136 756
-135 1404
-134 1944
-133 1404
-132 1728
-131 2052
-130 1728
-129 2052
-128 1728
-127 2160
-126 1944
-125 1296
-124 2052
-123 1620
-122 1188
-121 1944
-120 2052
-119 2484
-118 1836
-117 1620
-116 2268
-115 1188
-114 2376
-113 2916
-112 2052
-111 3132
-110 2376
-109 2484
-108 2052
-107 2808
-106 1836
-105 2052
-104 2592
-103 3132
-102 2484
-101 2592
-100 1512
-99 3780
-98 3348
-97 2052
-96 1620
-95 2484
-94 2808
-93 2700
-92 4104
-91 2484
-90 3564
-89 3024
-88 3780
-87 2808
-86 3024
-85 3132
-84 2916
-83 3132
-82 3348
-81 3888
-80 4212
-79 4212
-78 2592
-77 3240
-76 3564
-75 4428
-74 5076
-73 5184
-72 4212
-71 4752
-70 3024
-69 4212
-68 5076
-67 5508
-66 5292
-65 4644
-64 5616
-63 5724
-62 5292
-61 6480
-60 7128
-59 5076
-58 5832
-57 6696
-56 5400
-55 8424
-54 7020
-53 7992
-52 6804
-51 6696
-50 7344
-49 6048
-48 7560
-47 7560
-46 7452
-45 7776
-44 9396
-43 10908
-42 8424
-41 9828
-40 11880
-39 13608
-38 12420
-37 12420
-36 13932
-35 14148
-34 13176
-33 14364
-32 14472
-31 18252
-30 16416
-29 17172
-28 16524
-27 15336
-26 21276
-25 23868
-24 20628
-23 24516
-22 26676
-21 28944
-20 31968
-19 36288
-18 33804
-17 34236
-16 43740
-15 45576
-14 51516
-13 55836
-12 61560
-11 71604
-10 75492
-9 87372
-8 112104
-7 136080
-6 168480
-5 207036
-4 280800
-3 384048
-2 653940
-1 1587924
0 10851408
1 75317796
2 11452536
3 1395576
4 606312
5 384264
6 273024
7 202716
8 164052
9 134892
10 111888
11 87264
12 78516
13 68472
14 62208
15 58536
16 50004
17 44928
18 42012
19 35856
20 36072
21 33588
22 34992
23 27972
24 26028
25 25164
26 23976
27 22896
28 20520
29 16956
30 17064
31 15012
32 17820
33 15660
34 16848
35 14148
36 14148
37 15012
38 12312
39 12744
40 11664
41 10152
42 9612
43 10260
44 9396
45 10152
46 8532
47 9720
48 9180
49 7236
50 6696
51 7992
52 7236
53 7344
54 6696
55 6804
56 9396
57 6696
58 5400
59 6372
60 7668
61 5616
62 6480
63 5076
64 5400
65 5400
66 5508
67 5184
68 4968
69 5292
70 4212
71 4320
72 4212
73 4104
74 4752
75 4860
76 4536
77 3564
78 4536
79 3456
80 4212
81 2916
82 2700
83 3456
84 3132
85 2916
86 3240
87 2268
88 2808
89 3780
90 2808
91 3132
92 2592
93 3672
94 3240
95 3564
96 2592
97 3564
98 3024
99 2700
100 2376
101 2916
102 3024
103 3564
104 1620
105 2376
106 2052
107 2916
108 1836
109 2160
110 2268
111 2268
112 2592
113 2268
114 3348
115 2916
116 2160
117 1620
118 2484
119 1296
120 1512
121 1836
122 1296
123 2268
124 3132
125 1296
126 2160
127 1836
128 1620
129 2052
130 1296
131 1404
132 1512
133 1944
134 1944
135 1944
136 1620
137 1620
138 1620
139 1620
140 864
141 1836
142 1620
143 972
144 1296
145 1080
146 2484
147 1404
148 1404
149 1188
150 1296
151 1728
152 1836
153 1728
154 1296
155 1296
156 1188
157 1296
158 1728
159 1836
160 1728
161 1188
162 1188
163 1512
164 540
165 1512
166 756
167 1296
168 972
169 540
170 1188
171 648
172 1512
173 648
174 972
175 864
176 1188
177 648
178 1080
179 1080
180 1404
181 1620
182 648
183 864
184 864
185 1620
186 1512
187 756
188 972
189 1188
190 756
191 756
192 1080
193 972
194 432
195 1728
196 756
197 648
198 864
199 324
200 324
201 972
202 216
203 648
204 1188
205 1512
206 864
207 648
208 324
209 648
210 756
211 432
212 1188
213 1188
214 648
215 432
216 756
217 324
218 756
219 972
220 432
221 864
222 540
223 756
224 648
225 432
226 432
227 540
228 1188
229 864
230 972
231 864
232 756
233 432
234 1188
235 432
236 972
237 1188
238 324
239 648
240 756
241 648
242 432
243 540
244 864
245 756
246 540
247 540
248 324
249 432
250 540
251 432
252 648
253 324
254 432
255 0
256 540
257 648
258 972
259 540
260 324
261 972
262 648
263 216
264 324
265 540
266 432
267 216
268 756
269 756
270 756
271 648
272 432
273 648
274 756
275 648
276 756
277 540
278 324
279 432
280 972
281 756
282 648
283 324
284 432
285 540
286 216
287 108
288 324
289 432
290 540
291 324
292 540
293 324
294 216
295 540
296 648
297 324
298 540
299 432
300 324
301 108
302 324
303 756
304 540
305 432
306 540
307 432
308 648
309 216
310 540
311 216
312 540
313 432
314 648
315 432
316 108
317 216
318 216
319 324
320 756
321 108
322 324
323 432
324 324
325 216
326 108
327 324
328 540
329 324
330 0
331 324
332 216
333 108
334 648
335 540
336 324
337 432
338 324
339 540
340 108
341 324
342 108
343 216
344 432
345 216
346 216
347 216
348 540
349 540
350 432
351 432
352 0
353 432
354 648
355 108
356 540
357 648
358 432
359 0
360 216
361 216
362 216
363 108
364 324
365 540
366 216
367 324
368 648
369 216
370 108
371 216
372 108
373 324
374 216
375 216
376 432
377 216
378 216
379 216
380 108
381 216
382 432
383 324
384 432
385 540
386 324
387 216
388 0
389 216
390 216
391 108
392 108
393 540
394 216
395 432
396 216
397 216
398 216
399 648
400 216
401 216
402 216
403 432
404 0
405 108
406 324
407 216
408 756
409 324
410 0
411 108
412 324
413 432
414 216
415 324
416 0
417 324
418 108
419 108
420 324
421 108
422 216
423 216
424 0
425 108
426 108
427 0
428 108
429 216
430 324
431 540
432 216
433 108
434 108
435 108
436 0
437 108
438 108
439 324
440 0
441 108
442 108
443 108
444 108
445 108
446 648
447 324
448 0
449 108
450 324
451 324
452 432
453 0
454 540
455 108
456 432
457 216
458 0
459 108
460 108
461 216
462 108
463 0
464 540
465 324
466 216
467 432
468 432
469 324
470 216
471 108
472 108
473 216
474 216
475 216
476 108
477 0
478 216
479 216
480 108
481 216
482 324
483 540
484 108
485 108
486 0
487 0
488 324
489 216
490 0
491 108
492 216
493 324
494 324
495 108
496 324
497 216
498 108
499 108
500 324
501 324
502 0
503 108
504 108
505 108
506 108
507 324
508 216
509 0
510 0
511 216
512 216
513 0
514 108
515 216
516 0
517 216
518 216
519 108
520 0
521 0
522 108
523 0
524 108
525 432
526 216
527 108
528 216
529 216
530 0
531 0
532 216
533 216
534 108
535 108
536 216
537 108
538 0
539 0
540 0
541 216
542 108
543 108
544 432
545 108
546 216
547 108
548 0
549 324
550 0
551 216
552 324
553 0
554 324
555 0
556 108
557 108
558 0
559 108
560 216
561 108
562 108
563 0
564 0
565 108
566 216
567 216
568 0
569 216
570 216
571 108
572 216
573 0
574 0
575 108
576 216
577 540
578 432
579 324
580 216
581 0
582 108
583 108
584 108
585 108
586 108
587 216
588 0
589 0
590 0
591 324
592 216
593 108
594 108
595 216
596 108
597 324
598 0
599 216
600 108
601 0
602 108
603 0
604 0
605 0
606 216
607 0
608 108
609 216
610 108
611 108
612 108
613 0
614 0
615 108
616 0
617 0
618 0
619 324
620 108
621 0
622 0
623 108
624 0
625 108
626 108
627 0
628 324
629 108
630 324
631 216
632 0
633 108
634 216
635 0
636 108
637 108
638 0
639 324
640 0
641 108
642 216
643 0
644 216
645 216
646 108
647 108
648 108
649 0
650 216
651 216
652 108
653 0
654 0
655 216
656 0
657 108
658 108
659 216
660 108
661 0
662 108
663 108
664 432
665 108
666 108
667 0
668 216
669 216
670 108
671 108
672 216
673 0
674 108
675 0
676 0
677 0
678 108
679 0
680 108
681 108
682 216
683 0
684 0
685 216
686 0
687 108
688 0
689 216
690 0
691 0
692 0
693 0
694 0
695 0
696 324
697 108
698 0
699 0
700 108
701 0
702 0
703 0
704 0
705 0
706 0
707 324
708 0
709 0
710 216
711 216
712 324
713 0
714 216
715 216
716 108
717 108
718 0
719 108
720 108
721 216
722 0
723 0
724 108
725 216
726 0
727 0
728 0
729 108
730 0
731 0
732 0
733 216
734 108
735 0
736 0
737 432
738 108
739 0
740 432
741 108
742 0
743 216
744 0
745 0
746 0
747 0
748 0
749 0
750 0
751 0
752 0
753 0
754 108
755 0
756 108
757 0
758 0
759 108
760 0
761 108
762 216
763 0
764 108
765 0
766 0
767 108
768 0
769 108
770 0
771 0
772 108
773 0
774 0
775 0
776 0
777 108
778 0
779 0
780 108
781 0
782 0
783 0
784 540
785 108
786 0
787 0
788 108
789 0
790 0
791 0
792 108
793 216
794 108
795 0
796 0
797 108
798 0
799 0
800 0
801 108
802 0
803 0
804 0
805 108
806 0
807 0
808 0
809 108
810 0
811 0
812 108
813 108
814 0
815 108
816 108
817 108
818 0
819 0
820 0
821 0
822 0
823 0
824 0
825 108
826 0
827 0
828 0
829 108
830 108
831 108
832 0
833 0
834 0
835 0
836 108
837 0
838 108
839 0
840 0
841 0
842 216
843 0
844 108
845 0
846 0
847 0
848 108
849 0
850 0
851 0
852 108
853 0
854 216
855 108
856 0
857 108
858 0
859 0
860 108
861 0
862 108
863 108
864 0
865 0
866 0
867 108
868 216
869 0
870 0
871 0
872 216
873 0
874 108
875 0
876 108
877 0
878 0
879 0
880 0
881 0
882 0
883 0
884 0
885 108
886 0
887 0
888 0
889 108
890 0
891 108
892 0
893 108
894 0
895 108
896 0
897 0
898 0
899 0
900 0
901 108
902 0
903 108
904 108
905 0
906 0
907 0
908 0
909 0
910 108
911 0
912 0
913 0
914 108
915 108
916 0
917 0
918 108
919 0
920 0
921 0
922 108
923 0
924 0
925 0
926 0
927 0
928 0
929 0
930 108
931 0
932 0
933 0
934 0
935 0
936 324
937 0
938 108
939 0
940 0
941 108
942 0
943 0
944 108
945 216
946 0
947 0
948 108
949 0
950 0
951 0
952 0
953 0
954 108
955 0
956 0
957 0
958 0
959 0
960 0
961 0
962 0
963 0
964 0
965 0
966 0
967 0
968 0
969 0
970 0
971 0
972 0
973 0
974 0
975 108
976 108
977 0
978 0
979 0
980 0
981 0
982 0
983 0
984 0
985 108
986 0
987 0
988 0
989 108
990 0
991 0
992 0
993 0
994 108
995 0
996 0
997 0
998 0
999 0
1000 0
1001 0
1002 108
1003 0
1004 0
1005 108
1006 0
1007 0
1008 0
1009 0
1010 0
1011 0
1012 0
1013 0
1014 0
1015 0
1016 0
1017 0
1018 0
1019 0
1020 0
1021 0
1022 108
1023 0
1024 0
1025 0
1026 0
1027 0
1028 108
1029 0
1030 0
1031 0
1032 108
1033 108
1034 0
1035 0
1036 0
1037 0
1038 0
1039 0
1040 0
1041 0
1042 0
1043 0
1044 108
1045 108
1046 0
1047 0
1048 0
1049 0
1050 0
1051 0
1052 0
1053 0
1054 0
1055 0
1056 108
1057 0
1058 0
1059 0
1060 0
1061 0
1062 108
1063 0
1064 0
1065 108
1066 0
1067 0
1068 0
1069 0
1070 0
1071 108
1072 108
1073 0
1074 0
1075 0
1076 0
1077 0
1078 0
1079 108
1080 0
1081 0
1082 0
1083 0
1084 0
1085 0
1086 0
1087 108
1088 0
1089 0
1090 108
1091 0
1092 0
1093 0
1094 0
1095 0
1096 0
1097 0
1098 0
1099 0
1100 0
1101 0
1102 216
1103 0
1104 0
1105 0
1106 0
1107 0
1108 0
1109 0
1110 0
1111 0
1112 0
1113 0
1114 0
1115 0
1116 0
1117 0
1118 0
1119 108
1120 0
1121 108
1122 0
1123 0
1124 108
1125 0
1126 0
1127 0
1128 0
1129 108
1130 0
1131 0
1132 0
1133 0
1134 0
1135 108
1136 0
1137 0
1138 0
1139 0
1140 0
1141 0
1142 0
1143 0
1144 0
1145 0
1146 0
1147 0
1148 0
1149 0
1150 0
1151 0
1152 0
1153 0
1154 108
1155 0
1156 0
1157 108
1158 0
1159 0
1160 0
1161 0
1162 0
1163 0
1164 0
1165 0
1166 0
1167 108
1168 0
1169 0
1170 0
1171 0
1172 0
1173 0
1174 108
1175 0
1176 0
1177 0
1178 0
1179 0
1180 0
1181 0
1182 0
1183 0
1184 0
1185 0
1186 0
1187 0
1188 108
1189 0
1190 0
1191 0
1192 108
1193 0
1194 0
1195 0
1196 0
1197 0
1198 0
1199 0
1200 0
1201 108
1202 0
1203 0
1204 0
1205 0
1206 0
1207 0
1208 0
1209 108
1210 0
1211 0
1212 0
1213 0
1214 0
1215 0
1216 216
1217 0
1218 0
1219 0
1220 0
1221 0
1222 0
1223 0
1224 0
1225 0
1226 0
1227 0
1228 108
1229 108
1230 0
1231 0
1232 0
1233 0
1234 0
1235 0
1236 108
1237 0
1238 0
1239 0
1240 0
1241 0
1242 0
1243 0
1244 108
1245 0
1246 0
1247 0
1248 0
1249 0
1250 0
1251 0
1252 0
1253 0
1254 108
1255 0
1256 0
1257 0
1258 0
1259 0
1260 108
1261 0
1262 108
1263 0
1264 0
1265 0
1266 0
1267 0
1268 0
1269 0
1270 0
1271 0
1272 0
1273 0
1274 0
1275 0
1276 0
1277 0
1278 0
1279 0
1280 0
1281 0
1282 0
1283 108
1284 0
1285 0
1286 0
1287 0
1288 0
1289 0
1290 0
1291 0
1292 0
1293 0
1294 0
1295 0
1296 0
1297 0
1298 0
1299 0
1300 0
1301 0
1302 0
1303 0
1304 0
1305 0
1306 0
1307 0
1308 0
1309 0
1310 108
1311 0
1312 0
1313 0
1314 0
1315 0
1316 0
1317 0
1318 0
1319 0
1320 0
1321 0
1322 0
1323 0
1324 0
1325 0
1326 0
1327 0
1328 0
1329 0
1330 0
1331 0
1332 0
1333 108
1334 0
1335 0
1336 0
1337 0
1338 0
1339 0
1340 0
1341 0
1342 0
1343 0
1344 0
1345 108
1346 0
1347 0
1348 0
1349 0
1350 0
1351 0
1352 0
1353 0
1354 0
1355 0
1356 0
1357 0
1358 0
1359 0
1360 0
1361 0
1362 0
1363 0
1364 0
1365 0
1366 0
1367 0
1368 0
1369 0
1370 0
1371 0
1372 0
1373 0
1374 0
1375 0
1376 0
1377 0
1378 0
1379 0
1380 0
1381 0
1382 0
1383 0
1384 0
1385 0
1386 0
1387 0
1388 0
1389 0
1390 0
1391 0
1392 0
1393 0
1394 0
1395 0
1396 0
1397 0
1398 0
1399 108
1400 0
1401 0
1402 0
1403 0
1404 0
1405 0
1406 0
1407 108
1408 0
1409 0
1410 0
1411 0
1412 0
1413 0
1414 0
1415 0
1416 0
1417 0
1418 0
1419 108
1420 0
1421 0
1422 0
1423 0
1424 0
1425 0
1426 0
1427 108
1428 0
1429 0
1430 0
1431 0
1432 0
1433 0
1434 0
1435 108
1436 0
1437 0
1438 0
1439 0
1440 0
1441 0
1442 0
1443 108
1444 0
1445 0
1446 0
1447 0
1448 0
1449 0
1450 0
1451 0
1452 0
1453 0
1454 0
1455 0
1456 0
1457 0
1458 0
1459 0
1460 0
1461 0
1462 0
1463 0
1464 0
1465 0
1466 0
1467 0
1468 0
1469 0
1470 0
1471 0
1472 0
1473 108
1474 0
1475 0
1476 0
1477 0
1478 0
1479 0
1480 0
1481 0
1482 0
1483 0
1484 0
1485 0
1486 0
1487 0
1488 0
1489 0
1490 0
1491 0
1492 0
1493 0
1494 0
1495 0
1496 0
1497 0
1498 0
1499 0
1500 0
1501 0
1502 0
1503 0
1504 0
1505 0
1506 0
1507 0
1508 108
1509 0
1510 0
1511 0
1512 0
1513 0
1514 0
1515 0
1516 0
1517 0
1518 0
1519 0
1520 0
1521 0
1522 0
1523 0
1524 0
1525 0
1526 0
1527 0
1528 0
1529 0
1530 0
1531 0
1532 0
1533 0
1534 0
1535 0
1536 0
1537 0
1538 0
1539 0
1540 0
1541 0
1542 0
1543 0
1544 0
1545 0
1546 0
1547 0
1548 0
1549 0
1550 0
1551 0
1552 0
1553 0
1554 0
1555 0
1556 0
1557 0
1558 0
1559 0
1560 0
1561 0
1562 0
1563 0
1564 0
1565 0
1566 0
1567 0
1568 0
1569 0
1570 0
1571 0
1572 0
1573 0
1574 0
1575 0
1576 0
1577 0
1578 0
1579 0
1580 0
1581 0
1582 0
1583 0
1584 0
1585 0
1586 0
1587 0
1588 0
1589 0
1590 0
1591 0
1592 0
1593 0
1594 0
1595 0
1596 0
1597 0
1598 0
1599 0
1600 0
1601 0
1602 0
1603 0
1604 0
1605 0
1606 0
1607 0
1608 0
1609 0
1610 0
1611 0
1612 0
1613 0
1614 0
1615 0
1616 0
1617 0
1618 0
1619 0
1620 0
1621 0
1622 0
1623 0
1624 0
1625 0
1626 0
1627 0
1628 108
1629 0
1630 0
1631 0
1632 0
1633 108
1634 0
1635 0
1636 0
1637 0
1638 0
1639 0
1640 0
1641 0
1642 0
1643 0
1644 0
1645 0
1646 0
1647 0
1648 0
1649 0
1650 0
1651 0
1652 0
1653 0
1654 0
1655 0
1656 0
1657 0
1658 0
1659 0
1660 0
1661 0
1662 0
1663 0
1664 0
1665 0
1666 0
1667 0
1668 0
1669 0
1670 0
1671 0
1672 0
1673 0
1674 0
1675 0
1676 0
1677 0
1678 0
1679 0
1680 0
1681 0
1682 0
1683 0
1684 0
1685 0
1686 0
1687 0
1688 0
1689 0
1690 0
1691 0
1692 0
1693 0
1694 0
1695 0
1696 0
1697 0
1698 0
1699 0
1700 0
1701 0
1702 0
1703 0
1704 0
1705 0
1706 0
1707 0
1708 0
1709 0
1710 0
1711 0
1712 0
1713 0
1714 0
1715 0
1716 0
1717 0
1718 0
1719 0
1720 0
1721 0
1722 0
1723 0
1724 0
1725 0
1726 0
1727 0
1728 0
1729 0
1730 0
1731 0
1732 0
1733 0
1734 0
1735 0
1736 0
1737 0
1738 0
1739 0
1740 0
1741 0
1742 0
1743 0
1744 0
1745 0
1746 108
