0 0.3559
1 0.3405
2 0.332
3 0.3399
4 0.3567
5 0.3356
6 0.3535
7 0.347
8 0.3413
9 0.3723
10 0.3583
11 0.3625
12 0.3539
13 0.3727
14 0.3536
15 0.3641
16 0.3202
17 0.3581
18 0.3424
19 0.3453
20 0.372
21 0.3323
22 0.3386
23 0.3918
24 0.3499
25 0.3535
26 0.3825
27 0.3565
28 0.3541
29 0.3538
30 0.3552
31 0.3328
32 0.3452
33 0.334
34 0.3494
35 0.3369
36 0.359
37 0.3438
38 0.3811
39 0.3676
40 0.3294
41 0.3473
42 0.3898
43 0.3663
44 0.3656
45 0.3803
46 0.3698
47 0.377
48 0.3477
49 0.3472
50 0.3489
51 0.343
52 0.3654
53 0.3475
54 0.378
55 0.3489
56 0.3465
57 0.3305
58 0.3476
59 0.3528
60 0.3506
61 0.3325
62 0.3525
63 0.3691
64 0.3481
65 0.3282
66 0.3522
67 0.3478
68 0.3396
69 0.3661
70 0.3434
71 0.3819
72 0.3405
73 0.3551
74 0.3577
75 0.3586
76 0.3714
77 0.3251
78 0.3806
79 0.3467
80 0.3734
81 0.3491
82 0.3452
83 0.3127
84 0.3485
85 0.3372
86 0.3606
87 0.3436
88 0.3474
89 0.3666
90 0.3481
91 0.3491
92 0.3622
93 0.3644
94 0.3362
95 0.3565
96 0.3556
97 0.3529
98 0.3631
99 0.3564
100 0.3814
101 0.365
102 0.3516
103 0.3611
104 0.354
105 0.3291
106 0.3443
107 0.3739
108 0.3358
109 0.3243
110 0.3386
