0 717639
1 16734
2 5298
3 3208
4 2193
5 1604
6 1242
7 936
8 788
9 678
10 595
11 471
12 436
13 396
14 343
15 291
16 268
17 275
18 211
19 217
20 214
21 180
22 151
23 181
24 162
25 146
26 143
27 127
28 145
29 105
30 106
31 104
32 73
33 93
34 97
35 73
36 82
37 65
38 79
39 62
40 50
41 61
42 60
43 62
44 46
45 58
46 45
47 49
48 39
49 36
50 49
51 36
52 43
53 41
54 37
55 40
56 38
57 37
58 26
59 22
60 27
61 39
62 28
63 29
64 28
65 24
66 26
67 24
68 25
69 28
70 20
71 20
72 23
73 27
74 24
75 23
76 21
77 25
78 16
79 17
80 20
81 15
82 14
83 15
84 19
85 11
86 17
87 16
88 17
89 7
90 12
91 13
92 14
93 10
94 13
95 19
96 12
97 9
98 14
99 14
100 6
101 5
102 7
103 19
104 6
105 7
106 8
107 13
108 12
109 8
110 11
111 10
112 6
113 5
114 6
115 7
116 8
117 8
118 6
119 8
120 10
121 10
122 7
123 6
124 3
125 3
126 9
127 6
128 6
129 7
130 3
131 10
132 6
133 4
134 5
135 7
136 1
137 6
138 7
139 3
140 9
141 9
142 9
143 2
144 6
145 6
146 2
147 2
148 3
149 7
150 3
151 4
152 4
153 2
154 0
155 4
156 2
157 1
158 5
159 3
160 4
161 3
162 8
163 5
164 5
165 1
166 3
167 4
168 5
169 4
170 1
171 2
172 4
173 0
174 2
175 2
176 5
177 0
178 5
179 1
180 2
181 2
182 5
183 1
184 7
185 3
186 1
187 2
188 1
189 2
190 2
191 2
192 6
193 5
194 3
195 4
196 1
197 4
198 2
199 4
200 0
201 0
202 2
203 1
204 3
205 1
206 2
207 0
208 0
209 2
210 1
211 2
212 1
213 0
214 2
215 1
216 1
217 0
218 1
219 2
220 1
221 2
222 2
223 1
224 1
225 0
226 0
227 1
228 1
229 1
230 0
231 2
232 1
233 1
234 0
235 1
236 4
237 0
238 1
239 1
240 0
241 0
242 1
243 1
244 1
245 0
246 1
247 0
248 0
249 0
250 0
251 2
252 0
253 1
254 0
255 0
256 0
257 0
258 1
259 0
260 2
261 1
262 0
263 1
264 0
265 1
266 2
267 0
268 1
269 0
270 1
271 1
272 1
273 1
274 0
275 1
276 1
277 0
278 0
279 0
280 0
281 0
282 0
283 2
284 0
285 0
286 0
287 0
288 0
289 1
290 2
291 0
292 2
293 0
294 1
295 0
296 2
297 0
298 0
299 0
300 0
301 1
302 1
303 0
304 0
305 0
306 1
307 1
308 1
309 0
310 0
311 1
312 0
313 0
314 0
315 1
316 0
317 2
318 2
319 0
320 1
321 1
322 1
323 1
324 0
325 0
326 0
327 0
328 0
329 0
330 0
331 0
332 0
333 0
334 0
335 0
336 0
337 0
338 1
339 0
340 0
341 0
342 1
343 0
344 0
345 0
346 1
347 0
348 0
349 1
350 0
351 0
352 0
353 0
354 0
355 0
356 0
357 0
358 0
359 0
360 0
361 0
362 0
363 0
364 0
365 0
366 0
367 1
368 1
369 0
370 0
371 0
372 0
373 0
374 0
375 0
376 0
377 0
378 1
379 1
380 0
381 0
382 1
383 0
384 0
385 0
386 0
387 1
388 0
389 0
390 0
391 0
392 0
393 0
394 0
395 0
396 0
397 0
398 0
399 0
400 0
401 0
402 0
403 0
404 0
405 0
406 0
407 0
408 0
409 0
410 0
411 0
412 0
413 0
414 0
415 0
416 0
417 0
418 0
419 1
420 0
421 0
422 0
423 1
424 0
425 0
426 0
427 0
428 0
429 1
430 0
431 0
432 0
433 0
434 0
435 0
436 0
437 0
438 0
439 0
440 0
441 0
442 1
443 0
444 0
445 0
446 0
447 0
448 0
449 0
450 0
451 0
452 0
453 0
454 0
455 1
456 0
457 0
458 0
459 0
460 0
461 0
462 0
463 0
464 0
465 0
466 0
467 0
468 0
469 0
470 0
471 0
472 0
473 0
474 0
475 0
476 0
477 0
478 0
479 0
480 0
481 0
482 0
483 0
484 0
485 0
486 0
487 1
488 0
489 0
490 0
491 0
492 0
493 1
494 0
495 0
496 0
497 0
498 0
499 0
500 0
501 0
502 0
503 0
504 0
505 0
506 0
507 0
508 0
509 0
510 0
511 0
512 0
513 0
514 0
515 0
516 0
517 0
518 0
519 0
520 0
521 0
522 0
523 0
524 0
525 0
526 0
527 1
