-2932 1
-2931 0
-2930 0
-2929 0
-2928 0
-2927 0
-2926 0
-2925 0
-2924 0
-2923 0
-2922 0
-2921 0
-2920 0
-2919 0
-2918 0
-2917 0
-2916 0
-2915 0
-2914 0
-2913 0
-2912 0
-2911 0
-2910 0
-2909 0
-2908 0
-2907 0
-2906 0
-2905 0
-2904 0
-2903 0
-2902 0
-2901 0
-2900 0
-2899 0
-2898 0
-2897 0
-2896 0
-2895 0
-2894 0
-2893 0
-2892 0
-2891 0
-2890 0
-2889 0
-2888 0
-2887 0
-2886 0
-2885 0
-2884 0
-2883 0
-2882 0
-2881 0
-2880 0
-2879 0
-2878 0
-2877 0
-2876 0
-2875 0
-2874 0
-2873 0
-2872 0
-2871 0
-2870 0
-2869 0
-2868 0
-2867 0
-2866 0
-2865 0
-2864 0
-2863 0
-2862 0
-2861 0
-2860 0
-2859 0
-2858 0
-2857 0
-2856 0
-2855 0
-2854 0
-2853 0
-2852 0
-2851 0
-2850 0
-2849 0
-2848 0
-2847 0
-2846 0
-2845 0
-2844 0
-2843 0
-2842 0
-2841 0
-2840 0
-2839 0
-2838 0
-2837 0
-2836 0
-2835 0
-2834 0
-2833 0
-2832 0
-2831 0
-2830 0
-2829 0
-2828 0
-2827 0
-2826 0
-2825 0
-2824 0
-2823 0
-2822 0
-2821 0
-2820 0
-2819 0
-2818 0
-2817 0
-2816 0
-2815 0
-2814 0
-2813 0
-2812 0
-2811 0
-2810 0
-2809 0
-2808 0
-2807 0
-2806 0
-2805 0
-2804 0
-2803 0
-2802 0
-2801 0
-2800 0
-2799 0
-2798 0
-2797 0
-2796 0
-2795 0
-2794 0
-2793 0
-2792 0
-2791 0
-2790 0
-2789 0
-2788 0
-2787 0
-2786 0
-2785 0
-2784 0
-2783 0
-2782 0
-2781 0
-2780 0
-2779 0
-2778 0
-2777 0
-2776 0
-2775 0
-2774 0
-2773 0
-2772 0
-2771 0
-2770 0
-2769 0
-2768 0
-2767 0
-2766 0
-2765 0
-2764 0
-2763 0
-2762 0
-2761 0
-2760 0
-2759 0
-2758 0
-2757 0
-2756 0
-2755 0
-2754 0
-2753 0
-2752 0
-2751 0
-2750 0
-2749 0
-2748 0
-2747 0
-2746 0
-2745 0
-2744 0
-2743 0
-2742 0
-2741 0
-2740 0
-2739 0
-2738 0
-2737 0
-2736 0
-2735 0
-2734 0
-2733 0
-2732 0
-2731 0
-2730 0
-2729 0
-2728 0
-2727 0
-2726 0
-2725 0
-2724 0
-2723 0
-2722 0
-2721 0
-2720 0
-2719 0
-2718 0
-2717 0
-2716 0
-2715 0
-2714 0
-2713 0
-2712 0
-2711 0
-2710 0
-2709 0
-2708 0
-2707 0
-2706 0
-2705 0
-2704 0
-2703 0
-2702 0
-2701 0
-2700 0
-2699 0
-2698 0
-2697 0
-2696 0
-2695 0
-2694 0
-2693 0
-2692 0
-2691 0
-2690 0
-2689 0
-2688 0
-2687 0
-2686 0
-2685 0
-2684 0
-2683 0
-2682 0
-2681 0
-2680 0
-2679 0
-2678 0
-2677 0
-2676 0
-2675 0
-2674 0
-2673 0
-2672 0
-2671 0
-2670 0
-2669 0
-2668 0
-2667 0
-2666 0
-2665 0
-2664 0
-2663 0
-2662 0
-2661 0
-2660 0
-2659 0
-2658 0
-2657 0
-2656 0
-2655 0
-2654 0
-2653 0
-2652 0
-2651 0
-2650 0
-2649 0
-2648 0
-2647 0
-2646 0
-2645 0
-2644 0
-2643 0
-2642 0
-2641 0
-2640 0
-2639 0
-2638 0
-2637 0
-2636 0
-2635 0
-2634 0
-2633 0
-2632 0
-2631 0
-2630 0
-2629 0
-2628 0
-2627 0
-2626 0
-2625 0
-2624 0
-2623 0
-2622 0
-2621 0
-2620 0
-2619 0
-2618 0
-2617 0
-2616 0
-2615 0
-2614 0
-2613 0
-2612 1
-2611 0
-2610 0
-2609 0
-2608 0
-2607 0
-2606 0
-2605 0
-2604 0
-2603 0
-2602 0
-2601 1
-2600 0
-2599 0
-2598 0
-2597 0
-2596 1
-2595 0
-2594 0
-2593 1
-2592 0
-2591 0
-2590 0
-2589 0
-2588 0
-2587 0
-2586 0
-2585 0
-2584 0
-2583 0
-2582 0
-2581 0
-2580 1
-2579 0
-2578 0
-2577 0
-2576 0
-2575 0
-2574 0
-2573 0
-2572 0
-2571 0
-2570 0
-2569 0
-2568 0
-2567 0
-2566 0
-2565 0
-2564 0
-2563 0
-2562 0
-2561 0
-2560 0
-2559 0
-2558 0
-2557 0
-2556 0
-2555 0
-2554 0
-2553 0
-2552 0
-2551 0
-2550 0
-2549 0
-2548 0
-2547 0
-2546 0
-2545 1
-2544 0
-2543 0
-2542 0
-2541 0
-2540 0
-2539 0
-2538 0
-2537 0
-2536 0
-2535 0
-2534 0
-2533 0
-2532 0
-2531 0
-2530 0
-2529 0
-2528 0
-2527 0
-2526 0
-2525 0
-2524 0
-2523 0
-2522 0
-2521 0
-2520 0
-2519 0
-2518 0
-2517 0
-2516 0
-2515 0
-2514 0
-2513 0
-2512 0
-2511 0
-2510 0
-2509 0
-2508 0
-2507 0
-2506 0
-2505 0
-2504 0
-2503 0
-2502 0
-2501 0
-2500 0
-2499 0
-2498 0
-2497 0
-2496 0
-2495 0
-2494 0
-2493 0
-2492 1
-2491 0
-2490 1
-2489 0
-2488 1
-2487 0
-2486 1
-2485 2
-2484 0
-2483 0
-2482 0
-2481 0
-2480 0
-2479 0
-2478 0
-2477 0
-2476 0
-2475 0
-2474 0
-2473 0
-2472 0
-2471 0
-2470 0
-2469 0
-2468 0
-2467 0
-2466 1
-2465 0
-2464 0
-2463 1
-2462 1
-2461 1
-2460 0
-2459 1
-2458 0
-2457 0
-2456 1
-2455 0
-2454 1
-2453 2
-2452 0
-2451 0
-2450 0
-2449 1
-2448 1
-2447 0
-2446 1
-2445 1
-2444 1
-2443 0
-2442 0
-2441 1
-2440 0
-2439 0
-2438 0
-2437 0
-2436 0
-2435 0
-2434 0
-2433 0
-2432 0
-2431 0
-2430 1
-2429 1
-2428 2
-2427 0
-2426 0
-2425 0
-2424 1
-2423 1
-2422 0
-2421 1
-2420 2
-2419 2
-2418 0
-2417 0
-2416 2
-2415 1
-2414 2
-2413 1
-2412 0
-2411 0
-2410 0
-2409 3
-2408 0
-2407 1
-2406 1
-2405 0
-2404 2
-2403 3
-2402 1
-2401 1
-2400 1
-2399 1
-2398 2
-2397 1
-2396 1
-2395 1
-2394 3
-2393 1
-2392 0
-2391 3
-2390 3
-2389 3
-2388 1
-2387 0
-2386 1
-2385 0
-2384 5
-2383 1
-2382 2
-2381 1
-2380 0
-2379 3
-2378 2
-2377 5
-2376 1
-2375 0
-2374 0
-2373 1
-2372 4
-2371 2
-2370 2
-2369 1
-2368 0
-2367 3
-2366 1
-2365 2
-2364 0
-2363 1
-2362 1
-2361 2
-2360 0
-2359 0
-2358 1
-2357 1
-2356 4
-2355 2
-2354 3
-2353 2
-2352 4
-2351 1
-2350 1
-2349 1
-2348 2
-2347 3
-2346 4
-2345 3
-2344 1
-2343 1
-2342 1
-2341 7
-2340 5
-2339 3
-2338 4
-2337 4
-2336 3
-2335 3
-2334 6
-2333 6
-2332 4
-2331 5
-2330 1
-2329 2
-2328 2
-2327 6
-2326 3
-2325 4
-2324 4
-2323 5
-2322 3
-2321 1
-2320 4
-2319 0
-2318 5
-2317 1
-2316 1
-2315 5
-2314 6
-2313 2
-2312 1
-2311 3
-2310 1
-2309 3
-2308 2
-2307 2
-2306 0
-2305 3
-2304 3
-2303 4
-2302 4
-2301 5
-2300 5
-2299 4
-2298 3
-2297 7
-2296 4
-2295 2
-2294 4
-2293 5
-2292 3
-2291 5
-2290 5
-2289 6
-2288 3
-2287 8
-2286 6
-2285 2
-2284 4
-2283 4
-2282 4
-2281 4
-2280 5
-2279 5
-2278 6
-2277 5
-2276 7
-2275 7
-2274 5
-2273 3
-2272 8
-2271 3
-2270 3
-2269 11
-2268 6
-2267 5
-2266 4
-2265 10
-2264 1
-2263 8
-2262 9
-2261 6
-2260 4
-2259 5
-2258 8
-2257 7
-2256 7
-2255 4
-2254 5
-2253 4
-2252 4
-2251 9
-2250 10
-2249 2
-2248 10
-2247 8
-2246 9
-2245 10
-2244 9
-2243 9
-2242 10
-2241 5
-2240 11
-2239 10
-2238 9
-2237 6
-2236 13
-2235 7
-2234 3
-2233 6
-2232 9
-2231 10
-2230 6
-2229 11
-2228 7
-2227 10
-2226 7
-2225 18
-2224 10
-2223 13
-2222 9
-2221 13
-2220 10
-2219 8
-2218 6
-2217 13
-2216 8
-2215 8
-2214 8
-2213 6
-2212 11
-2211 6
-2210 11
-2209 11
-2208 12
-2207 10
-2206 16
-2205 13
-2204 10
-2203 12
-2202 10
-2201 10
-2200 15
-2199 11
-2198 16
-2197 5
-2196 14
-2195 9
-2194 12
-2193 12
-2192 15
-2191 9
-2190 10
-2189 15
-2188 13
-2187 12
-2186 9
-2185 15
-2184 12
-2183 13
-2182 12
-2181 20
-2180 5
-2179 10
-2178 14
-2177 6
-2176 10
-2175 18
-2174 11
-2173 20
-2172 11
-2171 12
-2170 17
-2169 9
-2168 8
-2167 11
-2166 11
-2165 13
-2164 15
-2163 15
-2162 13
-2161 12
-2160 11
-2159 13
-2158 8
-2157 17
-2156 17
-2155 14
-2154 19
-2153 23
-2152 11
-2151 14
-2150 15
-2149 13
-2148 17
-2147 22
-2146 16
-2145 14
-2144 12
-2143 15
-2142 18
-2141 10
-2140 18
-2139 17
-2138 19
-2137 16
-2136 9
-2135 14
-2134 21
-2133 22
-2132 15
-2131 21
-2130 14
-2129 22
-2128 13
-2127 13
-2126 18
-2125 16
-2124 19
-2123 20
-2122 17
-2121 14
-2120 21
-2119 20
-2118 13
-2117 15
-2116 18
-2115 19
-2114 17
-2113 23
-2112 17
-2111 15
-2110 14
-2109 23
-2108 27
-2107 11
-2106 19
-2105 15
-2104 26
-2103 21
-2102 18
-2101 17
-2100 15
-2099 26
-2098 14
-2097 21
-2096 20
-2095 27
-2094 25
-2093 31
-2092 20
-2091 21
-2090 30
-2089 22
-2088 17
-2087 21
-2086 23
-2085 30
-2084 13
-2083 23
-2082 29
-2081 31
-2080 30
-2079 23
-2078 20
-2077 23
-2076 35
-2075 23
-2074 27
-2073 22
-2072 21
-2071 25
-2070 22
-2069 20
-2068 19
-2067 20
-2066 28
-2065 23
-2064 31
-2063 21
-2062 27
-2061 25
-2060 23
-2059 26
-2058 15
-2057 35
-2056 25
-2055 23
-2054 28
-2053 21
-2052 29
-2051 30
-2050 31
-2049 27
-2048 31
-2047 29
-2046 32
-2045 34
-2044 16
-2043 30
-2042 22
-2041 32
-2040 25
-2039 35
-2038 35
-2037 39
-2036 30
-2035 25
-2034 35
-2033 28
-2032 31
-2031 34
-2030 31
-2029 31
-2028 24
-2027 22
-2026 33
-2025 21
-2024 32
-2023 36
-2022 26
-2021 32
-2020 29
-2019 32
-2018 29
-2017 36
-2016 27
-2015 38
-2014 27
-2013 35
-2012 29
-2011 31
-2010 32
-2009 31
-2008 26
-2007 40
-2006 30
-2005 34
-2004 28
-2003 40
-2002 28
-2001 30
-2000 28
-1999 33
-1998 24
-1997 29
-1996 32
-1995 40
-1994 34
-1993 38
-1992 27
-1991 32
-1990 41
-1989 34
-1988 29
-1987 30
-1986 35
-1985 22
-1984 30
-1983 23
-1982 40
-1981 29
-1980 31
-1979 39
-1978 35
-1977 36
-1976 30
-1975 32
-1974 36
-1973 34
-1972 40
-1971 32
-1970 43
-1969 33
-1968 36
-1967 37
-1966 31
-1965 42
-1964 30
-1963 37
-1962 42
-1961 29
-1960 32
-1959 30
-1958 50
-1957 37
-1956 39
-1955 37
-1954 41
-1953 36
-1952 39
-1951 32
-1950 39
-1949 43
-1948 40
-1947 29
-1946 47
-1945 39
-1944 34
-1943 44
-1942 49
-1941 36
-1940 44
-1939 47
-1938 33
-1937 26
-1936 35
-1935 53
-1934 48
-1933 38
-1932 46
-1931 45
-1930 52
-1929 48
-1928 40
-1927 37
-1926 42
-1925 43
-1924 37
-1923 38
-1922 46
-1921 41
-1920 32
-1919 43
-1918 41
-1917 36
-1916 59
-1915 40
-1914 30
-1913 36
-1912 47
-1911 35
-1910 39
-1909 47
-1908 48
-1907 35
-1906 48
-1905 43
-1904 40
-1903 44
-1902 51
-1901 44
-1900 39
-1899 57
-1898 53
-1897 50
-1896 51
-1895 49
-1894 54
-1893 37
-1892 58
-1891 42
-1890 39
-1889 49
-1888 49
-1887 41
-1886 54
-1885 51
-1884 42
-1883 62
-1882 56
-1881 54
-1880 37
-1879 49
-1878 48
-1877 62
-1876 50
-1875 54
-1874 44
-1873 58
-1872 51
-1871 63
-1870 54
-1869 43
-1868 63
-1867 49
-1866 55
-1865 51
-1864 47
-1863 42
-1862 54
-1861 44
-1860 41
-1859 50
-1858 48
-1857 46
-1856 66
-1855 50
-1854 51
-1853 56
-1852 56
-1851 55
-1850 54
-1849 52
-1848 59
-1847 43
-1846 33
-1845 49
-1844 49
-1843 46
-1842 70
-1841 65
-1840 49
-1839 50
-1838 55
-1837 51
-1836 57
-1835 44
-1834 51
-1833 59
-1832 60
-1831 57
-1830 61
-1829 56
-1828 55
-1827 56
-1826 54
-1825 52
-1824 50
-1823 53
-1822 62
-1821 59
-1820 51
-1819 57
-1818 58
-1817 61
-1816 56
-1815 50
-1814 44
-1813 60
-1812 59
-1811 63
-1810 55
-1809 68
-1808 53
-1807 66
-1806 53
-1805 63
-1804 43
-1803 53
-1802 51
-1801 61
-1800 74
-1799 58
-1798 51
-1797 46
-1796 57
-1795 63
-1794 58
-1793 64
-1792 51
-1791 55
-1790 48
-1789 62
-1788 58
-1787 69
-1786 53
-1785 66
-1784 64
-1783 53
-1782 66
-1781 62
-1780 58
-1779 57
-1778 64
-1777 51
-1776 73
-1775 76
-1774 61
-1773 60
-1772 74
-1771 69
-1770 56
-1769 65
-1768 47
-1767 58
-1766 64
-1765 60
-1764 53
-1763 63
-1762 59
-1761 84
-1760 53
-1759 67
-1758 70
-1757 52
-1756 86
-1755 65
-1754 67
-1753 74
-1752 72
-1751 62
-1750 63
-1749 61
-1748 71
-1747 64
-1746 59
-1745 71
-1744 53
-1743 70
-1742 53
-1741 70
-1740 60
-1739 71
-1738 69
-1737 58
-1736 67
-1735 74
-1734 72
-1733 61
-1732 69
-1731 76
-1730 69
-1729 69
-1728 75
-1727 63
-1726 60
-1725 73
-1724 76
-1723 82
-1722 81
-1721 71
-1720 57
-1719 73
-1718 62
-1717 65
-1716 58
-1715 60
-1714 58
-1713 84
-1712 68
-1711 74
-1710 71
-1709 82
-1708 51
-1707 64
-1706 86
-1705 67
-1704 76
-1703 85
-1702 74
-1701 72
-1700 91
-1699 76
-1698 75
-1697 73
-1696 74
-1695 104
-1694 73
-1693 82
-1692 83
-1691 78
-1690 77
-1689 86
-1688 93
-1687 72
-1686 70
-1685 71
-1684 73
-1683 84
-1682 91
-1681 66
-1680 64
-1679 85
-1678 61
-1677 77
-1676 67
-1675 81
-1674 85
-1673 67
-1672 78
-1671 79
-1670 76
-1669 91
-1668 101
-1667 73
-1666 91
-1665 79
-1664 67
-1663 70
-1662 97
-1661 77
-1660 89
-1659 79
-1658 80
-1657 75
-1656 83
-1655 79
-1654 86
-1653 81
-1652 69
-1651 82
-1650 74
-1649 82
-1648 83
-1647 77
-1646 95
-1645 74
-1644 75
-1643 93
-1642 80
-1641 78
-1640 76
-1639 91
-1638 64
-1637 82
-1636 81
-1635 87
-1634 85
-1633 69
-1632 83
-1631 86
-1630 80
-1629 67
-1628 76
-1627 78
-1626 91
-1625 77
-1624 96
-1623 93
-1622 99
-1621 86
-1620 84
-1619 67
-1618 81
-1617 75
-1616 77
-1615 88
-1614 73
-1613 97
-1612 90
-1611 94
-1610 82
-1609 82
-1608 77
-1607 103
-1606 64
-1605 86
-1604 83
-1603 79
-1602 98
-1601 100
-1600 76
-1599 98
-1598 105
-1597 69
-1596 81
-1595 94
-1594 74
-1593 85
-1592 83
-1591 74
-1590 84
-1589 91
-1588 85
-1587 79
-1586 93
-1585 78
-1584 94
-1583 91
-1582 106
-1581 78
-1580 97
-1579 109
-1578 95
-1577 86
-1576 104
-1575 89
-1574 98
-1573 95
-1572 81
-1571 86
-1570 87
-1569 86
-1568 90
-1567 97
-1566 87
-1565 73
-1564 84
-1563 93
-1562 84
-1561 109
-1560 85
-1559 101
-1558 86
-1557 97
-1556 99
-1555 84
-1554 87
-1553 105
-1552 92
-1551 109
-1550 92
-1549 79
-1548 100
-1547 113
-1546 111
-1545 96
-1544 110
-1543 80
-1542 98
-1541 113
-1540 88
-1539 92
-1538 80
-1537 98
-1536 88
-1535 89
-1534 104
-1533 109
-1532 106
-1531 114
-1530 82
-1529 105
-1528 94
-1527 99
-1526 94
-1525 101
-1524 99
-1523 100
-1522 89
-1521 102
-1520 115
-1519 118
-1518 97
-1517 95
-1516 91
-1515 98
-1514 111
-1513 96
-1512 107
-1511 89
-1510 98
-1509 92
-1508 120
-1507 102
-1506 104
-1505 97
-1504 105
-1503 116
-1502 110
-1501 112
-1500 98
-1499 104
-1498 108
-1497 121
-1496 101
-1495 85
-1494 94
-1493 114
-1492 122
-1491 99
-1490 113
-1489 101
-1488 111
-1487 96
-1486 114
-1485 90
-1484 106
-1483 105
-1482 108
-1481 108
-1480 110
-1479 100
-1478 102
-1477 108
-1476 101
-1475 116
-1474 121
-1473 112
-1472 118
-1471 99
-1470 96
-1469 119
-1468 114
-1467 129
-1466 107
-1465 109
-1464 88
-1463 104
-1462 87
-1461 117
-1460 110
-1459 110
-1458 118
-1457 97
-1456 115
-1455 101
-1454 88
-1453 110
-1452 128
-1451 110
-1450 106
-1449 128
-1448 118
-1447 112
-1446 86
-1445 109
-1444 122
-1443 107
-1442 112
-1441 134
-1440 131
-1439 103
-1438 113
-1437 114
-1436 102
-1435 109
-1434 96
-1433 107
-1432 125
-1431 113
-1430 120
-1429 111
-1428 120
-1427 132
-1426 111
-1425 114
-1424 130
-1423 120
-1422 112
-1421 110
-1420 122
-1419 110
-1418 110
-1417 120
-1416 128
-1415 111
-1414 130
-1413 126
-1412 129
-1411 120
-1410 124
-1409 124
-1408 135
-1407 121
-1406 111
-1405 112
-1404 114
-1403 116
-1402 104
-1401 111
-1400 119
-1399 120
-1398 136
-1397 148
-1396 147
-1395 118
-1394 117
-1393 121
-1392 109
-1391 138
-1390 130
-1389 124
-1388 124
-1387 113
-1386 139
-1385 133
-1384 119
-1383 122
-1382 136
-1381 125
-1380 116
-1379 116
-1378 91
-1377 121
-1376 98
-1375 143
-1374 122
-1373 107
-1372 121
-1371 145
-1370 123
-1369 131
-1368 143
-1367 118
-1366 119
-1365 127
-1364 122
-1363 116
-1362 124
-1361 126
-1360 109
-1359 142
-1358 113
-1357 129
-1356 130
-1355 119
-1354 139
-1353 131
-1352 143
-1351 137
-1350 125
-1349 132
-1348 138
-1347 145
-1346 128
-1345 126
-1344 133
-1343 125
-1342 101
-1341 119
-1340 114
-1339 127
-1338 122
-1337 144
-1336 127
-1335 137
-1334 135
-1333 137
-1332 107
-1331 120
-1330 124
-1329 139
-1328 143
-1327 116
-1326 150
-1325 141
-1324 153
-1323 163
-1322 118
-1321 132
-1320 172
-1319 144
-1318 139
-1317 136
-1316 127
-1315 116
-1314 127
-1313 138
-1312 119
-1311 163
-1310 140
-1309 135
-1308 141
-1307 146
-1306 124
-1305 134
-1304 125
-1303 137
-1302 142
-1301 129
-1300 141
-1299 151
-1298 145
-1297 159
-1296 155
-1295 132
-1294 150
-1293 135
-1292 142
-1291 137
-1290 138
-1289 151
-1288 131
-1287 162
-1286 134
-1285 148
-1284 147
-1283 123
-1282 147
-1281 148
-1280 139
-1279 149
-1278 153
-1277 155
-1276 124
-1275 141
-1274 162
-1273 148
-1272 139
-1271 160
-1270 154
-1269 128
-1268 129
-1267 142
-1266 143
-1265 140
-1264 152
-1263 152
-1262 144
-1261 167
-1260 143
-1259 150
-1258 157
-1257 144
-1256 160
-1255 149
-1254 137
-1253 160
-1252 159
-1251 155
-1250 159
-1249 159
-1248 157
-1247 146
-1246 164
-1245 149
-1244 164
-1243 147
-1242 178
-1241 150
-1240 141
-1239 168
-1238 179
-1237 131
-1236 170
-1235 145
-1234 141
-1233 159
-1232 158
-1231 147
-1230 165
-1229 166
-1228 137
-1227 158
-1226 153
-1225 155
-1224 140
-1223 161
-1222 167
-1221 161
-1220 162
-1219 163
-1218 157
-1217 154
-1216 145
-1215 135
-1214 147
-1213 173
-1212 159
-1211 168
-1210 142
-1209 140
-1208 190
-1207 171
-1206 166
-1205 147
-1204 161
-1203 148
-1202 180
-1201 153
-1200 153
-1199 165
-1198 187
-1197 153
-1196 151
-1195 162
-1194 186
-1193 162
-1192 161
-1191 157
-1190 163
-1189 192
-1188 174
-1187 167
-1186 154
-1185 164
-1184 162
-1183 174
-1182 185
-1181 149
-1180 173
-1179 172
-1178 155
-1177 174
-1176 161
-1175 180
-1174 158
-1173 176
-1172 163
-1171 196
-1170 185
-1169 171
-1168 172
-1167 166
-1166 161
-1165 189
-1164 189
-1163 184
-1162 161
-1161 177
-1160 170
-1159 156
-1158 168
-1157 186
-1156 175
-1155 178
-1154 154
-1153 188
-1152 182
-1151 181
-1150 220
-1149 205
-1148 202
-1147 176
-1146 186
-1145 178
-1144 181
-1143 179
-1142 170
-1141 171
-1140 185
-1139 202
-1138 191
-1137 212
-1136 177
-1135 160
-1134 189
-1133 202
-1132 197
-1131 192
-1130 188
-1129 166
-1128 161
-1127 195
-1126 196
-1125 185
-1124 178
-1123 180
-1122 213
-1121 174
-1120 200
-1119 187
-1118 204
-1117 186
-1116 217
-1115 189
-1114 210
-1113 146
-1112 200
-1111 194
-1110 195
-1109 198
-1108 159
-1107 216
-1106 208
-1105 169
-1104 187
-1103 200
-1102 200
-1101 202
-1100 189
-1099 179
-1098 192
-1097 183
-1096 202
-1095 211
-1094 206
-1093 188
-1092 187
-1091 208
-1090 192
-1089 211
-1088 196
-1087 197
-1086 206
-1085 202
-1084 182
-1083 206
-1082 190
-1081 188
-1080 230
-1079 232
-1078 178
-1077 219
-1076 170
-1075 230
-1074 208
-1073 191
-1072 183
-1071 214
-1070 200
-1069 227
-1068 238
-1067 196
-1066 202
-1065 199
-1064 202
-1063 220
-1062 234
-1061 201
-1060 212
-1059 198
-1058 205
-1057 212
-1056 204
-1055 230
-1054 217
-1053 229
-1052 198
-1051 200
-1050 193
-1049 217
-1048 232
-1047 210
-1046 185
-1045 229
-1044 214
-1043 211
-1042 251
-1041 220
-1040 202
-1039 200
-1038 192
-1037 234
-1036 229
-1035 213
-1034 236
-1033 234
-1032 200
-1031 205
-1030 212
-1029 233
-1028 236
-1027 250
-1026 248
-1025 245
-1024 215
-1023 230
-1022 207
-1021 234
-1020 199
-1019 220
-1018 203
-1017 240
-1016 226
-1015 238
-1014 234
-1013 217
-1012 233
-1011 248
-1010 244
-1009 262
-1008 263
-1007 230
-1006 246
-1005 237
-1004 219
-1003 208
-1002 252
-1001 220
-1000 235
-999 204
-998 239
-997 247
-996 234
-995 245
-994 257
-993 258
-992 227
-991 245
-990 240
-989 246
-988 232
-987 192
-986 260
-985 245
-984 222
-983 239
-982 242
-981 239
-980 236
-979 247
-978 251
-977 248
-976 242
-975 261
-974 243
-973 227
-972 233
-971 249
-970 251
-969 262
-968 259
-967 257
-966 262
-965 233
-964 269
-963 246
-962 260
-961 254
-960 256
-959 241
-958 275
-957 229
-956 252
-955 239
-954 229
-953 263
-952 277
-951 239
-950 242
-949 248
-948 265
-947 256
-946 245
-945 234
-944 258
-943 260
-942 260
-941 248
-940 284
-939 246
-938 254
-937 244
-936 266
-935 261
-934 260
-933 238
-932 253
-931 241
-930 236
-929 274
-928 276
-927 231
-926 269
-925 259
-924 265
-923 242
-922 285
-921 265
-920 239
-919 280
-918 293
-917 255
-916 292
-915 228
-914 275
-913 254
-912 265
-911 251
-910 247
-909 257
-908 291
-907 264
-906 267
-905 293
-904 269
-903 259
-902 283
-901 280
-900 273
-899 298
-898 267
-897 288
-896 269
-895 300
-894 275
-893 292
-892 280
-891 271
-890 250
-889 299
-888 292
-887 308
-886 290
-885 335
-884 305
-883 264
-882 276
-881 272
-880 268
-879 288
-878 290
-877 281
-876 306
-875 280
-874 314
-873 303
-872 300
-871 280
-870 248
-869 312
-868 310
-867 287
-866 284
-865 311
-864 299
-863 309
-862 297
-861 312
-860 330
-859 298
-858 289
-857 299
-856 276
-855 305
-854 285
-853 303
-852 322
-851 308
-850 311
-849 301
-848 316
-847 302
-846 335
-845 338
-844 293
-843 316
-842 314
-841 303
-840 312
-839 310
-838 305
-837 305
-836 265
-835 296
-834 304
-833 318
-832 362
-831 303
-830 303
-829 354
-828 277
-827 336
-826 313
-825 293
-824 309
-823 317
-822 340
-821 308
-820 318
-819 286
-818 331
-817 299
-816 335
-815 328
-814 325
-813 316
-812 328
-811 315
-810 332
-809 349
-808 357
-807 330
-806 356
-805 307
-804 315
-803 330
-802 352
-801 351
-800 326
-799 328
-798 341
-797 360
-796 354
-795 320
-794 348
-793 347
-792 377
-791 351
-790 328
-789 346
-788 328
-787 357
-786 362
-785 334
-784 342
-783 338
-782 330
-781 364
-780 372
-779 335
-778 368
-777 367
-776 355
-775 360
-774 340
-773 333
-772 326
-771 379
-770 369
-769 364
-768 363
-767 355
-766 375
-765 380
-764 387
-763 349
-762 362
-761 360
-760 337
-759 363
-758 363
-757 392
-756 370
-755 374
-754 360
-753 378
-752 347
-751 339
-750 359
-749 346
-748 405
-747 373
-746 393
-745 364
-744 369
-743 388
-742 386
-741 387
-740 382
-739 356
-738 371
-737 384
-736 392
-735 405
-734 422
-733 373
-732 404
-731 429
-730 414
-729 363
-728 365
-727 381
-726 426
-725 395
-724 377
-723 407
-722 396
-721 401
-720 383
-719 412
-718 378
-717 410
-716 400
-715 412
-714 423
-713 409
-712 430
-711 433
-710 391
-709 376
-708 398
-707 414
-706 394
-705 426
-704 426
-703 406
-702 420
-701 401
-700 426
-699 459
-698 428
-697 363
-696 447
-695 428
-694 408
-693 408
-692 473
-691 415
-690 434
-689 432
-688 427
-687 446
-686 428
-685 436
-684 399
-683 470
-682 437
-681 459
-680 441
-679 458
-678 459
-677 449
-676 451
-675 424
-674 406
-673 510
-672 463
-671 403
-670 442
-669 470
-668 452
-667 465
-666 488
-665 414
-664 458
-663 434
-662 460
-661 456
-660 442
-659 432
-658 508
-657 474
-656 483
-655 480
-654 486
-653 455
-652 451
-651 466
-650 459
-649 437
-648 474
-647 478
-646 475
-645 467
-644 493
-643 488
-642 512
-641 506
-640 480
-639 486
-638 500
-637 501
-636 483
-635 497
-634 479
-633 508
-632 530
-631 529
-630 537
-629 509
-628 497
-627 487
-626 514
-625 490
-624 546
-623 494
-622 503
-621 502
-620 498
-619 511
-618 520
-617 542
-616 511
-615 538
-614 537
-613 528
-612 500
-611 563
-610 524
-609 498
-608 531
-607 516
-606 518
-605 524
-604 525
-603 564
-602 512
-601 492
-600 563
-599 560
-598 535
-597 525
-596 549
-595 563
-594 555
-593 535
-592 577
-591 585
-590 588
-589 554
-588 564
-587 569
-586 540
-585 536
-584 538
-583 611
-582 533
-581 536
-580 522
-579 594
-578 603
-577 613
-576 568
-575 545
-574 561
-573 608
-572 594
-571 573
-570 569
-569 601
-568 601
-567 589
-566 585
-565 563
-564 582
-563 614
-562 601
-561 601
-560 597
-559 587
-558 586
-557 608
-556 620
-555 610
-554 641
-553 615
-552 653
-551 583
-550 625
-549 649
-548 612
-547 585
-546 624
-545 623
-544 636
-543 619
-542 605
-541 662
-540 626
-539 698
-538 642
-537 663
-536 666
-535 652
-534 706
-533 655
-532 625
-531 657
-530 677
-529 601
-528 727
-527 673
-526 664
-525 666
-524 702
-523 665
-522 685
-521 670
-520 665
-519 669
-518 644
-517 694
-516 675
-515 660
-514 706
-513 676
-512 680
-511 661
-510 715
-509 668
-508 745
-507 673
-506 680
-505 685
-504 685
-503 701
-502 665
-501 747
-500 739
-499 723
-498 757
-497 745
-496 690
-495 695
-494 732
-493 770
-492 779
-491 717
-490 733
-489 749
-488 698
-487 757
-486 728
-485 768
-484 751
-483 771
-482 736
-481 762
-480 717
-479 844
-478 693
-477 768
-476 754
-475 807
-474 788
-473 749
-472 737
-471 777
-470 799
-469 820
-468 800
-467 773
-466 784
-465 803
-464 811
-463 778
-462 864
-461 787
-460 847
-459 853
-458 871
-457 800
-456 799
-455 827
-454 805
-453 830
-452 833
-451 891
-450 852
-449 895
-448 862
-447 877
-446 870
-445 851
-444 845
-443 841
-442 891
-441 838
-440 867
-439 865
-438 871
-437 808
-436 886
-435 876
-434 902
-433 882
-432 806
-431 868
-430 894
-429 964
-428 877
-427 890
-426 958
-425 905
-424 934
-423 926
-422 923
-421 892
-420 960
-419 938
-418 889
-417 944
-416 954
-415 927
-414 927
-413 931
-412 952
-411 1008
-410 1023
-409 948
-408 922
-407 943
-406 1007
-405 980
-404 1016
-403 978
-402 994
-401 1002
-400 973
-399 1008
-398 1037
-397 1045
-396 1017
-395 1044
-394 1076
-393 989
-392 1016
-391 1070
-390 1017
-389 1053
-388 1042
-387 1050
-386 1109
-385 1052
-384 1035
-383 1038
-382 1076
-381 1071
-380 1083
-379 1116
-378 1150
-377 1105
-376 1125
-375 1157
-374 1154
-373 1129
-372 1113
-371 1111
-370 1118
-369 1109
-368 1095
-367 1135
-366 1139
-365 1120
-364 1068
-363 1192
-362 1192
-361 1170
-360 1186
-359 1213
-358 1220
-357 1195
-356 1277
-355 1202
-354 1320
-353 1247
-352 1219
-351 1274
-350 1216
-349 1323
-348 1296
-347 1257
-346 1199
-345 1213
-344 1240
-343 1253
-342 1295
-341 1314
-340 1333
-339 1207
-338 1338
-337 1260
-336 1231
-335 1314
-334 1328
-333 1403
-332 1308
-331 1330
-330 1377
-329 1340
-328 1380
-327 1407
-326 1432
-325 1403
-324 1389
-323 1405
-322 1451
-321 1421
-320 1421
-319 1459
-318 1433
-317 1501
-316 1427
-315 1484
-314 1407
-313 1419
-312 1506
-311 1496
-310 1473
-309 1569
-308 1515
-307 1504
-306 1548
-305 1516
-304 1615
-303 1517
-302 1548
-301 1562
-300 1492
-299 1572
-298 1530
-297 1544
-296 1585
-295 1609
-294 1531
-293 1578
-292 1610
-291 1638
-290 1578
-289 1620
-288 1707
-287 1687
-286 1610
-285 1718
-284 1710
-283 1707
-282 1715
-281 1668
-280 1838
-279 1783
-278 1765
-277 1793
-276 1717
-275 1887
-274 1821
-273 1835
-272 1848
-271 1809
-270 1884
-269 1832
-268 1838
-267 1799
-266 1880
-265 1977
-264 1931
-263 1915
-262 1916
-261 1921
-260 2003
-259 1974
-258 2015
-257 2055
-256 2045
-255 2015
-254 1993
-253 2058
-252 2060
-251 2103
-250 2046
-249 2079
-248 2095
-247 2077
-246 2156
-245 2142
-244 2096
-243 2228
-242 2203
-241 2169
-240 2223
-239 2311
-238 2366
-237 2246
-236 2157
-235 2344
-234 2296
-233 2257
-232 2346
-231 2390
-230 2356
-229 2428
-228 2357
-227 2344
-226 2403
-225 2494
-224 2451
-223 2549
-222 2443
-221 2551
-220 2508
-219 2587
-218 2518
-217 2732
-216 2621
-215 2608
-214 2669
-213 2693
-212 2639
-211 2659
-210 2676
-209 2688
-208 2680
-207 2746
-206 2789
-205 2778
-204 2896
-203 2788
-202 2839
-201 2923
-200 2933
-199 2890
-198 2982
-197 2894
-196 3005
-195 3014
-194 3213
-193 3221
-192 3168
-191 3224
-190 3114
-189 3240
-188 3266
-187 3350
-186 3269
-185 3205
-184 3259
-183 3440
-182 3349
-181 3333
-180 3425
-179 3525
-178 3561
-177 3556
-176 3558
-175 3690
-174 3600
-173 3718
-172 3746
-171 3776
-170 3743
-169 3865
-168 3782
-167 3835
-166 3941
-165 4029
-164 4060
-163 4039
-162 4043
-161 4038
-160 4169
-159 4260
-158 4195
-157 4250
-156 4291
-155 4397
-154 4415
-153 4543
-152 4435
-151 4546
-150 4589
-149 4517
-148 4684
-147 4683
-146 4758
-145 4840
-144 4898
-143 4953
-142 5035
-141 5084
-140 4985
-139 5172
-138 5331
-137 5319
-136 5365
-135 5334
-134 5544
-133 5593
-132 5656
-131 5703
-130 5727
-129 5695
-128 5927
-127 6013
-126 6018
-125 6055
-124 6074
-123 6209
-122 6316
-121 6442
-120 6446
-119 6479
-118 6809
-117 6782
-116 6918
-115 6762
-114 7011
-113 7083
-112 7197
-111 7371
-110 7681
-109 7563
-108 7614
-107 7811
-106 7788
-105 7900
-104 8166
-103 8213
-102 8310
-101 8490
-100 8485
-99 8664
-98 8717
-97 9200
-96 8894
-95 9343
-94 9360
-93 9745
-92 9851
-91 9781
-90 10030
-89 10243
-88 10624
-87 10632
-86 10872
-85 11087
-84 11460
-83 11425
-82 11544
-81 11809
-80 12280
-79 12368
-78 12596
-77 12638
-76 13168
-75 13416
-74 13539
-73 13779
-72 14328
-71 14430
-70 15064
-69 15020
-68 15691
-67 15872
-66 16415
-65 16768
-64 17325
-63 17622
-62 17996
-61 18532
-60 18911
-59 19494
-58 20185
-57 20645
-56 21028
-55 21868
-54 22290
-53 23073
-52 23425
-51 24434
-50 25028
-49 25633
-48 26704
-47 27504
-46 28292
-45 29695
-44 30422
-43 31599
-42 32742
-41 34026
-40 35350
-39 36788
-38 38054
-37 40071
-36 41392
-35 43976
-34 46037
-33 47888
-32 50089
-31 52733
-30 55499
-29 58155
-28 61551
-27 65739
-26 69186
-25 73466
-24 79014
-23 84012
-22 90140
-21 96417
-20 104247
-19 112669
-18 122629
-17 134150
-16 147214
-15 163152
-14 181545
-13 203995
-12 232452
-11 265125
-10 307336
-9 364183
-8 437442
-7 539605
-6 688795
-5 913431
-4 1295002
-3 2033719
-2 3849303
-1 11327357
0 134473511
1 787390869
2 139162379
3 8037183
4 3022108
5 1760543
6 1176968
7 853134
8 651930
9 517462
10 423085
11 353682
12 299825
13 259928
14 227826
15 200684
16 179112
17 161447
18 145293
19 133021
20 122068
21 111874
22 103606
23 95888
24 88922
25 83760
26 77861
27 73262
28 69218
29 64873
30 61387
31 58256
32 55235
33 52837
34 50079
35 47860
36 45700
37 43383
38 41524
39 40013
40 38331
41 36639
42 35265
43 34008
44 32370
45 31313
46 30428
47 29247
48 28478
49 27178
50 26819
51 25719
52 24949
53 24228
54 23699
55 22907
56 22314
57 21407
58 21127
59 20558
60 19929
61 19447
62 19010
63 18365
64 17938
65 17582
66 17006
67 16994
68 16142
69 16117
70 15374
71 15269
72 14774
73 14662
74 14399
75 13848
76 13702
77 13327
78 13036
79 12874
80 12689
81 12209
82 12148
83 11795
84 11752
85 11361
86 11456
87 11042
88 10870
89 10635
90 10514
91 10336
92 9976
93 9911
94 9808
95 9571
96 9516
97 9129
98 9035
99 8967
100 8834
101 8666
102 8669
103 8478
104 8306
105 8208
106 8088
107 8068
108 7841
109 7822
110 7560
111 7538
112 7647
113 7313
114 7308
115 7097
116 6837
117 6860
118 6761
119 6803
120 6655
121 6535
122 6506
123 6519
124 6330
125 6093
126 6160
127 6057
128 6066
129 5832
130 5804
131 5717
132 5684
133 5792
134 5565
135 5576
136 5539
137 5381
138 5343
139 5253
140 5051
141 5228
142 5099
143 4960
144 5008
145 4992
146 4928
147 4720
148 4763
149 4680
150 4632
151 4631
152 4531
153 4550
154 4546
155 4523
156 4444
157 4479
158 4171
159 4192
160 4337
161 4246
162 4130
163 4233
164 4038
165 4096
166 4078
167 4028
168 3858
169 3824
170 3953
171 3805
172 3831
173 3799
174 3650
175 3683
176 3634
177 3660
178 3599
179 3586
180 3492
181 3537
182 3357
183 3323
184 3317
185 3351
186 3347
187 3236
188 3252
189 3272
190 3289
191 3189
192 3231
193 3089
194 3133
195 3067
196 3057
197 3053
198 3037
199 2925
200 2897
201 3009
202 2886
203 2795
204 2868
205 2981
206 2802
207 2841
208 2664
209 2797
210 2702
211 2799
212 2657
213 2749
214 2626
215 2673
216 2651
217 2728
218 2657
219 2576
220 2584
221 2594
222 2521
223 2459
224 2546
225 2530
226 2446
227 2439
228 2354
229 2410
230 2389
231 2296
232 2397
233 2405
234 2296
235 2282
236 2334
237 2275
238 2320
239 2310
240 2254
241 2208
242 2287
243 2292
244 2243
245 2136
246 2180
247 2139
248 2068
249 2134
250 2082
251 2044
252 2053
253 2034
254 2069
255 2085
256 2023
257 1978
258 1975
259 1960
260 1981
261 1990
262 1933
263 1942
264 1994
265 1930
266 1850
267 1956
268 1904
269 1885
270 1904
271 1869
272 1797
273 1768
274 1788
275 1832
276 1884
277 1844
278 1812
279 1797
280 1778
281 1804
282 1695
283 1840
284 1737
285 1705
286 1727
287 1640
288 1672
289 1699
290 1690
291 1669
292 1692
293 1574
294 1648
295 1674
296 1675
297 1563
298 1586
299 1537
300 1599
301 1563
302 1580
303 1564
304 1518
305 1568
306 1445
307 1494
308 1533
309 1555
310 1494
311 1519
312 1499
313 1496
314 1446
315 1453
316 1460
317 1408
318 1462
319 1436
320 1420
321 1445
322 1405
323 1341
324 1391
325 1368
326 1402
327 1385
328 1352
329 1415
330 1376
331 1288
332 1383
333 1357
334 1339
335 1344
336 1349
337 1382
338 1247
339 1316
340 1278
341 1309
342 1264
343 1319
344 1261
345 1266
346 1272
347 1326
348 1266
349 1251
350 1317
351 1239
352 1190
353 1187
354 1164
355 1275
356 1251
357 1194
358 1199
359 1243
360 1200
361 1177
362 1205
363 1154
364 1177
365 1188
366 1081
367 1130
368 1143
369 1176
370 1196
371 1155
372 1155
373 1168
374 1119
375 1088
376 1173
377 1093
378 1061
379 1095
380 1136
381 1086
382 1092
383 1090
384 1036
385 1093
386 1041
387 1036
388 1041
389 1038
390 1030
391 1071
392 1066
393 1025
394 1038
395 1006
396 1052
397 1050
398 1001
399 1038
400 1033
401 1030
402 1053
403 948
404 966
405 982
406 989
407 991
408 949
409 951
410 971
411 996
412 903
413 960
414 999
415 954
416 906
417 973
418 1004
419 944
420 888
421 949
422 941
423 941
424 910
425 931
426 912
427 911
428 952
429 956
430 986
431 900
432 880
433 857
434 862
435 835
436 889
437 897
438 925
439 845
440 815
441 861
442 884
443 812
444 794
445 835
446 906
447 855
448 854
449 841
450 858
451 874
452 898
453 804
454 807
455 796
456 767
457 843
458 850
459 829
460 863
461 793
462 765
463 808
464 811
465 831
466 779
467 844
468 808
469 770
470 776
471 750
472 778
473 812
474 763
475 773
476 803
477 841
478 789
479 741
480 796
481 785
482 741
483 748
484 786
485 785
486 782
487 761
488 743
489 731
490 731
491 723
492 784
493 778
494 730
495 765
496 738
497 771
498 731
499 727
500 739
501 747
502 717
503 729
504 699
505 733
506 670
507 711
508 696
509 688
510 703
511 661
512 626
513 693
514 724
515 663
516 695
517 692
518 683
519 699
520 622
521 712
522 680
523 631
524 618
525 629
526 670
527 652
528 660
529 643
530 667
531 706
532 642
533 664
534 648
535 629
536 675
537 649
538 629
539 656
540 692
541 592
542 646
543 626
544 632
545 619
546 661
547 658
548 643
549 627
550 612
551 633
552 611
553 595
554 599
555 594
556 605
557 584
558 626
559 592
560 590
561 600
562 580
563 668
564 623
565 615
566 594
567 604
568 606
569 606
570 610
571 607
572 587
573 535
574 553
575 590
576 559
577 591
578 574
579 564
580 571
581 602
582 592
583 588
584 552
585 550
586 540
587 549
588 535
589 527
590 566
591 566
592 516
593 557
594 583
595 485
596 567
597 564
598 521
599 542
600 545
601 547
602 567
603 515
604 523
605 519
606 521
607 549
608 532
609 532
610 517
611 572
612 519
613 484
614 527
615 511
616 512
617 498
618 517
619 494
620 521
621 525
622 518
623 547
624 550
625 523
626 480
627 509
628 525
629 482
630 504
631 483
632 483
633 478
634 489
635 517
636 487
637 461
638 499
639 507
640 501
641 511
642 431
643 470
644 453
645 505
646 437
647 481
648 442
649 450
650 455
651 519
652 491
653 486
654 451
655 488
656 489
657 481
658 457
659 469
660 478
661 461
662 446
663 456
664 437
665 437
666 440
667 462
668 415
669 411
670 454
671 491
672 479
673 453
674 493
675 501
676 449
677 433
678 442
679 433
680 443
681 453
682 442
683 439
684 418
685 435
686 419
687 446
688 441
689 452
690 412
691 399
692 408
693 430
694 446
695 423
696 435
697 440
698 439
699 473
700 403
701 421
702 457
703 421
704 424
705 463
706 414
707 431
708 430
709 416
710 462
711 425
712 413
713 415
714 379
715 431
716 366
717 405
718 389
719 399
720 382
721 398
722 415
723 376
724 385
725 390
726 418
727 355
728 402
729 395
730 441
731 384
732 380
733 383
734 348
735 360
736 383
737 366
738 401
739 390
740 417
741 345
742 401
743 368
744 363
745 360
746 388
747 404
748 348
749 388
750 383
751 390
752 378
753 366
754 323
755 354
756 373
757 405
758 367
759 377
760 360
761 368
762 349
763 385
764 363
765 324
766 406
767 359
768 374
769 366
770 342
771 383
772 372
773 377
774 371
775 383
776 352
777 332
778 344
779 383
780 334
781 332
782 377
783 356
784 353
785 376
786 335
787 348
788 326
789 318
790 347
791 342
792 367
793 321
794 368
795 345
796 311
797 332
798 350
799 327
800 351
801 351
802 315
803 357
804 302
805 359
806 361
807 308
808 357
809 345
810 333
811 326
812 330
813 342
814 345
815 299
816 301
817 321
818 327
819 289
820 352
821 310
822 303
823 313
824 310
825 334
826 312
827 311
828 342
829 291
830 334
831 316
832 370
833 316
834 321
835 311
836 311
837 349
838 306
839 304
840 319
841 300
842 314
843 318
844 323
845 290
846 290
847 283
848 311
849 346
850 329
851 306
852 286
853 299
854 282
855 296
856 275
857 286
858 317
859 294
860 313
861 308
862 293
863 341
864 311
865 293
866 276
867 300
868 307
869 301
870 292
871 321
872 273
873 311
874 310
875 319
876 304
877 286
878 282
879 290
880 289
881 289
882 277
883 296
884 296
885 288
886 289
887 298
888 283
889 283
890 295
891 309
892 277
893 269
894 302
895 283
896 294
897 295
898 271
899 267
900 302
901 269
902 288
903 245
904 287
905 281
906 273
907 267
908 236
909 265
910 276
911 267
912 277
913 269
914 272
915 242
916 244
917 249
918 263
919 256
920 241
921 262
922 259
923 269
924 282
925 258
926 252
927 252
928 263
929 297
930 255
931 232
932 288
933 259
934 254
935 266
936 245
937 287
938 236
939 262
940 264
941 271
942 270
943 301
944 264
945 260
946 231
947 299
948 309
949 260
950 238
951 257
952 246
953 225
954 252
955 229
956 262
957 266
958 243
959 241
960 268
961 271
962 269
963 253
964 248
965 232
966 237
967 271
968 243
969 256
970 236
971 247
972 254
973 263
974 234
975 230
976 244
977 231
978 256
979 226
980 255
981 254
982 254
983 230
984 243
985 239
986 236
987 222
988 248
989 226
990 238
991 244
992 242
993 259
994 214
995 220
996 213
997 253
998 234
999 212
1000 231
1001 243
1002 229
1003 238
1004 234
1005 250
1006 242
1007 243
1008 248
1009 201
1010 235
1011 226
1012 248
1013 203
1014 230
1015 217
1016 205
1017 220
1018 222
1019 225
1020 218
1021 215
1022 232
1023 233
1024 239
1025 234
1026 221
1027 228
1028 236
1029 242
1030 201
1031 213
1032 213
1033 236
1034 236
1035 201
1036 220
1037 231
1038 191
1039 218
1040 227
1041 239
1042 214
1043 231
1044 204
1045 224
1046 228
1047 224
1048 219
1049 228
1050 227
1051 201
1052 229
1053 210
1054 219
1055 248
1056 189
1057 199
1058 223
1059 208
1060 188
1061 213
1062 198
1063 218
1064 217
1065 220
1066 203
1067 203
1068 220
1069 198
1070 219
1071 207
1072 195
1073 202
1074 247
1075 193
1076 211
1077 202
1078 198
1079 205
1080 190
1081 207
1082 203
1083 203
1084 198
1085 201
1086 187
1087 208
1088 186
1089 202
1090 211
1091 213
1092 210
1093 204
1094 226
1095 161
1096 197
1097 167
1098 184
1099 196
1100 197
1101 169
1102 198
1103 193
1104 170
1105 217
1106 181
1107 180
1108 192
1109 181
1110 181
1111 190
1112 188
1113 194
1114 189
1115 193
1116 183
1117 180
1118 162
1119 179
1120 168
1121 201
1122 152
1123 180
1124 171
1125 200
1126 204
1127 164
1128 182
1129 197
1130 170
1131 170
1132 206
1133 158
1134 205
1135 197
1136 173
1137 162
1138 186
1139 196
1140 183
1141 179
1142 169
1143 192
1144 219
1145 184
1146 192
1147 167
1148 169
1149 201
1150 156
1151 180
1152 193
1153 193
1154 190
1155 180
1156 191
1157 168
1158 181
1159 191
1160 177
1161 195
1162 167
1163 177
1164 166
1165 169
1166 156
1167 173
1168 178
1169 145
1170 174
1171 175
1172 204
1173 164
1174 213
1175 166
1176 161
1177 167
1178 164
1179 172
1180 170
1181 160
1182 181
1183 183
1184 162
1185 159
1186 188
1187 157
1188 156
1189 157
1190 161
1191 135
1192 174
1193 164
1194 191
1195 167
1196 167
1197 172
1198 155
1199 162
1200 151
1201 152
1202 171
1203 143
1204 179
1205 167
1206 139
1207 172
1208 166
1209 165
1210 175
1211 172
1212 186
1213 169
1214 162
1215 156
1216 186
1217 157
1218 159
1219 168
1220 172
1221 165
1222 141
1223 159
1224 152
1225 162
1226 173
1227 138
1228 183
1229 155
1230 141
1231 146
1232 158
1233 154
1234 162
1235 151
1236 166
1237 183
1238 132
1239 155
1240 167
1241 172
1242 131
1243 155
1244 175
1245 164
1246 161
1247 193
1248 142
1249 144
1250 133
1251 169
1252 129
1253 170
1254 150
1255 144
1256 152
1257 169
1258 133
1259 149
1260 166
1261 149
1262 177
1263 149
1264 133
1265 166
1266 139
1267 168
1268 131
1269 131
1270 149
1271 151
1272 149
1273 128
1274 140
1275 154
1276 164
1277 146
1278 155
1279 130
1280 160
1281 147
1282 154
1283 152
1284 134
1285 140
1286 148
1287 154
1288 163
1289 129
1290 154
1291 131
1292 135
1293 151
1294 135
1295 130
1296 143
1297 134
1298 123
1299 137
1300 149
1301 137
1302 132
1303 130
1304 165
1305 165
1306 128
1307 134
1308 145
1309 141
1310 136
1311 138
1312 143
1313 142
1314 138
1315 161
1316 133
1317 133
1318 138
1319 132
1320 133
1321 156
1322 145
1323 137
1324 123
1325 148
1326 127
1327 125
1328 130
1329 139
1330 150
1331 123
1332 140
1333 121
1334 146
1335 127
1336 140
1337 140
1338 141
1339 120
1340 130
1341 129
1342 124
1343 149
1344 123
1345 128
1346 146
1347 136
1348 129
1349 131
1350 128
1351 121
1352 131
1353 125
1354 135
1355 136
1356 114
1357 129
1358 131
1359 132
1360 135
1361 152
1362 128
1363 137
1364 144
1365 127
1366 96
1367 133
1368 124
1369 112
1370 137
1371 129
1372 123
1373 142
1374 126
1375 122
1376 118
1377 111
1378 127
1379 122
1380 119
1381 111
1382 123
1383 116
1384 127
1385 117
1386 113
1387 121
1388 127
1389 124
1390 125
1391 122
1392 122
1393 103
1394 137
1395 113
1396 124
1397 102
1398 158
1399 122
1400 119
1401 108
1402 127
1403 127
1404 115
1405 127
1406 121
1407 131
1408 111
1409 116
1410 130
1411 129
1412 123
1413 114
1414 123
1415 118
1416 128
1417 108
1418 99
1419 111
1420 101
1421 138
1422 114
1423 98
1424 119
1425 133
1426 128
1427 122
1428 131
1429 123
1430 110
1431 130
1432 117
1433 109
1434 108
1435 104
1436 95
1437 135
1438 108
1439 111
1440 101
1441 123
1442 103
1443 110
1444 109
1445 105
1446 101
1447 118
1448 121
1449 105
1450 90
1451 105
1452 103
1453 106
1454 114
1455 112
1456 125
1457 109
1458 111
1459 103
1460 96
1461 108
1462 112
1463 119
1464 105
1465 98
1466 101
1467 110
1468 126
1469 104
1470 111
1471 111
1472 120
1473 89
1474 115
1475 107
1476 99
1477 105
1478 109
1479 101
1480 87
1481 103
1482 93
1483 105
1484 126
1485 91
1486 101
1487 94
1488 108
1489 101
1490 112
1491 115
1492 95
1493 125
1494 107
1495 102
1496 107
1497 94
1498 97
1499 104
1500 101
1501 115
1502 111
1503 101
1504 97
1505 103
1506 96
1507 97
1508 107
1509 91
1510 102
1511 105
1512 100
1513 107
1514 107
1515 90
1516 118
1517 89
1518 108
1519 111
1520 98
1521 97
1522 106
1523 107
1524 105
1525 95
1526 108
1527 94
1528 94
1529 84
1530 93
1531 94
1532 79
1533 93
1534 90
1535 92
1536 92
1537 99
1538 107
1539 85
1540 89
1541 97
1542 118
1543 86
1544 107
1545 96
1546 98
1547 112
1548 99
1549 109
1550 97
1551 74
1552 90
1553 90
1554 103
1555 94
1556 90
1557 96
1558 91
1559 101
1560 90
1561 95
1562 104
1563 96
1564 105
1565 103
1566 87
1567 97
1568 99
1569 94
1570 106
1571 96
1572 82
1573 111
1574 91
1575 108
1576 81
1577 87
1578 88
1579 93
1580 91
1581 72
1582 90
1583 103
1584 101
1585 79
1586 107
1587 97
1588 81
1589 86
1590 87
1591 91
1592 82
1593 99
1594 93
1595 94
1596 90
1597 90
1598 90
1599 91
1600 96
1601 91
1602 109
1603 82
1604 89
1605 104
1606 98
1607 83
1608 85
1609 81
1610 78
1611 77
1612 99
1613 82
1614 74
1615 101
1616 80
1617 81
1618 89
1619 84
1620 78
1621 70
1622 93
1623 84
1624 99
1625 85
1626 83
1627 87
1628 77
1629 84
1630 99
1631 79
1632 84
1633 87
1634 96
1635 79
1636 78
1637 91
1638 81
1639 72
1640 76
1641 79
1642 94
1643 71
1644 94
1645 71
1646 77
1647 80
1648 85
1649 64
1650 73
1651 76
1652 82
1653 66
1654 72
1655 79
1656 83
1657 91
1658 72
1659 93
1660 75
1661 82
1662 69
1663 59
1664 95
1665 66
1666 78
1667 57
1668 70
1669 67
1670 78
1671 71
1672 68
1673 75
1674 77
1675 71
1676 79
1677 71
1678 86
1679 75
1680 83
1681 60
1682 97
1683 74
1684 68
1685 79
1686 62
1687 69
1688 84
1689 66
1690 90
1691 103
1692 81
1693 68
1694 67
1695 93
1696 94
1697 68
1698 73
1699 79
1700 73
1701 63
1702 61
1703 69
1704 59
1705 79
1706 67
1707 82
1708 78
1709 72
1710 70
1711 70
1712 73
1713 80
1714 75
1715 62
1716 63
1717 64
1718 64
1719 71
1720 72
1721 73
1722 72
1723 87
1724 54
1725 58
1726 72
1727 65
1728 69
1729 70
1730 74
1731 81
1732 68
1733 73
1734 73
1735 53
1736 64
1737 72
1738 79
1739 70
1740 63
1741 68
1742 54
1743 75
1744 70
1745 76
1746 52
1747 85
1748 79
1749 78
1750 63
1751 64
1752 68
1753 74
1754 58
1755 64
1756 66
1757 65
1758 59
1759 73
1760 61
1761 62
1762 65
1763 67
1764 50
1765 57
1766 76
1767 58
1768 68
1769 60
1770 62
1771 59
1772 64
1773 86
1774 63
1775 82
1776 58
1777 53
1778 60
1779 64
1780 64
1781 62
1782 56
1783 61
1784 61
1785 56
1786 58
1787 56
1788 48
1789 55
1790 62
1791 61
1792 52
1793 71
1794 59
1795 62
1796 63
1797 69
1798 61
1799 52
1800 64
1801 44
1802 49
1803 50
1804 57
1805 59
1806 46
1807 52
1808 45
1809 55
1810 59
1811 63
1812 63
1813 61
1814 65
1815 48
1816 49
1817 51
1818 57
1819 51
1820 57
1821 41
1822 58
1823 65
1824 56
1825 48
1826 48
1827 47
1828 53
1829 52
1830 52
1831 46
1832 64
1833 49
1834 56
1835 62
1836 63
1837 55
1838 56
1839 57
1840 61
1841 49
1842 56
1843 55
1844 62
1845 46
1846 41
1847 59
1848 48
1849 66
1850 50
1851 50
1852 70
1853 49
1854 60
1855 49
1856 62
1857 56
1858 46
1859 52
1860 38
1861 64
1862 58
1863 55
1864 42
1865 49
1866 44
1867 54
1868 48
1869 57
1870 51
1871 49
1872 62
1873 51
1874 55
1875 64
1876 52
1877 55
1878 58
1879 58
1880 62
1881 37
1882 47
1883 43
1884 46
1885 48
1886 36
1887 48
1888 54
1889 35
1890 51
1891 55
1892 36
1893 40
1894 32
1895 46
1896 47
1897 50
1898 44
1899 47
1900 44
1901 49
1902 36
1903 39
1904 44
1905 44
1906 44
1907 42
1908 41
1909 40
1910 49
1911 37
1912 39
1913 45
1914 45
1915 37
1916 44
1917 41
1918 33
1919 35
1920 46
1921 45
1922 48
1923 40
1924 36
1925 44
1926 34
1927 44
1928 43
1929 36
1930 44
1931 43
1932 35
1933 34
1934 41
1935 51
1936 40
1937 39
1938 50
1939 41
1940 46
1941 30
1942 43
1943 46
1944 34
1945 41
1946 41
1947 33
1948 49
1949 41
1950 40
1951 31
1952 43
1953 39
1954 43
1955 25
1956 22
1957 51
1958 37
1959 41
1960 51
1961 34
1962 26
1963 40
1964 30
1965 30
1966 35
1967 28
1968 42
1969 39
1970 33
1971 33
1972 38
1973 29
1974 36
1975 35
1976 24
1977 34
1978 33
1979 42
1980 35
1981 39
1982 30
1983 39
1984 33
1985 28
1986 40
1987 36
1988 26
1989 38
1990 34
1991 47
1992 36
1993 29
1994 43
1995 38
1996 35
1997 33
1998 47
1999 27
2000 28
2001 30
2002 30
2003 39
2004 22
2005 36
2006 41
2007 26
2008 37
2009 30
2010 37
2011 35
2012 32
2013 44
2014 31
2015 32
2016 32
2017 34
2018 32
2019 21
2020 38
2021 40
2022 38
2023 23
2024 25
2025 18
2026 30
2027 35
2028 25
2029 28
2030 30
2031 25
2032 29
2033 24
2034 25
2035 24
2036 24
2037 27
2038 24
2039 38
2040 22
2041 26
2042 30
2043 36
2044 21
2045 25
2046 21
2047 19
2048 32
2049 24
2050 27
2051 33
2052 32
2053 24
2054 33
2055 29
2056 31
2057 16
2058 28
2059 32
2060 24
2061 23
2062 23
2063 30
2064 28
2065 25
2066 16
2067 32
2068 29
2069 27
2070 26
2071 27
2072 19
2073 27
2074 27
2075 14
2076 23
2077 29
2078 24
2079 25
2080 20
2081 30
2082 20
2083 27
2084 27
2085 21
2086 24
2087 23
2088 24
2089 23
2090 21
2091 21
2092 21
2093 27
2094 26
2095 11
2096 17
2097 22
2098 17
2099 12
2100 23
2101 19
2102 34
2103 24
2104 20
2105 29
2106 22
2107 10
2108 13
2109 17
2110 21
2111 23
2112 18
2113 15
2114 23
2115 19
2116 18
2117 21
2118 24
2119 23
2120 25
2121 24
2122 24
2123 23
2124 16
2125 25
2126 19
2127 14
2128 20
2129 19
2130 18
2131 23
2132 15
2133 14
2134 12
2135 28
2136 23
2137 17
2138 21
2139 21
2140 19
2141 11
2142 18
2143 16
2144 14
2145 17
2146 9
2147 16
2148 28
2149 12
2150 12
2151 19
2152 17
2153 18
2154 13
2155 12
2156 12
2157 22
2158 16
2159 16
2160 9
2161 14
2162 15
2163 16
2164 14
2165 15
2166 14
2167 20
2168 12
2169 10
2170 12
2171 10
2172 13
2173 12
2174 15
2175 15
2176 11
2177 12
2178 9
2179 5
2180 17
2181 13
2182 10
2183 14
2184 5
2185 10
2186 19
2187 10
2188 8
2189 9
2190 11
2191 8
2192 5
2193 15
2194 12
2195 10
2196 9
2197 7
2198 9
2199 11
2200 11
2201 11
2202 6
2203 14
2204 12
2205 4
2206 12
2207 16
2208 6
2209 11
2210 9
2211 13
2212 8
2213 12
2214 14
2215 9
2216 8
2217 15
2218 11
2219 6
2220 7
2221 11
2222 13
2223 3
2224 10
2225 5
2226 9
2227 11
2228 9
2229 5
2230 5
2231 6
2232 5
2233 9
2234 9
2235 12
2236 2
2237 15
2238 7
2239 7
2240 9
2241 10
2242 10
2243 13
2244 11
2245 10
2246 9
2247 10
2248 8
2249 3
2250 5
2251 8
2252 10
2253 11
2254 4
2255 7
2256 6
2257 4
2258 6
2259 5
2260 6
2261 3
2262 3
2263 6
2264 7
2265 8
2266 5
2267 7
2268 6
2269 5
2270 5
2271 4
2272 11
2273 7
2274 8
2275 4
2276 4
2277 4
2278 8
2279 6
2280 5
2281 1
2282 6
2283 3
2284 3
2285 8
2286 5
2287 6
2288 6
2289 3
2290 9
2291 3
2292 5
2293 5
2294 2
2295 5
2296 4
2297 5
2298 1
2299 1
2300 3
2301 7
2302 2
2303 4
2304 1
2305 6
2306 7
2307 6
2308 1
2309 4
2310 3
2311 3
2312 4
2313 5
2314 4
2315 3
2316 3
2317 7
2318 0
2319 2
2320 3
2321 2
2322 7
2323 3
2324 4
2325 3
2326 3
2327 2
2328 4
2329 4
2330 2
2331 1
2332 0
2333 2
2334 4
2335 1
2336 3
2337 3
2338 4
2339 4
2340 3
2341 1
2342 3
2343 3
2344 2
2345 0
2346 2
2347 5
2348 1
2349 0
2350 1
2351 3
2352 2
2353 4
2354 2
2355 0
2356 3
2357 4
2358 5
2359 1
2360 4
2361 3
2362 6
2363 1
2364 1
2365 3
2366 3
2367 5
2368 1
2369 6
2370 1
2371 1
2372 2
2373 2
2374 1
2375 1
2376 1
2377 2
2378 2
2379 6
2380 1
2381 2
2382 2
2383 0
2384 1
2385 1
2386 1
2387 0
2388 2
2389 1
2390 1
2391 2
2392 3
2393 0
2394 1
2395 1
2396 2
2397 1
2398 2
2399 1
2400 1
2401 0
2402 1
2403 1
2404 2
2405 1
2406 1
2407 2
2408 2
2409 2
2410 2
2411 1
2412 0
2413 1
2414 0
2415 1
2416 1
2417 1
2418 1
2419 0
2420 0
2421 2
2422 0
2423 1
2424 0
2425 2
2426 1
2427 1
2428 0
2429 1
2430 0
2431 2
2432 0
2433 1
2434 2
2435 2
2436 0
2437 0
2438 0
2439 2
2440 0
2441 0
2442 0
2443 0
2444 0
2445 0
2446 2
2447 0
2448 0
2449 0
2450 2
2451 1
2452 0
2453 2
2454 0
2455 0
2456 0
2457 0
2458 0
2459 1
2460 1
2461 0
2462 1
2463 0
2464 0
2465 0
2466 0
2467 0
2468 1
2469 0
2470 0
2471 0
2472 1
2473 0
2474 0
2475 0
2476 0
2477 0
2478 0
2479 1
2480 0
2481 1
2482 0
2483 0
2484 1
2485 1
2486 0
2487 0
2488 0
2489 0
2490 0
2491 0
2492 0
2493 0
2494 0
2495 0
2496 0
2497 0
2498 0
2499 0
2500 0
2501 0
2502 1
2503 0
2504 0
2505 0
2506 0
2507 0
2508 0
2509 0
2510 0
2511 0
2512 0
2513 0
2514 0
2515 0
2516 0
2517 0
2518 0
2519 0
2520 0
2521 0
2522 0
2523 0
2524 0
2525 0
2526 1
2527 0
2528 0
2529 0
2530 0
2531 0
2532 0
2533 0
2534 0
2535 0
2536 0
2537 0
2538 0
2539 1
2540 0
2541 0
2542 0
2543 0
2544 0
2545 0
2546 0
2547 0
2548 0
2549 0
2550 0
2551 0
2552 0
2553 0
2554 0
2555 0
2556 0
2557 0
2558 0
2559 0
2560 0
2561 0
2562 0
2563 0
2564 0
2565 0
2566 0
2567 0
2568 0
2569 0
2570 0
2571 0
2572 0
2573 0
2574 0
2575 0
2576 0
2577 0
2578 0
2579 0
2580 0
2581 0
2582 0
2583 0
2584 0
2585 0
2586 0
2587 0
2588 0
2589 0
2590 0
2591 0
2592 0
2593 0
2594 0
2595 0
2596 0
2597 0
2598 0
2599 0
2600 0
2601 1
2602 0
2603 0
2604 0
2605 0
2606 0
2607 0
2608 0
2609 0
2610 0
2611 0
2612 0
2613 0
2614 0
2615 0
2616 0
2617 0
2618 0
2619 0
2620 0
2621 0
2622 0
2623 0
2624 0
2625 0
2626 1
