0 0.1605
1 0.164
2 0.1557
3 0.1649
4 0.1632
5 0.1629
6 0.1613
7 0.1662
8 0.1626
9 0.1553
10 0.1583
11 0.1661
12 0.1614
13 0.1574
14 0.1616
15 0.155
16 0.1626
17 0.1591
18 0.158
19 0.1545
20 0.1618
21 0.1554
22 0.1574
23 0.1665
24 0.1641
25 0.1536
26 0.1582
27 0.1628
28 0.1605
29 0.1554
30 0.1561
31 0.1525
32 0.1699
33 0.1618
34 0.1584
35 0.1557
36 0.1586
37 0.1531
38 0.164
39 0.1606
40 0.1654
41 0.1622
42 0.1563
43 0.1591
44 0.1602
45 0.1689
46 0.1592
47 0.1564
48 0.1573
49 0.1594
50 0.1595
51 0.1552
52 0.1605
53 0.1613
54 0.1532
55 0.1676
56 0.1584
57 0.1552
58 0.1663
59 0.1636
60 0.1624
61 0.1598
62 0.1602
63 0.1657
64 0.1602
65 0.1642
66 0.1627
67 0.1655
68 0.1527
69 0.1553
70 0.1623
71 0.16
72 0.1569
73 0.1606
74 0.1628
75 0.1609
76 0.1601
77 0.1583
78 0.1578
79 0.1663
80 0.1623
81 0.1622
82 0.1627
83 0.1578
84 0.163
85 0.1614
86 0.1562
87 0.1607
88 0.1641
89 0.1599
90 0.1564
91 0.159
92 0.1588
93 0.16
94 0.1648
95 0.1557
96 0.16
97 0.1621
98 0.1587
99 0.158
100 0.1653
101 0.1544
102 0.1656
103 0.1582
104 0.168
105 0.1598
106 0.1637
107 0.1647
108 0.1585
109 0.1658
110 0.1594
