-114 1
-113 1
-112 0
-111 0
-110 1
-109 0
-108 0
-107 0
-106 0
-105 0
-104 1
-103 1
-102 2
-101 0
-100 1
-99 1
-98 1
-97 4
-96 1
-95 1
-94 5
-93 3
-92 3
-91 2
-90 3
-89 10
-88 9
-87 9
-86 8
-85 8
-84 10
-83 17
-82 9
-81 20
-80 9
-79 14
-78 22
-77 26
-76 29
-75 47
-74 36
-73 51
-72 42
-71 60
-70 54
-69 74
-68 101
-67 95
-66 116
-65 135
-64 140
-63 164
-62 207
-61 226
-60 255
-59 331
-58 359
-57 425
-56 471
-55 560
-54 708
-53 812
-52 868
-51 1050
-50 1184
-49 1385
-48 1608
-47 2010
-46 2210
-45 2473
-44 2913
-43 3479
-42 4085
-41 4705
-40 5504
-39 6288
-38 7680
-37 8821
-36 10343
-35 12094
-34 14345
-33 16889
-32 19900
-31 23067
-30 27672
-29 32305
-28 38032
-27 45450
-26 54305
-25 64735
-24 77260
-23 91866
-22 110423
-21 132285
-20 158992
-19 192173
-18 233160
-17 283327
-16 347132
-15 424584
-14 522994
-13 650734
-12 814363
-11 1025113
-10 1302936
-9 1678271
-8 2189603
-7 2900844
-6 3931098
-5 5486508
-4 7961623
-3 12340179
-2 21588413
-1 42015834
0 161620812
1 572995704
2 161621595
3 42013759
4 21584688
5 12346200
6 7962213
7 5486582
8 3932884
9 2899930
10 2187632
11 1677617
12 1303135
13 1026788
14 812148
15 651844
16 525378
17 425342
18 345806
19 282370
20 232725
21 191600
22 158992
23 132961
24 110198
25 92183
26 76846
27 64337
28 54253
29 45660
30 38346
31 32403
32 27503
33 23148
34 19764
35 16959
36 14444
37 12217
38 10383
39 8862
40 7513
41 6416
42 5552
43 4741
44 3967
45 3430
46 2969
47 2554
48 2251
49 1901
50 1637
51 1374
52 1179
53 1050
54 852
55 760
56 636
57 564
58 495
59 461
60 357
61 306
62 270
63 241
64 197
65 166
66 156
67 119
68 107
69 99
70 90
71 68
72 55
73 61
74 46
75 43
76 26
77 39
78 22
79 24
80 30
81 25
82 21
83 13
84 18
85 7
86 6
87 5
88 7
89 10
90 1
91 3
92 6
93 3
94 2
95 4
96 4
97 2
98 2
99 0
100 1
101 1
102 0
103 1
104 1
105 1
106 1
107 1
108 1
109 1
110 0
111 0
112 0
113 0
114 0
115 0
116 0
117 1
