0 1.0 0.0 33448504
1 0.030218349945554016 1.4780981408881226 60087993
2 0.2967123845939323 1.9271429986438111 39407590
3 0.2002898797785113 3.0266367669115586 35970774
4 0.20980816196325228 3.9293714579323047 31780246
5 0.20617056383241283 4.946193758320206 28155547
6 0.21243554807541828 5.922660299724172 25041727
7 0.19556280382837513 7.054274462678472 22438449
8 0.18476536297002347 8.139905050415862 20235638
9 0.15936119370564922 9.3573166698296 18341272
10 0.14049156520591868 10.496228894054251 16690034
11 0.10984385629014941 11.745899058865724 15219249
12 0.08628403650707449 12.921445970528689 13924534
13 0.054590249927819176 14.223449015450633 12763085
14 0.02481727424388703 15.425285188753957 11732473
15 -0.010842685413903964 16.705160375560137 10794835
16 -0.042939847984721474 17.937153939685896 9948079
17 -0.08064784761112488 19.249702543107933 9174318
18 -0.11955535845081969 20.45741873591214 8478290
19 -0.15681214093014878 21.74256697873404 7839004
20 -0.1950926020719947 23.005399865604794 7257451
21 -0.2366052737530607 24.255297462393404 6723523
22 -0.2780909377050991 25.514330637419526 6230221
23 -0.31930676966581795 26.81350852740541 5779724
24 -0.3616065667682856 28.007756828040176 5362516
25 -0.4058172673460288 29.33127586600941 4983302
26 -0.4500074363019756 30.509800376027453 4632679
27 -0.4939855349897873 31.837971229943584 4304456
28 -0.53232814425383 33.068261312560296 4004885
29 -0.5873730887162002 34.23018643144414 3726422
30 -0.6289620889700608 35.51912971312394 3469729
31 -0.6771090993053878 36.79970886403418 3233027
32 -0.7142625909442918 37.960101925097284 3008710
33 -0.7623955151947782 39.19710031399433 2807346
34 -0.8064378225128948 40.4920903541761 2617531
35 -0.8578169079401508 41.788067377175125 2436654
36 -0.8944201948377672 43.012526046092724 2272660
37 -0.9416306081155884 44.37027046836669 2122705
38 -0.9734762640494129 45.51548201162929 1979887
39 -1.0351869722035307 46.780671453565034 1848724
40 -1.0733742567215767 47.9820976925248 1726641
41 -1.122106730097446 49.197884961977294 1613097
42 -1.1694419084864038 50.35881296804459 1506115
43 -1.2186712718696167 51.726167082184745 1405946
44 -1.2572954770138642 52.915275366903984 1311943
45 -1.3063161163541877 54.49467700159592 1226909
46 -1.3533213998124567 55.62645552796301 1147468
47 -1.3875533342485018 56.76544348468154 1070841
48 -1.4548180905164116 58.218086324010336 1002669
49 -1.4832494649653776 59.480807387161626 936388
50 -1.5384139981790579 60.60082298993873 875371
51 -1.5843710616244073 62.250226041750665 819659
52 -1.6361076983400862 63.7276660418696 765100
53 -1.6707955803727892 64.46815317474072 716169
54 -1.6958601606424502 66.06549991167395 668939
55 -1.7517812403063782 67.2441674311372 628635
56 -1.7840154740454812 68.2095996550217 588857
57 -1.8244999554222063 69.64145469701383 549601
58 -1.8848407311921476 70.90567315976423 515104
59 -1.9236217295496632 72.58091799694961 483305
60 -1.9651754508288344 73.69095311029749 451779
61 -1.984110651975372 74.56601293025611 423743
62 -2.0136324003285524 76.54349773635394 395675
63 -2.0811159781656445 78.77248078171283 370975
64 -2.141497370558317 79.10535361414877 347222
65 -2.1654906460341516 81.31709587738352 325958
66 -2.2281836065573772 83.1469683071113 305000
67 -2.27035156126614 83.56784163396502 284929
68 -2.299812741095839 85.14039957551081 267010
69 -2.357184 86.7095875901351 250000
70 -2.3663103427699497 88.44450634746471 234618
71 -2.444874116266162 90.47024894530836 219806
72 -2.483538854716303 91.14551074070641 205818
73 -2.493182608515122 91.39601230810054 192669
74 -2.5164346545289433 94.43718906467612 180594
75 -2.5562730463501686 95.54107493812187 168953
76 -2.5913562471854523 96.58061752134293 157663
77 -2.655095689116245 99.57160251352553 148763
78 -2.7671051216802267 100.92515139531301 139505
79 -2.666353620267082 101.50529751228831 130971
80 -2.787920508092604 102.84961765898858 122025
81 -2.7946068943871945 104.99253843725778 114702
82 -2.8392619311875693 106.99479775345338 108120
83 -2.8465556127092153 108.1311455967304 101092
84 -2.9112732109491284 108.91143421057309 94729
85 -3.0049784230872967 113.07235901465711 88984
86 -2.967481527684483 112.82972894179267 83368
87 -3.047709094626019 114.01993016432014 78266
88 -3.0874865640774454 117.26877915274794 73497
89 -3.091184299043552 119.01770256363518 68378
90 -3.08322026232474 117.19215734301008 64119
91 -3.1300981154552523 122.1291887443032 60439
92 -3.193817468105986 123.7136614818996 57064
93 -3.3529753211249673 125.71207471488745 53406
94 -3.2813763561391567 127.99182698587673 49958
95 -3.3405648350223642 131.22412665862439 46279
96 -3.3387493958712113 132.01557956413137 43451
97 -3.4481168894526295 132.89146854877552 40996
98 -3.40480878847549 131.60517326895643 38596
99 -3.533020163727268 139.11095021599579 36402
100 -3.3896023564064803 133.45524976823953 33950
101 -3.581599571936672 141.1523465773577 31771
102 -3.584801613987895 146.92539106687866 29740
103 -3.5551142723038596 141.36932223937276 27697
104 -3.680473827929695 144.35834685445994 26001
105 -3.7100560258454993 148.40037202891003 24453
106 -3.608136300417246 145.7339602262229 23008
107 -3.8398804047838087 152.4762476398209 21740
108 -3.7458233305570525 153.82692329818437 20411
109 -3.8375797858310916 158.73444680910927 18957
110 -3.812756264236902 155.79842497703382 17560
111 -3.8530960595605594 158.68679039626522 16521
112 -3.978069616218284 165.6381777347888 15686
113 -3.900660021551724 159.80310301265612 14848
114 -4.161987041036717 170.31674076008326 13890
115 -3.835310429825913 161.29054796633892 12982
116 -3.9660627920321336 166.5297114514217 12199
117 -3.973067201255121 172.8300076497232 11473
118 -4.211855905152759 174.4115694238338 10965
119 -4.202024211153007 174.58927155249225 10078
120 -4.548269391159299 190.33357498665623 9592
121 -4.2844837230115225 180.47382905161282 8939
122 -4.168978713226501 176.74195564196748 8362
123 -4.350544522741832 185.35898913333796 7805
124 -4.093836757357024 185.43289371905422 7204
125 -4.385200656422497 187.48044336940453 6703
126 -4.328736369467608 187.7373461261341 6236
127 -4.568927789934355 192.32335028952073 5941
128 -4.307920446615492 188.41303566150128 5732
129 -4.554956295331969 201.63474249856273 5377
130 -4.531776649746193 208.01954862017325 4925
131 -4.406096781070135 203.7031305973322 4691
132 -4.398494525547445 195.3674338649323 4384
133 -4.537884289518276 201.86028107206607 4131
134 -4.953251501697571 225.92703891846804 3829
135 -4.79542359030237 218.040142499678 3671
136 -4.604931024361608 210.15210952708634 3407
137 -4.772838749233599 220.70774785811844 3262
138 -4.842833607907743 218.79539757198734 3035
139 -4.847642505277974 213.06369782012786 2842
140 -4.778109824430333 227.24923318479185 2677
141 -4.901666666666666 217.48866388889283 2400
142 -4.513063063063063 203.87055007710194 2220
143 -4.516613563950842 213.474120894362 2197
144 -4.482290150412421 218.706746040996 2061
145 -4.766393442622951 222.42903453372634 1952
146 -5.190582959641255 246.43453015343113 1784
147 -4.405017921146953 211.02114566873598 1674
148 -5.067504963600265 241.33892421820883 1511
149 -5.563480741797433 273.88220414692165 1402
150 -4.9917231000752444 248.8750255486091 1329
151 -4.852140077821011 267.95167829944256 1285
152 -4.923627684964201 231.4500145248675 1257
153 -4.540825285338016 238.56440002127692 1139
154 -4.372670807453416 220.34913776474426 1127
155 -5.809611829944547 290.49609984932584 1082
156 -4.9813907933398625 259.7009269589357 1021
157 -5.299677765843179 241.01330816684282 931
158 -4.4892601431980905 248.89666269843653 838
159 -5.712987012987013 273.0669741946387 770
160 -5.944055944055944 307.9940730598052 715
161 -5.890173410404624 287.6555681780214 692
162 -4.783557046979865 229.29375647493384 596
163 -6.9300341296928325 359.18793754149635 586
164 -5.372134038800706 262.1348848638659 567
165 -6.465290806754221 372.64279151955907 533
166 -5.944333996023857 289.8935215743317 503
167 -5.478165938864628 239.61196868862197 458
168 -5.138702460850112 229.25145513965785 447
169 -6.095343680709535 346.4099783186901 451
170 -5.8436781609195405 295.81924164354643 435
171 -5.2711442786069655 277.7697643622683 402
172 -5.034782608695652 312.5089350976683 345
173 -6.2960725075528705 345.7491990763134 331
174 -5.944983818770226 277.38532273436573 309
175 -5.065830721003135 239.86713967040475 319
176 -6.4375 336.3196231617647 272
177 -5.909090909090909 283.70991735537206 220
178 -7.566666666666666 436.6455555555551 180
179 -6.762711864406779 414.1131858661308 177
180 -8.790816326530612 510.7776707621827 196
181 -6.033149171270718 390.0320503037151 181
182 -7.431818181818182 440.90444214876027 176
183 -4.816901408450704 208.6143622297168 142
184 -5.713235294117647 392.7633542387544 136
185 -8.347517730496454 381.44660731351547 141
186 -2.3863636363636362 148.43405647382892 132
187 -6.971631205673759 452.1268547859771 141
188 -6.5 344.56944444444446 144
189 -6.380952380952381 324.9501133786854 126
190 -2.784313725490196 164.03191080353702 102
191 -7.574712643678161 355.04901572202374 87
192 -5.53125 233.6240234375 64
193 -6.352112676056338 442.87601666336064 71
194 -8.950617283950617 340.5901539399483 81
195 -8.253164556962025 412.1637558083643 79
196 -10.524590163934427 649.2985756517068 61
197 -4.666666666666667 233.43790849673215 51
198 -7.230769230769231 463.2544378698225 52
199 -11.555555555555555 612.8024691358022 54
200 -4.849056603773585 274.4677821288717 53
201 -2.977272727272727 205.52221074380168 44
202 -9.642857142857142 489.18197278911566 42
203 -9.81578947368421 490.57132963988914 38
204 -14.8 738.2933333333335 30
205 -6.2 663.2000000000002 25
206 -4.310344827586207 233.66230677764565 29
207 -6.852941176470588 388.5960207612454 34
208 -11.74074074074074 736.0438957475999 27
209 -10.793103448275861 746.2330558858505 29
210 -2.96 103.1584 25
211 -15.72972972972973 833.0620891161432 37
212 -7.6 954.7733333333331 30
213 0.52 27.7696 25
214 -5.857142857142857 204.69387755102045 28
215 0.22727272727272727 47.721074380165284 22
216 -11.0 534.25 16
217 -10.0 518.25 16
218 -19.181818181818183 1089.2396694214876 22
219 -11.380952380952381 674.4263038548752 21
220 -9.571428571428571 541.673469387755 14
221 -9.428571428571429 310.2448979591837 14
222 -14.5 470.125 16
223 -0.15384615384615385 1.6686390532544377 13
224 -14.785714285714286 1181.5969387755101 14
225 -1.8181818181818181 71.78512396694218 11
226 -0.6666666666666666 13.555555555555555 6
227 -7.333333333333333 331.5555555555555 6
228 4.0 604.5 4
229 -13.428571428571429 1039.3877551020407 7
230 -37.0 2260.8 5
231 -1.0 0.0 1
232 -10.0 121.0 2
233 -1.6666666666666667 146.88888888888889 3
234 -3.0 49.6 5
235 -11.9 1117.4899999999998 10
236 -8.0 925.5555555555555 9
237 1.5 15.25 6
238 4.333333333333333 68.22222222222223 3
239 -30.0 0.0 1
240 -1.0 0.0 1
241 -13.5 210.25 2
242 -1.0 0.0 1
244 -2.3333333333333335 22.222222222222218 3
245 6.5 67.25 4
246 -30.666666666666668 1883.5555555555554 3
247 1.0 0.0 3
248 -10.2 94.16 5
249 1.0 0.0 1
250 -19.666666666666668 664.2222222222222 3
251 0.4 1.44 5
252 -25.25 1914.1875 4
253 -0.3333333333333333 0.888888888888889 3
254 1.0 2.0 4
255 -1.5 0.25 2
256 4.0 0.0 1
257 3.0 0.0 1
258 1.0 0.0 1
259 -1.0 4.0 2
260 -27.5 2497.25 4
261 1.0 0.0 1
262 -1.5 6.25 2
263 -36.0 1188.6666666666667 3
264 1.0 2.0 4
265 -17.0 736.5 4
267 -2.0 0.0 1
270 -51.0 0.0 1
271 -1.0 0.0 1
272 -1.0 0.0 1
