0 0.5360870361328125
1 0.538848876953125
2 0.53546142578125
3 0.5372772216796875
4 0.5428314208984375
5 0.5417938232421875
6 0.5420684814453125
7 0.5438690185546875
8 0.538848876953125
9 0.5352935791015625
10 0.5372314453125
11 0.5384063720703125
12 0.5390625
13 0.537506103515625
14 0.5384979248046875
15 0.537017822265625
16 0.5388336181640625
17 0.541839599609375
18 0.5421142578125
19 0.5388946533203125
20 0.538909912109375
21 0.5444793701171875
22 0.54278564453125
23 0.543304443359375
24 0.5428466796875
25 0.5379180908203125
26 0.542816162109375
27 0.54229736328125
28 0.53839111328125
29 0.5417327880859375
30 0.5377960205078125
31 0.5393829345703125
32 0.5405120849609375
33 0.5402984619140625
34 0.534942626953125
35 0.534576416015625
36 0.5403289794921875
37 0.540863037109375
38 0.539306640625
39 0.5399017333984375
40 0.541473388671875
41 0.542724609375
42 0.538482666015625
43 0.543304443359375
44 0.538665771484375
45 0.5428619384765625
46 0.5399627685546875
47 0.540496826171875
48 0.5360260009765625
49 0.53863525390625
50 0.540374755859375
51 0.5407562255859375
52 0.54327392578125
53 0.5414886474609375
54 0.5408477783203125
55 0.5462646484375
56 0.54095458984375
57 0.5385284423828125
58 0.5343780517578125
59 0.5428924560546875
60 0.5379638671875
61 0.5403900146484375
62 0.5408477783203125
63 0.5413818359375
64 0.5387420654296875
65 0.5400238037109375
66 0.5348358154296875
67 0.5402679443359375
68 0.54071044921875
69 0.5359954833984375
70 0.54248046875
71 0.537261962890625
72 0.53857421875
73 0.5374908447265625
74 0.542633056640625
75 0.5386199951171875
76 0.5355987548828125
77 0.540435791015625
78 0.54486083984375
79 0.5389862060546875
80 0.5369720458984375
81 0.5370941162109375
82 0.5404815673828125
83 0.5378570556640625
84 0.53887939453125
85 0.53985595703125
86 0.54180908203125
87 0.5388946533203125
88 0.53472900390625
89 0.5415802001953125
90 0.54296875
91 0.5410308837890625
92 0.5387115478515625
93 0.540863037109375
94 0.5423126220703125
95 0.5345458984375
96 0.5408782958984375
97 0.5382080078125
98 0.5365753173828125
99 0.5458831787109375
100 0.54510498046875
101 0.5430145263671875
102 0.5427703857421875
103 0.544708251953125
104 0.5400390625
105 0.5334014892578125
106 0.543792724609375
107 0.541046142578125
108 0.53912353515625
109 0.533721923828125
110 0.5395050048828125
