2 0.7889443899588049
3 0.7548160953069916
4 0.7286698619803537
5 0.708825936009309
6 0.6929825062907975
7 0.6794834343028852
8 0.6685136114447895
9 0.659018900527181
10 0.6510624597632492
11 0.6438574211779243
12 0.6373599282148682
13 0.6319803523499813
14 0.6263000012509434
15 0.6217368879157827
16 0.6180278439183752
17 0.613571924895544
18 0.6104264693341529
19 0.6068819340820268
20 0.6036590429171325
21 0.6011864181829293
22 0.5985116448742027
23 0.5957906680459969
24 0.5935285552672999
25 0.591329164854828
26 0.589066462112736
27 0.5873577019449072
28 0.5857150817736693
29 0.583969437944099
30 0.5821847482096619
31 0.5805919635180302
32 0.5793239147832828
33 0.5782063391109524
34 0.5766804465177431
35 0.5745317454239955
36 0.5739472276901021
37 0.5728961280515484
38 0.5715839164255264
39 0.5703021533678462
40 0.569380106787141
41 0.5678607132580321
42 0.5669189937867094
43 0.5662238180624561
44 0.5653754365646008
45 0.5648238988326456
46 0.5631692986722084
47 0.5623770312959502
48 0.5616504859054132
49 0.56145152256118
50 0.5602705075883815
51 0.5595621721357059
52 0.5588722075438776
53 0.5588057246154056
54 0.5576775965738348
55 0.5572075039784155
56 0.5559381342444952
57 0.5555613788981393
58 0.5550588686125817
59 0.5545348950316707
60 0.5531430766659549
61 0.5531853734638622
62 0.552969360766422
63 0.5517559107247043
64 0.5515746444321636
65 0.5515744833257014
66 0.5504069640531813
67 0.5504076482146418
68 0.550040849935991
69 0.5497123188415224
70 0.5491296085738951
71 0.5490650432706972
72 0.5485919208961695
73 0.5472989798459359
74 0.5471354317304752
75 0.5476579715748169
76 0.5460157118952877
77 0.5462283473408467
78 0.5457924329137375
79 0.5451260839592177
80 0.5453584403615284
81 0.5449522845404279
82 0.5447114273142866
83 0.5445279285059165
84 0.5438478409005446
85 0.5435613917377552
86 0.5427984116005518
87 0.542647565367152
88 0.542154517670967
89 0.5423955847517021
90 0.5416709578583521
91 0.5413785098314242
92 0.5419791645346814
93 0.541926322220571
94 0.5409420651559016
95 0.5405954383565666
96 0.5400101529960207
97 0.5400084044286054
98 0.5396237823427459
99 0.5389491335071308
100 0.5380630900428184
101 0.5379963972924144
102 0.5383276515101033
103 0.5387902971940418
104 0.5379878760753711
105 0.5381480828222254
106 0.5371409434293746
107 0.537703357579134
108 0.537981210590462
109 0.5368800360903266
110 0.5368066550584235
111 0.5358819469724548
112 0.535593857521521
113 0.5358551152413785
114 0.5360051089083198
115 0.5359925283334847
116 0.535285546036753
117 0.5356077354633195
118 0.5345217378296576
119 0.5350300636198585
120 0.5358320070448137
121 0.5342887041392071
122 0.5340201373335026
123 0.5336885001941299
124 0.5340671315574671
125 0.5346520624329948
126 0.5340885419665222
127 0.5338736375903218
128 0.5327568935071991
129 0.5325455853870514
130 0.5339428404563573
131 0.5323644986669345
132 0.5328769771032817
133 0.5320229148282646
134 0.5320814374103379
135 0.5329811487400292
136 0.5324341362511813
137 0.5315358432595796
138 0.5306906892078128
139 0.5308829987435243
140 0.5311618523737879
141 0.5316585429392126
142 0.5311821323652508
143 0.5301220967784799
144 0.5323752275472237
145 0.5308738886261941
146 0.5297158831170198
147 0.5301646692504516
148 0.5301980355946562
149 0.5297729507134595
150 0.5291755997652442
151 0.529708516136787
152 0.5298196495592267
153 0.5298724598485832
154 0.5288385667123192
155 0.5301240865172396
156 0.5300016880839754
157 0.5303946053020183
158 0.5286704356435398
159 0.5290450414411261
160 0.529068586262682
161 0.5275696242134318
162 0.5285906940243355
163 0.5282703121574706
164 0.5282478834061342
165 0.52744427812328
166 0.5277245539991197
167 0.5276529127474926
168 0.5284891761856532
169 0.527318417958227
170 0.5275471985944313
171 0.5266229955430076
172 0.527214490274506
173 0.5275160500824058
174 0.5275094261756926
175 0.5262827120852028
176 0.526774292135804
177 0.5274619279671969
178 0.5271209141323353
179 0.5269455913436791
180 0.5270127162351362
181 0.5267866018666814
182 0.5260915838351391
183 0.5272492303226365
184 0.5261797433597233
185 0.5265010418876784
186 0.5257591747131756
187 0.5249451723236708
188 0.5262830708813329
189 0.5261763773700718
190 0.5263479818949822
191 0.5263756233135144
192 0.5259037374906392
193 0.5255945429296891
194 0.5254828733150493
195 0.5259802816324021
196 0.5251902256875132
197 0.5254919617554361
198 0.5245182944026319
199 0.5240330256309681
200 0.5243022255102148
201 0.525682728613415
202 0.5237025050940909
203 0.5239118106730325
204 0.5241344181666759
205 0.5242410628913827
206 0.5241229171135564
207 0.5250791250205816
208 0.5244107963946469
209 0.5253003035359164
210 0.523859081335812
211 0.5236492674703433
212 0.5235423915546786
213 0.5232200273811852
214 0.5236480756788673
215 0.5248033915935131
216 0.5234925644033657
217 0.5229528131681225
218 0.5244373619970804
219 0.5238793699134975
220 0.5240649524127567
221 0.5228791111468942
222 0.5239930055111526
223 0.5229070828206618
224 0.5227346091016691
225 0.5230162854313531
226 0.5226944028125318
227 0.5240221594106135
228 0.5230539084755637
229 0.5235922557181119
230 0.5225661306903682
231 0.5230706281737603
232 0.5231386247061338
233 0.5220942007446181
234 0.5242805120393814
235 0.52233440171838
236 0.5212771538179067
237 0.5212933150968881
238 0.5230100383543312
239 0.5234660061496412
240 0.5227808487813544
241 0.5229941157532041
242 0.5220554359859451
243 0.5224986263996514
244 0.5226968278300258
245 0.5219509406308525
246 0.5205983525489603
247 0.5223366976152612
248 0.5218709557495432
249 0.5218972018536162
250 0.5216328384058124
251 0.5215459960291198
252 0.5206633963199745
253 0.5222731024058266
254 0.5211700566605615
255 0.5211031818425712
256 0.5213976953011308
257 0.521252454213509
258 0.5211159374278458
259 0.5211822356793092
260 0.5216008620752212
261 0.5210678750790386
262 0.5208423300553379
263 0.5215801772601953
264 0.5196385991126514
265 0.5216209310832247
266 0.5195980862654901
267 0.5205142724530053
268 0.52094722078909
269 0.5211847889541054
270 0.5213444104814902
271 0.5206286102870294
272 0.520213653188399
273 0.5221586585881358
274 0.5211343577560932
275 0.5196273266185316
276 0.5202440251286881
277 0.5202638769585507
278 0.5190179225696141
279 0.5194367200606715
280 0.5202645272700002
281 0.5207031077253789
282 0.52162426859233
283 0.517681232146993
284 0.5197014988986379
285 0.5202292722044344
286 0.5204751296294495
287 0.5197173800004284
288 0.5184114255611811
289 0.5187617499857873
290 0.5193473909218133
291 0.5195907250992248
292 0.5191735292667291
293 0.5196242088607594
294 0.51915106573541
295 0.5192734901269478
296 0.5204808717801981
297 0.5192624814909063
298 0.5197036715639601
299 0.5187124378949739
300 0.5184090725968898
301 0.5185632711122606
302 0.5183790084148283
303 0.5184490995957368
304 0.5188492205286317
305 0.5191755810192861
306 0.5180863213128247
307 0.5189613960343311
308 0.519268458729602
309 0.5188897439716664
310 0.5201471201073131
311 0.5195365309490831
312 0.5176093028866653
313 0.5188741618262022
314 0.5187206283753892
315 0.5186584799675432
316 0.5182180364865036
317 0.5181453229939256
318 0.5194196513510885
319 0.5188709902047258
320 0.5170792110697884
321 0.519274120589644
322 0.5190382385045709
323 0.5187079517073556
324 0.5187189017444997
325 0.5174696634907546
326 0.5182708063820612
327 0.5176736987300841
328 0.5187225431526514
329 0.5180154520270226
330 0.5175554981314235
331 0.5174765966616098
332 0.518131613669926
333 0.5193116451000482
334 0.5184517230435877
335 0.5171546228174564
336 0.5169899761231473
337 0.5183117512332629
338 0.5171052283489563
339 0.5171936185159659
340 0.517913676247102
341 0.5167267261910071
342 0.5183106825144306
343 0.5181853097353037
344 0.5187121918080668
345 0.5172775524902535
346 0.5174278454622451
347 0.5162202192800246
348 0.5189817892399596
349 0.5192232553622527
350 0.5167296331214857
351 0.5177339329952841
352 0.5187118103055176
353 0.5171514356268737
354 0.5176148476170435
355 0.5176012103984228
356 0.5181583520166523
357 0.517405092337629
358 0.5173886122945971
359 0.5165664141361823
360 0.518528676924779
361 0.5154565808596719
362 0.5180914559093337
363 0.5180914328191786
364 0.5171598347898402
365 0.5176658755065212
366 0.5180108398681297
367 0.5168017648265956
368 0.5164024823357882
369 0.5169378062358186
370 0.518742121830247
371 0.5165809457288867
372 0.5170920504560633
373 0.5167882589857237
374 0.5161264279659307
375 0.5168357587466144
376 0.5157238850975279
377 0.5181987533137494
378 0.5157291999828149
379 0.5161021654636313
380 0.517029220662584
381 0.5166809875144609
382 0.515417917827382
383 0.5159728477284966
384 0.516713894741941
385 0.5178098679213692
386 0.5156033354341397
387 0.5165994702193136
388 0.5168629283261666
389 0.516526465766258
390 0.5159402369408821
391 0.5166466016756714
392 0.5154543091058035
393 0.5171027340838662
394 0.5156021194960659
395 0.5165032168018405
396 0.5157846086163473
397 0.5166120059216494
398 0.5169380446932901
399 0.5162797271462684
400 0.5160134583962491
401 0.5149875414662775
402 0.5152997705034424
403 0.5164205113054539
404 0.5155415012626294
405 0.516998648333488
406 0.5146542767949005
407 0.5159088156938726
408 0.5162449115985175
409 0.5157366526588294
410 0.516390460123714
411 0.516423891237964
412 0.5159333518156315
413 0.5156428012529534
414 0.5155013597235569
415 0.5163219146254111
416 0.5153233733550854
417 0.5160051414279054
418 0.5159784190262808
419 0.5147651856272265
420 0.5160646154244105
421 0.5142227007952673
422 0.5165485554084572
423 0.514592216792721
424 0.5152419963629855
425 0.5148273668082012
426 0.5142829554469915
427 0.5152056636649521
428 0.5157181806038987
429 0.5162150562397609
430 0.5146926214467711
431 0.5141024526119118
432 0.5145602072100645
433 0.5150515027701746
434 0.5146482073390657
435 0.515455717743555
436 0.5139027837327108
437 0.5158021604028787
438 0.5139841183786714
439 0.514797300179135
440 0.5145459888333823
441 0.5146713520857068
442 0.5170133310522362
443 0.5136730398410317
444 0.5144322887693924
445 0.5141041972536489
446 0.5146482794341394
447 0.5146796695110388
448 0.5154298996805925
449 0.5145063140990053
450 0.5136009905452886
451 0.514856561568482
452 0.5170042251601472
453 0.5154877195466265
454 0.51318304444226
455 0.5150250623472185
456 0.5148092087795986
457 0.5148553997545379
458 0.514388024590592
459 0.513836038129643
460 0.5146725184198064
461 0.5133021512331857
462 0.5150781574214968
463 0.5140779113943399
464 0.5152444635298448
465 0.5142926593482737
466 0.515298741480955
467 0.5134108837331647
468 0.5149547780971745
469 0.5147330684902257
470 0.5166546815132754
471 0.5160432905287949
472 0.5138808031206846
473 0.5149800828194626
474 0.5139522298200021
475 0.51372023607625
476 0.5136997207736447
477 0.5143023503514876
478 0.5137114325950582
479 0.5151124611722481
480 0.5145079244485447
481 0.513947330082527
482 0.5146250035768449
483 0.5154938448325221
484 0.5148791622988663
485 0.5142413599164399
486 0.5125356920006786
487 0.5144536103824382
488 0.5144375828733652
489 0.5140444513423639
490 0.5130888244232629
491 0.5137378404178311
492 0.5121799781816494
493 0.5152791706509318
494 0.5149636846250328
495 0.5149475305221282
496 0.5149171817633923
497 0.5132756258925709
498 0.5136766347384477
