2 0.6234018813109308
3 0.6036483982258039
4 0.5897857701234495
5 0.5787462030971328
6 0.56932123904774
7 0.5620370127057404
8 0.5559994030536956
9 0.5505709380865726
10 0.5457639048366075
11 0.541441190490898
12 0.5377719387581475
13 0.5346586159778033
14 0.5321108620329592
15 0.5298824576729733
16 0.5272389774832995
17 0.524769759898978
18 0.522621772231943
19 0.5213276151939134
20 0.5194925841688823
21 0.518039529750855
22 0.516733070166705
23 0.5153724648049769
24 0.5136251896663843
25 0.513021714831597
26 0.5121964126162908
27 0.5104630828830782
28 0.5097166098038701
29 0.5101423526676595
30 0.5086717417652988
31 0.5075880315069201
32 0.5060121643882158
33 0.505748528011963
34 0.505669246009569
35 0.5044333670621003
36 0.5040740132218969
37 0.5033470532362386
38 0.5021110669580767
39 0.5010112193955967
40 0.5021134311658577
41 0.5008052641266335
42 0.5011447544476931
43 0.500226069842283
44 0.4999460292983809
45 0.4994540816655179
46 0.49961757314438926
47 0.4987022864643484
48 0.49794542023994853
49 0.49718685733416235
50 0.4975880847399517
51 0.4963410575362982
52 0.4971683374560604
53 0.4960222914128424
54 0.4968887008239595
55 0.4961042135106071
56 0.4953653348956277
57 0.4950516385461395
58 0.49426189934461345
59 0.49392644523950924
60 0.49449506626169215
61 0.49295372010907124
62 0.4926402626151655
63 0.49404519002925107
64 0.4939092350999528
65 0.4933198666201273
66 0.4926525808874196
67 0.491447952838569
68 0.4942181263207326
69 0.4915895435445656
70 0.4934115934115934
71 0.49161615777773554
72 0.4912259894543855
73 0.4914104602424067
74 0.49035492172421186
75 0.49055834729201564
76 0.4911255335729323
77 0.49153446853927135
78 0.49014041764925304
79 0.4895981367440392
80 0.491050188868094
81 0.4905031419776728
82 0.48959655284360887
83 0.4877389874726954
84 0.4901000809301357
85 0.4881164834798272
86 0.49201747934063084
87 0.4875556317875295
88 0.4872711074041779
89 0.48880328660236644
90 0.48862121988723733
91 0.49176606017970775
92 0.48917215824624466
93 0.48845857174105756
94 0.48894413501302797
95 0.48539359435924906
96 0.48936832682502823
97 0.4867398694221119
98 0.4885270274060983
99 0.4847275226272463
100 0.4902200302331618
101 0.48831267753145974
102 0.49129874847274047
103 0.48996558656172273
104 0.487863434956838
105 0.4837549122709913
106 0.48441025047723724
107 0.4844535618036282
108 0.48905414438502676
109 0.482808054041139
110 0.48889642695612845
111 0.4871036635452604
112 0.48975909489905395
113 0.4876777847702958
114 0.4843169084149343
115 0.48598130841121495
116 0.4890991245410901
117 0.4864370798443213
118 0.48275435776981085
119 0.4854111405835544
120 0.4869269949066214
121 0.485143223599829
122 0.4887580886922824
123 0.4888375090020089
124 0.4822461757945629
125 0.4883032520659458
126 0.485562857748569
127 0.4865382047972943
128 0.48617597608817487
129 0.4879961510704835
130 0.4812783090085556
131 0.491982240793941
132 0.4880499728408474
133 0.4943076664236442
134 0.48465651516912706
135 0.4849323493234932
136 0.48288242082318245
137 0.48668264748967904
138 0.48606726149622514
139 0.4809567879262476
140 0.48597638920219566
141 0.49159402241594025
142 0.48261956609403983
143 0.4842327150084317
144 0.4746192893401015
145 0.4865977495197146
146 0.4934740349902805
147 0.4821843532145624
148 0.48032523589640636
149 0.48353123386680436
150 0.4764414461895225
151 0.4857300275482094
152 0.4849692552949214
153 0.4694464414090582
154 0.47631241997439183
155 0.4823906083244397
156 0.4841959972394755
157 0.48008171603677224
158 0.47814752338598376
159 0.484360038301947
160 0.4856109192567012
161 0.4819110264843344
162 0.47587354409317806
163 0.4886277482941622
164 0.49295230739525003
165 0.48601467962705813
166 0.483729662077597
167 0.4925886143931257
168 0.4790687262144616
169 0.4878551787351054
170 0.46937287311618864
171 0.4923625254582485
172 0.4782157676348548
173 0.470636438131658
174 0.4822291725902758
175 0.49670392662654056
176 0.49421965317919075
177 0.46927545093243656
178 0.4768872630528766
179 0.4964887640449438
180 0.49387469373468673
181 0.48248749106504646
182 0.4750093949642991
183 0.48294786358290864
184 0.4854523714627342
185 0.4802955665024631
186 0.49138673557278206
187 0.4958241758241758
188 0.47692307692307695
189 0.47867063492063494
190 0.49572649572649574
191 0.49761526232114467
192 0.4875207986688852
193 0.4905771495877503
194 0.5029904306220095
195 0.48326232501521604
196 0.4715394566623545
197 0.4976494291470786
198 0.4548002803083392
199 0.46377893950709487
200 0.46314102564102566
201 0.5040453074433657
202 0.46584362139917695
203 0.4668411867364747
204 0.4789615040286482
205 0.4770731707317073
206 0.49334698055271237
207 0.49270833333333336
208 0.4734042553191489
209 0.47121535181236673
210 0.45248868778280543
211 0.47079439252336447
212 0.46980676328502413
213 0.4824561403508772
214 0.4929214929214929
215 0.48409405255878285
216 0.5063829787234042
217 0.4698972099853157
218 0.44227642276422763
219 0.46167557932263814
220 0.45623836126629425
221 0.4613778705636743
222 0.4656652360515021
223 0.4429530201342282
224 0.49033816425120774
225 0.4765625
226 0.4624277456647399
227 0.5058139534883721
228 0.43548387096774194
229 0.5333333333333333
230 0.4819277108433735
231 0.47619047619047616
232 0.47368421052631576
233 0.49266862170087977
234 0.4369230769230769
235 0.5033557046979866
236 0.44765342960288806
237 0.5423076923076923
238 0.4740740740740741
239 0.42338709677419356
240 0.4732142857142857
241 0.4933920704845815
242 0.5110132158590308
243 0.4549763033175355
244 0.5458937198067633
245 0.5161290322580645
246 0.4697674418604651
247 0.4497354497354497
248 0.47058823529411764
249 0.4934210526315789
250 0.4936708860759494
251 0.5096774193548387
252 0.5161290322580645
253 0.5208333333333334
254 0.4492753623188406
255 0.48201438848920863
256 0.5695364238410596
257 0.48125
258 0.45925925925925926
259 0.5793650793650794
260 0.48120300751879697
261 0.49523809523809526
262 0.5176470588235295
263 0.6161616161616161
264 0.43617021276595747
265 0.46153846153846156
266 0.4431818181818182
267 0.37037037037037035
268 0.5
269 0.44
270 0.5176470588235295
271 0.42045454545454547
272 0.4567901234567901
273 0.5125
274 0.4050632911392405
275 0.391304347826087
276 0.5178571428571429
277 0.5666666666666667
278 0.453125
279 0.582089552238806
280 0.4375
281 0.5432098765432098
282 0.46835443037974683
283 0.38461538461538464
284 0.46875
285 0.5405405405405406
286 0.4864864864864865
287 0.5454545454545454
288 0.38461538461538464
289 0.29411764705882354
290 0.4
291 0.5
292 0.6666666666666666
293 0.6857142857142857
294 0.5151515151515151
295 0.36
296 0.43478260869565216
297 0.5161290322580645
298 0.3548387096774194
299 0.5217391304347826
300 0.45161290322580644
301 0.45454545454545453
302 0.42857142857142855
303 0.3888888888888889
304 0.5384615384615384
305 0.5555555555555556
306 0.3333333333333333
307 0.5833333333333334
308 0.6470588235294118
309 0.6666666666666666
310 0.38095238095238093
311 0.47058823529411764
312 0.5625
313 0.5
314 0.4117647058823529
315 0.5833333333333334
316 0.5
317 0.5625
318 0.35714285714285715
319 0.2857142857142857
320 0.75
321 0.3333333333333333
322 0.6
323 0.5714285714285714
324 0.2857142857142857
325 0.5
326 0.25
327 0.25
328 0.5
329 0.5555555555555556
330 0.5
331 0.3333333333333333
332 0.6363636363636364
333 0.42857142857142855
334 0.47058823529411764
335 0.55
336 0.2857142857142857
337 0.5
338 0.2727272727272727
339 0.5555555555555556
340 0.375
341 0.16666666666666666
342 0.7142857142857143
343 0.6666666666666666
344 0.5
345 0.4
346 0.6666666666666666
347 0.8181818181818182
348 0.6428571428571429
349 0.5555555555555556
350 0.2
351 0.75
352 1.0
353 0.42857142857142855
354 0.25
355 0.5
356 0.4
357 0.5714285714285714
358 0.4444444444444444
359 0.5
360 0.4166666666666667
361 0.38461538461538464
362 0.46153846153846156
363 0.16666666666666666
364 0.75
365 0.7142857142857143
366 0.14285714285714285
367 0.6666666666666666
368 0.6666666666666666
369 0.3333333333333333
370 1.0
371 0.6
372 0.4
373 0.0
374 0.75
375 0.3333333333333333
376 0.0
377 0.25
378 0.0
379 1.0
380 0.3333333333333333
381 0.5
382 0.5
383 1.0
384 0.5
385 0
386 0.0
387 0.0
388 0.75
389 0.2
390 0.3333333333333333
391 1.0
392 0.3333333333333333
393 1.0
394 0.5
395 0.0
396 0
397 0
398 1.0
399 0
400 0
401 0.0
402 0
403 0.75
404 0.6666666666666666
405 0.4
406 0.5
407 0.3333333333333333
408 0.0
409 0
410 0
411 0
412 1.0
413 0.5
414 0.0
415 0.5
416 0.0
417 0
418 0
419 0
420 0
421 0
422 0
423 0
424 0
425 0
426 0
427 0
428 0
429 0
430 0
431 0
432 0
433 0
434 0
435 0
436 0
437 0
438 0
439 0
440 0
441 0
442 0
443 0
444 0
445 0
446 0
447 0
448 0
449 0
450 0
451 0
452 0
453 0
454 0
455 0
456 0
457 0
458 0
459 0
460 0
461 0
462 0
463 0
464 0
465 0
466 0
467 0
468 0
469 0
470 0
471 0
472 0
473 0
474 0
475 0
476 0
477 0
478 0
479 0
480 0
481 0
482 0
483 0
484 0
485 0
486 0
487 0
488 0
489 0
490 0
491 0
492 0
493 0
494 0
495 0
496 0
497 0
498 0
