0 1.0 0.0 65845854
1 -0.4302154218722585 0.9219019511518918 89918771
2 -0.463725875383732 0.9593820675847862 27908475
3 -0.7914736799554964 1.3484526210475798 10390180
4 -0.9519020648802102 1.506723945052606 3708496
5 -1.1306932004311 1.779493168048302 1313848
6 -1.27547845012054 2.003758326349347 464991
7 -1.4375562474156593 2.393949390120228 164452
8 -1.5669073117323022 2.7476276303396063 58454
9 -1.728941581413137 3.251701824582687 20918
10 -1.829165012571126 3.611281200374437 7557
11 -1.9835636906985432 4.2455273822901605 2677
12 -2.1040582726326744 5.02142994041285 961
13 -2.096317280453258 5.033215899333136 353
14 -2.4375 5.87109375 128
15 -2.116279069767442 6.614386154678203 43
16 -1.7058823529411764 5.266435986159172 17
17 -2.857142857142857 10.122448979591837 7
18 -6.0 4.666666666666667 3
