0 0.1025
1 0.0993
2 0.102
3 0.0948
4 0.0983
5 0.0976
6 0.1025
7 0.0985
8 0.0959
9 0.1021
10 0.0973
11 0.1011
12 0.0993
13 0.1028
14 0.0965
15 0.097
16 0.0946
17 0.1011
18 0.102
19 0.1025
20 0.0994
21 0.0984
22 0.1018
23 0.0989
24 0.1008
25 0.0997
26 0.1015
27 0.1044
28 0.0962
29 0.0984
30 0.101
31 0.1044
32 0.1025
33 0.0981
34 0.1002
35 0.1018
36 0.1015
37 0.1036
38 0.0962
39 0.0958
40 0.1033
41 0.1055
42 0.0993
43 0.102
44 0.0973
45 0.1064
46 0.1043
47 0.1006
48 0.1006
49 0.1002
50 0.0972
51 0.0924
52 0.1036
53 0.1036
54 0.1035
55 0.098
56 0.0995
57 0.1005
58 0.1024
59 0.0986
60 0.1066
61 0.1004
62 0.1004
63 0.1045
64 0.0976
65 0.0971
66 0.1027
67 0.1041
68 0.101
69 0.1034
70 0.1006
71 0.0986
72 0.0988
73 0.1
74 0.1014
75 0.0949
76 0.1026
77 0.102
78 0.1017
79 0.1023
80 0.0986
81 0.0976
82 0.0964
83 0.1051
84 0.1001
85 0.109
86 0.0964
87 0.0962
88 0.1011
89 0.1039
90 0.1017
91 0.1022
92 0.1039
93 0.1017
94 0.1003
95 0.1015
96 0.0976
97 0.0959
98 0.0998
99 0.1034
100 0.0985
101 0.1019
102 0.1005
103 0.0975
104 0.0961
105 0.1021
106 0.1028
107 0.0992
108 0.095
109 0.0995
110 0.0972
