0 1.0 0.0 70668735
1 -0.3546814056736072 1.0148988271004757 100986089
2 -0.3722236394181393 1.1005939307216177 36143360
3 -0.6896637566546469 1.5450955777017834 15618034
4 -0.8477385863113194 1.7341241140356956 6480946
5 -1.024454013400783 2.0247420105864657 2670441
6 -1.166807647835092 2.255401232890196 1101802
7 -1.327874213449978 2.652632293205467 455629
8 -1.4624280202466973 2.996744978501014 189463
9 -1.607786378301177 3.4695633154875463 78419
10 -1.7214351425942962 3.9262654656633873 32610
11 -1.924337030779402 4.489830833886348 13613
12 -2.001262398557259 5.063839704817127 5545
13 -2.0573979591836733 5.698661256594615 2352
14 -2.0603621730382295 6.404807112291439 994
15 -2.595061728395062 7.090345983843916 405
16 -2.858974358974359 8.826265614727143 156
17 -2.552941176470588 8.129550173010387 85
18 -3.2285714285714286 10.919183673469387 35
19 -1.3571428571428572 8.229591836734695 14
20 -2.2 9.76 10
21 -1.875 5.359375 8
22 -0.6666666666666666 1.5555555555555554 3
23 1.0 0.0 1
24 -7.0 0.0 1
