0 0.122
1 0.1189
2 0.1186
3 0.1198
4 0.1138
5 0.1166
6 0.1217
7 0.1206
8 0.1217
9 0.1216
10 0.1239
11 0.1204
12 0.1177
13 0.1216
14 0.121
15 0.1247
16 0.1187
17 0.1217
18 0.1209
19 0.1178
20 0.1203
21 0.1195
22 0.1169
23 0.116
24 0.1218
25 0.1212
26 0.123
27 0.1126
28 0.1221
29 0.1206
30 0.1264
31 0.1142
32 0.1159
33 0.1221
34 0.1203
35 0.1205
36 0.1236
37 0.1241
38 0.1122
39 0.1192
40 0.1152
41 0.1197
42 0.1199
43 0.1163
44 0.124
45 0.1137
46 0.1215
47 0.1186
48 0.1136
49 0.1192
50 0.1211
51 0.1204
52 0.1203
53 0.1173
54 0.12
55 0.1211
56 0.1205
57 0.1162
58 0.1146
59 0.1189
60 0.1174
61 0.12
62 0.1234
63 0.1174
64 0.1231
65 0.1156
66 0.1242
67 0.116
68 0.121
69 0.1181
70 0.118
71 0.1213
72 0.116
73 0.1245
74 0.1205
75 0.1203
76 0.1239
77 0.1238
78 0.1213
79 0.1182
80 0.1196
81 0.1168
82 0.1173
83 0.116
84 0.1207
85 0.1241
86 0.1186
87 0.1203
88 0.1219
89 0.1284
90 0.122
91 0.1195
92 0.119
93 0.1196
94 0.1195
95 0.1199
96 0.1192
97 0.1182
98 0.1189
99 0.1177
100 0.1214
101 0.1212
102 0.1269
103 0.1187
104 0.1182
105 0.1192
106 0.1204
107 0.1174
108 0.1192
109 0.1155
110 0.122
