-2373 1
-2372 0
-2371 0
-2370 0
-2369 0
-2368 0
-2367 0
-2366 0
-2365 0
-2364 0
-2363 0
-2362 0
-2361 0
-2360 0
-2359 0
-2358 0
-2357 0
-2356 0
-2355 0
-2354 0
-2353 0
-2352 0
-2351 0
-2350 0
-2349 0
-2348 0
-2347 0
-2346 0
-2345 0
-2344 0
-2343 0
-2342 0
-2341 0
-2340 0
-2339 0
-2338 0
-2337 0
-2336 0
-2335 0
-2334 0
-2333 0
-2332 0
-2331 0
-2330 1
-2329 0
-2328 0
-2327 0
-2326 0
-2325 0
-2324 0
-2323 0
-2322 0
-2321 0
-2320 0
-2319 0
-2318 0
-2317 0
-2316 0
-2315 0
-2314 0
-2313 0
-2312 0
-2311 0
-2310 0
-2309 0
-2308 0
-2307 0
-2306 0
-2305 0
-2304 0
-2303 0
-2302 0
-2301 0
-2300 1
-2299 0
-2298 0
-2297 0
-2296 0
-2295 0
-2294 0
-2293 0
-2292 0
-2291 0
-2290 0
-2289 0
-2288 0
-2287 0
-2286 0
-2285 0
-2284 0
-2283 0
-2282 1
-2281 0
-2280 0
-2279 0
-2278 0
-2277 0
-2276 0
-2275 1
-2274 0
-2273 0
-2272 0
-2271 0
-2270 0
-2269 0
-2268 1
-2267 0
-2266 0
-2265 0
-2264 0
-2263 0
-2262 0
-2261 0
-2260 0
-2259 0
-2258 1
-2257 0
-2256 0
-2255 0
-2254 0
-2253 1
-2252 0
-2251 1
-2250 0
-2249 0
-2248 0
-2247 0
-2246 0
-2245 0
-2244 0
-2243 0
-2242 0
-2241 0
-2240 0
-2239 0
-2238 0
-2237 1
-2236 0
-2235 0
-2234 1
-2233 0
-2232 0
-2231 0
-2230 0
-2229 0
-2228 0
-2227 0
-2226 1
-2225 0
-2224 1
-2223 0
-2222 0
-2221 0
-2220 0
-2219 0
-2218 0
-2217 0
-2216 0
-2215 0
-2214 0
-2213 0
-2212 0
-2211 0
-2210 0
-2209 0
-2208 0
-2207 0
-2206 0
-2205 0
-2204 1
-2203 0
-2202 0
-2201 1
-2200 0
-2199 0
-2198 0
-2197 1
-2196 0
-2195 1
-2194 0
-2193 0
-2192 1
-2191 1
-2190 0
-2189 1
-2188 0
-2187 1
-2186 1
-2185 0
-2184 1
-2183 1
-2182 1
-2181 0
-2180 0
-2179 0
-2178 0
-2177 1
-2176 2
-2175 0
-2174 2
-2173 2
-2172 0
-2171 0
-2170 1
-2169 0
-2168 0
-2167 0
-2166 0
-2165 0
-2164 0
-2163 0
-2162 2
-2161 1
-2160 1
-2159 1
-2158 1
-2157 1
-2156 0
-2155 0
-2154 0
-2153 0
-2152 1
-2151 0
-2150 1
-2149 0
-2148 1
-2147 0
-2146 1
-2145 1
-2144 0
-2143 0
-2142 2
-2141 0
-2140 1
-2139 1
-2138 2
-2137 1
-2136 0
-2135 3
-2134 0
-2133 1
-2132 1
-2131 1
-2130 2
-2129 0
-2128 1
-2127 1
-2126 3
-2125 1
-2124 2
-2123 2
-2122 2
-2121 1
-2120 2
-2119 0
-2118 1
-2117 1
-2116 4
-2115 3
-2114 1
-2113 1
-2112 2
-2111 0
-2110 1
-2109 0
-2108 2
-2107 0
-2106 1
-2105 0
-2104 1
-2103 2
-2102 2
-2101 0
-2100 5
-2099 0
-2098 3
-2097 2
-2096 3
-2095 1
-2094 0
-2093 4
-2092 4
-2091 2
-2090 3
-2089 0
-2088 0
-2087 1
-2086 0
-2085 3
-2084 0
-2083 1
-2082 0
-2081 2
-2080 4
-2079 2
-2078 3
-2077 3
-2076 3
-2075 1
-2074 1
-2073 1
-2072 2
-2071 2
-2070 2
-2069 1
-2068 0
-2067 0
-2066 3
-2065 2
-2064 4
-2063 2
-2062 3
-2061 0
-2060 3
-2059 2
-2058 2
-2057 0
-2056 1
-2055 4
-2054 2
-2053 2
-2052 1
-2051 2
-2050 3
-2049 2
-2048 1
-2047 5
-2046 3
-2045 3
-2044 2
-2043 1
-2042 1
-2041 2
-2040 1
-2039 5
-2038 4
-2037 2
-2036 2
-2035 2
-2034 9
-2033 7
-2032 3
-2031 6
-2030 8
-2029 4
-2028 5
-2027 4
-2026 1
-2025 6
-2024 4
-2023 9
-2022 3
-2021 3
-2020 3
-2019 3
-2018 3
-2017 3
-2016 4
-2015 6
-2014 1
-2013 7
-2012 3
-2011 7
-2010 5
-2009 1
-2008 5
-2007 2
-2006 0
-2005 5
-2004 5
-2003 7
-2002 1
-2001 3
-2000 4
-1999 0
-1998 5
-1997 8
-1996 3
-1995 4
-1994 4
-1993 7
-1992 5
-1991 3
-1990 6
-1989 8
-1988 8
-1987 6
-1986 3
-1985 4
-1984 9
-1983 6
-1982 1
-1981 2
-1980 3
-1979 7
-1978 3
-1977 6
-1976 5
-1975 5
-1974 4
-1973 4
-1972 8
-1971 5
-1970 5
-1969 5
-1968 5
-1967 8
-1966 6
-1965 5
-1964 5
-1963 12
-1962 6
-1961 4
-1960 6
-1959 5
-1958 4
-1957 9
-1956 5
-1955 9
-1954 2
-1953 5
-1952 11
-1951 9
-1950 12
-1949 5
-1948 5
-1947 5
-1946 9
-1945 7
-1944 7
-1943 4
-1942 10
-1941 3
-1940 10
-1939 9
-1938 6
-1937 10
-1936 8
-1935 5
-1934 6
-1933 6
-1932 16
-1931 6
-1930 10
-1929 8
-1928 9
-1927 8
-1926 9
-1925 8
-1924 6
-1923 8
-1922 15
-1921 7
-1920 11
-1919 12
-1918 6
-1917 9
-1916 12
-1915 9
-1914 8
-1913 8
-1912 11
-1911 11
-1910 5
-1909 8
-1908 10
-1907 8
-1906 3
-1905 12
-1904 21
-1903 13
-1902 16
-1901 18
-1900 15
-1899 11
-1898 10
-1897 8
-1896 15
-1895 17
-1894 14
-1893 16
-1892 17
-1891 13
-1890 12
-1889 18
-1888 17
-1887 12
-1886 14
-1885 20
-1884 11
-1883 18
-1882 17
-1881 9
-1880 11
-1879 7
-1878 16
-1877 10
-1876 14
-1875 14
-1874 21
-1873 16
-1872 7
-1871 19
-1870 13
-1869 5
-1868 14
-1867 14
-1866 15
-1865 8
-1864 13
-1863 18
-1862 22
-1861 16
-1860 12
-1859 14
-1858 16
-1857 17
-1856 14
-1855 13
-1854 14
-1853 21
-1852 16
-1851 11
-1850 19
-1849 12
-1848 12
-1847 9
-1846 15
-1845 21
-1844 17
-1843 20
-1842 20
-1841 17
-1840 15
-1839 26
-1838 14
-1837 18
-1836 16
-1835 18
-1834 15
-1833 23
-1832 13
-1831 13
-1830 14
-1829 19
-1828 20
-1827 23
-1826 21
-1825 6
-1824 19
-1823 16
-1822 22
-1821 16
-1820 25
-1819 14
-1818 19
-1817 23
-1816 15
-1815 18
-1814 19
-1813 14
-1812 20
-1811 15
-1810 18
-1809 20
-1808 18
-1807 28
-1806 17
-1805 20
-1804 21
-1803 22
-1802 27
-1801 27
-1800 31
-1799 24
-1798 19
-1797 22
-1796 20
-1795 14
-1794 23
-1793 19
-1792 27
-1791 28
-1790 27
-1789 21
-1788 23
-1787 23
-1786 22
-1785 39
-1784 22
-1783 29
-1782 31
-1781 20
-1780 26
-1779 16
-1778 18
-1777 25
-1776 25
-1775 23
-1774 25
-1773 31
-1772 25
-1771 31
-1770 31
-1769 29
-1768 24
-1767 25
-1766 24
-1765 28
-1764 26
-1763 30
-1762 24
-1761 25
-1760 28
-1759 34
-1758 26
-1757 30
-1756 29
-1755 35
-1754 30
-1753 28
-1752 26
-1751 33
-1750 27
-1749 33
-1748 31
-1747 28
-1746 18
-1745 30
-1744 30
-1743 24
-1742 28
-1741 28
-1740 36
-1739 32
-1738 32
-1737 37
-1736 38
-1735 24
-1734 32
-1733 36
-1732 31
-1731 33
-1730 34
-1729 25
-1728 38
-1727 31
-1726 42
-1725 45
-1724 20
-1723 29
-1722 41
-1721 36
-1720 37
-1719 36
-1718 22
-1717 27
-1716 33
-1715 34
-1714 43
-1713 36
-1712 37
-1711 45
-1710 38
-1709 35
-1708 42
-1707 38
-1706 41
-1705 41
-1704 34
-1703 39
-1702 29
-1701 48
-1700 42
-1699 32
-1698 42
-1697 31
-1696 42
-1695 36
-1694 44
-1693 34
-1692 29
-1691 45
-1690 31
-1689 33
-1688 47
-1687 50
-1686 43
-1685 33
-1684 52
-1683 44
-1682 41
-1681 35
-1680 49
-1679 39
-1678 48
-1677 32
-1676 46
-1675 47
-1674 51
-1673 52
-1672 40
-1671 42
-1670 44
-1669 45
-1668 51
-1667 40
-1666 41
-1665 56
-1664 47
-1663 39
-1662 48
-1661 46
-1660 50
-1659 60
-1658 60
-1657 49
-1656 44
-1655 53
-1654 52
-1653 45
-1652 49
-1651 51
-1650 52
-1649 44
-1648 51
-1647 46
-1646 55
-1645 44
-1644 47
-1643 64
-1642 47
-1641 56
-1640 52
-1639 54
-1638 44
-1637 53
-1636 54
-1635 50
-1634 55
-1633 63
-1632 45
-1631 56
-1630 61
-1629 66
-1628 49
-1627 62
-1626 48
-1625 66
-1624 52
-1623 54
-1622 55
-1621 56
-1620 59
-1619 58
-1618 60
-1617 51
-1616 60
-1615 44
-1614 75
-1613 61
-1612 50
-1611 53
-1610 69
-1609 71
-1608 71
-1607 57
-1606 53
-1605 64
-1604 52
-1603 56
-1602 72
-1601 70
-1600 64
-1599 57
-1598 57
-1597 61
-1596 66
-1595 57
-1594 64
-1593 54
-1592 62
-1591 65
-1590 73
-1589 62
-1588 61
-1587 87
-1586 63
-1585 64
-1584 63
-1583 82
-1582 71
-1581 69
-1580 70
-1579 55
-1578 60
-1577 76
-1576 60
-1575 70
-1574 73
-1573 58
-1572 70
-1571 74
-1570 66
-1569 67
-1568 66
-1567 72
-1566 71
-1565 79
-1564 75
-1563 67
-1562 74
-1561 93
-1560 91
-1559 81
-1558 63
-1557 83
-1556 72
-1555 88
-1554 72
-1553 78
-1552 55
-1551 89
-1550 72
-1549 71
-1548 64
-1547 85
-1546 87
-1545 71
-1544 75
-1543 79
-1542 82
-1541 76
-1540 86
-1539 78
-1538 85
-1537 86
-1536 77
-1535 96
-1534 92
-1533 73
-1532 73
-1531 87
-1530 82
-1529 70
-1528 103
-1527 92
-1526 101
-1525 87
-1524 102
-1523 93
-1522 97
-1521 92
-1520 83
-1519 91
-1518 81
-1517 84
-1516 106
-1515 77
-1514 106
-1513 100
-1512 84
-1511 95
-1510 115
-1509 95
-1508 81
-1507 87
-1506 78
-1505 86
-1504 94
-1503 92
-1502 105
-1501 79
-1500 89
-1499 93
-1498 84
-1497 92
-1496 106
-1495 109
-1494 113
-1493 93
-1492 108
-1491 93
-1490 92
-1489 90
-1488 82
-1487 96
-1486 97
-1485 96
-1484 117
-1483 93
-1482 110
-1481 93
-1480 89
-1479 88
-1478 99
-1477 119
-1476 112
-1475 113
-1474 112
-1473 125
-1472 106
-1471 118
-1470 109
-1469 99
-1468 94
-1467 85
-1466 114
-1465 124
-1464 120
-1463 112
-1462 108
-1461 104
-1460 126
-1459 107
-1458 113
-1457 119
-1456 95
-1455 116
-1454 105
-1453 105
-1452 91
-1451 104
-1450 107
-1449 117
-1448 113
-1447 93
-1446 116
-1445 124
-1444 113
-1443 99
-1442 115
-1441 135
-1440 104
-1439 160
-1438 129
-1437 137
-1436 117
-1435 114
-1434 111
-1433 128
-1432 120
-1431 121
-1430 134
-1429 129
-1428 121
-1427 129
-1426 108
-1425 127
-1424 124
-1423 112
-1422 112
-1421 117
-1420 125
-1419 106
-1418 132
-1417 115
-1416 144
-1415 120
-1414 114
-1413 136
-1412 139
-1411 140
-1410 128
-1409 147
-1408 152
-1407 137
-1406 128
-1405 136
-1404 143
-1403 146
-1402 130
-1401 156
-1400 131
-1399 144
-1398 140
-1397 129
-1396 125
-1395 127
-1394 170
-1393 150
-1392 146
-1391 161
-1390 153
-1389 129
-1388 121
-1387 137
-1386 136
-1385 149
-1384 148
-1383 158
-1382 142
-1381 155
-1380 137
-1379 130
-1378 131
-1377 153
-1376 143
-1375 152
-1374 155
-1373 153
-1372 156
-1371 178
-1370 140
-1369 163
-1368 153
-1367 168
-1366 147
-1365 146
-1364 178
-1363 149
-1362 151
-1361 151
-1360 170
-1359 135
-1358 151
-1357 144
-1356 150
-1355 162
-1354 157
-1353 182
-1352 161
-1351 167
-1350 164
-1349 162
-1348 156
-1347 166
-1346 160
-1345 166
-1344 183
-1343 169
-1342 187
-1341 159
-1340 153
-1339 161
-1338 168
-1337 181
-1336 169
-1335 169
-1334 178
-1333 202
-1332 156
-1331 182
-1330 178
-1329 169
-1328 180
-1327 170
-1326 168
-1325 183
-1324 161
-1323 170
-1322 166
-1321 198
-1320 172
-1319 180
-1318 186
-1317 160
-1316 180
-1315 176
-1314 174
-1313 199
-1312 187
-1311 190
-1310 190
-1309 195
-1308 187
-1307 168
-1306 187
-1305 193
-1304 172
-1303 187
-1302 207
-1301 189
-1300 209
-1299 183
-1298 192
-1297 188
-1296 183
-1295 199
-1294 192
-1293 206
-1292 205
-1291 202
-1290 186
-1289 190
-1288 195
-1287 205
-1286 230
-1285 216
-1284 218
-1283 176
-1282 223
-1281 212
-1280 197
-1279 214
-1278 203
-1277 222
-1276 182
-1275 227
-1274 206
-1273 222
-1272 204
-1271 191
-1270 208
-1269 214
-1268 189
-1267 204
-1266 226
-1265 219
-1264 224
-1263 228
-1262 204
-1261 216
-1260 197
-1259 217
-1258 212
-1257 228
-1256 248
-1255 222
-1254 232
-1253 206
-1252 240
-1251 234
-1250 208
-1249 230
-1248 195
-1247 191
-1246 222
-1245 218
-1244 225
-1243 231
-1242 219
-1241 222
-1240 230
-1239 227
-1238 204
-1237 217
-1236 212
-1235 211
-1234 261
-1233 220
-1232 254
-1231 246
-1230 240
-1229 225
-1228 242
-1227 234
-1226 245
-1225 248
-1224 249
-1223 245
-1222 211
-1221 290
-1220 268
-1219 260
-1218 211
-1217 239
-1216 221
-1215 241
-1214 253
-1213 241
-1212 237
-1211 249
-1210 229
-1209 270
-1208 234
-1207 257
-1206 227
-1205 264
-1204 250
-1203 278
-1202 244
-1201 242
-1200 264
-1199 275
-1198 265
-1197 258
-1196 249
-1195 229
-1194 268
-1193 271
-1192 270
-1191 274
-1190 246
-1189 258
-1188 245
-1187 253
-1186 256
-1185 289
-1184 268
-1183 286
-1182 298
-1181 274
-1180 279
-1179 293
-1178 291
-1177 261
-1176 305
-1175 268
-1174 277
-1173 282
-1172 279
-1171 268
-1170 310
-1169 257
-1168 294
-1167 288
-1166 273
-1165 283
-1164 283
-1163 307
-1162 277
-1161 290
-1160 297
-1159 282
-1158 277
-1157 295
-1156 257
-1155 264
-1154 316
-1153 264
-1152 290
-1151 287
-1150 301
-1149 283
-1148 332
-1147 319
-1146 304
-1145 305
-1144 300
-1143 260
-1142 295
-1141 310
-1140 338
-1139 274
-1138 310
-1137 316
-1136 372
-1135 297
-1134 293
-1133 307
-1132 325
-1131 323
-1130 329
-1129 354
-1128 327
-1127 292
-1126 291
-1125 298
-1124 321
-1123 328
-1122 343
-1121 327
-1120 341
-1119 323
-1118 328
-1117 310
-1116 335
-1115 328
-1114 339
-1113 334
-1112 339
-1111 360
-1110 348
-1109 322
-1108 340
-1107 370
-1106 340
-1105 295
-1104 369
-1103 326
-1102 341
-1101 338
-1100 357
-1099 344
-1098 330
-1097 333
-1096 349
-1095 344
-1094 365
-1093 348
-1092 357
-1091 308
-1090 340
-1089 384
-1088 343
-1087 360
-1086 358
-1085 346
-1084 346
-1083 350
-1082 397
-1081 363
-1080 382
-1079 344
-1078 357
-1077 355
-1076 346
-1075 337
-1074 372
-1073 353
-1072 370
-1071 385
-1070 374
-1069 339
-1068 365
-1067 383
-1066 381
-1065 383
-1064 370
-1063 347
-1062 372
-1061 409
-1060 373
-1059 373
-1058 377
-1057 428
-1056 405
-1055 401
-1054 382
-1053 395
-1052 366
-1051 392
-1050 398
-1049 393
-1048 411
-1047 454
-1046 409
-1045 403
-1044 398
-1043 377
-1042 409
-1041 412
-1040 416
-1039 411
-1038 423
-1037 400
-1036 416
-1035 421
-1034 387
-1033 432
-1032 377
-1031 418
-1030 392
-1029 404
-1028 434
-1027 419
-1026 436
-1025 434
-1024 429
-1023 423
-1022 425
-1021 429
-1020 407
-1019 409
-1018 462
-1017 403
-1016 442
-1015 457
-1014 477
-1013 427
-1012 408
-1011 427
-1010 440
-1009 434
-1008 466
-1007 469
-1006 471
-1005 474
-1004 408
-1003 408
-1002 428
-1001 443
-1000 446
-999 455
-998 467
-997 448
-996 463
-995 445
-994 448
-993 442
-992 429
-991 469
-990 464
-989 469
-988 514
-987 492
-986 498
-985 455
-984 485
-983 487
-982 490
-981 451
-980 494
-979 490
-978 491
-977 469
-976 484
-975 480
-974 486
-973 493
-972 505
-971 498
-970 494
-969 518
-968 516
-967 503
-966 473
-965 516
-964 518
-963 541
-962 481
-961 498
-960 516
-959 501
-958 490
-957 543
-956 541
-955 527
-954 495
-953 503
-952 516
-951 489
-950 564
-949 511
-948 517
-947 544
-946 518
-945 537
-944 578
-943 517
-942 547
-941 487
-940 545
-939 525
-938 566
-937 576
-936 546
-935 543
-934 583
-933 564
-932 575
-931 554
-930 553
-929 559
-928 522
-927 562
-926 515
-925 595
-924 565
-923 603
-922 516
-921 590
-920 557
-919 578
-918 597
-917 585
-916 543
-915 580
-914 605
-913 605
-912 545
-911 575
-910 594
-909 590
-908 607
-907 610
-906 606
-905 593
-904 549
-903 580
-902 612
-901 605
-900 568
-899 573
-898 592
-897 620
-896 597
-895 623
-894 598
-893 631
-892 619
-891 618
-890 649
-889 582
-888 615
-887 552
-886 596
-885 626
-884 597
-883 630
-882 624
-881 697
-880 632
-879 608
-878 623
-877 629
-876 643
-875 617
-874 664
-873 652
-872 605
-871 610
-870 608
-869 684
-868 605
-867 640
-866 631
-865 645
-864 646
-863 659
-862 682
-861 718
-860 674
-859 672
-858 725
-857 708
-856 706
-855 685
-854 659
-853 674
-852 680
-851 690
-850 709
-849 751
-848 707
-847 707
-846 667
-845 701
-844 673
-843 735
-842 736
-841 687
-840 671
-839 691
-838 722
-837 708
-836 743
-835 716
-834 710
-833 745
-832 699
-831 737
-830 740
-829 732
-828 770
-827 749
-826 715
-825 744
-824 732
-823 778
-822 746
-821 766
-820 707
-819 788
-818 768
-817 731
-816 760
-815 792
-814 731
-813 777
-812 720
-811 786
-810 761
-809 747
-808 806
-807 759
-806 748
-805 781
-804 792
-803 798
-802 741
-801 784
-800 806
-799 813
-798 843
-797 761
-796 770
-795 816
-794 777
-793 806
-792 852
-791 819
-790 857
-789 812
-788 769
-787 848
-786 803
-785 849
-784 835
-783 836
-782 876
-781 845
-780 903
-779 868
-778 804
-777 840
-776 866
-775 842
-774 864
-773 876
-772 914
-771 846
-770 847
-769 883
-768 854
-767 867
-766 875
-765 924
-764 894
-763 903
-762 859
-761 861
-760 847
-759 804
-758 860
-757 870
-756 907
-755 893
-754 891
-753 886
-752 905
-751 881
-750 985
-749 908
-748 912
-747 933
-746 922
-745 930
-744 949
-743 970
-742 995
-741 918
-740 994
-739 868
-738 944
-737 999
-736 964
-735 962
-734 922
-733 969
-732 941
-731 1012
-730 1022
-729 963
-728 1016
-727 1100
-726 1005
-725 991
-724 943
-723 1021
-722 1026
-721 1030
-720 1051
-719 972
-718 1050
-717 1008
-716 1008
-715 1019
-714 954
-713 981
-712 1026
-711 1045
-710 1055
-709 1054
-708 1032
-707 1063
-706 1049
-705 1073
-704 1044
-703 1129
-702 1061
-701 1050
-700 1011
-699 1006
-698 1075
-697 1038
-696 1098
-695 1064
-694 1058
-693 1027
-692 1062
-691 1094
-690 1113
-689 1105
-688 1044
-687 1111
-686 1104
-685 1145
-684 1045
-683 1175
-682 1177
-681 1108
-680 1067
-679 1141
-678 1201
-677 1110
-676 1174
-675 1205
-674 1161
-673 1149
-672 1167
-671 1163
-670 1156
-669 1166
-668 1176
-667 1156
-666 1140
-665 1183
-664 1212
-663 1160
-662 1187
-661 1245
-660 1161
-659 1185
-658 1227
-657 1143
-656 1232
-655 1220
-654 1213
-653 1268
-652 1272
-651 1242
-650 1251
-649 1247
-648 1224
-647 1220
-646 1258
-645 1222
-644 1295
-643 1207
-642 1221
-641 1257
-640 1224
-639 1276
-638 1304
-637 1257
-636 1237
-635 1247
-634 1323
-633 1313
-632 1311
-631 1313
-630 1351
-629 1355
-628 1319
-627 1304
-626 1301
-625 1393
-624 1314
-623 1347
-622 1253
-621 1290
-620 1341
-619 1431
-618 1346
-617 1292
-616 1383
-615 1353
-614 1411
-613 1387
-612 1473
-611 1349
-610 1416
-609 1431
-608 1378
-607 1352
-606 1498
-605 1454
-604 1399
-603 1433
-602 1433
-601 1462
-600 1421
-599 1516
-598 1447
-597 1490
-596 1439
-595 1530
-594 1483
-593 1408
-592 1502
-591 1476
-590 1453
-589 1508
-588 1538
-587 1465
-586 1471
-585 1516
-584 1509
-583 1590
-582 1481
-581 1505
-580 1563
-579 1544
-578 1521
-577 1520
-576 1489
-575 1493
-574 1545
-573 1617
-572 1544
-571 1616
-570 1651
-569 1559
-568 1589
-567 1635
-566 1587
-565 1638
-564 1611
-563 1616
-562 1666
-561 1586
-560 1634
-559 1658
-558 1670
-557 1762
-556 1608
-555 1627
-554 1644
-553 1665
-552 1655
-551 1721
-550 1703
-549 1647
-548 1741
-547 1724
-546 1690
-545 1776
-544 1633
-543 1669
-542 1684
-541 1698
-540 1654
-539 1836
-538 1740
-537 1792
-536 1773
-535 1766
-534 1761
-533 1731
-532 1803
-531 1829
-530 1830
-529 1814
-528 1852
-527 1766
-526 1801
-525 1786
-524 1852
-523 1842
-522 1850
-521 1836
-520 1844
-519 1843
-518 1935
-517 1860
-516 1881
-515 1847
-514 1956
-513 1825
-512 1938
-511 1916
-510 1905
-509 1950
-508 1902
-507 2017
-506 1924
-505 1936
-504 1912
-503 2020
-502 1990
-501 2029
-500 2023
-499 1959
-498 2022
-497 1977
-496 2024
-495 1966
-494 2069
-493 2034
-492 2097
-491 2107
-490 2063
-489 2086
-488 2072
-487 2130
-486 2088
-485 2101
-484 2049
-483 2178
-482 2188
-481 2120
-480 2164
-479 2083
-478 2132
-477 2085
-476 2251
-475 2263
-474 2148
-473 2262
-472 2263
-471 2254
-470 2237
-469 2252
-468 2312
-467 2326
-466 2320
-465 2198
-464 2222
-463 2261
-462 2267
-461 2305
-460 2291
-459 2306
-458 2286
-457 2399
-456 2344
-455 2345
-454 2418
-453 2444
-452 2342
-451 2400
-450 2289
-449 2389
-448 2360
-447 2400
-446 2386
-445 2418
-444 2399
-443 2423
-442 2512
-441 2480
-440 2440
-439 2554
-438 2496
-437 2486
-436 2595
-435 2574
-434 2539
-433 2568
-432 2491
-431 2554
-430 2669
-429 2632
-428 2705
-427 2612
-426 2655
-425 2656
-424 2716
-423 2634
-422 2690
-421 2698
-420 2704
-419 2764
-418 2725
-417 2790
-416 2750
-415 2796
-414 2795
-413 2819
-412 2700
-411 2720
-410 2905
-409 2859
-408 2876
-407 2801
-406 2807
-405 2836
-404 2968
-403 2841
-402 2935
-401 2794
-400 2956
-399 2975
-398 3027
-397 2959
-396 3101
-395 2966
-394 3015
-393 2992
-392 3076
-391 3024
-390 2987
-389 3165
-388 3077
-387 3216
-386 3159
-385 3226
-384 3089
-383 3215
-382 3163
-381 3184
-380 3333
-379 3186
-378 3267
-377 3286
-376 3219
-375 3172
-374 3373
-373 3331
-372 3374
-371 3233
-370 3250
-369 3401
-368 3412
-367 3473
-366 3313
-365 3466
-364 3398
-363 3506
-362 3526
-361 3407
-360 3427
-359 3526
-358 3443
-357 3573
-356 3530
-355 3619
-354 3572
-353 3589
-352 3770
-351 3675
-350 3666
-349 3703
-348 3765
-347 3690
-346 3769
-345 3797
-344 3825
-343 3826
-342 3756
-341 3806
-340 3907
-339 3959
-338 3830
-337 3903
-336 3918
-335 3915
-334 3922
-333 4095
-332 4066
-331 4005
-330 4101
-329 4041
-328 4112
-327 4081
-326 4144
-325 4200
-324 4233
-323 4155
-322 4391
-321 4296
-320 4291
-319 4337
-318 4373
-317 4284
-316 4346
-315 4393
-314 4334
-313 4419
-312 4415
-311 4419
-310 4361
-309 4547
-308 4510
-307 4525
-306 4697
-305 4609
-304 4555
-303 4618
-302 4691
-301 4675
-300 4679
-299 4794
-298 4742
-297 4893
-296 4836
-295 4933
-294 4860
-293 4979
-292 4925
-291 4964
-290 5065
-289 4964
-288 5132
-287 5114
-286 5213
-285 5080
-284 5084
-283 5307
-282 5369
-281 5392
-280 5266
-279 5334
-278 5448
-277 5451
-276 5546
-275 5447
-274 5498
-273 5680
-272 5614
-271 5665
-270 5648
-269 5697
-268 5693
-267 5727
-266 5845
-265 5820
-264 5948
-263 5796
-262 5920
-261 5991
-260 5985
-259 6057
-258 6162
-257 6029
-256 6053
-255 6233
-254 6129
-253 6136
-252 6427
-251 6177
-250 6459
-249 6394
-248 6424
-247 6446
-246 6495
-245 6546
-244 6594
-243 6610
-242 6714
-241 6769
-240 6837
-239 6829
-238 6941
-237 6907
-236 6751
-235 6972
-234 7171
-233 7082
-232 7207
-231 7182
-230 7364
-229 7223
-228 7468
-227 7444
-226 7461
-225 7655
-224 7402
-223 7572
-222 7701
-221 7649
-220 7918
-219 7875
-218 7980
-217 8117
-216 8240
-215 8033
-214 8261
-213 8238
-212 8205
-211 8377
-210 8356
-209 8387
-208 8564
-207 8536
-206 8581
-205 8606
-204 8778
-203 9007
-202 8986
-201 9006
-200 9220
-199 9078
-198 9171
-197 9285
-196 9443
-195 9368
-194 9391
-193 9457
-192 9711
-191 9655
-190 9855
-189 9942
-188 10172
-187 10083
-186 10098
-185 10128
-184 10262
-183 10456
-182 10508
-181 10594
-180 10706
-179 10818
-178 10991
-177 10878
-176 11250
-175 11340
-174 11375
-173 11562
-172 11535
-171 11594
-170 11799
-169 11621
-168 12034
-167 12020
-166 12249
-165 12232
-164 12292
-163 12548
-162 12413
-161 12841
-160 13088
-159 12823
-158 13129
-157 13262
-156 13229
-155 13494
-154 13607
-153 13833
-152 13823
-151 13977
-150 14154
-149 14221
-148 14389
-147 14776
-146 15176
-145 15145
-144 15192
-143 15302
-142 15466
-141 15855
-140 15832
-139 15838
-138 16142
-137 16237
-136 16488
-135 16846
-134 17108
-133 17070
-132 17146
-131 17568
-130 17640
-129 18271
-128 18099
-127 18569
-126 18600
-125 18828
-124 19225
-123 19342
-122 19562
-121 19702
-120 19682
-119 20271
-118 20495
-117 20693
-116 21004
-115 21587
-114 21377
-113 21928
-112 21902
-111 22456
-110 22942
-109 23049
-108 23437
-107 23991
-106 24345
-105 24231
-104 24640
-103 25374
-102 25818
-101 25937
-100 26293
-99 26787
-98 27416
-97 27654
-96 28340
-95 28492
-94 29026
-93 29589
-92 29881
-91 30674
-90 31061
-89 31292
-88 31997
-87 32928
-86 33260
-85 34049
-84 34104
-83 34650
-82 35618
-81 36530
-80 36697
-79 37998
-78 38633
-77 39248
-76 39987
-75 40701
-74 41217
-73 42579
-72 43547
-71 44396
-70 45384
-69 46529
-68 47305
-67 48335
-66 49696
-65 50458
-64 51535
-63 53229
-62 54031
-61 55927
-60 57362
-59 58667
-58 60414
-57 61767
-56 63377
-55 64774
-54 67139
-53 68882
-52 70932
-51 73150
-50 75107
-49 78138
-48 80187
-47 83310
-46 85438
-45 88114
-44 91489
-43 94740
-42 97879
-41 101624
-40 105769
-39 109399
-38 113893
-37 118511
-36 122726
-35 128904
-34 135031
-33 140786
-32 147848
-31 154797
-30 162315
-29 171075
-28 180917
-27 190225
-26 202206
-25 214073
-24 227102
-23 243302
-22 259874
-21 278809
-20 299819
-19 324712
-18 352697
-17 383796
-16 421601
-15 466246
-14 517132
-13 579011
-12 655410
-11 750883
-10 870285
-9 1027549
-8 1235561
-7 1532572
-6 1963589
-5 2656187
-4 3886389
-3 6608888
-2 16340368
-1 124941968
0 758588087
1 128464870
2 13832966
3 5994264
4 3702787
5 2574747
6 1922338
7 1507129
8 1220175
9 1016027
10 862750
11 745247
12 652370
13 575852
14 514075
15 464527
16 420235
17 382280
18 351124
19 323770
20 299853
21 277811
22 258275
23 242661
24 226179
25 213549
26 201506
27 189983
28 180145
29 170967
30 162282
31 154364
32 146909
33 140375
34 134197
35 128780
36 122753
37 118153
38 113075
39 109479
40 105539
41 101398
42 97484
43 94495
44 91552
45 88135
46 85767
47 82763
48 79856
49 77616
50 75507
51 73103
52 71086
53 68905
54 67176
55 64727
56 63364
57 61987
58 59847
59 58735
60 56997
61 55974
62 54622
63 53135
64 51650
65 50746
66 49351
67 48408
68 47264
69 45846
70 45489
71 44291
72 43251
73 42771
74 41546
75 40766
76 39916
77 39586
78 38530
79 37863
80 36975
81 36273
82 35909
83 34703
84 34204
85 34138
86 33124
87 32577
88 32198
89 31516
90 30970
91 30584
92 29780
93 29737
94 28992
95 28385
96 28191
97 27589
98 27263
99 26585
100 26503
101 26121
102 25463
103 25202
104 24949
105 24387
106 24287
107 23844
108 23418
109 22847
110 23163
111 22431
112 22143
113 21770
114 21654
115 21369
116 21027
117 20527
118 20647
119 20424
120 19935
121 19680
122 19509
123 19375
124 19212
125 18807
126 18421
127 18326
128 18263
129 17683
130 17849
131 17598
132 17159
133 17142
134 16815
135 16719
136 16406
137 16139
138 16035
139 15914
140 15885
141 15855
142 15365
143 15374
144 14929
145 15080
146 14944
147 14616
148 14563
149 14385
150 14191
151 13889
152 13885
153 13939
154 13505
155 13416
156 13388
157 13274
158 13067
159 13039
160 12623
161 12801
162 12799
163 12419
164 12288
165 12063
166 12024
167 12200
168 12045
169 11823
170 11817
171 11688
172 11622
173 11375
174 11318
175 11277
176 11032
177 11021
178 10868
179 10662
180 10659
181 10667
182 10794
183 10426
184 10197
185 10351
186 10134
187 10001
188 10009
189 9923
190 9567
191 9752
192 9774
193 9556
194 9248
195 9462
196 9412
197 9199
198 9248
199 8988
200 9092
201 9135
202 8866
203 8803
204 8656
205 8821
206 8734
207 8562
208 8408
209 8411
210 8321
211 8289
212 8271
213 8165
214 8283
215 8303
216 8092
217 8127
218 7964
219 7780
220 7631
221 7712
222 7728
223 7648
224 7566
225 7559
226 7385
227 7448
228 7609
229 7286
230 7320
231 7442
232 7200
233 7094
234 7004
235 6942
236 6991
237 6922
238 6938
239 6945
240 6684
241 6769
242 6666
243 6825
244 6582
245 6704
246 6455
247 6481
248 6399
249 6456
250 6349
251 6310
252 6323
253 6232
254 6242
255 6184
256 6259
257 6131
258 6145
259 6004
260 6032
261 5962
262 6020
263 5979
264 5730
265 5751
266 5693
267 5762
268 5711
269 5735
270 5595
271 5575
272 5599
273 5477
274 5522
275 5385
276 5458
277 5412
278 5330
279 5394
280 5276
281 5401
282 5232
283 5193
284 5143
285 5283
286 5050
287 4952
288 5054
289 5011
290 5123
291 5001
292 4973
293 4963
294 4888
295 4866
296 4930
297 4852
298 4830
299 4749
300 4684
301 4663
302 4617
303 4640
304 4665
305 4608
306 4570
307 4414
308 4610
309 4540
310 4512
311 4415
312 4424
313 4301
314 4403
315 4410
316 4319
317 4387
318 4252
319 4365
320 4233
321 4162
322 4137
323 4309
324 4236
325 4210
326 4027
327 4152
328 4129
329 4107
330 4018
331 4094
332 3914
333 3911
334 4051
335 3920
336 3952
337 3917
338 3836
339 3790
340 3864
341 3886
342 3868
343 3851
344 3714
345 3715
346 3707
347 3742
348 3714
349 3744
350 3689
351 3727
352 3624
353 3595
354 3574
355 3557
356 3558
357 3606
358 3542
359 3459
360 3421
361 3517
362 3471
363 3437
364 3392
365 3441
366 3471
367 3364
368 3436
369 3475
370 3374
371 3309
372 3253
373 3290
374 3357
375 3302
376 3232
377 3373
378 3174
379 3236
380 3218
381 3232
382 3100
383 3204
384 3153
385 3194
386 3088
387 2984
388 3106
389 3163
390 3023
391 3114
392 3083
393 3000
394 3098
395 3156
396 2920
397 2929
398 2933
399 3016
400 2941
401 2993
402 2936
403 2998
404 2935
405 2871
406 2804
407 2816
408 2824
409 2895
410 2738
411 2847
412 2793
413 2832
414 2765
415 2823
416 2727
417 2769
418 2667
419 2634
420 2791
421 2734
422 2603
423 2720
424 2709
425 2718
426 2579
427 2653
428 2670
429 2625
430 2633
431 2603
432 2498
433 2462
434 2558
435 2581
436 2506
437 2554
438 2488
439 2588
440 2485
441 2411
442 2494
443 2475
444 2435
445 2535
446 2447
447 2455
448 2364
449 2435
450 2392
451 2396
452 2464
453 2420
454 2370
455 2362
456 2353
457 2287
458 2268
459 2349
460 2300
461 2283
462 2349
463 2302
464 2223
465 2244
466 2233
467 2155
468 2222
469 2331
470 2234
471 2175
472 2227
473 2192
474 2223
475 2126
476 2166
477 2197
478 2074
479 2141
480 2182
481 2144
482 2188
483 2088
484 2112
485 2050
486 2128
487 2101
488 2134
489 2128
490 2068
491 2010
492 2024
493 1999
494 2050
495 2140
496 2049
497 2067
498 1982
499 2059
500 1967
501 1963
502 1963
503 1982
504 1943
505 1961
506 1955
507 1978
508 1981
509 1924
510 1834
511 1866
512 1895
513 1912
514 1869
515 1854
516 1868
517 1825
518 1872
519 1841
520 1936
521 1877
522 1877
523 1843
524 1865
525 1897
526 1762
527 1740
528 1751
529 1854
530 1783
531 1826
532 1765
533 1764
534 1801
535 1776
536 1714
537 1758
538 1742
539 1738
540 1752
541 1769
542 1823
543 1792
544 1709
545 1743
546 1763
547 1712
548 1656
549 1736
550 1629
551 1736
552 1710
553 1692
554 1597
555 1677
556 1710
557 1615
558 1653
559 1611
560 1607
561 1626
562 1675
563 1703
564 1645
565 1624
566 1595
567 1631
568 1593
569 1600
570 1572
571 1571
572 1568
573 1534
574 1558
575 1598
576 1570
577 1526
578 1568
579 1487
580 1508
581 1576
582 1555
583 1440
584 1469
585 1513
586 1533
587 1535
588 1491
589 1488
590 1498
591 1465
592 1427
593 1416
594 1455
595 1469
596 1446
597 1483
598 1447
599 1395
600 1397
601 1438
602 1478
603 1412
604 1400
605 1480
606 1419
607 1418
608 1450
609 1399
610 1376
611 1342
612 1428
613 1411
614 1360
615 1315
616 1304
617 1374
618 1371
619 1383
620 1382
621 1356
622 1294
623 1342
624 1373
625 1338
626 1295
627 1322
628 1368
629 1356
630 1277
631 1334
632 1349
633 1293
634 1304
635 1266
636 1293
637 1286
638 1279
639 1274
640 1336
641 1225
642 1255
643 1213
644 1219
645 1251
646 1279
647 1307
648 1239
649 1244
650 1246
651 1281
652 1269
653 1205
654 1179
655 1166
656 1286
657 1172
658 1209
659 1212
660 1139
661 1126
662 1206
663 1154
664 1134
665 1173
666 1112
667 1217
668 1188
669 1166
670 1150
671 1193
672 1119
673 1106
674 1077
675 1165
676 1185
677 1139
678 1139
679 1083
680 1126
681 1162
682 1127
683 1163
684 1136
685 1070
686 1109
687 1104
688 1133
689 1042
690 1065
691 1073
692 1122
693 995
694 1056
695 1134
696 1086
697 1057
698 1054
699 1035
700 1110
701 1092
702 1110
703 1047
704 1070
705 1011
706 1033
707 1005
708 1012
709 993
710 1055
711 995
712 1017
713 1065
714 1019
715 1052
716 1025
717 1022
718 1044
719 1008
720 924
721 1012
722 994
723 947
724 980
725 990
726 971
727 998
728 969
729 973
730 979
731 936
732 981
733 995
734 944
735 939
736 975
737 991
738 948
739 895
740 928
741 945
742 914
743 950
744 943
745 924
746 925
747 913
748 928
749 862
750 964
751 973
752 866
753 920
754 910
755 918
756 891
757 822
758 960
759 856
760 887
761 875
762 858
763 902
764 860
765 871
766 894
767 849
768 896
769 841
770 852
771 852
772 844
773 827
774 850
775 867
776 848
777 863
778 837
779 841
780 849
781 865
782 851
783 825
784 877
785 830
786 860
787 789
788 816
789 783
790 822
791 777
792 782
793 846
794 801
795 825
796 819
797 804
798 826
799 829
800 797
801 788
802 795
803 749
804 817
805 745
806 769
807 819
808 761
809 786
810 812
811 794
812 778
813 804
814 773
815 833
816 752
817 775
818 728
819 742
820 739
821 736
822 714
823 758
824 740
825 804
826 754
827 763
828 770
829 735
830 711
831 697
832 674
833 743
834 735
835 747
836 675
837 718
838 723
839 691
840 707
841 692
842 675
843 734
844 688
845 705
846 666
847 697
848 691
849 715
850 711
851 694
852 685
853 713
854 702
855 635
856 706
857 667
858 682
859 663
860 655
861 615
862 689
863 650
864 678
865 591
866 665
867 642
868 643
869 644
870 631
871 658
872 658
873 621
874 634
875 644
876 618
877 604
878 653
879 632
880 635
881 646
882 608
883 649
884 621
885 669
886 619
887 638
888 605
889 606
890 629
891 614
892 634
893 644
894 606
895 639
896 599
897 621
898 648
899 626
900 647
901 605
902 666
903 607
904 610
905 589
906 608
907 562
908 558
909 528
910 571
911 554
912 585
913 596
914 578
915 573
916 572
917 604
918 605
919 597
920 559
921 550
922 552
923 535
924 554
925 566
926 569
927 537
928 569
929 576
930 550
931 603
932 533
933 533
934 571
935 587
936 557
937 540
938 542
939 494
940 534
941 501
942 531
943 542
944 494
945 514
946 541
947 503
948 536
949 509
950 556
951 537
952 526
953 492
954 552
955 484
956 474
957 500
958 467
959 514
960 488
961 532
962 508
963 529
964 512
965 512
966 458
967 544
968 506
969 497
970 479
971 420
972 468
973 479
974 529
975 470
976 525
977 482
978 508
979 499
980 504
981 437
982 469
983 467
984 477
985 507
986 475
987 472
988 441
989 488
990 452
991 485
992 450
993 454
994 477
995 508
996 442
997 475
998 432
999 481
1000 448
1001 454
1002 460
1003 452
1004 466
1005 450
1006 408
1007 427
1008 448
1009 464
1010 436
1011 398
1012 407
1013 454
1014 417
1015 430
1016 411
1017 456
1018 402
1019 467
1020 411
1021 450
1022 435
1023 379
1024 383
1025 448
1026 419
1027 423
1028 386
1029 416
1030 401
1031 432
1032 484
1033 403
1034 406
1035 396
1036 442
1037 408
1038 397
1039 403
1040 401
1041 374
1042 390
1043 382
1044 419
1045 417
1046 371
1047 382
1048 381
1049 426
1050 421
1051 400
1052 395
1053 384
1054 398
1055 356
1056 383
1057 386
1058 357
1059 367
1060 382
1061 354
1062 409
1063 354
1064 350
1065 362
1066 394
1067 353
1068 406
1069 366
1070 376
1071 372
1072 331
1073 387
1074 343
1075 376
1076 343
1077 394
1078 402
1079 349
1080 342
1081 362
1082 369
1083 342
1084 370
1085 349
1086 372
1087 337
1088 344
1089 410
1090 330
1091 389
1092 315
1093 359
1094 358
1095 344
1096 357
1097 340
1098 333
1099 353
1100 360
1101 357
1102 366
1103 338
1104 344
1105 361
1106 336
1107 342
1108 360
1109 346
1110 358
1111 375
1112 344
1113 317
1114 306
1115 342
1116 309
1117 352
1118 337
1119 340
1120 352
1121 349
1122 349
1123 315
1124 303
1125 340
1126 312
1127 306
1128 339
1129 306
1130 332
1131 311
1132 299
1133 292
1134 291
1135 353
1136 317
1137 308
1138 314
1139 321
1140 319
1141 291
1142 342
1143 341
1144 304
1145 274
1146 302
1147 287
1148 280
1149 294
1150 286
1151 282
1152 305
1153 309
1154 269
1155 290
1156 250
1157 295
1158 294
1159 296
1160 314
1161 294
1162 271
1163 256
1164 280
1165 269
1166 265
1167 289
1168 305
1169 283
1170 272
1171 302
1172 274
1173 297
1174 289
1175 279
1176 294
1177 300
1178 273
1179 258
1180 262
1181 269
1182 261
1183 253
1184 265
1185 246
1186 262
1187 275
1188 301
1189 275
1190 285
1191 263
1192 265
1193 278
1194 246
1195 247
1196 251
1197 273
1198 262
1199 276
1200 263
1201 232
1202 272
1203 253
1204 293
1205 198
1206 255
1207 248
1208 273
1209 260
1210 255
1211 262
1212 255
1213 253
1214 248
1215 235
1216 236
1217 243
1218 261
1219 236
1220 256
1221 223
1222 222
1223 239
1224 270
1225 255
1226 239
1227 239
1228 245
1229 234
1230 208
1231 223
1232 234
1233 226
1234 234
1235 223
1236 241
1237 219
1238 213
1239 227
1240 219
1241 243
1242 199
1243 259
1244 214
1245 223
1246 247
1247 232
1248 230
1249 235
1250 208
1251 233
1252 245
1253 200
1254 218
1255 233
1256 225
1257 242
1258 218
1259 232
1260 196
1261 233
1262 205
1263 229
1264 214
1265 205
1266 223
1267 192
1268 209
1269 204
1270 217
1271 200
1272 226
1273 225
1274 218
1275 218
1276 208
1277 202
1278 205
1279 186
1280 195
1281 207
1282 198
1283 201
1284 192
1285 227
1286 202
1287 205
1288 192
1289 183
1290 189
1291 199
1292 178
1293 225
1294 226
1295 191
1296 188
1297 181
1298 173
1299 166
1300 195
1301 205
1302 192
1303 202
1304 165
1305 198
1306 201
1307 210
1308 182
1309 181
1310 154
1311 204
1312 192
1313 182
1314 164
1315 191
1316 171
1317 184
1318 177
1319 171
1320 176
1321 172
1322 183
1323 184
1324 178
1325 171
1326 164
1327 170
1328 215
1329 157
1330 158
1331 165
1332 151
1333 184
1334 167
1335 160
1336 167
1337 173
1338 152
1339 157
1340 181
1341 167
1342 168
1343 172
1344 155
1345 174
1346 169
1347 166
1348 162
1349 146
1350 148
1351 177
1352 178
1353 172
1354 159
1355 165
1356 177
1357 161
1358 153
1359 145
1360 156
1361 169
1362 139
1363 166
1364 134
1365 161
1366 137
1367 153
1368 140
1369 142
1370 160
1371 146
1372 153
1373 153
1374 154
1375 165
1376 142
1377 151
1378 154
1379 143
1380 141
1381 146
1382 147
1383 145
1384 139
1385 137
1386 154
1387 133
1388 141
1389 138
1390 151
1391 141
1392 148
1393 150
1394 140
1395 155
1396 133
1397 125
1398 148
1399 123
1400 128
1401 138
1402 144
1403 145
1404 141
1405 150
1406 136
1407 136
1408 146
1409 138
1410 119
1411 137
1412 158
1413 131
1414 120
1415 120
1416 135
1417 121
1418 107
1419 130
1420 148
1421 139
1422 129
1423 157
1424 123
1425 125
1426 125
1427 121
1428 118
1429 137
1430 113
1431 125
1432 143
1433 120
1434 127
1435 122
1436 116
1437 118
1438 135
1439 130
1440 117
1441 112
1442 127
1443 119
1444 129
1445 116
1446 109
1447 116
1448 118
1449 107
1450 104
1451 102
1452 111
1453 115
1454 109
1455 115
1456 110
1457 120
1458 102
1459 105
1460 102
1461 112
1462 120
1463 114
1464 117
1465 109
1466 105
1467 105
1468 93
1469 95
1470 116
1471 91
1472 113
1473 102
1474 124
1475 101
1476 102
1477 110
1478 97
1479 91
1480 115
1481 95
1482 99
1483 101
1484 91
1485 95
1486 94
1487 96
1488 106
1489 93
1490 104
1491 97
1492 93
1493 112
1494 106
1495 95
1496 92
1497 83
1498 106
1499 92
1500 112
1501 100
1502 85
1503 107
1504 94
1505 99
1506 114
1507 89
1508 96
1509 91
1510 88
1511 75
1512 97
1513 101
1514 103
1515 92
1516 75
1517 97
1518 81
1519 91
1520 93
1521 86
1522 95
1523 97
1524 85
1525 74
1526 93
1527 99
1528 68
1529 90
1530 95
1531 78
1532 69
1533 91
1534 86
1535 86
1536 83
1537 65
1538 85
1539 89
1540 89
1541 77
1542 80
1543 92
1544 77
1545 79
1546 74
1547 86
1548 95
1549 84
1550 70
1551 67
1552 72
1553 73
1554 89
1555 83
1556 60
1557 78
1558 106
1559 68
1560 77
1561 70
1562 75
1563 74
1564 65
1565 75
1566 70
1567 68
1568 70
1569 61
1570 79
1571 80
1572 63
1573 56
1574 73
1575 79
1576 65
1577 76
1578 78
1579 97
1580 79
1581 74
1582 80
1583 73
1584 68
1585 77
1586 52
1587 63
1588 65
1589 59
1590 65
1591 66
1592 71
1593 58
1594 55
1595 63
1596 67
1597 57
1598 52
1599 60
1600 61
1601 64
1602 62
1603 60
1604 66
1605 60
1606 46
1607 72
1608 59
1609 42
1610 59
1611 57
1612 72
1613 58
1614 74
1615 45
1616 53
1617 60
1618 52
1619 55
1620 54
1621 56
1622 51
1623 51
1624 61
1625 64
1626 34
1627 50
1628 55
1629 59
1630 56
1631 67
1632 46
1633 64
1634 53
1635 52
1636 52
1637 60
1638 58
1639 45
1640 60
1641 61
1642 44
1643 48
1644 56
1645 44
1646 49
1647 46
1648 40
1649 50
1650 53
1651 46
1652 49
1653 50
1654 46
1655 44
1656 47
1657 45
1658 45
1659 57
1660 44
1661 52
1662 47
1663 58
1664 51
1665 50
1666 42
1667 42
1668 42
1669 65
1670 38
1671 44
1672 39
1673 36
1674 48
1675 40
1676 47
1677 49
1678 46
1679 41
1680 49
1681 59
1682 44
1683 39
1684 35
1685 43
1686 39
1687 44
1688 47
1689 41
1690 35
1691 48
1692 31
1693 50
1694 38
1695 38
1696 42
1697 29
1698 38
1699 44
1700 34
1701 39
1702 23
1703 43
1704 32
1705 49
1706 39
1707 42
1708 40
1709 45
1710 46
1711 28
1712 39
1713 37
1714 35
1715 35
1716 36
1717 46
1718 34
1719 37
1720 35
1721 39
1722 39
1723 35
1724 34
1725 26
1726 38
1727 29
1728 30
1729 23
1730 26
1731 36
1732 54
1733 30
1734 28
1735 30
1736 33
1737 42
1738 33
1739 30
1740 45
1741 30
1742 33
1743 29
1744 31
1745 30
1746 31
1747 29
1748 32
1749 23
1750 35
1751 33
1752 19
1753 30
1754 24
1755 30
1756 36
1757 24
1758 27
1759 22
1760 31
1761 27
1762 24
1763 30
1764 29
1765 28
1766 28
1767 27
1768 28
1769 19
1770 27
1771 26
1772 28
1773 30
1774 23
1775 17
1776 24
1777 20
1778 24
1779 23
1780 28
1781 33
1782 21
1783 27
1784 14
1785 26
1786 16
1787 27
1788 23
1789 25
1790 24
1791 21
1792 16
1793 23
1794 31
1795 23
1796 21
1797 19
1798 22
1799 25
1800 23
1801 27
1802 22
1803 20
1804 14
1805 23
1806 26
1807 20
1808 18
1809 21
1810 18
1811 20
1812 22
1813 12
1814 23
1815 21
1816 19
1817 14
1818 21
1819 22
1820 22
1821 24
1822 27
1823 14
1824 20
1825 18
1826 19
1827 22
1828 13
1829 16
1830 18
1831 14
1832 13
1833 19
1834 20
1835 19
1836 12
1837 16
1838 19
1839 17
1840 9
1841 15
1842 18
1843 25
1844 14
1845 11
1846 22
1847 18
1848 10
1849 10
1850 17
1851 14
1852 15
1853 12
1854 15
1855 13
1856 13
1857 16
1858 15
1859 14
1860 23
1861 11
1862 17
1863 20
1864 13
1865 16
1866 21
1867 17
1868 13
1869 13
1870 14
1871 19
1872 8
1873 20
1874 11
1875 12
1876 17
1877 16
1878 17
1879 6
1880 14
1881 13
1882 17
1883 12
1884 13
1885 15
1886 11
1887 8
1888 11
1889 18
1890 15
1891 13
1892 10
1893 13
1894 10
1895 9
1896 8
1897 9
1898 15
1899 14
1900 9
1901 14
1902 12
1903 13
1904 15
1905 12
1906 11
1907 14
1908 18
1909 9
1910 11
1911 9
1912 7
1913 12
1914 10
1915 9
1916 15
1917 10
1918 10
1919 10
1920 5
1921 6
1922 9
1923 9
1924 12
1925 8
1926 11
1927 7
1928 6
1929 9
1930 10
1931 9
1932 12
1933 15
1934 9
1935 12
1936 7
1937 6
1938 8
1939 9
1940 3
1941 7
1942 3
1943 12
1944 8
1945 7
1946 8
1947 6
1948 7
1949 5
1950 2
1951 12
1952 6
1953 3
1954 4
1955 6
1956 3
1957 1
1958 8
1959 4
1960 6
1961 2
1962 6
1963 7
1964 6
1965 5
1966 1
1967 4
1968 5
1969 5
1970 7
1971 5
1972 5
1973 7
1974 5
1975 10
1976 7
1977 3
1978 2
1979 6
1980 7
1981 2
1982 8
1983 2
1984 7
1985 3
1986 8
1987 3
1988 8
1989 1
1990 3
1991 4
1992 3
1993 7
1994 4
1995 4
1996 4
1997 4
1998 3
1999 2
2000 2
2001 3
2002 4
2003 2
2004 4
2005 3
2006 1
2007 5
2008 5
2009 3
2010 5
2011 2
2012 2
2013 11
2014 2
2015 1
2016 5
2017 2
2018 3
2019 5
2020 5
2021 5
2022 4
2023 9
2024 3
2025 2
2026 2
2027 4
2028 6
2029 5
2030 4
2031 4
2032 3
2033 4
2034 3
2035 1
2036 6
2037 1
2038 3
2039 2
2040 1
2041 6
2042 3
2043 5
2044 3
2045 1
2046 1
2047 1
2048 2
2049 3
2050 2
2051 1
2052 5
2053 2
2054 2
2055 1
2056 1
2057 3
2058 2
2059 1
2060 2
2061 4
2062 2
2063 0
2064 3
2065 3
2066 3
2067 2
2068 0
2069 4
2070 2
2071 0
2072 2
2073 3
2074 2
2075 1
2076 1
2077 0
2078 0
2079 1
2080 0
2081 4
2082 1
2083 2
2084 3
2085 2
2086 3
2087 0
2088 3
2089 1
2090 6
2091 2
2092 2
2093 0
2094 3
2095 4
2096 3
2097 1
2098 2
2099 0
2100 2
2101 2
2102 3
2103 0
2104 3
2105 1
2106 0
2107 0
2108 2
2109 1
2110 0
2111 4
2112 1
2113 0
2114 0
2115 0
2116 0
2117 1
2118 2
2119 1
2120 0
2121 1
2122 2
2123 2
2124 0
2125 1
2126 0
2127 4
2128 1
2129 4
2130 1
2131 3
2132 0
2133 1
2134 0
2135 1
2136 0
2137 0
2138 1
2139 1
2140 0
2141 0
2142 2
2143 0
2144 0
2145 2
2146 1
2147 1
2148 4
2149 1
2150 0
2151 2
2152 0
2153 2
2154 1
2155 1
2156 0
2157 1
2158 0
2159 0
2160 0
2161 3
2162 0
2163 0
2164 1
2165 0
2166 1
2167 0
2168 0
2169 0
2170 3
2171 2
2172 1
2173 0
2174 0
2175 0
2176 0
2177 3
2178 0
2179 1
2180 0
2181 1
2182 2
2183 0
2184 1
2185 1
2186 0
2187 0
2188 0
2189 0
2190 0
2191 0
2192 0
2193 0
2194 0
2195 0
2196 0
2197 1
2198 1
2199 0
2200 0
2201 1
2202 1
2203 0
2204 0
2205 0
2206 1
2207 0
2208 0
2209 0
2210 0
2211 0
2212 1
2213 0
2214 0
2215 0
2216 0
2217 0
2218 1
2219 1
2220 0
2221 0
2222 0
2223 0
2224 1
2225 0
2226 0
2227 0
2228 0
2229 1
2230 0
2231 0
2232 0
2233 0
2234 1
2235 0
2236 0
2237 0
2238 0
2239 0
2240 0
2241 0
2242 2
2243 0
2244 1
2245 0
2246 0
2247 0
2248 0
2249 0
2250 0
2251 1
2252 0
2253 0
2254 1
2255 1
2256 0
2257 0
2258 0
2259 0
2260 0
2261 1
2262 0
2263 0
2264 0
2265 0
2266 1
2267 0
2268 0
2269 0
2270 0
2271 0
2272 0
2273 0
2274 0
2275 0
2276 0
2277 0
2278 0
2279 0
2280 0
2281 0
2282 0
2283 0
2284 0
2285 0
2286 0
2287 0
2288 0
2289 0
2290 0
2291 0
2292 0
2293 0
2294 0
2295 0
2296 0
2297 0
2298 0
2299 0
2300 1
2301 0
2302 0
2303 0
2304 0
2305 0
2306 0
2307 0
2308 0
2309 0
2310 0
2311 0
2312 0
2313 0
2314 0
2315 0
2316 0
2317 0
2318 0
2319 0
2320 0
2321 0
2322 0
2323 0
2324 0
2325 1
2326 0
2327 0
2328 0
2329 0
2330 0
2331 0
2332 0
2333 1
2334 0
2335 0
2336 0
2337 0
2338 0
2339 0
2340 0
2341 0
2342 0
2343 0
2344 0
2345 0
2346 0
2347 0
2348 0
2349 0
2350 0
2351 0
2352 0
2353 0
2354 0
2355 0
2356 0
2357 0
2358 0
2359 0
2360 0
2361 0
2362 0
2363 1
