2 0.7977448851106017
3 0.7636237519234137
4 0.7371885661824257
5 0.7173012478726116
6 0.7009160803896225
7 0.6872459309994998
8 0.6760610338897091
9 0.666318864303327
10 0.6583719123272065
11 0.6506121845668722
12 0.6441234237788135
13 0.6388013044053888
14 0.6328193338026094
15 0.6282719896886535
16 0.6229946816488763
17 0.6192882247739169
18 0.6159012048277142
19 0.6122799970217385
20 0.6088486759227708
21 0.6062076918105885
22 0.6031032277536582
23 0.6002484275241854
24 0.5980870108171716
25 0.5966331892709319
26 0.5945605932286845
27 0.5922234595870146
28 0.589865278830001
29 0.5881577638176914
30 0.5866362692086587
31 0.5846978478498763
32 0.583791658969974
33 0.5821927470673924
34 0.5802408597539055
35 0.5792012479186522
36 0.5773696908395998
37 0.5769312406500835
38 0.574030186507625
39 0.5733411754610528
40 0.5725103317119555
41 0.5727518821646617
42 0.5688013900465193
43 0.5702463905132066
44 0.5681759451046184
45 0.5671101979782752
46 0.5669256992121524
47 0.5662062217920528
48 0.5648670719923381
49 0.5649732696261244
50 0.5623696798724396
51 0.5606800309104959
52 0.5617523230150046
53 0.5608668106483651
54 0.5609523900646791
55 0.5594929625439461
56 0.5596149860344845
57 0.5586765539628624
58 0.5594915103111825
59 0.5569268432807045
60 0.5573373914412405
61 0.5567676206897472
62 0.5566080655119748
63 0.5556087957702323
64 0.5550842765066779
65 0.5538615430437153
66 0.5537007721568002
67 0.5540932681307471
68 0.5528512571154042
69 0.5521107127457872
70 0.551363670440063
71 0.5520926765411748
72 0.5504719382279164
73 0.5503062553353231
74 0.5498234039402503
75 0.5498346732056246
76 0.5482676532089432
77 0.5481938303040564
78 0.5475613655166504
79 0.5484624289763277
80 0.5473551764054557
81 0.5466845987692057
82 0.5464718011248039
83 0.5466173134162672
84 0.5447079459743904
85 0.5448092437929664
86 0.5451748652472109
87 0.5446193229274007
88 0.5440321908646361
89 0.5455225392848589
90 0.5438513526093351
91 0.5446625633081542
92 0.5447756104214978
93 0.5457794372583011
94 0.5416634613905257
95 0.5427541001483882
96 0.5409520214531185
97 0.5413917002442971
98 0.5405327319566945
99 0.5424555979556243
100 0.5410739730488947
101 0.5414241853037773
102 0.5429955173299527
103 0.5397849462365591
104 0.5378002677466343
105 0.5397325441378492
106 0.5389696675440165
107 0.5385967260683889
108 0.5390197420924786
109 0.5389585859118303
110 0.5413394165092924
111 0.537708038243626
112 0.537630910468381
113 0.5359276434915718
114 0.5378496583143508
115 0.5360820492148707
116 0.5375318976138508
117 0.5376089119498609
118 0.5374772080640096
119 0.5376618484862753
120 0.5373072192260384
121 0.5358654616176639
122 0.535284569973044
123 0.5389471240125961
124 0.5379845865282759
125 0.5357549850582751
126 0.5356667403532042
127 0.5339762134361942
128 0.5364115370208515
129 0.5361612548294555
130 0.5340194310138382
131 0.5361677509718148
132 0.5352052386169643
133 0.5341632414591896
134 0.532746893428
135 0.5324053440573792
136 0.5339399501770028
137 0.5344077068204096
138 0.5319749032797092
139 0.5343708981811364
140 0.5332233767071035
141 0.5341378695635733
142 0.5334223800448491
143 0.5325601702777929
144 0.5328840688847725
145 0.5319864388781655
146 0.5345091429268455
147 0.5310274896092174
148 0.5322466415603395
149 0.5329874441082155
150 0.532197905134974
151 0.5314168003915007
152 0.5299310344827586
153 0.5318768528024177
154 0.5319153869787772
155 0.5309254315921993
156 0.5341743253526898
157 0.5304396909580535
158 0.5315753647636805
159 0.529525860786682
160 0.5304901062166388
161 0.5293275592445568
162 0.5311191789345238
163 0.5309151515151516
164 0.5312828234379838
165 0.5287607646735479
166 0.5286910794413001
167 0.5289053425346758
168 0.5295682549943437
169 0.5292051686575013
170 0.5295690824167546
171 0.5276084867489379
172 0.5280901722391084
173 0.5273518216421968
174 0.5300562286244276
175 0.5301640489559345
176 0.527836335450058
177 0.5288583283012253
178 0.5272722518565004
179 0.5279135647934646
180 0.528955413087543
181 0.5285472355968787
182 0.5291477739771432
183 0.5270742969077935
184 0.5272150748288328
185 0.5271082907912489
186 0.5295142196217172
187 0.5284360350336836
188 0.5297261234520835
189 0.5295916973917794
190 0.5280651085939794
191 0.5254858038094714
192 0.5290429816817479
193 0.5276124338624338
194 0.5268653075448685
195 0.5259866504769191
196 0.528680809216072
197 0.5256216261867729
198 0.5246585979184625
199 0.527681660899654
200 0.5282361359570662
201 0.5255337906121659
202 0.5258477411556477
203 0.5255366234667901
204 0.5258653965202066
205 0.5255562810420594
206 0.5278921449907161
207 0.5252000674838075
208 0.5276582893845202
209 0.5262462444728236
210 0.5254886815994296
211 0.5264623540624256
212 0.525993106387433
213 0.5274841358436285
214 0.5260001495550737
215 0.5272082522557718
216 0.5244965887012968
217 0.5237994098504904
218 0.5259131968733842
219 0.5219825242569746
220 0.5233040394696269
221 0.5237323992777602
222 0.5247687420188744
223 0.521528336208983
224 0.5256588617196035
225 0.5263831805248183
226 0.5252677151020602
227 0.523319431009055
228 0.5240644267074511
229 0.5261620016286385
230 0.522391290405336
231 0.525085569084511
232 0.5238068487324147
233 0.5230966224813568
234 0.5222723815995988
235 0.5233654720166212
236 0.5244530925610819
237 0.5251841643287231
238 0.5247512560338883
239 0.523366724199156
240 0.5240729392669636
241 0.5245587745587745
242 0.5239030013448832
243 0.522729362975845
244 0.5222738131287642
245 0.5248720504028512
246 0.5217354540304238
247 0.5235602983907968
248 0.5237814364603102
249 0.5213520692314283
250 0.5247017862808826
251 0.5242226731787851
252 0.5239481503811205
253 0.5232010353753236
254 0.5239255113322278
255 0.5223296261649863
256 0.5237056984016678
257 0.5246868348511812
258 0.5234275550595497
259 0.5242648022722307
260 0.523440996077812
261 0.5222195701947472
262 0.5243467933491687
263 0.521442131970689
264 0.5231087402252736
265 0.5198529280843259
266 0.522810308633704
267 0.5206485961472741
268 0.5246826897110451
269 0.5199629849244425
270 0.5203302019005597
271 0.5228670114651525
272 0.5225304312412327
273 0.5202920237609395
274 0.5222637987978372
275 0.5225604510259743
276 0.522605673941422
277 0.5204499354600775
278 0.5198527915965454
279 0.5195790958354984
280 0.5221113626412528
281 0.5208800487873528
282 0.5217817766837375
283 0.5221723213948749
284 0.5239737645595386
285 0.519847892880173
286 0.5201318308678547
287 0.5225015725368355
288 0.5222175484216363
289 0.5194970126708935
290 0.5240219596381083
291 0.5201926391176133
292 0.5201744085317728
293 0.5223541638599665
294 0.5228174507399863
295 0.5212417827459385
296 0.5208626120668767
297 0.5183396372805742
298 0.5178301232928865
299 0.5214174416667483
300 0.5214841272164807
301 0.5189600407827144
302 0.5190738916256158
303 0.52002600524045
304 0.5178246239113222
305 0.520482575863237
306 0.5203483721302296
307 0.5202749347180118
308 0.5197039629149195
309 0.5194491908734546
310 0.5192379604830967
311 0.5200531395617999
312 0.5176205670894256
313 0.5200081127674678
314 0.5193519534902631
315 0.5187429739397036
316 0.5216702989432132
317 0.5216702989432132
318 0.5202186241472836
319 0.5221715281693751
320 0.5221366352314448
321 0.5190080940351601
322 0.521734627295419
323 0.5193569384318142
324 0.5186870632829667
325 0.5220412323950987
326 0.5168914699637817
327 0.5196222301419258
328 0.5220362999854133
329 0.517191796637209
330 0.5182741758705
331 0.5218395897955308
332 0.5211096561628791
333 0.5204886232567894
334 0.5177220524707618
335 0.5180601616885112
336 0.520118002896822
337 0.5166047711292101
338 0.5222027148546226
339 0.5169873106835857
340 0.5223273671118802
341 0.5199785061794734
342 0.5184753769494597
343 0.5201640244099319
344 0.5190474644854859
345 0.51731457995406
346 0.5190739886171358
347 0.5181756431044305
348 0.5194407412712229
349 0.5192587850962388
350 0.5181010476064183
351 0.5185415325891569
352 0.518311511515943
353 0.5173904785314458
354 0.5202583087457552
355 0.5203839325343986
356 0.5165515942061109
357 0.519101373519435
358 0.5191495526013751
359 0.5146649923759978
360 0.5199009455200361
361 0.518480621212638
362 0.5189545910458648
363 0.5184427161504526
364 0.5191050265631385
365 0.5182731815026007
366 0.5176861972978478
367 0.5174992623527542
368 0.5186226282501757
369 0.5171066053847123
370 0.5198866581429904
371 0.5198788337750851
372 0.5187713310580204
373 0.5164057228467847
374 0.5169771375314978
375 0.518295427008689
376 0.5176474691343672
377 0.5185090213995991
378 0.5162822252374492
379 0.5178642504272903
380 0.5172628414402142
381 0.5179250503314221
382 0.5200957897344548
383 0.5194235294117647
384 0.516278405370981
385 0.516974134651959
386 0.5185180777378431
387 0.5158447358418852
388 0.518251400050151
389 0.5182449525082335
390 0.5182346944894166
391 0.5172929810489519
392 0.5179682142470434
393 0.5208173261621206
394 0.5157219867692788
395 0.515295053514608
396 0.5170808018335941
397 0.5174296718833796
398 0.5184091571886847
399 0.5195752427184466
400 0.5168039117901062
401 0.5185153541961627
402 0.5180771437990696
403 0.5152685753404562
404 0.517177868912846
405 0.5138070578973911
406 0.5156392722245537
407 0.5182640233897928
408 0.5153941038608609
409 0.5167229667025502
410 0.5171343018742376
411 0.5178682218637548
412 0.5179126472081532
413 0.5167766947000756
414 0.5162511519015716
415 0.5154449573996922
416 0.516013701027577
417 0.5192976290587777
418 0.5154594135783206
419 0.5161516326785938
420 0.515019955709585
421 0.5136943156621648
422 0.5156295462308189
423 0.5187100545101079
424 0.5183902631545444
425 0.5148229778451582
426 0.517654267405346
427 0.5177376513255351
428 0.5164325250226898
429 0.5161319324924863
430 0.5164030576072806
431 0.5179131414235796
432 0.5189538155934448
433 0.5153643881556382
434 0.5125761559674212
435 0.5177416445486639
436 0.5153449387491941
437 0.513668859393043
438 0.5143007845981407
439 0.5160719707470331
440 0.5180010534632604
441 0.5174917925147735
442 0.518161891341788
443 0.5143591550214637
444 0.5155877810643144
445 0.5143372716376233
446 0.5165219456834438
447 0.5134050557718962
448 0.5138530670850062
449 0.5163718529808939
450 0.5195069411201532
451 0.517558872305141
452 0.516273463061822
453 0.5176451928414708
454 0.5135293101845088
455 0.5173928719270368
456 0.5183801037371991
457 0.5138905512334597
458 0.516165558767501
459 0.5157748695988581
460 0.5136434233076264
461 0.5162316825328912
462 0.5173267326732673
463 0.513563378210356
464 0.5134159482758621
465 0.5177215873787719
466 0.5153525961564451
467 0.5153809813052574
468 0.5158973531310523
469 0.5138853158215422
470 0.5162627681481583
471 0.5161015902635804
472 0.5156347155628636
473 0.5208043905860992
474 0.5145858121692036
475 0.5188944280717217
476 0.5196621510448088
477 0.5175990244838122
478 0.5170200777825114
479 0.5168585752851083
480 0.5154632068057413
481 0.5165239016302846
482 0.5154838350985461
483 0.5185489715145771
484 0.5149139632502154
485 0.5151362683438155
486 0.515180331995469
487 0.5126112863652296
488 0.5132612551735789
489 0.5159374604202142
490 0.5149514838161343
491 0.5175230828144723
492 0.5166387123144794
493 0.51309456398641
494 0.5198366394399067
495 0.5108817717884203
496 0.5142251382402658
497 0.5161981181912935
498 0.5155631214564518
