-1198 1
-1197 0
-1196 0
-1195 0
-1194 0
-1193 0
-1192 0
-1191 0
-1190 0
-1189 0
-1188 0
-1187 0
-1186 0
-1185 0
-1184 0
-1183 0
-1182 0
-1181 0
-1180 0
-1179 0
-1178 0
-1177 0
-1176 0
-1175 0
-1174 0
-1173 0
-1172 0
-1171 0
-1170 0
-1169 0
-1168 0
-1167 0
-1166 0
-1165 0
-1164 0
-1163 0
-1162 0
-1161 0
-1160 0
-1159 0
-1158 0
-1157 0
-1156 0
-1155 0
-1154 0
-1153 0
-1152 0
-1151 0
-1150 0
-1149 0
-1148 0
-1147 0
-1146 0
-1145 0
-1144 0
-1143 0
-1142 1
-1141 0
-1140 0
-1139 0
-1138 0
-1137 0
-1136 0
-1135 0
-1134 0
-1133 0
-1132 0
-1131 0
-1130 0
-1129 0
-1128 0
-1127 0
-1126 0
-1125 0
-1124 0
-1123 0
-1122 0
-1121 0
-1120 0
-1119 0
-1118 0
-1117 0
-1116 0
-1115 0
-1114 0
-1113 0
-1112 0
-1111 0
-1110 0
-1109 0
-1108 0
-1107 0
-1106 0
-1105 0
-1104 0
-1103 0
-1102 0
-1101 0
-1100 0
-1099 0
-1098 0
-1097 0
-1096 0
-1095 0
-1094 0
-1093 0
-1092 0
-1091 0
-1090 0
-1089 0
-1088 0
-1087 0
-1086 0
-1085 0
-1084 0
-1083 0
-1082 0
-1081 0
-1080 0
-1079 0
-1078 0
-1077 0
-1076 0
-1075 0
-1074 0
-1073 0
-1072 0
-1071 0
-1070 0
-1069 0
-1068 0
-1067 0
-1066 0
-1065 0
-1064 0
-1063 0
-1062 0
-1061 0
-1060 0
-1059 0
-1058 0
-1057 0
-1056 0
-1055 0
-1054 0
-1053 0
-1052 0
-1051 0
-1050 0
-1049 0
-1048 0
-1047 0
-1046 0
-1045 0
-1044 0
-1043 0
-1042 0
-1041 0
-1040 0
-1039 0
-1038 0
-1037 0
-1036 0
-1035 0
-1034 0
-1033 0
-1032 0
-1031 0
-1030 0
-1029 0
-1028 0
-1027 0
-1026 0
-1025 0
-1024 0
-1023 0
-1022 0
-1021 0
-1020 0
-1019 0
-1018 0
-1017 0
-1016 0
-1015 0
-1014 0
-1013 0
-1012 0
-1011 0
-1010 0
-1009 0
-1008 2
-1007 0
-1006 0
-1005 0
-1004 1
-1003 0
-1002 0
-1001 0
-1000 0
-999 0
-998 0
-997 0
-996 0
-995 0
-994 0
-993 0
-992 0
-991 0
-990 1
-989 0
-988 0
-987 0
-986 0
-985 0
-984 0
-983 0
-982 0
-981 0
-980 0
-979 0
-978 0
-977 0
-976 0
-975 0
-974 0
-973 0
-972 0
-971 0
-970 0
-969 0
-968 0
-967 0
-966 0
-965 0
-964 0
-963 0
-962 0
-961 0
-960 0
-959 0
-958 0
-957 0
-956 0
-955 0
-954 0
-953 0
-952 0
-951 0
-950 0
-949 0
-948 0
-947 0
-946 0
-945 1
-944 0
-943 1
-942 0
-941 0
-940 1
-939 0
-938 0
-937 0
-936 0
-935 0
-934 0
-933 0
-932 0
-931 0
-930 0
-929 0
-928 0
-927 0
-926 0
-925 0
-924 0
-923 0
-922 0
-921 0
-920 0
-919 0
-918 0
-917 0
-916 0
-915 0
-914 0
-913 0
-912 0
-911 0
-910 0
-909 0
-908 0
-907 0
-906 0
-905 0
-904 0
-903 0
-902 0
-901 0
-900 0
-899 0
-898 0
-897 0
-896 0
-895 0
-894 0
-893 0
-892 0
-891 0
-890 0
-889 0
-888 0
-887 0
-886 1
-885 0
-884 0
-883 0
-882 0
-881 0
-880 0
-879 0
-878 0
-877 0
-876 0
-875 0
-874 0
-873 0
-872 0
-871 0
-870 0
-869 0
-868 0
-867 1
-866 0
-865 0
-864 0
-863 0
-862 0
-861 0
-860 0
-859 0
-858 0
-857 0
-856 0
-855 0
-854 0
-853 0
-852 0
-851 0
-850 0
-849 0
-848 0
-847 0
-846 0
-845 0
-844 0
-843 0
-842 0
-841 0
-840 0
-839 0
-838 0
-837 0
-836 0
-835 0
-834 0
-833 0
-832 0
-831 0
-830 0
-829 0
-828 0
-827 0
-826 0
-825 1
-824 0
-823 0
-822 0
-821 0
-820 0
-819 0
-818 0
-817 0
-816 0
-815 0
-814 0
-813 0
-812 0
-811 1
-810 0
-809 0
-808 0
-807 0
-806 0
-805 0
-804 0
-803 0
-802 0
-801 0
-800 0
-799 0
-798 0
-797 0
-796 0
-795 0
-794 0
-793 0
-792 0
-791 0
-790 0
-789 0
-788 0
-787 0
-786 0
-785 1
-784 0
-783 0
-782 0
-781 0
-780 0
-779 0
-778 0
-777 1
-776 0
-775 0
-774 0
-773 0
-772 0
-771 1
-770 0
-769 0
-768 0
-767 0
-766 0
-765 0
-764 0
-763 0
-762 0
-761 0
-760 0
-759 0
-758 0
-757 0
-756 0
-755 0
-754 0
-753 0
-752 0
-751 0
-750 0
-749 0
-748 0
-747 0
-746 0
-745 0
-744 0
-743 0
-742 0
-741 0
-740 0
-739 0
-738 0
-737 0
-736 0
-735 0
-734 0
-733 0
-732 0
-731 0
-730 0
-729 0
-728 0
-727 0
-726 0
-725 0
-724 0
-723 1
-722 2
-721 0
-720 0
-719 0
-718 0
-717 0
-716 0
-715 0
-714 0
-713 0
-712 0
-711 0
-710 0
-709 0
-708 0
-707 1
-706 0
-705 0
-704 0
-703 0
-702 0
-701 0
-700 1
-699 0
-698 0
-697 0
-696 0
-695 0
-694 0
-693 0
-692 0
-691 0
-690 0
-689 0
-688 0
-687 0
-686 0
-685 0
-684 1
-683 0
-682 0
-681 0
-680 0
-679 0
-678 0
-677 0
-676 0
-675 0
-674 0
-673 0
-672 0
-671 0
-670 0
-669 0
-668 0
-667 0
-666 0
-665 0
-664 0
-663 0
-662 0
-661 0
-660 0
-659 1
-658 0
-657 0
-656 1
-655 0
-654 0
-653 2
-652 0
-651 0
-650 0
-649 0
-648 0
-647 0
-646 0
-645 1
-644 0
-643 0
-642 1
-641 0
-640 0
-639 1
-638 0
-637 0
-636 0
-635 1
-634 0
-633 0
-632 0
-631 1
-630 0
-629 0
-628 0
-627 0
-626 0
-625 0
-624 1
-623 0
-622 0
-621 1
-620 0
-619 1
-618 0
-617 0
-616 1
-615 0
-614 0
-613 0
-612 0
-611 0
-610 1
-609 0
-608 0
-607 0
-606 1
-605 0
-604 0
-603 1
-602 1
-601 0
-600 1
-599 0
-598 0
-597 0
-596 0
-595 0
-594 0
-593 1
-592 0
-591 0
-590 1
-589 0
-588 0
-587 0
-586 0
-585 1
-584 0
-583 0
-582 0
-581 0
-580 0
-579 1
-578 0
-577 0
-576 0
-575 0
-574 0
-573 0
-572 0
-571 1
-570 0
-569 0
-568 0
-567 0
-566 1
-565 0
-564 0
-563 1
-562 0
-561 1
-560 0
-559 0
-558 0
-557 1
-556 0
-555 0
-554 0
-553 0
-552 0
-551 0
-550 0
-549 0
-548 0
-547 0
-546 3
-545 2
-544 1
-543 0
-542 1
-541 0
-540 0
-539 1
-538 0
-537 0
-536 0
-535 0
-534 0
-533 1
-532 0
-531 0
-530 0
-529 0
-528 1
-527 1
-526 1
-525 0
-524 1
-523 3
-522 0
-521 0
-520 1
-519 0
-518 1
-517 0
-516 2
-515 0
-514 0
-513 1
-512 0
-511 0
-510 1
-509 1
-508 1
-507 2
-506 1
-505 0
-504 0
-503 0
-502 1
-501 1
-500 2
-499 2
-498 0
-497 0
-496 1
-495 0
-494 0
-493 0
-492 1
-491 0
-490 0
-489 0
-488 0
-487 1
-486 1
-485 1
-484 0
-483 0
-482 0
-481 1
-480 2
-479 2
-478 0
-477 2
-476 1
-475 1
-474 2
-473 1
-472 1
-471 1
-470 0
-469 3
-468 0
-467 0
-466 0
-465 1
-464 3
-463 2
-462 1
-461 0
-460 3
-459 1
-458 1
-457 0
-456 1
-455 0
-454 2
-453 4
-452 1
-451 1
-450 0
-449 1
-448 1
-447 3
-446 0
-445 0
-444 1
-443 0
-442 0
-441 1
-440 1
-439 2
-438 0
-437 1
-436 1
-435 1
-434 2
-433 0
-432 0
-431 1
-430 2
-429 1
-428 0
-427 1
-426 3
-425 1
-424 1
-423 0
-422 0
-421 0
-420 1
-419 1
-418 2
-417 0
-416 1
-415 1
-414 0
-413 1
-412 1
-411 1
-410 2
-409 0
-408 2
-407 0
-406 2
-405 3
-404 1
-403 0
-402 1
-401 0
-400 1
-399 1
-398 2
-397 1
-396 2
-395 0
-394 0
-393 4
-392 0
-391 1
-390 0
-389 0
-388 1
-387 0
-386 1
-385 0
-384 1
-383 1
-382 0
-381 1
-380 1
-379 1
-378 1
-377 1
-376 0
-375 0
-374 0
-373 0
-372 0
-371 2
-370 0
-369 2
-368 1
-367 1
-366 1
-365 1
-364 0
-363 1
-362 1
-361 0
-360 1
-359 1
-358 3
-357 1
-356 2
-355 1
-354 2
-353 4
-352 0
-351 1
-350 3
-349 6
-348 2
-347 2
-346 1
-345 3
-344 5
-343 2
-342 2
-341 3
-340 2
-339 2
-338 6
-337 1
-336 0
-335 1
-334 2
-333 3
-332 2
-331 2
-330 1
-329 1
-328 3
-327 4
-326 1
-325 2
-324 4
-323 2
-322 3
-321 3
-320 1
-319 3
-318 0
-317 3
-316 0
-315 4
-314 1
-313 2
-312 2
-311 0
-310 1
-309 4
-308 3
-307 3
-306 3
-305 4
-304 4
-303 2
-302 1
-301 4
-300 2
-299 4
-298 2
-297 3
-296 1
-295 4
-294 1
-293 2
-292 1
-291 4
-290 3
-289 2
-288 3
-287 3
-286 2
-285 2
-284 3
-283 3
-282 3
-281 1
-280 6
-279 5
-278 4
-277 1
-276 5
-275 1
-274 3
-273 3
-272 3
-271 6
-270 2
-269 2
-268 5
-267 1
-266 3
-265 4
-264 5
-263 2
-262 6
-261 4
-260 2
-259 4
-258 1
-257 4
-256 2
-255 4
-254 1
-253 5
-252 1
-251 5
-250 5
-249 3
-248 3
-247 3
-246 9
-245 5
-244 8
-243 2
-242 4
-241 5
-240 6
-239 2
-238 6
-237 5
-236 7
-235 1
-234 3
-233 7
-232 11
-231 2
-230 5
-229 5
-228 7
-227 7
-226 4
-225 6
-224 6
-223 6
-222 2
-221 4
-220 10
-219 7
-218 1
-217 6
-216 5
-215 8
-214 6
-213 7
-212 6
-211 5
-210 6
-209 9
-208 8
-207 6
-206 2
-205 4
-204 5
-203 11
-202 5
-201 7
-200 4
-199 8
-198 6
-197 9
-196 9
-195 4
-194 3
-193 10
-192 7
-191 5
-190 2
-189 7
-188 3
-187 3
-186 7
-185 11
-184 7
-183 12
-182 6
-181 9
-180 16
-179 10
-178 7
-177 7
-176 12
-175 8
-174 7
-173 11
-172 10
-171 9
-170 12
-169 17
-168 10
-167 6
-166 10
-165 8
-164 10
-163 11
-162 8
-161 10
-160 12
-159 10
-158 9
-157 8
-156 7
-155 12
-154 12
-153 5
-152 9
-151 10
-150 7
-149 22
-148 11
-147 15
-146 10
-145 12
-144 17
-143 12
-142 18
-141 13
-140 13
-139 15
-138 11
-137 14
-136 17
-135 16
-134 23
-133 12
-132 14
-131 15
-130 8
-129 13
-128 15
-127 14
-126 15
-125 20
-124 19
-123 11
-122 19
-121 17
-120 15
-119 13
-118 19
-117 19
-116 12
-115 18
-114 17
-113 22
-112 23
-111 20
-110 26
-109 19
-108 26
-107 28
-106 13
-105 21
-104 25
-103 24
-102 27
-101 15
-100 23
-99 23
-98 23
-97 24
-96 32
-95 31
-94 28
-93 36
-92 24
-91 25
-90 26
-89 47
-88 27
-87 33
-86 31
-85 19
-84 24
-83 28
-82 29
-81 46
-80 35
-79 52
-78 38
-77 38
-76 33
-75 37
-74 43
-73 31
-72 45
-71 46
-70 47
-69 59
-68 41
-67 32
-66 51
-65 54
-64 61
-63 42
-62 59
-61 59
-60 76
-59 75
-58 49
-57 58
-56 56
-55 53
-54 57
-53 74
-52 66
-51 85
-50 70
-49 83
-48 87
-47 85
-46 87
-45 97
-44 118
-43 84
-42 116
-41 107
-40 115
-39 125
-38 103
-37 143
-36 129
-35 123
-34 143
-33 166
-32 168
-31 190
-30 170
-29 197
-28 189
-27 190
-26 214
-25 232
-24 257
-23 268
-22 299
-21 307
-20 338
-19 352
-18 412
-17 369
-16 436
-15 527
-14 505
-13 603
-12 653
-11 727
-10 886
-9 1024
-8 1171
-7 1422
-6 1667
-5 2183
-4 2866
-3 4092
-2 6758
-1 15428
0 97167
1 703140
2 99683
3 13606
4 6349
5 4013
6 2858
7 2170
8 1666
9 1422
10 1160
11 978
12 878
13 714
14 693
15 575
16 498
17 459
18 413
19 405
20 383
21 376
22 329
23 318
24 301
25 259
26 227
27 247
28 210
29 192
30 192
31 198
32 194
33 173
34 148
35 152
36 147
37 148
38 144
39 120
40 119
41 104
42 113
43 110
44 108
45 103
46 111
47 93
48 92
49 91
50 83
51 85
52 93
53 59
54 65
55 69
56 57
57 59
58 62
59 55
60 68
61 72
62 57
63 47
64 55
65 59
66 63
67 52
68 69
69 45
70 44
71 49
72 36
73 29
74 51
75 54
76 32
77 43
78 26
79 41
80 36
81 33
82 37
83 30
84 35
85 30
86 32
87 43
88 31
89 28
90 36
91 37
92 28
93 29
94 25
95 23
96 31
97 37
98 24
99 34
100 29
101 18
102 25
103 26
104 21
105 20
106 22
107 22
108 24
109 23
110 19
111 26
112 13
113 20
114 13
115 19
116 21
117 17
118 20
119 27
120 26
121 13
122 24
123 11
124 18
125 15
126 11
127 11
128 17
129 11
130 12
131 11
132 16
133 16
134 17
135 12
136 13
137 17
138 3
139 11
140 11
141 14
142 13
143 30
144 14
145 12
146 17
147 13
148 10
149 17
150 14
151 13
152 14
153 11
154 13
155 8
156 14
157 10
158 13
159 10
160 4
161 12
162 14
163 15
164 10
165 12
166 8
167 14
168 10
169 9
170 7
171 10
172 9
173 4
174 8
175 11
176 10
177 7
178 11
179 18
180 10
181 12
182 7
183 5
184 6
185 3
186 7
187 12
188 5
189 9
190 7
191 6
192 11
193 13
194 7
195 8
196 8
197 2
198 7
199 8
200 6
201 8
202 7
203 7
204 4
205 7
206 1
207 6
208 5
209 9
210 7
211 2
212 12
213 8
214 4
215 6
216 6
217 4
218 7
219 6
220 3
221 2
222 3
223 5
224 4
225 3
226 3
227 4
228 4
229 3
230 4
231 5
232 9
233 3
234 2
235 4
236 4
237 6
238 9
239 8
240 9
241 2
242 6
243 3
244 10
245 4
246 4
247 3
248 4
249 2
250 4
251 3
252 4
253 3
254 1
255 3
256 3
257 3
258 5
259 3
260 8
261 3
262 4
263 2
264 4
265 6
266 2
267 5
268 4
269 4
270 4
271 2
272 2
273 3
274 4
275 4
276 5
277 6
278 3
279 4
280 3
281 3
282 8
283 1
284 3
285 3
286 3
287 2
288 2
289 4
290 2
291 1
292 8
293 2
294 1
295 2
296 2
297 3
298 2
299 2
300 1
301 3
302 0
303 1
304 1
305 1
306 0
307 0
308 1
309 2
310 2
311 2
312 1
313 3
314 1
315 6
316 2
317 4
318 3
319 4
320 4
321 3
322 3
323 1
324 1
325 2
326 1
327 1
328 4
329 1
330 3
331 3
332 2
333 3
334 1
335 3
336 1
337 0
338 1
339 1
340 3
341 3
342 2
343 1
344 1
345 3
346 1
347 2
348 4
349 2
350 2
351 3
352 1
353 2
354 3
355 3
356 2
357 4
358 1
359 2
360 1
361 2
362 1
363 2
364 0
365 3
366 2
367 0
368 0
369 1
370 1
371 1
372 2
373 0
374 3
375 3
376 1
377 1
378 0
379 0
380 0
381 1
382 0
383 0
384 1
385 0
386 1
387 1
388 4
389 2
390 4
391 0
392 0
393 0
394 3
395 1
396 1
397 1
398 1
399 2
400 0
401 1
402 1
403 0
404 1
405 0
406 1
407 0
408 2
409 0
410 0
411 1
412 4
413 1
414 2
415 2
416 0
417 1
418 0
419 2
420 1
421 0
422 1
423 1
424 2
425 1
426 1
427 1
428 0
429 3
430 0
431 1
432 1
433 2
434 0
435 0
436 0
437 0
438 1
439 0
440 4
441 2
442 0
443 0
444 0
445 1
446 1
447 1
448 2
449 0
450 0
451 2
452 1
453 2
454 0
455 1
456 2
457 1
458 1
459 2
460 3
461 2
462 2
463 0
464 0
465 2
466 1
467 1
468 3
469 1
470 0
471 1
472 2
473 1
474 1
475 1
476 0
477 1
478 2
479 1
480 1
481 1
482 1
483 0
484 1
485 1
486 1
487 0
488 0
489 0
490 0
491 1
492 0
493 2
494 0
495 0
496 1
497 0
498 0
499 0
500 1
501 1
502 0
503 1
504 0
505 0
506 0
507 0
508 0
509 2
510 0
511 0
512 0
513 0
514 0
515 0
516 0
517 0
518 0
519 1
520 0
521 0
522 1
523 0
524 1
525 1
526 2
527 0
528 0
529 1
530 1
531 0
532 1
533 0
534 0
535 0
536 0
537 0
538 0
539 0
540 0
541 3
542 0
543 1
544 0
545 1
546 1
547 1
548 0
549 0
550 2
551 1
552 0
553 1
554 1
555 0
556 1
557 1
558 0
559 0
560 0
561 0
562 0
563 0
564 0
565 0
566 0
567 0
568 1
569 0
570 0
571 0
572 2
573 1
574 0
575 0
576 0
577 1
578 0
579 0
580 0
581 0
582 0
583 0
584 1
585 1
586 1
587 0
588 0
589 1
590 0
591 1
592 0
593 0
594 0
595 1
596 0
597 0
598 0
599 0
600 0
601 0
602 0
603 0
604 0
605 0
606 0
607 0
608 0
609 0
610 0
611 0
612 0
613 0
614 0
615 1
616 0
617 0
618 0
619 0
620 0
621 1
622 0
623 0
624 1
625 1
626 0
627 0
628 0
629 0
630 0
631 0
632 1
633 0
634 0
635 0
636 0
637 0
638 0
639 0
640 0
641 0
642 0
643 0
644 0
645 0
646 0
647 0
648 0
649 0
650 1
651 0
652 0
653 0
654 0
655 1
656 0
657 0
658 0
659 0
660 0
661 0
662 0
663 0
664 0
665 0
666 0
667 0
668 0
669 0
670 0
671 0
672 0
673 0
674 1
675 0
676 0
677 0
678 0
679 0
680 0
681 0
682 0
683 0
684 0
685 0
686 0
687 0
688 0
689 0
690 0
691 0
692 0
693 0
694 1
695 0
696 0
697 1
698 0
699 0
700 0
701 0
702 0
703 0
704 0
705 0
706 1
707 0
708 0
709 0
710 1
711 0
712 0
713 1
714 0
715 0
716 1
717 0
718 0
719 0
720 0
721 1
722 0
723 0
724 0
725 0
726 0
727 0
728 0
729 0
730 0
731 0
732 0
733 0
734 0
735 0
736 0
737 1
738 1
739 0
740 0
741 0
742 0
743 0
744 0
745 0
746 0
747 0
748 0
749 0
750 0
751 0
752 0
753 0
754 0
755 0
756 0
757 0
758 0
759 0
760 0
761 0
762 0
763 0
764 0
765 0
766 0
767 0
768 0
769 0
770 0
771 0
772 1
773 0
774 0
775 0
776 0
777 0
778 0
779 0
780 0
781 0
782 1
783 0
784 0
785 0
786 0
787 0
788 0
789 0
790 0
791 0
792 0
793 0
794 0
795 0
796 0
797 0
798 0
799 0
800 0
801 0
802 0
803 0
804 0
805 0
806 0
807 0
808 0
809 0
810 0
811 0
812 0
813 0
814 0
815 0
816 0
817 0
818 0
819 0
820 0
821 0
822 0
823 0
824 0
825 0
826 1
827 0
828 0
829 0
830 0
831 0
832 0
833 0
834 0
835 0
836 0
837 0
838 0
839 1
840 0
841 0
842 1
843 0
844 0
845 0
846 0
847 0
848 0
849 1
850 1
851 0
852 1
853 0
854 0
855 0
856 0
857 0
858 0
859 0
860 0
861 0
862 0
863 0
864 0
865 0
866 2
867 1
868 0
869 0
870 0
871 0
872 0
873 0
874 0
875 0
876 0
877 0
878 0
879 0
880 0
881 0
882 0
883 0
884 0
885 0
886 0
887 0
888 0
889 0
890 0
891 0
892 0
893 0
894 0
895 0
896 0
897 0
898 0
899 0
900 0
901 0
902 0
903 0
904 0
905 0
906 0
907 0
908 0
909 0
910 0
911 0
912 0
913 0
914 0
915 1
916 0
917 0
918 0
919 0
920 0
921 0
922 0
923 0
924 0
925 0
926 0
927 0
928 0
929 0
930 0
931 0
932 0
933 0
934 0
935 0
936 0
937 0
938 0
939 0
940 0
941 0
942 0
943 0
944 0
945 0
946 1
947 0
948 0
949 1
950 0
951 0
952 0
953 0
954 0
955 0
956 0
957 0
958 0
959 0
960 0
961 0
962 0
963 0
964 0
965 0
966 0
967 0
968 0
969 0
970 0
971 0
972 0
973 0
974 0
975 0
976 0
977 0
978 0
979 0
980 0
981 0
982 0
983 0
984 0
985 0
986 0
987 0
988 1
989 0
990 0
991 0
992 0
993 0
994 0
995 0
996 0
997 0
998 0
999 0
1000 0
1001 0
1002 0
1003 0
1004 0
1005 0
1006 0
1007 0
1008 0
1009 0
1010 0
1011 0
1012 0
1013 0
1014 0
1015 0
1016 0
1017 0
1018 0
1019 0
1020 0
1021 0
1022 0
1023 0
1024 0
1025 0
1026 0
1027 0
1028 0
1029 0
1030 0
1031 0
1032 0
1033 0
1034 0
1035 0
1036 0
1037 0
1038 0
1039 0
1040 0
1041 0
1042 0
1043 0
1044 0
1045 0
1046 0
1047 0
1048 0
1049 0
1050 0
1051 0
1052 0
1053 0
1054 0
1055 0
1056 0
1057 0
1058 0
1059 0
1060 0
1061 0
1062 0
1063 0
1064 0
1065 0
1066 0
1067 0
1068 0
1069 0
1070 0
1071 0
1072 0
1073 0
1074 0
1075 1
1076 0
1077 0
1078 0
1079 0
1080 0
1081 0
1082 0
1083 0
1084 0
1085 0
1086 0
1087 0
1088 0
1089 0
1090 0
1091 0
1092 0
1093 0
1094 0
1095 0
1096 0
1097 0
1098 0
1099 0
1100 0
1101 0
1102 0
1103 0
1104 0
1105 0
1106 0
1107 0
1108 0
1109 0
1110 0
1111 0
1112 0
1113 0
1114 0
1115 0
1116 0
1117 0
1118 0
1119 0
1120 0
1121 0
1122 0
1123 0
1124 0
1125 0
1126 0
1127 0
1128 0
1129 0
1130 0
1131 0
1132 0
1133 0
1134 0
1135 0
1136 0
1137 0
1138 0
1139 0
1140 0
1141 0
1142 0
1143 0
1144 0
1145 0
1146 0
1147 0
1148 0
1149 0
1150 0
1151 0
1152 0
1153 0
1154 0
1155 0
1156 0
1157 0
1158 0
1159 0
1160 0
1161 0
1162 0
1163 0
1164 0
1165 0
1166 0
1167 0
1168 0
1169 0
1170 0
1171 0
1172 0
1173 0
1174 0
1175 0
1176 0
1177 0
1178 0
1179 0
1180 0
1181 0
1182 0
1183 0
1184 0
1185 0
1186 0
1187 0
1188 0
1189 0
1190 0
1191 0
1192 0
1193 0
1194 0
1195 0
1196 0
1197 0
1198 1
1199 0
1200 0
1201 0
1202 0
1203 0
1204 0
1205 0
1206 0
1207 0
1208 0
1209 0
1210 0
1211 0
1212 0
1213 0
1214 0
1215 0
1216 0
1217 0
1218 0
1219 0
1220 0
1221 0
1222 0
1223 0
1224 0
1225 0
1226 0
1227 0
1228 0
1229 0
1230 0
1231 0
1232 0
1233 0
1234 0
1235 0
1236 0
1237 0
1238 0
1239 0
1240 0
1241 0
1242 0
1243 0
1244 0
1245 0
1246 0
1247 0
1248 0
1249 0
1250 0
1251 0
1252 0
1253 0
1254 0
1255 1
