0 0.3417
1 0.3097
2 0.3281
3 0.3318
4 0.3186
5 0.3118
6 0.3203
7 0.3113
8 0.3255
9 0.3355
10 0.3343
11 0.3289
12 0.3385
13 0.3195
14 0.3258
15 0.3302
16 0.33
17 0.3159
18 0.313
19 0.33
20 0.3219
21 0.3187
22 0.3322
23 0.3358
24 0.3191
25 0.3165
26 0.3327
27 0.3066
28 0.314
29 0.3105
30 0.3284
31 0.3142
32 0.3194
33 0.3158
34 0.3062
35 0.3199
36 0.3237
37 0.3215
38 0.3446
39 0.3273
40 0.3081
41 0.3195
42 0.3094
43 0.337
44 0.3145
45 0.3268
46 0.3224
47 0.3184
48 0.3237
49 0.3219
50 0.319
51 0.3146
52 0.3341
53 0.3081
54 0.3209
55 0.3148
56 0.3248
57 0.3236
58 0.3249
59 0.3185
60 0.3339
61 0.3348
62 0.3216
63 0.3218
64 0.3339
65 0.3316
66 0.3386
67 0.3234
68 0.3188
69 0.3173
70 0.3358
71 0.3061
72 0.3199
73 0.3092
74 0.322
75 0.3256
76 0.3198
77 0.3369
78 0.3355
79 0.3431
80 0.3337
81 0.3005
82 0.3228
83 0.3242
84 0.319
85 0.3029
86 0.3327
87 0.3257
88 0.328
89 0.3177
90 0.3267
91 0.3295
92 0.3304
93 0.3365
94 0.3249
95 0.3308
96 0.3069
97 0.3245
98 0.3205
99 0.3356
100 0.3287
101 0.3272
102 0.3021
103 0.3048
104 0.3089
105 0.3134
106 0.3172
107 0.3309
108 0.3328
109 0.3254
110 0.3277
