2 0.69685276974368
3 0.6580574601413611
4 0.6297332331618033
5 0.608638957028938
6 0.5925742148403738
7 0.5799699603633003
8 0.5699080785891993
9 0.5608544671633917
10 0.5534938280639933
11 0.5473393819824902
12 0.5414503059080215
13 0.5366330674274954
14 0.5324688954432227
15 0.5287691331443096
16 0.5253104676964886
17 0.5219193006789569
18 0.5190851530305155
19 0.5167178879123993
20 0.5146857959081806
21 0.5117275970730532
22 0.5099964499793497
23 0.5080866139110303
24 0.5060478117190188
25 0.5043674766271394
26 0.5029508663062318
27 0.501553880046346
28 0.5001563555197807
29 0.4992672553931619
30 0.49792492964880797
31 0.4963009066969036
32 0.4953713134897202
33 0.49459540174651895
34 0.49410622724886427
35 0.4928253880532226
36 0.4917581531876611
37 0.4905777985254993
38 0.4895012464935401
39 0.4894824061923863
40 0.4887970935755758
41 0.487944050421944
42 0.4873085698567898
43 0.4857826003192602
44 0.48585614490377216
45 0.48484941398888404
46 0.48354768912886686
47 0.48390307799444027
48 0.48365730875367335
49 0.4823471983463137
50 0.48386759754316055
51 0.48212934496501536
52 0.4813334205186735
53 0.4803073560957893
54 0.4806191705215937
55 0.48074666032941027
56 0.48005259982435666
57 0.4782902330905105
58 0.4791712338259566
59 0.4789398352029348
60 0.4774053738938324
61 0.47735074939294986
62 0.4774175839581836
63 0.47745752673279146
64 0.4762816906795259
65 0.47650087815350156
66 0.47648987290609424
67 0.47634663200418537
68 0.4758773489223307
69 0.47674841177145055
70 0.475422922478995
71 0.4746968102721896
72 0.4752766868975366
73 0.474981621597168
74 0.47196845805372284
75 0.4729028249361527
76 0.4738652921416602
77 0.47239164819585583
78 0.47291681554081166
79 0.47232072385353635
80 0.4728050120252977
81 0.4738524952699216
82 0.4705382581032566
83 0.47101630197774247
84 0.4707468282929094
85 0.47122391475671765
86 0.47175272960582515
87 0.47135232212042744
88 0.47034480541917445
89 0.472908167513113
90 0.46935001336356663
91 0.4699618713145639
92 0.4703758670903449
93 0.4707861095671927
94 0.4676910017835759
95 0.470655581872896
96 0.46934115577697294
97 0.470354566524432
98 0.47023352574057253
99 0.4699012332238613
100 0.46785267039626455
101 0.46832955404383975
102 0.46624459521698186
103 0.4683451391759189
104 0.4685596573647317
105 0.467492569950261
106 0.4671699199539395
107 0.4699138979181658
108 0.46854986080986455
109 0.47062910005452085
110 0.46858987217126497
111 0.4640214364725178
112 0.4664316232931967
113 0.4705409251201254
114 0.46675991970272923
115 0.46838529486739
116 0.4657243653300745
117 0.46833909204338225
118 0.4682210195962142
119 0.46617932345799556
120 0.4677490715540242
121 0.4663361096409371
122 0.4684683385489523
123 0.46665568418372694
124 0.46548744219360666
125 0.46598930654045584
126 0.4663541736171348
127 0.46536230629382735
128 0.4648477545367889
129 0.46534931635137666
130 0.4656662384678267
131 0.46608116293155666
132 0.464422897244773
133 0.4651036460823085
134 0.46672046988140875
135 0.46637627821387806
136 0.4626613176083909
137 0.46905766526019693
138 0.46190661984653403
139 0.46255085601944135
140 0.4682975113122172
141 0.46280221380716574
142 0.4608113430484443
143 0.4597376195165338
144 0.46867787668974614
145 0.4609231397644496
146 0.4616566060649355
147 0.4672236268366861
148 0.4680375672195713
149 0.46869018321028166
150 0.4572743564679049
151 0.459460623815268
152 0.4640898756185636
153 0.4609522929848058
154 0.46737314430283067
155 0.4701255557184034
156 0.46762444354512345
157 0.4635378685279717
158 0.4615931332349243
159 0.4669498725573492
160 0.4658937084338768
161 0.45421178197834466
162 0.45927354548376725
163 0.4649495485926713
164 0.4571984435797665
165 0.4648190695002872
166 0.4601317835196565
167 0.46849695380581474
168 0.46531033934673766
169 0.46089754165979213
170 0.4660664819944598
171 0.46915671242645746
172 0.46158800257613397
173 0.46903153153153154
174 0.4589437162683115
175 0.4626987362413371
176 0.4594681535492172
177 0.46247487156578065
178 0.4510211145725164
179 0.4601684717208183
180 0.4528395061728395
181 0.4636386833375861
182 0.4542540403365834
183 0.4564152791380999
184 0.46949564223460494
185 0.4615946261682243
186 0.4517368582846603
187 0.4603506514396011
188 0.46372186765199863
189 0.46629213483146065
190 0.47722842459684567
191 0.44832553114872165
192 0.45591939546599497
193 0.46206757030143636
194 0.4674468085106383
195 0.4606618452772299
196 0.4493854748603352
197 0.47057455222144684
198 0.4588827619275953
199 0.4556716055380131
200 0.4634644864588656
201 0.4698093220338983
202 0.46415195291599787
203 0.45686990727732507
204 0.47435897435897434
205 0.44106813996316757
206 0.4524752475247525
207 0.46641535298149417
208 0.4663510314507947
209 0.47286012526096033
210 0.4554106450475855
211 0.48030916451969086
212 0.465324384787472
213 0.4540455616653574
214 0.45645161290322583
215 0.44842657342657344
216 0.46009174311926604
217 0.43408981168517624
218 0.4678714859437751
219 0.47344461305007585
220 0.4461942257217848
221 0.4529276693455798
222 0.4615832363213038
223 0.4724220623501199
224 0.45757385292269015
225 0.47554697554697556
226 0.4583050847457627
227 0.4712005551700208
228 0.4616467276565799
229 0.45260156806842483
230 0.4751506024096386
231 0.48084147257700977
232 0.46715328467153283
233 0.49393414211438474
234 0.46185064935064934
235 0.47053726169844023
236 0.4769094138543517
237 0.4596928982725528
238 0.4387966804979253
239 0.4682981090100111
240 0.4513574660633484
241 0.47607934655775963
242 0.46190476190476193
243 0.4423320659062104
244 0.5138339920948617
245 0.49129353233830847
246 0.4386206896551724
247 0.4629080118694362
248 0.4604651162790698
249 0.494488188976378
250 0.48177496038034867
251 0.4358974358974359
252 0.45
253 0.4372822299651568
254 0.4225621414913958
255 0.4602510460251046
256 0.4870259481037924
257 0.4360587002096436
258 0.43010752688172044
259 0.4397163120567376
260 0.4733009708737864
261 0.442159383033419
262 0.47593582887700536
263 0.44352617079889806
264 0.4709480122324159
265 0.45426829268292684
266 0.47039473684210525
267 0.5232198142414861
268 0.4444444444444444
269 0.46258503401360546
270 0.49836065573770494
271 0.4560260586319218
272 0.44694533762057875
273 0.49310344827586206
274 0.4222972972972973
275 0.43873517786561267
276 0.39069767441860465
277 0.48223350253807107
278 0.5080213903743316
279 0.5309278350515464
280 0.4975124378109453
281 0.45893719806763283
282 0.5260663507109005
283 0.42857142857142855
284 0.3793103448275862
285 0.4326241134751773
286 0.4533333333333333
287 0.4326241134751773
288 0.416
289 0.46226415094339623
290 0.46236559139784944
291 0.4864864864864865
292 0.4094488188976378
293 0.5
294 0.4189189189189189
295 0.4016393442622951
296 0.5178571428571429
297 0.4953271028037383
298 0.41414141414141414
299 0.5204081632653061
300 0.43434343434343436
301 0.4375
302 0.4444444444444444
303 0.45555555555555555
304 0.5227272727272727
305 0.45
306 0.5512820512820513
307 0.4835164835164835
308 0.4725274725274725
309 0.37681159420289856
310 0.3103448275862069
311 0.41509433962264153
312 0.43333333333333335
313 0.47368421052631576
314 0.49206349206349204
315 0.3877551020408163
316 0.4090909090909091
317 0.5283018867924528
318 0.45901639344262296
319 0.42
320 0.5319148936170213
321 0.41509433962264153
322 0.32075471698113206
323 0.5384615384615384
324 0.4358974358974359
325 0.5531914893617021
326 0.39622641509433965
327 0.42857142857142855
328 0.45714285714285713
329 0.625
330 0.5526315789473685
331 0.375
332 0.41935483870967744
333 0.45161290322580644
334 0.34615384615384615
335 0.4583333333333333
336 0.3333333333333333
337 0.4375
338 0.6
339 0.42857142857142855
340 0.6111111111111112
341 0.5217391304347826
342 0.48
343 0.41379310344827586
344 0.42857142857142855
345 0.4666666666666667
346 0.38461538461538464
347 0.41379310344827586
348 0.45454545454545453
349 0.42105263157894735
350 0.5
351 0.3
352 0.3684210526315789
353 0.2857142857142857
354 0.5454545454545454
355 0.2857142857142857
356 0.4444444444444444
357 0.5454545454545454
358 0.4
359 0.3333333333333333
360 0.25
361 0.0
362 0.3333333333333333
363 0.3333333333333333
364 0.625
365 0.5384615384615384
366 0.6363636363636364
367 0.6363636363636364
368 0.4166666666666667
369 0.3333333333333333
370 0.2
371 0.4444444444444444
372 0.6666666666666666
373 0.0
374 0.0
375 0.6
376 0.25
377 0.25
378 0.0
379 0
380 0.5
381 0.5
382 0.4
383 0.0
384 0.0
385 0.6666666666666666
386 1.0
387 0.75
388 0.75
389 0.5
390 0.4
391 0.5
392 0.5
393 0.3333333333333333
394 0.75
395 0.25
396 1.0
397 0
398 0.0
399 1.0
400 0.5
401 1.0
402 0.0
403 0
404 0
405 0
406 1.0
407 0
408 0
409 0
410 0.0
411 0
412 0
413 0.5
414 0
415 0
416 0
417 0.0
418 0.5
419 0.0
420 0.5
421 0.0
422 0
423 0
424 0
425 0
426 0.0
427 0
428 0
429 0
430 0.5
431 0.0
432 0
433 0
434 0
435 0
436 0
437 0
438 0
439 0
440 0
441 0
442 0
443 0
444 0
445 0
446 0
447 0
448 0
449 0
450 0
451 0
452 0
453 0
454 0
455 0
456 0
457 0
458 0
459 0
460 0
461 0
462 0
463 0
464 0.0
465 0.5
466 0.5
467 0.5
468 0.0
469 0
470 0
471 0
472 0
473 0
474 0
475 0
476 0
477 1.0
478 1.0
479 0.0
480 0.0
481 0.0
482 0.0
483 0.0
484 0
485 0
486 0.0
487 0.0
488 0.0
489 0.0
490 0
491 0
492 0
493 0
494 0
495 0
496 0
497 0
498 0
