2 0.4384858044164038
3 0.43902439024390244
4 0.4380434782608696
5 0.4482758620689655
6 0.4418300653594771
7 0.44600280504908835
8 0.4495677233429395
9 0.45
10 0.4620811287477954
11 0.44337811900191937
12 0.4774193548387097
13 0.4426229508196721
14 0.424
15 0.4398826979472141
16 0.4716981132075472
17 0.46078431372549017
18 0.43252595155709345
19 0.44214876033057854
20 0.43548387096774194
21 0.4675324675324675
22 0.5411764705882353
23 0.4024390243902439
24 0.4397163120567376
25 0.49264705882352944
26 0.4140625
27 0.49122807017543857
28 0.46017699115044247
29 0.4
30 0.4
31 0.32432432432432434
32 0.46153846153846156
33 0.4444444444444444
34 0.43478260869565216
35 0.3333333333333333
36 0.5
37 0.4117647058823529
38 0.391304347826087
39 0.45454545454545453
40 0.5
41 0.43478260869565216
42 0.29411764705882354
43 0.5714285714285714
44 0.625
45 0.3333333333333333
46 0.5
47 0.391304347826087
48 0.1
49 0.3333333333333333
50 1.0
51 0.2
52 0.6666666666666666
53 0.6666666666666666
54 0.75
55 0.7
56 0.631578947368421
57 0.35294117647058826
58 0.5454545454545454
59 0.2857142857142857
60 0.3333333333333333
61 0.0
62 0
63 0
64 0
65 0
66 0
67 0
68 0
69 0
70 0
71 0
72 0
73 0
74 0
75 0
76 0
77 0
78 0
79 0
80 0
81 0
82 0
83 0
84 0
85 0
86 0
87 0
88 0
89 0
90 0
91 0
92 0
93 0
94 0
95 0
96 0
97 0
98 0
