0 1001361.0
1 7666.0
2 2679.0
3 1754.0
4 1206.0
5 933.0
6 684.0
7 572.0
8 466.0
9 380.0
10 323.0
11 291.0
12 277.0
13 210.0
14 181.0
15 170.0
16 140.0
17 142.0
18 123.0
19 101.0
20 97.0
21 89.0
22 82.0
23 55.0
24 72.0
25 58.0
26 69.0
27 51.0
28 45.0
29 39.0
30 32.0
31 29.0
32 37.0
33 30.0
34 27.0
35 18.0
36 15.0
37 25.0
38 22.0
39 13.0
40 21.0
41 20.0
42 28.0
43 18.0
44 10.0
45 10.0
46 12.0
47 8.0
48 9.0
49 10.0
50 11.0
51 9.0
52 6.0
53 10.0
54 8.0
55 5.0
56 8.0
57 3.0
58 5.0
59 3.0
60 6.0
61 5.0
62 2.0
63 3.0
64 1.0
65 2.0
66 4.0
67 4.0
68 4.0
69 1.0
70 2.0
71 1.0
72 2.0
73 0.0
74 1.0
75 0.0
76 1.0
77 3.0
78 1.0
79 2.0
80 3.0
81 1.0
82 2.0
83 1.0
84 0.0
85 0.0
86 3.0
87 1.0
88 0.0
89 1.0
90 0.0
91 0.0
92 1.0
93 0.0
94 0.0
95 0.0
96 1.0
97 1.0
98 1.0
99 0.0
100 0.0
101 0.0
102 0.0
103 0.0
104 0.0
105 1.0
106 0.0
107 0.0
108 0.0
109 0.0
110 1.0
111 1.0
112 0.0
113 0.0
114 0.0
115 0.0
116 0.0
117 1.0
118 1.0
119 0.0
120 0.0
121 0.0
122 0.0
123 0.0
124 0.0
125 0.0
126 0.0
127 0.0
128 0.0
129 0.0
130 0.0
131 0.0
132 0.0
133 0.0
134 0.0
135 0.0
136 0.0
137 0.0
138 0.0
139 0.0
140 0.0
141 0.0
142 0.0
143 1.0
144 0.0
145 1.0
