0 0.1122
1 0.1225
2 0.1539
3 0.0656
4 0.0788
5 0.1124
6 0.1176
7 0.0562
8 0.1128
9 0.0264
10 0.1107
11 0.0568
12 0.0924
13 0.1121
14 0.0761
15 0.0859
16 0.123
17 0.1015
18 0.0644
19 0.1182
20 0.0841
21 0.1089
22 0.1032
23 0.0822
24 0.0992
25 0.0945
26 0.0827
27 0.1239
28 0.0996
29 0.1101
30 0.0629
31 0.1052
32 0.0956
33 0.1141
34 0.1253
35 0.0912
36 0.0799
37 0.0783
38 0.0967
39 0.0704
40 0.0869
41 0.1094
42 0.0947
43 0.095
44 0.0769
45 0.0927
46 0.122
47 0.0775
48 0.1081
49 0.1213
50 0.0976
51 0.0871
52 0.107
53 0.0958
54 0.1281
55 0.1266
56 0.0981
57 0.0722
58 0.0821
59 0.1019
60 0.1044
61 0.0832
62 0.0383
63 0.1012
64 0.1118
65 0.0952
66 0.063
67 0.113
68 0.0705
69 0.0855
70 0.1012
71 0.1044
72 0.1085
73 0.1254
74 0.0765
75 0.0974
76 0.1281
77 0.0839
78 0.1127
79 0.1124
80 0.1271
81 0.1137
82 0.1021
83 0.1259
84 0.0511
85 0.1115
86 0.1407
87 0.152
88 0.0903
89 0.0576
90 0.155
91 0.1067
92 0.0884
93 0.1116
94 0.1157
95 0.0854
96 0.0849
97 0.0848
98 0.0744
99 0.0787
100 0.1011
101 0.1404
102 0.0995
103 0.0699
104 0.0744
105 0.0581
106 0.0988
107 0.0973
108 0.0897
109 0.1208
110 0.1089
