2 0.5580391469586087
3 0.5045790045925794
4 0.47187868267908967
5 0.44931899187925883
6 0.432704944516312
7 0.4195004277389477
8 0.4095385904975115
9 0.4009592076584244
10 0.39374934470648926
11 0.387835302758691
12 0.3824233628089086
13 0.3782824470777999
14 0.37432508624800437
15 0.3708977738672783
16 0.3674738026396597
17 0.3647608289796269
18 0.3617310724022065
19 0.3593274740600204
20 0.3572855407604336
21 0.35593062765936945
22 0.3532592382721002
23 0.3519626142285195
24 0.3510038969385496
25 0.348535764450216
26 0.3473908972948114
27 0.3462999292142785
28 0.3439542891361844
29 0.3431910444089064
30 0.34184270961658375
31 0.34265124004166314
32 0.3400778572927108
33 0.34049415423601914
34 0.33767478174462345
35 0.3352368449841374
36 0.338130659767141
37 0.33365346403497154
38 0.33213099971307947
39 0.33475898158397904
40 0.3376655680616877
41 0.33605805958747137
42 0.3351913084553614
43 0.33691544638639587
44 0.32746428055996535
45 0.32958142806894125
46 0.33121993878443373
47 0.32929782082324455
48 0.34712722298221615
49 0.3427305678614579
50 0.33250743310208125
51 0.3528358208955224
52 0.33210874357090375
53 0.3265845070422535
54 0.32367632367632365
55 0.3381201044386423
56 0.3378787878787879
57 0.2994011976047904
58 0.2671957671957672
59 0.3300970873786408
60 0.2948207171314741
61 0.3313953488372093
62 0.36
63 0.34710743801652894
64 0.3333333333333333
65 0.3411764705882353
66 0.3333333333333333
67 0.2653061224489796
68 0.3191489361702128
69 0.5
70 0.24242424242424243
71 0.6206896551724138
72 0.3548387096774194
73 0.3181818181818182
74 0.5
75 0.125
76 0.5789473684210527
77 0.5
78 0.2631578947368421
79 0.5
80 0.25
81 0.125
82 0.0
83 0.0
84 0.0
85 1.0
86 0.0
87 0
88 1.0
89 0.0
90 0
91 0.0
92 0
93 0
94 0
95 0
96 0
97 0
98 0
99 0
100 0
101 0
102 0
103 0
104 0
105 0
106 0
107 0
108 0
109 0
110 0
111 0
112 0
113 0
114 0
115 0
116 0
117 0
118 0
119 0
120 0
121 0
122 0
123 0
124 0
125 0
126 0
127 0
128 0
129 0
130 0
131 0
132 0
133 0
134 0
135 0
136 0
137 0
138 0
139 0
140 0
141 0
142 0
143 0
144 0
145 0
146 0
147 0
148 0
149 0
150 0
151 0
152 0
153 0
154 0
155 0
156 0
157 0
158 0
159 0
160 0
161 0
162 0
163 0
164 0
165 0
166 0
167 0
168 0
169 0
170 0
171 0
172 0
173 0
174 0
175 0
176 0
177 0
178 0
179 0
180 0
181 0
182 0
183 0
184 0
185 0
186 0
187 0
188 0
189 0
190 0
191 0
192 0
193 0
194 0
195 0
196 0
197 0
198 0
199 0
200 0
201 0
202 0
203 0
204 0
205 0
206 0
207 0
208 0
209 0
210 0
211 0
212 0
213 0
214 0
215 0
216 0
217 0
218 0
219 0
220 0
221 0
222 0
223 0
224 0
225 0
226 0
227 0
228 0
229 0
230 0
231 0
232 0
233 0
234 0
235 0
236 0
237 0
238 0
239 0
240 0
241 0
242 0
243 0
244 0
245 0
246 0
247 0
248 0
249 0
250 0
251 0
252 0
253 0
254 0
255 0
256 0
257 0
258 0
259 0
260 0
261 0
262 0
263 0
264 0
265 0
266 0
267 0
268 0
269 0
270 0
271 0
272 0
273 0
274 0
275 0
276 0
277 0
278 0
279 0
280 0
281 0
282 0
283 0
284 0
285 0
286 0
287 0
288 0
289 0
290 0
291 0
292 0
293 0
294 0
295 0
296 0
297 0
298 0
299 0
300 0
301 0
302 0
303 0
304 0
305 0
306 0
307 0
308 0
309 0
310 0
311 0
312 0
313 0
314 0
315 0
316 0
317 0
318 0
319 0
320 0
321 0
322 0
323 0
324 0
325 0
326 0
327 0
328 0
329 0
330 0
331 0
332 0
333 0
334 0
335 0
336 0
337 0
338 0
339 0
340 0
341 0
342 0
343 0
344 0
345 0
346 0
347 0
348 0
349 0
350 0
351 0
352 0
353 0
354 0
355 0
356 0
357 0
358 0
359 0
360 0
361 0
362 0
363 0
364 0
365 0
366 0
367 0
368 0
369 0
370 0
371 0
372 0
373 0
374 0
375 0
376 0
377 0
378 0
379 0
380 0
381 0
382 0
383 0
384 0
385 0
386 0
387 0
388 0
389 0
390 0
391 0
392 0
393 0
394 0
395 0
396 0
397 0
398 0
399 0
400 0
401 0
402 0
403 0
404 0
405 0
406 0
407 0
408 0
409 0
410 0
411 0
412 0
413 0
414 0
415 0
416 0
417 0
418 0
419 0
420 0
421 0
422 0
423 0
424 0
425 0
426 0
427 0
428 0
429 0
430 0
431 0
432 0
433 0
434 0
435 0
436 0
437 0
438 0
439 0
440 0
441 0
442 0
443 0
444 0
445 0
446 0
447 0
448 0
449 0
450 0
451 0
452 0
453 0
454 0
455 0
456 0
457 0
458 0
459 0
460 0
461 0
462 0
463 0
464 0
465 0
466 0
467 0
468 0
469 0
470 0
471 0
472 0
473 0
474 0
475 0
476 0
477 0
478 0
479 0
480 0
481 0
482 0
483 0
484 0
485 0
486 0
487 0
488 0
489 0
490 0
491 0
492 0
493 0
494 0
495 0
496 0
497 0
498 0
