0 0.5856
1 0.585
2 0.5899
3 0.591
4 0.5979
5 0.5943
6 0.5885
7 0.5912
8 0.5991
9 0.5964
10 0.5913
11 0.5895
12 0.5871
13 0.5873
14 0.5938
15 0.5973
16 0.5897
17 0.5918
18 0.6024
19 0.5916
20 0.5904
21 0.5948
22 0.5889
23 0.5934
24 0.5964
25 0.5895
26 0.5876
27 0.6044
28 0.5902
29 0.5951
30 0.5884
31 0.5853
32 0.5956
33 0.6045
34 0.593
35 0.5883
36 0.5864
37 0.5839
38 0.5945
39 0.5952
40 0.6045
41 0.5854
42 0.5869
43 0.6078
44 0.5937
45 0.5995
46 0.5918
47 0.5912
48 0.592
49 0.5822
50 0.5942
51 0.5987
52 0.5933
53 0.6018
54 0.5945
55 0.5852
56 0.5928
57 0.5827
58 0.5968
59 0.5929
60 0.5917
61 0.6038
62 0.5946
63 0.5947
64 0.5997
65 0.5872
66 0.5995
67 0.5939
68 0.5983
69 0.601
70 0.5858
71 0.5929
72 0.59
73 0.5969
74 0.5914
75 0.583
76 0.598
77 0.5807
78 0.5983
79 0.5773
80 0.5989
81 0.5952
82 0.5912
83 0.5965
84 0.599
85 0.5992
86 0.5958
87 0.5999
88 0.5975
89 0.5895
90 0.5775
91 0.5875
92 0.5851
93 0.5991
94 0.5977
95 0.5962
96 0.5877
97 0.5894
98 0.5942
99 0.5844
100 0.5988
101 0.589
102 0.6127
103 0.6009
