2 0.6225866670856869
3 0.5931073806369384
4 0.5721194182735175
5 0.5555217601288914
6 0.5437755077202691
7 0.534275229774434
8 0.5255593636106591
9 0.5186796039434438
10 0.5126217759605868
11 0.5086631294865686
12 0.5039547967197986
13 0.5006727737552776
14 0.4965841541432471
15 0.4946639571047666
16 0.4912551453154256
17 0.4889451738135003
18 0.48609547975199
19 0.4851955920744285
20 0.4830291886173542
21 0.4820520827432216
22 0.4798451753067735
23 0.47927445863231477
24 0.47592204984194497
25 0.4758916865392755
26 0.4754666508685904
27 0.47551958007040646
28 0.4724975538025241
29 0.4722212053544191
30 0.47205205969189984
31 0.4705023536334216
32 0.46864372304938573
33 0.4697011205173691
34 0.4691318963812537
35 0.4680216713541326
36 0.46813994329862924
37 0.4678315653792278
38 0.4657791506239441
39 0.46194196339327837
40 0.4675232290587181
41 0.4620547089082256
42 0.46252690348839687
43 0.4617788545946136
44 0.4635094562344428
45 0.4615882303299671
46 0.4646756335222447
47 0.46183591123066575
48 0.46288484310242745
49 0.46001950268161873
50 0.45892439594699924
51 0.4605492857318482
52 0.45811511220862394
53 0.46469476915810604
54 0.4567889348865569
55 0.4547463729369408
56 0.4580029829656959
57 0.45285664213109006
58 0.4644499808355692
59 0.4608439950474618
60 0.45397736868772165
61 0.4520334331337325
62 0.45863590091618595
63 0.452549839468379
64 0.4555025497614739
65 0.45432388517782996
66 0.45318499556955794
67 0.4504740111147434
68 0.4411549707602339
69 0.4458797933097634
70 0.4553172475424486
71 0.44615135834411385
72 0.45414384166813926
73 0.46260334551047877
74 0.44986335926003784
75 0.4607304846025304
76 0.4572838223837964
77 0.4555399719495091
78 0.4430264357338195
79 0.44245963586396425
80 0.43752331219694146
81 0.43210393964794636
82 0.4609699769053118
83 0.4587759231158321
84 0.4489350081922447
85 0.4360573923892701
86 0.45537596626844695
87 0.4646153846153846
88 0.4612850082372323
89 0.4663256606990622
90 0.4422560429722471
91 0.4278403275332651
92 0.46216530849825377
93 0.46938775510204084
94 0.43989431968295906
95 0.4401772525849335
96 0.42168674698795183
97 0.4526112185686654
98 0.4017467248908297
99 0.46799116997792495
100 0.4296482412060301
101 0.4176829268292683
102 0.4557377049180328
103 0.4330708661417323
104 0.4470588235294118
105 0.4497816593886463
106 0.40540540540540543
107 0.4371584699453552
108 0.3825136612021858
109 0.4382716049382716
110 0.4658385093167702
111 0.42105263157894735
112 0.456
113 0.43902439024390244
114 0.4954128440366973
115 0.5053763440860215
116 0.43617021276595747
117 0.5176470588235295
118 0.5
119 0.35135135135135137
120 0.4727272727272727
121 0.4230769230769231
122 0.5208333333333334
123 0.2926829268292683
124 0.36363636363636365
125 0.35294117647058826
126 0.32142857142857145
127 0.3888888888888889
128 0.3333333333333333
129 0.46153846153846156
130 0.3684210526315789
131 0.3333333333333333
132 0.6666666666666666
133 0.35714285714285715
134 0.65
135 0.35294117647058826
136 0.5714285714285714
137 0.3888888888888889
138 0.5
139 0.45454545454545453
140 0.5454545454545454
141 0.5
142 0.5
143 0.5333333333333333
144 0.3333333333333333
145 0.6
146 0.3333333333333333
147 0.3333333333333333
148 0.0
149 0
150 0
151 0
152 1.0
153 0.5
154 0.3333333333333333
155 0.0
156 0.5
157 0.0
158 0
159 0
160 0
161 0
162 0
163 0
164 0
165 0
166 0
167 0
168 0
169 0
170 0
171 0
172 0
173 0
174 0
175 0
176 0
177 0
178 0
179 0
180 0
181 0
182 0
183 0
184 0
185 0
186 0
187 0
188 0
189 0
190 0
191 0
192 0
193 0
194 0
195 0
196 0
197 0
198 0
199 0
200 0
201 0
202 0
203 0
204 0
205 0
206 0
207 0
208 0
209 0
210 0
211 0
212 0
213 0
214 0
215 0
216 0
217 0
218 0
219 0
220 0
221 0
222 0
223 0
224 0
225 0
226 0
227 0
228 0
229 0
230 0
231 0
232 0
233 0
234 0
235 0
236 0
237 0
238 0
239 0
240 0
241 0
242 0
243 0
244 0
245 0
246 0
247 0
248 0
249 0
250 0
251 0
252 0
253 0
254 0
255 0
256 0
257 0
258 0
259 0
260 0
261 0
262 0
263 0
264 0
265 0
266 0
267 0
268 0
269 0
270 0
271 0
272 0
273 0
274 0
275 0
276 0
277 0
278 0
279 0
280 0
281 0
282 0
283 0
284 0
285 0
286 0
287 0
288 0
289 0
290 0
291 0
292 0
293 0
294 0
295 0
296 0
297 0
298 0
299 0
300 0
301 0
302 0
303 0
304 0
305 0
306 0
307 0
308 0
309 0
310 0
311 0
312 0
313 0
314 0
315 0
316 0
317 0
318 0
319 0
320 0
321 0
322 0
323 0
324 0
325 0
326 0
327 0
328 0
329 0
330 0
331 0
332 0
333 0
334 0
335 0
336 0
337 0
338 0
339 0
340 0
341 0
342 0
343 0
344 0
345 0
346 0
347 0
348 0
349 0
350 0
351 0
352 0
353 0
354 0
355 0
356 0
357 0
358 0
359 0
360 0
361 0
362 0
363 0
364 0
365 0
366 0
367 0
368 0
369 0
370 0
371 0
372 0
373 0
374 0
375 0
376 0
377 0
378 0
379 0
380 0
381 0
382 0
383 0
384 0
385 0
386 0
387 0
388 0
389 0
390 0
391 0
392 0
393 0
394 0
395 0
396 0
397 0
398 0
399 0
400 0
401 0
402 0
403 0
404 0
405 0
406 0
407 0
408 0
409 0
410 0
411 0
412 0
413 0
414 0
415 0
416 0
417 0
418 0
419 0
420 0
421 0
422 0
423 0
424 0
425 0
426 0
427 0
428 0
429 0
430 0
431 0
432 0
433 0
434 0
435 0
436 0
437 0
438 0
439 0
440 0
441 0
442 0
443 0
444 0
445 0
446 0
447 0
448 0
449 0
450 0
451 0
452 0
453 0
454 0
455 0
456 0
457 0
458 0
459 0
460 0
461 0
462 0
463 0
464 0
465 0
466 0
467 0
468 0
469 0
470 0
471 0
472 0
473 0
474 0
475 0
476 0
477 0
478 0
479 0
480 0
481 0
482 0
483 0
484 0
485 0
486 0
487 0
488 0
489 0
490 0
491 0
492 0
493 0
494 0
495 0
496 0
497 0
498 0
