0 1035306.0
1 6933.0
2 2894.0
3 1933.0
4 1296.0
5 1017.0
6 746.0
7 563.0
8 462.0
9 355.0
10 262.0
11 234.0
12 214.0
13 171.0
14 143.0
15 120.0
16 101.0
17 85.0
18 69.0
19 55.0
20 47.0
21 41.0
22 44.0
23 41.0
24 27.0
25 25.0
26 22.0
27 24.0
28 19.0
29 14.0
30 14.0
31 9.0
32 14.0
33 7.0
34 7.0
35 2.0
36 8.0
37 9.0
38 7.0
39 7.0
40 0.0
41 2.0
42 4.0
43 1.0
44 2.0
45 1.0
46 5.0
47 1.0
48 1.0
49 0.0
50 4.0
51 1.0
52 1.0
53 0.0
54 2.0
55 0.0
56 0.0
57 0.0
58 0.0
59 1.0
60 2.0
61 1.0
62 0.0
63 0.0
64 0.0
65 0.0
66 0.0
67 0.0
68 0.0
69 0.0
70 0.0
71 1.0
