2 0.7534966870837853
3 0.7291276102675801
4 0.7121863121519763
5 0.6986279861382245
6 0.6879988489955907
7 0.6789887630882065
8 0.6703946444887711
9 0.6642981428597946
10 0.6575158358208454
11 0.6521762841528669
12 0.6472562591565787
13 0.6420015919744273
14 0.639527700192296
15 0.6348501728225784
16 0.6318195317578499
17 0.6286038046374218
18 0.6252661289931474
19 0.6222649982287608
20 0.6188213724755873
21 0.6171290941825943
22 0.6150082499594656
23 0.6116052748795335
24 0.6113410358107719
25 0.6086370951480542
26 0.6077535365530744
27 0.6057138274116818
28 0.6043269722307422
29 0.6028735337567982
30 0.6008583059492864
31 0.5994120393410326
32 0.5972626111963601
33 0.5970600488678204
34 0.5953995314556152
35 0.5940910317090516
36 0.5936304837793144
37 0.5927052679021183
38 0.5908018867924528
39 0.5888645305950485
40 0.588141928976177
41 0.5870570702741936
42 0.5859294802931557
43 0.5873615452498577
44 0.5841793606157663
45 0.5840580351218649
46 0.5848276366830125
47 0.5810008078696003
48 0.5817876535451626
49 0.5837443162830264
50 0.5830007313760318
51 0.5815171318503257
52 0.5800717619089548
53 0.5764632344584611
54 0.578110835089537
55 0.5782961411617438
56 0.5727430555555556
57 0.5739741935483871
58 0.5782353329373722
59 0.5734368471419137
60 0.5738778442451957
61 0.5738354103386607
62 0.576710012245612
63 0.5746570537220307
64 0.5743102846829357
65 0.5716340132057091
66 0.5682129108205275
67 0.5689084895259096
68 0.5682033577037638
69 0.5719238035810237
70 0.5698924731182796
71 0.5704350959373029
72 0.5674338765942524
73 0.5671495212374171
74 0.5661614887547785
75 0.5686196544662916
76 0.5692208368639794
77 0.5639090032616053
78 0.5631415208143743
79 0.5665644039234325
80 0.5648299289716328
81 0.5664985817838009
82 0.564460332103321
83 0.5662054644298747
84 0.5656254443759776
85 0.5631453341126047
86 0.5647439085032322
87 0.5634094041966611
88 0.5642899568731762
89 0.5609045832568146
90 0.5598782229167228
91 0.5597904026475455
92 0.5631618865698474
93 0.5648881140864794
94 0.5620773365701405
95 0.560446664707611
96 0.5600845410628019
97 0.5569229829597508
98 0.555701836875431
99 0.5572885039470741
100 0.5610066588327458
101 0.559471655851642
102 0.5619521042555335
103 0.5551030186871106
104 0.5583415388943592
105 0.5610362841607733
106 0.5616638721415576
107 0.5600881630293395
108 0.560458958517211
109 0.5583568144742697
110 0.5530779132278337
111 0.5560093348891482
112 0.5552349709497648
113 0.5623110107648268
114 0.5564460355559172
115 0.556141954787234
116 0.5603927848954822
117 0.5570695528437756
118 0.556590632073829
119 0.5573238633872594
120 0.5534585556103465
121 0.5598511661675288
122 0.5497734450089249
123 0.5510118826587449
124 0.5511654349061967
125 0.5535180001930315
126 0.555078047816637
127 0.5560405378286173
128 0.5509238051610933
129 0.5574793323974419
130 0.5631905007743934
131 0.5585702427889604
132 0.5493882739261692
133 0.556783269552094
134 0.5570564080397666
135 0.5498118763291346
136 0.5503060656649972
137 0.5518618517268534
138 0.5521682147130891
139 0.5527661552766155
140 0.5572165552819791
141 0.5536739889869146
142 0.5571515151515152
143 0.5498895434462445
144 0.5570373153017781
145 0.5493440186130679
146 0.5581364915265328
147 0.5519340270960141
148 0.5524005851842
149 0.5514497639919083
150 0.5460566331013044
151 0.5460378131185585
152 0.5512102980271443
153 0.5534821491444264
154 0.551043429216018
155 0.5571357107124991
156 0.5486529091430209
157 0.5477060198714202
158 0.5471894260043069
159 0.5522162651967077
160 0.5557072430792568
161 0.55315490430622
162 0.5463901806815583
163 0.5463441365273212
164 0.5477822421807296
165 0.5529740518962076
166 0.5436972725038905
167 0.5483331940847188
168 0.5489057239057239
169 0.552127202406532
170 0.5525613430908308
171 0.545650673110114
172 0.5493091537132988
173 0.5546861415406016
174 0.543444055944056
175 0.5513137012872509
176 0.5459010537596
177 0.5437272727272727
178 0.538848518725545
179 0.5423569277108434
180 0.5436689549961862
181 0.5499522445081184
182 0.5464676809768388
183 0.5507218479307026
184 0.5447391431069659
185 0.5485840088061643
186 0.5458277737863081
187 0.5487126673532441
188 0.5464079706345044
189 0.5452043192885878
190 0.5533199195171026
191 0.5421931891197258
192 0.5380207185364778
193 0.5365304514240684
194 0.5464824120603015
195 0.5495444191343963
196 0.5423748544819558
197 0.5508714083843618
198 0.5404795821462488
199 0.542044911610129
200 0.5397434360388442
201 0.5393515728576594
202 0.5473415877640204
203 0.5361586793150178
204 0.5532731097636431
205 0.5440452755905512
206 0.5411547911547911
207 0.5334270740125272
208 0.5447389136709525
209 0.5442132639791938
210 0.5417429992148652
211 0.5431518474996736
212 0.5463549920760697
213 0.5482570239334027
214 0.5376358162063097
215 0.5461934435112435
216 0.5390445256462308
217 0.5415512465373962
218 0.5477269605823376
219 0.5415686816987135
220 0.5387133504127526
221 0.5380917698470502
222 0.5458437915251735
223 0.5382803297997645
224 0.5493357217495148
225 0.5373313343328335
226 0.5540212443095599
227 0.5435205992509363
228 0.5388141809290954
229 0.5452318995867136
230 0.5392777953753564
231 0.5465302206587784
232 0.5404089581304771
233 0.5366132723112128
234 0.5262376237623763
235 0.5352377694149846
236 0.5420110192837465
237 0.5412907702984039
238 0.534556679814783
239 0.5361435290019161
240 0.5383138418572176
241 0.5417784934693147
242 0.5433873021648171
243 0.5384474551446357
244 0.5416280363434082
245 0.5434384164222874
246 0.5285388127853882
247 0.5437877901306807
248 0.5573242372560167
249 0.5337089201877935
250 0.5526466653927001
251 0.5332050048123196
252 0.5475862068965517
253 0.5477317554240632
254 0.5304878048780488
255 0.5426294820717131
256 0.5426877470355731
257 0.530296868645791
258 0.5322180916976456
259 0.5423519736842105
260 0.5467775467775468
261 0.5391598057842516
262 0.547085201793722
263 0.5458706053671729
264 0.5431052743062911
265 0.535070575461455
266 0.5357142857142857
267 0.5389815232086526
268 0.5373842331149763
269 0.5397563676633444
270 0.5406063288338128
271 0.5359153343841477
272 0.5437745437745438
273 0.5448086179234471
274 0.5514889747669925
275 0.5371747211895911
276 0.5385340560923875
277 0.5424145561839193
278 0.5606136820925554
279 0.5476707699734492
280 0.5412887828162292
281 0.5444470643716105
282 0.5404637955513488
283 0.5441655044165504
284 0.5380651206371515
285 0.5394896719319563
286 0.5343680709534369
287 0.5240722166499499
288 0.5248081841432225
289 0.5312993161493951
290 0.5463917525773195
291 0.5364829396325459
292 0.5387964148527529
293 0.5267857142857143
294 0.5368043087971275
295 0.5328981723237598
296 0.5305089261923794
297 0.5359848484848485
298 0.5348710990502036
299 0.5242959690778576
300 0.5368567454798331
301 0.5410764872521246
302 0.5452254270512461
303 0.5380165289256198
304 0.5358904109589041
305 0.5460088691796009
306 0.5246738513896767
307 0.5327990501632532
308 0.5415447630193095
309 0.5351257588898526
310 0.5376562954347194
311 0.5322676139727649
312 0.5423627684964201
313 0.5213984327908379
314 0.5345522156801983
315 0.5268308080808081
316 0.5256619810395554
317 0.5436573311367381
318 0.5198697068403909
319 0.5521452145214522
320 0.5383123181377304
321 0.5334888370543153
322 0.5483100034141345
323 0.5341720503230194
324 0.5402221474251094
325 0.5396022918773171
326 0.5315376747357654
327 0.5294924554183813
328 0.5541963982330955
329 0.5372670807453416
330 0.5296944730518366
331 0.5333789798014379
332 0.5350640593391773
333 0.5342420212765957
334 0.5384615384615384
335 0.5273056057866184
336 0.5422432629278952
337 0.5301516833148354
338 0.5387269938650306
339 0.540168324407039
340 0.5346571749718996
341 0.528158295281583
342 0.5393868839736127
343 0.5185917721518988
344 0.5388520109332292
345 0.5383429672447013
346 0.5392731535756154
347 0.53812375249501
348 0.5341382181515404
349 0.5446355446355446
350 0.5412621359223301
351 0.5446392172849572
352 0.5339329517579722
353 0.5261368465788355
354 0.5424752048296679
355 0.5330228619813717
356 0.5319792566983578
357 0.5531358885017421
358 0.5333627927529828
359 0.5388986013986014
360 0.5404217926186292
361 0.5449486301369864
362 0.5280373831775701
363 0.5297202797202797
364 0.5550259965337955
365 0.5291828793774319
366 0.5272244355909694
367 0.5403784033225658
368 0.5396751740139211
369 0.5260058881256133
370 0.5611793611793612
371 0.5291214215202369
372 0.5456802383316782
373 0.5270599707459775
374 0.5529865125240848
375 0.5252080274106706
376 0.5302579365079365
377 0.5515334338863751
378 0.5431246919664859
379 0.547736220472441
380 0.533498759305211
381 0.5291457286432161
382 0.5439121756487026
383 0.522159959246052
384 0.5501519756838906
385 0.5375183913683178
386 0.5308151093439364
387 0.5464702894870492
388 0.5345691382765531
389 0.5280783101494075
390 0.5274784482758621
391 0.5471797575118609
392 0.5378151260504201
393 0.5452653485952134
394 0.5408266129032258
395 0.5302874743326489
396 0.5417525773195876
397 0.5400207900207901
398 0.5338461538461539
399 0.5257201646090535
400 0.544875199150292
401 0.5446853516657852
402 0.538661131292164
403 0.5262303948080044
404 0.5537604456824513
405 0.518918918918919
406 0.5304443225452551
407 0.5416442772702847
408 0.530096105209914
409 0.5129903209373408
410 0.5198285101822079
411 0.5122905027932961
412 0.5277301315037164
413 0.5194585448392555
414 0.5285472018089316
415 0.5090063916327716
416 0.5200741198270538
417 0.5311704834605598
418 0.5294498381877023
419 0.5476344782890473
420 0.5302355187778485
421 0.5523809523809524
422 0.5367057371992597
423 0.5241379310344828
424 0.5310126582278482
425 0.5347661188369153
426 0.5117909496494583
427 0.5346153846153846
428 0.5396825396825397
429 0.5270184361093452
430 0.5305859626529298
431 0.5359301544660846
432 0.5580756013745705
433 0.559153998678123
434 0.545859872611465
435 0.5524266027561414
436 0.5304506699147381
437 0.5136334812935954
438 0.5288270377733598
439 0.5210027100271003
440 0.5511596180081856
441 0.521594684385382
442 0.5439330543933054
443 0.5494505494505495
444 0.514726507713885
445 0.5354609929078015
446 0.5392781316348195
447 0.5485599464166109
448 0.5152335815842924
449 0.5301966292134831
450 0.5153958944281525
451 0.5299610894941634
452 0.5116459627329193
453 0.5112970711297071
454 0.5525227460711332
455 0.5412919051512673
456 0.5284227381905524
457 0.5282714054927302
458 0.5414920368818106
459 0.5478767693588676
460 0.5275387263339071
461 0.5579886455798865
462 0.5319502074688797
463 0.5317527519051651
464 0.540120793787748
465 0.5573221757322175
466 0.5387596899224806
467 0.5215745647236941
468 0.5349013657056145
469 0.5031397174254317
470 0.5614035087719298
471 0.5406976744186046
472 0.5314285714285715
473 0.5339105339105339
474 0.5048231511254019
475 0.5349040139616056
476 0.5383290267011197
477 0.5634599838318513
478 0.5443740095087163
479 0.5275720164609053
480 0.5544388609715243
481 0.5411013567438149
482 0.5438184663536776
483 0.5220228384991843
484 0.5205128205128206
485 0.5165794066317626
486 0.5282511210762332
487 0.5342465753424658
488 0.525305410122164
489 0.5434221840068788
490 0.5220848056537103
491 0.5319926873857403
492 0.5233812949640287
493 0.5176470588235295
494 0.5485921889191644
495 0.5551663747810858
496 0.5347506132461161
497 0.5283772981614708
498 0.5257867132867133
