0 0.5879
1 0.5834
2 0.5994
3 0.6049
4 0.613
5 0.5933
6 0.61
7 0.6103
8 0.5968
9 0.6048
10 0.5909
11 0.6237
12 0.5953
13 0.6034
14 0.5992
15 0.5985
16 0.5855
17 0.5958
18 0.5908
19 0.6029
20 0.62
21 0.5963
22 0.5982
23 0.6152
24 0.6007
25 0.6046
26 0.6095
27 0.5957
28 0.5953
29 0.6049
30 0.6138
31 0.6011
32 0.6051
33 0.6004
34 0.6004
35 0.5969
36 0.6175
37 0.5973
38 0.5955
39 0.6103
40 0.6187
41 0.6115
42 0.5954
43 0.595
44 0.601
45 0.6297
46 0.6126
47 0.6045
48 0.6006
49 0.6072
50 0.5949
51 0.6143
52 0.5927
53 0.6154
54 0.5942
55 0.6062
56 0.5969
57 0.592
58 0.6146
59 0.5886
60 0.6091
61 0.6004
62 0.6074
63 0.6124
64 0.6078
65 0.6027
66 0.5956
67 0.6033
68 0.6052
69 0.6036
70 0.6021
71 0.5989
72 0.5959
73 0.5949
74 0.6098
75 0.6039
76 0.5876
77 0.593
78 0.5927
79 0.6002
80 0.5877
81 0.5981
82 0.6095
83 0.5962
84 0.6064
85 0.6057
86 0.6077
87 0.6196
88 0.6038
89 0.602
90 0.598
91 0.5879
92 0.5947
93 0.5971
94 0.6048
95 0.6044
96 0.6135
97 0.594
98 0.6042
99 0.5975
100 0.611
101 0.6111
102 0.6009
103 0.5966
104 0.601
105 0.6186
106 0.5951
107 0.604
108 0.6124
109 0.6179
110 0.5992
