-35 1
-34 0
-33 0
-32 0
-31 1
-30 1
-29 0
-28 1
-27 1
-26 6
-25 7
-24 23
-23 17
-22 37
-21 47
-20 54
-19 106
-18 128
-17 229
-16 309
-15 474
-14 732
-13 1162
-12 1687
-11 2700
-10 4165
-9 6524
-8 10120
-7 16588
-6 28002
-5 47888
-4 85889
-3 165474
-2 356935
-1 884469
0 3408904
1 1099969215
2 3852061
3 565865
4 263237
5 138559
6 76344
7 43632
8 25879
9 15512
10 9705
11 6134
12 3788
13 2678
14 1567
15 1067
16 707
17 477
18 278
19 210
20 121
21 99
22 59
23 46
24 29
25 16
26 11
27 8
28 8
29 1
30 1
31 1
32 2
33 0
34 0
35 2
