0 0.224
1 0.2365
2 0.2168
3 0.2256
4 0.2153
5 0.2293
6 0.1962
7 0.2217
8 0.2174
9 0.1975
10 0.2239
11 0.2109
12 0.2582
13 0.2293
14 0.2529
15 0.2183
16 0.2365
17 0.2349
18 0.2407
19 0.2283
20 0.2402
21 0.2043
22 0.2276
23 0.2191
24 0.2378
25 0.1625
26 0.2145
27 0.2316
28 0.2038
29 0.2151
30 0.2158
31 0.2172
32 0.215
33 0.2099
34 0.2358
35 0.2344
36 0.2081
37 0.1953
38 0.2648
39 0.2045
40 0.2178
41 0.1994
42 0.1858
43 0.2079
44 0.2023
45 0.2226
46 0.2401
47 0.2051
48 0.2482
49 0.2102
50 0.207
51 0.2025
52 0.2309
53 0.2142
54 0.1937
55 0.2115
56 0.2241
57 0.2165
58 0.1937
59 0.1849
60 0.19
61 0.1899
62 0.2373
63 0.2174
64 0.2356
65 0.2186
66 0.1812
67 0.2053
68 0.2045
69 0.2298
70 0.1941
71 0.2384
72 0.2071
73 0.2152
74 0.1789
75 0.2003
76 0.2486
77 0.2241
78 0.2284
79 0.2047
80 0.1948
81 0.2201
82 0.2286
83 0.236
84 0.2327
85 0.2254
86 0.2246
87 0.2134
88 0.2271
89 0.2274
90 0.2231
91 0.2146
92 0.2027
93 0.2312
94 0.1693
95 0.2312
96 0.2179
97 0.1692
98 0.1914
99 0.2104
100 0.2121
101 0.2323
102 0.2368
103 0.2302
104 0.1946
105 0.2151
106 0.2249
107 0.2421
108 0.2458
109 0.2043
110 0.2073
