0 869382
1 14128
2 5033
3 3067
4 2101
5 1533
6 1182
7 1059
8 840
9 700
10 569
11 438
12 454
13 368
14 403
15 260
16 263
17 258
18 218
19 206
20 213
21 154
22 135
23 140
24 133
25 134
26 121
27 103
28 110
29 102
30 92
31 82
32 97
33 68
34 69
35 61
36 86
37 54
38 55
39 50
40 33
41 47
42 51
43 22
44 42
45 32
46 31
47 25
48 25
49 26
50 28
51 28
52 17
53 19
54 17
55 27
56 18
57 19
58 19
59 12
60 14
61 20
62 16
63 19
64 13
65 23
66 8
67 10
68 8
69 10
70 7
71 6
72 10
73 8
74 3
75 5
76 15
77 9
78 8
79 11
80 8
81 7
82 7
83 6
84 5
85 7
86 4
87 4
88 3
89 8
90 3
91 9
92 3
93 2
94 4
95 5
96 6
97 1
98 7
99 0
100 3
101 3
102 6
103 4
104 3
105 5
106 2
107 3
108 3
109 1
110 3
111 1
112 1
113 1
114 2
115 0
116 1
117 2
118 1
119 1
120 2
121 1
122 1
123 1
124 1
125 0
126 2
127 1
128 1
129 3
130 1
131 0
132 2
133 0
134 0
135 1
136 0
137 1
138 0
139 2
140 0
141 1
142 0
143 1
144 0
145 0
146 0
147 1
148 0
149 1
150 0
151 0
152 1
153 1
154 0
155 0
156 2
157 0
158 0
159 1
160 0
161 1
162 2
163 0
164 0
165 1
166 0
167 0
168 0
169 0
170 0
171 1
172 0
173 1
174 0
175 0
176 0
177 0
178 0
179 0
180 0
181 0
182 0
183 0
184 0
185 1
186 0
187 0
188 0
189 0
190 1
191 1
192 0
193 0
194 0
195 0
196 0
197 0
198 0
199 0
200 0
201 0
202 0
203 0
204 0
205 0
206 0
207 0
208 0
209 0
210 0
211 0
212 0
213 0
214 0
215 0
216 0
217 0
218 0
219 0
220 0
221 0
222 0
223 0
224 0
225 0
226 0
227 0
228 1
229 0
230 0
231 0
232 0
233 0
234 0
235 0
236 0
237 0
238 0
239 0
240 0
241 1
