2 0.8044570043671473
3 0.7719495761226582
4 0.7477013072346368
5 0.7279850127077565
6 0.7125260065698579
7 0.6993771407537117
8 0.6887551307720736
9 0.6797391650220229
10 0.6716479418706912
11 0.6644371484632233
12 0.6580120398540373
13 0.65221492038498
14 0.6473854323483603
15 0.6426143152863563
16 0.63866815735587
17 0.6344479059533915
18 0.6306835960389912
19 0.6274540332683993
20 0.6238452390674125
21 0.6217845707889444
22 0.6194035865119101
23 0.6168962939228879
24 0.6149910395380384
25 0.6118804990642139
26 0.609636792124699
27 0.6070294259561358
28 0.6053539888136591
29 0.6035743965459599
30 0.6022644431844448
31 0.6004400164852401
32 0.5977184921987564
33 0.5972323651817374
34 0.5973134727775371
35 0.593957776045945
36 0.5951355013876866
37 0.5935120935765266
38 0.590249782122307
39 0.5888963540737163
40 0.5872006018407017
41 0.5852832829985583
42 0.5866785966240515
43 0.5865918512134058
44 0.584419458052387
45 0.5834755403868032
46 0.5836178444532175
47 0.5827465072173977
48 0.5811339715449304
49 0.5798018758633734
50 0.5792068255043765
51 0.5783336221806439
52 0.5770856902503408
53 0.5770258005963957
54 0.5765074807314493
55 0.5762931266276917
56 0.5743327107780375
57 0.5726091238859394
58 0.5738990385397518
59 0.5719513208174115
60 0.572421975275282
61 0.5709740031089774
62 0.5692553832088716
63 0.5703488242006578
64 0.5712370051502107
65 0.5693236368349667
66 0.5681609298335745
67 0.5701772869635178
68 0.5662697410594612
69 0.5670987730821663
70 0.5652512289052576
71 0.5668239434823638
72 0.5650621767814797
73 0.5638514506444976
74 0.5633502651946096
75 0.5631013077934925
76 0.5660833030072452
77 0.5622029852078266
78 0.5629270730973059
79 0.5641065398663083
80 0.5625599107656378
81 0.559870740998455
82 0.5625093666636694
83 0.5618845757887725
84 0.5618945829571071
85 0.5588118096803516
86 0.5579101482383678
87 0.5593363708018533
88 0.5599896830770222
89 0.5589906603309848
90 0.5579234608985025
91 0.5563016808085175
92 0.5574353374735549
93 0.5583987191961852
94 0.553381602075835
95 0.5570626288476577
96 0.5594890957657443
97 0.557647587241102
98 0.5563875652371227
99 0.5552292765706275
100 0.5567407826468859
101 0.5535963964236319
102 0.5551339524778531
103 0.556540968522628
104 0.5559931680457959
105 0.5538283446337027
106 0.5551783357450666
107 0.5529615634551974
108 0.5541913015307363
109 0.5519238014119343
110 0.5518201249316521
111 0.5523524817990209
112 0.5515939954676344
113 0.5495897621136282
114 0.552913115767299
115 0.5520214213599052
116 0.5511584464334723
117 0.552019375999857
118 0.5510799819249887
119 0.549607579786019
120 0.553812931208023
121 0.5524126762118591
122 0.5476611014018518
123 0.5489657386165161
124 0.5512167623706563
125 0.5486477095036776
126 0.5489295445698715
127 0.5487076167076167
128 0.549729607265635
129 0.5464317110205387
130 0.5517422059208803
131 0.5494189275148675
132 0.5488535005905592
133 0.5487913779830639
134 0.5484612608897366
135 0.5463300744199621
136 0.5466261038576922
137 0.5453977994075327
138 0.5455042801055545
139 0.5439928636699882
140 0.5485175791499038
141 0.5470152208340665
142 0.5466189489546054
143 0.5459845210573927
144 0.546587623879321
145 0.5447480999408365
146 0.5471097368935275
147 0.5465578162167155
148 0.5483205038488453
149 0.5465071219718409
150 0.5442869848799289
151 0.5482954545454546
152 0.5476883439095377
153 0.5441215419064358
154 0.543700368299338
155 0.5441267254364521
156 0.5477019110489095
157 0.5442553720034778
158 0.5440833521402242
159 0.5451236713515691
160 0.5422914043722101
161 0.5449139320152442
162 0.5422827111553014
163 0.5431287499026
164 0.5436383578815418
165 0.5412950137583581
166 0.5455873288130142
167 0.544333426962535
168 0.541795084822984
169 0.5413289895263994
170 0.5394541416288544
171 0.5408972424200851
172 0.5407293655405219
173 0.5403458010871245
174 0.5433380480905233
175 0.5443423344331006
176 0.5408860795698309
177 0.5445570165984048
178 0.5430330824031612
179 0.5402519286928474
180 0.5420148425173844
181 0.5419871794871794
182 0.5408689033315768
183 0.5444513567958289
184 0.5412477250350568
185 0.5380750368565154
186 0.5438450480441855
187 0.5386652943224303
188 0.5373120546638145
189 0.5384459195626708
190 0.5447837030783421
191 0.5401841061244731
192 0.5399124389975991
193 0.5370361624080984
194 0.541312349282904
195 0.541408674890569
196 0.5389251390183536
197 0.5400897700852493
198 0.5412168314255983
199 0.5429285504263452
200 0.5399233314766881
201 0.5394051861461908
202 0.5387416447740347
203 0.541040173362227
204 0.5391733809796716
205 0.5402838779697807
206 0.5424644999491646
207 0.5394817697664891
208 0.5356022206130823
209 0.5373814638235448
210 0.5385180777711666
211 0.5402144068834053
212 0.534012948958644
213 0.541841337224728
214 0.5403520601909358
215 0.5378590544157003
216 0.5377955854470003
217 0.5351978759283843
218 0.5383789586688137
219 0.5328350916559599
220 0.5357644782711858
221 0.5388397790055248
222 0.5369688489579498
223 0.5332143122814847
224 0.5384283651772823
225 0.5353720193178388
226 0.5362939115614052
227 0.5368206340431211
228 0.5362052107896704
229 0.5356670298879203
230 0.536459761112199
231 0.5382585236158899
232 0.534398631441846
233 0.5382692908466105
234 0.5390341178328858
235 0.5397039297675432
236 0.5373385401021328
237 0.5387259533238186
238 0.5345700171388245
239 0.5377495756204026
240 0.5354253892118207
241 0.5361683024873998
242 0.538760726853662
243 0.533952336737852
244 0.5354998233839633
245 0.5367634715460803
246 0.5366738679027624
247 0.5397156754274263
248 0.5357449571647012
249 0.5367642436560988
250 0.5347166292230088
251 0.5342744526798338
252 0.5365326138164376
253 0.532976597253562
254 0.5372842792135314
255 0.5343299035785931
256 0.5310119933467565
257 0.5360610875706214
258 0.537560715949165
259 0.5358179625742486
260 0.5403007925072046
261 0.5339318662526439
262 0.5329164967604549
263 0.5328430476886534
264 0.5395410800009187
265 0.5335299811033783
266 0.5331951163326423
267 0.5347907906047441
268 0.5351473395093338
269 0.5371561355741244
270 0.532704608058266
271 0.5375140502060697
272 0.5326616605070502
273 0.533246352745819
274 0.5379034926036202
275 0.5288874215912842
276 0.5335903476833012
277 0.5310290085149372
278 0.5332008530438155
279 0.534397825717683
280 0.5275117872940261
281 0.5295922625622899
282 0.535755436248192
283 0.5313405483048119
284 0.5331078055818118
285 0.5302306980929291
286 0.5340364333652924
287 0.5351081615076752
288 0.5334502121604797
289 0.5306822769479209
290 0.5317939609236234
291 0.5334389209625504
292 0.5327944336437123
293 0.5363666812665859
294 0.5343464262717321
295 0.5362544426284795
296 0.5318492165223533
297 0.5342885582564962
298 0.5334340566308057
299 0.5313714747854217
300 0.5345928475707491
301 0.5332002521538138
302 0.5327119930884624
303 0.5346917450365726
304 0.5319783410499882
305 0.5295164245691372
306 0.5340504669396056
307 0.5320076937664238
308 0.5276797829036635
309 0.5292888179968098
310 0.5321443384487764
311 0.5329289908053617
312 0.5311111731999665
313 0.5338866225910818
314 0.531884383962211
315 0.5339123126488303
316 0.5295557493739977
317 0.528598597746175
318 0.529796968830426
319 0.5346622180397524
320 0.5322364862941562
321 0.5278270319739176
322 0.5306906837999082
323 0.5297227409854905
324 0.5296729446588699
325 0.5286465945629932
326 0.5343596023207674
327 0.52738902091952
328 0.5348939929328622
329 0.530868524034811
330 0.527983042364648
331 0.5300467262080795
332 0.5292701055448193
333 0.5325428039151906
334 0.5300916346438073
335 0.5294100056816483
336 0.529514411216078
337 0.5322249093107618
338 0.5306549423893269
339 0.5320829521195486
340 0.5331552772149567
341 0.5306798822982809
342 0.5304412355833154
343 0.5312770428977623
344 0.5284293258013018
345 0.5277923682990885
346 0.5279296632285324
347 0.5255139210034525
348 0.5313007741565516
349 0.5302423873715219
350 0.5340332402943415
351 0.5335269604748074
352 0.5319283991367272
353 0.5320385868523606
354 0.5324538427138568
355 0.5272587417069966
356 0.5296756495078264
357 0.5300940842892126
358 0.5293268768239104
359 0.5297334023553772
360 0.5280335550676672
361 0.5338952595641805
362 0.5295020408163266
363 0.5277556968733439
364 0.5297569432867669
365 0.5262490404832627
366 0.5322825098514702
367 0.5284239458336126
368 0.5294832826747721
369 0.5299969546238961
370 0.5305962253847991
371 0.5290889132821076
372 0.5362412676776283
373 0.5278577476714649
374 0.5304347826086957
375 0.5289600778291234
376 0.5318517496031472
377 0.523958550664163
378 0.5303438385392983
379 0.533659217877095
380 0.5275768375736617
381 0.5304124995551126
382 0.53351558616772
383 0.5296570565820692
384 0.52756960283842
385 0.5314736380896743
386 0.5305276929786306
387 0.5287903371191636
388 0.5253297579359327
389 0.5315423537548688
390 0.5257186081694403
391 0.5267686768676868
392 0.5252653312565654
393 0.525
394 0.5223533684401671
395 0.5309319862361813
396 0.5287347842124678
397 0.5257084053070675
398 0.5274802135100313
399 0.5241869768130972
400 0.5261820220519529
401 0.5298543598912355
402 0.5284248370908546
403 0.5274274199567132
404 0.5300037551633496
405 0.5241174480243618
406 0.5293183622547352
407 0.5229734351841295
408 0.5262069757647689
409 0.5296519615325904
410 0.5191886596750028
411 0.52913033413072
412 0.5180027306417008
413 0.5309396783363838
414 0.5268738149595635
415 0.529943722103629
416 0.5330017734597887
417 0.5275974649510274
418 0.5224151234567901
419 0.5243461702871799
420 0.5282792283257147
421 0.5243080059593821
422 0.5256446020802614
423 0.5263916700040048
424 0.5232867866655905
425 0.5303374432186891
426 0.5359246643959127
427 0.5305732484076433
428 0.5228133094241881
429 0.5289475803204767
430 0.5192899983789917
431 0.5267282051282052
432 0.5275754848212094
433 0.5273114405044632
434 0.5254988913525499
435 0.5276767841823604
436 0.527335554732815
437 0.5307603017991874
438 0.5290490772159232
439 0.5285720248779062
440 0.5252892561983471
441 0.5204022272085099
442 0.5266560322391067
443 0.5208058264832404
444 0.5224755143064882
445 0.5250372895802259
446 0.5301959456599941
447 0.5236567762630313
448 0.5209818569903949
449 0.5245291188568955
450 0.5278716948417859
451 0.5264985459438344
452 0.5325830147343099
453 0.5239391582404287
454 0.5280976707940082
455 0.5279690189328744
456 0.5288556999179868
457 0.5237887194722356
458 0.5324159830643027
459 0.530731922398589
460 0.5326726540724682
461 0.5309007377302646
462 0.5273095374323313
463 0.5274611863950462
464 0.5288972196188692
465 0.5254146840396674
466 0.5249178409039752
467 0.5272242555691112
468 0.5226128373780903
469 0.5256282318787989
470 0.528547381829762
471 0.5304804198627372
472 0.521267949065294
473 0.524745236027967
474 0.5286059997260399
475 0.5219498811048107
476 0.5278966008923233
477 0.5253258156946113
478 0.5310335208517365
479 0.5251033393711393
480 0.5247278528528528
481 0.5312324141812043
482 0.5320361820408932
483 0.5290158610627382
484 0.5275788298762906
485 0.5198140670485492
486 0.5256501687823896
487 0.5292148078283424
488 0.522
489 0.5260168471720819
490 0.5291114856730075
491 0.5287097392638037
492 0.5266746126340882
493 0.5232090022796722
494 0.5277160791887977
495 0.5264749651961019
496 0.5314922944385948
497 0.5240489196113501
498 0.5238844635982859
