-1962 1
-1961 0
-1960 0
-1959 1
-1958 0
-1957 0
-1956 0
-1955 0
-1954 0
-1953 1
-1952 0
-1951 1
-1950 0
-1949 0
-1948 0
-1947 0
-1946 0
-1945 0
-1944 0
-1943 0
-1942 0
-1941 0
-1940 0
-1939 0
-1938 0
-1937 0
-1936 0
-1935 0
-1934 0
-1933 0
-1932 0
-1931 0
-1930 0
-1929 0
-1928 0
-1927 0
-1926 0
-1925 0
-1924 0
-1923 0
-1922 0
-1921 0
-1920 0
-1919 0
-1918 0
-1917 0
-1916 0
-1915 0
-1914 0
-1913 0
-1912 0
-1911 0
-1910 0
-1909 0
-1908 0
-1907 0
-1906 0
-1905 0
-1904 0
-1903 0
-1902 0
-1901 0
-1900 0
-1899 0
-1898 0
-1897 0
-1896 0
-1895 0
-1894 0
-1893 0
-1892 0
-1891 0
-1890 0
-1889 0
-1888 0
-1887 0
-1886 0
-1885 0
-1884 0
-1883 0
-1882 0
-1881 0
-1880 0
-1879 0
-1878 0
-1877 0
-1876 0
-1875 0
-1874 0
-1873 0
-1872 0
-1871 0
-1870 0
-1869 0
-1868 0
-1867 0
-1866 0
-1865 0
-1864 0
-1863 0
-1862 0
-1861 0
-1860 0
-1859 0
-1858 0
-1857 0
-1856 0
-1855 0
-1854 0
-1853 0
-1852 0
-1851 0
-1850 0
-1849 0
-1848 0
-1847 0
-1846 0
-1845 0
-1844 0
-1843 0
-1842 0
-1841 0
-1840 0
-1839 0
-1838 0
-1837 0
-1836 0
-1835 0
-1834 0
-1833 0
-1832 0
-1831 0
-1830 0
-1829 0
-1828 0
-1827 0
-1826 0
-1825 0
-1824 0
-1823 0
-1822 0
-1821 0
-1820 0
-1819 0
-1818 0
-1817 0
-1816 0
-1815 1
-1814 0
-1813 0
-1812 0
-1811 0
-1810 0
-1809 0
-1808 1
-1807 0
-1806 0
-1805 0
-1804 0
-1803 0
-1802 0
-1801 0
-1800 0
-1799 0
-1798 0
-1797 0
-1796 0
-1795 0
-1794 0
-1793 0
-1792 0
-1791 0
-1790 0
-1789 0
-1788 0
-1787 0
-1786 0
-1785 0
-1784 0
-1783 0
-1782 0
-1781 0
-1780 0
-1779 0
-1778 0
-1777 0
-1776 0
-1775 0
-1774 0
-1773 0
-1772 0
-1771 0
-1770 0
-1769 0
-1768 0
-1767 0
-1766 0
-1765 0
-1764 0
-1763 0
-1762 0
-1761 0
-1760 0
-1759 0
-1758 0
-1757 0
-1756 0
-1755 0
-1754 0
-1753 1
-1752 0
-1751 0
-1750 0
-1749 0
-1748 0
-1747 0
-1746 0
-1745 0
-1744 0
-1743 0
-1742 0
-1741 0
-1740 0
-1739 0
-1738 0
-1737 0
-1736 0
-1735 0
-1734 0
-1733 0
-1732 0
-1731 0
-1730 0
-1729 1
-1728 0
-1727 0
-1726 0
-1725 0
-1724 0
-1723 0
-1722 0
-1721 0
-1720 0
-1719 0
-1718 0
-1717 0
-1716 0
-1715 0
-1714 0
-1713 1
-1712 0
-1711 0
-1710 0
-1709 0
-1708 0
-1707 0
-1706 0
-1705 0
-1704 1
-1703 0
-1702 0
-1701 0
-1700 0
-1699 0
-1698 0
-1697 0
-1696 0
-1695 0
-1694 0
-1693 0
-1692 0
-1691 0
-1690 0
-1689 0
-1688 0
-1687 0
-1686 0
-1685 0
-1684 1
-1683 0
-1682 0
-1681 0
-1680 0
-1679 0
-1678 0
-1677 0
-1676 0
-1675 0
-1674 1
-1673 0
-1672 1
-1671 0
-1670 0
-1669 0
-1668 1
-1667 0
-1666 0
-1665 0
-1664 0
-1663 0
-1662 0
-1661 1
-1660 0
-1659 0
-1658 0
-1657 0
-1656 1
-1655 1
-1654 1
-1653 1
-1652 2
-1651 0
-1650 1
-1649 0
-1648 0
-1647 1
-1646 0
-1645 0
-1644 1
-1643 0
-1642 0
-1641 0
-1640 0
-1639 1
-1638 0
-1637 0
-1636 0
-1635 0
-1634 0
-1633 1
-1632 0
-1631 0
-1630 0
-1629 0
-1628 1
-1627 0
-1626 0
-1625 0
-1624 0
-1623 2
-1622 0
-1621 0
-1620 0
-1619 0
-1618 1
-1617 1
-1616 1
-1615 0
-1614 0
-1613 0
-1612 1
-1611 0
-1610 1
-1609 0
-1608 0
-1607 0
-1606 0
-1605 0
-1604 0
-1603 0
-1602 0
-1601 0
-1600 0
-1599 0
-1598 0
-1597 1
-1596 0
-1595 1
-1594 1
-1593 0
-1592 0
-1591 0
-1590 0
-1589 0
-1588 0
-1587 0
-1586 0
-1585 0
-1584 0
-1583 1
-1582 0
-1581 1
-1580 0
-1579 0
-1578 0
-1577 0
-1576 1
-1575 0
-1574 0
-1573 0
-1572 0
-1571 1
-1570 0
-1569 0
-1568 0
-1567 0
-1566 0
-1565 0
-1564 0
-1563 0
-1562 1
-1561 1
-1560 0
-1559 0
-1558 0
-1557 0
-1556 1
-1555 0
-1554 1
-1553 0
-1552 0
-1551 0
-1550 0
-1549 0
-1548 0
-1547 1
-1546 1
-1545 0
-1544 0
-1543 0
-1542 0
-1541 0
-1540 1
-1539 0
-1538 0
-1537 0
-1536 0
-1535 0
-1534 0
-1533 0
-1532 0
-1531 0
-1530 0
-1529 0
-1528 0
-1527 0
-1526 0
-1525 1
-1524 0
-1523 0
-1522 0
-1521 0
-1520 1
-1519 0
-1518 1
-1517 1
-1516 1
-1515 0
-1514 1
-1513 0
-1512 1
-1511 2
-1510 0
-1509 1
-1508 0
-1507 3
-1506 0
-1505 2
-1504 2
-1503 2
-1502 0
-1501 1
-1500 2
-1499 1
-1498 1
-1497 1
-1496 2
-1495 0
-1494 3
-1493 1
-1492 2
-1491 0
-1490 0
-1489 1
-1488 0
-1487 1
-1486 1
-1485 2
-1484 1
-1483 0
-1482 2
-1481 1
-1480 3
-1479 2
-1478 0
-1477 2
-1476 0
-1475 2
-1474 1
-1473 0
-1472 0
-1471 2
-1470 2
-1469 0
-1468 0
-1467 1
-1466 3
-1465 0
-1464 1
-1463 2
-1462 0
-1461 1
-1460 1
-1459 1
-1458 3
-1457 0
-1456 3
-1455 0
-1454 4
-1453 2
-1452 2
-1451 1
-1450 1
-1449 2
-1448 1
-1447 0
-1446 2
-1445 3
-1444 1
-1443 5
-1442 4
-1441 1
-1440 1
-1439 1
-1438 4
-1437 3
-1436 0
-1435 0
-1434 1
-1433 0
-1432 2
-1431 3
-1430 2
-1429 1
-1428 0
-1427 1
-1426 3
-1425 1
-1424 1
-1423 2
-1422 2
-1421 2
-1420 3
-1419 2
-1418 2
-1417 2
-1416 2
-1415 2
-1414 2
-1413 4
-1412 0
-1411 3
-1410 3
-1409 4
-1408 2
-1407 3
-1406 3
-1405 1
-1404 4
-1403 4
-1402 2
-1401 0
-1400 1
-1399 3
-1398 1
-1397 1
-1396 2
-1395 1
-1394 2
-1393 2
-1392 1
-1391 3
-1390 6
-1389 2
-1388 4
-1387 2
-1386 1
-1385 2
-1384 3
-1383 1
-1382 1
-1381 4
-1380 0
-1379 0
-1378 4
-1377 2
-1376 1
-1375 3
-1374 0
-1373 3
-1372 3
-1371 3
-1370 3
-1369 3
-1368 1
-1367 2
-1366 3
-1365 4
-1364 1
-1363 3
-1362 5
-1361 2
-1360 2
-1359 0
-1358 3
-1357 6
-1356 3
-1355 2
-1354 4
-1353 2
-1352 2
-1351 3
-1350 2
-1349 4
-1348 3
-1347 4
-1346 7
-1345 3
-1344 4
-1343 0
-1342 0
-1341 2
-1340 1
-1339 1
-1338 3
-1337 7
-1336 3
-1335 4
-1334 2
-1333 1
-1332 2
-1331 1
-1330 3
-1329 0
-1328 0
-1327 4
-1326 2
-1325 2
-1324 3
-1323 6
-1322 1
-1321 4
-1320 4
-1319 1
-1318 4
-1317 0
-1316 2
-1315 2
-1314 2
-1313 3
-1312 7
-1311 4
-1310 4
-1309 6
-1308 5
-1307 6
-1306 2
-1305 0
-1304 3
-1303 4
-1302 5
-1301 1
-1300 1
-1299 1
-1298 2
-1297 4
-1296 4
-1295 3
-1294 1
-1293 2
-1292 3
-1291 3
-1290 2
-1289 3
-1288 2
-1287 3
-1286 5
-1285 5
-1284 2
-1283 5
-1282 3
-1281 6
-1280 2
-1279 7
-1278 5
-1277 4
-1276 5
-1275 6
-1274 5
-1273 6
-1272 2
-1271 4
-1270 5
-1269 9
-1268 5
-1267 6
-1266 1
-1265 5
-1264 6
-1263 6
-1262 0
-1261 4
-1260 6
-1259 3
-1258 8
-1257 10
-1256 5
-1255 8
-1254 8
-1253 5
-1252 7
-1251 7
-1250 7
-1249 7
-1248 6
-1247 5
-1246 6
-1245 7
-1244 7
-1243 10
-1242 6
-1241 3
-1240 8
-1239 4
-1238 2
-1237 6
-1236 4
-1235 5
-1234 5
-1233 4
-1232 5
-1231 3
-1230 8
-1229 6
-1228 2
-1227 5
-1226 5
-1225 7
-1224 6
-1223 6
-1222 6
-1221 6
-1220 5
-1219 7
-1218 8
-1217 5
-1216 5
-1215 6
-1214 10
-1213 7
-1212 6
-1211 8
-1210 6
-1209 7
-1208 5
-1207 10
-1206 8
-1205 7
-1204 13
-1203 3
-1202 9
-1201 6
-1200 4
-1199 9
-1198 7
-1197 14
-1196 12
-1195 5
-1194 14
-1193 17
-1192 11
-1191 7
-1190 17
-1189 9
-1188 8
-1187 6
-1186 10
-1185 8
-1184 10
-1183 13
-1182 11
-1181 18
-1180 11
-1179 8
-1178 11
-1177 11
-1176 8
-1175 7
-1174 7
-1173 5
-1172 12
-1171 7
-1170 11
-1169 7
-1168 5
-1167 13
-1166 9
-1165 8
-1164 10
-1163 6
-1162 11
-1161 13
-1160 9
-1159 13
-1158 16
-1157 10
-1156 6
-1155 12
-1154 12
-1153 12
-1152 11
-1151 11
-1150 11
-1149 10
-1148 14
-1147 10
-1146 8
-1145 13
-1144 13
-1143 9
-1142 18
-1141 12
-1140 7
-1139 5
-1138 11
-1137 14
-1136 13
-1135 7
-1134 9
-1133 15
-1132 12
-1131 17
-1130 10
-1129 9
-1128 17
-1127 9
-1126 13
-1125 1
-1124 13
-1123 6
-1122 12
-1121 15
-1120 14
-1119 15
-1118 9
-1117 14
-1116 20
-1115 7
-1114 16
-1113 5
-1112 16
-1111 10
-1110 13
-1109 19
-1108 18
-1107 22
-1106 10
-1105 25
-1104 18
-1103 18
-1102 13
-1101 13
-1100 14
-1099 18
-1098 12
-1097 20
-1096 16
-1095 6
-1094 20
-1093 6
-1092 15
-1091 9
-1090 18
-1089 16
-1088 18
-1087 13
-1086 18
-1085 17
-1084 16
-1083 31
-1082 22
-1081 15
-1080 17
-1079 16
-1078 13
-1077 23
-1076 9
-1075 16
-1074 20
-1073 20
-1072 16
-1071 22
-1070 21
-1069 17
-1068 20
-1067 26
-1066 11
-1065 16
-1064 22
-1063 17
-1062 25
-1061 24
-1060 16
-1059 18
-1058 17
-1057 17
-1056 28
-1055 24
-1054 19
-1053 23
-1052 15
-1051 14
-1050 20
-1049 21
-1048 15
-1047 21
-1046 20
-1045 24
-1044 23
-1043 15
-1042 17
-1041 19
-1040 23
-1039 28
-1038 18
-1037 25
-1036 23
-1035 27
-1034 35
-1033 20
-1032 20
-1031 21
-1030 24
-1029 31
-1028 27
-1027 29
-1026 36
-1025 24
-1024 32
-1023 34
-1022 29
-1021 33
-1020 23
-1019 23
-1018 28
-1017 20
-1016 32
-1015 31
-1014 25
-1013 19
-1012 19
-1011 20
-1010 33
-1009 23
-1008 21
-1007 37
-1006 30
-1005 26
-1004 31
-1003 30
-1002 23
-1001 24
-1000 35
-999 34
-998 41
-997 21
-996 27
-995 36
-994 30
-993 43
-992 29
-991 27
-990 31
-989 38
-988 32
-987 39
-986 36
-985 29
-984 33
-983 36
-982 32
-981 34
-980 30
-979 34
-978 33
-977 42
-976 49
-975 40
-974 40
-973 28
-972 28
-971 24
-970 30
-969 34
-968 36
-967 30
-966 29
-965 38
-964 47
-963 38
-962 35
-961 25
-960 37
-959 31
-958 49
-957 37
-956 26
-955 46
-954 43
-953 46
-952 39
-951 47
-950 46
-949 26
-948 43
-947 40
-946 50
-945 42
-944 55
-943 36
-942 40
-941 34
-940 46
-939 41
-938 44
-937 49
-936 48
-935 53
-934 43
-933 45
-932 48
-931 59
-930 62
-929 45
-928 47
-927 53
-926 37
-925 43
-924 50
-923 64
-922 40
-921 59
-920 50
-919 51
-918 53
-917 43
-916 47
-915 38
-914 59
-913 55
-912 49
-911 52
-910 48
-909 56
-908 38
-907 49
-906 54
-905 45
-904 46
-903 62
-902 58
-901 55
-900 55
-899 57
-898 68
-897 46
-896 57
-895 55
-894 57
-893 55
-892 59
-891 60
-890 65
-889 47
-888 53
-887 58
-886 60
-885 58
-884 66
-883 58
-882 81
-881 59
-880 42
-879 51
-878 61
-877 80
-876 53
-875 65
-874 63
-873 70
-872 52
-871 69
-870 74
-869 66
-868 58
-867 65
-866 48
-865 70
-864 71
-863 76
-862 69
-861 67
-860 80
-859 74
-858 63
-857 93
-856 82
-855 82
-854 75
-853 89
-852 63
-851 75
-850 82
-849 68
-848 87
-847 88
-846 76
-845 77
-844 89
-843 92
-842 71
-841 84
-840 64
-839 73
-838 78
-837 83
-836 74
-835 90
-834 83
-833 98
-832 84
-831 84
-830 87
-829 90
-828 87
-827 81
-826 88
-825 81
-824 81
-823 100
-822 80
-821 100
-820 83
-819 84
-818 89
-817 92
-816 117
-815 114
-814 91
-813 94
-812 85
-811 99
-810 115
-809 106
-808 92
-807 127
-806 111
-805 102
-804 95
-803 109
-802 119
-801 101
-800 107
-799 111
-798 99
-797 101
-796 109
-795 103
-794 105
-793 96
-792 118
-791 116
-790 121
-789 110
-788 108
-787 107
-786 129
-785 98
-784 129
-783 111
-782 109
-781 108
-780 118
-779 99
-778 123
-777 104
-776 109
-775 120
-774 131
-773 117
-772 98
-771 92
-770 136
-769 123
-768 127
-767 111
-766 116
-765 119
-764 131
-763 138
-762 127
-761 117
-760 123
-759 133
-758 132
-757 105
-756 124
-755 128
-754 135
-753 161
-752 138
-751 133
-750 141
-749 138
-748 129
-747 169
-746 152
-745 130
-744 152
-743 138
-742 157
-741 163
-740 159
-739 135
-738 151
-737 159
-736 145
-735 161
-734 149
-733 153
-732 145
-731 160
-730 173
-729 132
-728 143
-727 153
-726 167
-725 166
-724 173
-723 148
-722 162
-721 163
-720 150
-719 158
-718 153
-717 165
-716 189
-715 176
-714 172
-713 167
-712 170
-711 175
-710 174
-709 179
-708 167
-707 211
-706 172
-705 172
-704 172
-703 207
-702 161
-701 165
-700 187
-699 196
-698 188
-697 221
-696 190
-695 166
-694 218
-693 207
-692 195
-691 199
-690 181
-689 177
-688 203
-687 183
-686 201
-685 199
-684 203
-683 217
-682 207
-681 225
-680 216
-679 230
-678 204
-677 244
-676 240
-675 236
-674 219
-673 237
-672 256
-671 203
-670 250
-669 232
-668 213
-667 226
-666 246
-665 241
-664 220
-663 239
-662 254
-661 218
-660 245
-659 256
-658 236
-657 232
-656 259
-655 261
-654 263
-653 242
-652 275
-651 256
-650 235
-649 272
-648 257
-647 253
-646 253
-645 254
-644 284
-643 257
-642 263
-641 256
-640 270
-639 300
-638 284
-637 278
-636 294
-635 278
-634 281
-633 291
-632 296
-631 267
-630 272
-629 280
-628 260
-627 277
-626 267
-625 272
-624 313
-623 268
-622 305
-621 297
-620 306
-619 303
-618 307
-617 310
-616 316
-615 296
-614 306
-613 285
-612 300
-611 305
-610 306
-609 369
-608 329
-607 316
-606 331
-605 378
-604 325
-603 318
-602 343
-601 350
-600 358
-599 323
-598 370
-597 386
-596 342
-595 342
-594 351
-593 373
-592 372
-591 368
-590 400
-589 422
-588 376
-587 376
-586 369
-585 379
-584 354
-583 356
-582 410
-581 367
-580 384
-579 399
-578 378
-577 362
-576 417
-575 405
-574 417
-573 388
-572 416
-571 430
-570 436
-569 422
-568 393
-567 440
-566 438
-565 419
-564 395
-563 434
-562 413
-561 439
-560 412
-559 429
-558 456
-557 449
-556 433
-555 459
-554 470
-553 439
-552 444
-551 493
-550 443
-549 467
-548 458
-547 419
-546 463
-545 450
-544 524
-543 481
-542 495
-541 455
-540 467
-539 522
-538 525
-537 539
-536 516
-535 521
-534 492
-533 511
-532 529
-531 507
-530 521
-529 543
-528 556
-527 561
-526 538
-525 569
-524 561
-523 544
-522 543
-521 511
-520 581
-519 543
-518 508
-517 515
-516 544
-515 550
-514 521
-513 590
-512 560
-511 585
-510 582
-509 591
-508 580
-507 611
-506 576
-505 612
-504 575
-503 601
-502 654
-501 630
-500 635
-499 665
-498 590
-497 666
-496 634
-495 618
-494 658
-493 648
-492 611
-491 608
-490 653
-489 657
-488 682
-487 690
-486 655
-485 658
-484 717
-483 705
-482 722
-481 677
-480 718
-479 699
-478 702
-477 683
-476 692
-475 735
-474 719
-473 749
-472 736
-471 720
-470 752
-469 747
-468 809
-467 764
-466 794
-465 780
-464 734
-463 778
-462 828
-461 799
-460 821
-459 812
-458 763
-457 863
-456 803
-455 867
-454 851
-453 845
-452 829
-451 841
-450 864
-449 807
-448 876
-447 877
-446 910
-445 861
-444 829
-443 874
-442 922
-441 876
-440 904
-439 890
-438 884
-437 948
-436 981
-435 967
-434 952
-433 977
-432 957
-431 935
-430 991
-429 965
-428 976
-427 1028
-426 1041
-425 928
-424 1016
-423 1030
-422 984
-421 1028
-420 1064
-419 952
-418 1028
-417 1015
-416 1040
-415 1037
-414 1025
-413 1108
-412 1122
-411 1146
-410 1024
-409 1110
-408 1090
-407 1137
-406 1103
-405 1111
-404 1200
-403 1152
-402 1203
-401 1139
-400 1154
-399 1180
-398 1130
-397 1228
-396 1203
-395 1190
-394 1203
-393 1215
-392 1218
-391 1252
-390 1234
-389 1294
-388 1273
-387 1354
-386 1384
-385 1313
-384 1291
-383 1343
-382 1348
-381 1336
-380 1386
-379 1333
-378 1321
-377 1344
-376 1393
-375 1377
-374 1388
-373 1453
-372 1424
-371 1424
-370 1409
-369 1439
-368 1530
-367 1425
-366 1447
-365 1453
-364 1542
-363 1553
-362 1558
-361 1505
-360 1529
-359 1565
-358 1554
-357 1556
-356 1579
-355 1589
-354 1563
-353 1654
-352 1649
-351 1659
-350 1601
-349 1682
-348 1709
-347 1663
-346 1733
-345 1682
-344 1795
-343 1700
-342 1800
-341 1761
-340 1785
-339 1736
-338 1694
-337 1805
-336 1778
-335 1853
-334 1865
-333 1882
-332 1786
-331 1851
-330 1993
-329 1904
-328 1960
-327 1978
-326 1911
-325 1942
-324 1951
-323 1922
-322 1940
-321 1895
-320 2016
-319 2084
-318 1961
-317 1998
-316 2032
-315 2053
-314 2104
-313 2075
-312 2099
-311 2087
-310 2147
-309 2171
-308 2214
-307 2159
-306 2146
-305 2189
-304 2167
-303 2223
-302 2250
-301 2227
-300 2265
-299 2338
-298 2311
-297 2421
-296 2375
-295 2420
-294 2376
-293 2484
-292 2455
-291 2431
-290 2434
-289 2397
-288 2505
-287 2448
-286 2453
-285 2546
-284 2424
-283 2608
-282 2655
-281 2598
-280 2618
-279 2552
-278 2687
-277 2672
-276 2708
-275 2736
-274 2676
-273 2741
-272 2797
-271 2782
-270 2803
-269 2755
-268 2692
-267 2864
-266 2808
-265 2891
-264 2927
-263 2985
-262 2986
-261 2955
-260 2971
-259 3033
-258 3064
-257 3086
-256 3011
-255 3156
-254 3059
-253 3086
-252 3186
-251 3258
-250 3276
-249 3213
-248 3259
-247 3184
-246 3347
-245 3218
-244 3383
-243 3414
-242 3406
-241 3420
-240 3518
-239 3426
-238 3593
-237 3522
-236 3490
-235 3533
-234 3573
-233 3589
-232 3706
-231 3714
-230 3749
-229 3707
-228 3772
-227 3822
-226 3907
-225 3904
-224 3911
-223 3756
-222 4048
-221 4001
-220 3988
-219 4049
-218 3982
-217 4153
-216 4195
-215 4053
-214 4243
-213 4223
-212 4355
-211 4320
-210 4312
-209 4352
-208 4318
-207 4436
-206 4522
-205 4582
-204 4555
-203 4598
-202 4532
-201 4626
-200 4680
-199 4780
-198 4779
-197 4692
-196 4801
-195 4867
-194 4711
-193 4881
-192 4870
-191 4928
-190 5082
-189 4960
-188 5078
-187 5155
-186 5145
-185 5254
-184 5217
-183 5239
-182 5314
-181 5385
-180 5534
-179 5568
-178 5314
-177 5577
-176 5587
-175 5569
-174 5729
-173 5693
-172 5848
-171 5791
-170 5913
-169 5906
-168 5890
-167 5919
-166 5956
-165 6245
-164 6133
-163 6258
-162 6237
-161 6342
-160 6463
-159 6403
-158 6634
-157 6443
-156 6447
-155 6453
-154 6682
-153 6652
-152 6691
-151 6962
-150 6838
-149 6938
-148 7073
-147 7073
-146 7222
-145 7155
-144 7296
-143 7311
-142 7494
-141 7468
-140 7580
-139 7546
-138 7799
-137 7753
-136 7706
-135 7790
-134 7994
-133 8026
-132 8118
-131 8205
-130 8188
-129 8351
-128 8537
-127 8504
-126 8565
-125 8664
-124 8723
-123 8895
-122 8825
-121 8979
-120 9053
-119 8933
-118 9242
-117 9246
-116 9415
-115 9569
-114 9681
-113 9739
-112 9613
-111 9862
-110 9800
-109 10024
-108 10276
-107 10418
-106 10423
-105 10454
-104 10570
-103 10579
-102 10689
-101 10904
-100 11195
-99 11200
-98 11106
-97 11349
-96 11569
-95 11857
-94 11999
-93 11974
-92 12114
-91 12185
-90 12333
-89 12514
-88 12605
-87 12653
-86 12700
-85 13020
-84 13086
-83 13318
-82 13300
-81 13483
-80 13677
-79 13842
-78 14018
-77 14287
-76 14384
-75 14544
-74 14793
-73 14916
-72 15167
-71 15266
-70 15553
-69 15613
-68 16036
-67 16308
-66 16566
-65 16675
-64 16893
-63 17004
-62 17222
-61 17292
-60 17621
-59 18175
-58 18086
-57 18452
-56 18586
-55 19108
-54 19464
-53 19867
-52 20041
-51 20627
-50 20601
-49 20998
-48 21342
-47 21437
-46 22025
-45 22531
-44 22801
-43 23247
-42 23678
-41 24258
-40 24738
-39 25182
-38 25534
-37 26234
-36 26709
-35 27345
-34 27984
-33 28447
-32 28941
-31 29907
-30 30731
-29 31316
-28 32435
-27 32739
-26 33850
-25 35009
-24 35672
-23 37233
-22 38068
-21 39341
-20 40410
-19 42541
-18 43334
-17 44825
-16 46322
-15 48984
-14 50681
-13 52885
-12 55274
-11 57798
-10 61399
-9 65144
-8 69213
-7 74233
-6 79331
-5 85305
-4 92522
-3 99450
-2 99876
-1 87866
0 7853632
1 62694741
2 8683190
3 63662
4 81134
5 84715
6 80815
7 76134
8 71105
9 66850
10 62597
11 59473
12 56282
13 53214
14 50996
15 48724
16 47083
17 45194
18 43057
19 41310
20 39977
21 39013
22 37725
23 36507
24 34850
25 34821
26 33504
27 32451
28 31534
29 30793
30 29948
31 29303
32 28411
33 27922
34 27359
35 26538
36 25908
37 25575
38 25178
39 24484
40 23875
41 23646
42 23001
43 22690
44 22208
45 21602
46 21359
47 20990
48 20582
49 20172
50 20266
51 19598
52 19351
53 18836
54 18840
55 18714
56 18063
57 17647
58 17205
59 17095
60 17107
61 16802
62 16757
63 16267
64 15962
65 15961
66 15795
67 15558
68 15316
69 15141
70 15026
71 14948
72 14455
73 14501
74 14090
75 13866
76 13664
77 13601
78 13464
79 13245
80 13259
81 12986
82 13033
83 12569
84 12505
85 12351
86 12599
87 12217
88 12035
89 11842
90 11730
91 11861
92 11366
93 11488
94 11459
95 11088
96 11221
97 11078
98 10807
99 10777
100 10643
101 10370
102 10333
103 10280
104 10090
105 10048
106 9961
107 9947
108 9762
109 9655
110 9595
111 9465
112 9436
113 9390
114 9066
115 8984
116 8973
117 8889
118 8841
119 8730
120 8776
121 8508
122 8497
123 8365
124 8373
125 8395
126 8100
127 8176
128 7962
129 7815
130 7952
131 7718
132 7851
133 7691
134 7565
135 7493
136 7467
137 7273
138 7218
139 7149
140 7244
141 7091
142 7103
143 6993
144 7012
145 6802
146 6834
147 6759
148 6636
149 6590
150 6386
151 6580
152 6454
153 6348
154 6447
155 6340
156 6262
157 5926
158 6010
159 6051
160 5882
161 5988
162 5871
163 5877
164 5922
165 5828
166 5751
167 5715
168 5637
169 5407
170 5539
171 5561
172 5661
173 5463
174 5409
175 5370
176 5228
177 5257
178 5158
179 5187
180 5071
181 5247
182 5150
183 4944
184 4953
185 4869
186 4844
187 4902
188 4826
189 4742
190 4761
191 4710
192 4721
193 4593
194 4604
195 4566
196 4532
197 4555
198 4472
199 4349
200 4462
201 4373
202 4430
203 4382
204 4276
205 4331
206 4182
207 4225
208 4245
209 4088
210 4081
211 4117
212 3981
213 4022
214 3947
215 4049
216 3944
217 3890
218 3859
219 3756
220 3747
221 3767
222 3770
223 3722
224 3782
225 3640
226 3543
227 3696
228 3598
229 3513
230 3428
231 3403
232 3419
233 3491
234 3357
235 3350
236 3294
237 3328
238 3285
239 3272
240 3388
241 3225
242 3224
243 3272
244 3171
245 3089
246 3171
247 3166
248 3053
249 3079
250 3010
251 3017
252 3031
253 2970
254 2984
255 2940
256 2875
257 2974
258 2924
259 2952
260 2845
261 2802
262 2770
263 2765
264 2853
265 2767
266 2713
267 2745
268 2628
269 2602
270 2649
271 2649
272 2640
273 2605
274 2533
275 2545
276 2478
277 2496
278 2598
279 2487
280 2426
281 2425
282 2462
283 2469
284 2403
285 2412
286 2323
287 2418
288 2301
289 2366
290 2281
291 2282
292 2230
293 2251
294 2243
295 2309
296 2174
297 2162
298 2197
299 2137
300 2095
301 2115
302 2176
303 2109
304 2100
305 2102
306 2044
307 2094
308 2022
309 1935
310 1957
311 2007
312 1972
313 1932
314 1962
315 1895
316 1938
317 1868
318 1871
319 1853
320 1791
321 1905
322 1845
323 1786
324 1779
325 1801
326 1885
327 1803
328 1761
329 1772
330 1788
331 1829
332 1755
333 1732
334 1625
335 1755
336 1726
337 1728
338 1753
339 1625
340 1685
341 1614
342 1676
343 1631
344 1685
345 1557
346 1673
347 1637
348 1620
349 1564
350 1609
351 1565
352 1508
353 1495
354 1490
355 1491
356 1430
357 1478
358 1523
359 1429
360 1423
361 1455
362 1421
363 1377
364 1453
365 1413
366 1422
367 1380
368 1352
369 1361
370 1345
371 1280
372 1330
373 1397
374 1349
375 1320
376 1317
377 1239
378 1262
379 1288
380 1220
381 1254
382 1252
383 1273
384 1230
385 1214
386 1186
387 1237
388 1230
389 1180
390 1160
391 1213
392 1191
393 1184
394 1073
395 1101
396 1162
397 1187
398 1141
399 1085
400 1037
401 1077
402 997
403 1064
404 1111
405 1023
406 1099
407 1042
408 1076
409 1014
410 1025
411 1081
412 970
413 1068
414 981
415 1020
416 989
417 1032
418 1026
419 936
420 983
421 904
422 953
423 911
424 989
425 982
426 957
427 962
428 906
429 880
430 968
431 952
432 873
433 875
434 895
435 934
436 947
437 872
438 883
439 834
440 870
441 802
442 826
443 838
444 826
445 800
446 844
447 751
448 853
449 773
450 831
451 776
452 757
453 793
454 779
455 794
456 753
457 732
458 777
459 775
460 822
461 717
462 733
463 763
464 752
465 750
466 715
467 731
468 728
469 724
470 672
471 712
472 703
473 697
474 678
475 685
476 666
477 678
478 647
479 631
480 654
481 663
482 684
483 653
484 631
485 670
486 643
487 658
488 603
489 620
490 644
491 601
492 599
493 622
494 605
495 591
496 570
497 603
498 562
499 598
500 567
501 591
502 541
503 569
504 547
505 588
506 538
507 564
508 517
509 551
510 574
511 569
512 512
513 526
514 505
515 525
516 522
517 528
518 529
519 521
520 476
521 530
522 508
523 475
524 522
525 449
526 520
527 511
528 552
529 482
530 506
531 514
532 511
533 508
534 454
535 468
536 488
537 482
538 460
539 463
540 443
541 507
542 424
543 483
544 463
545 471
546 422
547 479
548 458
549 452
550 396
551 437
552 418
553 401
554 414
555 408
556 458
557 393
558 403
559 411
560 423
561 411
562 401
563 401
564 408
565 405
566 419
567 377
568 421
569 437
570 395
571 391
572 387
573 426
574 388
575 381
576 392
577 348
578 393
579 353
580 331
581 358
582 348
583 345
584 365
585 371
586 337
587 329
588 326
589 337
590 364
591 334
592 329
593 346
594 344
595 309
596 346
597 311
598 321
599 319
600 319
601 304
602 359
603 361
604 290
605 328
606 299
607 329
608 287
609 297
610 324
611 310
612 313
613 312
614 279
615 264
616 297
617 287
618 262
619 251
620 289
621 278
622 280
623 277
624 293
625 242
626 231
627 283
628 238
629 272
630 248
631 268
632 294
633 255
634 282
635 274
636 262
637 279
638 264
639 241
640 285
641 254
642 264
643 245
644 226
645 245
646 236
647 252
648 237
649 264
650 239
651 220
652 218
653 220
654 237
655 199
656 244
657 263
658 227
659 211
660 206
661 220
662 218
663 229
664 194
665 228
666 213
667 213
668 199
669 190
670 176
671 224
672 202
673 238
674 186
675 195
676 217
677 212
678 224
679 210
680 194
681 204
682 205
683 178
684 198
685 191
686 204
687 192
688 192
689 198
690 166
691 178
692 168
693 176
694 178
695 183
696 165
697 178
698 172
699 202
700 194
701 182
702 168
703 155
704 176
705 160
706 162
707 166
708 163
709 165
710 161
711 185
712 151
713 174
714 178
715 174
716 186
717 160
718 168
719 160
720 152
721 163
722 160
723 155
724 146
725 151
726 154
727 164
728 153
729 136
730 175
731 132
732 156
733 130
734 165
735 154
736 155
737 157
738 121
739 144
740 166
741 133
742 149
743 150
744 136
745 132
746 122
747 115
748 134
749 137
750 131
751 129
752 125
753 133
754 130
755 126
756 136
757 117
758 124
759 117
760 103
761 109
762 114
763 112
764 125
765 110
766 110
767 106
768 101
769 104
770 126
771 104
772 96
773 111
774 100
775 113
776 112
777 104
778 109
779 113
780 80
781 106
782 124
783 119
784 91
785 116
786 105
787 99
788 106
789 102
790 96
791 103
792 101
793 107
794 95
795 104
796 111
797 102
798 76
799 98
800 97
801 90
802 73
803 114
804 118
805 103
806 93
807 94
808 116
809 108
810 85
811 80
812 94
813 87
814 106
815 72
816 99
817 99
818 91
819 91
820 93
821 73
822 73
823 85
824 89
825 75
826 76
827 92
828 86
829 68
830 85
831 82
832 85
833 64
834 95
835 79
836 96
837 76
838 93
839 63
840 77
841 78
842 75
843 82
844 75
845 87
846 82
847 71
848 66
849 89
850 68
851 66
852 62
853 61
854 64
855 53
856 56
857 66
858 60
859 60
860 70
861 61
862 65
863 63
864 57
865 68
866 67
867 46
868 63
869 51
870 60
871 65
872 69
873 64
874 65
875 50
876 74
877 63
878 59
879 58
880 60
881 58
882 59
883 50
884 71
885 62
886 57
887 51
888 51
889 54
890 59
891 53
892 56
893 42
894 57
895 59
896 59
897 62
898 46
899 49
900 51
901 42
902 50
903 59
904 47
905 42
906 72
907 57
908 60
909 48
910 52
911 54
912 49
913 53
914 39
915 55
916 54
917 52
918 45
919 38
920 48
921 43
922 39
923 57
924 49
925 41
926 55
927 47
928 41
929 55
930 38
931 49
932 53
933 46
934 35
935 45
936 43
937 44
938 35
939 41
940 41
941 39
942 41
943 46
944 44
945 38
946 47
947 30
948 33
949 38
950 41
951 31
952 41
953 29
954 29
955 51
956 46
957 34
958 35
959 44
960 39
961 25
962 35
963 34
964 33
965 42
966 42
967 33
968 27
969 34
970 41
971 39
972 33
973 17
974 28
975 40
976 45
977 34
978 30
979 41
980 41
981 29
982 40
983 37
984 37
985 34
986 31
987 30
988 24
989 37
990 35
991 33
992 19
993 40
994 27
995 29
996 31
997 21
998 20
999 29
1000 31
1001 36
1002 27
1003 23
1004 24
1005 31
1006 30
1007 26
1008 29
1009 27
1010 30
1011 28
1012 21
1013 24
1014 28
1015 25
1016 30
1017 19
1018 32
1019 19
1020 22
1021 21
1022 24
1023 29
1024 21
1025 25
1026 22
1027 30
1028 24
1029 31
1030 20
1031 27
1032 26
1033 16
1034 22
1035 23
1036 24
1037 28
1038 20
1039 27
1040 17
1041 31
1042 18
1043 21
1044 23
1045 21
1046 16
1047 11
1048 17
1049 24
1050 18
1051 21
1052 15
1053 19
1054 21
1055 14
1056 24
1057 17
1058 14
1059 14
1060 12
1061 17
1062 17
1063 20
1064 24
1065 24
1066 21
1067 17
1068 13
1069 19
1070 17
1071 27
1072 14
1073 22
1074 13
1075 15
1076 17
1077 17
1078 18
1079 20
1080 22
1081 15
1082 14
1083 15
1084 18
1085 17
1086 13
1087 21
1088 15
1089 17
1090 12
1091 13
1092 10
1093 11
1094 12
1095 10
1096 15
1097 14
1098 13
1099 15
1100 12
1101 10
1102 17
1103 14
1104 11
1105 19
1106 16
1107 16
1108 12
1109 21
1110 13
1111 15
1112 11
1113 11
1114 16
1115 13
1116 5
1117 10
1118 10
1119 11
1120 14
1121 9
1122 9
1123 10
1124 13
1125 4
1126 8
1127 11
1128 18
1129 11
1130 18
1131 12
1132 16
1133 16
1134 10
1135 12
1136 14
1137 11
1138 14
1139 12
1140 11
1141 7
1142 5
1143 14
1144 8
1145 9
1146 7
1147 17
1148 7
1149 5
1150 10
1151 8
1152 11
1153 8
1154 9
1155 5
1156 6
1157 9
1158 13
1159 4
1160 10
1161 10
1162 10
1163 9
1164 8
1165 10
1166 9
1167 10
1168 6
1169 9
1170 5
1171 11
1172 5
1173 10
1174 10
1175 7
1176 7
1177 6
1178 7
1179 6
1180 7
1181 9
1182 12
1183 12
1184 6
1185 15
1186 6
1187 10
1188 6
1189 3
1190 5
1191 13
1192 5
1193 11
1194 13
1195 8
1196 11
1197 9
1198 11
1199 18
1200 0
1201 5
1202 11
1203 4
1204 5
1205 9
1206 8
1207 7
1208 9
1209 8
1210 7
1211 4
1212 5
1213 9
1214 7
1215 5
1216 7
1217 7
1218 5
1219 5
1220 6
1221 12
1222 2
1223 7
1224 5
1225 5
1226 1
1227 3
1228 3
1229 6
1230 7
1231 5
1232 6
1233 3
1234 6
1235 8
1236 6
1237 3
1238 5
1239 9
1240 4
1241 7
1242 9
1243 6
1244 7
1245 5
1246 6
1247 5
1248 6
1249 6
1250 10
1251 9
1252 5
1253 3
1254 7
1255 6
1256 6
1257 4
1258 7
1259 8
1260 4
1261 6
1262 2
1263 5
1264 3
1265 7
1266 7
1267 7
1268 7
1269 5
1270 5
1271 6
1272 4
1273 2
1274 4
1275 8
1276 3
1277 7
1278 6
1279 3
1280 3
1281 8
1282 6
1283 7
1284 3
1285 6
1286 4
1287 5
1288 3
1289 3
1290 5
1291 4
1292 1
1293 1
1294 4
1295 9
1296 5
1297 2
1298 6
1299 5
1300 4
1301 2
1302 6
1303 1
1304 4
1305 3
1306 2
1307 1
1308 1
1309 4
1310 9
1311 6
1312 3
1313 5
1314 4
1315 3
1316 3
1317 2
1318 0
1319 1
1320 3
1321 1
1322 4
1323 3
1324 5
1325 3
1326 3
1327 4
1328 1
1329 2
1330 0
1331 2
1332 2
1333 4
1334 4
1335 1
1336 2
1337 4
1338 7
1339 3
1340 2
1341 1
1342 7
1343 2
1344 1
1345 1
1346 3
1347 4
1348 5
1349 1
1350 1
1351 5
1352 4
1353 3
1354 6
1355 4
1356 1
1357 6
1358 5
1359 3
1360 2
1361 3
1362 1
1363 5
1364 0
1365 4
1366 3
1367 3
1368 3
1369 2
1370 1
1371 0
1372 0
1373 2
1374 4
1375 2
1376 1
1377 1
1378 3
1379 1
1380 1
1381 3
1382 1
1383 1
1384 0
1385 1
1386 5
1387 2
1388 2
1389 2
1390 3
1391 1
1392 3
1393 2
1394 1
1395 1
1396 2
1397 1
1398 1
1399 0
1400 3
1401 3
1402 0
1403 4
1404 4
1405 1
1406 3
1407 4
1408 1
1409 2
1410 3
1411 0
1412 5
1413 2
1414 1
1415 3
1416 2
1417 1
1418 2
1419 1
1420 3
1421 2
1422 0
1423 3
1424 2
1425 1
1426 0
1427 1
1428 1
1429 1
1430 2
1431 2
1432 0
1433 0
1434 1
1435 0
1436 2
1437 2
1438 3
1439 1
1440 3
1441 1
1442 1
1443 0
1444 1
1445 2
1446 2
1447 0
1448 1
1449 1
1450 1
1451 1
1452 1
1453 0
1454 3
1455 0
1456 3
1457 1
1458 0
1459 4
1460 0
1461 1
1462 3
1463 1
1464 0
1465 1
1466 0
1467 1
1468 2
1469 1
1470 1
1471 0
1472 2
1473 1
1474 3
1475 2
1476 1
1477 0
1478 0
1479 0
1480 1
1481 1
1482 1
1483 3
1484 0
1485 2
1486 0
1487 0
1488 0
1489 1
1490 0
1491 0
1492 0
1493 1
1494 2
1495 2
1496 1
1497 3
1498 0
1499 0
1500 1
1501 2
1502 0
1503 2
1504 2
1505 0
1506 1
1507 3
1508 1
1509 0
1510 1
1511 1
1512 0
1513 1
1514 0
1515 0
1516 1
1517 0
1518 1
1519 1
1520 1
1521 0
1522 1
1523 1
1524 0
1525 0
1526 0
1527 0
1528 0
1529 0
1530 0
1531 0
1532 0
1533 0
1534 0
1535 1
1536 0
1537 1
1538 0
1539 0
1540 0
1541 0
1542 0
1543 0
1544 1
1545 0
1546 0
1547 0
1548 0
1549 0
1550 2
1551 0
1552 0
1553 0
1554 1
1555 0
1556 0
1557 0
1558 1
1559 1
1560 0
1561 1
1562 2
1563 1
1564 1
1565 0
1566 0
1567 0
1568 2
1569 0
1570 1
1571 0
1572 0
1573 0
1574 0
1575 0
1576 0
1577 0
1578 0
1579 1
1580 0
1581 1
1582 0
1583 0
1584 0
1585 2
1586 0
1587 0
1588 0
1589 0
1590 0
1591 0
1592 0
1593 0
1594 0
1595 1
1596 0
1597 0
1598 0
1599 0
1600 0
1601 0
1602 0
1603 0
1604 0
1605 0
1606 0
1607 0
1608 0
1609 1
1610 0
1611 0
1612 1
1613 0
1614 0
1615 0
1616 0
1617 3
1618 0
1619 1
1620 2
1621 0
1622 1
1623 0
1624 0
1625 0
1626 0
1627 1
1628 1
1629 0
1630 0
1631 1
1632 0
1633 0
1634 0
1635 1
1636 0
1637 0
1638 0
1639 0
1640 1
1641 0
1642 0
1643 0
1644 1
1645 0
1646 0
1647 0
1648 0
1649 0
1650 0
1651 0
1652 0
1653 0
1654 0
1655 3
1656 0
1657 0
1658 0
1659 0
1660 0
1661 0
1662 0
1663 0
1664 0
1665 1
1666 0
1667 0
1668 0
1669 0
1670 1
1671 1
1672 0
1673 0
1674 0
1675 0
1676 0
1677 0
1678 0
1679 0
1680 0
1681 0
1682 0
1683 1
1684 0
1685 0
1686 0
1687 0
1688 1
1689 0
1690 0
1691 0
1692 1
1693 0
1694 0
1695 0
1696 0
1697 0
1698 0
1699 0
1700 0
1701 0
1702 0
1703 0
1704 0
1705 0
1706 1
1707 0
1708 0
1709 0
1710 0
1711 0
1712 0
1713 1
1714 0
1715 0
1716 0
1717 0
1718 0
1719 0
1720 0
1721 0
1722 0
1723 0
1724 0
1725 0
1726 0
1727 0
1728 0
1729 0
1730 1
1731 0
1732 0
1733 0
1734 0
1735 0
1736 0
1737 0
1738 0
1739 0
1740 0
1741 0
1742 0
1743 0
1744 0
1745 0
1746 0
1747 0
1748 0
1749 0
1750 0
1751 0
1752 0
1753 0
1754 0
1755 0
1756 0
1757 0
1758 0
1759 0
1760 0
1761 0
1762 0
1763 0
1764 0
1765 0
1766 0
1767 0
1768 0
1769 0
1770 0
1771 0
1772 0
1773 0
1774 0
1775 0
1776 0
1777 0
1778 0
1779 0
1780 0
1781 0
1782 0
1783 0
1784 0
1785 0
1786 0
1787 0
1788 0
1789 0
1790 0
1791 0
1792 0
1793 0
1794 0
1795 0
1796 0
1797 0
1798 0
1799 0
1800 0
1801 0
1802 0
1803 0
1804 0
1805 0
1806 0
1807 0
1808 0
1809 0
1810 0
1811 0
1812 0
1813 0
1814 0
1815 1
1816 0
1817 0
1818 1
1819 0
1820 0
1821 0
1822 0
1823 0
1824 0
1825 0
1826 0
1827 0
1828 0
1829 0
1830 0
1831 0
1832 0
1833 0
1834 0
1835 0
1836 0
1837 0
1838 0
1839 0
1840 0
1841 0
1842 0
1843 0
1844 0
1845 0
1846 0
1847 0
1848 0
1849 0
1850 0
1851 0
1852 0
1853 0
1854 0
1855 0
1856 0
1857 0
1858 0
1859 0
1860 0
1861 0
1862 0
1863 0
1864 0
1865 0
1866 0
1867 0
1868 0
1869 0
1870 0
1871 0
1872 0
1873 0
1874 0
1875 0
1876 0
1877 0
1878 0
1879 0
1880 0
1881 0
1882 0
1883 0
1884 0
1885 0
1886 0
1887 0
1888 0
1889 0
1890 0
1891 0
1892 0
1893 0
1894 0
1895 0
1896 0
1897 0
1898 0
1899 0
1900 0
1901 0
1902 0
1903 0
1904 0
1905 0
1906 0
1907 0
1908 0
1909 0
1910 0
1911 0
1912 0
1913 0
1914 0
1915 0
1916 0
1917 0
1918 0
1919 0
1920 0
1921 0
1922 0
1923 0
1924 0
1925 0
1926 0
1927 0
1928 0
1929 0
1930 0
1931 0
1932 0
1933 0
1934 0
1935 0
1936 0
1937 0
1938 0
1939 0
1940 0
1941 0
1942 0
1943 0
1944 0
1945 0
1946 0
1947 0
1948 0
1949 0
1950 0
1951 0
1952 0
1953 0
1954 0
1955 1
1956 0
1957 0
1958 0
1959 1
1960 0
1961 1
1962 1
