0 0.482
1 0.482
2 0.482
3 0.482
4 0.482
5 0.482
6 0.482
7 0.482
8 0.482
9 0.482
10 0.482
11 0.482
12 0.482
13 0.482
14 0.482
15 0.482
16 0.482
17 0.482
18 0.482
19 0.482
20 0.482
21 0.482
22 0.482
23 0.482
24 0.482
25 0.482
26 0.482
27 0.482
28 0.482
29 0.482
30 0.482
31 0.482
32 0.482
33 0.482
34 0.482
35 0.482
36 0.482
37 0.482
38 0.482
39 0.482
40 0.482
41 0.482
42 0.482
43 0.482
44 0.482
45 0.482
46 0.482
47 0.482
48 0.482
49 0.482
50 0.482
51 0.482
52 0.482
53 0.482
54 0.482
55 0.482
56 0.482
57 0.482
58 0.482
59 0.482
60 0.482
61 0.482
62 0.482
63 0.482
64 0.482
65 0.482
66 0.482
67 0.482
68 0.482
69 0.482
70 0.482
71 0.482
72 0.482
73 0.482
74 0.482
75 0.482
76 0.482
77 0.482
78 0.482
79 0.482
80 0.482
81 0.482
82 0.482
83 0.482
84 0.482
85 0.482
86 0.482
87 0.482
88 0.482
89 0.482
90 0.482
91 0.482
