2 0.7496914983438332
3 0.695939253879168
4 0.6740674955595026
5 0.6576914071645985
6 0.6315013404825738
7 0.6076547953302793
8 0.6104324859689667
9 0.6101392359871475
10 0.5851291011454086
11 0.5800167574361123
12 0.5703568992952944
13 0.5653436592449177
14 0.5611857106663288
15 0.5597098214285714
16 0.5586267093395403
17 0.5569427527405603
18 0.5657306955966815
19 0.55814706835115
20 0.5515603799185889
21 0.5221621621621622
22 0.5340579710144927
23 0.5086505190311419
24 0.5290116046418567
25 0.5403361344537815
26 0.5233139050791007
27 0.5414266725742135
28 0.5106190691369182
29 0.537124060150376
30 0.5222594542843466
31 0.5268245529241179
32 0.5160804020100502
33 0.5095381526104418
34 0.5054659031754295
35 0.5104510451045104
36 0.528957528957529
37 0.5203116304952699
38 0.49268578115857226
39 0.5179941002949853
40 0.5173652694610779
41 0.5315533980582524
42 0.5151155898043864
43 0.5064432989690721
44 0.520253164556962
45 0.5114453891432309
46 0.5113031914893617
47 0.5096774193548387
48 0.5296735905044511
49 0.5073313782991202
50 0.517115804806992
51 0.5286343612334802
52 0.5171898355754858
53 0.5109546165884195
54 0.5275128393250184
55 0.48032128514056227
56 0.48896434634974534
57 0.4927536231884058
58 0.5101543460601138
59 0.48960931005818786
60 0.49245785270629994
61 0.4963898916967509
62 0.5018450184501845
63 0.5078776645041705
64 0.5045871559633027
65 0.5029527559055118
66 0.5094339622641509
67 0.5089285714285714
68 0.5004965243296922
69 0.5126315789473684
70 0.5267406659939455
71 0.4695378151260504
72 0.4882943143812709
73 0.4946236559139785
74 0.5011467889908257
75 0.5042016806722689
76 0.4885954381752701
77 0.49339735894357745
78 0.5
79 0.5165094339622641
80 0.4705188679245283
81 0.4781523096129838
82 0.5104712041884817
83 0.4827586206896552
84 0.49024707412223667
85 0.4750337381916329
86 0.5050651230101303
87 0.5358126721763086
88 0.4957865168539326
89 0.47586206896551725
90 0.49786628733997157
91 0.4956772334293948
92 0.4492131616595136
93 0.46496815286624205
94 0.5189274447949527
95 0.4954682779456193
96 0.509090909090909
97 0.46439169139465875
98 0.48914858096828046
