-543 1
-542 0
-541 0
-540 0
-539 0
-538 0
-537 0
-536 0
-535 0
-534 0
-533 0
-532 0
-531 1
-530 0
-529 0
-528 0
-527 0
-526 0
-525 0
-524 0
-523 1
-522 0
-521 0
-520 0
-519 0
-518 0
-517 0
-516 0
-515 0
-514 0
-513 0
-512 0
-511 0
-510 0
-509 1
-508 0
-507 0
-506 0
-505 1
-504 0
-503 1
-502 1
-501 0
-500 0
-499 0
-498 2
-497 0
-496 0
-495 0
-494 0
-493 0
-492 0
-491 0
-490 0
-489 0
-488 0
-487 0
-486 0
-485 0
-484 0
-483 0
-482 0
-481 0
-480 0
-479 0
-478 0
-477 0
-476 0
-475 1
-474 0
-473 0
-472 0
-471 0
-470 0
-469 0
-468 0
-467 0
-466 0
-465 0
-464 0
-463 0
-462 0
-461 0
-460 0
-459 0
-458 1
-457 0
-456 0
-455 0
-454 0
-453 0
-452 0
-451 0
-450 0
-449 0
-448 0
-447 0
-446 0
-445 0
-444 0
-443 0
-442 0
-441 0
-440 0
-439 0
-438 0
-437 1
-436 0
-435 0
-434 0
-433 0
-432 0
-431 0
-430 0
-429 0
-428 0
-427 0
-426 0
-425 0
-424 0
-423 0
-422 1
-421 0
-420 0
-419 0
-418 0
-417 0
-416 0
-415 1
-414 0
-413 0
-412 0
-411 0
-410 1
-409 0
-408 0
-407 0
-406 0
-405 0
-404 1
-403 0
-402 0
-401 0
-400 0
-399 0
-398 0
-397 0
-396 0
-395 0
-394 0
-393 0
-392 0
-391 0
-390 0
-389 0
-388 0
-387 1
-386 1
-385 0
-384 0
-383 0
-382 1
-381 1
-380 0
-379 1
-378 0
-377 1
-376 0
-375 2
-374 0
-373 1
-372 0
-371 0
-370 0
-369 0
-368 0
-367 0
-366 1
-365 0
-364 1
-363 0
-362 1
-361 1
-360 0
-359 0
-358 0
-357 0
-356 0
-355 1
-354 0
-353 0
-352 1
-351 0
-350 1
-349 0
-348 1
-347 0
-346 3
-345 0
-344 0
-343 1
-342 1
-341 0
-340 0
-339 2
-338 1
-337 1
-336 0
-335 0
-334 1
-333 1
-332 1
-331 0
-330 1
-329 0
-328 1
-327 0
-326 1
-325 2
-324 1
-323 0
-322 2
-321 1
-320 1
-319 0
-318 0
-317 1
-316 0
-315 0
-314 1
-313 0
-312 0
-311 0
-310 1
-309 0
-308 2
-307 0
-306 0
-305 0
-304 0
-303 0
-302 0
-301 1
-300 1
-299 4
-298 3
-297 2
-296 1
-295 0
-294 0
-293 1
-292 2
-291 0
-290 1
-289 0
-288 2
-287 2
-286 1
-285 1
-284 2
-283 3
-282 3
-281 0
-280 1
-279 1
-278 0
-277 1
-276 0
-275 0
-274 0
-273 2
-272 1
-271 4
-270 1
-269 3
-268 1
-267 0
-266 3
-265 2
-264 3
-263 0
-262 1
-261 1
-260 3
-259 3
-258 1
-257 1
-256 4
-255 2
-254 1
-253 3
-252 4
-251 1
-250 3
-249 0
-248 0
-247 1
-246 0
-245 1
-244 3
-243 2
-242 1
-241 3
-240 6
-239 2
-238 6
-237 4
-236 0
-235 5
-234 0
-233 1
-232 2
-231 2
-230 3
-229 0
-228 6
-227 2
-226 4
-225 1
-224 6
-223 3
-222 4
-221 6
-220 7
-219 4
-218 8
-217 6
-216 5
-215 5
-214 6
-213 7
-212 4
-211 3
-210 4
-209 3
-208 4
-207 2
-206 5
-205 4
-204 1
-203 5
-202 4
-201 6
-200 3
-199 7
-198 6
-197 7
-196 4
-195 8
-194 13
-193 9
-192 11
-191 15
-190 7
-189 14
-188 8
-187 8
-186 6
-185 8
-184 10
-183 5
-182 11
-181 12
-180 14
-179 7
-178 8
-177 13
-176 7
-175 10
-174 13
-173 13
-172 12
-171 10
-170 10
-169 13
-168 17
-167 8
-166 13
-165 11
-164 18
-163 17
-162 14
-161 14
-160 22
-159 14
-158 16
-157 17
-156 19
-155 19
-154 21
-153 16
-152 25
-151 20
-150 32
-149 20
-148 23
-147 28
-146 25
-145 26
-144 15
-143 21
-142 21
-141 20
-140 23
-139 22
-138 35
-137 32
-136 33
-135 37
-134 27
-133 39
-132 39
-131 35
-130 32
-129 37
-128 39
-127 42
-126 49
-125 46
-124 31
-123 39
-122 49
-121 48
-120 41
-119 58
-118 53
-117 37
-116 58
-115 49
-114 58
-113 51
-112 63
-111 64
-110 69
-109 67
-108 83
-107 72
-106 79
-105 72
-104 91
-103 74
-102 79
-101 85
-100 108
-99 95
-98 98
-97 115
-96 109
-95 104
-94 114
-93 112
-92 134
-91 120
-90 154
-89 149
-88 164
-87 183
-86 177
-85 159
-84 187
-83 186
-82 175
-81 170
-80 201
-79 208
-78 215
-77 238
-76 241
-75 261
-74 246
-73 275
-72 287
-71 313
-70 324
-69 347
-68 374
-67 364
-66 419
-65 417
-64 413
-63 434
-62 446
-61 483
-60 497
-59 517
-58 580
-57 589
-56 639
-55 641
-54 719
-53 747
-52 784
-51 810
-50 899
-49 904
-48 1015
-47 1039
-46 1095
-45 1192
-44 1330
-43 1371
-42 1452
-41 1543
-40 1619
-39 1899
-38 1993
-37 2129
-36 2315
-35 2508
-34 2672
-33 3041
-32 3153
-31 3482
-30 3879
-29 4180
-28 4658
-27 5056
-26 5666
-25 6361
-24 7099
-23 7991
-22 9031
-21 10145
-20 11440
-19 13326
-18 15143
-17 17439
-16 20328
-15 23937
-14 28557
-13 34243
-12 41393
-11 50829
-10 63745
-9 82177
-8 107080
-7 144588
-6 201431
-5 297612
-4 467692
-3 811453
-2 1690784
-1 7030290
0 149686319
1 788080637
2 150232701
3 6564678
4 1634828
5 799539
6 463021
7 294480
8 199943
9 143508
10 105700
11 81907
12 63713
13 51030
14 41417
15 33873
16 28267
17 24108
18 20221
19 17373
20 15024
21 13340
22 11602
23 10182
24 9082
25 7904
26 6919
27 6423
28 5704
29 5000
30 4712
31 4182
32 3885
33 3470
34 3122
35 2923
36 2721
37 2434
38 2386
39 2146
40 2025
41 1778
42 1679
43 1537
44 1438
45 1377
46 1332
47 1153
48 1155
49 1041
50 1004
51 949
52 872
53 849
54 776
55 733
56 688
57 628
58 615
59 617
60 582
61 560
62 493
63 479
64 445
65 478
66 376
67 424
68 394
69 372
70 377
71 365
72 312
73 296
74 299
75 245
76 266
77 266
78 264
79 234
80 204
81 235
82 194
83 160
84 196
85 155
86 180
87 162
88 186
89 157
90 166
91 154
92 133
93 136
94 128
95 117
96 112
97 114
98 103
99 91
100 97
101 106
102 100
103 87
104 88
105 82
106 69
107 82
108 80
109 70
110 81
111 51
112 83
113 62
114 74
115 56
116 56
117 41
118 61
119 51
120 50
121 39
122 40
123 40
124 50
125 39
126 41
127 49
128 47
129 34
130 28
131 38
132 43
133 39
134 40
135 43
136 30
137 36
138 26
139 29
140 32
141 24
142 24
143 22
144 22
145 32
146 27
147 25
148 19
149 21
150 26
151 21
152 27
153 19
154 28
155 19
156 14
157 16
158 26
159 20
160 18
161 16
162 17
163 20
164 12
165 16
166 12
167 10
168 19
169 12
170 8
171 12
172 11
173 13
174 13
175 9
176 10
177 7
178 9
179 15
180 17
181 8
182 9
183 12
184 9
185 17
186 6
187 4
188 12
189 7
190 11
191 10
192 9
193 11
194 7
195 4
196 11
197 8
198 8
199 4
200 9
201 5
202 5
203 2
204 4
205 8
206 4
207 7
208 4
209 6
210 2
211 2
212 5
213 7
214 7
215 8
216 4
217 4
218 4
219 5
220 2
221 6
222 8
223 5
224 5
225 5
226 5
227 3
228 2
229 3
230 2
231 1
232 3
233 1
234 0
235 4
236 1
237 2
238 2
239 2
240 7
241 2
242 4
243 4
244 1
245 0
246 1
247 1
248 2
249 2
250 1
251 3
252 4
253 2
254 3
255 1
256 2
257 0
258 0
259 5
260 2
261 0
262 2
263 2
264 1
265 2
266 2
267 1
268 1
269 3
270 0
271 3
272 1
273 5
274 0
275 1
276 1
277 2
278 0
279 1
280 0
281 2
282 0
283 1
284 3
285 3
286 0
287 2
288 3
289 3
290 0
291 0
292 0
293 0
294 1
295 0
296 3
297 2
298 2
299 2
300 0
301 0
302 1
303 0
304 0
305 1
306 0
307 1
308 1
309 0
310 2
311 1
312 0
313 0
314 0
315 3
316 0
317 0
318 0
319 1
320 2
321 0
322 1
323 1
324 1
325 1
326 0
327 2
328 1
329 0
330 1
331 0
332 2
333 0
334 0
335 0
336 0
337 1
338 0
339 1
340 1
341 1
342 1
343 1
344 0
345 0
346 0
347 0
348 2
349 0
350 1
351 1
352 0
353 1
354 1
355 0
356 0
357 0
358 0
359 0
360 1
361 0
362 0
363 0
364 1
365 0
366 0
367 0
368 1
369 0
370 1
371 0
372 1
373 0
374 1
375 0
376 0
377 1
378 0
379 0
380 0
381 1
382 0
383 0
384 2
385 0
386 1
387 0
388 1
389 0
390 0
391 0
392 1
393 0
394 0
395 0
396 0
397 0
398 0
399 0
400 0
401 0
402 0
403 0
404 0
405 0
406 0
407 1
408 0
409 0
410 0
411 0
412 0
413 1
414 0
415 0
416 0
417 0
418 0
419 1
420 0
421 0
422 0
423 0
424 0
425 0
426 0
427 0
428 0
429 0
430 0
431 0
432 0
433 0
434 1
435 0
436 0
437 0
438 1
439 0
440 0
441 0
442 0
443 0
444 0
445 0
446 0
447 0
448 0
449 0
450 0
451 0
452 0
453 0
454 0
455 0
456 0
457 0
458 0
459 0
460 1
461 0
462 0
463 0
464 0
465 0
466 0
467 0
468 0
469 0
470 0
471 0
472 0
473 0
474 0
475 0
476 0
477 0
478 0
479 0
480 0
481 0
482 0
483 1
484 0
485 0
486 0
487 0
488 0
489 1
490 0
491 0
492 0
493 0
494 0
495 0
496 0
497 0
498 1
499 1
500 0
501 0
502 0
503 1
504 0
505 0
506 1
507 0
508 0
509 1
510 0
511 0
512 0
513 0
514 0
515 0
516 0
517 0
518 0
519 0
520 0
521 0
522 0
523 0
524 0
525 0
526 0
527 1
528 0
529 0
530 0
531 0
532 0
533 0
534 0
535 0
536 1
537 0
538 0
539 0
540 0
541 0
542 1
