2 0.870733944200639
3 0.8441372593453326
4 0.8211634542850583
5 0.8023688773399404
6 0.7861981715943425
7 0.7724926798328309
8 0.7625944584382871
9 0.7513412036027928
10 0.7418500212815858
11 0.7345305813452216
12 0.7252114337340326
13 0.7172493619041966
14 0.7120170860676208
15 0.7092958308398165
16 0.7020523708421798
17 0.6951396070320579
18 0.6911192426090492
19 0.6874634431663093
20 0.6831406054356632
21 0.6825790200698789
22 0.66942520464154
23 0.6721781083525983
24 0.6674016095248595
25 0.6642340132798947
26 0.6618984838497034
27 0.6561099060014461
28 0.658781417788499
29 0.6513448247147973
30 0.6459517045454546
31 0.6408278824563116
32 0.6497617787188988
33 0.6382859070970645
34 0.6491655500060909
35 0.6330981398332264
36 0.6388389771941949
37 0.6342035787621003
38 0.6276144047806259
39 0.6234893617021277
40 0.6292485761528569
41 0.625487900078064
42 0.6303327209634619
43 0.632583792957149
44 0.6345718169460807
45 0.6165689149560117
46 0.6361290322580645
47 0.6235955056179775
48 0.6274725274725275
49 0.6164747564216121
50 0.6206792906522393
51 0.6072343149807938
52 0.6066555740432612
53 0.599509460406447
54 0.6176040905770636
55 0.6116878123798539
56 0.6147117296222664
57 0.6251046025104603
58 0.6114704614057783
59 0.6185661764705882
60 0.6062378167641326
61 0.6151936444885799
62 0.596875
63 0.6048387096774194
64 0.6127002288329519
65 0.5983516483516483
66 0.5965317919075145
67 0.5953259532595326
68 0.6085295989815405
69 0.5917400135409614
70 0.6078853046594982
71 0.5998563218390804
72 0.5939572586588062
73 0.5670498084291188
74 0.587288817377313
75 0.600166251039069
76 0.5939655172413794
77 0.5879671832269827
78 0.5774509803921568
79 0.6096579476861167
80 0.5644104803493449
81 0.5789473684210527
82 0.5790080738177624
83 0.5847953216374269
84 0.5681265206812652
85 0.6134663341645885
86 0.6113636363636363
87 0.5548996458087367
88 0.6077922077922078
89 0.5941101152368758
90 0.55420054200542
91 0.5845481049562682
92 0.5780780780780781
93 0.5555555555555556
94 0.5785953177257525
95 0.5628415300546448
96 0.6066536203522505
97 0.6033210332103321
98 0.6183745583038869
99 0.5970149253731343
100 0.5643939393939394
101 0.607645875251509
102 0.5431034482758621
103 0.6013824884792627
104 0.5915789473684211
105 0.5843881856540084
106 0.5732217573221757
107 0.5694760820045558
108 0.5966587112171837
109 0.5682926829268292
110 0.5714285714285714
111 0.581081081081081
112 0.5969773299748111
113 0.553475935828877
114 0.5570652173913043
115 0.5489614243323442
116 0.5877192982456141
117 0.5506329113924051
118 0.5268456375838926
119 0.5413533834586466
120 0.5783582089552238
121 0.5729166666666666
122 0.6014492753623188
123 0.5910931174089069
124 0.5588235294117647
125 0.5743801652892562
126 0.5336134453781513
127 0.6
128 0.576036866359447
129 0.6076555023923444
130 0.6368159203980099
131 0.5742574257425742
132 0.5714285714285714
133 0.6177777777777778
134 0.5321100917431193
135 0.5748792270531401
136 0.5528846153846154
137 0.5495049504950495
138 0.5483870967741935
139 0.5886524822695035
140 0.6
141 0.5703703703703704
142 0.6242038216560509
143 0.5688622754491018
144 0.5521472392638037
145 0.5740740740740741
146 0.5562913907284768
147 0.5796178343949044
148 0.5792682926829268
149 0.527027027027027
150 0.564935064935065
151 0.5859375
152 0.6558441558441559
153 0.5177304964539007
154 0.5614035087719298
155 0.6324786324786325
156 0.6031746031746031
157 0.591304347826087
158 0.5862068965517241
159 0.5178571428571429
160 0.5045871559633027
161 0.5929203539823009
162 0.5655737704918032
163 0.525
164 0.46236559139784944
165 0.5487804878048781
166 0.6385542168674698
167 0.6739130434782609
168 0.5714285714285714
169 0.53
170 0.5232558139534884
171 0.5866666666666667
172 0.547945205479452
173 0.42424242424242425
174 0.6
175 0.625
176 0.6885245901639344
177 0.6190476190476191
178 0.6046511627906976
179 0.5384615384615384
180 0.5102040816326531
181 0.5116279069767442
182 0.5223880597014925
183 0.6571428571428571
184 0.42105263157894735
185 0.49019607843137253
186 0.7285714285714285
187 0.5232558139534884
188 0.5647058823529412
189 0.5
190 0.52
191 0.6022727272727273
192 0.4675324675324675
193 0.5357142857142857
194 0.5862068965517241
195 0.5714285714285714
196 0.5333333333333333
197 0.5869565217391305
198 0.5849056603773585
199 0.5185185185185185
200 0.4523809523809524
201 0.6
202 0.5641025641025641
203 0.7906976744186046
204 0.5813953488372093
205 0.575
206 0.6
207 0.5641025641025641
208 0.45714285714285713
209 0.5333333333333333
210 0.6470588235294118
211 0.47540983606557374
212 0.48214285714285715
213 0.5
214 0.5
215 0.5111111111111111
216 0.3888888888888889
217 0.6333333333333333
218 0.5641025641025641
219 0.5476190476190477
220 0.5142857142857142
221 0.46153846153846156
222 0.5
223 0.6071428571428571
224 0.3793103448275862
225 0.42105263157894735
226 0.6785714285714286
227 0.46875
228 0.4583333333333333
229 0.5
230 0.5789473684210527
231 0.5
232 0.4
233 0.38461538461538464
234 0.5714285714285714
235 0.36363636363636365
236 0.8666666666666667
237 0.5416666666666666
238 0.6153846153846154
239 0.7037037037037037
240 0.5142857142857142
241 0.48
242 0.47368421052631576
243 0.5
244 0.4375
245 0.7692307692307693
246 0.875
247 0.5238095238095238
248 0.4666666666666667
249 0.5333333333333333
250 0.65
251 0.47058823529411764
252 0.5
253 0.5625
254 0.5294117647058824
255 0.375
256 0.6666666666666666
257 0.5217391304347826
258 0.5238095238095238
259 0.5454545454545454
260 0.4117647058823529
261 0.5
262 0.8333333333333334
263 0.42857142857142855
264 0.6
265 0.625
266 0.6842105263157895
267 0.35714285714285715
268 0.5714285714285714
269 0.8333333333333334
270 0.5
271 0.7777777777777778
272 0.5625
273 0.6
274 0.6666666666666666
275 0.38461538461538464
276 0.3333333333333333
277 0.2857142857142857
278 0.5
279 0.7272727272727273
280 0.5
281 0.6428571428571429
282 0.631578947368421
283 0.4375
284 0.7692307692307693
285 0.631578947368421
286 0.4583333333333333
287 0.5
288 0.3333333333333333
289 0.875
290 0.25
291 0.3333333333333333
292 1.0
293 0.5714285714285714
294 0.5
295 0.875
296 0.5625
297 0.4090909090909091
298 0.375
299 0.5
300 0.3
301 0.6666666666666666
302 1.0
303 1.0
304 1.0
305 1.0
306 0.5
307 0.7142857142857143
308 0.625
309 0.4
310 0.5
311 0.5
312 0.5714285714285714
313 0.7
314 0.2222222222222222
315 0.8
316 0.7777777777777778
317 0.6666666666666666
318 0.5625
319 0.3
320 0.6363636363636364
321 0.0
322 0.5
323 1.0
324 1.0
325 0.8333333333333334
326 0.5
327 1.0
328 0.6666666666666666
329 0.75
330 0.5714285714285714
331 0.5
332 0.5
333 0.5
334 0.6363636363636364
335 0.3333333333333333
336 0.6666666666666666
337 0.4
338 0.8
339 0.5714285714285714
340 0.6666666666666666
341 0.5
342 0.5
343 0.25
344 0.25
345 0.3333333333333333
346 0.6666666666666666
347 0.0
348 1.0
349 0.7142857142857143
350 0.2
351 0.6666666666666666
352 0.375
353 0.3333333333333333
354 0.5
355 0.0
356 0
357 1.0
358 1.0
359 0.5
360 0.6666666666666666
361 0.75
362 0.5
363 1.0
364 0.6666666666666666
365 0.5714285714285714
366 0.6666666666666666
367 0.5
368 0.8333333333333334
369 0.6666666666666666
370 0.7142857142857143
371 0.4
372 0.6666666666666666
373 0.38461538461538464
374 0.23076923076923078
375 0.5833333333333334
376 0.36363636363636365
377 0.5833333333333334
378 0.36363636363636365
379 0.6
380 0.5
381 0.4444444444444444
382 0.75
383 0.5714285714285714
384 0.25
385 1.0
386 0.6666666666666666
387 0.5
388 0.5
389 0.5714285714285714
390 0.4
391 0.0
392 0
393 0
394 0
395 0
396 0
397 0
398 0
399 0
400 0
401 0
402 0
403 1.0
404 0.0
405 1.0
406 0
407 1.0
408 0.5
409 0.0
410 1.0
411 0.6
412 0.5
413 0.6
414 0.3333333333333333
415 0.5
416 0.5
417 1.0
418 0
419 0
420 0
421 1.0
422 0.5
423 1.0
424 1.0
425 0
426 0
427 0
428 0
429 0
430 0
431 0
432 1.0
433 0.0
434 0
435 0
436 0.5
437 0.0
438 0
439 0
440 0
441 0
442 0
443 0
444 0
445 0
446 0
447 0
448 0
449 0
450 0
451 0
452 0
453 0
454 0
455 0
456 1.0
457 1.0
458 0.6666666666666666
459 0.0
460 0
461 0
462 0
463 0
464 0
465 0
466 0
467 0
468 0
469 0
470 1.0
471 0.3333333333333333
472 0.0
473 1.0
474 0.0
475 0.5
476 0.5
477 0.5
478 0.5
479 1.0
480 0.5
481 0.5
482 0
483 0
484 0
485 0
486 1.0
487 0.75
488 0.0
489 0.0
490 0.0
491 0
492 0
493 0
494 0
495 0
496 1.0
497 0.75
498 0.4166666666666667
