2 0.6726907981353251
3 0.6276783785152862
4 0.6002792089728901
5 0.5815369639918739
6 0.5684102626379482
7 0.5581899152665768
8 0.5505124113092799
9 0.5440852606573492
10 0.5391190030541475
11 0.5349211909579753
12 0.5311833229720848
13 0.5283888378596118
14 0.525846737844968
15 0.5237203089677458
16 0.5219301692331267
17 0.5203652306030268
18 0.5188537642695162
19 0.5177603330553915
20 0.5164910957708314
21 0.5156597968960006
22 0.5148639008640936
23 0.5139837938483509
24 0.5131703357943151
25 0.5126797457819118
26 0.5115057684074704
27 0.511661521415067
28 0.5113285732350275
29 0.5104258579540816
30 0.5104965295105022
31 0.5099195448940086
32 0.5095266784847117
33 0.5093768360955977
34 0.5087354805893454
35 0.5085080181442219
36 0.5084936021040644
37 0.5075011403625698
38 0.5081833582673319
39 0.5075807655694345
40 0.5076819762664373
41 0.5067023513300485
42 0.5069845453823851
43 0.5070642466467711
44 0.5073089304681085
45 0.5066141659057861
46 0.5068087207456181
47 0.5062730228980853
48 0.5062423406508003
49 0.5059830086272178
50 0.5065035755312264
51 0.5057083550867741
52 0.5052136581635621
53 0.5060548415781445
54 0.5060341823776016
55 0.5047273233619441
56 0.5053541561085464
57 0.5055874679178911
58 0.5052177555400686
59 0.5050314317447621
60 0.5052028905931738
61 0.5050386162343478
62 0.5048109936054277
63 0.5042149848823941
64 0.5049252292099295
65 0.504557018528956
66 0.5042562129015867
67 0.5045462792642758
68 0.5040470541105705
69 0.5038562129154905
70 0.5054641680143431
71 0.5050658444124171
72 0.5038394672337532
73 0.5053217357300682
74 0.5042300014836195
75 0.5044791721289843
76 0.5039162660431955
77 0.504156163097902
78 0.5041380167080302
79 0.5040467936729733
80 0.5041562985275684
81 0.5033265606189659
82 0.5041340072671802
83 0.5039100218560448
84 0.5030421833454435
85 0.5038197889053326
86 0.5043777393143504
87 0.5042095269233671
88 0.5041196472213367
89 0.5028190920055488
90 0.5035474884175926
91 0.5037446742410794
92 0.5033481388717459
93 0.5027391024893237
94 0.5032959766114437
95 0.5030818981760627
96 0.5036425188450381
97 0.5038910364559254
98 0.5028278491683085
99 0.5030955505263118
100 0.5032625833534184
101 0.5030555258861407
102 0.5039246528488999
103 0.5034258784077599
104 0.5031701629236358
105 0.5043795922895651
106 0.50324973149693
107 0.5029455756154234
108 0.5029774419395352
109 0.5042764672198331
110 0.502918228523784
111 0.5028731622908776
112 0.5034632425026109
113 0.5029813945697182
114 0.503203832968239
115 0.5039161150693673
116 0.5032929291083972
117 0.5034568292574088
118 0.5040442913630598
119 0.502526833385894
120 0.5037445820875173
121 0.5044715029895558
122 0.5031566105994809
123 0.5024937452231796
124 0.503239616065063
125 0.5024738152451053
126 0.5029837749880649
127 0.5028060454596319
128 0.5036481362335903
129 0.5029228624132884
130 0.5039196802030368
131 0.5027195082097528
132 0.5028255942307589
133 0.5031782542207108
134 0.5025770903116291
135 0.5023768509016273
136 0.5028146997067828
137 0.5032176401731757
138 0.5018666234917813
139 0.5030965536732809
140 0.5027618603156631
141 0.5032554939480087
142 0.5020993333593232
143 0.5017406799863106
144 0.5029917096248026
145 0.5024586792868936
146 0.5023072913627006
147 0.502747722095672
148 0.5035476268130434
149 0.5023610621584911
150 0.5024931093660617
151 0.5035957182937808
152 0.5032830598328433
153 0.5024401362471536
154 0.5031544554668271
155 0.5029275915507265
156 0.5027265000108972
157 0.5028557745959079
158 0.5031164981973414
159 0.5038790699121515
160 0.5024393187339232
161 0.5028796207802654
162 0.5034554022596945
163 0.5025001143693673
164 0.5030539794032337
165 0.5017383199347547
166 0.5031194181143966
167 0.5035847696750154
168 0.5017246726436378
169 0.5028280232915665
170 0.5017287837088829
171 0.5016349591018366
172 0.5027597651823639
173 0.5037159555068397
174 0.5024413145539907
175 0.5027373510997908
176 0.5019922613606481
177 0.5026173394329014
178 0.5020236446905953
179 0.5031114864000409
180 0.5031031607982791
181 0.5030929757846418
182 0.5030611634242359
183 0.5031473935278359
184 0.5028273001786495
185 0.5035614428627622
186 0.5021596339440498
187 0.5041462485172801
188 0.5023174218140865
189 0.5019877192217084
190 0.5030919745838043
191 0.5021751251801103
192 0.5020903161203287
193 0.5018200859080548
194 0.5039445407668007
195 0.5007408957486158
196 0.503246854920672
197 0.5032856237546887
198 0.503152121105844
199 0.5034876384201722
200 0.5032268750308739
201 0.5020723722670408
202 0.5024608974415482
203 0.5026534828807556
204 0.502633516620548
205 0.5029303538175046
206 0.5034960200081764
207 0.5043570259492469
208 0.5025361388456716
209 0.502423327385582
210 0.5021195942666511
211 0.5022519885891029
212 0.5017315575986184
213 0.5021441889372281
214 0.5033764560966917
215 0.5011691936335521
216 0.5030755322915086
217 0.5022108595390501
218 0.5016493550782607
219 0.5028206369925179
220 0.5021369379466716
221 0.5015217524896259
222 0.5019919280495392
223 0.5019979971098361
224 0.5023644388398487
225 0.5020655967426365
226 0.5023660849004984
227 0.5032717211953532
228 0.502263733315447
229 0.5039787173140712
230 0.5021147443358688
231 0.502626018303993
232 0.5022464665486291
233 0.5014488280781167
234 0.5031949046689996
235 0.5017289574490112
236 0.5016777533719893
237 0.5023267614053013
238 0.5005456071628428
239 0.5015883637388181
240 0.5022067314163461
241 0.5013877684470143
242 0.5016311696487977
243 0.502868082595021
244 0.5016579015806051
245 0.5024925296462706
246 0.5021698743069465
247 0.5021586990824616
248 0.502605765576119
249 0.5031160370325486
250 0.5007235086654503
251 0.502696220821975
252 0.5017816214437677
253 0.502707746967136
254 0.5027647553792524
255 0.5015680369535929
256 0.5007241211974159
257 0.5019581621931417
258 0.5008944955889466
259 0.5002369677377094
260 0.5020620676544417
261 0.5032129231773362
262 0.5041490229594809
263 0.5024488204328329
264 0.5038732421890267
265 0.5023756731073804
266 0.5012628050795449
267 0.5004849123001469
268 0.5018257277969551
269 0.5014732021329404
270 0.5024533896095038
271 0.5037127221003399
272 0.5005629108341169
273 0.5033053457728504
274 0.5009822141797493
275 0.5022633162199541
276 0.5009911636630783
277 0.5008433233124255
278 0.5019561944779897
279 0.5024405467823482
280 0.503483790263734
281 0.5018898780966049
282 0.5038962019898535
283 0.5043777400205567
284 0.5019326966803093
285 0.5035747276247359
286 0.5018282773564464
287 0.5022757776808661
288 0.5032637437035081
289 0.50416601029475
290 0.5019247878456063
291 0.501751752824889
292 0.5000453851905962
293 0.5023181371397754
294 0.5017385727561068
295 0.5022450401040822
296 0.50218866800163
297 0.5001122393735723
298 0.5005665822695161
299 0.5016206987012178
300 0.5028342393972667
301 0.5043289753045033
302 0.5022212260450521
303 0.5016675443215728
304 0.5035119713986493
305 0.49922881984412604
306 0.503444647758463
307 0.5024323335771763
308 0.5038419972890794
309 0.5032696188571664
310 0.502040591473128
311 0.5023767779817865
312 0.5032379091173068
313 0.5024915712644956
314 0.5026751888436956
315 0.5015882598801839
316 0.5019739973680035
317 0.5027489995137824
318 0.5026060497919855
319 0.5019569241203261
320 0.5013344457665123
321 0.5010039300769838
322 0.5028550202161148
323 0.5034997289612082
324 0.5027944939178661
325 0.5007071122110635
326 0.5018891113255465
327 0.5020852195018589
328 0.501755201448707
329 0.5034003713021266
330 0.5021341626635908
331 0.5027137075264397
332 0.5028122257037919
333 0.5021413117937245
334 0.5017128959063518
335 0.502185044910697
336 0.5019978907027525
337 0.5010484055292213
338 0.5027504725426535
339 0.5023693839601704
340 0.50213255499681
341 0.5037188611207238
342 0.502462980130791
343 0.5006387366091636
344 0.5021397497125898
345 0.501891110514777
346 0.5025035566198695
347 0.4988733823902563
348 0.5019219479823375
349 0.5021751146413364
350 0.5011987076593818
351 0.502053908634694
352 0.5002498438475953
353 0.5012092498472114
354 0.503841359418763
355 0.5005413227012003
356 0.5008523127127523
357 0.5009265851411341
358 0.5024786153505395
359 0.5020271303320909
360 0.5032051112951815
361 0.5007648618749437
362 0.5031626698470844
363 0.49987185647925675
364 0.5013274099448697
365 0.5005764837722512
366 0.502716949207692
367 0.5027144525673747
368 0.5034064325115754
369 0.5036888610438991
370 0.5003247772569313
371 0.5006289376375801
372 0.5011272701591216
373 0.5025001637661856
374 0.5027812825717264
375 0.5034628703347441
376 0.5024334856443639
377 0.5018416562204907
378 0.5012946458337963
379 0.5027480474399768
380 0.5016483393679317
381 0.5014742152466368
382 0.5016583004661169
383 0.5025021270879048
384 0.5028328056263834
385 0.5005439837650442
386 0.5022323441868856
387 0.5007105610318139
388 0.5011730221936935
389 0.5000937026162906
390 0.5019465440305984
391 0.5011330620073178
392 0.5007596562340544
393 0.5019400757662725
394 0.5027697177525718
395 0.5015199656504937
396 0.5012751292360712
397 0.4998615278098315
398 0.5027314822843864
399 0.5029054625010129
400 0.5019814752402757
401 0.5030775924583031
402 0.5022689973776581
403 0.502828552913497
404 0.5032448962917139
405 0.5002945207476744
406 0.501276426706235
407 0.49993813886352256
408 0.5035832544938506
409 0.5033179892335238
410 0.5038550364185468
411 0.5016154945191754
412 0.5044009852509126
413 0.5004850122294495
414 0.5018660392793804
415 0.5002187528093255
416 0.5007673373094446
417 0.5008089193201443
418 0.5025428769101922
419 0.5025154529328789
420 0.5027334976055409
421 0.5004288816834063
422 0.5039819420742409
423 0.500511708743861
424 0.5016388648576198
425 0.5017766435479144
426 0.5030685711145172
427 0.5018262306477479
428 0.5008576015235398
429 0.5004324330955462
430 0.5008571886678425
431 0.501336127524227
432 0.5008015608689168
433 0.500984583172352
434 0.5028329315871872
435 0.5015794055465738
436 0.5023971596627099
437 0.4992479412391422
438 0.5037736557524782
439 0.5019552213511427
440 0.502586228647844
441 0.5056440087886629
442 0.5009297488102367
443 0.5020240613849506
444 0.502545873155428
445 0.5025734830326731
446 0.5022096439244289
447 0.5012350225732918
448 0.5001625808919634
449 0.4998080810665575
450 0.5003472490161278
451 0.5033722630558436
452 0.5026187072496843
453 0.5011805122200707
454 0.50070806030099
455 0.5025120772946859
456 0.5005481749000387
457 0.5010839669956317
458 0.5017314252056674
459 0.49954557257855103
460 0.5035603171090486
461 0.5034383412529251
462 0.504117578292439
463 0.5019227271546236
464 0.5034513805522209
465 0.5013213668951803
466 0.5028911586924882
467 0.5023728145129486
468 0.5022261974443122
469 0.5015510870782262
470 0.5018961589613262
471 0.5005702908153511
472 0.5002847531256622
473 0.501483778024152
474 0.5016058820406647
475 0.49964953037069676
476 0.5023863166735546
477 0.5030257537813619
478 0.5024067108285344
479 0.5024585125998771
480 0.5012421943194789
481 0.5026387182982629
482 0.5026684794740153
483 0.5022425758934894
484 0.4987685809329096
485 0.5039892720926158
486 0.49985800640999634
487 0.5000271028417329
488 0.5024710912910177
489 0.5009585185789452
490 0.5016654065431064
491 0.5001608938853477
492 0.5047356850820783
493 0.5019361812758272
494 0.5038925386180805
495 0.5011876647157477
496 0.5005673027333677
497 0.5005181132388294
498 0.5027795911355437
