-686 1
-685 0
-684 0
-683 0
-682 0
-681 1
-680 0
-679 0
-678 0
-677 0
-676 0
-675 0
-674 0
-673 0
-672 0
-671 0
-670 0
-669 0
-668 0
-667 0
-666 0
-665 0
-664 0
-663 0
-662 0
-661 0
-660 0
-659 0
-658 0
-657 0
-656 0
-655 0
-654 0
-653 0
-652 0
-651 0
-650 0
-649 0
-648 0
-647 0
-646 0
-645 0
-644 0
-643 0
-642 0
-641 0
-640 0
-639 0
-638 0
-637 0
-636 1
-635 0
-634 0
-633 0
-632 0
-631 0
-630 1
-629 0
-628 0
-627 0
-626 0
-625 0
-624 0
-623 0
-622 0
-621 0
-620 0
-619 0
-618 0
-617 0
-616 1
-615 0
-614 0
-613 0
-612 0
-611 0
-610 0
-609 0
-608 1
-607 0
-606 0
-605 0
-604 1
-603 0
-602 0
-601 0
-600 0
-599 0
-598 1
-597 0
-596 0
-595 0
-594 1
-593 0
-592 0
-591 0
-590 0
-589 0
-588 1
-587 1
-586 0
-585 0
-584 1
-583 0
-582 0
-581 0
-580 0
-579 2
-578 0
-577 0
-576 0
-575 0
-574 1
-573 0
-572 0
-571 2
-570 0
-569 0
-568 1
-567 0
-566 0
-565 0
-564 0
-563 0
-562 0
-561 3
-560 0
-559 1
-558 1
-557 0
-556 0
-555 0
-554 1
-553 0
-552 4
-551 0
-550 0
-549 0
-548 1
-547 1
-546 1
-545 1
-544 0
-543 0
-542 0
-541 0
-540 1
-539 1
-538 0
-537 0
-536 1
-535 2
-534 0
-533 1
-532 1
-531 1
-530 1
-529 2
-528 0
-527 3
-526 1
-525 0
-524 0
-523 0
-522 2
-521 0
-520 0
-519 1
-518 2
-517 1
-516 2
-515 2
-514 1
-513 0
-512 2
-511 1
-510 0
-509 1
-508 0
-507 2
-506 0
-505 1
-504 0
-503 0
-502 2
-501 0
-500 4
-499 2
-498 1
-497 2
-496 1
-495 4
-494 0
-493 2
-492 1
-491 2
-490 0
-489 4
-488 0
-487 0
-486 1
-485 0
-484 0
-483 1
-482 1
-481 2
-480 2
-479 1
-478 1
-477 1
-476 0
-475 2
-474 4
-473 0
-472 1
-471 2
-470 1
-469 1
-468 3
-467 1
-466 3
-465 1
-464 0
-463 4
-462 2
-461 2
-460 5
-459 0
-458 5
-457 8
-456 1
-455 3
-454 3
-453 3
-452 1
-451 1
-450 1
-449 3
-448 4
-447 2
-446 5
-445 2
-444 1
-443 4
-442 4
-441 4
-440 4
-439 1
-438 7
-437 3
-436 10
-435 2
-434 2
-433 4
-432 1
-431 2
-430 3
-429 5
-428 6
-427 4
-426 5
-425 6
-424 8
-423 3
-422 4
-421 9
-420 3
-419 9
-418 4
-417 7
-416 5
-415 3
-414 5
-413 6
-412 8
-411 3
-410 3
-409 3
-408 4
-407 7
-406 13
-405 2
-404 4
-403 14
-402 9
-401 6
-400 6
-399 6
-398 10
-397 9
-396 6
-395 7
-394 8
-393 8
-392 9
-391 10
-390 11
-389 4
-388 6
-387 9
-386 13
-385 9
-384 7
-383 7
-382 7
-381 7
-380 16
-379 11
-378 12
-377 7
-376 13
-375 7
-374 8
-373 9
-372 12
-371 7
-370 12
-369 10
-368 14
-367 9
-366 19
-365 12
-364 13
-363 11
-362 9
-361 22
-360 14
-359 9
-358 15
-357 15
-356 19
-355 11
-354 18
-353 13
-352 18
-351 20
-350 15
-349 9
-348 18
-347 23
-346 16
-345 17
-344 20
-343 16
-342 24
-341 14
-340 26
-339 18
-338 25
-337 24
-336 23
-335 16
-334 19
-333 22
-332 22
-331 19
-330 21
-329 22
-328 29
-327 28
-326 30
-325 29
-324 27
-323 35
-322 35
-321 25
-320 38
-319 28
-318 35
-317 37
-316 32
-315 28
-314 40
-313 33
-312 22
-311 39
-310 32
-309 39
-308 35
-307 35
-306 39
-305 45
-304 38
-303 57
-302 47
-301 42
-300 49
-299 46
-298 45
-297 41
-296 46
-295 41
-294 45
-293 46
-292 53
-291 67
-290 47
-289 49
-288 33
-287 59
-286 64
-285 51
-284 62
-283 62
-282 70
-281 73
-280 69
-279 65
-278 70
-277 70
-276 73
-275 75
-274 78
-273 60
-272 76
-271 80
-270 75
-269 79
-268 93
-267 74
-266 85
-265 81
-264 100
-263 78
-262 90
-261 93
-260 102
-259 105
-258 97
-257 95
-256 97
-255 110
-254 109
-253 100
-252 85
-251 111
-250 103
-249 112
-248 117
-247 119
-246 118
-245 129
-244 129
-243 133
-242 120
-241 133
-240 129
-239 156
-238 129
-237 138
-236 130
-235 153
-234 155
-233 146
-232 174
-231 147
-230 177
-229 175
-228 166
-227 182
-226 175
-225 162
-224 180
-223 187
-222 195
-221 189
-220 193
-219 205
-218 205
-217 230
-216 219
-215 256
-214 210
-213 231
-212 247
-211 275
-210 245
-209 209
-208 246
-207 252
-206 260
-205 302
-204 285
-203 300
-202 288
-201 306
-200 288
-199 269
-198 308
-197 342
-196 332
-195 320
-194 363
-193 342
-192 353
-191 372
-190 354
-189 367
-188 360
-187 387
-186 417
-185 401
-184 380
-183 426
-182 439
-181 426
-180 442
-179 471
-178 487
-177 495
-176 551
-175 484
-174 462
-173 559
-172 515
-171 594
-170 554
-169 586
-168 570
-167 652
-166 570
-165 670
-164 648
-163 663
-162 680
-161 674
-160 722
-159 739
-158 718
-157 760
-156 739
-155 777
-154 777
-153 799
-152 871
-151 867
-150 955
-149 913
-148 928
-147 927
-146 1056
-145 1007
-144 984
-143 995
-142 1093
-141 1101
-140 1122
-139 1152
-138 1236
-137 1168
-136 1228
-135 1231
-134 1297
-133 1286
-132 1326
-131 1390
-130 1513
-129 1493
-128 1469
-127 1511
-126 1557
-125 1618
-124 1697
-123 1696
-122 1743
-121 1727
-120 1751
-119 1936
-118 1967
-117 1969
-116 2020
-115 2088
-114 2118
-113 2098
-112 2228
-111 2330
-110 2351
-109 2477
-108 2520
-107 2567
-106 2609
-105 2653
-104 2769
-103 2828
-102 2936
-101 3041
-100 3021
-99 3179
-98 3222
-97 3408
-96 3337
-95 3659
-94 3622
-93 3723
-92 3904
-91 4067
-90 4126
-89 4144
-88 4248
-87 4393
-86 4604
-85 4744
-84 4775
-83 5047
-82 5096
-81 5242
-80 5484
-79 5680
-78 5866
-77 5960
-76 6257
-75 6406
-74 6549
-73 6869
-72 7037
-71 7305
-70 7600
-69 7710
-68 8093
-67 8384
-66 8726
-65 8870
-64 9352
-63 9811
-62 9888
-61 10390
-60 10795
-59 11111
-58 11498
-57 12216
-56 12455
-55 13051
-54 13378
-53 14229
-52 14816
-51 15138
-50 16038
-49 16793
-48 17296
-47 17980
-46 18766
-45 19739
-44 20854
-43 21755
-42 22954
-41 24126
-40 24796
-39 26584
-38 27385
-37 28856
-36 30481
-35 32303
-34 34397
-33 36321
-32 38498
-31 40645
-30 43035
-29 45935
-28 49143
-27 52619
-26 56226
-25 60419
-24 65128
-23 69856
-22 75776
-21 81723
-20 89129
-19 97787
-18 107457
-17 119068
-16 132102
-15 147748
-14 165566
-13 188408
-12 217398
-11 251297
-10 296853
-9 356639
-8 438221
-7 554830
-6 733877
-5 1031921
-4 1604164
-3 2992855
-2 8031893
-1 63669996
0 944342950
1 68215047
2 5026109
3 2119288
4 1297992
5 894089
6 659813
7 511143
8 409657
9 337286
10 282727
11 242139
12 209540
13 182812
14 162603
15 143914
16 129156
17 116585
18 105199
19 96143
20 88073
21 81151
22 74073
23 68767
24 64085
25 59601
26 55990
27 51910
28 48481
29 45400
30 42743
31 40347
32 38033
33 36043
34 34362
35 32032
36 30596
37 28909
38 27246
39 25999
40 25025
41 23918
42 22723
43 21581
44 20727
45 19660
46 18848
47 18139
48 17337
49 16551
50 16060
51 15299
52 14573
53 13959
54 13280
55 13074
56 12518
57 11985
58 11780
59 11096
60 10588
61 10410
62 9877
63 9629
64 9185
65 8873
66 8689
67 8427
68 7941
69 7833
70 7538
71 7315
72 7074
73 6680
74 6507
75 6358
76 6239
77 5960
78 5708
79 5593
80 5397
81 5239
82 5075
83 4947
84 4825
85 4625
86 4598
87 4438
88 4280
89 4132
90 4087
91 3930
92 3812
93 3825
94 3599
95 3538
96 3429
97 3338
98 3253
99 3121
100 3091
101 3083
102 2905
103 2883
104 2752
105 2776
106 2650
107 2553
108 2491
109 2503
110 2329
111 2263
112 2232
113 2200
114 2138
115 2131
116 1966
117 1953
118 1915
119 1876
120 1856
121 1736
122 1671
123 1701
124 1647
125 1586
126 1503
127 1561
128 1495
129 1480
130 1387
131 1423
132 1320
133 1346
134 1291
135 1281
136 1236
137 1170
138 1189
139 1149
140 1081
141 1097
142 1013
143 1003
144 1094
145 942
146 1006
147 979
148 906
149 938
150 898
151 856
152 815
153 790
154 780
155 794
156 752
157 773
158 806
159 718
160 693
161 671
162 708
163 690
164 637
165 606
166 678
167 559
168 614
169 558
170 557
171 543
172 547
173 559
174 515
175 553
176 503
177 460
178 500
179 500
180 454
181 428
182 400
183 411
184 389
185 407
186 404
187 397
188 352
189 362
190 347
191 358
192 352
193 335
194 333
195 320
196 318
197 295
198 340
199 319
200 289
201 302
202 297
203 281
204 280
205 265
206 278
207 262
208 265
209 258
210 235
211 265
212 221
213 246
214 249
215 233
216 210
217 209
218 210
219 190
220 198
221 192
222 177
223 166
224 191
225 189
226 177
227 193
228 163
229 186
230 150
231 164
232 160
233 158
234 138
235 125
236 150
237 135
238 140
239 120
240 131
241 134
242 150
243 127
244 110
245 125
246 123
247 115
248 119
249 117
250 108
251 101
252 100
253 124
254 98
255 101
256 104
257 113
258 101
259 90
260 91
261 94
262 92
263 109
264 82
265 89
266 71
267 74
268 88
269 92
270 79
271 72
272 67
273 68
274 75
275 76
276 70
277 93
278 63
279 67
280 68
281 69
282 62
283 65
284 66
285 49
286 61
287 43
288 65
289 45
290 52
291 51
292 50
293 55
294 50
295 52
296 49
297 38
298 52
299 40
300 48
301 49
302 35
303 45
304 49
305 46
306 50
307 37
308 37
309 39
310 49
311 34
312 38
313 36
314 34
315 31
316 33
317 38
318 25
319 43
320 22
321 30
322 22
323 31
324 21
325 17
326 24
327 25
328 27
329 19
330 21
331 21
332 19
333 24
334 27
335 17
336 21
337 20
338 25
339 13
340 22
341 15
342 15
343 12
344 18
345 18
346 16
347 30
348 15
349 17
350 15
351 18
352 21
353 15
354 15
355 8
356 29
357 11
358 19
359 10
360 17
361 15
362 10
363 11
364 12
365 15
366 14
367 13
368 10
369 15
370 8
371 13
372 8
373 9
374 10
375 13
376 9
377 10
378 16
379 12
380 9
381 9
382 8
383 10
384 5
385 4
386 12
387 6
388 10
389 12
390 4
391 5
392 7
393 7
394 5
395 8
396 7
397 4
398 7
399 6
400 4
401 5
402 10
403 4
404 11
405 5
406 1
407 5
408 6
409 7
410 5
411 5
412 2
413 7
414 10
415 7
416 4
417 8
418 5
419 7
420 1
421 3
422 2
423 6
424 3
425 4
426 2
427 3
428 3
429 5
430 0
431 3
432 7
433 2
434 4
435 2
436 3
437 6
438 5
439 5
440 12
441 6
442 1
443 4
444 4
445 1
446 2
447 2
448 1
449 4
450 3
451 4
452 1
453 1
454 1
455 0
456 4
457 5
458 3
459 3
460 5
461 2
462 2
463 5
464 2
465 2
466 3
467 1
468 4
469 3
470 2
471 1
472 2
473 2
474 2
475 5
476 1
477 0
478 3
479 0
480 0
481 3
482 2
483 0
484 1
485 2
486 0
487 0
488 2
489 0
490 2
491 1
492 1
493 4
494 1
495 3
496 1
497 0
498 0
499 2
500 0
501 0
502 2
503 1
504 0
505 1
506 1
507 1
508 1
509 0
510 3
511 1
512 2
513 1
514 1
515 1
516 3
517 1
518 1
519 1
520 1
521 3
522 2
523 0
524 1
525 2
526 0
527 1
528 0
529 2
530 0
531 0
532 1
533 1
534 1
535 1
536 0
537 0
538 1
539 1
540 0
541 2
542 0
543 0
544 0
545 0
546 3
547 1
548 1
549 1
550 0
551 0
552 1
553 1
554 2
555 0
556 0
557 1
558 0
559 0
560 0
561 0
562 1
563 0
564 0
565 0
566 0
567 0
568 0
569 0
570 0
571 0
572 0
573 0
574 0
575 1
576 0
577 0
578 0
579 0
580 0
581 0
582 1
583 0
584 1
585 0
586 0
587 0
588 2
589 0
590 1
591 0
592 0
593 1
594 1
595 0
596 0
597 0
598 2
599 0
600 0
601 0
602 0
603 0
604 0
605 0
606 0
607 0
608 0
609 0
610 0
611 0
612 1
613 1
614 0
615 1
616 1
617 0
618 0
619 0
620 0
621 1
622 0
623 0
624 0
625 0
626 0
627 0
628 0
629 0
630 0
631 0
632 0
633 0
634 0
635 0
636 0
637 1
638 0
639 0
640 0
641 0
642 0
643 0
644 0
645 0
646 0
647 0
648 0
649 0
650 0
651 0
652 0
653 0
654 0
655 0
656 0
657 0
658 0
659 0
660 0
661 0
662 0
663 0
664 0
665 1
666 0
667 1
