2 0.6069306104045592
3 0.5963564419442052
4 0.589814054445673
5 0.5839761670708223
6 0.5789100574947499
7 0.5746112004305532
8 0.5707351557146554
9 0.5673543855007175
10 0.5646480234930998
11 0.5609818413688983
12 0.5583879612911268
13 0.5563154175369388
14 0.5543932224111529
15 0.5527855486912486
16 0.5507224760895957
17 0.5491331681332132
18 0.5482167168781746
19 0.5465331733561177
20 0.5450009309010992
21 0.5445420461135965
22 0.5424655940348911
23 0.5418900885599903
24 0.5401784927151229
25 0.5399088853744796
26 0.538252974438558
27 0.5379944338021174
28 0.536577263106686
29 0.5368775820830616
30 0.5362657931679925
31 0.5354490380693823
32 0.5349693811121524
33 0.5344331506994277
34 0.5324555044751755
35 0.5318211707206594
36 0.5315064656450912
37 0.5313514403161617
38 0.530517868885744
39 0.5317247303421068
40 0.5301776013372336
41 0.5297079974522483
42 0.5295232856896923
43 0.5292358112963772
44 0.5283539036587632
45 0.5275707558995537
46 0.5271796998918999
47 0.5271612886489749
48 0.5279285599695429
49 0.5264236835577863
50 0.5269101684526869
51 0.5263778153371523
52 0.5236021523811701
53 0.5255138209026275
54 0.5249519397434685
55 0.5249768825231875
56 0.5255100800734569
57 0.525032210187045
58 0.5249196431295222
59 0.5236828863069652
60 0.5234406412811936
61 0.5230879886997326
62 0.5225667495136287
63 0.5235085652053596
64 0.5219638320626072
65 0.5225119222848167
66 0.521857401633991
67 0.5222989969352533
68 0.5223131862409383
69 0.5218483623510847
70 0.5205278924416724
71 0.5206722247751592
72 0.5203157545958744
73 0.5213780385639082
74 0.5205356930307534
75 0.5200176735246131
76 0.5193688579965315
77 0.519693538487587
78 0.5193921083232862
79 0.5196736628691405
80 0.5194029306699716
81 0.5195764949138775
82 0.5185715913782828
83 0.5177925810168325
84 0.5203896943746101
85 0.5176620095871204
86 0.5197046932677096
87 0.518222711290173
88 0.5180733712410761
89 0.5183855271970241
90 0.5186746251629726
91 0.5186200331533424
92 0.5177038415189359
93 0.5184775735648212
94 0.5165605835101386
95 0.5179980418130508
96 0.5179723482477256
97 0.5181491614854865
98 0.5172073457194932
99 0.5170780215983487
100 0.5172995099555687
101 0.5154789268549728
102 0.517038480810161
103 0.516421561800778
104 0.5155293929952326
105 0.5155602693506827
106 0.5177562086904915
107 0.5155995845572908
108 0.5163841780384782
109 0.5162201045189057
110 0.5169865924061692
111 0.515471630132085
112 0.5158947195012229
113 0.5149956474985918
114 0.5175181785118254
115 0.5162677334942593
116 0.5146321826721599
117 0.5152749166436597
118 0.5165538089156284
119 0.5152293528369993
120 0.5160612961536991
121 0.5132953846238746
122 0.5145415248163412
123 0.5149355949244112
124 0.5153517560089698
125 0.5145172374298477
126 0.5140340650017027
127 0.514874048752696
128 0.5127783252387321
129 0.5151858084087785
130 0.514568067990294
131 0.5150080181684752
132 0.5132069376422865
133 0.5130406359661295
134 0.5136592199734821
135 0.5142546802524763
136 0.5142433083204871
137 0.5139382546546393
138 0.5135215655288323
139 0.5140167718712505
140 0.5135863049783059
141 0.512837292425848
142 0.513540275101871
143 0.514020622747351
144 0.5126673440830417
145 0.5132299238580432
146 0.5146480606572593
147 0.513234934070162
148 0.5127629802901705
149 0.5126706836633009
150 0.5134178602062955
151 0.5122280929989171
152 0.5115080373886869
153 0.5136210920659462
154 0.5127075796049527
155 0.5132063057510294
156 0.511982520874873
157 0.5146806364945072
158 0.5133771193148691
159 0.5123469494743955
160 0.5122615053628108
161 0.5142042751577812
162 0.5123722163012282
163 0.5124836272040302
164 0.5132884212240246
165 0.5121365829518743
166 0.5135668475579674
167 0.5102985729508368
168 0.5123925331708638
169 0.5126098537545384
170 0.5129256016942613
171 0.5108198627343797
172 0.5127417599775352
173 0.5135914242014185
174 0.5127941137313724
175 0.5122186264578533
176 0.5130521181465089
177 0.5122722844839359
178 0.5120812537984125
179 0.5119802204823573
180 0.5118234268830334
181 0.511929575277949
182 0.5115070068476552
183 0.5129616664588708
184 0.5121814752825301
185 0.5103054480034417
186 0.5122614999237194
187 0.5094406999062625
188 0.5112241618288101
189 0.5093802836865071
190 0.5103067227535024
191 0.5118840340809577
192 0.5104652367630297
193 0.5108287808897075
194 0.5114509467984412
195 0.5121223086665461
196 0.5118704321256156
197 0.5117016906645911
198 0.512375941647734
199 0.511481603153745
200 0.5125748634721252
201 0.511841640155532
202 0.5114994218167802
203 0.5104830896104189
204 0.5120720515953064
205 0.5115434960302263
206 0.5111075263861363
207 0.5084581472073808
208 0.5110011131373896
209 0.5098069701246203
210 0.5119591927469794
211 0.5083380210129017
212 0.5100025121163662
213 0.5117836413883093
214 0.5075624624047328
215 0.5103594717863021
216 0.5108503953930859
217 0.5115618481203675
218 0.5102677410969587
219 0.5127046830200701
220 0.5068271487145104
221 0.5104304440632244
222 0.5112724872091104
223 0.5102671246072186
224 0.5108558884159238
225 0.5111256324061412
226 0.5110328781804738
227 0.5110871405554493
228 0.5085448916408669
229 0.5112426364730184
230 0.5076856066992638
231 0.5099324113253628
232 0.5096734362773602
233 0.5115213055303717
234 0.5106640602205753
235 0.5101391094641492
236 0.5112231078350836
237 0.5111941962626548
238 0.507641668225173
239 0.5106633018192775
240 0.5085823219358073
241 0.5119787180523054
242 0.5102796714799506
243 0.5108073228595936
244 0.5093923338667827
245 0.5091606639523959
246 0.5066056629014256
247 0.5100303270358724
248 0.5096829491149906
249 0.5088309846527512
250 0.5091418217756547
251 0.5123389584467429
252 0.5112384712361489
253 0.5092874453864668
254 0.5123509655751469
255 0.5094889893909295
256 0.511851562367254
257 0.5089118239047579
258 0.5076157102213587
259 0.5097021164253971
260 0.5111812587561404
261 0.5080160946407701
262 0.5077977720651242
263 0.510030026770856
264 0.508752855185016
265 0.508924792521576
266 0.5104549451566622
267 0.5113333766318114
268 0.5113771786086697
269 0.5078625618574543
270 0.5073689365188485
271 0.5112102092129608
272 0.507355053726369
273 0.5064397646990415
274 0.5103910549116029
275 0.5078743617031664
276 0.508228403522092
277 0.5086315455473917
278 0.507884224542715
279 0.5090682246972187
280 0.5088449000030658
281 0.5078464485038202
282 0.5084391041326101
283 0.5073606010543706
284 0.5099081476441572
285 0.5109904235490713
286 0.5105096675987002
287 0.5087043348021446
288 0.507988201366273
289 0.5061641189779813
290 0.5062817159591353
291 0.5097891056727191
292 0.5077474128061843
293 0.507343276758672
294 0.509350694244397
295 0.5065036390101892
296 0.5092236968056819
297 0.5118090601436799
298 0.5097978375540014
299 0.5083900281270284
300 0.5092181090056652
301 0.5085292307692307
302 0.5094984333752745
303 0.5100225197357025
304 0.5054109315778975
305 0.5072362839814123
306 0.5089416968132022
307 0.5067548368765015
308 0.5096729587643659
309 0.507429829389103
310 0.508725381487935
311 0.5083232425383561
312 0.5077394431863594
313 0.5093066231018506
314 0.5077638495754144
315 0.5074903579403207
316 0.5072422258592472
317 0.5120841782210774
318 0.5082077929237936
319 0.5048614215467143
320 0.5065661513125204
321 0.5119555935098207
322 0.5062349878464482
323 0.5101987523574641
324 0.5066481994459834
325 0.5064330928897395
326 0.510229706773026
327 0.5061770507363519
328 0.5068606505581801
329 0.5072826961923421
330 0.5096844329439145
331 0.5116282630329939
332 0.5050166189997681
333 0.5088086135601154
334 0.5073207476107527
335 0.5095790886835663
336 0.5053602909645347
337 0.5079303861543654
338 0.5096435586180249
339 0.5098188288579748
340 0.5038683612215189
341 0.5080570291777188
342 0.5090504922197523
343 0.5039106145251396
344 0.5143539853217273
345 0.508442427218995
346 0.5094823167606356
347 0.5042233530653928
348 0.5073808815031432
349 0.5067837331731618
350 0.5069042316258352
351 0.5094720161348412
352 0.5096972435607773
353 0.5103060019976392
354 0.5090776522056143
355 0.5060055096418733
356 0.5087937137456217
357 0.5053639275869776
358 0.5060026846652677
359 0.5065036321454379
360 0.5075760474459537
361 0.5041044848531895
362 0.5089825056876127
363 0.5029968547860661
364 0.5094643496242096
365 0.5115359392698873
366 0.5071254153156399
367 0.5070730374597778
368 0.5107223245344792
369 0.5071987512579843
370 0.5068945466627902
371 0.5092093722591154
372 0.5059653839690809
373 0.5108652038941567
374 0.5080051369863013
375 0.5101691611254305
376 0.5039788378295659
377 0.5077737420269313
378 0.506864911928203
379 0.5063176895306859
380 0.5056503637278675
381 0.5141427128294609
382 0.5049768970828257
383 0.5088673828486757
384 0.5125685081978586
385 0.5074778904477474
386 0.5067915911391511
387 0.508451850787722
388 0.5105603448275862
389 0.5076830732292917
390 0.5090900323093986
391 0.5059858294649402
392 0.512211868563021
393 0.5070505576573479
394 0.5065082619112308
395 0.5046280169196318
396 0.5129061191947379
397 0.5033374165645859
398 0.5089794682944054
399 0.5064921813219051
400 0.5104793100800983
401 0.5086477582745663
402 0.5074496056091148
403 0.5048861628027862
404 0.5062185763429479
405 0.5067182629259379
406 0.508806103400698
407 0.5080865479182602
408 0.5120194298015621
409 0.5063995548135782
410 0.5110719184793259
411 0.5093625664283131
412 0.5071066132152169
413 0.5076910098141222
414 0.5070294784580499
415 0.50641007338035
416 0.50671469740634
417 0.5025025025025025
418 0.5070835803200948
419 0.5074413194548003
420 0.50933730454207
421 0.5090189968238749
422 0.5061855670103093
423 0.512830564182975
424 0.5023655000909808
425 0.504924125116135
426 0.5085430257844051
427 0.502520271751041
428 0.5037524937458437
429 0.5071573991601985
430 0.5048838100102145
431 0.5096517668184442
432 0.5097893272062393
433 0.5036776778091548
434 0.5091156643310198
435 0.5065583594114123
436 0.5091352009744214
437 0.510927208241851
438 0.5090261282660332
439 0.5099892008639308
440 0.5063876053275347
441 0.5115680363131331
442 0.5004789599726308
443 0.5066102406267488
444 0.5111375319089415
445 0.5109135004042037
446 0.508630407214316
447 0.5047949325878481
448 0.5053659583601631
449 0.5037203731262023
450 0.5066813509544787
451 0.5057942392964937
452 0.5120931621379516
453 0.5081581600268827
454 0.5116461953265429
455 0.5057432177132926
456 0.4963201115587233
457 0.5047679092127039
458 0.5077149447228188
459 0.5046075627581824
460 0.507684879697433
461 0.5065858585858586
462 0.5036101083032491
463 0.5077247191011236
464 0.5062489585069155
465 0.5047768672243217
466 0.5126746210352002
467 0.5108943501393464
468 0.5094205027065587
469 0.5105775688381464
470 0.5147268607871108
471 0.5016698372437117
472 0.508161847703395
473 0.5056513452417889
474 0.5063535539490818
475 0.5054955036788082
476 0.5078605604921395
477 0.5049060064190738
478 0.5072833549823715
479 0.5169149380481692
480 0.5114748102770412
481 0.507704970506196
482 0.507529563932003
483 0.5083313885647608
484 0.5065994154803432
485 0.505030372057707
486 0.5083949914627205
487 0.5063440962030111
488 0.5060148205177557
489 0.5030937880633374
490 0.5092978754722536
491 0.5050435467204645
492 0.5050364709968739
493 0.5056829611748139
494 0.506473877777218
495 0.5087286813905519
496 0.5041823931449556
497 0.5007601572739188
498 0.5094413950678888
