0 0.0883
1 0.0767
2 0.0798
3 0.0748
4 0.0779
5 0.0791
6 0.0897
7 0.086
8 0.0819
9 0.0802
10 0.0791
11 0.0793
12 0.0758
13 0.0799
14 0.0801
15 0.0789
16 0.0788
17 0.0779
18 0.0794
19 0.0757
20 0.0791
21 0.0744
22 0.0815
23 0.0801
24 0.0831
25 0.0764
26 0.0767
27 0.0777
28 0.0816
29 0.086
30 0.0837
31 0.0815
32 0.0851
33 0.0767
34 0.0804
35 0.0748
36 0.08
37 0.0833
38 0.0745
39 0.0845
40 0.0763
41 0.078
42 0.0822
43 0.081
44 0.0803
45 0.0852
46 0.0778
47 0.0853
48 0.0833
49 0.077
50 0.0826
51 0.0767
52 0.0784
53 0.0788
54 0.0821
55 0.0803
56 0.0805
57 0.0843
58 0.0799
59 0.0749
60 0.08
61 0.0804
62 0.0766
63 0.082
64 0.0826
65 0.0807
66 0.079
67 0.0746
68 0.0754
69 0.0815
70 0.0816
71 0.0844
72 0.082
73 0.0786
74 0.0815
75 0.0777
76 0.0831
77 0.0758
78 0.0761
79 0.0785
80 0.0812
81 0.0786
82 0.0791
83 0.0776
84 0.0792
85 0.0782
86 0.0783
87 0.0825
88 0.0772
89 0.0812
90 0.0769
91 0.0789
92 0.084
93 0.0831
94 0.0819
95 0.0787
96 0.0844
97 0.0786
98 0.0846
99 0.0692
100 0.0806
101 0.081
102 0.0799
103 0.0824
104 0.0792
105 0.0788
106 0.0815
107 0.0788
108 0.0815
109 0.085
110 0.0838
