2 0.6959835458485512
3 0.6725456895732214
4 0.655909589774904
5 0.6429420422329531
6 0.632559224497342
7 0.6241112117632003
8 0.6166563722357931
9 0.6102419245881683
10 0.6045756242706553
11 0.5996155617377756
12 0.5952232539216004
13 0.5915040182847948
14 0.5881685145302612
15 0.5845750562672328
16 0.5821174369155437
17 0.5790362807029903
18 0.5763954048400681
19 0.5736495316390966
20 0.5722765805061463
21 0.5698053699150266
22 0.5673490565883483
23 0.5665009047952743
24 0.5651080875351295
25 0.5633274433323301
26 0.5610990671074445
27 0.560188814330059
28 0.5590920570493663
29 0.5575575980083656
30 0.5555378939638793
31 0.5558455777512734
32 0.55389900621206
33 0.5534760675008437
34 0.5522824968818146
35 0.551667481161819
36 0.5505919956298508
37 0.5494054716300032
38 0.5490294351630867
39 0.5479744706283461
40 0.5470741813938309
41 0.5458911947701539
42 0.5456488497450047
43 0.5454769388760521
44 0.5442815512769916
45 0.5434395442302893
46 0.5429590095605875
47 0.5437217571467149
48 0.5423532508063553
49 0.5416530233315227
50 0.5403832698773141
51 0.5389695641976162
52 0.5400748355214546
53 0.538456698512507
54 0.5381272908895287
55 0.5380182428459579
56 0.5367108409548802
57 0.5379890752300229
58 0.5377057121883176
59 0.5369666071664613
60 0.535824295305662
61 0.5358030234006546
62 0.5352842364460731
63 0.5351791289170393
64 0.5350888340712533
65 0.5341158837724675
66 0.533918586121976
67 0.5320797434419039
68 0.5339380090760651
69 0.5321266751659455
70 0.5318832418113616
71 0.5316047799874726
72 0.5320896360340707
73 0.5318213776840324
74 0.5320479592950943
75 0.5307292906074215
76 0.5305511646139192
77 0.5298974843878798
78 0.5294050273258183
79 0.5303227482269969
80 0.5293260430192066
81 0.5294114503806596
82 0.5282067890613931
83 0.5305913464549988
84 0.529325756092619
85 0.5290243895724185
86 0.527131459183432
87 0.5286314094955281
88 0.5285211386983398
89 0.5271084337349398
90 0.5275009678390663
91 0.5256420824891064
92 0.5276016675385156
93 0.5266336742549214
94 0.5266886476945011
95 0.527411226270613
96 0.526341833881997
97 0.5262506258407379
98 0.5252028361278968
99 0.525186315194971
100 0.5254432800948798
101 0.5257663520380733
102 0.5259840939625724
103 0.5260430612212754
104 0.5267764790858505
105 0.5243112993756036
106 0.5246178465730711
107 0.5247607150994711
108 0.5241511828504936
109 0.5242686772163978
110 0.5236084062150028
111 0.5243372410852688
112 0.5236561087175772
113 0.5221993624987634
114 0.5240309397188556
115 0.5227600100559191
116 0.523021383234394
117 0.5223383571655107
118 0.522819341754087
119 0.5225483615060719
120 0.5230403458466272
121 0.522464382497199
122 0.5237552423464406
123 0.5211386741997712
124 0.5225826361390358
125 0.5230588641961084
126 0.5226988082831121
127 0.5217921820592392
128 0.5205451459331288
129 0.5211055769697396
130 0.521660814914781
131 0.5207896133512621
132 0.5205510418216857
133 0.5216566269619046
134 0.5204283636751258
135 0.5210794646327152
136 0.5212433479308627
137 0.5211074015577547
138 0.5204413222595359
139 0.5206133936782339
140 0.5196287888903726
141 0.5219699952748464
142 0.5201941962433262
143 0.5190398536313738
144 0.5201202654962852
145 0.520367153057433
146 0.5193006215574308
147 0.5208099033379228
148 0.5205545966810702
149 0.5186252471470412
150 0.519361576224673
151 0.5176170958849472
152 0.5190028112148285
153 0.5199839283135821
154 0.5202949011053548
155 0.5195746564370627
156 0.5194212953170608
157 0.5196717688014588
158 0.5175366252305478
159 0.5195199534186605
160 0.5188688854646841
161 0.5193558525916937
162 0.5180874172301325
163 0.5190227060079333
164 0.5179557553948898
165 0.5181189236669499
166 0.5193568647714416
167 0.5165421342706723
168 0.5178567390193267
169 0.5176436695566172
170 0.5177628984198851
171 0.5190264001151108
172 0.5175801696510997
173 0.5171229957120508
174 0.5173066553734289
175 0.5172095182820662
176 0.5176634713859463
177 0.5179461976808135
178 0.517302043129867
179 0.5157246848552998
180 0.517044954327089
181 0.5172353884745182
182 0.515691249544347
183 0.515682427524428
184 0.517148130141476
185 0.5151119887877618
186 0.51514825404357
187 0.5168238993710692
188 0.516637073252308
189 0.5157639530118162
190 0.5158190743059282
191 0.5168253383849566
192 0.515446469520828
193 0.5159786465235223
194 0.5155325051016408
195 0.5153920447324946
196 0.5162909567162772
197 0.5176873462331272
198 0.5160710720702735
199 0.5161047186143846
200 0.5157657657657657
201 0.5169419403236029
202 0.5143076687443051
203 0.5167382176229743
204 0.5142373807422351
205 0.515373845009621
206 0.5165464461180511
207 0.5159147736340906
208 0.5139686296930561
209 0.515461400166367
210 0.5146340282187328
211 0.5150630738426132
212 0.5160343227321804
213 0.5146735382125653
214 0.5151091612282074
215 0.5163922730765009
216 0.5151560243819098
217 0.5158975067338905
218 0.5161471930763839
219 0.5140219609367408
220 0.5142465523511147
221 0.5161120747089762
222 0.5147690617384812
223 0.5158619753672853
224 0.5150982996887153
225 0.5157528047676782
226 0.5135136677998224
227 0.5151261443886607
228 0.5153877317641515
229 0.5146969775609419
230 0.5147546006949463
231 0.5139231377657842
232 0.5144200910312895
233 0.5119624105607307
234 0.5137222736901734
235 0.5133814337229288
236 0.5139915436540315
237 0.5140802393028692
238 0.5147831455656557
239 0.5157085481357151
240 0.514470468339932
241 0.5165350474071208
242 0.5151221755600469
243 0.5142184403352789
244 0.513672094584945
245 0.5149145864716681
246 0.5138269894496791
247 0.5130950765472916
248 0.5158198396527148
249 0.513733588477697
250 0.5130044508541164
251 0.5123826136974653
252 0.5142333797533466
253 0.5146137491141035
254 0.513640940553617
255 0.5142054750566281
256 0.5143903565343397
257 0.5134803452804447
258 0.5133240415885679
259 0.5138075394466702
260 0.5139375789260593
261 0.5125753065533651
262 0.5127285335614619
263 0.5130590187929638
264 0.5138451258737136
265 0.5140228875547282
266 0.5114336420718517
267 0.5134531895235667
268 0.5127068783209088
269 0.510983239257767
270 0.5134941709194765
271 0.5128784091633479
272 0.5134908472406999
273 0.511721194205526
274 0.512800596954177
275 0.5148603594733518
276 0.5108130397148329
277 0.5113967238272713
278 0.5133622749036714
279 0.512174250729424
280 0.5121431776604191
281 0.5128527990424829
282 0.5114350768672875
283 0.5135420059610744
284 0.5126234024107168
285 0.5113873163463599
286 0.5126422183415357
287 0.5108440225847727
288 0.5126923035917993
289 0.5116665060447385
290 0.5134745480758567
291 0.511888488240676
292 0.5115057492768431
293 0.5119522416554876
294 0.5114587756257417
295 0.5122108578218746
296 0.5115059128877191
297 0.5132369559572701
298 0.5122407300806271
299 0.5107754969765267
300 0.5128938349854443
301 0.5110600338489509
302 0.5126163153670066
303 0.5125310386482436
304 0.5111973611956802
305 0.5126691912564209
306 0.5120462684940568
307 0.5107824945691528
308 0.5104583957097648
309 0.5100816587699386
310 0.511806779388884
311 0.5116718324374648
312 0.5128714770830536
313 0.5107778028993727
314 0.5122491264352793
315 0.5122667768199418
316 0.512609804477189
317 0.5134030868656739
318 0.5120544684835834
319 0.5112819289733073
320 0.5118716619541314
321 0.5120812988329202
322 0.5121261769873073
323 0.5118349052494873
324 0.5098034549096606
325 0.5131540217815008
326 0.5103685261340948
327 0.5115678351308165
328 0.5114276529915217
329 0.5110201868130089
330 0.5126727459231558
331 0.5108700495400432
332 0.5127629608283241
333 0.5117340525500055
334 0.5108902949096773
335 0.5118994548213344
336 0.509437379845791
337 0.5126338701935014
338 0.5104975256128039
339 0.5095251978342358
340 0.5112258324044819
341 0.5130450418804599
342 0.5096076575155148
343 0.512001015959023
344 0.5116517013734107
345 0.5106692779291553
346 0.5118725987823194
347 0.5095309697948126
348 0.5112947470360621
349 0.5107913361597374
350 0.5091437339098219
351 0.510127483336569
352 0.5099311308513824
353 0.5092960909415338
354 0.5107283035324902
355 0.5120497154262506
356 0.5104033821910868
357 0.5091630496733746
358 0.5111702221672352
359 0.511496285815352
360 0.5091874470040355
361 0.510519572699555
362 0.5106629992141173
363 0.5102934930817892
364 0.5099852952418641
365 0.5111659508427473
366 0.511578415813014
367 0.5129219907970212
368 0.5099649519502544
369 0.5095581322469446
370 0.510109354461808
371 0.5102916971470373
372 0.5112970214243614
373 0.5098211250654588
374 0.5098765773488556
375 0.5085827321387014
376 0.5114167414386123
377 0.5104428439727264
378 0.5127013964738917
379 0.5121578415974871
380 0.5108580918469312
381 0.5097405955302325
382 0.5081831590492218
383 0.5103993838810739
384 0.5110807022228155
385 0.5102744310575635
386 0.5092166559848478
387 0.5081894664941387
388 0.5086952739083782
389 0.5095835253595944
390 0.5093570980098219
391 0.5127995801504461
392 0.5078772943989637
393 0.5090824815203338
394 0.5107439711670883
395 0.5100577535064629
396 0.5081661176493829
397 0.5102819746143641
398 0.5097057818835307
399 0.5094331194067633
400 0.5100130975114728
401 0.5110515171490781
402 0.5097844810319273
403 0.509566365083523
404 0.5094598147474012
405 0.5114870329021988
406 0.5094006392638286
407 0.5097441770106951
408 0.5106288069894789
409 0.5092714107057389
410 0.5106647798872064
411 0.5096932121638685
412 0.5119745946504183
413 0.5099479629132508
414 0.5093398909262946
415 0.5110624886041
416 0.510406379165295
417 0.5087010939864783
418 0.5072066286243709
419 0.5073413182546335
420 0.508739709012543
421 0.5101556905286051
422 0.5097987203836727
423 0.5079765530410109
424 0.5077166452166452
425 0.508545027171569
426 0.509782983864009
427 0.5089764955415116
428 0.5101424442721353
429 0.5097081324925583
430 0.5094096121802202
431 0.5089230769230769
432 0.5080262956734444
433 0.5068178327738652
434 0.5092933926548208
435 0.5100992772791163
436 0.5100452870399148
437 0.5101469793158802
438 0.5129156621151688
439 0.5081364479545025
440 0.5096896522878733
441 0.5078285004420668
442 0.5093384907739534
443 0.5083524124480624
444 0.5091148333465105
445 0.5076519606730092
446 0.5111228482669711
447 0.5091965424401304
448 0.5076902098259689
449 0.5065360783529882
450 0.5094993847250814
451 0.5094653918897816
452 0.510148740026538
453 0.5094129131222982
454 0.5081171773151639
455 0.5095816875490805
456 0.5104693183082754
457 0.5091567578337894
458 0.5087204008623475
459 0.510976168383467
460 0.5094257549127376
461 0.5078418404705104
462 0.5078869400331832
463 0.508829429042195
464 0.5111382142985257
465 0.5087429238925331
466 0.5099341320595269
467 0.5076496220328374
468 0.5089759874191012
469 0.5101917340771172
470 0.5093514812819007
471 0.5079164949203501
472 0.5104397910217189
473 0.5071317980664903
474 0.5111543084206137
475 0.5077670201321653
476 0.5074318897881016
477 0.5098398056151502
478 0.5085077967526926
479 0.5070333993103534
480 0.5093104806195736
481 0.5090449011371271
482 0.5100589336650708
483 0.5080442116924316
484 0.5086607813318357
485 0.5107753031443517
486 0.5084952761834853
487 0.5112163997599419
488 0.5070548131470601
489 0.5065742320548519
490 0.5078149411727194
491 0.5077846222591044
492 0.5084959093769666
493 0.5075716533808012
494 0.509445073612684
495 0.5093486614783479
496 0.5078629880001294
497 0.5103811167486343
498 0.5087876176695335
