2 0.646025961920591
3 0.6159165581175519
4 0.5940732599449834
5 0.5777720520971669
6 0.5652372633472406
7 0.5552940600499368
8 0.5466883871748447
9 0.540096464868917
10 0.5342681752984966
11 0.529024858782989
12 0.5245292776044366
13 0.5208040415766715
14 0.516694494609108
15 0.5135412795964474
16 0.5110290695525882
17 0.5091086782816623
18 0.5067992429339002
19 0.503983110388863
20 0.5024516395834108
21 0.5001844470175942
22 0.49902595486769674
23 0.4973532351923175
24 0.4961193337921171
25 0.4945992534126189
26 0.49275842250745777
27 0.49246091878704845
28 0.49129525467807095
29 0.4903506545692955
30 0.4888884036184892
31 0.48760963818928954
32 0.4863287922276534
33 0.48608421322298767
34 0.48619144352996785
35 0.4843688622754491
36 0.48404627722655064
37 0.4836060155883446
38 0.4828615313051948
39 0.48248673552652344
40 0.4819026629840148
41 0.4809507840628851
42 0.4815746520566538
43 0.48024989548980446
44 0.47948347522188256
45 0.4787424585218703
46 0.4768661331629687
47 0.4780187076505856
48 0.47784896614600175
49 0.47697347335288776
50 0.4759155339988344
51 0.4757197424315616
52 0.476827035609461
53 0.4751672325120172
54 0.4756766870400399
55 0.47511506888315963
56 0.4762325298222374
57 0.4749247796548901
58 0.47666990878262927
59 0.4745509575083391
60 0.4740012509287516
61 0.4736758171903448
62 0.47435867389745345
63 0.47199292745676513
64 0.4732042493231797
65 0.47339923750620994
66 0.47156190408508925
67 0.471107151372175
68 0.4702655927577714
69 0.47241459316182827
70 0.47359926216278536
71 0.4710204081632653
72 0.4724912920882402
73 0.4670734808034579
74 0.4662584728307681
75 0.47096748477873107
76 0.46903859443385754
77 0.469970103966802
78 0.4680369602112012
79 0.46937659270308907
80 0.470820541079535
81 0.4680791941646405
82 0.4730286229827855
83 0.46893248879962923
84 0.47056703901464275
85 0.4701424413097022
86 0.463624591927924
87 0.4712986836748541
88 0.46900601605650577
89 0.4721396811625637
90 0.4659367396593674
91 0.46876442716559347
92 0.4641020956755487
93 0.4655689859302294
94 0.46406767835339263
95 0.46775575134605973
96 0.463985730501054
97 0.4705322871021434
98 0.46734376694256696
99 0.47196279495292187
100 0.4657992265549468
101 0.4679070557750308
102 0.46783308467833085
103 0.4651846234061715
104 0.4660037352985715
105 0.46138645588549454
106 0.46339806374908
107 0.4662279389769668
108 0.45831224696356276
109 0.46750100928542593
110 0.46643657110657183
111 0.46063437052663303
112 0.46404165310771234
113 0.4772133771375621
114 0.46094580233793836
115 0.4761141995665693
116 0.4668893692277461
117 0.462113454843334
118 0.46293027360988526
119 0.4632101098381953
120 0.4650050352467271
121 0.4642857142857143
122 0.4680821728939749
123 0.47365356622998545
124 0.46406539173349787
125 0.45375626043405676
126 0.47038947181219987
127 0.4739275147928994
128 0.4691807044410414
129 0.46353646353646355
130 0.4550379198266522
131 0.46849757673667203
132 0.4632936507936508
133 0.4665465774575399
134 0.45832202009231604
135 0.4641628440366973
136 0.4806343397377249
137 0.454380664652568
138 0.44900662251655626
139 0.4644769725098179
140 0.4630746043707611
141 0.44680851063829785
142 0.4562754870865428
143 0.46161182641869336
144 0.4625916870415648
145 0.47813121272365805
146 0.44074074074074077
147 0.4591954022988506
148 0.48418491484184917
149 0.46352201257861636
150 0.4697706740792217
151 0.4974545454545454
152 0.4650478292862399
153 0.47962382445141066
154 0.4797687861271676
155 0.48602878916172737
156 0.47244094488188976
157 0.4536363636363636
158 0.43685300207039335
159 0.44532130777903045
160 0.47805456702253857
161 0.4444444444444444
162 0.4576719576719577
163 0.46196403872752423
164 0.4689863842662632
165 0.45616883116883117
166 0.4717314487632509
167 0.4701627486437613
168 0.48120300751879697
169 0.4631782945736434
170 0.4904580152671756
171 0.4642857142857143
172 0.45454545454545453
173 0.4309133489461358
174 0.4680306905370844
175 0.43783783783783786
176 0.5114285714285715
177 0.43661971830985913
178 0.48623853211009177
179 0.4061433447098976
180 0.5084175084175084
181 0.4300341296928328
182 0.43700787401574803
183 0.4979253112033195
184 0.45021645021645024
185 0.452914798206278
186 0.4788135593220339
187 0.4238095238095238
188 0.5
189 0.4293785310734463
190 0.3900709219858156
191 0.4676258992805755
192 0.4732824427480916
193 0.4793388429752066
194 0.5185185185185185
195 0.45901639344262296
196 0.4818181818181818
197 0.4065934065934066
198 0.5119047619047619
199 0.4787234042553192
200 0.3974358974358974
201 0.4666666666666667
202 0.375
203 0.4714285714285714
204 0.390625
205 0.49382716049382713
206 0.40298507462686567
207 0.5753424657534246
208 0.4166666666666667
209 0.5185185185185185
210 0.42105263157894735
211 0.42
212 0.45098039215686275
213 0.3409090909090909
214 0.47619047619047616
215 0.42857142857142855
216 0.32142857142857145
217 0.44
218 0.35
219 0.5263157894736842
220 0.5217391304347826
221 0.42857142857142855
222 0.3684210526315789
223 0.42857142857142855
224 0.29411764705882354
225 0.6923076923076923
226 0.5294117647058824
227 0.4666666666666667
228 0.1
229 0.7692307692307693
230 0.4444444444444444
231 0.2857142857142857
232 0.375
233 0.6
234 0.0
235 1.0
236 0.6
237 0.5
238 0.5
239 0.3333333333333333
240 0.5
241 0.0
242 0
243 0
244 1.0
245 0.0
246 0
247 0
248 1.0
249 0.5
250 1.0
251 0.0
252 0.0
253 0
254 1.0
255 0.6666666666666666
256 0.5
257 0.5
258 0.75
259 0.2
260 0.6
261 0.25
262 0.3333333333333333
263 0.0
264 0.0
265 0
266 0
267 0
268 0
269 0
270 0
271 0
272 0
273 0
274 0
275 0
276 0
277 0
278 0
279 0
280 0
281 0
282 0
283 0
284 0
285 0
286 0
287 0
288 0
289 0
290 0
291 0
292 0
293 0
294 0
295 0
296 0
297 0
298 0
299 0
300 0
301 0
302 0
303 0
304 0
305 0
306 0
307 0
308 0
309 0
310 0
311 0
312 0
313 0
314 0
315 0
316 0
317 0
318 0
319 0
320 0
321 0
322 0
323 0
324 0
325 0
326 0
327 0
328 0
329 0
330 0
331 0
332 0
333 0
334 0
335 0
336 0
337 0
338 0
339 0
340 0
341 0
342 0
343 0
344 0
345 0
346 0
347 0
348 0
349 0
350 0
351 0
352 0
353 0
354 0
355 0
356 0
357 0
358 0
359 0
360 0
361 0
362 0
363 0
364 0
365 0
366 0
367 0
368 0
369 0
370 0
371 0
372 0
373 0
374 0
375 0
376 0
377 0
378 0
379 0
380 0
381 0
382 0
383 0
384 0
385 0
386 0
387 0
388 0
389 0
390 0
391 0
392 0
393 0
394 0
395 0
396 0
397 0
398 0
399 0
400 0
401 0
402 0
403 0
404 0
405 0
406 0
407 0
408 0
409 0
410 0
411 0
412 0
413 0
414 0
415 0
416 0
417 0
418 0
419 0
420 0
421 0
422 0
423 0
424 0
425 0
426 0
427 0
428 0
429 0
430 0
431 0
432 0
433 0
434 0
435 0
436 0
437 0
438 0
439 0
440 0
441 0
442 0
443 0
444 0
445 0
446 0
447 0
448 0
449 0
450 0
451 0
452 0
453 0
454 0
455 0
456 0
457 0
458 0
459 0
460 0
461 0
462 0
463 0
464 0
465 0
466 0
467 0
468 0
469 0
470 0
471 0
472 0
473 0
474 0
475 0
476 0
477 0
478 0
479 0
480 0
481 0
482 0
483 0
484 0
485 0
486 0
487 0
488 0
489 0
490 0
491 0
492 0
493 0
494 0
495 0
496 0
497 0
498 0
