-333 1
-332 0
-331 0
-330 0
-329 0
-328 0
-327 0
-326 0
-325 0
-324 0
-323 0
-322 0
-321 0
-320 0
-319 0
-318 0
-317 0
-316 0
-315 0
-314 0
-313 0
-312 0
-311 0
-310 0
-309 0
-308 0
-307 0
-306 0
-305 0
-304 0
-303 0
-302 1
-301 0
-300 0
-299 0
-298 0
-297 0
-296 0
-295 0
-294 0
-293 0
-292 0
-291 0
-290 0
-289 0
-288 0
-287 0
-286 0
-285 0
-284 0
-283 0
-282 0
-281 0
-280 0
-279 0
-278 0
-277 0
-276 0
-275 0
-274 0
-273 0
-272 0
-271 0
-270 0
-269 0
-268 0
-267 0
-266 0
-265 0
-264 0
-263 0
-262 0
-261 0
-260 0
-259 0
-258 0
-257 0
-256 0
-255 0
-254 0
-253 0
-252 0
-251 0
-250 1
-249 0
-248 0
-247 0
-246 0
-245 1
-244 1
-243 0
-242 0
-241 1
-240 0
-239 1
-238 0
-237 1
-236 0
-235 0
-234 0
-233 0
-232 0
-231 1
-230 0
-229 1
-228 0
-227 0
-226 0
-225 0
-224 0
-223 0
-222 1
-221 1
-220 0
-219 0
-218 1
-217 0
-216 0
-215 0
-214 0
-213 0
-212 0
-211 1
-210 2
-209 1
-208 0
-207 1
-206 1
-205 1
-204 1
-203 0
-202 1
-201 1
-200 0
-199 0
-198 0
-197 2
-196 1
-195 0
-194 0
-193 2
-192 2
-191 1
-190 1
-189 0
-188 2
-187 1
-186 0
-185 0
-184 1
-183 1
-182 2
-181 0
-180 1
-179 1
-178 2
-177 2
-176 0
-175 3
-174 1
-173 0
-172 1
-171 1
-170 0
-169 1
-168 1
-167 0
-166 0
-165 0
-164 1
-163 0
-162 0
-161 1
-160 4
-159 5
-158 1
-157 0
-156 0
-155 1
-154 5
-153 3
-152 0
-151 0
-150 0
-149 1
-148 3
-147 1
-146 2
-145 1
-144 1
-143 4
-142 0
-141 2
-140 1
-139 4
-138 3
-137 1
-136 3
-135 4
-134 5
-133 4
-132 2
-131 2
-130 5
-129 6
-128 2
-127 3
-126 4
-125 4
-124 1
-123 1
-122 4
-121 3
-120 3
-119 6
-118 4
-117 3
-116 5
-115 4
-114 5
-113 6
-112 2
-111 9
-110 7
-109 7
-108 9
-107 7
-106 8
-105 8
-104 4
-103 9
-102 8
-101 8
-100 8
-99 11
-98 7
-97 14
-96 8
-95 14
-94 12
-93 10
-92 15
-91 11
-90 17
-89 15
-88 19
-87 17
-86 8
-85 12
-84 14
-83 17
-82 20
-81 18
-80 14
-79 13
-78 13
-77 17
-76 20
-75 14
-74 24
-73 15
-72 15
-71 23
-70 17
-69 16
-68 23
-67 22
-66 34
-65 29
-64 26
-63 27
-62 34
-61 36
-60 34
-59 33
-58 37
-57 30
-56 39
-55 38
-54 40
-53 30
-52 44
-51 51
-50 44
-49 44
-48 40
-47 69
-46 46
-45 69
-44 70
-43 69
-42 83
-41 97
-40 84
-39 79
-38 99
-37 112
-36 104
-35 95
-34 125
-33 129
-32 133
-31 142
-30 174
-29 148
-28 169
-27 190
-26 212
-25 199
-24 252
-23 217
-22 239
-21 268
-20 276
-19 354
-18 370
-17 379
-16 469
-15 509
-14 506
-13 600
-12 679
-11 769
-10 883
-9 1038
-8 1188
-7 1471
-6 1763
-5 2315
-4 3115
-3 4389
-2 7456
-1 16522
0 91241
1 717226
2 95204
3 13755
4 6650
5 4129
6 3038
7 2190
8 1701
9 1513
10 1190
11 1045
12 844
13 772
14 682
15 602
16 559
17 475
18 448
19 446
20 345
21 343
22 266
23 270
24 241
25 248
26 221
27 199
28 194
29 173
30 183
31 159
32 136
33 144
34 140
35 138
36 123
37 88
38 115
39 92
40 91
41 99
42 89
43 84
44 67
45 70
46 67
47 69
48 62
49 68
50 55
51 52
52 49
53 40
54 51
55 41
56 40
57 41
58 29
59 35
60 25
61 36
62 31
63 33
64 30
65 30
66 32
67 35
68 24
69 26
70 21
71 16
72 23
73 14
74 24
75 18
76 25
77 16
78 19
79 17
80 17
81 18
82 16
83 17
84 16
85 18
86 13
87 19
88 16
89 17
90 10
91 10
92 19
93 12
94 5
95 5
96 16
97 10
98 5
99 14
100 13
101 13
102 7
103 5
104 12
105 6
106 5
107 6
108 9
109 9
110 3
111 5
112 2
113 7
114 1
115 4
116 3
117 4
118 9
119 4
120 4
121 5
122 3
123 2
124 4
125 9
126 3
127 3
128 4
129 4
130 0
131 4
132 8
133 5
134 1
135 4
136 1
137 3
138 1
139 3
140 2
141 4
142 4
143 0
144 1
145 3
146 4
147 2
148 0
149 0
150 7
151 2
152 0
153 0
154 1
155 3
156 1
157 1
158 1
159 2
160 2
161 0
162 1
163 1
164 4
165 0
166 1
167 1
168 1
169 1
170 0
171 4
172 0
173 0
174 1
175 2
176 0
177 1
178 1
179 2
180 1
181 1
182 0
183 0
184 0
185 3
186 2
187 0
188 1
189 1
190 1
191 1
192 3
193 0
194 1
195 2
196 0
197 2
198 1
199 0
200 0
201 2
202 0
203 1
204 0
205 0
206 1
207 0
208 1
209 0
210 1
211 1
212 0
213 0
214 0
215 0
216 0
217 1
218 0
219 1
220 1
221 0
222 0
223 0
224 0
225 0
226 2
227 0
228 0
229 0
230 1
231 2
232 0
233 0
234 0
235 0
236 0
237 0
238 0
239 0
240 0
241 0
242 0
243 0
244 1
245 0
246 0
247 0
248 2
249 1
250 0
251 0
252 0
253 0
254 2
255 0
256 0
257 0
258 1
259 0
260 0
261 0
262 0
263 0
264 0
265 0
266 0
267 1
268 0
269 1
270 0
271 0
272 0
273 0
274 0
275 0
276 0
277 0
278 0
279 0
280 0
281 0
282 0
283 0
284 0
285 0
286 0
287 0
288 0
289 0
290 0
291 1
292 0
293 0
294 0
295 0
296 0
297 0
298 0
299 0
300 0
301 0
302 0
303 0
304 0
305 0
306 0
307 0
308 0
309 0
310 0
311 0
312 0
313 0
314 0
315 0
316 0
317 0
318 0
319 0
320 0
321 0
322 0
323 0
324 0
325 0
326 0
327 0
328 0
329 0
330 0
331 0
332 0
333 0
334 1
