2 0.8211355864384755
3 0.7890044721549306
4 0.7645331934216255
5 0.7444564181389488
6 0.7284131589363932
7 0.714833215046132
8 0.7029939954278661
9 0.6932507032084355
10 0.6846513126107263
11 0.6770753244004768
12 0.6697302327443014
13 0.6636502231634716
14 0.6580047735581135
15 0.6532854322341136
16 0.6477637103787527
17 0.6443159804787572
18 0.6384590008453433
19 0.6363417839878621
20 0.6326072752564934
21 0.6285411240968235
22 0.6252332496365799
23 0.6234913913188834
24 0.6198171741417765
25 0.617222907673326
26 0.6164591960000259
27 0.6140542773740425
28 0.612302198621336
29 0.6108948984499278
30 0.606940966835128
31 0.6037678285409198
32 0.6032255097091438
33 0.6019787541533316
34 0.599936066850662
35 0.5991199489122886
36 0.5973369331185074
37 0.5961255824918865
38 0.5944857191739985
39 0.5921977626568852
40 0.5938548072513495
41 0.5904555733587882
42 0.5894665171889583
43 0.5883131721648923
44 0.5853386642752161
45 0.5847530523423758
46 0.5836233597273862
47 0.582779576688817
48 0.5811847269802083
49 0.5835552241985302
50 0.5792671806954708
51 0.5820320376386244
52 0.5793176760299482
53 0.5770829256838728
54 0.5776030798595946
55 0.577063006449479
56 0.5763995858690437
57 0.5748194548701887
58 0.5758728541055332
59 0.5718162503793898
60 0.5700476029493727
61 0.571859937358165
62 0.5697357129771581
63 0.5707113134194229
64 0.5704112426919514
65 0.5706014176054839
66 0.566567510701589
67 0.568639945623314
68 0.5716456514710637
69 0.5645118791445259
70 0.5656312793974023
71 0.5662072346295473
72 0.56618906532105
73 0.5637748484919942
74 0.567065264371128
75 0.5657079430132709
76 0.565722927409758
77 0.5642985044513379
78 0.5604222792250481
79 0.5657805577273912
80 0.5597761685319289
81 0.560269378265343
82 0.5595002037213093
83 0.5617912424468173
84 0.5574719148815755
85 0.5610069058981272
86 0.5597604895616783
87 0.560542288777635
88 0.559042697034344
89 0.5584220356226369
90 0.558531257691361
91 0.5574422923852481
92 0.5599758795245727
93 0.5544611448672849
94 0.5557390318925044
95 0.5571048044986682
96 0.5547799140315218
97 0.5521725878009957
98 0.5579063058112378
99 0.556180163974124
100 0.553833248868462
101 0.5527635528871623
102 0.5529915909131659
103 0.5540359151097406
104 0.5529208056137793
105 0.5511316550339773
106 0.5471928933054787
107 0.5491878114657435
108 0.5529128086419753
109 0.5528518895235115
110 0.5519114847715736
111 0.5528615900383141
112 0.5501732909057744
113 0.5523548426695036
114 0.5538315520158461
115 0.5507194622413611
116 0.550309581054916
117 0.5467917610266365
118 0.5497021146585775
119 0.5471375992195469
120 0.5540210488920467
121 0.5487971050103871
122 0.5481288233177402
123 0.5439785660308227
124 0.5465796994560708
125 0.5497196608127519
126 0.5485022067799793
127 0.5473380540257016
128 0.5451452181310001
129 0.5453231417511882
130 0.5482341845978209
131 0.5476716732807555
132 0.5457538862087449
133 0.5491420057542129
134 0.5484646401985112
135 0.54515475695887
136 0.5440331171228181
137 0.5489016667108296
138 0.545232792448828
139 0.5377955911823648
140 0.5432395520349631
141 0.5475394435080545
142 0.5471977224517137
143 0.5449508085491349
144 0.5443131462333826
145 0.5439949898943892
146 0.543373528321788
147 0.5462862370632969
148 0.5447853466371453
149 0.5428212690162642
150 0.545121271666129
151 0.5459220946202624
152 0.5362790142609941
153 0.543485514940088
154 0.5426475084072149
155 0.5460330146629369
156 0.5446562032884903
157 0.5475731775526692
158 0.5382241067531334
159 0.537602595915251
160 0.5463007698006248
161 0.5388930563256253
162 0.5423656618610747
163 0.5374500280833912
164 0.5391938221881969
165 0.5398334912684446
166 0.5469895198301253
167 0.5410935231907099
168 0.5412767146249476
169 0.5435329466843687
170 0.5422023476802683
171 0.5407699623120003
172 0.5422013820335637
173 0.5395070095958335
174 0.5364004044489383
175 0.5374127280038016
176 0.5359548916227299
177 0.5388761721922765
178 0.5433169226247336
179 0.5419582995653135
180 0.5368510764442139
181 0.536805056201037
182 0.541105275176981
183 0.5332462141594281
184 0.5406117938975691
185 0.5389202884427987
186 0.5388133254484526
187 0.5397459739643098
188 0.5341321713870734
189 0.5407131452900479
190 0.5400880332387181
191 0.5425216316440049
192 0.5414781297134238
193 0.5397039581288845
194 0.5372579779548363
195 0.5334253681392236
196 0.5367479537591764
197 0.5344732953346
198 0.5369899554036593
199 0.5337047824068212
200 0.5376673040152964
201 0.538367484610844
202 0.538481228668942
203 0.5336165416793099
204 0.5369563322583457
205 0.5381094877662383
206 0.5388323750552853
207 0.5319026293619474
208 0.5361993992917021
209 0.534956616544769
210 0.5286647648845128
211 0.5395653578184838
212 0.5357723199777148
213 0.5325538635613597
214 0.5368365587277256
215 0.5375439596996483
216 0.5330028328611898
217 0.5398942504644405
218 0.5360384153661465
219 0.5376862820022927
220 0.5291104991061506
221 0.5346231676620108
222 0.5299128268991282
223 0.5405892062221778
224 0.5420297029702971
225 0.5281610606432605
226 0.5292818788578311
227 0.5358745525134876
228 0.5317862814405
229 0.5322715404699739
230 0.5373965626989179
231 0.5299136240792751
232 0.534323116219668
233 0.5333049811280633
234 0.5354288758657432
235 0.5351881293057764
236 0.5266142406248329
237 0.5297842653214554
238 0.5243313622307818
239 0.532627769247642
240 0.5351015739883449
241 0.5317650911472547
242 0.5292013636617672
243 0.5336213266640141
244 0.5344876205515763
245 0.5338634023567097
246 0.5388586339913773
247 0.5348915989159891
248 0.5335247424421551
249 0.5293109358930408
250 0.5302363299351252
251 0.5380778377124297
252 0.5288299295979519
253 0.5316091954022989
254 0.5291666666666667
255 0.5300691857370942
256 0.527334986421065
257 0.5323955415151695
258 0.5249060719912738
259 0.5294844851032267
260 0.5348254142970709
261 0.5319809941520468
262 0.5291309669522644
263 0.5306977030605333
264 0.5338726610263694
265 0.531472907020398
266 0.5308134757600658
267 0.527538238811607
268 0.5303261977573904
269 0.5300933376247183
270 0.5369889682024659
271 0.5302238565253855
272 0.5297166098136972
273 0.5292148109243697
274 0.5305158157238483
275 0.5287196774406768
276 0.5301833757194485
277 0.530114722753346
278 0.5343689854275502
279 0.5307998353683633
280 0.5326912642430819
281 0.5260348956551488
282 0.5294561933534743
283 0.5277950848044306
284 0.5291376912378303
285 0.5321304649548925
286 0.5303520981189278
287 0.5259921743991056
288 0.5262343508229006
289 0.5265693637523027
290 0.5260349055243041
291 0.5267811472415053
292 0.5314126530313027
293 0.5313712570466359
294 0.5296591412129261
295 0.527583122111227
296 0.5310251798561151
297 0.5342150234044134
298 0.5297601421379923
299 0.5287543483087854
300 0.5288133075894846
301 0.5264261116933673
302 0.5341263940520447
303 0.526074074074074
304 0.5277966870887225
305 0.5306801846107286
306 0.535154198244166
307 0.524172835775797
308 0.5265052857361728
309 0.5226213975523095
310 0.5303770111262307
311 0.5230818465477238
312 0.5317139001349528
313 0.5253174730750683
314 0.5269990442816184
315 0.5309294618904845
316 0.5213337547408344
317 0.5400992476388666
318 0.5274637796529215
319 0.5295059652494195
320 0.5300208701236153
321 0.5310279488394126
322 0.522752585521082
323 0.5218975147737391
324 0.5180773075641453
325 0.5293613373339049
326 0.5315007683114222
327 0.5254955107572421
328 0.5397596522628484
329 0.5243912785271909
330 0.5325085324232082
331 0.5283163919022806
332 0.5322307039864291
333 0.5228978007761966
334 0.5286856745479833
335 0.525629811056683
336 0.5311865902073225
337 0.5250355113636364
338 0.5253096392030157
339 0.5412097629996463
340 0.5225540860120872
341 0.5231882762934501
342 0.5269455690508322
343 0.530260916345378
344 0.5240767559739319
345 0.5309296889048732
346 0.5161493477282951
347 0.5236063192300708
348 0.524986170016596
349 0.5334548769371011
350 0.521683440073193
351 0.5256267409470752
352 0.5290767110702802
353 0.5267147347014236
354 0.5240037071362372
355 0.5238993117752427
356 0.5188111361926261
357 0.5236321970782011
358 0.5296303353658537
359 0.5262759208408294
360 0.5261943670095165
361 0.5234022104757328
362 0.524625060474117
363 0.5207065750736015
364 0.5259332023575638
365 0.5300567848051694
366 0.5274339732969496
367 0.5221359223300971
368 0.5240868706811451
369 0.5238283177109028
370 0.5186593296648324
371 0.5159821970463282
372 0.5237600083186025
373 0.5388104319142356
374 0.5205283096140063
375 0.5334490858952099
376 0.5254751314193288
377 0.5287671232876713
378 0.5265139949109415
379 0.5222437137330754
380 0.5243080750492382
381 0.5248977880280952
382 0.5319698378266708
383 0.5288866085171883
384 0.5227344324267563
385 0.5269620928990923
386 0.5231542158147663
387 0.5357414862365357
388 0.5243849335946005
389 0.5268911237428946
390 0.5274511918886852
391 0.5204772653982587
392 0.5213897937024973
393 0.5251269858424295
394 0.5139547710976282
395 0.5287152816200067
396 0.5235099337748345
397 0.5218328229556538
398 0.5307237649158024
399 0.5293598233995584
400 0.5211788435679068
401 0.5267634384214107
402 0.523145502343125
403 0.5287058823529411
404 0.5277744594433162
405 0.5302060295658247
406 0.5267255403207065
407 0.5290491952973405
408 0.5190795559666975
409 0.5318750731079659
410 0.5254666973957133
411 0.5239430039710348
412 0.5169310916410135
413 0.5271449345613185
414 0.52675747993189
415 0.5324817518248175
416 0.5357751277683135
417 0.5351928783382789
418 0.5187701108330354
419 0.5245565343308797
420 0.5215676608331279
421 0.5350790513833992
422 0.5274439350761987
423 0.5329875768906043
424 0.5241288468446893
425 0.5246491543720763
426 0.5134970817120622
427 0.5325661116552399
428 0.5200968523002422
429 0.5282243442523873
430 0.5200971463266545
431 0.5211491442542787
432 0.5127254756609835
433 0.5216149068322982
434 0.5279611408643666
435 0.5206642527156948
436 0.52823499620157
437 0.5237488857761365
438 0.517263759086189
439 0.5234647705235941
440 0.5238778705636743
441 0.5313351498637602
442 0.5132213104077114
443 0.5275223244035719
444 0.5196442792673215
445 0.5170068027210885
446 0.5235553182970772
447 0.5274402456936841
448 0.5253584705257568
449 0.5182926829268293
450 0.5176249832462136
451 0.5199789001714361
452 0.5252245113576334
453 0.5233120020895913
454 0.5230482280841993
455 0.5223941368078175
456 0.5297022911236109
457 0.5194590118686172
458 0.5306571350013748
459 0.5222666482834689
460 0.5232733763558973
461 0.5262283737024221
462 0.5195833333333333
463 0.525273799494524
464 0.5196939642958345
465 0.5240039419963396
466 0.5291012640644533
467 0.5263819095477387
468 0.5250831485587583
469 0.5270232427891347
470 0.5244326882918001
471 0.5204686617730095
472 0.5316043083900227
473 0.5189063408958697
474 0.5274967003959525
475 0.5301062573789846
476 0.5161952220430895
477 0.530908015380065
478 0.5180776014109347
479 0.5293502613890964
480 0.5161146591415416
481 0.5244120273891039
482 0.5320693230632499
483 0.5186221109966141
484 0.518364312267658
485 0.5214436726064633
486 0.527330221352206
487 0.5316816816816817
488 0.5250294464075382
489 0.5230243612596553
490 0.5254136234908332
491 0.5189451348893604
492 0.5230722982113333
493 0.5149471102253564
494 0.5223765432098766
495 0.5220474868948505
496 0.5126895697926339
497 0.5201008986284092
498 0.5265318769850492
