-1397 1
-1396 0
-1395 0
-1394 0
-1393 0
-1392 0
-1391 0
-1390 0
-1389 0
-1388 0
-1387 0
-1386 0
-1385 0
-1384 0
-1383 0
-1382 0
-1381 0
-1380 0
-1379 0
-1378 0
-1377 0
-1376 0
-1375 0
-1374 0
-1373 0
-1372 0
-1371 0
-1370 0
-1369 0
-1368 0
-1367 0
-1366 0
-1365 0
-1364 0
-1363 0
-1362 0
-1361 0
-1360 0
-1359 0
-1358 0
-1357 0
-1356 0
-1355 0
-1354 0
-1353 0
-1352 0
-1351 0
-1350 0
-1349 0
-1348 0
-1347 0
-1346 0
-1345 0
-1344 0
-1343 0
-1342 0
-1341 0
-1340 0
-1339 0
-1338 0
-1337 0
-1336 0
-1335 0
-1334 0
-1333 0
-1332 0
-1331 0
-1330 0
-1329 0
-1328 0
-1327 0
-1326 0
-1325 0
-1324 0
-1323 0
-1322 0
-1321 0
-1320 0
-1319 0
-1318 0
-1317 0
-1316 0
-1315 0
-1314 0
-1313 0
-1312 0
-1311 0
-1310 0
-1309 0
-1308 0
-1307 0
-1306 0
-1305 0
-1304 0
-1303 0
-1302 0
-1301 0
-1300 0
-1299 0
-1298 0
-1297 0
-1296 0
-1295 0
-1294 0
-1293 0
-1292 0
-1291 0
-1290 0
-1289 0
-1288 0
-1287 0
-1286 0
-1285 0
-1284 0
-1283 0
-1282 0
-1281 0
-1280 0
-1279 0
-1278 0
-1277 1
-1276 0
-1275 0
-1274 0
-1273 0
-1272 0
-1271 0
-1270 0
-1269 0
-1268 0
-1267 0
-1266 0
-1265 0
-1264 0
-1263 0
-1262 0
-1261 0
-1260 0
-1259 0
-1258 0
-1257 0
-1256 0
-1255 0
-1254 0
-1253 0
-1252 0
-1251 0
-1250 0
-1249 0
-1248 1
-1247 0
-1246 0
-1245 0
-1244 0
-1243 1
-1242 0
-1241 0
-1240 0
-1239 0
-1238 1
-1237 0
-1236 0
-1235 0
-1234 0
-1233 0
-1232 0
-1231 0
-1230 0
-1229 0
-1228 0
-1227 0
-1226 0
-1225 0
-1224 0
-1223 0
-1222 0
-1221 0
-1220 0
-1219 0
-1218 1
-1217 0
-1216 0
-1215 0
-1214 0
-1213 0
-1212 0
-1211 0
-1210 0
-1209 0
-1208 1
-1207 0
-1206 0
-1205 0
-1204 0
-1203 0
-1202 0
-1201 0
-1200 0
-1199 0
-1198 0
-1197 0
-1196 0
-1195 0
-1194 0
-1193 0
-1192 0
-1191 0
-1190 1
-1189 0
-1188 0
-1187 0
-1186 0
-1185 1
-1184 0
-1183 0
-1182 0
-1181 0
-1180 0
-1179 0
-1178 0
-1177 0
-1176 0
-1175 0
-1174 0
-1173 0
-1172 0
-1171 0
-1170 0
-1169 3
-1168 0
-1167 1
-1166 0
-1165 0
-1164 0
-1163 0
-1162 0
-1161 0
-1160 0
-1159 0
-1158 0
-1157 0
-1156 0
-1155 0
-1154 0
-1153 0
-1152 0
-1151 0
-1150 0
-1149 0
-1148 1
-1147 0
-1146 0
-1145 0
-1144 0
-1143 0
-1142 0
-1141 0
-1140 0
-1139 1
-1138 0
-1137 0
-1136 0
-1135 0
-1134 0
-1133 0
-1132 0
-1131 1
-1130 0
-1129 0
-1128 0
-1127 0
-1126 1
-1125 0
-1124 0
-1123 0
-1122 0
-1121 0
-1120 0
-1119 0
-1118 0
-1117 0
-1116 0
-1115 0
-1114 0
-1113 0
-1112 0
-1111 0
-1110 0
-1109 0
-1108 0
-1107 0
-1106 0
-1105 0
-1104 1
-1103 0
-1102 0
-1101 1
-1100 2
-1099 1
-1098 0
-1097 1
-1096 0
-1095 1
-1094 0
-1093 0
-1092 1
-1091 0
-1090 0
-1089 0
-1088 0
-1087 0
-1086 0
-1085 1
-1084 0
-1083 0
-1082 0
-1081 0
-1080 1
-1079 1
-1078 0
-1077 1
-1076 0
-1075 0
-1074 0
-1073 0
-1072 0
-1071 1
-1070 0
-1069 0
-1068 0
-1067 1
-1066 0
-1065 0
-1064 0
-1063 1
-1062 0
-1061 0
-1060 1
-1059 1
-1058 0
-1057 1
-1056 1
-1055 0
-1054 0
-1053 0
-1052 0
-1051 0
-1050 0
-1049 1
-1048 0
-1047 3
-1046 0
-1045 2
-1044 0
-1043 0
-1042 0
-1041 0
-1040 1
-1039 0
-1038 0
-1037 0
-1036 0
-1035 0
-1034 1
-1033 0
-1032 1
-1031 1
-1030 2
-1029 0
-1028 0
-1027 1
-1026 1
-1025 0
-1024 0
-1023 0
-1022 0
-1021 1
-1020 1
-1019 1
-1018 0
-1017 0
-1016 1
-1015 2
-1014 2
-1013 0
-1012 0
-1011 0
-1010 2
-1009 0
-1008 0
-1007 0
-1006 0
-1005 1
-1004 0
-1003 4
-1002 0
-1001 1
-1000 0
-999 0
-998 0
-997 0
-996 1
-995 2
-994 0
-993 0
-992 2
-991 0
-990 1
-989 2
-988 1
-987 0
-986 1
-985 0
-984 1
-983 4
-982 1
-981 0
-980 0
-979 0
-978 0
-977 0
-976 3
-975 1
-974 0
-973 1
-972 1
-971 1
-970 0
-969 2
-968 1
-967 1
-966 1
-965 1
-964 0
-963 0
-962 4
-961 0
-960 0
-959 3
-958 0
-957 1
-956 2
-955 1
-954 2
-953 5
-952 1
-951 1
-950 1
-949 3
-948 3
-947 3
-946 1
-945 1
-944 1
-943 4
-942 2
-941 1
-940 3
-939 4
-938 2
-937 1
-936 1
-935 2
-934 3
-933 2
-932 3
-931 4
-930 1
-929 5
-928 3
-927 3
-926 0
-925 0
-924 0
-923 2
-922 1
-921 3
-920 1
-919 0
-918 0
-917 1
-916 1
-915 2
-914 1
-913 4
-912 1
-911 0
-910 3
-909 3
-908 2
-907 1
-906 3
-905 1
-904 1
-903 1
-902 0
-901 4
-900 3
-899 4
-898 4
-897 4
-896 1
-895 3
-894 1
-893 4
-892 3
-891 0
-890 3
-889 1
-888 1
-887 0
-886 1
-885 4
-884 2
-883 3
-882 2
-881 4
-880 1
-879 3
-878 2
-877 0
-876 4
-875 1
-874 2
-873 3
-872 2
-871 4
-870 1
-869 3
-868 5
-867 3
-866 1
-865 3
-864 5
-863 3
-862 3
-861 1
-860 2
-859 4
-858 4
-857 3
-856 3
-855 5
-854 9
-853 4
-852 2
-851 0
-850 6
-849 9
-848 2
-847 4
-846 4
-845 4
-844 1
-843 7
-842 5
-841 7
-840 6
-839 2
-838 1
-837 3
-836 8
-835 3
-834 4
-833 6
-832 5
-831 4
-830 2
-829 4
-828 6
-827 4
-826 7
-825 4
-824 6
-823 6
-822 7
-821 6
-820 6
-819 4
-818 5
-817 2
-816 4
-815 6
-814 5
-813 6
-812 2
-811 6
-810 6
-809 10
-808 5
-807 9
-806 5
-805 5
-804 4
-803 9
-802 7
-801 6
-800 6
-799 3
-798 3
-797 12
-796 6
-795 6
-794 15
-793 11
-792 7
-791 9
-790 6
-789 9
-788 6
-787 8
-786 8
-785 8
-784 10
-783 10
-782 8
-781 2
-780 11
-779 13
-778 8
-777 4
-776 12
-775 13
-774 4
-773 6
-772 11
-771 11
-770 8
-769 12
-768 7
-767 9
-766 9
-765 9
-764 10
-763 11
-762 16
-761 12
-760 11
-759 13
-758 8
-757 14
-756 11
-755 11
-754 11
-753 11
-752 10
-751 11
-750 13
-749 9
-748 11
-747 16
-746 11
-745 17
-744 10
-743 16
-742 14
-741 9
-740 14
-739 12
-738 10
-737 15
-736 15
-735 13
-734 24
-733 19
-732 17
-731 12
-730 15
-729 8
-728 20
-727 17
-726 15
-725 23
-724 14
-723 21
-722 20
-721 13
-720 21
-719 20
-718 16
-717 16
-716 16
-715 19
-714 15
-713 22
-712 25
-711 19
-710 19
-709 24
-708 18
-707 16
-706 23
-705 27
-704 19
-703 31
-702 14
-701 25
-700 20
-699 28
-698 13
-697 16
-696 26
-695 26
-694 25
-693 27
-692 13
-691 20
-690 29
-689 30
-688 25
-687 24
-686 32
-685 24
-684 21
-683 32
-682 32
-681 30
-680 21
-679 24
-678 32
-677 40
-676 32
-675 27
-674 29
-673 23
-672 24
-671 31
-670 26
-669 30
-668 41
-667 29
-666 27
-665 23
-664 29
-663 35
-662 25
-661 37
-660 31
-659 30
-658 34
-657 43
-656 34
-655 31
-654 23
-653 45
-652 38
-651 20
-650 34
-649 27
-648 35
-647 26
-646 44
-645 43
-644 43
-643 43
-642 37
-641 41
-640 29
-639 47
-638 56
-637 39
-636 42
-635 35
-634 39
-633 34
-632 45
-631 44
-630 51
-629 43
-628 41
-627 60
-626 34
-625 43
-624 46
-623 53
-622 52
-621 37
-620 51
-619 49
-618 49
-617 55
-616 60
-615 67
-614 66
-613 73
-612 53
-611 55
-610 58
-609 68
-608 56
-607 61
-606 67
-605 66
-604 69
-603 60
-602 60
-601 55
-600 59
-599 57
-598 78
-597 62
-596 68
-595 72
-594 58
-593 54
-592 89
-591 75
-590 77
-589 69
-588 94
-587 69
-586 76
-585 64
-584 77
-583 79
-582 80
-581 95
-580 83
-579 89
-578 82
-577 95
-576 78
-575 78
-574 96
-573 72
-572 76
-571 85
-570 100
-569 104
-568 78
-567 98
-566 102
-565 95
-564 89
-563 77
-562 101
-561 103
-560 95
-559 94
-558 117
-557 98
-556 103
-555 127
-554 105
-553 109
-552 102
-551 112
-550 112
-549 121
-548 114
-547 129
-546 108
-545 122
-544 102
-543 107
-542 134
-541 105
-540 130
-539 119
-538 116
-537 132
-536 129
-535 122
-534 130
-533 142
-532 146
-531 119
-530 125
-529 149
-528 137
-527 135
-526 152
-525 119
-524 158
-523 157
-522 152
-521 155
-520 149
-519 150
-518 148
-517 164
-516 154
-515 185
-514 175
-513 167
-512 169
-511 136
-510 166
-509 168
-508 185
-507 184
-506 172
-505 163
-504 193
-503 175
-502 166
-501 172
-500 179
-499 171
-498 193
-497 183
-496 182
-495 188
-494 219
-493 206
-492 182
-491 204
-490 186
-489 230
-488 230
-487 218
-486 223
-485 201
-484 247
-483 221
-482 227
-481 218
-480 205
-479 242
-478 265
-477 243
-476 258
-475 243
-474 239
-473 264
-472 263
-471 269
-470 285
-469 276
-468 284
-467 278
-466 249
-465 294
-464 274
-463 269
-462 310
-461 279
-460 313
-459 274
-458 294
-457 342
-456 288
-455 296
-454 312
-453 306
-452 318
-451 345
-450 323
-449 355
-448 333
-447 346
-446 357
-445 352
-444 341
-443 340
-442 392
-441 363
-440 355
-439 362
-438 386
-437 387
-436 368
-435 390
-434 361
-433 405
-432 410
-431 401
-430 428
-429 425
-428 454
-427 452
-426 456
-425 468
-424 446
-423 453
-422 453
-421 457
-420 473
-419 460
-418 501
-417 493
-416 483
-415 446
-414 503
-413 500
-412 471
-411 523
-410 494
-409 533
-408 502
-407 555
-406 570
-405 562
-404 570
-403 531
-402 592
-401 537
-400 593
-399 590
-398 566
-397 573
-396 614
-395 630
-394 625
-393 666
-392 632
-391 660
-390 648
-389 669
-388 648
-387 689
-386 668
-385 701
-384 754
-383 743
-382 715
-381 705
-380 733
-379 746
-378 765
-377 839
-376 806
-375 760
-374 758
-373 805
-372 791
-371 828
-370 832
-369 852
-368 866
-367 780
-366 917
-365 891
-364 897
-363 860
-362 929
-361 954
-360 1012
-359 906
-358 980
-357 1023
-356 996
-355 1019
-354 1010
-353 999
-352 1062
-351 1062
-350 1063
-349 1106
-348 1099
-347 1108
-346 1099
-345 1148
-344 1167
-343 1221
-342 1215
-341 1153
-340 1257
-339 1186
-338 1244
-337 1259
-336 1284
-335 1230
-334 1346
-333 1320
-332 1296
-331 1364
-330 1368
-329 1438
-328 1395
-327 1410
-326 1475
-325 1479
-324 1479
-323 1484
-322 1519
-321 1479
-320 1487
-319 1598
-318 1553
-317 1558
-316 1626
-315 1644
-314 1666
-313 1636
-312 1687
-311 1641
-310 1779
-309 1730
-308 1754
-307 1844
-306 1785
-305 1831
-304 1918
-303 1908
-302 1890
-301 1931
-300 1915
-299 2011
-298 2028
-297 2070
-296 2096
-295 2069
-294 2121
-293 2180
-292 2179
-291 2219
-290 2220
-289 2212
-288 2382
-287 2325
-286 2382
-285 2445
-284 2441
-283 2544
-282 2527
-281 2600
-280 2488
-279 2597
-278 2621
-277 2633
-276 2698
-275 2716
-274 2761
-273 2705
-272 2893
-271 2990
-270 2948
-269 3015
-268 3070
-267 3030
-266 3118
-265 3113
-264 3011
-263 3183
-262 3250
-261 3299
-260 3288
-259 3520
-258 3494
-257 3532
-256 3604
-255 3599
-254 3651
-253 3690
-252 3745
-251 3826
-250 3957
-249 3934
-248 4015
-247 4081
-246 4009
-245 4035
-244 4224
-243 4278
-242 4287
-241 4337
-240 4396
-239 4425
-238 4556
-237 4568
-236 4635
-235 4749
-234 4774
-233 4851
-232 4920
-231 4982
-230 4980
-229 5054
-228 5299
-227 5323
-226 5324
-225 5299
-224 5398
-223 5617
-222 5507
-221 5748
-220 5855
-219 5960
-218 6046
-217 6108
-216 6127
-215 6171
-214 6311
-213 6503
-212 6598
-211 6628
-210 6644
-209 7005
-208 6990
-207 7021
-206 7020
-205 7198
-204 7330
-203 7689
-202 7522
-201 7668
-200 7852
-199 7973
-198 8049
-197 8179
-196 8277
-195 8538
-194 8568
-193 8570
-192 8894
-191 8949
-190 9296
-189 9060
-188 9558
-187 9406
-186 9620
-185 9789
-184 10062
-183 9985
-182 10194
-181 10520
-180 10384
-179 10644
-178 11186
-177 11361
-176 11274
-175 11473
-174 11752
-173 11786
-172 12060
-171 12305
-170 12406
-169 12524
-168 12784
-167 13148
-166 13092
-165 13548
-164 13597
-163 14170
-162 14445
-161 14265
-160 14784
-159 15000
-158 15200
-157 15525
-156 15840
-155 15850
-154 16469
-153 16597
-152 16673
-151 16955
-150 17604
-149 17756
-148 18049
-147 18099
-146 18733
-145 19094
-144 19398
-143 19644
-142 20145
-141 20499
-140 20800
-139 20774
-138 21556
-137 21863
-136 22293
-135 22629
-134 22973
-133 23955
-132 24237
-131 24656
-130 24952
-129 25567
-128 25928
-127 26350
-126 26660
-125 27008
-124 27719
-123 28737
-122 29068
-121 29474
-120 30039
-119 31128
-118 31261
-117 31692
-116 32660
-115 33242
-114 34195
-113 34798
-112 35350
-111 35821
-110 36915
-109 37603
-108 38609
-107 39200
-106 39868
-105 41119
-104 41812
-103 42678
-102 43495
-101 44645
-100 45704
-99 46114
-98 47600
-97 49025
-96 49498
-95 50570
-94 52156
-93 53289
-92 54746
-91 55759
-90 56856
-89 58433
-88 59558
-87 61249
-86 62687
-85 64103
-84 65485
-83 67373
-82 68874
-81 70409
-80 72632
-79 74547
-78 76271
-77 78509
-76 81328
-75 82338
-74 84588
-73 87100
-72 89602
-71 91749
-70 94849
-69 97071
-68 100131
-67 103518
-66 106351
-65 108388
-64 112585
-63 115313
-62 119136
-61 123311
-60 126840
-59 130114
-58 134672
-57 138471
-56 143723
-55 148217
-54 153309
-53 158692
-52 164214
-51 170022
-50 175167
-49 182531
-48 188690
-47 196642
-46 204106
-45 212270
-44 220755
-43 229845
-42 238324
-41 248477
-40 259330
-39 270998
-38 282794
-37 295513
-36 309218
-35 325065
-34 339230
-33 356052
-32 375178
-31 396318
-30 416838
-29 438666
-28 463923
-27 490829
-26 523479
-25 556139
-24 592299
-23 631734
-22 677350
-21 726857
-20 783031
-19 844705
-18 919514
-17 998871
-16 1092388
-15 1201316
-14 1324723
-13 1477081
-12 1651341
-11 1870675
-10 2135660
-9 2473424
-8 2900557
-7 3473602
-6 4250267
-5 5380033
-4 7085000
-3 10009733
-2 16188286
-1 32506428
0 160012046
1 556997477
2 160004185
3 32509413
4 16187795
5 10010248
6 7087604
7 5380534
8 4250983
9 3469963
10 2905339
11 2471550
12 2136445
13 1868792
14 1653015
15 1478640
16 1326233
17 1200328
18 1092052
19 998574
20 917731
21 845839
22 783714
23 726741
24 677523
25 631790
26 592119
27 557033
28 523302
29 490390
30 466062
31 438906
32 416567
33 393730
34 373654
35 356710
36 340401
37 324774
38 309395
39 295581
40 282742
41 270343
42 259849
43 248645
44 238195
45 229208
46 220518
47 212711
48 203716
49 196807
50 190143
51 182141
52 176537
53 169662
54 164214
55 158546
56 152793
57 147837
58 143367
59 139274
60 134912
61 130491
62 126861
63 122080
64 119572
65 115146
66 112543
67 108857
68 106024
69 102809
70 100926
71 96952
72 94118
73 91941
74 89551
75 87544
76 85188
77 82598
78 80514
79 78440
80 76504
81 74753
82 72647
83 70590
84 69206
85 67043
86 65834
87 63798
88 62428
89 61405
90 59929
91 58360
92 56993
93 55424
94 54276
95 53207
96 51929
97 50974
98 49689
99 48624
100 47548
101 46866
102 45923
103 44304
104 43379
105 42958
106 41884
107 40985
108 40056
109 39142
110 38535
111 37626
112 37000
113 36193
114 34981
115 34542
116 34137
117 33378
118 32859
119 31762
120 31326
121 30717
122 30209
123 29333
124 29173
125 28638
126 28068
127 27378
128 26775
129 25856
130 25928
131 25466
132 25083
133 24514
134 24028
135 23455
136 23268
137 22550
138 22277
139 22031
140 21685
141 21080
142 20800
143 20431
144 20056
145 20089
146 19149
147 19047
148 18632
149 18328
150 18155
151 17712
152 17410
153 16993
154 16641
155 16341
156 16301
157 15719
158 15566
159 15652
160 15366
161 14662
162 14622
163 14432
164 14170
165 13821
166 14090
167 13509
168 13432
169 13219
170 12843
171 12509
172 12362
173 12277
174 11956
175 11943
176 11792
177 11603
178 11204
179 11143
180 11008
181 10763
182 10588
183 10509
184 10307
185 10152
186 10080
187 9813
188 9736
189 9677
190 9463
191 9201
192 9114
193 8955
194 8733
195 8654
196 8439
197 8456
198 8350
199 8083
200 8222
201 7873
202 7732
203 7709
204 7650
205 7529
206 7450
207 7250
208 7206
209 6944
210 6989
211 6702
212 6760
213 6760
214 6561
215 6578
216 6323
217 6214
218 6180
219 6067
220 6001
221 5856
222 5790
223 5718
224 5617
225 5584
226 5516
227 5384
228 5291
229 5231
230 5166
231 5211
232 4981
233 5001
234 4893
235 4898
236 4805
237 4712
238 4652
239 4497
240 4439
241 4473
242 4347
243 4392
244 4225
245 4282
246 4092
247 4101
248 4043
249 3976
250 3957
251 3912
252 3898
253 3849
254 3739
255 3635
256 3592
257 3682
258 3617
259 3489
260 3322
261 3408
262 3371
263 3248
264 3221
265 3235
266 3240
267 3060
268 3110
269 3074
270 3039
271 2841
272 2980
273 2877
274 2835
275 2785
276 2684
277 2728
278 2749
279 2633
280 2683
281 2657
282 2499
283 2457
284 2517
285 2340
286 2447
287 2471
288 2410
289 2349
290 2308
291 2315
292 2257
293 2262
294 2236
295 2112
296 2184
297 2127
298 2096
299 2069
300 2105
301 2035
302 1850
303 1943
304 1872
305 1837
306 1897
307 1848
308 1861
309 1851
310 1766
311 1798
312 1732
313 1662
314 1708
315 1678
316 1697
317 1660
318 1558
319 1647
320 1539
321 1526
322 1512
323 1475
324 1466
325 1437
326 1402
327 1452
328 1404
329 1387
330 1444
331 1403
332 1370
333 1367
334 1350
335 1266
336 1252
337 1295
338 1237
339 1281
340 1271
341 1172
342 1259
343 1161
344 1157
345 1148
346 1188
347 1084
348 1083
349 1104
350 1129
351 1055
352 1077
353 1031
354 1013
355 1039
356 984
357 1003
358 1057
359 982
360 964
361 986
362 964
363 911
364 940
365 904
366 872
367 881
368 904
369 862
370 835
371 780
372 856
373 884
374 770
375 823
376 793
377 790
378 762
379 706
380 802
381 699
382 724
383 727
384 732
385 706
386 718
387 722
388 664
389 646
390 652
391 687
392 655
393 689
394 638
395 597
396 583
397 687
398 581
399 609
400 598
401 575
402 619
403 558
404 590
405 559
406 557
407 554
408 525
409 540
410 536
411 532
412 522
413 540
414 515
415 483
416 506
417 528
418 486
419 498
420 490
421 453
422 456
423 462
424 482
425 467
426 441
427 426
428 427
429 428
430 448
431 432
432 428
433 403
434 414
435 373
436 359
437 360
438 393
439 445
440 343
441 386
442 377
443 374
444 358
445 378
446 348
447 349
448 348
449 341
450 347
451 353
452 352
453 317
454 333
455 322
456 302
457 276
458 337
459 301
460 296
461 322
462 314
463 308
464 306
465 316
466 286
467 271
468 273
469 269
470 273
471 265
472 268
473 267
474 286
475 228
476 263
477 252
478 270
479 246
480 241
481 221
482 255
483 254
484 268
485 232
486 230
487 224
488 193
489 234
490 192
491 223
492 231
493 175
494 230
495 205
496 196
497 219
498 222
499 199
500 202
501 193
502 202
503 213
504 200
505 187
506 173
507 187
508 208
509 172
510 172
511 180
512 158
513 140
514 155
515 157
516 175
517 156
518 163
519 157
520 151
521 152
522 152
523 143
524 147
525 147
526 139
527 145
528 135
529 146
530 139
531 144
532 131
533 152
534 115
535 161
536 129
537 117
538 113
539 115
540 128
541 120
542 131
543 120
544 116
545 128
546 113
547 109
548 99
549 109
550 129
551 133
552 126
553 100
554 120
555 114
556 102
557 95
558 99
559 92
560 119
561 88
562 99
563 84
564 85
565 66
566 94
567 101
568 110
569 97
570 100
571 88
572 83
573 81
574 78
575 86
576 74
577 83
578 91
579 89
580 68
581 80
582 80
583 69
584 91
585 64
586 77
587 72
588 75
589 58
590 64
591 86
592 71
593 68
594 93
595 54
596 64
597 68
598 63
599 71
600 75
601 61
602 51
603 68
604 67
605 47
606 65
607 61
608 65
609 64
610 48
611 63
612 54
613 62
614 52
615 52
616 66
617 48
618 47
619 40
620 41
621 43
622 36
623 45
624 45
625 59
626 45
627 50
628 49
629 58
630 48
631 45
632 57
633 47
634 45
635 29
636 34
637 37
638 33
639 43
640 46
641 40
642 29
643 30
644 41
645 31
646 45
647 39
648 38
649 43
650 43
651 37
652 31
653 38
654 38
655 22
656 33
657 35
658 28
659 33
660 36
661 44
662 37
663 27
664 26
665 28
666 32
667 20
668 34
669 34
670 30
671 24
672 37
673 33
674 31
675 32
676 23
677 26
678 24
679 35
680 21
681 29
682 29
683 33
684 34
685 23
686 22
687 23
688 17
689 24
690 21
691 31
692 24
693 27
694 25
695 26
696 22
697 18
698 21
699 21
700 32
701 21
702 15
703 19
704 15
705 18
706 13
707 27
708 19
709 23
710 20
711 25
712 25
713 21
714 14
715 17
716 20
717 16
718 12
719 15
720 13
721 19
722 16
723 21
724 12
725 18
726 27
727 18
728 14
729 16
730 18
731 18
732 18
733 13
734 16
735 16
736 10
737 14
738 11
739 11
740 7
741 13
742 9
743 13
744 20
745 16
746 15
747 11
748 9
749 12
750 9
751 8
752 13
753 14
754 15
755 13
756 13
757 13
758 12
759 12
760 9
761 14
762 13
763 11
764 12
765 12
766 12
767 9
768 10
769 12
770 7
771 12
772 8
773 7
774 7
775 15
776 9
777 7
778 6
779 14
780 5
781 5
782 4
783 10
784 12
785 9
786 8
787 8
788 12
789 9
790 8
791 9
792 10
793 6
794 13
795 4
796 9
797 8
798 14
799 7
800 8
801 13
802 4
803 8
804 7
805 6
806 4
807 3
808 5
809 12
810 6
811 7
812 9
813 7
814 8
815 7
816 5
817 8
818 10
819 4
820 9
821 7
822 5
823 3
824 7
825 4
826 7
827 10
828 6
829 1
830 8
831 8
832 7
833 6
834 3
835 4
836 2
837 5
838 4
839 5
840 1
841 3
842 3
843 6
844 6
845 3
846 4
847 5
848 4
849 3
850 5
851 1
852 5
853 5
854 3
855 7
856 2
857 3
858 2
859 1
860 3
861 3
862 1
863 5
864 9
865 3
866 4
867 3
868 4
869 4
870 3
871 5
872 5
873 4
874 4
875 6
876 1
877 5
878 0
879 4
880 5
881 2
882 2
883 3
884 1
885 2
886 2
887 4
888 2
889 3
890 1
891 2
892 4
893 4
894 1
895 3
896 1
897 4
898 1
899 6
900 5
901 2
902 2
903 4
904 2
905 4
906 2
907 1
908 4
909 3
910 3
911 1
912 4
913 1
914 0
915 1
916 1
917 2
918 1
919 2
920 1
921 1
922 1
923 3
924 2
925 0
926 2
927 0
928 2
929 3
930 0
931 3
932 4
933 1
934 3
935 3
936 0
937 1
938 0
939 1
940 1
941 2
942 4
943 2
944 0
945 3
946 2
947 0
948 3
949 2
950 0
951 2
952 1
953 0
954 1
955 1
956 1
957 2
958 1
959 0
960 3
961 1
962 0
963 1
964 0
965 0
966 0
967 0
968 1
969 2
970 2
971 4
972 0
973 0
974 1
975 0
976 0
977 1
978 2
979 2
980 0
981 1
982 0
983 0
984 1
985 0
986 1
987 0
988 1
989 0
990 3
991 0
992 1
993 1
994 2
995 1
996 0
997 2
998 0
999 0
1000 0
1001 0
1002 0
1003 1
1004 1
1005 2
1006 2
1007 0
1008 0
1009 1
1010 1
1011 0
1012 1
1013 0
1014 1
1015 1
1016 0
1017 1
1018 1
1019 1
1020 1
1021 0
1022 4
1023 0
1024 0
1025 0
1026 1
1027 1
1028 0
1029 0
1030 0
1031 0
1032 0
1033 0
1034 0
1035 0
1036 1
1037 1
1038 0
1039 1
1040 0
1041 1
1042 1
1043 0
1044 2
1045 0
1046 1
1047 0
1048 0
1049 1
1050 1
1051 0
1052 0
1053 1
1054 1
1055 1
1056 0
1057 0
1058 1
1059 1
1060 0
1061 1
1062 0
1063 0
1064 2
1065 0
1066 0
1067 1
1068 0
1069 1
1070 1
1071 1
1072 1
1073 0
1074 0
1075 1
1076 0
1077 0
1078 0
1079 0
1080 0
1081 0
1082 1
1083 0
1084 0
1085 0
1086 0
1087 0
1088 1
1089 0
1090 0
1091 0
1092 0
1093 0
1094 1
1095 0
1096 0
1097 0
1098 0
1099 0
1100 0
1101 0
1102 0
1103 0
1104 0
1105 0
1106 1
1107 0
1108 0
1109 0
1110 1
1111 1
1112 0
1113 0
1114 0
1115 0
1116 0
1117 1
1118 1
1119 1
1120 0
1121 0
1122 0
1123 0
1124 0
1125 0
1126 1
1127 0
1128 0
1129 0
1130 0
1131 0
1132 1
1133 0
1134 1
1135 0
1136 0
1137 0
1138 1
1139 0
1140 0
1141 0
1142 0
1143 0
1144 1
1145 0
1146 0
1147 0
1148 0
1149 0
1150 0
1151 0
1152 0
1153 0
1154 0
1155 0
1156 0
1157 0
1158 0
1159 0
1160 0
1161 0
1162 0
1163 0
1164 0
1165 0
1166 0
1167 0
1168 0
1169 0
1170 0
1171 0
1172 0
1173 0
1174 0
1175 0
1176 0
1177 0
1178 0
1179 0
1180 0
1181 0
1182 0
1183 0
1184 0
1185 0
1186 0
1187 0
1188 0
1189 0
1190 2
1191 0
1192 0
1193 1
1194 0
1195 0
1196 0
1197 0
1198 0
1199 0
1200 0
1201 0
1202 0
1203 0
1204 1
1205 0
1206 0
1207 0
1208 0
1209 0
1210 0
1211 0
1212 0
1213 0
1214 0
1215 0
1216 0
1217 1
1218 0
1219 0
1220 0
1221 1
1222 0
1223 0
1224 0
1225 0
1226 0
1227 0
1228 0
1229 0
1230 0
1231 0
1232 0
1233 0
1234 0
1235 0
1236 0
1237 0
1238 0
1239 1
1240 0
1241 0
1242 0
1243 0
1244 0
1245 0
1246 0
1247 0
1248 0
1249 0
1250 0
1251 1
1252 0
1253 0
1254 0
1255 0
1256 0
1257 0
1258 0
1259 0
1260 0
1261 0
1262 0
1263 0
1264 0
1265 0
1266 0
1267 1
