0 0.5339
1 0.5313
2 0.537
3 0.5231
4 0.5333
5 0.5311
6 0.5287
7 0.5308
8 0.5292
9 0.5338
10 0.5304
11 0.5203
12 0.5323
13 0.5378
14 0.5272
15 0.5381
16 0.5402
17 0.5338
18 0.5289
19 0.5293
20 0.5227
21 0.5402
22 0.523
23 0.5299
24 0.5218
25 0.5269
26 0.5222
27 0.5334
28 0.5298
29 0.529
30 0.5317
31 0.5367
32 0.5308
33 0.5267
34 0.5185
35 0.5376
36 0.5329
37 0.5246
38 0.5223
39 0.5326
40 0.531
41 0.5229
42 0.535
43 0.5279
44 0.5358
45 0.534
46 0.5384
47 0.5285
48 0.5316
49 0.5309
50 0.5319
51 0.5269
52 0.5296
53 0.5258
54 0.5317
55 0.5227
56 0.5416
57 0.5261
58 0.5298
59 0.5294
60 0.5422
61 0.5345
62 0.5341
63 0.5256
64 0.5215
65 0.5209
66 0.5409
67 0.5293
68 0.5273
69 0.5332
70 0.5346
71 0.5334
72 0.5345
73 0.5271
74 0.5267
75 0.5391
76 0.5309
77 0.531
78 0.5309
79 0.527
80 0.5312
81 0.5206
82 0.5366
83 0.5278
84 0.536
85 0.5238
86 0.5183
87 0.5354
88 0.5337
89 0.5313
90 0.5322
91 0.5393
92 0.5313
93 0.5276
94 0.5349
95 0.525
96 0.5321
97 0.5303
98 0.5234
99 0.5245
100 0.5184
101 0.5272
102 0.5281
103 0.5263
104 0.5232
105 0.5297
106 0.5311
107 0.5315
108 0.5225
109 0.5269
110 0.5286
