2 0.689590968778786
3 0.6693484513735463
4 0.6616441391535564
5 0.6558025840996392
6 0.638101859899183
7 0.6359701851406588
8 0.618786313750807
9 0.6107544141252006
10 0.6083070452155626
11 0.6192660550458715
12 0.6135425268373246
13 0.6244979919678715
14 0.5898673100120627
15 0.6035242290748899
16 0.6219931271477663
17 0.56640625
18 0.5777262180974478
19 0.6094117647058823
20 0.5286458333333334
21 0.5657492354740061
22 0.5772058823529411
23 0.6070038910505836
24 0.58984375
25 0.5252525252525253
26 0.6114285714285714
27 0.5875
28 0.5753424657534246
29 0.6573426573426573
30 0.5153846153846153
31 0.624
32 0.5968992248062015
33 0.5643564356435643
34 0.6470588235294118
35 0.6410256410256411
36 0.5339805825242718
37 0.5263157894736842
38 0.676056338028169
39 0.6060606060606061
40 0.6
41 0.6428571428571429
42 0.4909090909090909
43 0.5666666666666667
44 0.5625
45 0.5306122448979592
46 0.5952380952380952
47 0.6052631578947368
48 0.6
49 0.5
50 0.696969696969697
51 0.6052631578947368
52 0.631578947368421
53 0.5869565217391305
54 0.4897959183673469
55 0.5675675675675675
56 0.5454545454545454
57 0.41379310344827586
58 0.525
59 0.6
60 0.5806451612903226
61 0.5588235294117647
62 0.5
63 0.4482758620689655
64 0.38461538461538464
65 0.43478260869565216
66 0.6
67 0.6428571428571429
68 0.4166666666666667
69 0.7142857142857143
70 0.3
71 0.6
72 0.5384615384615384
73 0.4444444444444444
74 0.6
75 0.5555555555555556
76 0.625
77 0.6666666666666666
78 0.5555555555555556
79 0.7272727272727273
80 0.8
81 0.5
82 0.6666666666666666
83 0.7272727272727273
84 0.4
85 0.8
86 0.625
87 0.5
88 0.4444444444444444
89 0.75
90 0.36363636363636365
91 0.5
92 1.0
93 0.0
94 0
95 1.0
96 0.6666666666666666
97 0.5833333333333334
98 0.4375
