0 1.0 1.0 356299
1 0.023418483063958183 1.2852624931021281 13797734
2 0.18637250900242608 1.563851094964126 11541611
3 0.11419128071260591 2.3864151992782663 10823935
4 0.13026067643243455 2.975436731284181 9736937
5 0.12821726086829394 3.636723525273844 8789581
6 0.1307117666705034 4.262497822175007 7949445
7 0.11689385678438574 4.999444946870519 7222732
8 0.11151269582123104 5.679129888104755 6590003
9 0.09729930271966188 6.4449192960422685 6032294
10 0.08734487868541366 7.149800356985341 5543645
11 0.07171558976369849 7.9412470840441 5110674
12 0.05973746122627067 8.673293420587607 4716789
13 0.04256420612046335 9.469198960953133 4357840
14 0.024867411768783952 10.204836808770878 4038820
15 0.006152964402726196 10.993767788831116 3747787
16 -0.011064382001946269 11.75895180627379 3481532
17 -0.03396241807596049 12.571018860181633 3236077
18 -0.049676538390857006 13.315464047026968 3009167
19 -0.07792324102793924 14.142552835439163 2802617
20 -0.09325209024260019 14.911201097700303 2612735
21 -0.11935828508832862 15.699861770736131 2440149
22 -0.13404606490524956 16.480646945467473 2278090
23 -0.15940422876526905 17.30378984261186 2131355
24 -0.18524442953384165 17.954047609242206 1991126
25 -0.2054738816633398 18.814241374642513 1861604
26 -0.2392033012822355 19.57726977522084 1739930
27 -0.25972538430421954 20.379297200378364 1629113
28 -0.28522486803703617 21.16850483929756 1525428
29 -0.30632373863587853 22.03639248146715 1428949
30 -0.3278618863445923 22.70730914545232 1341388
31 -0.36178441408112755 23.647302290145614 1256121
32 -0.3791709191687795 24.385916052636496 1177738
33 -0.4074946864675999 25.101001074035974 1103315
34 -0.4276912918316636 25.82148863090055 1035878
35 -0.45853226124541885 26.615027240455568 973552
36 -0.48458104380544753 27.433498077015845 912124
37 -0.4975015068051526 28.354822243714636 856116
38 -0.5244926943765524 29.03800738328336 804791
39 -0.5538745860965482 29.718201697814433 755913
40 -0.5764002886453502 30.61320960406917 710907
41 -0.603157743562739 31.50038596638203 668452
42 -0.6375940233131592 32.207449818369035 627371
43 -0.6449180950829907 33.015183285153974 589464
44 -0.6759432791473167 33.737351300212595 555986
45 -0.6861523443107755 34.5539521662982 522435
46 -0.7177249198364847 35.534143869902586 492431
47 -0.7395915721231766 36.41114640734738 462750
48 -0.7873504006181755 36.856646766077624 434828
49 -0.7986775921809703 37.72707732711254 408951
50 -0.8261837428326804 38.35672365928963 385430
51 -0.8525607078630612 39.27170147508247 362556
52 -0.8753861817160511 39.98920446566493 341808
53 -0.8985717313782698 40.863379342161046 320808
54 -0.9201563980886146 41.930377092435364 302817
55 -0.9305680571573233 42.94239613512981 284408
56 -0.971183777312182 43.764494163424125 267280
57 -1.006544460908497 44.096087663113614 251052
58 -1.0227012075828106 45.233024691358025 237168
59 -1.027642458601295 46.96816277141641 223135
60 -1.0758574471649793 47.189421028697254 208905
61 -1.103299055890664 48.28438440114247 197117
62 -1.084195256635641 48.300882235572 185438
63 -1.1429379467167922 49.877213229958805 175027
64 -1.1680438095353736 50.60891368622999 164713
65 -1.188271207398439 52.20401092248641 155276
66 -1.228453473400233 53.26889302186161 146787
67 -1.219134238004895 53.51210010282553 138098
68 -1.2408380588918726 53.575800010771964 129967
69 -1.2886278853828987 55.585628879078634 122774
70 -1.3201592340115522 57.13039669736865 115302
71 -1.2944264719474998 56.289527682780296 108190
72 -1.31456614092485 58.09849113726256 102395
73 -1.4017610533092435 59.360559051357136 96306
74 -1.369006952099272 59.53644668056359 91627
75 -1.4028259591780285 60.94338861548746 86767
76 -1.4273864464415837 62.01400291474375 82340
77 -1.4780721023388035 61.96999612353017 77390
78 -1.4814231306682741 63.40919801627531 72994
79 -1.542565563761121 65.41251381054835 68788
80 -1.5145020079703344 65.98832145989445 64991
81 -1.5776017284839756 66.3349265066946 61094
82 -1.5240217582031936 67.0754167397789 56990
83 -1.628261479472552 69.17166370522772 53465
84 -1.591409342834521 71.98903404592241 50520
85 -1.5618246549103705 70.1253773604547 48031
86 -1.5582532751091702 70.89144104803493 45800
87 -1.6110414344109996 70.06895670754366 43056
88 -1.7107202222938944 73.5059418959486 40307
89 -1.6535909856781803 73.44545071609099 37984
90 -1.698467497473897 75.75931851352868 35628
91 -1.7288307655559536 76.8171503642661 33492
92 -1.765400554638083 76.75066213816098 32093
93 -1.796461922925161 78.48336183085624 30412
94 -1.7712751018115434 79.70323690492908 28484
95 -1.8324960635825147 80.39964009897278 26674
96 -1.8982730068606577 84.62510842993454 25362
97 -1.8458755731291803 83.87877003323098 23773
98 -1.9496665465032443 84.30916546503245 22192
99 -1.989813079621354 84.4030560761136 20811
100 -2.009026727181039 88.77937468482098 19830
101 -1.9435734994094276 86.09314936110813 18626
102 -1.887722861656511 90.9996614759648 17724
103 -2.0667105814719444 93.80178453799628 16699
104 -2.0046082949308754 88.53285777413042 15841
105 -2.0565677243261686 93.40232002729444 14655
106 -1.9921237083604306 94.23708360430668 13839
107 -2.044027565084227 96.79854517611027 13060
108 -1.954854174990012 97.61334398721534 12515
109 -2.1153098317693804 99.53622453292755 11829
110 -2.168661686616866 106.40662406624067 11111
111 -2.1685736079328755 103.96472158657514 10488
112 -2.0860281285288984 100.23755261266811 9741
113 -2.3585068507929656 104.72963642248355 9269
114 -2.160104688211197 102.73543468365953 8788
115 -2.226063829787234 102.57180851063829 8272
116 -2.1459825498111735 102.40356817293919 7679
117 -2.156497948016416 112.26374829001368 7310
118 -2.1406545454545456 104.58021818181818 6875
119 -2.405720503653039 121.98787501943106 6433
120 -2.309877551020408 118.99167346938775 6125
121 -2.533802333562114 125.74004804392588 5828
122 -2.6260206859009254 128.04209762293596 5511
123 -2.090589613432253 112.48848106208513 5122
124 -2.4016189290161893 114.67351598173516 4818
125 -2.2968213058419242 109.44888316151203 4656
126 -2.4734866259971846 114.88080713280151 4262
127 -2.400683260126891 124.46559297218155 4098
128 -2.3773154021821874 117.43491499619385 3941
129 -2.5792 132.05333333333334 3750
130 -2.441001191895113 120.97258641239571 3356
131 -2.227624651594921 125.50665840817591 3229
132 -2.4523281596452327 131.89356984478937 3157
133 -2.314467515070328 122.41359678499666 2986
134 -2.2838827838827838 126.12197802197802 2730
135 -2.64990099009901 136.7520792079208 2525
136 -3.0804940374787053 158.82666098807496 2348
137 -2.966207203201423 165.64028457092041 2249
138 -2.926031294452347 144.7411095305832 2109
139 -2.5445696721311477 147.19415983606558 1952
140 -2.8025027203482047 148.09194776931446 1838
141 -2.737506864360242 141.30093355299286 1821
142 -2.9262726740784086 148.0087770626097 1709
143 -2.582051282051282 137.12307692307692 1560
144 -3.231683168316832 164.406600660066 1515
145 -2.8135474860335195 146.8973463687151 1432
146 -3.181614349775785 174.70627802690584 1338
147 -2.9921630094043885 150.79623824451411 1276
148 -2.3054357204486626 131.8809318377912 1159
149 -2.956244302643573 149.62351868732907 1097
150 -3.3502722323049 163.61887477313974 1102
151 -3.0881782945736433 172.12693798449612 1032
152 -3.545964125560538 200.30156950672645 892
153 -3.401937046004843 171.57384987893462 826
154 -2.90053050397878 168.66976127320956 754
155 -3.3950276243093924 172.90331491712706 724
156 -3.165671641791045 186.76865671641792 670
157 -3.1657381615598887 162.51114206128133 718
158 -3.0090771558245084 153.0695915279879 661
159 -2.9006622516556293 183.83443708609272 604
160 -2.2905525846702317 114.39393939393939 561
161 -2.181274900398406 129.27290836653387 502
162 -2.819126819126819 164.35343035343035 481
163 -2.593073593073593 152.45887445887445 462
164 -3.3202479338842976 167.99380165289256 484
165 -3.6431535269709543 214.67634854771785 482
166 -3.653932584269663 216.79550561797754 445
167 -3.4237288135593222 201.31719128329297 413
168 -3.518134715025907 180.00518134715026 386
169 -2.4743935309973044 131.63881401617252 371
170 -2.0365853658536586 161.6280487804878 328
171 -3.7383177570093458 209.05919003115264 321
172 -3.110062893081761 151.73270440251574 318
173 -3.9 209.75 320
174 -4.110320284697509 250.48754448398577 281
175 -1.7617328519855595 108.67148014440433 277
176 -3.413793103448276 226.62452107279694 261
177 -3.4555984555984556 217.6872586872587 259
178 -2.8734177215189876 161.50632911392404 237
179 -3.2339449541284404 204.94036697247705 218
180 -3.8324324324324324 228.2 185
181 -3.1228070175438596 267.2865497076023 171
182 -1.8203592814371257 90.73053892215569 167
183 -0.8579234972677595 77.15300546448087 183
184 -3.497076023391813 253.35672514619884 171
185 -2.5125 228.275 160
186 -4.177304964539007 272.177304964539 141
187 -2.8306451612903225 141.36290322580646 124
188 -3.865079365079365 185.26190476190476 126
189 -2.623853211009174 152.9908256880734 109
190 -0.7263157894736842 94.03157894736842 95
191 -3.4390243902439024 200.73170731707316 82
192 -2.86734693877551 159.90816326530611 98
193 -4.0 224.0 107
194 -3.4565217391304346 247.54347826086956 92
195 -5.586206896551724 352.5287356321839 87
196 -2.5903614457831323 176.83132530120483 83
197 -2.4358974358974357 208.56410256410257 78
198 -3.085714285714286 127.82857142857142 70
199 -1.8333333333333333 172.66666666666666 60
200 -4.913793103448276 390.05172413793105 58
201 -3.462686567164179 227.76119402985074 67
202 -4.463768115942029 360.40579710144925 69
203 -5.510204081632653 367.59183673469386 49
204 -11.195121951219512 849.0 41
205 -4.2 150.33333333333334 45
206 -2.825 92.875 40
207 -4.256410256410256 340.71794871794873 39
208 -0.4 5.688888888888889 45
209 -0.2 37.36 50
210 -2.942857142857143 261.0571428571429 35
211 -3.0 128.76923076923077 26
212 -8.333333333333334 376.6190476190476 21
213 0.47368421052631576 3.0 19
214 -6.529411764705882 451.8235294117647 17
215 -9.68421052631579 682.5263157894736 19
216 -3.1333333333333333 89.93333333333334 15
217 -7.133333333333334 787.8 15
218 -5.76 404.72 25
219 -1.826086956521739 83.1304347826087 23
220 -6.260869565217392 515.3913043478261 23
221 -8.791666666666666 534.625 24
222 -0.8421052631578947 29.263157894736842 19
223 -2.375 107.375 16
224 -4.266666666666667 130.8 15
225 -1.2857142857142858 4.142857142857143 14
226 -8.25 403.25 8
227 -0.42857142857142855 2.142857142857143 7
228 0.1111111111111111 1.6666666666666667 9
229 0.23076923076923078 1.6153846153846154 13
230 -4.857142857142857 322.14285714285717 14
231 -4.857142857142857 143.14285714285714 7
232 -13.727272727272727 1015.7272727272727 11
233 0.8333333333333334 12.5 12
234 1.6666666666666667 17.0 3
235 8.0 64.0 1
236 1.0 1.0 2
237 -1.25 4.75 4
238 -0.3333333333333333 3.6666666666666665 3
239 4.0 48.666666666666664 3
240 0.0 1.0 2
241 -0.25 55.75 4
242 1.0 1.0 4
243 -8.833333333333334 236.83333333333334 6
244 -11.833333333333334 474.8333333333333 6
245 0.5 1.0 4
246 -1.0 11.666666666666666 3
247 -2.3333333333333335 27.666666666666668 3
248 -1.6 32.8 5
249 0.3333333333333333 2.3333333333333335 6
250 -1.6666666666666667 3.6666666666666665 3
251 -2.5 8.5 2
252 -23.0 1429.0 2
253 -1.0 1.0 1
257 1.0 1.0 2
258 2.5 13.0 4
259 -2.25 25.75 4
260 2.0 5.0 2
261 -3.0 9.0 1
262 1.0 1.0 1
263 0.3333333333333333 1.0 3
264 -1.5 13.0 4
265 0.0 1.0 4
266 0.3333333333333333 1.0 3
267 -13.0 730.5 4
268 -0.3333333333333333 1.0 3
269 0.2 1.0 5
270 0.0 3.0 4
273 -3.0 9.0 1
