2 0.5851742573258688
3 0.5768489249716366
4 0.571766780076773
5 0.5684399602027257
6 0.5623457519913695
7 0.5578606683388624
8 0.5564288593309149
9 0.5536226702669138
10 0.5493343461400072
11 0.5467424503997238
12 0.5458698666905252
13 0.5413801824480505
14 0.5392769892074095
15 0.5400993566462592
16 0.5385609680169998
17 0.5368766838066164
18 0.5323412438267558
19 0.5328715776988755
20 0.5306933666292615
21 0.5316228530221582
22 0.5282208797176215
23 0.5263664714249114
24 0.5294563658454146
25 0.5260326536754194
26 0.5273293133631589
27 0.5248157346579074
28 0.5269505011883848
29 0.5220926877744889
30 0.5247835306591271
31 0.5250624574153986
32 0.5259681146565206
33 0.526666428307531
34 0.5227494391885302
35 0.5175898439967157
36 0.5215559283679919
37 0.5219549192325093
38 0.5192599167064929
39 0.5178485898627898
40 0.5162251365481789
41 0.518901944285843
42 0.5200683308196621
43 0.5164024187020901
44 0.5182159777814083
45 0.5187459329584703
46 0.5212471841081302
47 0.5145542859139672
48 0.5151285930408472
49 0.5160246333660052
50 0.5135510903723455
51 0.5197599874912048
52 0.5141389704132625
53 0.5127185198784244
54 0.5132496513249651
55 0.5173115208171037
56 0.5128017718715393
57 0.512130116859154
58 0.5124613129174133
59 0.5107339230217547
60 0.5143777034998034
61 0.5155791006553014
62 0.5103108808290155
63 0.5127931769722814
64 0.5103111282886563
65 0.516617419445617
66 0.5137396487005358
67 0.5107460763644882
68 0.5091828746913952
69 0.5117934748963041
70 0.510603899191631
71 0.509640881264936
72 0.5083477259643063
73 0.5117895173558291
74 0.5153870502585024
75 0.5100907634810464
76 0.5088646624821055
77 0.509748050389922
78 0.5051016494054469
79 0.5117212083071114
80 0.5068204816838696
81 0.5126521793326962
82 0.5085455622303071
83 0.50907053906149
84 0.5074969130358088
85 0.5046038009706536
86 0.5053328947986656
87 0.5066724270353302
88 0.5102785309341878
89 0.5077077579713783
90 0.5048894001987136
91 0.5115175055294816
92 0.5031502155410633
93 0.5104981705600901
94 0.5077957456674201
95 0.5068608065192642
96 0.5063330435862412
97 0.5091722305049589
98 0.5074399841280338
99 0.5061660351360662
100 0.5092337083421778
101 0.5127803488786045
102 0.5043490866917947
103 0.5158806544754572
104 0.5065111027474596
105 0.5066304769290423
106 0.5132951604047377
107 0.5116443745082612
108 0.5027419354838709
109 0.5047244752905762
110 0.5119965352966652
111 0.5098591549295775
112 0.5057124577278128
113 0.5110201804147679
114 0.5017769666698684
115 0.5055478502080444
116 0.5076655764513491
117 0.5013744977796575
118 0.5067323481116585
119 0.5046634453309361
120 0.5066803699897225
121 0.4989444053483462
122 0.5054347826086957
123 0.5004341893065376
124 0.5087874573270957
125 0.5106903657908295
126 0.5005192107995846
127 0.5029396044895778
128 0.5038514442916093
129 0.5191064905872436
130 0.5047008547008547
131 0.49905919814734406
132 0.5067648827420325
133 0.49899892191590944
134 0.5042952593063952
135 0.504884402474764
136 0.5094687447628624
137 0.5061128789147546
138 0.5012871117212974
139 0.5098870056497176
140 0.5041006014215418
141 0.50199354471236
142 0.49770687936191427
143 0.506051282051282
144 0.5205673758865248
145 0.4985725938009788
146 0.5012557555462537
147 0.5081013710012464
148 0.4969364039721107
149 0.4984492689410722
150 0.5017158544955388
151 0.5051570557899672
152 0.49438750610053683
153 0.5098584428715874
154 0.49987280590180616
155 0.49447077409162715
156 0.49632252792154724
157 0.4806267806267806
158 0.4743868363862155
159 0.5058708414872799
160 0.5006653359946773
161 0.48926592797783935
162 0.507742167806986
163 0.49762166117819245
164 0.501692365550959
165 0.5015128593040847
166 0.5076082715567695
167 0.5186347587289133
168 0.5009626492106276
169 0.49038838760298153
170 0.5016528925619834
171 0.5032258064516129
172 0.5059497576024681
173 0.498457470251212
174 0.5081967213114754
175 0.5029639762881897
176 0.48423645320197045
177 0.5344212136664966
178 0.514453699167075
179 0.5137120470127327
180 0.4969543147208122
181 0.5268605224248398
182 0.48841893252769386
183 0.5027624309392266
184 0.5058430717863105
185 0.5033860045146726
186 0.49410377358490565
187 0.5033763044812769
188 0.5139949109414759
189 0.5286911669890393
190 0.5078226857887875
191 0.496513249651325
192 0.48668639053254437
193 0.4972889233152595
194 0.5
195 0.5230769230769231
196 0.5221174764321972
197 0.4894545454545455
198 0.4984917043740573
199 0.4937984496124031
200 0.4885193982581156
201 0.5192761605035405
202 0.5172413793103449
203 0.4938366718027735
204 0.5143312101910829
205 0.513136288998358
206 0.5134680134680135
207 0.4917175239755885
208 0.5030728709394205
209 0.48826291079812206
210 0.521613832853026
211 0.5062439961575408
212 0.5148809523809523
213 0.4959183673469388
214 0.4983991462113127
215 0.4858115777525539
216 0.4975728155339806
217 0.5121638924455826
218 0.5137844611528822
219 0.5274056029232643
220 0.5056320400500626
221 0.4868766404199475
222 0.46097201767304863
223 0.46226415094339623
224 0.4845528455284553
225 0.4975206611570248
226 0.4893964110929853
227 0.49155405405405406
228 0.5036363636363637
229 0.501010101010101
230 0.5122950819672131
231 0.5113871635610766
232 0.47854077253218885
233 0.530751708428246
234 0.4889380530973451
235 0.48243559718969553
236 0.46578947368421053
237 0.5287958115183246
238 0.5074257425742574
239 0.48010610079575594
240 0.5146666666666667
241 0.5026178010471204
242 0.4986376021798365
243 0.5170454545454546
244 0.47191011235955055
245 0.48253968253968255
246 0.49328859060402686
247 0.47101449275362317
248 0.5161290322580645
249 0.5086505190311419
250 0.4787234042553192
251 0.5460992907801419
252 0.4581818181818182
253 0.4830508474576271
254 0.49333333333333335
255 0.5276595744680851
256 0.4933920704845815
257 0.4492753623188406
258 0.49746192893401014
259 0.5297029702970297
260 0.5159817351598174
261 0.5176991150442478
262 0.5068493150684932
263 0.536036036036036
264 0.430622009569378
265 0.5343915343915344
266 0.5285714285714286
267 0.4666666666666667
268 0.5232558139534884
269 0.42857142857142855
270 0.472
271 0.6183206106870229
272 0.4583333333333333
273 0.5203252032520326
274 0.5363636363636364
275 0.5217391304347826
276 0.49504950495049505
277 0.4945054945054945
278 0.5148514851485149
279 0.4444444444444444
280 0.41304347826086957
281 0.5056179775280899
282 0.43333333333333335
283 0.6067415730337079
284 0.45918367346938777
285 0.5425531914893617
286 0.5306122448979592
287 0.5137614678899083
288 0.49514563106796117
289 0.4358974358974359
290 0.5802469135802469
291 0.44
292 0.5294117647058824
293 0.43548387096774194
294 0.5555555555555556
295 0.5909090909090909
296 0.4852941176470588
297 0.39344262295081966
298 0.36585365853658536
299 0.5675675675675675
300 0.47619047619047616
301 0.45454545454545453
302 0.4888888888888889
303 0.5
304 0.3225806451612903
305 0.5
306 0.5833333333333334
307 0.5454545454545454
308 0.5384615384615384
309 0.4482758620689655
310 0.4074074074074074
311 0.46153846153846156
312 0.46153846153846156
313 0.6060606060606061
314 0.43333333333333335
315 0.6666666666666666
316 0.4642857142857143
317 0.5185185185185185
318 0.4666666666666667
319 0.5217391304347826
320 0.6470588235294118
321 0.6666666666666666
322 0.11764705882352941
323 0.3333333333333333
324 0.6
325 0.4375
326 0.6923076923076923
327 0.47058823529411764
328 0.38461538461538464
329 0.5384615384615384
330 0.5882352941176471
331 0.375
332 0.4166666666666667
333 0.6923076923076923
334 0.3333333333333333
335 0.3
336 0.6
337 0.2
338 0.0
339 0
340 1.0
341 0.75
342 0.5
343 1.0
344 0.0
345 0.0
346 0
347 0
348 0
349 0
350 0
351 0
352 0
353 0
354 0
355 0
356 0
357 0
358 0
359 0
360 0
361 0
362 0
363 0
364 1.0
365 1.0
366 1.0
367 0.0
368 0
369 0
370 0
371 0
372 0
373 0
374 1.0
375 0
376 0
377 0
378 0
379 0
380 0
381 0
382 0
383 0
384 0
385 0
386 0
387 0
388 0
389 0
390 0
391 1.0
392 1.0
393 1.0
394 0.0
395 0.6666666666666666
396 0.25
397 0.6666666666666666
398 0.6666666666666666
399 0.0
400 0.0
401 0.0
402 0.6666666666666666
403 0.5714285714285714
404 0.25
405 0.0
406 0
407 0
408 0
409 0
410 0
411 0
412 0
413 0
414 0
415 0
416 0
417 0
418 0
419 0
420 0
421 0
422 0
423 0
424 0
425 0
426 0
427 0
428 0
429 0
430 0
431 0
432 0
433 0
434 0
435 0
436 0
437 0
438 0
439 0
440 0
441 0
442 0
443 0
444 0
445 0
446 0
447 0
448 0
449 0
450 0
451 0
452 0
453 0
454 0
455 0
456 0
457 0
458 0
459 0
460 0
461 0
462 0
463 0
464 0
465 0
466 0
467 0
468 0
469 0
470 0
471 0
472 0
473 0
474 0
475 0
476 0
477 0
478 0
479 0
480 0
481 0
482 0
483 0
484 0
485 0
486 0
487 0
488 0
489 0
490 0
491 0
492 0
493 0
494 0
495 0
496 0
497 0
498 0
