-198 1
-197 0
-196 0
-195 0
-194 0
-193 0
-192 0
-191 0
-190 0
-189 0
-188 0
-187 0
-186 0
-185 0
-184 0
-183 0
-182 0
-181 0
-180 0
-179 0
-178 0
-177 0
-176 0
-175 0
-174 0
-173 0
-172 0
-171 0
-170 0
-169 0
-168 0
-167 0
-166 0
-165 0
-164 0
-163 0
-162 0
-161 0
-160 0
-159 1
-158 0
-157 0
-156 0
-155 0
-154 0
-153 0
-152 0
-151 0
-150 0
-149 0
-148 1
-147 0
-146 1
-145 0
-144 1
-143 0
-142 1
-141 0
-140 2
-139 1
-138 0
-137 0
-136 0
-135 0
-134 0
-133 0
-132 2
-131 1
-130 0
-129 0
-128 2
-127 1
-126 0
-125 0
-124 0
-123 1
-122 0
-121 2
-120 0
-119 1
-118 2
-117 3
-116 2
-115 3
-114 0
-113 3
-112 3
-111 3
-110 0
-109 6
-108 2
-107 4
-106 5
-105 3
-104 9
-103 11
-102 4
-101 5
-100 5
-99 12
-98 8
-97 4
-96 10
-95 10
-94 8
-93 5
-92 17
-91 15
-90 10
-89 16
-88 19
-87 15
-86 13
-85 17
-84 21
-83 22
-82 26
-81 16
-80 17
-79 27
-78 22
-77 33
-76 37
-75 27
-74 39
-73 42
-72 36
-71 64
-70 53
-69 46
-68 69
-67 51
-66 75
-65 80
-64 96
-63 75
-62 69
-61 89
-60 105
-59 105
-58 122
-57 115
-56 130
-55 151
-54 146
-53 146
-52 184
-51 176
-50 219
-49 219
-48 218
-47 281
-46 290
-45 288
-44 304
-43 350
-42 367
-41 381
-40 434
-39 444
-38 562
-37 629
-36 638
-35 683
-34 759
-33 799
-32 811
-31 1015
-30 1076
-29 1198
-28 1358
-27 1462
-26 1492
-25 1659
-24 1928
-23 2176
-22 2391
-21 2623
-20 3011
-19 3394
-18 3798
-17 4330
-16 5022
-15 5562
-14 6548
-13 7600
-12 8713
-11 10162
-10 12517
-9 14895
-8 18741
-7 23636
-6 30930
-5 41665
-4 59931
-3 95016
-2 182358
-1 484681
0 3340767
1 1101236641
2 3633970
3 279948
4 119869
5 73327
6 49733
7 36148
8 27369
9 21568
10 17220
11 14075
12 11815
13 9644
14 8543
15 7342
16 6353
17 5402
18 4735
19 4141
20 3753
21 3198
22 2859
23 2585
24 2325
25 2073
26 1861
27 1646
28 1447
29 1390
30 1313
31 1193
32 1016
33 962
34 822
35 820
36 725
37 673
38 634
39 574
40 522
41 496
42 409
43 415
44 374
45 373
46 303
47 312
48 266
49 277
50 253
51 205
52 189
53 185
54 179
55 164
56 144
57 149
58 147
59 115
60 117
61 111
62 95
63 102
64 90
65 67
66 73
67 72
68 67
69 49
70 50
71 54
72 46
73 44
74 41
75 43
76 39
77 37
78 40
79 25
80 30
81 25
82 21
83 22
84 22
85 24
86 24
87 16
88 22
89 15
90 8
91 18
92 20
93 12
94 8
95 9
96 7
97 7
98 9
99 5
100 10
101 10
102 8
103 7
104 4
105 7
106 6
107 4
108 3
109 4
110 6
111 2
112 3
113 4
114 3
115 2
116 3
117 2
118 1
119 2
120 2
121 1
122 1
123 1
124 0
125 1
126 1
127 1
128 0
129 1
130 0
131 1
132 1
133 0
134 0
135 1
136 2
137 0
138 0
139 0
140 0
141 0
142 1
143 1
144 1
145 0
146 0
147 0
148 0
149 0
150 1
151 0
152 1
153 0
154 0
155 0
156 0
157 0
158 0
159 0
160 1
