-1043 1
-1042 0
-1041 0
-1040 0
-1039 0
-1038 0
-1037 0
-1036 0
-1035 0
-1034 0
-1033 0
-1032 0
-1031 1
-1030 0
-1029 0
-1028 0
-1027 0
-1026 0
-1025 1
-1024 0
-1023 0
-1022 0
-1021 0
-1020 0
-1019 0
-1018 0
-1017 0
-1016 1
-1015 0
-1014 0
-1013 0
-1012 0
-1011 1
-1010 0
-1009 0
-1008 0
-1007 0
-1006 0
-1005 0
-1004 0
-1003 0
-1002 1
-1001 0
-1000 0
-999 0
-998 0
-997 0
-996 0
-995 0
-994 0
-993 0
-992 0
-991 0
-990 0
-989 0
-988 0
-987 0
-986 0
-985 1
-984 0
-983 1
-982 0
-981 0
-980 0
-979 2
-978 0
-977 0
-976 0
-975 0
-974 0
-973 1
-972 0
-971 1
-970 0
-969 0
-968 0
-967 0
-966 0
-965 0
-964 0
-963 0
-962 0
-961 0
-960 0
-959 0
-958 0
-957 0
-956 0
-955 0
-954 0
-953 1
-952 0
-951 1
-950 0
-949 0
-948 0
-947 0
-946 0
-945 0
-944 1
-943 0
-942 0
-941 1
-940 0
-939 0
-938 0
-937 0
-936 0
-935 0
-934 0
-933 0
-932 1
-931 0
-930 0
-929 0
-928 0
-927 0
-926 0
-925 0
-924 1
-923 0
-922 2
-921 1
-920 0
-919 0
-918 0
-917 0
-916 0
-915 2
-914 0
-913 0
-912 0
-911 2
-910 1
-909 0
-908 1
-907 1
-906 0
-905 0
-904 0
-903 0
-902 0
-901 0
-900 0
-899 0
-898 0
-897 3
-896 0
-895 1
-894 2
-893 1
-892 0
-891 0
-890 2
-889 0
-888 0
-887 0
-886 0
-885 0
-884 1
-883 2
-882 1
-881 2
-880 0
-879 0
-878 0
-877 0
-876 0
-875 1
-874 0
-873 0
-872 2
-871 0
-870 0
-869 1
-868 0
-867 1
-866 0
-865 0
-864 0
-863 0
-862 1
-861 0
-860 1
-859 0
-858 1
-857 1
-856 0
-855 1
-854 0
-853 1
-852 0
-851 2
-850 2
-849 0
-848 0
-847 1
-846 3
-845 1
-844 1
-843 0
-842 1
-841 1
-840 0
-839 1
-838 0
-837 2
-836 1
-835 0
-834 1
-833 0
-832 1
-831 0
-830 2
-829 1
-828 2
-827 0
-826 2
-825 0
-824 0
-823 1
-822 2
-821 1
-820 0
-819 1
-818 0
-817 0
-816 3
-815 0
-814 1
-813 1
-812 0
-811 2
-810 2
-809 1
-808 2
-807 1
-806 0
-805 0
-804 1
-803 1
-802 2
-801 0
-800 3
-799 1
-798 3
-797 0
-796 2
-795 0
-794 5
-793 1
-792 1
-791 2
-790 1
-789 1
-788 1
-787 2
-786 2
-785 1
-784 1
-783 3
-782 1
-781 2
-780 2
-779 0
-778 0
-777 1
-776 2
-775 4
-774 1
-773 2
-772 0
-771 3
-770 1
-769 0
-768 2
-767 1
-766 6
-765 1
-764 2
-763 0
-762 2
-761 3
-760 5
-759 5
-758 1
-757 0
-756 4
-755 3
-754 3
-753 4
-752 2
-751 0
-750 2
-749 2
-748 1
-747 2
-746 2
-745 1
-744 1
-743 2
-742 4
-741 4
-740 3
-739 5
-738 3
-737 2
-736 5
-735 4
-734 0
-733 3
-732 1
-731 2
-730 1
-729 3
-728 6
-727 3
-726 5
-725 2
-724 2
-723 0
-722 2
-721 3
-720 1
-719 3
-718 5
-717 3
-716 2
-715 2
-714 1
-713 4
-712 4
-711 2
-710 3
-709 5
-708 5
-707 5
-706 3
-705 4
-704 8
-703 1
-702 9
-701 6
-700 6
-699 4
-698 6
-697 7
-696 9
-695 3
-694 5
-693 7
-692 3
-691 6
-690 7
-689 7
-688 0
-687 5
-686 5
-685 9
-684 10
-683 4
-682 9
-681 3
-680 5
-679 4
-678 4
-677 9
-676 8
-675 13
-674 8
-673 5
-672 2
-671 4
-670 9
-669 12
-668 4
-667 4
-666 6
-665 7
-664 3
-663 10
-662 15
-661 7
-660 2
-659 8
-658 15
-657 12
-656 8
-655 3
-654 5
-653 5
-652 5
-651 9
-650 11
-649 4
-648 14
-647 8
-646 6
-645 5
-644 13
-643 10
-642 9
-641 10
-640 8
-639 8
-638 10
-637 15
-636 13
-635 12
-634 7
-633 16
-632 8
-631 15
-630 8
-629 11
-628 14
-627 11
-626 15
-625 9
-624 10
-623 10
-622 11
-621 18
-620 15
-619 12
-618 6
-617 12
-616 15
-615 8
-614 16
-613 13
-612 17
-611 16
-610 13
-609 15
-608 17
-607 15
-606 8
-605 15
-604 15
-603 18
-602 15
-601 19
-600 17
-599 13
-598 10
-597 12
-596 19
-595 26
-594 18
-593 21
-592 30
-591 21
-590 9
-589 26
-588 28
-587 19
-586 15
-585 27
-584 20
-583 27
-582 32
-581 23
-580 16
-579 27
-578 23
-577 23
-576 20
-575 18
-574 28
-573 31
-572 19
-571 22
-570 27
-569 29
-568 29
-567 35
-566 23
-565 21
-564 25
-563 30
-562 24
-561 21
-560 23
-559 28
-558 28
-557 28
-556 18
-555 23
-554 23
-553 28
-552 29
-551 33
-550 33
-549 44
-548 28
-547 32
-546 24
-545 23
-544 31
-543 41
-542 32
-541 25
-540 35
-539 40
-538 34
-537 34
-536 55
-535 42
-534 49
-533 37
-532 36
-531 45
-530 45
-529 25
-528 33
-527 57
-526 39
-525 38
-524 41
-523 36
-522 47
-521 51
-520 43
-519 53
-518 42
-517 37
-516 46
-515 41
-514 51
-513 53
-512 50
-511 49
-510 57
-509 55
-508 49
-507 42
-506 61
-505 61
-504 52
-503 56
-502 52
-501 61
-500 67
-499 51
-498 63
-497 51
-496 59
-495 65
-494 52
-493 64
-492 68
-491 79
-490 62
-489 61
-488 64
-487 81
-486 69
-485 54
-484 75
-483 65
-482 71
-481 70
-480 67
-479 64
-478 74
-477 79
-476 70
-475 79
-474 79
-473 77
-472 97
-471 94
-470 83
-469 85
-468 89
-467 95
-466 79
-465 96
-464 93
-463 85
-462 64
-461 91
-460 94
-459 100
-458 92
-457 112
-456 123
-455 97
-454 100
-453 100
-452 135
-451 102
-450 114
-449 90
-448 93
-447 120
-446 114
-445 114
-444 110
-443 122
-442 110
-441 118
-440 129
-439 114
-438 112
-437 128
-436 134
-435 114
-434 152
-433 123
-432 129
-431 123
-430 141
-429 127
-428 131
-427 137
-426 158
-425 150
-424 155
-423 164
-422 179
-421 152
-420 165
-419 174
-418 157
-417 152
-416 148
-415 181
-414 159
-413 171
-412 189
-411 192
-410 175
-409 170
-408 155
-407 203
-406 187
-405 219
-404 207
-403 201
-402 191
-401 220
-400 195
-399 201
-398 203
-397 202
-396 221
-395 197
-394 248
-393 201
-392 198
-391 215
-390 224
-389 242
-388 227
-387 252
-386 245
-385 307
-384 242
-383 231
-382 260
-381 259
-380 257
-379 260
-378 243
-377 256
-376 307
-375 270
-374 280
-373 303
-372 260
-371 323
-370 298
-369 319
-368 281
-367 324
-366 296
-365 335
-364 301
-363 295
-362 337
-361 326
-360 330
-359 351
-358 330
-357 336
-356 335
-355 376
-354 349
-353 355
-352 339
-351 381
-350 416
-349 384
-348 342
-347 393
-346 378
-345 434
-344 361
-343 424
-342 416
-341 427
-340 453
-339 444
-338 447
-337 461
-336 471
-335 474
-334 474
-333 532
-332 503
-331 480
-330 503
-329 477
-328 519
-327 540
-326 536
-325 510
-324 513
-323 534
-322 526
-321 568
-320 593
-319 564
-318 556
-317 589
-316 600
-315 618
-314 618
-313 628
-312 643
-311 658
-310 684
-309 732
-308 714
-307 658
-306 705
-305 754
-304 746
-303 717
-302 754
-301 700
-300 757
-299 770
-298 750
-297 759
-296 808
-295 811
-294 786
-293 824
-292 844
-291 816
-290 834
-289 863
-288 851
-287 890
-286 851
-285 983
-284 916
-283 922
-282 941
-281 1003
-280 1030
-279 1020
-278 990
-277 1034
-276 1011
-275 1083
-274 1040
-273 1044
-272 1127
-271 1105
-270 1078
-269 1183
-268 1129
-267 1226
-266 1261
-265 1274
-264 1197
-263 1260
-262 1347
-261 1302
-260 1395
-259 1331
-258 1368
-257 1360
-256 1363
-255 1330
-254 1490
-253 1440
-252 1507
-251 1482
-250 1478
-249 1564
-248 1481
-247 1566
-246 1664
-245 1645
-244 1644
-243 1650
-242 1730
-241 1737
-240 1747
-239 1741
-238 1827
-237 1832
-236 1873
-235 1898
-234 1844
-233 1931
-232 2036
-231 2043
-230 2043
-229 2092
-228 2133
-227 2155
-226 2227
-225 2163
-224 2264
-223 2232
-222 2275
-221 2373
-220 2403
-219 2430
-218 2394
-217 2552
-216 2642
-215 2519
-214 2610
-213 2673
-212 2695
-211 2702
-210 2793
-209 2809
-208 2841
-207 2941
-206 2936
-205 2985
-204 3043
-203 3098
-202 3132
-201 3183
-200 3236
-199 3257
-198 3252
-197 3433
-196 3523
-195 3512
-194 3494
-193 3589
-192 3687
-191 3729
-190 3884
-189 3910
-188 3866
-187 3989
-186 3966
-185 4152
-184 4239
-183 4283
-182 4325
-181 4357
-180 4501
-179 4546
-178 4649
-177 4682
-176 4669
-175 4753
-174 4904
-173 5064
-172 5293
-171 5256
-170 5236
-169 5357
-168 5472
-167 5547
-166 5507
-165 5719
-164 5944
-163 6030
-162 6060
-161 6135
-160 6300
-159 6403
-158 6597
-157 6707
-156 6999
-155 6933
-154 6942
-153 7234
-152 7312
-151 7336
-150 7498
-149 7711
-148 7680
-147 7945
-146 8211
-145 8345
-144 8368
-143 8562
-142 8770
-141 8856
-140 8972
-139 9048
-138 9442
-137 9540
-136 9688
-135 9926
-134 10139
-133 10346
-132 10338
-131 10628
-130 10944
-129 11128
-128 11386
-127 11585
-126 11812
-125 12058
-124 12356
-123 12585
-122 12839
-121 12986
-120 13323
-119 13706
-118 13744
-117 14273
-116 14474
-115 14837
-114 15026
-113 15431
-112 15772
-111 16079
-110 16355
-109 16785
-108 17178
-107 17705
-106 17981
-105 18481
-104 18909
-103 19324
-102 19525
-101 20129
-100 20447
-99 20841
-98 21857
-97 21763
-96 22510
-95 22830
-94 23676
-93 24095
-92 24599
-91 25383
-90 25874
-89 26236
-88 26866
-87 27826
-86 28526
-85 28723
-84 29939
-83 30645
-82 31585
-81 32169
-80 33232
-79 34200
-78 34871
-77 35926
-76 36580
-75 38225
-74 38786
-73 40190
-72 41037
-71 42841
-70 44376
-69 44878
-68 45929
-67 47866
-66 49144
-65 50369
-64 52004
-63 53660
-62 55473
-61 56702
-60 58905
-59 60614
-58 63054
-57 64789
-56 67494
-55 69111
-54 72014
-53 74314
-52 77068
-51 79674
-50 82720
-49 86129
-48 89632
-47 92488
-46 95866
-45 100233
-44 103568
-43 107866
-42 113154
-41 117828
-40 122588
-39 128353
-38 134218
-37 140588
-36 146729
-35 154136
-34 161122
-33 169662
-32 179195
-31 188734
-30 198860
-29 210375
-28 220665
-27 234987
-26 250056
-25 265583
-24 283626
-23 302622
-22 324257
-21 348746
-20 375888
-19 405991
-18 440083
-17 479478
-16 525381
-15 577870
-14 637763
-13 710953
-12 798143
-11 902419
-10 1033586
-9 1195447
-8 1404333
-7 1685392
-6 2068430
-5 2623970
-4 3493867
-3 4980671
-2 8105796
-1 17897073
0 100644875
1 791354143
2 103912756
3 15534536
4 7546163
5 4826555
6 3425414
7 2591061
8 2048567
9 1670300
10 1396019
11 1188771
12 1030120
13 899063
14 794306
15 706576
16 636728
17 576464
18 523767
19 477415
20 438797
21 405388
22 374535
23 347129
24 323195
25 302599
26 282320
27 265680
28 249308
29 235693
30 221095
31 208935
32 198137
33 187560
34 177878
35 168651
36 161411
37 153917
38 146297
39 139918
40 133911
41 127682
42 122148
43 117765
44 112380
45 108332
46 103744
47 99521
48 96488
49 92092
50 88984
51 86056
52 83021
53 79814
54 76929
55 74487
56 72000
57 69031
58 66612
59 64410
60 62503
61 61156
62 58824
63 57383
64 54649
65 53876
66 52289
67 50910
68 49030
69 47511
70 46184
71 45290
72 43480
73 42269
74 41175
75 39694
76 38917
77 37806
78 37059
79 36112
80 35075
81 34073
82 33012
83 32294
84 31228
85 30665
86 29969
87 28996
88 28630
89 27782
90 27041
91 26222
92 25777
93 25371
94 24597
95 23980
96 23491
97 23093
98 22544
99 22080
100 21340
101 20746
102 20505
103 20095
104 19713
105 19063
106 18719
107 18196
108 17749
109 17502
110 17367
111 16770
112 16303
113 16255
114 15761
115 15252
116 14903
117 14675
118 14438
119 14206
120 13877
121 13800
122 13247
123 12990
124 12840
125 12467
126 12191
127 11976
128 11779
129 11596
130 11373
131 11120
132 10838
133 10470
134 10327
135 10171
136 10357
137 10109
138 9714
139 9324
140 9391
141 9268
142 8969
143 8860
144 8753
145 8536
146 8463
147 8185
148 8003
149 8077
150 7893
151 7615
152 7515
153 7405
154 7263
155 7023
156 6900
157 6885
158 6792
159 6734
160 6469
161 6452
162 6227
163 6123
164 6104
165 6078
166 5886
167 5738
168 5681
169 5561
170 5485
171 5466
172 5187
173 5194
174 5066
175 4931
176 5022
177 5007
178 4730
179 4628
180 4613
181 4539
182 4530
183 4440
184 4325
185 4228
186 4228
187 4088
188 3958
189 4025
190 3954
191 3885
192 3794
193 3704
194 3605
195 3587
196 3558
197 3542
198 3466
199 3313
200 3293
201 3265
202 3257
203 3221
204 3220
205 3079
206 3070
207 2881
208 2922
209 2884
210 2792
211 2625
212 2786
213 2717
214 2665
215 2668
216 2718
217 2459
218 2484
219 2463
220 2460
221 2398
222 2420
223 2510
224 2323
225 2182
226 2215
227 2227
228 2126
229 2206
230 2129
231 2057
232 2018
233 2063
234 1973
235 1975
236 2009
237 1807
238 1962
239 1863
240 1821
241 1800
242 1791
243 1777
244 1691
245 1690
246 1737
247 1675
248 1545
249 1573
250 1521
251 1437
252 1579
253 1461
254 1426
255 1435
256 1390
257 1429
258 1388
259 1377
260 1341
261 1276
262 1341
263 1305
264 1315
265 1288
266 1204
267 1194
268 1185
269 1215
270 1164
271 1143
272 1080
273 1144
274 1137
275 1067
276 1119
277 1115
278 1077
279 982
280 1040
281 1038
282 1010
283 973
284 983
285 908
286 915
287 904
288 961
289 890
290 833
291 860
292 830
293 831
294 843
295 816
296 849
297 822
298 737
299 819
300 725
301 742
302 766
303 738
304 731
305 749
306 740
307 684
308 683
309 699
310 671
311 717
312 654
313 643
314 645
315 653
316 595
317 608
318 612
319 563
320 598
321 555
322 573
323 569
324 570
325 545
326 509
327 534
328 517
329 488
330 520
331 528
332 501
333 507
334 503
335 487
336 485
337 471
338 429
339 477
340 442
341 415
342 411
343 407
344 398
345 420
346 408
347 426
348 361
349 412
350 401
351 384
352 425
353 391
354 370
355 363
356 376
357 344
358 364
359 383
360 341
361 356
362 353
363 323
364 334
365 305
366 345
367 315
368 300
369 302
370 334
371 300
372 281
373 282
374 285
375 290
376 292
377 262
378 302
379 297
380 255
381 271
382 276
383 249
384 250
385 254
386 250
387 285
388 238
389 250
390 219
391 218
392 216
393 250
394 208
395 202
396 212
397 200
398 230
399 226
400 210
401 192
402 207
403 225
404 181
405 231
406 195
407 200
408 177
409 180
410 150
411 176
412 205
413 187
414 167
415 173
416 155
417 158
418 169
419 145
420 165
421 145
422 145
423 136
424 181
425 153
426 142
427 132
428 167
429 141
430 146
431 150
432 111
433 131
434 128
435 111
436 145
437 138
438 117
439 112
440 128
441 129
442 134
443 134
444 120
445 103
446 102
447 87
448 120
449 121
450 121
451 105
452 109
453 106
454 100
455 125
456 99
457 99
458 94
459 95
460 82
461 89
462 88
463 108
464 85
465 103
466 83
467 87
468 82
469 97
470 91
471 82
472 80
473 81
474 87
475 81
476 94
477 84
478 82
479 66
480 72
481 86
482 78
483 77
484 82
485 60
486 74
487 62
488 62
489 61
490 66
491 77
492 62
493 55
494 54
495 71
496 65
497 73
498 69
499 57
500 73
501 59
502 58
503 64
504 61
505 45
506 54
507 55
508 46
509 56
510 64
511 50
512 58
513 50
514 51
515 39
516 46
517 57
518 41
519 36
520 49
521 55
522 59
523 38
524 31
525 36
526 42
527 40
528 34
529 36
530 45
531 41
532 43
533 37
534 33
535 44
536 32
537 37
538 31
539 40
540 52
541 28
542 41
543 34
544 32
545 40
546 45
547 28
548 46
549 30
550 31
551 31
552 33
553 27
554 32
555 33
556 29
557 29
558 26
559 32
560 31
561 32
562 19
563 36
564 32
565 23
566 20
567 30
568 18
569 22
570 19
571 25
572 19
573 15
574 23
575 31
576 32
577 25
578 25
579 35
580 29
581 23
582 17
583 23
584 15
585 26
586 11
587 16
588 23
589 26
590 18
591 12
592 25
593 20
594 9
595 24
596 27
597 20
598 16
599 19
600 14
601 17
602 20
603 23
604 16
605 8
606 14
607 12
608 13
609 20
610 19
611 13
612 17
613 14
614 17
615 12
616 14
617 19
618 17
619 9
620 10
621 13
622 7
623 10
624 10
625 13
626 19
627 22
628 10
629 18
630 12
631 10
632 13
633 9
634 17
635 10
636 11
637 13
638 8
639 10
640 6
641 8
642 8
643 6
644 9
645 8
646 8
647 12
648 10
649 7
650 7
651 6
652 12
653 10
654 6
655 6
656 13
657 6
658 5
659 8
660 7
661 6
662 9
663 6
664 9
665 8
666 5
667 8
668 7
669 6
670 5
671 4
672 9
673 8
674 6
675 8
676 3
677 11
678 4
679 3
680 6
681 6
682 5
683 9
684 6
685 3
686 4
687 6
688 5
689 5
690 7
691 9
692 12
693 5
694 4
695 4
696 8
697 7
698 5
699 2
700 8
701 5
702 0
703 5
704 6
705 5
706 4
707 7
708 3
709 5
710 5
711 5
712 4
713 2
714 1
715 7
716 4
717 5
718 2
719 7
720 4
721 7
722 4
723 3
724 3
725 3
726 3
727 2
728 4
729 2
730 3
731 3
732 5
733 1
734 3
735 6
736 1
737 5
738 3
739 3
740 0
741 3
742 3
743 3
744 2
745 5
746 2
747 1
748 4
749 2
750 1
751 2
752 2
753 5
754 4
755 1
756 2
757 3
758 1
759 3
760 2
761 3
762 1
763 1
764 4
765 1
766 0
767 1
768 2
769 4
770 0
771 2
772 2
773 2
774 3
775 4
776 1
777 2
778 0
779 1
780 0
781 2
782 0
783 0
784 0
785 2
786 2
787 0
788 0
789 0
790 0
791 0
792 1
793 3
794 0
795 0
796 1
797 1
798 3
799 0
800 1
801 0
802 0
803 1
804 0
805 1
806 0
807 2
808 0
809 2
810 2
811 0
812 2
813 1
814 2
815 2
816 3
817 1
818 2
819 1
820 1
821 0
822 1
823 3
824 1
825 0
826 0
827 0
828 1
829 0
830 3
831 3
832 0
833 0
834 1
835 0
836 0
837 1
838 1
839 0
840 2
841 0
842 1
843 1
844 0
845 2
846 1
847 0
848 1
849 0
850 2
851 0
852 0
853 1
854 1
855 1
856 0
857 1
858 0
859 0
860 0
861 1
862 1
863 1
864 1
865 2
866 1
867 0
868 1
869 1
870 0
871 0
872 0
873 1
874 0
875 1
876 1
877 1
878 1
879 0
880 1
881 0
882 0
883 0
884 0
885 1
886 0
887 0
888 2
889 0
890 0
891 0
892 0
893 0
894 1
895 0
896 1
897 0
898 0
899 0
900 0
901 0
902 0
903 0
904 0
905 1
906 0
907 2
908 0
909 2
910 0
911 0
912 0
913 0
914 0
915 0
916 0
917 0
918 0
919 0
920 1
921 1
922 2
923 0
924 0
925 0
926 0
927 0
928 1
929 0
930 0
931 0
932 1
933 1
934 0
935 1
936 0
937 0
938 0
939 0
940 2
941 0
942 0
943 0
944 0
945 1
946 1
947 0
948 0
949 0
950 1
951 0
952 0
953 0
954 0
955 0
956 0
957 1
958 0
959 0
960 0
961 1
962 0
963 0
964 0
965 1
966 0
967 0
968 0
969 0
970 0
971 0
972 1
973 1
974 0
975 0
976 0
977 0
978 0
979 0
980 0
981 1
982 0
983 1
984 0
985 0
986 0
987 0
988 0
989 0
990 0
991 0
992 0
993 0
994 0
995 0
996 0
997 0
998 0
999 0
1000 2
1001 0
1002 0
1003 0
1004 0
1005 0
1006 0
1007 1
1008 0
1009 0
1010 0
1011 0
1012 0
1013 0
1014 0
1015 0
1016 0
1017 0
1018 0
1019 0
1020 0
1021 0
1022 0
1023 0
1024 0
1025 0
1026 0
1027 1
1028 0
1029 0
1030 0
1031 0
1032 0
1033 0
1034 0
1035 0
1036 0
1037 0
1038 0
1039 0
1040 0
1041 1
1042 0
1043 0
1044 0
1045 0
1046 0
1047 0
1048 0
1049 0
1050 0
1051 0
1052 0
1053 0
1054 0
1055 0
1056 0
1057 0
1058 0
1059 0
1060 0
1061 0
1062 0
1063 1
1064 0
1065 0
1066 0
1067 0
1068 0
1069 0
1070 0
1071 0
1072 0
1073 0
1074 0
1075 0
1076 0
1077 0
1078 0
1079 0
1080 0
1081 0
1082 0
1083 0
1084 0
1085 0
1086 0
1087 0
1088 0
1089 0
1090 0
1091 0
1092 0
1093 0
1094 0
1095 0
1096 0
1097 0
1098 0
1099 0
1100 0
1101 0
1102 0
1103 0
1104 0
1105 0
1106 0
1107 0
1108 0
1109 0
1110 0
1111 0
1112 0
1113 0
1114 0
1115 0
1116 0
1117 0
1118 0
1119 0
1120 0
1121 0
1122 0
1123 0
1124 0
1125 0
1126 0
1127 0
1128 0
1129 0
1130 0
1131 0
1132 0
1133 0
1134 0
1135 0
1136 0
1137 0
1138 0
1139 0
1140 0
1141 0
1142 1
1143 0
1144 0
1145 0
1146 0
1147 0
1148 0
1149 0
1150 0
1151 0
1152 0
1153 0
1154 0
1155 0
1156 0
1157 0
1158 0
1159 0
1160 0
1161 0
1162 0
1163 0
1164 0
1165 0
1166 0
1167 0
1168 0
1169 0
1170 0
1171 1
