0 1.0 1.0 411033
1 0.14198242425886246 1.3569326534486967 16369836
2 0.2514656374463627 1.6939918494380117 14408577
3 0.17263600431772622 2.609635346919562 13676643
4 0.1893565796421763 3.2982341516678453 12402141
5 0.1747391619429581 4.080490008239604 11181363
6 0.1637061294697496 4.840825642552347 10066923
7 0.168202988550359 5.799170386182806 9151728
8 0.17419226694915255 6.6593882415254235 8382720
9 0.14180324311813802 7.544965355629167 7673541
10 0.14666666666666667 8.480533333333334 7076250
11 0.12381244253754214 9.300371164912997 6519474
12 0.10338995514376056 10.283219354364292 6037956
13 0.09592183853486809 11.336260432736047 5612382
14 0.09277803708575551 12.300271566173038 5231874
15 0.025446397951484945 13.28167082009191 4855029
16 0.0009657050885229665 13.969122198836201 4482735
17 0.021239360432742025 15.44631824569777 4186143
18 -0.043353259322516366 15.851209792200398 3899430
19 -0.08991709339185565 17.360399902462813 3641688
20 -0.0699993461060616 17.965637873536913 3395046
21 -0.1371230355373071 18.87682287979612 3135972
22 -0.14351272423863162 20.225357454393748 2926737
23 -0.18734812894864733 21.251579458934067 2740812
24 -0.18527940669196274 21.777035184546396 2574312
25 -0.2490845844013182 22.844470889783963 2425128
26 -0.30603086937225704 24.108881108535925 2250969
27 -0.28205670757511636 25.608336859923824 2098344
28 -0.37684507042253523 25.60343661971831 1970250
29 -0.3764841289071965 27.068027622970682 1832388
30 -0.464566421852854 27.81014044581884 1722942
31 -0.4217385276583946 29.10910855399972 1601286
32 -0.4843635832237323 29.805275463977786 1519146
33 -0.5165174681137606 31.677731125722886 1401153
34 -0.44696006105316716 32.90706351225303 1309023
35 -0.5672354345327557 31.505260366015385 1255521
36 -0.5894027335704924 33.97528552705486 1185702
37 -0.5873554048663742 34.60690067810132 1113108
38 -0.674849222304518 35.02973230345995 1049061
39 -0.7188777828259881 37.794752385279416 977244
40 -0.7345649003403014 37.23189110354886 913308
41 -0.7517206219729798 38.32016314045374 870906
42 -0.782520048932989 41.94114448824249 816627
43 -0.7519289561799388 40.04090842917455 762459
44 -0.9526274509803921 40.17992156862745 707625
45 -0.8050662640496561 43.68713303137058 661671
46 -0.9628055260361318 45.82571732199787 626706
47 -0.7814084507042254 45.689953051643194 591075
48 -1.0529193516891233 46.63620386643234 568431
49 -1.0542766631467793 45.02851108764519 525585
50 -0.9358145754401604 48.063071094272345 498057
51 -0.9052031361368497 48.41387502969827 467199
52 -0.9910782564364007 49.87254652052001 435453
53 -1.0679978413383702 52.86292498650837 411366
54 -1.108658256880734 54.31565366972477 387168
55 -1.042655452087714 55.23009912886753 369519
56 -1.0951638065522622 48.926677067082686 355755
57 -1.237342792647533 52.00806191551113 344211
58 -1.0727398683754763 58.23865604433668 320457
59 -1.416023520764425 57.568173465637635 302031
60 -1.0678034916768169 53.506293138449045 273393
61 -1.32201203783319 61.45614789337919 258186
62 -1.244954128440367 54.88165137614679 241980
63 -1.3209995194617972 64.54060547813552 230991
64 -1.5204708290685773 61.2021494370522 216894
65 -1.5579671784012705 64.6209634727369 209679
66 -1.3752759381898454 61.96578366445916 201132
67 -1.4665113570180548 69.18811881188118 190587
68 -1.1097334159950403 61.57098574085555 179043
69 -1.4785478547854785 64.91089108910892 168165
70 -1.600275671950379 81.17849758787044 161061
71 -1.5738950276243093 67.14986187845304 160728
72 -1.3454821564160973 70.53606681852696 146187
73 -1.27838519764508 70.8242220353238 131979
74 -2.0701914311759344 66.14129443938013 121767
75 -1.3581800580832526 73.34269119070667 114663
76 -1.9969481180061037 82.7090539165819 109113
77 -1.7686567164179106 67.84328358208955 104118
78 -2.271049596309112 73.43598615916954 96237
79 -1.5276442307692308 67.5516826923077 92352
80 -2.287069988137604 78.80189798339265 93573
81 -1.9732620320855614 84.32352941176471 83028
82 -1.6121562952243127 91.4616497829233 76701
83 -1.270392749244713 65.18882175226587 73482
84 -2.6758508914100485 88.68557536466774 68487
85 -2.132996632996633 104.506734006734 65934
86 -1.8934579439252337 86.51401869158879 59385
87 -2.671875 102.94140625 56832
88 -1.8266932270916334 78.38047808764941 55722
89 -1.8843813387423936 107.18255578093306 54723
90 -1.801255230125523 84.67573221757323 53058
91 -2.4976958525345623 94.9447004608295 48174
92 -2.0229591836734695 109.08928571428571 43512
93 -2.1704834605597965 118.87277353689568 43623
94 -2.3579545454545454 86.92613636363636 39072
95 -2.5584415584415585 99.65584415584415 34188
96 -2.110204081632653 91.0326530612245 27195
97 -2.2509803921568627 121.6470588235294 28305
98 -2.1769230769230767 83.47692307692307 28860
99 -2.3781512605042017 122.52941176470588 26418
100 -1.7079646017699115 87.22123893805309 25086
101 -3.327433628318584 126.86725663716814 25086
102 -2.013333333333333 66.29777777777778 24975
103 -1.1557788944723617 103.00502512562814 22089
104 -4.011363636363637 156.70454545454547 19536
105 -2.8902439024390243 121.95121951219512 18204
106 -1.837837837837838 101.06756756756756 16428
107 -1.9266666666666667 103.78 16650
108 -3.2262773722627736 132.94890510948906 15207
109 -2.2868217054263567 112.14728682170542 14319
110 -3.1066666666666665 136.33333333333334 16650
111 -3.03125 136.796875 14208
112 -2.559322033898305 124.33898305084746 13098
113 -2.3442622950819674 93.37704918032787 13542
114 -1.5892857142857142 129.66071428571428 12432
115 -3.7311827956989245 128.05376344086022 10323
116 -1.8369565217391304 165.8586956521739 10212
117 -4.25531914893617 174.0212765957447 10434
118 -3.1785714285714284 147.41666666666666 9324
119 -2.3661971830985915 139.88732394366198 7881
120 -3.227272727272727 122.52272727272727 9768
121 -2.6559139784946235 115.47311827956989 10323
122 -1.5227272727272727 62.95454545454545 9768
123 -4.223684210526316 192.98684210526315 8436
124 -2.126984126984127 124.25396825396825 6993
125 -2.2954545454545454 170.29545454545453 4884
126 -2.7096774193548385 123.16129032258064 3441
127 -2.263157894736842 179.78947368421052 4218
128 -5.055555555555555 296.72222222222223 3996
129 -2.6944444444444446 152.36111111111111 3996
130 -4.184210526315789 148.07894736842104 4218
131 -1.380952380952381 99.95238095238095 4662
132 -0.6585365853658537 23.4390243902439 4551
133 -4.7254901960784315 205.94117647058823 5661
134 -1.2075471698113207 27.169811320754718 5883
135 -4.945945945945946 336.94594594594594 4107
136 -2.3333333333333335 154.93939393939394 3663
137 -7.75 365.9166666666667 2664
138 -3.6153846153846154 108.92307692307692 2886
139 -5.8 260.04 2775
140 -1.8461538461538463 205.3846153846154 1443
141 -5.666666666666667 338.8333333333333 1332
142 -0.3333333333333333 17.77777777777778 1998
143 -5.0 247.38095238095238 2331
144 -5.380952380952381 371.1904761904762 2331
145 -5.538461538461538 257.0769230769231 1443
146 -1.4545454545454546 219.63636363636363 1221
147 -3.588235294117647 288.7647058823529 1887
148 -4.611111111111111 181.16666666666666 1998
149 -7.8 323.1333333333333 1665
150 -1.4 28.2 1665
151 -7.6875 260.0625 1776
152 -6.9 534.9 1110
153 0.5625 8.1875 1776
154 -0.9090909090909091 5.636363636363637 1221
155 -4.583333333333333 98.08333333333333 1332
156 -4.0 275.1111111111111 1998
157 0.21052631578947367 240.8421052631579 2109
158 -0.5 1.0 444
159 2.2857142857142856 33.42857142857143 777
160 -0.625 2.875 888
161 -16.4 1264.0 555
162 1.0 9.0 333
163 -12.5 628.5 444
164 -10.666666666666666 321.3333333333333 666
165 -31.0 2032.5 444
166 0.16666666666666666 1.5 666
167 -10.75 572.75 888
168 -0.8333333333333334 11.5 666
169 -0.6 1.0 555
170 -10.0 210.8 555
171 -14.333333333333334 617.0 333
172 -6.75 169.75 444
173 -1.0 1.0 222
174 -1.0 3.6666666666666665 333
175 -5.0 41.0 222
176 -1.0 1.0 111
177 -1.0 1.0 111
206 1.0 1.0 111
207 1.0 1.0 222
208 0.3333333333333333 1.0 333
209 0.0 1.0 222
210 4.0 16.0 111
211 -90.0 8100.0 111
212 -1.0 1.0 111
213 -1.0 1.0 111
214 1.0 1.0 111
215 -2.0 4.0 111
