400 0.173366 0.000000
410 0.181910 0.000000
420 0.190381 0.000000
430 0.199113 0.000000
440 0.207589 0.000000
450 0.216315 0.000000
460 0.224913 0.000000
470 0.233546 0.000000
480 0.241943 0.000000
490 0.250463 0.000000
500 0.259064 0.000000
510 0.267765 0.000000
520 0.276498 0.000000
530 0.284995 0.000000
540 0.293395 0.000000
550 0.302238 0.000000
560 0.310866 0.000000
570 0.319369 0.000000
580 0.328002 0.000000
590 0.336490 0.000000
600 0.345063 0.000000
610 0.353585 0.000000
620 0.362060 0.000000
630 0.370781 0.000000
640 0.379657 0.000000
650 0.387776 0.000000
660 0.396529 0.000000
670 0.405110 0.000000
680 0.413753 0.000000
690 0.422655 0.000000
700 0.430911 0.000000
710 0.439407 0.000000
720 0.448113 0.000000
730 0.456621 0.000000
740 0.465485 0.000000
750 0.473919 0.000000
760 0.482631 0.000000
770 0.491246 0.000000
780 0.499443 0.010526
790 0.508236 0.000000
800 0.516499 0.000000
810 0.525341 0.000000
820 0.533910 0.010526
830 0.542661 0.000000
840 0.551204 0.031579
850 0.559734 0.063158
860 0.568374 0.063158
870 0.576897 0.136842
880 0.585383 0.252632
890 0.594304 0.263158
900 0.602663 0.400000
910 0.611349 0.431579
920 0.619868 0.684211
930 0.628346 0.736842
940 0.637352 0.789474
950 0.645612 0.842105
960 0.654246 0.873684
970 0.662912 0.863158
980 0.671315 0.894737
990 0.679940 0.978947
