400 0.173339 0.000000
410 0.181980 0.000000
420 0.190660 0.000000
430 0.199087 0.000000
440 0.207673 0.000000
450 0.216134 0.000000
460 0.225213 0.000000
470 0.233445 0.000000
480 0.242154 0.000000
490 0.250679 0.000000
500 0.259300 0.000000
510 0.267804 0.000000
520 0.276256 0.000000
530 0.284822 0.000000
540 0.293622 0.000000
550 0.302232 0.000000
560 0.310850 0.000000
570 0.319429 0.000000
580 0.327982 0.000000
590 0.336430 0.000000
600 0.344953 0.000000
610 0.353625 0.000000
620 0.362221 0.000000
630 0.370549 0.000000
640 0.379633 0.000000
650 0.388061 0.000000
660 0.396815 0.000000
670 0.405288 0.000000
680 0.414062 0.000000
690 0.422340 0.000000
700 0.430895 0.000000
710 0.439496 0.000000
720 0.448134 0.000000
730 0.456845 0.000000
740 0.465127 0.000000
750 0.473842 0.000000
760 0.482287 0.000000
770 0.491398 0.010526
780 0.499465 0.000000
790 0.508324 0.000000
800 0.516821 0.000000
810 0.525524 0.000000
820 0.534024 0.031579
830 0.542734 0.063158
840 0.551272 0.052632
850 0.559770 0.136842
860 0.568499 0.157895
870 0.576884 0.200000
880 0.585727 0.189474
890 0.594198 0.315789
900 0.602559 0.421053
910 0.611279 0.442105
920 0.619901 0.547368
930 0.628413 0.494737
940 0.636948 0.726316
950 0.645737 0.768421
960 0.654158 0.789474
970 0.662987 0.863158
980 0.671470 0.884211
990 0.680219 0.957895
