0 724278.0
1 20899.0
2 7653.0
3 4677.0
4 3193.0
5 2299.0
6 1752.0
7 1415.0
8 1149.0
9 1003.0
10 848.0
11 704.0
12 608.0
13 549.0
14 469.0
15 407.0
16 395.0
17 364.0
18 379.0
19 308.0
20 280.0
21 269.0
22 227.0
23 211.0
24 174.0
25 154.0
26 183.0
27 165.0
28 180.0
29 147.0
30 114.0
31 97.0
32 96.0
33 108.0
34 109.0
35 100.0
36 92.0
37 92.0
38 84.0
39 90.0
40 85.0
41 59.0
42 61.0
43 55.0
44 60.0
45 43.0
46 52.0
47 51.0
48 55.0
49 52.0
50 36.0
51 45.0
52 37.0
53 41.0
54 49.0
55 32.0
56 43.0
57 26.0
58 34.0
59 40.0
60 26.0
61 30.0
62 25.0
63 21.0
64 22.0
65 26.0
66 29.0
67 16.0
68 26.0
69 17.0
70 18.0
71 20.0
72 21.0
73 13.0
74 14.0
75 20.0
76 17.0
77 17.0
78 8.0
79 8.0
80 14.0
81 13.0
82 16.0
83 10.0
84 19.0
85 9.0
86 12.0
87 8.0
88 7.0
89 8.0
90 6.0
91 15.0
92 10.0
93 11.0
94 8.0
95 3.0
96 10.0
97 7.0
98 8.0
99 9.0
100 12.0
101 8.0
102 6.0
103 3.0
104 5.0
105 2.0
106 4.0
107 8.0
108 6.0
109 7.0
110 1.0
111 5.0
112 4.0
113 3.0
114 1.0
115 0.0
116 3.0
117 3.0
118 4.0
119 5.0
120 8.0
121 4.0
122 4.0
123 3.0
124 2.0
125 3.0
126 4.0
127 2.0
128 1.0
129 4.0
130 0.0
131 1.0
132 2.0
133 2.0
134 5.0
135 2.0
136 2.0
137 3.0
138 3.0
139 2.0
140 6.0
141 2.0
142 3.0
143 1.0
144 0.0
145 3.0
146 2.0
147 2.0
148 4.0
149 7.0
150 2.0
151 1.0
152 1.0
153 1.0
154 0.0
155 1.0
156 1.0
157 1.0
158 0.0
159 2.0
160 1.0
161 0.0
162 1.0
163 2.0
164 1.0
165 1.0
166 1.0
167 1.0
168 3.0
169 0.0
170 1.0
171 1.0
172 0.0
173 1.0
174 2.0
175 1.0
176 1.0
177 0.0
178 0.0
179 0.0
180 0.0
181 1.0
182 0.0
183 0.0
184 1.0
185 1.0
186 0.0
187 1.0
188 0.0
189 2.0
190 1.0
191 1.0
192 1.0
193 0.0
194 1.0
195 1.0
196 0.0
197 0.0
198 1.0
199 1.0
200 1.0
201 2.0
202 2.0
203 0.0
204 0.0
205 0.0
206 0.0
207 1.0
208 0.0
209 0.0
210 0.0
211 2.0
212 0.0
213 0.0
214 0.0
215 0.0
216 0.0
217 0.0
218 0.0
219 1.0
220 0.0
221 0.0
222 1.0
223 1.0
224 0.0
225 0.0
226 0.0
227 0.0
228 0.0
229 0.0
230 0.0
231 0.0
232 0.0
233 1.0
234 0.0
235 0.0
236 0.0
237 0.0
238 1.0
239 0.0
240 1.0
241 0.0
242 1.0
243 0.0
244 0.0
245 0.0
246 0.0
247 0.0
248 0.0
249 0.0
250 0.0
251 1.0
