2 0.6828498154653985
3 0.6516265795897241
4 0.6293666277638005
5 0.6122217604146418
6 0.5993115733268947
7 0.588796412645476
8 0.5795477190244638
9 0.5722910098571968
10 0.5658072529323346
11 0.5596980393145985
12 0.5558243098292825
13 0.5510679920147054
14 0.5476154747221685
15 0.5444359425216968
16 0.5407222310437333
17 0.5380298589117868
18 0.5358766096406113
19 0.533108594349648
20 0.5314800314604124
21 0.5291015463916184
22 0.5271318774203491
23 0.525385218779021
24 0.5243224037723434
25 0.5224109399350615
26 0.5209701828372704
27 0.5197635391290935
28 0.5179970158185904
29 0.5175708810951081
30 0.5160725884441622
31 0.5154690000477703
32 0.5143392725188388
33 0.5132592360613975
34 0.5121402089320698
35 0.5116313935818967
36 0.5107121719053118
37 0.5104848250936033
38 0.5091063915140113
39 0.5080984729932928
40 0.5078602850286315
41 0.5066861530190211
42 0.5065756400212816
43 0.506672217423056
44 0.5049930088454869
45 0.5043600799818109
46 0.5041886846370782
47 0.5029356731137178
48 0.5036051273749649
49 0.50291127306085
50 0.5016339516083075
51 0.5018337988836223
52 0.501279276141189
53 0.5006514725126936
54 0.500730264394473
55 0.5005338980254771
56 0.4999156567947887
57 0.4999498093149169
58 0.49892627987844435
59 0.4988563658961804
60 0.49821482861241356
61 0.4982109159178823
62 0.4980911441517142
63 0.49701849917257573
64 0.4967615584750764
65 0.4975839481822388
66 0.4966793064682637
67 0.4968458716761325
68 0.49505544121970685
69 0.4964701577667291
70 0.49542599491507466
71 0.4941001947728405
72 0.4940991739192683
73 0.4949896807727955
74 0.4944928521389789
75 0.49412844589656724
76 0.494953198880633
77 0.493718616169319
78 0.49361867031777024
79 0.4935370412904333
80 0.49380354415169625
81 0.49251750711476355
82 0.49264751948877217
83 0.49275218457647774
84 0.49235218901275707
85 0.49238830322291866
86 0.4917865894774929
87 0.4922772270547535
88 0.4917179365830573
89 0.4909693287242424
90 0.4913367057282189
91 0.4907286332615978
92 0.4921074436707514
93 0.4905516056139559
94 0.49172260848717336
95 0.4910293114644297
96 0.4913777246390141
97 0.49030295484015013
98 0.4897582791003748
99 0.49085177485038584
100 0.49051849429128824
101 0.48986374053819304
102 0.48970169767126737
103 0.48933324067961503
104 0.4898523447032055
105 0.4908950541322646
106 0.48803764331632316
107 0.4905075857717142
108 0.49013371341737333
109 0.48792887261271456
110 0.49007803401899885
111 0.48799828801731004
112 0.4880257142944274
113 0.4882491407536326
114 0.48921273278503263
115 0.4888759300089438
116 0.48749383994931156
117 0.48794046444902717
118 0.48883130618720255
119 0.4872440525079612
120 0.488249960409677
121 0.4857777140138787
122 0.4870833317241406
123 0.4879827071115818
124 0.48756731425708894
125 0.48843542475071183
126 0.48810340301944943
127 0.487616333707218
128 0.48844712371389176
129 0.48515772877787866
130 0.48745351867135267
131 0.4866115451718122
132 0.48806035108080664
133 0.48625274427094894
134 0.4861348349916115
135 0.48579569044258075
136 0.4870961901008659
137 0.4881045422995152
138 0.48605986860833117
139 0.48629980460939015
140 0.4859829987339483
141 0.4860712106762704
142 0.4871561359731405
143 0.4842308956603177
144 0.48543202351701237
145 0.4863495655793143
146 0.48658458237020064
147 0.48496534119068796
148 0.484429500237185
149 0.4867158197972077
150 0.4860134760668553
151 0.48656322661420137
152 0.484381787007049
153 0.4864831243148262
154 0.48496512098534206
155 0.4825435696502184
156 0.48184337662120186
157 0.48430030608384633
158 0.4861378564456989
159 0.48244427927968264
160 0.4866209814652992
161 0.481863573296082
162 0.485256893320194
163 0.48728040323932964
164 0.4839108041083925
165 0.4891945597001863
166 0.4839981957978874
167 0.4843671608970869
168 0.4809865716634694
169 0.484735048865776
170 0.4844756143754089
171 0.48463234949087325
172 0.4853256379246345
173 0.4832852744245149
174 0.4848309737070211
175 0.48628011485816564
176 0.4838954546049446
177 0.48489874535191674
178 0.48560895685417804
179 0.48294028754037904
180 0.48630214684779216
181 0.48404393698511344
182 0.48744434550311666
183 0.4834561611015073
184 0.4848986282727371
185 0.4793195411005381
186 0.4823430038010461
187 0.48063888329642307
188 0.48214870054940323
189 0.48321486381870643
190 0.4839173405211141
191 0.48115745740066257
192 0.4812862217236867
193 0.48389749474086824
194 0.48636106615711583
195 0.48213359920239285
196 0.4767661426049834
197 0.4819180397127165
198 0.48425577646426654
199 0.4835404068169324
200 0.4840347841718536
201 0.4825590741038418
202 0.4877361150267832
203 0.4877984968128627
204 0.48357840766179744
205 0.4821521464490079
206 0.4813890091972179
207 0.4826113007007581
208 0.4829003924500093
209 0.48526287115227457
210 0.483764887943184
211 0.4832339896607249
212 0.4827477683680476
213 0.4807681049118904
214 0.4824885071376724
215 0.4771564214809791
216 0.48445301143904446
217 0.48364554013394156
218 0.4811172960901303
219 0.4769563872564182
220 0.48548626315417753
221 0.4869438210252574
222 0.4844225474568903
223 0.48426741689494335
224 0.47915639343018623
225 0.480918387034536
226 0.4825436900863939
227 0.48353983720277477
228 0.48130459629357497
229 0.4792017514314584
230 0.47989567485329276
231 0.4808787632221318
232 0.48585536942175456
233 0.48464861349807237
234 0.47699584348573887
235 0.4867135599843689
236 0.4853812920727419
237 0.4839087483450453
238 0.4860314812884395
239 0.4878305763354757
240 0.48147753885458805
241 0.4813048245614035
242 0.47864349775784754
243 0.4804842894205823
244 0.4873880245167374
245 0.4833611641221374
246 0.4852305256105731
247 0.48055795580792493
248 0.48393421884882987
249 0.48264387315672713
250 0.4881582429214078
251 0.47802911228046197
252 0.48103568929321205
253 0.48705848705848703
254 0.4822108345534407
255 0.4735116608300425
256 0.47539468617635733
257 0.47742037711931545
258 0.48237114241511275
259 0.4808298755186722
260 0.48323170731707316
261 0.4829041426233744
262 0.4810181190681622
263 0.4761778484928843
264 0.4771753986332574
265 0.4770251065845571
266 0.4753170731707317
267 0.4900931246284922
268 0.47661403158105137
269 0.4801623541349569
270 0.4753321660315171
271 0.4782516218228225
272 0.48435988390841667
273 0.4724546343583614
274 0.4819573232041113
275 0.48131109833237495
276 0.48047658369706264
277 0.4799465240641711
278 0.4803070341009186
279 0.47853535353535354
280 0.4866710439921208
281 0.48388369951322197
282 0.4685006877579092
283 0.4869893676552882
284 0.47838983050847456
285 0.481102585961921
286 0.48429129868249604
287 0.4803978935049737
288 0.47849624060150375
289 0.4791923551171393
290 0.479724440269297
291 0.4712606139777923
292 0.4773232928290262
293 0.49422066549912436
294 0.48919725979272793
295 0.48875326939843067
296 0.4740740740740741
297 0.47433530280649927
298 0.4745762711864407
299 0.48884870403857744
300 0.49014925373134327
301 0.4797838270616493
302 0.4857966241251544
303 0.4840737636211232
304 0.4877633539050862
305 0.4850247791424262
306 0.4727508650519031
307 0.47191011235955055
308 0.485592820028342
309 0.49148130619971603
310 0.46593406593406594
311 0.48694753166192817
312 0.4799893983567453
313 0.47191011235955055
314 0.4902284613267272
315 0.48166050611316463
316 0.4777843601895735
317 0.49343832020997375
318 0.48613889682766503
319 0.47666863555818073
320 0.49113848002403127
321 0.4732446643983916
322 0.4782608695652174
323 0.4669749009247028
324 0.4715079916608756
325 0.49166371053565094
326 0.48061188189256493
327 0.4947972730534625
328 0.47921306607275427
329 0.5
330 0.48242564696794127
331 0.4901090028259992
332 0.4716981132075472
333 0.46405510116229015
334 0.48034934497816595
335 0.47663139329806
336 0.48507795100222717
337 0.4816824966078697
338 0.47156726768377255
339 0.5025833724753406
340 0.47596382674916704
341 0.4811594202898551
342 0.4715
343 0.4741293532338308
344 0.47621621621621624
345 0.4796926454445664
346 0.48975069252077563
347 0.48135398737808377
348 0.4788732394366197
349 0.47510017172295366
350 0.473592571096924
351 0.4858177429088715
352 0.47342700061087356
353 0.4997000599880024
354 0.4405506883604506
355 0.4761584956346541
356 0.4855263157894737
357 0.483739837398374
358 0.48323066392881586
359 0.4825662482566248
360 0.47576435495898584
361 0.4799382716049383
362 0.4921752738654147
363 0.45326001571091906
364 0.48576214405360135
365 0.47439126784214947
366 0.48659966499162477
367 0.4939965694682676
368 0.4823731728288908
369 0.4943820224719101
370 0.4720767888307155
371 0.46993524514338575
372 0.48151571164510165
373 0.49569377990430624
374 0.4619002822201317
375 0.460446247464503
376 0.4797872340425532
377 0.4742489270386266
378 0.46255506607929514
379 0.4584269662921348
380 0.4638036809815951
381 0.4807228915662651
382 0.4867149758454106
383 0.4725787631271879
384 0.47619047619047616
385 0.44081632653061226
386 0.5079365079365079
387 0.5127860026917901
388 0.4325068870523416
389 0.4762658227848101
390 0.4858569051580699
391 0.47249190938511326
392 0.46757679180887374
393 0.4590984974958264
394 0.48856209150326796
395 0.49188311688311687
396 0.47611464968152867
397 0.46909667194928684
398 0.47735191637630664
399 0.5115864527629234
400 0.4834782608695652
401 0.49633699633699635
402 0.47368421052631576
403 0.4790794979079498
404 0.4574898785425101
405 0.46466809421841543
406 0.48131868131868133
407 0.4514038876889849
408 0.465979381443299
409 0.4607438016528926
410 0.5
411 0.49514563106796117
412 0.5191387559808612
413 0.47912087912087914
414 0.45652173913043476
415 0.5351089588377724
416 0.48577680525164113
417 0.4813953488372093
418 0.484304932735426
419 0.4604651162790698
420 0.47341772151898737
421 0.49865951742627346
422 0.45226130653266333
423 0.4584527220630373
424 0.4590643274853801
425 0.44574780058651026
426 0.49171270718232046
427 0.4402332361516035
428 0.4867549668874172
429 0.4967948717948718
430 0.46075085324232085
431 0.48188405797101447
432 0.5115384615384615
433 0.5187713310580204
434 0.4785714285714286
435 0.444015444015444
436 0.5019607843137255
437 0.5018867924528302
438 0.3593073593073593
439 0.5112107623318386
440 0.4681818181818182
441 0.48068669527896996
442 0.45454545454545453
443 0.5148514851485149
444 0.4626865671641791
445 0.44502617801047123
446 0.4635416666666667
447 0.46111111111111114
448 0.48554913294797686
449 0.5027027027027027
450 0.480225988700565
451 0.5364583333333334
452 0.4175257731958763
453 0.5408163265306123
454 0.48717948717948717
455 0.4494949494949495
456 0.4263959390862944
457 0.40804597701149425
458 0.46405228758169936
459 0.4647887323943662
460 0.4246575342465753
461 0.49624060150375937
462 0.4755244755244755
463 0.49056603773584906
464 0.44155844155844154
465 0.46540880503144655
466 0.4930555555555556
467 0.5223880597014925
468 0.525
469 0.47701149425287354
470 0.43243243243243246
471 0.4888888888888889
472 0.47435897435897434
473 0.43356643356643354
474 0.4112903225806452
475 0.41346153846153844
476 0.4537037037037037
477 0.45263157894736844
478 0.4742268041237113
479 0.46
480 0.4875
481 0.5294117647058824
482 0.5247524752475248
483 0.44680851063829785
484 0.46808510638297873
485 0.45544554455445546
486 0.45348837209302323
487 0.5411764705882353
488 0.3484848484848485
489 0.6052631578947368
490 0.4
491 0.4868421052631579
492 0.4444444444444444
493 0.39436619718309857
494 0.46551724137931033
495 0.4423076923076923
496 0.3620689655172414
497 0.44
498 0.5104166666666666
