-1486 1
-1485 0
-1484 0
-1483 0
-1482 0
-1481 0
-1480 0
-1479 0
-1478 0
-1477 0
-1476 0
-1475 0
-1474 0
-1473 0
-1472 0
-1471 0
-1470 0
-1469 0
-1468 0
-1467 0
-1466 0
-1465 0
-1464 0
-1463 0
-1462 0
-1461 0
-1460 0
-1459 0
-1458 0
-1457 0
-1456 0
-1455 0
-1454 0
-1453 0
-1452 0
-1451 1
-1450 0
-1449 0
-1448 0
-1447 0
-1446 0
-1445 0
-1444 0
-1443 0
-1442 0
-1441 0
-1440 1
-1439 0
-1438 0
-1437 0
-1436 0
-1435 0
-1434 0
-1433 0
-1432 0
-1431 0
-1430 0
-1429 0
-1428 0
-1427 0
-1426 0
-1425 0
-1424 0
-1423 0
-1422 0
-1421 0
-1420 0
-1419 0
-1418 0
-1417 0
-1416 0
-1415 0
-1414 0
-1413 0
-1412 0
-1411 0
-1410 0
-1409 0
-1408 0
-1407 0
-1406 0
-1405 0
-1404 0
-1403 0
-1402 0
-1401 0
-1400 0
-1399 0
-1398 0
-1397 0
-1396 0
-1395 0
-1394 0
-1393 0
-1392 0
-1391 0
-1390 0
-1389 0
-1388 0
-1387 0
-1386 0
-1385 0
-1384 0
-1383 0
-1382 0
-1381 0
-1380 0
-1379 0
-1378 0
-1377 1
-1376 0
-1375 0
-1374 0
-1373 0
-1372 0
-1371 0
-1370 1
-1369 0
-1368 0
-1367 0
-1366 0
-1365 0
-1364 0
-1363 0
-1362 0
-1361 0
-1360 0
-1359 0
-1358 0
-1357 0
-1356 0
-1355 0
-1354 0
-1353 0
-1352 0
-1351 0
-1350 0
-1349 0
-1348 0
-1347 0
-1346 0
-1345 0
-1344 0
-1343 0
-1342 0
-1341 0
-1340 0
-1339 0
-1338 0
-1337 0
-1336 0
-1335 0
-1334 0
-1333 0
-1332 0
-1331 0
-1330 0
-1329 0
-1328 0
-1327 0
-1326 0
-1325 0
-1324 0
-1323 0
-1322 0
-1321 0
-1320 0
-1319 0
-1318 0
-1317 0
-1316 0
-1315 0
-1314 1
-1313 0
-1312 0
-1311 0
-1310 0
-1309 0
-1308 0
-1307 0
-1306 0
-1305 0
-1304 0
-1303 0
-1302 0
-1301 0
-1300 1
-1299 0
-1298 0
-1297 0
-1296 0
-1295 0
-1294 0
-1293 0
-1292 0
-1291 0
-1290 0
-1289 0
-1288 0
-1287 0
-1286 0
-1285 1
-1284 0
-1283 1
-1282 0
-1281 0
-1280 0
-1279 0
-1278 1
-1277 0
-1276 0
-1275 0
-1274 0
-1273 0
-1272 0
-1271 0
-1270 0
-1269 0
-1268 0
-1267 0
-1266 0
-1265 0
-1264 0
-1263 0
-1262 0
-1261 0
-1260 0
-1259 1
-1258 0
-1257 0
-1256 0
-1255 1
-1254 0
-1253 1
-1252 0
-1251 0
-1250 0
-1249 0
-1248 0
-1247 0
-1246 1
-1245 0
-1244 0
-1243 0
-1242 0
-1241 0
-1240 0
-1239 0
-1238 0
-1237 0
-1236 0
-1235 0
-1234 0
-1233 1
-1232 0
-1231 0
-1230 1
-1229 0
-1228 2
-1227 0
-1226 0
-1225 0
-1224 0
-1223 0
-1222 1
-1221 0
-1220 0
-1219 0
-1218 0
-1217 1
-1216 0
-1215 0
-1214 0
-1213 0
-1212 0
-1211 0
-1210 0
-1209 0
-1208 1
-1207 1
-1206 0
-1205 0
-1204 2
-1203 1
-1202 0
-1201 0
-1200 0
-1199 1
-1198 1
-1197 0
-1196 1
-1195 0
-1194 0
-1193 0
-1192 1
-1191 0
-1190 0
-1189 0
-1188 0
-1187 0
-1186 2
-1185 0
-1184 1
-1183 0
-1182 0
-1181 0
-1180 1
-1179 1
-1178 0
-1177 0
-1176 0
-1175 0
-1174 1
-1173 0
-1172 0
-1171 0
-1170 1
-1169 2
-1168 1
-1167 0
-1166 1
-1165 1
-1164 1
-1163 0
-1162 1
-1161 1
-1160 1
-1159 0
-1158 0
-1157 0
-1156 0
-1155 1
-1154 3
-1153 1
-1152 0
-1151 0
-1150 1
-1149 1
-1148 0
-1147 0
-1146 0
-1145 0
-1144 0
-1143 3
-1142 0
-1141 0
-1140 0
-1139 0
-1138 1
-1137 1
-1136 2
-1135 0
-1134 1
-1133 2
-1132 2
-1131 4
-1130 1
-1129 0
-1128 0
-1127 1
-1126 0
-1125 3
-1124 0
-1123 0
-1122 0
-1121 1
-1120 0
-1119 0
-1118 0
-1117 1
-1116 2
-1115 1
-1114 1
-1113 2
-1112 0
-1111 1
-1110 0
-1109 0
-1108 1
-1107 3
-1106 2
-1105 1
-1104 1
-1103 1
-1102 3
-1101 2
-1100 1
-1099 1
-1098 1
-1097 1
-1096 1
-1095 0
-1094 2
-1093 3
-1092 2
-1091 1
-1090 0
-1089 2
-1088 0
-1087 1
-1086 0
-1085 3
-1084 2
-1083 2
-1082 3
-1081 1
-1080 0
-1079 0
-1078 2
-1077 0
-1076 2
-1075 0
-1074 1
-1073 2
-1072 2
-1071 2
-1070 4
-1069 1
-1068 0
-1067 1
-1066 2
-1065 1
-1064 2
-1063 1
-1062 0
-1061 4
-1060 3
-1059 1
-1058 1
-1057 2
-1056 3
-1055 1
-1054 2
-1053 1
-1052 2
-1051 2
-1050 7
-1049 1
-1048 0
-1047 4
-1046 2
-1045 2
-1044 2
-1043 1
-1042 6
-1041 0
-1040 2
-1039 3
-1038 1
-1037 0
-1036 1
-1035 3
-1034 2
-1033 2
-1032 1
-1031 2
-1030 2
-1029 1
-1028 2
-1027 4
-1026 2
-1025 2
-1024 1
-1023 2
-1022 2
-1021 3
-1020 1
-1019 4
-1018 4
-1017 3
-1016 4
-1015 5
-1014 3
-1013 3
-1012 2
-1011 2
-1010 1
-1009 3
-1008 4
-1007 1
-1006 1
-1005 3
-1004 0
-1003 8
-1002 4
-1001 3
-1000 6
-999 10
-998 3
-997 1
-996 1
-995 3
-994 3
-993 4
-992 2
-991 1
-990 3
-989 3
-988 3
-987 3
-986 1
-985 5
-984 4
-983 2
-982 2
-981 2
-980 2
-979 4
-978 4
-977 5
-976 4
-975 7
-974 2
-973 4
-972 3
-971 2
-970 2
-969 2
-968 3
-967 5
-966 0
-965 0
-964 5
-963 4
-962 9
-961 6
-960 5
-959 2
-958 4
-957 4
-956 5
-955 8
-954 2
-953 7
-952 4
-951 7
-950 5
-949 5
-948 2
-947 12
-946 6
-945 10
-944 8
-943 5
-942 7
-941 5
-940 5
-939 6
-938 8
-937 1
-936 4
-935 4
-934 2
-933 8
-932 4
-931 6
-930 8
-929 4
-928 8
-927 6
-926 6
-925 4
-924 3
-923 3
-922 8
-921 3
-920 9
-919 5
-918 4
-917 4
-916 6
-915 4
-914 9
-913 6
-912 7
-911 10
-910 8
-909 6
-908 5
-907 8
-906 12
-905 6
-904 13
-903 4
-902 4
-901 5
-900 6
-899 6
-898 3
-897 9
-896 4
-895 5
-894 7
-893 10
-892 7
-891 7
-890 10
-889 12
-888 8
-887 8
-886 6
-885 13
-884 7
-883 8
-882 12
-881 5
-880 12
-879 9
-878 7
-877 5
-876 9
-875 10
-874 9
-873 12
-872 8
-871 10
-870 11
-869 7
-868 6
-867 9
-866 11
-865 7
-864 12
-863 17
-862 12
-861 11
-860 13
-859 8
-858 15
-857 9
-856 9
-855 13
-854 12
-853 9
-852 14
-851 13
-850 14
-849 10
-848 19
-847 14
-846 12
-845 11
-844 23
-843 17
-842 11
-841 15
-840 13
-839 18
-838 9
-837 11
-836 11
-835 18
-834 17
-833 10
-832 8
-831 10
-830 6
-829 27
-828 10
-827 14
-826 13
-825 19
-824 14
-823 14
-822 18
-821 11
-820 10
-819 15
-818 13
-817 20
-816 22
-815 18
-814 16
-813 16
-812 19
-811 12
-810 12
-809 21
-808 17
-807 14
-806 14
-805 14
-804 19
-803 16
-802 18
-801 13
-800 16
-799 15
-798 21
-797 17
-796 18
-795 19
-794 9
-793 11
-792 23
-791 20
-790 21
-789 22
-788 10
-787 19
-786 25
-785 24
-784 23
-783 26
-782 20
-781 18
-780 19
-779 22
-778 22
-777 18
-776 18
-775 28
-774 20
-773 20
-772 33
-771 24
-770 23
-769 26
-768 24
-767 31
-766 27
-765 28
-764 28
-763 23
-762 34
-761 34
-760 24
-759 23
-758 33
-757 18
-756 25
-755 28
-754 32
-753 27
-752 19
-751 25
-750 30
-749 31
-748 38
-747 32
-746 26
-745 25
-744 26
-743 30
-742 23
-741 39
-740 35
-739 23
-738 31
-737 28
-736 41
-735 39
-734 36
-733 39
-732 30
-731 38
-730 34
-729 42
-728 36
-727 49
-726 34
-725 40
-724 37
-723 44
-722 33
-721 39
-720 41
-719 40
-718 44
-717 53
-716 41
-715 42
-714 40
-713 36
-712 43
-711 33
-710 34
-709 50
-708 37
-707 50
-706 41
-705 39
-704 47
-703 39
-702 38
-701 36
-700 53
-699 50
-698 45
-697 38
-696 53
-695 39
-694 50
-693 36
-692 48
-691 43
-690 48
-689 57
-688 47
-687 46
-686 38
-685 53
-684 46
-683 55
-682 51
-681 48
-680 63
-679 55
-678 42
-677 60
-676 46
-675 54
-674 66
-673 55
-672 59
-671 60
-670 53
-669 69
-668 55
-667 53
-666 51
-665 68
-664 71
-663 66
-662 70
-661 75
-660 61
-659 71
-658 54
-657 62
-656 54
-655 68
-654 56
-653 60
-652 62
-651 63
-650 71
-649 73
-648 55
-647 82
-646 73
-645 71
-644 72
-643 81
-642 69
-641 74
-640 68
-639 105
-638 84
-637 68
-636 79
-635 83
-634 91
-633 78
-632 74
-631 105
-630 86
-629 105
-628 86
-627 90
-626 85
-625 83
-624 91
-623 103
-622 79
-621 88
-620 104
-619 93
-618 100
-617 87
-616 112
-615 104
-614 90
-613 113
-612 97
-611 98
-610 95
-609 90
-608 97
-607 104
-606 119
-605 104
-604 109
-603 108
-602 98
-601 127
-600 95
-599 118
-598 117
-597 97
-596 115
-595 88
-594 111
-593 111
-592 131
-591 130
-590 112
-589 109
-588 115
-587 121
-586 133
-585 118
-584 118
-583 139
-582 115
-581 112
-580 120
-579 116
-578 130
-577 139
-576 116
-575 158
-574 132
-573 138
-572 144
-571 129
-570 141
-569 138
-568 140
-567 158
-566 138
-565 158
-564 160
-563 164
-562 143
-561 143
-560 145
-559 150
-558 185
-557 163
-556 154
-555 176
-554 168
-553 184
-552 170
-551 197
-550 161
-549 185
-548 173
-547 153
-546 159
-545 198
-544 192
-543 200
-542 184
-541 220
-540 194
-539 198
-538 175
-537 190
-536 215
-535 189
-534 186
-533 184
-532 207
-531 203
-530 212
-529 199
-528 203
-527 203
-526 210
-525 224
-524 222
-523 223
-522 205
-521 231
-520 205
-519 254
-518 227
-517 233
-516 243
-515 243
-514 224
-513 242
-512 245
-511 246
-510 209
-509 236
-508 226
-507 244
-506 282
-505 259
-504 223
-503 268
-502 249
-501 285
-500 275
-499 265
-498 261
-497 252
-496 258
-495 277
-494 297
-493 292
-492 276
-491 277
-490 267
-489 293
-488 295
-487 299
-486 305
-485 307
-484 279
-483 304
-482 319
-481 322
-480 278
-479 307
-478 313
-477 309
-476 346
-475 327
-474 329
-473 329
-472 323
-471 376
-470 349
-469 359
-468 366
-467 360
-466 375
-465 381
-464 374
-463 356
-462 372
-461 347
-460 353
-459 411
-458 365
-457 368
-456 378
-455 389
-454 386
-453 394
-452 394
-451 381
-450 391
-449 404
-448 391
-447 412
-446 444
-445 455
-444 448
-443 410
-442 429
-441 457
-440 434
-439 429
-438 463
-437 516
-436 466
-435 491
-434 474
-433 510
-432 468
-431 483
-430 492
-429 473
-428 455
-427 480
-426 520
-425 494
-424 484
-423 562
-422 501
-421 595
-420 482
-419 502
-418 544
-417 526
-416 562
-415 552
-414 565
-413 566
-412 576
-411 582
-410 577
-409 557
-408 566
-407 604
-406 627
-405 596
-404 653
-403 684
-402 628
-401 665
-400 633
-399 643
-398 637
-397 665
-396 657
-395 700
-394 671
-393 693
-392 718
-391 709
-390 684
-389 750
-388 703
-387 765
-386 709
-385 719
-384 760
-383 730
-382 748
-381 808
-380 750
-379 767
-378 719
-377 777
-376 756
-375 773
-374 792
-373 800
-372 756
-371 873
-370 819
-369 859
-368 927
-367 875
-366 879
-365 928
-364 902
-363 875
-362 881
-361 920
-360 958
-359 935
-358 936
-357 968
-356 980
-355 1006
-354 965
-353 1035
-352 985
-351 913
-350 1027
-349 1014
-348 1038
-347 1066
-346 1078
-345 1136
-344 1072
-343 1074
-342 1118
-341 1085
-340 1109
-339 1159
-338 1180
-337 1177
-336 1188
-335 1140
-334 1190
-333 1237
-332 1214
-331 1243
-330 1239
-329 1290
-328 1215
-327 1263
-326 1324
-325 1222
-324 1308
-323 1331
-322 1334
-321 1386
-320 1385
-319 1339
-318 1386
-317 1437
-316 1474
-315 1459
-314 1409
-313 1492
-312 1474
-311 1526
-310 1485
-309 1481
-308 1552
-307 1518
-306 1544
-305 1605
-304 1604
-303 1522
-302 1656
-301 1599
-300 1684
-299 1713
-298 1658
-297 1747
-296 1728
-295 1736
-294 1823
-293 1766
-292 1839
-291 1832
-290 1824
-289 1956
-288 1940
-287 1951
-286 1930
-285 1893
-284 1990
-283 1944
-282 1999
-281 2048
-280 2109
-279 2107
-278 2079
-277 2218
-276 2136
-275 2171
-274 2178
-273 2223
-272 2259
-271 2238
-270 2318
-269 2276
-268 2412
-267 2295
-266 2462
-265 2530
-264 2426
-263 2499
-262 2536
-261 2626
-260 2525
-259 2588
-258 2622
-257 2690
-256 2690
-255 2710
-254 2718
-253 2795
-252 2798
-251 2797
-250 2805
-249 2793
-248 2962
-247 3035
-246 2994
-245 2948
-244 3121
-243 3059
-242 3135
-241 3088
-240 3291
-239 3197
-238 3162
-237 3282
-236 3251
-235 3436
-234 3521
-233 3434
-232 3536
-231 3469
-230 3522
-229 3664
-228 3639
-227 3715
-226 3731
-225 3761
-224 3852
-223 3945
-222 3823
-221 3983
-220 3971
-219 4054
-218 4087
-217 4182
-216 4238
-215 4208
-214 4302
-213 4440
-212 4437
-211 4479
-210 4558
-209 4613
-208 4618
-207 4560
-206 4729
-205 4798
-204 4840
-203 4932
-202 5057
-201 4969
-200 5040
-199 5151
-198 5258
-197 5267
-196 5389
-195 5469
-194 5547
-193 5634
-192 5656
-191 5659
-190 5913
-189 5884
-188 5861
-187 5952
-186 6241
-185 6056
-184 6250
-183 6296
-182 6399
-181 6529
-180 6579
-179 6770
-178 6804
-177 6894
-176 7026
-175 6975
-174 7303
-173 7265
-172 7334
-171 7445
-170 7652
-169 7732
-168 7857
-167 8073
-166 7939
-165 8187
-164 8262
-163 8227
-162 8423
-161 8516
-160 8722
-159 8789
-158 8903
-157 9066
-156 9314
-155 9208
-154 9570
-153 9506
-152 9735
-151 9949
-150 10067
-149 10230
-148 10442
-147 10509
-146 10763
-145 10746
-144 10983
-143 11138
-142 11278
-141 11436
-140 11545
-139 11752
-138 12041
-137 12135
-136 12393
-135 12453
-134 12560
-133 12920
-132 13293
-131 13569
-130 13629
-129 13845
-128 14057
-127 14456
-126 14733
-125 14691
-124 15223
-123 15189
-122 15566
-121 15787
-120 16254
-119 16345
-118 16598
-117 17083
-116 17439
-115 17533
-114 18078
-113 18105
-112 18367
-111 18687
-110 19192
-109 19367
-108 19943
-107 20321
-106 20613
-105 20928
-104 21405
-103 22095
-102 22141
-101 22696
-100 23190
-99 23786
-98 23882
-97 24388
-96 24877
-95 25589
-94 26032
-93 26377
-92 26906
-91 27508
-90 27809
-89 28742
-88 29139
-87 29739
-86 30727
-85 31183
-84 31921
-83 32740
-82 33491
-81 34199
-80 35251
-79 35544
-78 36798
-77 37794
-76 38566
-75 39395
-74 40129
-73 41295
-72 42143
-71 43282
-70 44102
-69 45722
-68 47029
-67 48389
-66 49072
-65 50879
-64 52013
-63 53562
-62 55284
-61 56423
-60 58045
-59 60177
-58 61843
-57 63628
-56 65540
-55 67284
-54 69193
-53 71516
-52 74235
-51 76326
-50 78913
-49 81623
-48 85388
-47 87999
-46 90480
-45 93678
-44 98396
-43 101458
-42 104487
-41 108663
-40 114271
-39 118129
-38 123994
-37 127978
-36 134562
-35 140818
-34 146877
-33 155007
-32 161359
-31 169446
-30 178269
-29 187526
-28 198399
-27 209680
-26 221963
-25 235228
-24 250035
-23 266584
-22 285005
-21 304889
-20 328163
-19 353025
-18 383061
-17 416624
-16 455493
-15 499388
-14 552666
-13 613142
-12 688014
-11 778854
-10 888036
-9 1027322
-8 1210957
-7 1453850
-6 1791414
-5 2285574
-4 3072581
-3 4449953
-2 7461001
-1 17466414
0 114741116
1 771394725
2 118785394
3 14649941
4 6730105
5 4225623
6 2972537
7 2235020
8 1761754
9 1434188
10 1197354
11 1019548
12 880631
13 772108
14 681414
15 610605
16 548845
17 496692
18 453104
19 415041
20 382291
21 352797
22 327388
23 304915
24 283980
25 265055
26 250190
27 234170
28 221731
29 208892
30 198124
31 187720
32 177370
33 169128
34 160526
35 153619
36 146499
37 139850
38 134101
39 128601
40 123540
41 118430
42 114217
43 109444
44 105322
45 100907
46 97492
47 93997
48 90254
49 87312
50 84581
51 81612
52 79394
53 76275
54 73931
55 71790
56 69534
57 67552
58 65685
59 62984
60 61897
61 60289
62 57949
63 56232
64 54966
65 53370
66 51857
67 50803
68 49435
69 48078
70 46697
71 45482
72 44314
73 43275
74 42324
75 41289
76 40193
77 39674
78 38450
79 37257
80 36695
81 36076
82 34959
83 34164
84 33280
85 32594
86 32103
87 31007
88 30779
89 29839
90 29134
91 28788
92 28091
93 27328
94 26930
95 26321
96 26109
97 25687
98 24648
99 24274
100 23879
101 23741
102 23452
103 22548
104 21977
105 22019
106 21476
107 20960
108 20513
109 20173
110 19726
111 19495
112 19027
113 18795
114 18518
115 18141
116 17941
117 17314
118 17415
119 16604
120 16710
121 16505
122 16249
123 15999
124 15561
125 15231
126 15036
127 14605
128 14601
129 14374
130 14195
131 13946
132 13755
133 13281
134 13205
135 12806
136 12782
137 12421
138 12213
139 12169
140 11966
141 11787
142 11742
143 11336
144 11446
145 11232
146 10945
147 10788
148 10574
149 10485
150 10330
151 10038
152 10127
153 9917
154 9640
155 9591
156 9593
157 9393
158 9269
159 9095
160 8791
161 8870
162 8609
163 8467
164 8407
165 8297
166 8313
167 8077
168 7900
169 7788
170 7803
171 7781
172 7615
173 7443
174 7504
175 7312
176 7106
177 7066
178 6807
179 6859
180 6777
181 6664
182 6680
183 6606
184 6437
185 6417
186 6268
187 6258
188 5982
189 6101
190 5813
191 5953
192 5827
193 5795
194 5675
195 5534
196 5499
197 5408
198 5425
199 5304
200 5305
201 5099
202 5057
203 4897
204 5044
205 5034
206 4835
207 4684
208 4808
209 4712
210 4623
211 4577
212 4664
213 4481
214 4348
215 4400
216 4361
217 4287
218 4120
219 4158
220 4099
221 4142
222 4072
223 3877
224 3974
225 3923
226 3855
227 3809
228 3911
229 3664
230 3658
231 3561
232 3572
233 3507
234 3473
235 3495
236 3399
237 3321
238 3386
239 3282
240 3164
241 3288
242 3211
243 3169
244 3121
245 3033
246 3046
247 2955
248 3013
249 2918
250 2794
251 2857
252 2873
253 2784
254 2852
255 2741
256 2741
257 2736
258 2620
259 2651
260 2622
261 2595
262 2542
263 2503
264 2479
265 2441
266 2473
267 2432
268 2435
269 2324
270 2319
271 2382
272 2262
273 2269
274 2275
275 2207
276 2172
277 2225
278 2181
279 2141
280 2190
281 2092
282 2058
283 2090
284 2036
285 1989
286 1951
287 1950
288 1963
289 1891
290 1884
291 1836
292 1864
293 1864
294 1887
295 1801
296 1850
297 1754
298 1729
299 1701
300 1690
301 1725
302 1674
303 1602
304 1600
305 1615
306 1627
307 1598
308 1598
309 1493
310 1601
311 1534
312 1497
313 1558
314 1476
315 1436
316 1485
317 1465
318 1398
319 1325
320 1379
321 1394
322 1373
323 1433
324 1361
325 1290
326 1245
327 1343
328 1324
329 1237
330 1263
331 1271
332 1262
333 1241
334 1186
335 1202
336 1191
337 1229
338 1157
339 1189
340 1149
341 1116
342 1117
343 1169
344 1116
345 1107
346 1095
347 1111
348 997
349 1120
350 1009
351 1075
352 986
353 1026
354 1037
355 972
356 1023
357 976
358 936
359 963
360 964
361 933
362 926
363 985
364 921
365 941
366 846
367 855
368 856
369 912
370 854
371 762
372 846
373 820
374 777
375 778
376 837
377 805
378 799
379 742
380 801
381 773
382 770
383 776
384 715
385 761
386 729
387 789
388 695
389 710
390 749
391 682
392 679
393 691
394 703
395 677
396 668
397 686
398 625
399 681
400 647
401 633
402 672
403 603
404 647
405 651
406 629
407 614
408 595
409 589
410 616
411 581
412 603
413 570
414 584
415 569
416 591
417 565
418 557
419 531
420 525
421 538
422 522
423 584
424 544
425 484
426 492
427 508
428 460
429 488
430 488
431 457
432 474
433 521
434 462
435 466
436 530
437 410
438 475
439 457
440 465
441 457
442 416
443 408
444 418
445 423
446 425
447 425
448 418
449 366
450 431
451 375
452 411
453 411
454 393
455 382
456 449
457 392
458 381
459 424
460 389
461 381
462 362
463 341
464 366
465 366
466 368
467 320
468 354
469 333
470 349
471 349
472 311
473 315
474 316
475 334
476 322
477 359
478 360
479 326
480 320
481 297
482 313
483 296
484 294
485 306
486 279
487 296
488 312
489 300
490 283
491 261
492 297
493 274
494 273
495 260
496 255
497 254
498 285
499 254
500 311
501 264
502 258
503 258
504 275
505 268
506 239
507 218
508 237
509 229
510 222
511 231
512 232
513 240
514 240
515 248
516 231
517 249
518 244
519 213
520 220
521 224
522 200
523 217
524 208
525 205
526 201
527 212
528 218
529 212
530 201
531 191
532 182
533 203
534 220
535 185
536 202
537 219
538 192
539 206
540 194
541 206
542 195
543 188
544 184
545 177
546 179
547 181
548 200
549 197
550 149
551 173
552 161
553 170
554 159
555 160
556 186
557 147
558 168
559 156
560 167
561 147
562 151
563 149
564 152
565 161
566 137
567 156
568 175
569 156
570 133
571 151
572 126
573 138
574 152
575 144
576 134
577 154
578 130
579 141
580 135
581 139
582 132
583 114
584 134
585 108
586 135
587 130
588 126
589 123
590 114
591 135
592 128
593 138
594 110
595 101
596 106
597 98
598 107
599 119
600 94
601 117
602 120
603 103
604 111
605 109
606 102
607 124
608 113
609 105
610 90
611 98
612 116
613 88
614 93
615 109
616 95
617 81
618 87
619 112
620 90
621 119
622 83
623 116
624 76
625 96
626 87
627 78
628 93
629 81
630 109
631 89
632 82
633 85
634 86
635 81
636 75
637 83
638 90
639 72
640 87
641 86
642 77
643 86
644 71
645 69
646 80
647 81
648 70
649 68
650 72
651 61
652 72
653 61
654 74
655 75
656 78
657 72
658 77
659 56
660 59
661 67
662 63
663 66
664 57
665 67
666 73
667 53
668 59
669 68
670 67
671 59
672 59
673 66
674 48
675 49
676 50
677 50
678 45
679 47
680 75
681 50
682 51
683 58
684 56
685 49
686 49
687 47
688 50
689 61
690 38
691 53
692 49
693 48
694 51
695 54
696 49
697 52
698 44
699 50
700 42
701 49
702 48
703 42
704 48
705 40
706 38
707 33
708 43
709 47
710 33
711 40
712 48
713 47
714 36
715 37
716 38
717 48
718 41
719 42
720 47
721 42
722 42
723 34
724 41
725 33
726 27
727 39
728 33
729 43
730 41
731 23
732 41
733 38
734 27
735 32
736 38
737 33
738 33
739 31
740 27
741 33
742 30
743 32
744 20
745 41
746 32
747 24
748 31
749 36
750 25
751 34
752 26
753 24
754 28
755 32
756 33
757 24
758 20
759 27
760 36
761 19
762 30
763 30
764 29
765 17
766 27
767 34
768 25
769 31
770 22
771 20
772 20
773 24
774 18
775 24
776 21
777 24
778 27
779 14
780 17
781 25
782 17
783 21
784 19
785 26
786 21
787 25
788 16
789 22
790 20
791 21
792 21
793 21
794 16
795 14
796 22
797 31
798 29
799 22
800 15
801 15
802 14
803 13
804 19
805 22
806 19
807 16
808 23
809 15
810 19
811 21
812 11
813 16
814 24
815 17
816 14
817 22
818 21
819 15
820 22
821 19
822 13
823 10
824 19
825 19
826 9
827 14
828 16
829 11
830 9
831 16
832 11
833 11
834 7
835 5
836 14
837 15
838 8
839 3
840 17
841 15
842 13
843 14
844 12
845 13
846 13
847 22
848 20
849 17
850 11
851 15
852 12
853 14
854 5
855 12
856 7
857 18
858 10
859 12
860 13
861 7
862 11
863 10
864 9
865 15
866 4
867 8
868 10
869 5
870 8
871 14
872 11
873 9
874 13
875 9
876 7
877 12
878 10
879 9
880 13
881 3
882 12
883 7
884 8
885 11
886 7
887 8
888 8
889 8
890 16
891 9
892 8
893 9
894 10
895 12
896 12
897 12
898 9
899 6
900 10
901 10
902 4
903 6
904 6
905 7
906 3
907 2
908 5
909 6
910 4
911 6
912 9
913 4
914 7
915 6
916 4
917 5
918 6
919 5
920 3
921 9
922 6
923 3
924 4
925 7
926 5
927 4
928 6
929 11
930 4
931 6
932 7
933 4
934 6
935 3
936 7
937 4
938 5
939 8
940 10
941 5
942 2
943 2
944 7
945 5
946 4
947 2
948 6
949 4
950 1
951 5
952 2
953 5
954 5
955 4
956 3
957 8
958 5
959 6
960 5
961 6
962 1
963 3
964 6
965 9
966 7
967 8
968 5
969 10
970 7
971 4
972 2
973 1
974 2
975 2
976 5
977 1
978 2
979 6
980 7
981 3
982 1
983 4
984 3
985 1
986 3
987 0
988 4
989 1
990 5
991 1
992 2
993 4
994 3
995 3
996 2
997 3
998 4
999 7
1000 2
1001 3
1002 1
1003 1
1004 2
1005 2
1006 4
1007 4
1008 6
1009 2
1010 0
1011 6
1012 4
1013 0
1014 6
1015 2
1016 3
1017 3
1018 4
1019 1
1020 6
1021 3
1022 3
1023 3
1024 1
1025 2
1026 4
1027 5
1028 2
1029 0
1030 2
1031 3
1032 1
1033 2
1034 2
1035 5
1036 2
1037 1
1038 2
1039 1
1040 1
1041 2
1042 1
1043 2
1044 2
1045 0
1046 5
1047 1
1048 5
1049 0
1050 2
1051 1
1052 0
1053 2
1054 3
1055 2
1056 1
1057 3
1058 1
1059 1
1060 1
1061 2
1062 0
1063 2
1064 2
1065 5
1066 3
1067 2
1068 1
1069 0
1070 3
1071 1
1072 0
1073 2
1074 0
1075 0
1076 0
1077 2
1078 0
1079 1
1080 0
1081 2
1082 1
1083 2
1084 0
1085 1
1086 1
1087 1
1088 1
1089 1
1090 2
1091 1
1092 2
1093 0
1094 1
1095 1
1096 1
1097 1
1098 1
1099 3
1100 0
1101 2
1102 0
1103 1
1104 0
1105 1
1106 1
1107 0
1108 1
1109 1
1110 0
1111 0
1112 0
1113 0
1114 0
1115 2
1116 0
1117 0
1118 0
1119 0
1120 1
1121 2
1122 2
1123 2
1124 0
1125 0
1126 1
1127 1
1128 2
1129 0
1130 1
1131 1
1132 0
1133 0
1134 0
1135 0
1136 1
1137 1
1138 1
1139 1
1140 0
1141 0
1142 2
1143 1
1144 3
1145 0
1146 1
1147 1
1148 0
1149 0
1150 0
1151 1
1152 2
1153 1
1154 1
1155 2
1156 0
1157 3
1158 0
1159 0
1160 0
1161 0
1162 0
1163 0
1164 0
1165 0
1166 2
1167 0
1168 2
1169 1
1170 0
1171 1
1172 1
1173 0
1174 1
1175 1
1176 0
1177 1
1178 1
1179 0
1180 0
1181 0
1182 1
1183 0
1184 0
1185 0
1186 0
1187 1
1188 0
1189 0
1190 0
1191 0
1192 1
1193 0
1194 1
1195 0
1196 0
1197 2
1198 0
1199 0
1200 0
1201 1
1202 1
1203 1
1204 0
1205 0
1206 0
1207 0
1208 0
1209 0
1210 0
1211 0
1212 0
1213 0
1214 0
1215 0
1216 0
1217 0
1218 0
1219 0
1220 0
1221 0
1222 0
1223 0
1224 0
1225 0
1226 0
1227 0
1228 0
1229 0
1230 0
1231 0
1232 0
1233 0
1234 0
1235 0
1236 0
1237 0
1238 0
1239 1
1240 0
1241 0
1242 0
1243 0
1244 0
1245 0
1246 0
1247 0
1248 0
1249 0
1250 0
1251 0
1252 0
1253 0
1254 0
1255 0
1256 1
1257 0
1258 1
1259 0
1260 1
1261 0
1262 0
1263 0
1264 0
1265 0
1266 0
1267 0
1268 1
1269 0
1270 0
1271 0
1272 0
1273 0
1274 0
1275 0
1276 0
1277 0
1278 1
1279 0
1280 0
1281 0
1282 0
1283 0
1284 0
1285 0
1286 1
1287 1
1288 0
1289 0
1290 0
1291 0
1292 0
1293 0
1294 0
1295 0
1296 1
1297 0
1298 1
1299 0
1300 1
1301 0
1302 0
1303 0
1304 0
1305 0
1306 0
1307 0
1308 0
1309 0
1310 1
1311 0
1312 0
1313 0
1314 0
1315 0
1316 0
1317 0
1318 0
1319 0
1320 0
1321 1
1322 0
1323 0
1324 0
1325 0
1326 0
1327 0
1328 0
1329 0
1330 0
1331 1
1332 0
1333 0
1334 1
1335 0
1336 0
1337 0
1338 0
1339 0
1340 0
1341 0
1342 0
1343 0
1344 0
1345 0
1346 0
1347 0
1348 0
1349 0
1350 0
1351 0
1352 0
1353 0
1354 0
1355 0
1356 0
1357 0
1358 0
1359 0
1360 0
1361 0
1362 0
1363 0
1364 0
1365 0
1366 0
1367 0
1368 0
1369 0
1370 0
1371 0
1372 0
1373 0
1374 0
1375 0
1376 0
1377 0
1378 0
1379 0
1380 0
1381 0
1382 0
1383 0
1384 0
1385 0
1386 0
1387 0
1388 1
1389 0
1390 0
1391 1
1392 0
1393 0
1394 0
1395 0
1396 1
1397 0
1398 0
1399 0
1400 0
1401 0
1402 0
1403 0
1404 0
1405 0
1406 0
1407 0
1408 0
1409 0
1410 0
1411 0
1412 0
1413 0
1414 0
1415 0
1416 0
1417 0
1418 0
1419 0
1420 0
1421 0
1422 0
1423 0
1424 0
1425 0
1426 0
1427 0
1428 0
1429 0
1430 0
1431 0
1432 0
1433 0
1434 0
1435 0
1436 0
1437 0
1438 0
1439 0
1440 0
1441 0
1442 0
1443 0
1444 0
1445 0
1446 0
1447 0
1448 0
1449 0
1450 0
1451 0
1452 0
1453 0
1454 0
1455 0
1456 0
1457 0
1458 0
1459 0
1460 0
1461 0
1462 0
1463 1
1464 0
1465 0
1466 0
1467 0
1468 0
1469 0
1470 0
1471 0
1472 0
1473 0
1474 0
1475 0
1476 0
1477 0
1478 0
1479 1
