0 0.4994
1 0.475
2 0.489
3 0.485
4 0.4679
5 0.4731
6 0.4871
7 0.4981
8 0.4805
9 0.4791
10 0.4952
11 0.4862
12 0.4732
13 0.4887
14 0.4835
15 0.4851
16 0.4846
17 0.4774
18 0.4861
19 0.4718
20 0.498
21 0.4929
22 0.5129
23 0.5045
24 0.4665
25 0.4997
26 0.4906
27 0.4952
28 0.4669
29 0.4924
30 0.4776
31 0.4827
32 0.4818
33 0.4895
34 0.4897
35 0.4735
36 0.5009
37 0.4915
38 0.482
39 0.4849
40 0.4725
41 0.5009
42 0.4913
43 0.4884
44 0.4887
45 0.5065
46 0.4803
47 0.4895
48 0.4817
49 0.4888
50 0.4976
51 0.4828
52 0.4947
53 0.4888
54 0.4848
55 0.4862
56 0.4712
57 0.5011
58 0.4827
59 0.4714
60 0.4721
61 0.4905
62 0.4738
63 0.4808
64 0.4685
65 0.4971
66 0.4811
67 0.4855
68 0.4958
69 0.4824
70 0.4956
71 0.479
72 0.4643
73 0.4832
74 0.5108
75 0.4879
76 0.489
77 0.4866
78 0.4841
79 0.4657
80 0.4906
81 0.4901
82 0.4832
83 0.4715
84 0.4924
85 0.4759
86 0.4789
87 0.5022
88 0.4813
89 0.4921
90 0.4702
91 0.4991
92 0.4775
93 0.4837
94 0.4831
95 0.4815
96 0.475
97 0.4799
98 0.4799
99 0.4797
100 0.4883
101 0.5051
102 0.4937
103 0.489
104 0.4958
105 0.4901
106 0.4852
107 0.4879
108 0.4892
109 0.4758
110 0.485
