0 0.1309
1 0.1499
2 0.1699
3 0.1576
4 0.1404
5 0.1427
6 0.14
7 0.1294
8 0.1057
9 0.1255
10 0.1686
11 0.1523
12 0.1482
13 0.1187
14 0.1565
15 0.1383
16 0.1825
17 0.1499
18 0.1029
19 0.1464
20 0.1316
21 0.1461
22 0.1432
23 0.1408
24 0.1649
25 0.1649
26 0.1274
27 0.1296
28 0.1018
29 0.155
30 0.1251
31 0.1476
32 0.1493
33 0.1306
34 0.166
35 0.1326
36 0.1385
37 0.1249
38 0.1557
39 0.1272
40 0.1804
41 0.1288
42 0.1404
43 0.1389
44 0.1475
45 0.1461
46 0.1427
47 0.1346
48 0.1307
49 0.1414
50 0.1213
51 0.1455
52 0.1481
53 0.1481
54 0.1678
55 0.1382
56 0.1454
57 0.1417
58 0.1441
59 0.1574
60 0.1372
61 0.1317
62 0.1666
63 0.187
64 0.1555
65 0.1437
66 0.1504
67 0.1372
68 0.1572
69 0.1526
70 0.1592
71 0.169
72 0.1696
73 0.1679
74 0.164
75 0.1399
76 0.153
77 0.1568
78 0.1737
79 0.1529
80 0.1384
81 0.1339
82 0.1559
83 0.1371
84 0.1327
85 0.1567
86 0.1646
87 0.143
88 0.1553
89 0.1449
90 0.1413
91 0.1214
92 0.1484
93 0.1411
94 0.1414
95 0.1468
96 0.1525
97 0.1589
98 0.14
99 0.1322
100 0.1589
101 0.1431
102 0.1358
103 0.1492
104 0.1559
105 0.1156
106 0.1597
107 0.1389
108 0.1462
109 0.147
110 0.1382
