-103 1
-102 0
-101 0
-100 0
-99 0
-98 0
-97 0
-96 0
-95 1
-94 0
-93 0
-92 0
-91 0
-90 0
-89 0
-88 0
-87 0
-86 0
-85 0
-84 0
-83 1
-82 0
-81 1
-80 1
-79 1
-78 2
-77 0
-76 1
-75 3
-74 1
-73 1
-72 5
-71 2
-70 2
-69 3
-68 6
-67 4
-66 3
-65 5
-64 5
-63 10
-62 16
-61 12
-60 23
-59 19
-58 22
-57 24
-56 22
-55 43
-54 44
-53 63
-52 59
-51 60
-50 86
-49 121
-48 124
-47 162
-46 197
-45 218
-44 222
-43 278
-42 336
-41 409
-40 497
-39 598
-38 705
-37 796
-36 947
-35 1137
-34 1446
-33 1754
-32 1977
-31 2378
-30 2878
-29 3434
-28 4177
-27 4982
-26 6132
-25 7204
-24 8990
-23 10693
-22 13138
-21 15885
-20 19383
-19 23696
-18 29701
-17 36315
-16 45568
-15 56668
-14 70931
-13 88996
-12 113223
-11 144448
-10 187279
-9 246648
-8 327378
-7 444987
-6 616024
-5 884796
-4 1329315
-3 2162237
-2 4042639
-1 9293232
0 40480254
1 988526804
2 45016961
3 6299659
4 3095965
5 1857236
6 1204244
7 821138
8 581475
9 423739
10 313666
11 238283
12 181859
13 140727
14 110319
15 86616
16 68812
17 54941
18 44061
19 35410
20 28883
21 23483
22 19242
23 15603
24 12783
25 10485
26 8656
27 7166
28 5972
29 4895
30 4124
31 3279
32 2838
33 2355
34 1925
35 1552
36 1407
37 1153
38 952
39 840
40 684
41 584
42 465
43 423
44 339
45 304
46 246
47 215
48 175
49 164
50 133
51 123
52 81
53 87
54 55
55 52
56 37
57 41
58 36
59 29
60 16
61 21
62 17
63 11
64 8
65 5
66 5
67 9
68 6
69 4
70 3
71 3
72 5
73 4
74 2
75 0
76 2
77 2
78 2
79 2
80 0
81 1
82 1
83 0
84 0
85 1
86 1
87 0
88 0
89 0
90 0
91 0
92 0
93 0
94 0
95 0
96 0
97 0
98 0
99 0
100 0
101 0
102 1
103 0
104 2
