0 948660.0
1 13292.0
2 5653.0
3 3626.0
4 2511.0
5 1805.0
6 1422.0
7 1091.0
8 825.0
9 751.0
10 619.0
11 469.0
12 406.0
13 371.0
14 298.0
15 264.0
16 228.0
17 204.0
18 169.0
19 144.0
20 120.0
21 118.0
22 113.0
23 85.0
24 86.0
25 54.0
26 59.0
27 65.0
28 58.0
29 33.0
30 44.0
31 33.0
32 37.0
33 31.0
34 24.0
35 22.0
36 25.0
37 19.0
38 17.0
39 13.0
40 11.0
41 10.0
42 7.0
43 10.0
44 9.0
45 10.0
46 9.0
47 6.0
48 4.0
49 8.0
50 0.0
51 10.0
52 3.0
53 5.0
54 2.0
55 7.0
56 4.0
57 2.0
58 3.0
59 2.0
60 4.0
61 0.0
62 0.0
63 4.0
64 4.0
65 1.0
66 0.0
67 2.0
68 1.0
69 2.0
70 0.0
71 0.0
72 0.0
73 0.0
74 1.0
75 3.0
76 1.0
77 0.0
78 0.0
79 0.0
80 1.0
81 0.0
82 0.0
83 0.0
84 0.0
85 0.0
86 0.0
87 0.0
88 0.0
89 0.0
90 0.0
91 0.0
92 0.0
93 0.0
94 0.0
95 0.0
96 0.0
97 0.0
98 0.0
99 0.0
100 0.0
101 0.0
102 0.0
103 0.0
104 0.0
105 0.0
106 0.0
107 2.0
108 0.0
109 0.0
110 0.0
111 0.0
112 0.0
113 0.0
114 0.0
115 0.0
116 0.0
117 0.0
118 0.0
119 0.0
120 0.0
121 0.0
122 0.0
123 0.0
124 0.0
125 0.0
126 1.0
