0 0.4287
1 0.4302
2 0.4319
3 0.4307
4 0.4308
5 0.4292
6 0.431
7 0.4288
8 0.427
9 0.4311
10 0.4345
11 0.4276
12 0.4307
13 0.4372
14 0.4345
15 0.4355
16 0.4325
17 0.4298
18 0.4278
19 0.4312
20 0.4276
21 0.4354
22 0.4298
23 0.43
24 0.428
25 0.431
26 0.434
27 0.4279
28 0.4339
29 0.4327
30 0.4319
31 0.4342
32 0.4269
33 0.4322
34 0.4266
35 0.4352
36 0.4307
37 0.4264
38 0.4317
39 0.424
40 0.4323
41 0.4341
42 0.4324
43 0.4232
44 0.4292
45 0.4284
46 0.4321
47 0.4336
48 0.4332
49 0.4294
50 0.4319
51 0.4376
52 0.4321
53 0.4305
54 0.4326
55 0.431
56 0.435
57 0.4302
58 0.4279
59 0.4284
60 0.4322
61 0.4325
62 0.4327
63 0.4313
64 0.4316
65 0.4388
66 0.432
67 0.4312
68 0.4291
69 0.4348
70 0.4261
71 0.4279
72 0.4307
73 0.4297
74 0.4272
75 0.4309
76 0.4282
77 0.4299
78 0.4308
79 0.4289
80 0.4277
81 0.4318
82 0.427
83 0.4309
84 0.4259
85 0.4226
86 0.4339
87 0.4309
88 0.4291
89 0.4302
90 0.4339
91 0.4346
92 0.4325
93 0.4385
94 0.4258
95 0.4308
96 0.4318
97 0.4339
98 0.4279
99 0.4331
100 0.4323
101 0.4334
102 0.429
103 0.4259
104 0.4299
105 0.4282
106 0.4284
107 0.434
108 0.4255
109 0.4273
110 0.4295
