-1413 1
-1412 0
-1411 0
-1410 0
-1409 0
-1408 0
-1407 0
-1406 0
-1405 0
-1404 0
-1403 0
-1402 0
-1401 0
-1400 0
-1399 0
-1398 1
-1397 0
-1396 0
-1395 1
-1394 0
-1393 0
-1392 0
-1391 0
-1390 0
-1389 0
-1388 0
-1387 0
-1386 0
-1385 0
-1384 0
-1383 0
-1382 0
-1381 1
-1380 0
-1379 0
-1378 0
-1377 0
-1376 0
-1375 0
-1374 0
-1373 3
-1372 1
-1371 0
-1370 1
-1369 0
-1368 0
-1367 0
-1366 1
-1365 0
-1364 0
-1363 0
-1362 0
-1361 0
-1360 0
-1359 0
-1358 0
-1357 0
-1356 0
-1355 1
-1354 0
-1353 0
-1352 0
-1351 0
-1350 0
-1349 1
-1348 0
-1347 1
-1346 0
-1345 0
-1344 0
-1343 1
-1342 0
-1341 0
-1340 1
-1339 1
-1338 1
-1337 0
-1336 0
-1335 1
-1334 0
-1333 0
-1332 1
-1331 0
-1330 0
-1329 0
-1328 1
-1327 0
-1326 0
-1325 0
-1324 0
-1323 1
-1322 0
-1321 1
-1320 0
-1319 0
-1318 1
-1317 1
-1316 0
-1315 0
-1314 1
-1313 0
-1312 1
-1311 0
-1310 0
-1309 0
-1308 0
-1307 1
-1306 0
-1305 1
-1304 1
-1303 0
-1302 0
-1301 1
-1300 0
-1299 0
-1298 0
-1297 2
-1296 0
-1295 1
-1294 0
-1293 0
-1292 0
-1291 1
-1290 1
-1289 1
-1288 0
-1287 2
-1286 1
-1285 0
-1284 1
-1283 0
-1282 2
-1281 0
-1280 0
-1279 2
-1278 2
-1277 1
-1276 2
-1275 2
-1274 0
-1273 0
-1272 0
-1271 0
-1270 0
-1269 1
-1268 0
-1267 3
-1266 0
-1265 0
-1264 0
-1263 1
-1262 0
-1261 0
-1260 0
-1259 3
-1258 2
-1257 1
-1256 3
-1255 0
-1254 1
-1253 5
-1252 0
-1251 0
-1250 0
-1249 2
-1248 2
-1247 0
-1246 0
-1245 1
-1244 1
-1243 1
-1242 1
-1241 0
-1240 0
-1239 1
-1238 0
-1237 2
-1236 2
-1235 0
-1234 2
-1233 0
-1232 1
-1231 1
-1230 1
-1229 1
-1228 0
-1227 0
-1226 2
-1225 1
-1224 0
-1223 2
-1222 2
-1221 3
-1220 3
-1219 0
-1218 2
-1217 1
-1216 2
-1215 2
-1214 3
-1213 1
-1212 2
-1211 0
-1210 0
-1209 2
-1208 3
-1207 1
-1206 0
-1205 3
-1204 1
-1203 1
-1202 2
-1201 1
-1200 4
-1199 3
-1198 0
-1197 3
-1196 3
-1195 1
-1194 5
-1193 1
-1192 2
-1191 4
-1190 4
-1189 2
-1188 2
-1187 3
-1186 0
-1185 2
-1184 1
-1183 2
-1182 0
-1181 2
-1180 1
-1179 6
-1178 4
-1177 7
-1176 5
-1175 2
-1174 1
-1173 1
-1172 5
-1171 0
-1170 5
-1169 2
-1168 5
-1167 0
-1166 2
-1165 4
-1164 2
-1163 3
-1162 4
-1161 5
-1160 2
-1159 2
-1158 1
-1157 3
-1156 3
-1155 3
-1154 4
-1153 1
-1152 3
-1151 4
-1150 4
-1149 5
-1148 5
-1147 5
-1146 4
-1145 5
-1144 6
-1143 5
-1142 3
-1141 2
-1140 3
-1139 3
-1138 5
-1137 3
-1136 4
-1135 4
-1134 2
-1133 7
-1132 5
-1131 5
-1130 3
-1129 4
-1128 3
-1127 7
-1126 3
-1125 6
-1124 0
-1123 6
-1122 4
-1121 3
-1120 5
-1119 6
-1118 3
-1117 3
-1116 8
-1115 1
-1114 6
-1113 8
-1112 6
-1111 2
-1110 8
-1109 4
-1108 4
-1107 9
-1106 6
-1105 7
-1104 5
-1103 7
-1102 11
-1101 3
-1100 7
-1099 3
-1098 7
-1097 7
-1096 8
-1095 5
-1094 9
-1093 4
-1092 4
-1091 8
-1090 5
-1089 10
-1088 11
-1087 7
-1086 10
-1085 4
-1084 6
-1083 7
-1082 12
-1081 11
-1080 6
-1079 3
-1078 9
-1077 9
-1076 9
-1075 13
-1074 8
-1073 9
-1072 5
-1071 8
-1070 9
-1069 4
-1068 6
-1067 10
-1066 4
-1065 6
-1064 6
-1063 6
-1062 12
-1061 11
-1060 10
-1059 3
-1058 13
-1057 7
-1056 10
-1055 7
-1054 6
-1053 7
-1052 6
-1051 16
-1050 9
-1049 7
-1048 10
-1047 5
-1046 8
-1045 4
-1044 9
-1043 9
-1042 10
-1041 12
-1040 14
-1039 8
-1038 14
-1037 15
-1036 14
-1035 9
-1034 20
-1033 13
-1032 10
-1031 13
-1030 9
-1029 9
-1028 14
-1027 9
-1026 13
-1025 11
-1024 17
-1023 10
-1022 6
-1021 6
-1020 7
-1019 13
-1018 7
-1017 9
-1016 8
-1015 11
-1014 10
-1013 15
-1012 11
-1011 9
-1010 11
-1009 15
-1008 12
-1007 10
-1006 14
-1005 11
-1004 10
-1003 16
-1002 16
-1001 11
-1000 15
-999 11
-998 14
-997 21
-996 10
-995 13
-994 15
-993 18
-992 12
-991 9
-990 12
-989 19
-988 10
-987 10
-986 10
-985 17
-984 11
-983 23
-982 11
-981 12
-980 8
-979 14
-978 12
-977 16
-976 16
-975 13
-974 14
-973 12
-972 16
-971 8
-970 10
-969 13
-968 17
-967 18
-966 14
-965 12
-964 20
-963 15
-962 17
-961 13
-960 20
-959 16
-958 19
-957 11
-956 21
-955 22
-954 14
-953 19
-952 22
-951 19
-950 21
-949 16
-948 25
-947 18
-946 15
-945 15
-944 23
-943 12
-942 19
-941 24
-940 13
-939 11
-938 12
-937 14
-936 14
-935 20
-934 22
-933 22
-932 13
-931 22
-930 23
-929 21
-928 13
-927 19
-926 24
-925 20
-924 23
-923 16
-922 14
-921 23
-920 20
-919 18
-918 14
-917 14
-916 16
-915 17
-914 25
-913 28
-912 21
-911 22
-910 27
-909 29
-908 27
-907 22
-906 32
-905 18
-904 13
-903 25
-902 23
-901 21
-900 23
-899 22
-898 22
-897 21
-896 15
-895 22
-894 31
-893 30
-892 28
-891 22
-890 23
-889 25
-888 20
-887 21
-886 27
-885 20
-884 17
-883 27
-882 26
-881 30
-880 23
-879 39
-878 31
-877 33
-876 28
-875 34
-874 34
-873 22
-872 26
-871 34
-870 25
-869 24
-868 38
-867 30
-866 21
-865 36
-864 29
-863 28
-862 22
-861 22
-860 31
-859 26
-858 26
-857 29
-856 28
-855 27
-854 27
-853 28
-852 26
-851 30
-850 19
-849 34
-848 33
-847 28
-846 37
-845 45
-844 31
-843 37
-842 34
-841 37
-840 24
-839 34
-838 31
-837 38
-836 32
-835 31
-834 29
-833 39
-832 29
-831 29
-830 34
-829 38
-828 27
-827 41
-826 30
-825 32
-824 38
-823 34
-822 38
-821 32
-820 42
-819 36
-818 38
-817 47
-816 28
-815 39
-814 33
-813 37
-812 40
-811 42
-810 42
-809 29
-808 38
-807 38
-806 42
-805 39
-804 30
-803 39
-802 59
-801 37
-800 45
-799 36
-798 43
-797 42
-796 46
-795 41
-794 44
-793 36
-792 38
-791 41
-790 41
-789 44
-788 31
-787 24
-786 49
-785 41
-784 45
-783 39
-782 39
-781 38
-780 49
-779 46
-778 55
-777 62
-776 44
-775 39
-774 56
-773 52
-772 47
-771 51
-770 57
-769 50
-768 57
-767 58
-766 50
-765 40
-764 52
-763 54
-762 47
-761 41
-760 58
-759 64
-758 46
-757 47
-756 55
-755 59
-754 45
-753 52
-752 51
-751 52
-750 61
-749 50
-748 53
-747 45
-746 63
-745 54
-744 55
-743 50
-742 42
-741 55
-740 62
-739 55
-738 52
-737 54
-736 62
-735 82
-734 55
-733 64
-732 60
-731 60
-730 55
-729 72
-728 60
-727 48
-726 62
-725 62
-724 56
-723 76
-722 70
-721 55
-720 79
-719 71
-718 67
-717 71
-716 72
-715 66
-714 68
-713 50
-712 70
-711 68
-710 77
-709 74
-708 65
-707 53
-706 61
-705 58
-704 72
-703 77
-702 80
-701 75
-700 92
-699 74
-698 75
-697 63
-696 84
-695 78
-694 94
-693 74
-692 72
-691 75
-690 79
-689 88
-688 87
-687 81
-686 75
-685 83
-684 75
-683 71
-682 70
-681 76
-680 81
-679 90
-678 75
-677 82
-676 79
-675 53
-674 99
-673 88
-672 78
-671 86
-670 85
-669 108
-668 73
-667 91
-666 92
-665 89
-664 102
-663 89
-662 91
-661 107
-660 74
-659 96
-658 84
-657 87
-656 94
-655 100
-654 96
-653 92
-652 74
-651 95
-650 72
-649 98
-648 100
-647 107
-646 63
-645 97
-644 104
-643 105
-642 101
-641 96
-640 102
-639 105
-638 104
-637 79
-636 108
-635 100
-634 96
-633 97
-632 107
-631 108
-630 109
-629 99
-628 101
-627 99
-626 98
-625 106
-624 124
-623 95
-622 101
-621 97
-620 117
-619 124
-618 92
-617 112
-616 124
-615 105
-614 119
-613 120
-612 103
-611 108
-610 127
-609 118
-608 114
-607 136
-606 113
-605 110
-604 127
-603 137
-602 136
-601 127
-600 108
-599 111
-598 125
-597 116
-596 112
-595 123
-594 122
-593 114
-592 135
-591 123
-590 119
-589 122
-588 126
-587 117
-586 142
-585 122
-584 121
-583 130
-582 158
-581 146
-580 128
-579 106
-578 141
-577 150
-576 133
-575 132
-574 139
-573 143
-572 133
-571 152
-570 132
-569 163
-568 138
-567 136
-566 161
-565 132
-564 116
-563 155
-562 150
-561 163
-560 160
-559 139
-558 135
-557 152
-556 139
-555 151
-554 173
-553 163
-552 149
-551 158
-550 150
-549 163
-548 179
-547 147
-546 156
-545 162
-544 169
-543 179
-542 161
-541 174
-540 167
-539 167
-538 168
-537 181
-536 148
-535 159
-534 177
-533 146
-532 170
-531 173
-530 193
-529 178
-528 180
-527 182
-526 194
-525 174
-524 175
-523 180
-522 179
-521 197
-520 179
-519 190
-518 171
-517 193
-516 184
-515 204
-514 202
-513 207
-512 179
-511 198
-510 160
-509 195
-508 196
-507 192
-506 212
-505 212
-504 203
-503 179
-502 204
-501 218
-500 210
-499 216
-498 195
-497 192
-496 199
-495 197
-494 210
-493 206
-492 196
-491 190
-490 199
-489 219
-488 236
-487 213
-486 233
-485 230
-484 200
-483 235
-482 222
-481 242
-480 228
-479 252
-478 237
-477 246
-476 259
-475 269
-474 247
-473 246
-472 226
-471 245
-470 258
-469 231
-468 262
-467 249
-466 242
-465 220
-464 257
-463 234
-462 235
-461 238
-460 248
-459 289
-458 258
-457 252
-456 297
-455 256
-454 263
-453 301
-452 284
-451 275
-450 292
-449 259
-448 260
-447 297
-446 292
-445 287
-444 291
-443 273
-442 284
-441 280
-440 264
-439 267
-438 314
-437 287
-436 303
-435 307
-434 270
-433 314
-432 302
-431 288
-430 287
-429 338
-428 305
-427 260
-426 325
-425 330
-424 333
-423 304
-422 310
-421 336
-420 325
-419 335
-418 333
-417 337
-416 331
-415 339
-414 350
-413 301
-412 335
-411 345
-410 352
-409 376
-408 356
-407 332
-406 373
-405 362
-404 334
-403 372
-402 362
-401 370
-400 353
-399 346
-398 364
-397 381
-396 368
-395 406
-394 377
-393 358
-392 396
-391 388
-390 381
-389 392
-388 416
-387 412
-386 400
-385 408
-384 418
-383 375
-382 396
-381 431
-380 412
-379 437
-378 405
-377 439
-376 428
-375 440
-374 431
-373 440
-372 420
-371 433
-370 405
-369 449
-368 415
-367 460
-366 425
-365 431
-364 459
-363 477
-362 393
-361 462
-360 472
-359 457
-358 498
-357 459
-356 511
-355 500
-354 488
-353 488
-352 490
-351 488
-350 517
-349 522
-348 531
-347 570
-346 522
-345 538
-344 523
-343 530
-342 516
-341 538
-340 552
-339 543
-338 516
-337 556
-336 544
-335 595
-334 563
-333 566
-332 548
-331 535
-330 536
-329 591
-328 585
-327 587
-326 572
-325 623
-324 592
-323 631
-322 600
-321 625
-320 626
-319 607
-318 638
-317 629
-316 655
-315 642
-314 601
-313 615
-312 664
-311 689
-310 662
-309 682
-308 679
-307 660
-306 671
-305 667
-304 696
-303 680
-302 713
-301 695
-300 750
-299 701
-298 722
-297 742
-296 747
-295 701
-294 738
-293 674
-292 771
-291 790
-290 789
-289 739
-288 824
-287 815
-286 795
-285 753
-284 771
-283 831
-282 780
-281 797
-280 837
-279 838
-278 882
-277 844
-276 941
-275 912
-274 872
-273 895
-272 841
-271 869
-270 946
-269 902
-268 875
-267 969
-266 977
-265 901
-264 912
-263 916
-262 960
-261 999
-260 976
-259 983
-258 975
-257 1026
-256 990
-255 1011
-254 1054
-253 1056
-252 1070
-251 1030
-250 1105
-249 1128
-248 1161
-247 1070
-246 1092
-245 1104
-244 1156
-243 1124
-242 1121
-241 1169
-240 1174
-239 1207
-238 1227
-237 1197
-236 1224
-235 1260
-234 1256
-233 1291
-232 1309
-231 1248
-230 1285
-229 1294
-228 1295
-227 1358
-226 1357
-225 1342
-224 1399
-223 1374
-222 1381
-221 1372
-220 1372
-219 1412
-218 1436
-217 1445
-216 1445
-215 1477
-214 1575
-213 1595
-212 1499
-211 1665
-210 1620
-209 1558
-208 1636
-207 1622
-206 1644
-205 1696
-204 1637
-203 1693
-202 1691
-201 1709
-200 1749
-199 1765
-198 1839
-197 1836
-196 1943
-195 1801
-194 1868
-193 1886
-192 1966
-191 1895
-190 1959
-189 2026
-188 1938
-187 2041
-186 2054
-185 1958
-184 2102
-183 2143
-182 2139
-181 2230
-180 2218
-179 2298
-178 2313
-177 2420
-176 2270
-175 2366
-174 2273
-173 2436
-172 2411
-171 2475
-170 2488
-169 2543
-168 2628
-167 2567
-166 2679
-165 2701
-164 2617
-163 2737
-162 2764
-161 2851
-160 2850
-159 2807
-158 2935
-157 2946
-156 3104
-155 3063
-154 3090
-153 3044
-152 3136
-151 3230
-150 3253
-149 3315
-148 3361
-147 3474
-146 3482
-145 3497
-144 3544
-143 3525
-142 3571
-141 3760
-140 3830
-139 3740
-138 3858
-137 3966
-136 4120
-135 3983
-134 4123
-133 4157
-132 4301
-131 4418
-130 4383
-129 4331
-128 4493
-127 4658
-126 4634
-125 4691
-124 4840
-123 4947
-122 5051
-121 5113
-120 5233
-119 5377
-118 5458
-117 5427
-116 5575
-115 5622
-114 5852
-113 5815
-112 6043
-111 6214
-110 6203
-109 6465
-108 6485
-107 6616
-106 6850
-105 6890
-104 7004
-103 7220
-102 7357
-101 7501
-100 7557
-99 7791
-98 8038
-97 7976
-96 8289
-95 8341
-94 8517
-93 8930
-92 9204
-91 9307
-90 9607
-89 9832
-88 9901
-87 10334
-86 10452
-85 10699
-84 11250
-83 11304
-82 11505
-81 11898
-80 12257
-79 12648
-78 12898
-77 13192
-76 13741
-75 14219
-74 14481
-73 14757
-72 15664
-71 15626
-70 16327
-69 16656
-68 17354
-67 17889
-66 18429
-65 18915
-64 19581
-63 20333
-62 21075
-61 21706
-60 22786
-59 23727
-58 24202
-57 24932
-56 26109
-55 27104
-54 28183
-53 29514
-52 30570
-51 31975
-50 33079
-49 34533
-48 36161
-47 37866
-46 40080
-45 41473
-44 43275
-43 46167
-42 47909
-41 51321
-40 53728
-39 56562
-38 59841
-37 63581
-36 67539
-35 71722
-34 75631
-33 81245
-32 86530
-31 91937
-30 99461
-29 106787
-28 115125
-27 124736
-26 134535
-25 146121
-24 160242
-23 174898
-22 192602
-21 210966
-20 234930
-19 260463
-18 292976
-17 329404
-16 373632
-15 426645
-14 491335
-13 568456
-12 667617
-11 790752
-10 951294
-9 1157184
-8 1434499
-7 1823293
-6 2382659
-5 3234034
-4 4647451
-3 7281793
-2 13383809
-1 29690261
0 160682296
1 639853637
2 160693169
3 29686982
4 13388316
5 7284469
6 4646137
7 3234478
8 2378958
9 1820101
10 1434910
11 1157818
12 950665
13 790802
14 666335
15 568321
16 489669
17 426978
18 372177
19 329738
20 292512
21 261087
22 234119
23 211184
24 192351
25 174759
26 159060
27 146156
28 134754
29 123958
30 114759
31 106413
32 99256
33 92645
34 86488
35 81058
36 75450
37 71685
38 67139
39 63477
40 59522
41 56468
42 54002
43 51002
44 48555
45 46117
46 43481
47 41613
48 39668
49 37806
50 36292
51 34603
52 33196
53 31841
54 30850
55 29044
56 28203
57 26972
58 26419
59 25150
60 23885
61 23474
62 22394
63 21501
64 21158
65 20210
66 19559
67 19302
68 18508
69 17944
70 17336
71 16838
72 16088
73 15834
74 15544
75 14989
76 14263
77 14263
78 13588
79 13263
80 12942
81 12614
82 12441
83 12211
84 11507
85 11271
86 11026
87 10717
88 10445
89 10334
90 10091
91 9857
92 9549
93 9438
94 8948
95 8929
96 8688
97 8553
98 8225
99 8171
100 8119
101 7819
102 7606
103 7534
104 7389
105 7116
106 7043
107 6913
108 6848
109 6682
110 6475
111 6411
112 6258
113 6053
114 5991
115 5885
116 5774
117 5657
118 5527
119 5432
120 5384
121 5339
122 5218
123 5195
124 5023
125 4851
126 4792
127 4967
128 4683
129 4667
130 4506
131 4541
132 4323
133 4383
134 4317
135 4253
136 4066
137 4013
138 4029
139 3947
140 3845
141 3901
142 3917
143 3697
144 3661
145 3627
146 3589
147 3555
148 3446
149 3369
150 3395
151 3325
152 3349
153 3230
154 3100
155 3091
156 3146
157 2943
158 3050
159 2929
160 2995
161 2870
162 2918
163 2773
164 2866
165 2741
166 2651
167 2704
168 2576
169 2573
170 2594
171 2484
172 2490
173 2432
174 2421
175 2357
176 2313
177 2398
178 2255
179 2256
180 2289
181 2208
182 2315
183 2154
184 2187
185 2088
186 2052
187 1986
188 2030
189 1957
190 2064
191 1892
192 1978
193 2011
194 1873
195 1837
196 1817
197 1861
198 1791
199 1792
200 1788
201 1792
202 1772
203 1769
204 1735
205 1706
206 1734
207 1609
208 1609
209 1575
210 1602
211 1597
212 1565
213 1639
214 1563
215 1584
216 1496
217 1445
218 1500
219 1555
220 1446
221 1467
222 1418
223 1395
224 1401
225 1341
226 1373
227 1342
228 1371
229 1403
230 1317
231 1356
232 1392
233 1233
234 1214
235 1305
236 1237
237 1194
238 1194
239 1245
240 1209
241 1219
242 1204
243 1125
244 1138
245 1150
246 1054
247 1131
248 1097
249 1073
250 1139
251 997
252 1032
253 1000
254 1041
255 1081
256 1050
257 1038
258 1044
259 1004
260 1000
261 984
262 1039
263 948
264 989
265 940
266 915
267 955
268 974
269 937
270 986
271 870
272 898
273 908
274 862
275 892
276 876
277 837
278 825
279 842
280 852
281 927
282 837
283 859
284 824
285 818
286 799
287 781
288 752
289 807
290 781
291 742
292 733
293 750
294 697
295 726
296 741
297 696
298 728
299 742
300 744
301 762
302 698
303 742
304 712
305 675
306 745
307 651
308 708
309 721
310 658
311 702
312 685
313 697
314 693
315 642
316 677
317 620
318 618
319 617
320 618
321 600
322 608
323 606
324 608
325 594
326 599
327 594
328 600
329 588
330 587
331 576
332 558
333 519
334 539
335 609
336 569
337 568
338 533
339 554
340 513
341 570
342 542
343 519
344 475
345 519
346 538
347 525
348 522
349 502
350 525
351 484
352 496
353 516
354 488
355 513
356 495
357 503
358 506
359 440
360 444
361 479
362 489
363 442
364 471
365 439
366 466
367 405
368 448
369 454
370 421
371 443
372 427
373 458
374 445
375 442
376 431
377 409
378 433
379 427
380 393
381 418
382 369
383 411
384 391
385 401
386 375
387 415
388 427
389 377
390 367
391 390
392 378
393 412
394 362
395 386
396 382
397 371
398 365
399 399
400 403
401 406
402 363
403 379
404 372
405 363
406 373
407 336
408 352
409 353
410 347
411 335
412 333
413 327
414 326
415 356
416 298
417 330
418 335
419 307
420 332
421 318
422 342
423 322
424 324
425 283
426 299
427 333
428 310
429 308
430 307
431 319
432 315
433 324
434 294
435 308
436 280
437 312
438 305
439 279
440 317
441 316
442 288
443 283
444 290
445 286
446 305
447 274
448 267
449 261
450 277
451 275
452 272
453 281
454 286
455 289
456 275
457 279
458 268
459 263
460 272
461 231
462 243
463 243
464 261
465 241
466 254
467 234
468 247
469 254
470 215
471 268
472 262
473 249
474 251
475 246
476 256
477 237
478 244
479 264
480 246
481 198
482 231
483 211
484 234
485 225
486 206
487 221
488 239
489 262
490 212
491 237
492 242
493 212
494 196
495 223
496 200
497 232
498 205
499 204
500 185
501 203
502 188
503 234
504 223
505 179
506 193
507 197
508 192
509 203
510 180
511 180
512 192
513 196
514 193
515 196
516 201
517 176
518 172
519 190
520 204
521 202
522 186
523 168
524 188
525 167
526 172
527 177
528 196
529 187
530 182
531 163
532 135
533 169
534 173
535 150
536 155
537 159
538 193
539 191
540 164
541 167
542 166
543 193
544 141
545 159
546 155
547 173
548 170
549 151
550 172
551 147
552 156
553 163
554 168
555 156
556 161
557 157
558 151
559 169
560 151
561 148
562 151
563 150
564 149
565 138
566 142
567 160
568 131
569 146
570 135
571 152
572 151
573 158
574 144
575 145
576 142
577 122
578 141
579 153
580 131
581 142
582 142
583 144
584 139
585 127
586 118
587 111
588 114
589 119
590 136
591 153
592 133
593 134
594 128
595 127
596 125
597 123
598 116
599 128
600 120
601 104
602 144
603 112
604 126
605 121
606 124
607 127
608 106
609 110
610 117
611 109
612 132
613 143
614 121
615 106
616 105
617 105
618 127
619 128
620 98
621 118
622 107
623 109
624 109
625 99
626 108
627 98
628 91
629 100
630 95
631 123
632 95
633 93
634 107
635 101
636 102
637 110
638 98
639 109
640 105
641 112
642 96
643 101
644 104
645 110
646 101
647 93
648 93
649 74
650 80
651 98
652 103
653 89
654 115
655 94
656 103
657 94
658 89
659 79
660 108
661 93
662 80
663 77
664 74
665 83
666 87
667 84
668 88
669 79
670 90
671 84
672 98
673 74
674 72
675 101
676 81
677 78
678 85
679 70
680 91
681 85
682 101
683 82
684 77
685 65
686 78
687 93
688 81
689 69
690 69
691 89
692 68
693 90
694 67
695 67
696 75
697 64
698 92
699 81
700 77
701 65
702 85
703 69
704 57
705 67
706 63
707 84
708 75
709 77
710 68
711 74
712 83
713 60
714 78
715 69
716 64
717 63
718 67
719 58
720 73
721 65
722 66
723 55
724 62
725 67
726 62
727 71
728 55
729 63
730 67
731 61
732 70
733 47
734 63
735 53
736 43
737 45
738 63
739 50
740 63
741 54
742 60
743 61
744 47
745 62
746 51
747 56
748 52
749 53
750 53
751 50
752 51
753 55
754 51
755 50
756 65
757 55
758 64
759 59
760 38
761 43
762 56
763 51
764 54
765 46
766 54
767 54
768 49
769 45
770 46
771 54
772 40
773 41
774 49
775 43
776 39
777 45
778 48
779 50
780 48
781 56
782 38
783 52
784 46
785 52
786 43
787 38
788 55
789 29
790 41
791 42
792 41
793 43
794 31
795 44
796 47
797 47
798 33
799 43
800 39
801 42
802 40
803 38
804 35
805 35
806 32
807 42
808 43
809 34
810 34
811 33
812 30
813 41
814 36
815 41
816 47
817 46
818 29
819 38
820 37
821 34
822 30
823 40
824 33
825 36
826 27
827 28
828 42
829 35
830 33
831 37
832 36
833 35
834 31
835 36
836 28
837 34
838 40
839 37
840 34
841 31
842 32
843 25
844 31
845 33
846 32
847 23
848 38
849 28
850 35
851 32
852 30
853 22
854 21
855 40
856 41
857 27
858 32
859 28
860 33
861 28
862 20
863 19
864 27
865 36
866 26
867 27
868 32
869 32
870 27
871 36
872 26
873 35
874 32
875 26
876 30
877 22
878 22
879 29
880 34
881 19
882 22
883 36
884 22
885 18
886 36
887 25
888 31
889 19
890 23
891 29
892 33
893 26
894 19
895 27
896 18
897 20
898 18
899 15
900 31
901 36
902 30
903 14
904 16
905 23
906 28
907 24
908 21
909 20
910 25
911 20
912 18
913 20
914 17
915 21
916 24
917 27
918 18
919 26
920 17
921 28
922 27
923 19
924 21
925 24
926 23
927 19
928 19
929 20
930 17
931 19
932 17
933 18
934 18
935 20
936 20
937 21
938 13
939 24
940 16
941 24
942 17
943 13
944 16
945 9
946 18
947 15
948 23
949 22
950 18
951 16
952 9
953 13
954 20
955 23
956 14
957 17
958 14
959 22
960 13
961 13
962 16
963 11
964 12
965 24
966 10
967 14
968 19
969 13
970 13
971 13
972 19
973 15
974 15
975 11
976 11
977 15
978 18
979 19
980 13
981 10
982 11
983 11
984 18
985 17
986 19
987 16
988 8
989 18
990 10
991 7
992 8
993 17
994 14
995 9
996 16
997 7
998 13
999 15
1000 13
1001 17
1002 15
1003 10
1004 11
1005 17
1006 8
1007 7
1008 15
1009 13
1010 18
1011 18
1012 11
1013 10
1014 16
1015 17
1016 12
1017 12
1018 9
1019 11
1020 11
1021 9
1022 10
1023 14
1024 6
1025 9
1026 7
1027 11
1028 9
1029 5
1030 12
1031 8
1032 9
1033 10
1034 10
1035 14
1036 14
1037 7
1038 10
1039 12
1040 6
1041 6
1042 14
1043 10
1044 11
1045 3
1046 14
1047 7
1048 5
1049 10
1050 12
1051 18
1052 8
1053 4
1054 5
1055 5
1056 12
1057 9
1058 8
1059 6
1060 6
1061 9
1062 13
1063 4
1064 11
1065 12
1066 6
1067 7
1068 8
1069 7
1070 4
1071 10
1072 7
1073 6
1074 4
1075 10
1076 5
1077 6
1078 3
1079 11
1080 8
1081 6
1082 8
1083 14
1084 8
1085 9
1086 6
1087 6
1088 11
1089 7
1090 7
1091 4
1092 8
1093 2
1094 4
1095 8
1096 6
1097 11
1098 7
1099 10
1100 10
1101 4
1102 7
1103 4
1104 6
1105 4
1106 5
1107 5
1108 5
1109 4
1110 6
1111 7
1112 4
1113 5
1114 1
1115 6
1116 5
1117 5
1118 7
1119 7
1120 3
1121 3
1122 3
1123 5
1124 6
1125 5
1126 5
1127 2
1128 5
1129 5
1130 7
1131 5
1132 4
1133 2
1134 6
1135 3
1136 5
1137 7
1138 4
1139 6
1140 1
1141 2
1142 6
1143 3
1144 4
1145 5
1146 5
1147 12
1148 3
1149 4
1150 5
1151 2
1152 2
1153 0
1154 2
1155 1
1156 2
1157 3
1158 6
1159 2
1160 4
1161 9
1162 3
1163 1
1164 3
1165 2
1166 3
1167 2
1168 1
1169 1
1170 7
1171 4
1172 3
1173 3
1174 2
1175 5
1176 0
1177 3
1178 1
1179 3
1180 2
1181 3
1182 3
1183 0
1184 4
1185 5
1186 3
1187 3
1188 5
1189 4
1190 4
1191 4
1192 2
1193 2
1194 2
1195 4
1196 1
1197 0
1198 3
1199 2
1200 2
1201 1
1202 5
1203 0
1204 1
1205 1
1206 1
1207 3
1208 4
1209 1
1210 1
1211 1
1212 3
1213 3
1214 3
1215 2
1216 2
1217 3
1218 3
1219 2
1220 2
1221 2
1222 1
1223 1
1224 1
1225 2
1226 3
1227 0
1228 2
1229 2
1230 1
1231 1
1232 1
1233 0
1234 0
1235 2
1236 1
1237 3
1238 2
1239 2
1240 5
1241 0
1242 0
1243 0
1244 1
1245 1
1246 0
1247 2
1248 0
1249 1
1250 2
1251 0
1252 0
1253 3
1254 1
1255 3
1256 0
1257 2
1258 2
1259 1
1260 2
1261 0
1262 1
1263 2
1264 0
1265 1
1266 0
1267 1
1268 2
1269 0
1270 1
1271 1
1272 0
1273 2
1274 0
1275 2
1276 1
1277 0
1278 0
1279 0
1280 0
1281 0
1282 0
1283 1
1284 1
1285 1
1286 1
1287 0
1288 0
1289 1
1290 2
1291 1
1292 0
1293 0
1294 0
1295 1
1296 1
1297 2
1298 0
1299 2
1300 0
1301 0
1302 0
1303 0
1304 0
1305 0
1306 1
1307 0
1308 1
1309 1
1310 1
1311 0
1312 0
1313 1
1314 0
1315 0
1316 0
1317 1
1318 1
1319 0
1320 1
1321 0
1322 0
1323 2
1324 1
1325 1
1326 0
1327 0
1328 0
1329 0
1330 0
1331 0
1332 1
1333 0
1334 0
1335 1
1336 0
1337 1
1338 1
1339 1
1340 0
1341 0
1342 0
1343 1
1344 0
1345 1
1346 0
1347 1
1348 0
1349 2
1350 0
1351 1
1352 1
1353 0
1354 0
1355 1
1356 0
1357 0
1358 0
1359 0
1360 0
1361 0
1362 0
1363 0
1364 0
1365 0
1366 0
1367 1
1368 0
1369 0
1370 0
1371 0
1372 0
1373 0
1374 0
1375 0
1376 0
1377 0
1378 0
1379 0
1380 0
1381 0
1382 0
1383 1
1384 0
1385 0
1386 0
1387 1
1388 1
1389 0
1390 0
1391 0
1392 0
1393 0
1394 1
1395 0
1396 0
1397 0
1398 0
1399 0
1400 0
1401 0
1402 0
1403 0
1404 0
1405 0
1406 0
1407 0
1408 0
1409 0
1410 0
1411 0
1412 0
1413 0
1414 0
1415 0
1416 0
1417 0
1418 0
1419 0
1420 0
1421 0
1422 0
1423 0
1424 1
1425 0
1426 0
1427 0
1428 0
1429 0
1430 0
1431 0
1432 0
1433 0
1434 0
1435 0
1436 0
1437 0
1438 0
1439 1
