2 0.7031774225379909
3 0.6796335634625598
4 0.6501661129568106
5 0.6315685108070593
6 0.6343529411764706
7 0.617304041225929
8 0.6204690831556503
9 0.6182432432432432
10 0.6079387186629527
11 0.5855654761904762
12 0.5701168614357263
13 0.5773430391264787
14 0.5947955390334573
15 0.571356783919598
16 0.5693391115926327
17 0.5817972350230415
18 0.6063268892794376
19 0.570926143024619
20 0.585093896713615
21 0.5782634376845835
22 0.5729426433915212
23 0.5502610966057441
24 0.5745895788722342
25 0.575735294117647
26 0.5793991416309013
27 0.5740469208211144
28 0.5682515337423313
29 0.5602782071097373
30 0.5602310231023102
31 0.5538336052202284
32 0.547921967769296
33 0.5444933920704845
34 0.559245960502693
35 0.5588507877664504
36 0.5579641847313855
37 0.575046904315197
38 0.5341726618705036
39 0.5453759723422644
40 0.5488454706927176
41 0.5523202911737943
42 0.5096711798839458
43 0.5336683417085427
44 0.5295983086680761
45 0.5321888412017167
46 0.5052192066805845
47 0.5754716981132075
48 0.5426829268292683
49 0.5560298826040555
50 0.5260869565217391
51 0.5196759259259259
52 0.5420118343195266
53 0.5328554360812425
54 0.5289052890528906
55 0.5210396039603961
56 0.5407124681933843
57 0.5304798962386511
58 0.5650557620817844
59 0.5067817509247842
60 0.5454545454545454
61 0.5282555282555282
62 0.5535279805352799
63 0.5375153751537516
64 0.5576470588235294
65 0.5082592121982211
66 0.5464052287581699
67 0.5547355473554736
68 0.5239852398523985
69 0.5051948051948052
70 0.5070821529745042
71 0.53125
72 0.5575342465753425
73 0.5076923076923077
74 0.5632183908045977
75 0.5354107648725213
76 0.5296610169491526
77 0.49291784702549574
78 0.5310650887573964
79 0.5337931034482759
80 0.5035161744022504
81 0.47720364741641336
82 0.5031645569620253
83 0.5191082802547771
84 0.5313531353135313
85 0.508500772797527
86 0.5143769968051118
87 0.5251141552511416
88 0.5108024691358025
89 0.5016339869281046
90 0.5125448028673835
91 0.5372670807453416
92 0.5007849293563579
93 0.5251572327044025
94 0.5008431703204047
95 0.5212765957446809
96 0.5340909090909091
97 0.5058823529411764
98 0.5236842105263158
