0 0.2673
1 0.3589
2 0.4189
3 0.2711
4 0.4183
5 0.2665
6 0.3952
7 0.0104
8 0.3703
9 0.5549
10 0.349
11 0.2199
12 0.2924
13 0.4081
14 0.304
15 0.4712
16 0.4022
17 0.2165
18 0.2753
19 0.3927
20 0.3611
21 0.106
22 0.3435
23 0.2746
24 0.2777
25 0.3268
26 0.2406
27 0.4298
28 0.1097
29 0.2692
30 0.2615
31 0.3947
32 0.337
33 0.4685
34 0.1659
35 0.3907
36 0.3345
37 0.1691
38 0.0693
39 0.2379
40 0.3061
41 0.3192
42 0.2011
43 0.2868
44 0.2696
45 0.3541
46 0.3562
47 0.2254
48 0.3209
49 0.2533
50 0.2894
51 0.1509
52 0.2767
53 0.3475
54 0.3358
55 0.2659
56 0.2114
57 0.4409
58 0.2814
59 0.1445
60 0.299
61 0.1895
62 0.1651
63 0.5162
64 0.1225
65 0.3431
66 0.4116
67 0.3619
68 0.2934
69 0.1694
70 0.3662
71 0.2016
72 0.2959
73 0.4001
74 0.3858
75 0.3387
76 0.3807
77 0.2286
78 0.3385
79 0.2742
80 0.212
81 0.4072
82 0.2968
83 0.3002
84 0.4246
85 0.4568
86 0.2833
87 0.5633
88 0.3521
89 0.2331
90 0.1568
91 0.178
92 0.4016
93 0.4658
94 0.5197
95 0.1811
96 0.4158
97 0.2837
98 0.2505
99 0.1717
100 0.2214
101 0.2185
102 0.1367
103 0.3238
104 0.446
105 0.2231
106 0.4189
107 0.2898
108 0.402
109 0.1986
110 0.1615
