-2147 1
-2146 0
-2145 0
-2144 0
-2143 0
-2142 0
-2141 0
-2140 0
-2139 0
-2138 0
-2137 0
-2136 0
-2135 0
-2134 0
-2133 0
-2132 0
-2131 0
-2130 0
-2129 0
-2128 0
-2127 0
-2126 0
-2125 0
-2124 0
-2123 0
-2122 0
-2121 0
-2120 0
-2119 0
-2118 0
-2117 0
-2116 0
-2115 0
-2114 0
-2113 0
-2112 0
-2111 0
-2110 0
-2109 0
-2108 0
-2107 0
-2106 0
-2105 0
-2104 0
-2103 0
-2102 0
-2101 0
-2100 0
-2099 0
-2098 0
-2097 0
-2096 0
-2095 0
-2094 0
-2093 0
-2092 0
-2091 0
-2090 0
-2089 0
-2088 0
-2087 0
-2086 0
-2085 0
-2084 0
-2083 0
-2082 0
-2081 0
-2080 0
-2079 0
-2078 0
-2077 0
-2076 0
-2075 0
-2074 0
-2073 0
-2072 0
-2071 0
-2070 0
-2069 0
-2068 0
-2067 0
-2066 0
-2065 0
-2064 0
-2063 0
-2062 0
-2061 0
-2060 0
-2059 0
-2058 0
-2057 0
-2056 0
-2055 0
-2054 0
-2053 0
-2052 0
-2051 0
-2050 0
-2049 0
-2048 0
-2047 0
-2046 0
-2045 0
-2044 0
-2043 0
-2042 0
-2041 0
-2040 0
-2039 0
-2038 0
-2037 0
-2036 0
-2035 0
-2034 0
-2033 0
-2032 0
-2031 0
-2030 0
-2029 0
-2028 0
-2027 0
-2026 0
-2025 0
-2024 0
-2023 0
-2022 0
-2021 0
-2020 0
-2019 0
-2018 0
-2017 0
-2016 0
-2015 0
-2014 0
-2013 0
-2012 0
-2011 0
-2010 0
-2009 0
-2008 0
-2007 0
-2006 0
-2005 0
-2004 0
-2003 0
-2002 0
-2001 0
-2000 0
-1999 0
-1998 0
-1997 0
-1996 0
-1995 0
-1994 0
-1993 0
-1992 0
-1991 0
-1990 0
-1989 0
-1988 0
-1987 0
-1986 0
-1985 0
-1984 0
-1983 0
-1982 0
-1981 0
-1980 0
-1979 0
-1978 0
-1977 0
-1976 0
-1975 0
-1974 0
-1973 0
-1972 0
-1971 0
-1970 0
-1969 0
-1968 0
-1967 0
-1966 0
-1965 0
-1964 0
-1963 0
-1962 0
-1961 0
-1960 1
-1959 0
-1958 0
-1957 1
-1956 0
-1955 0
-1954 0
-1953 0
-1952 0
-1951 1
-1950 0
-1949 0
-1948 0
-1947 0
-1946 0
-1945 0
-1944 0
-1943 0
-1942 0
-1941 0
-1940 0
-1939 0
-1938 0
-1937 0
-1936 0
-1935 0
-1934 0
-1933 0
-1932 0
-1931 0
-1930 0
-1929 0
-1928 0
-1927 0
-1926 0
-1925 0
-1924 0
-1923 0
-1922 0
-1921 0
-1920 0
-1919 0
-1918 0
-1917 0
-1916 0
-1915 0
-1914 0
-1913 0
-1912 0
-1911 0
-1910 0
-1909 0
-1908 0
-1907 0
-1906 0
-1905 0
-1904 0
-1903 0
-1902 0
-1901 0
-1900 0
-1899 0
-1898 0
-1897 0
-1896 0
-1895 0
-1894 0
-1893 0
-1892 0
-1891 0
-1890 0
-1889 0
-1888 0
-1887 0
-1886 0
-1885 0
-1884 0
-1883 0
-1882 0
-1881 0
-1880 0
-1879 0
-1878 0
-1877 0
-1876 0
-1875 0
-1874 0
-1873 0
-1872 0
-1871 0
-1870 0
-1869 0
-1868 0
-1867 0
-1866 0
-1865 0
-1864 0
-1863 0
-1862 0
-1861 0
-1860 0
-1859 0
-1858 0
-1857 0
-1856 0
-1855 0
-1854 1
-1853 0
-1852 0
-1851 0
-1850 0
-1849 0
-1848 0
-1847 0
-1846 2
-1845 0
-1844 0
-1843 0
-1842 0
-1841 0
-1840 0
-1839 0
-1838 0
-1837 0
-1836 0
-1835 0
-1834 0
-1833 0
-1832 0
-1831 1
-1830 0
-1829 0
-1828 0
-1827 0
-1826 0
-1825 0
-1824 0
-1823 0
-1822 0
-1821 0
-1820 1
-1819 0
-1818 0
-1817 0
-1816 2
-1815 0
-1814 0
-1813 1
-1812 0
-1811 0
-1810 0
-1809 0
-1808 0
-1807 0
-1806 0
-1805 0
-1804 0
-1803 0
-1802 0
-1801 0
-1800 0
-1799 0
-1798 0
-1797 0
-1796 0
-1795 0
-1794 0
-1793 0
-1792 1
-1791 0
-1790 0
-1789 0
-1788 0
-1787 1
-1786 0
-1785 0
-1784 1
-1783 0
-1782 0
-1781 0
-1780 0
-1779 0
-1778 0
-1777 0
-1776 1
-1775 0
-1774 0
-1773 0
-1772 0
-1771 0
-1770 0
-1769 0
-1768 0
-1767 0
-1766 0
-1765 0
-1764 1
-1763 0
-1762 0
-1761 0
-1760 0
-1759 0
-1758 1
-1757 0
-1756 0
-1755 0
-1754 0
-1753 0
-1752 1
-1751 0
-1750 0
-1749 0
-1748 0
-1747 0
-1746 0
-1745 0
-1744 0
-1743 0
-1742 0
-1741 0
-1740 0
-1739 0
-1738 1
-1737 0
-1736 0
-1735 0
-1734 0
-1733 0
-1732 0
-1731 0
-1730 0
-1729 0
-1728 0
-1727 0
-1726 0
-1725 0
-1724 0
-1723 0
-1722 0
-1721 0
-1720 0
-1719 0
-1718 0
-1717 0
-1716 0
-1715 0
-1714 0
-1713 0
-1712 0
-1711 0
-1710 0
-1709 0
-1708 0
-1707 1
-1706 0
-1705 0
-1704 0
-1703 0
-1702 0
-1701 0
-1700 0
-1699 0
-1698 0
-1697 0
-1696 0
-1695 0
-1694 0
-1693 0
-1692 0
-1691 1
-1690 0
-1689 0
-1688 1
-1687 0
-1686 1
-1685 1
-1684 1
-1683 0
-1682 0
-1681 0
-1680 1
-1679 0
-1678 0
-1677 0
-1676 0
-1675 0
-1674 0
-1673 0
-1672 0
-1671 0
-1670 0
-1669 0
-1668 0
-1667 0
-1666 0
-1665 0
-1664 0
-1663 1
-1662 0
-1661 0
-1660 0
-1659 0
-1658 0
-1657 0
-1656 0
-1655 1
-1654 0
-1653 0
-1652 1
-1651 0
-1650 0
-1649 0
-1648 0
-1647 0
-1646 1
-1645 0
-1644 0
-1643 0
-1642 0
-1641 0
-1640 0
-1639 0
-1638 0
-1637 0
-1636 0
-1635 1
-1634 0
-1633 0
-1632 0
-1631 0
-1630 2
-1629 0
-1628 0
-1627 0
-1626 1
-1625 0
-1624 0
-1623 0
-1622 0
-1621 0
-1620 0
-1619 0
-1618 0
-1617 0
-1616 1
-1615 0
-1614 0
-1613 0
-1612 0
-1611 0
-1610 0
-1609 0
-1608 1
-1607 0
-1606 0
-1605 0
-1604 0
-1603 0
-1602 0
-1601 0
-1600 0
-1599 0
-1598 0
-1597 0
-1596 1
-1595 0
-1594 0
-1593 0
-1592 0
-1591 1
-1590 1
-1589 0
-1588 0
-1587 1
-1586 1
-1585 0
-1584 0
-1583 2
-1582 0
-1581 0
-1580 1
-1579 1
-1578 0
-1577 0
-1576 0
-1575 0
-1574 0
-1573 0
-1572 0
-1571 1
-1570 0
-1569 0
-1568 0
-1567 0
-1566 0
-1565 0
-1564 1
-1563 0
-1562 1
-1561 2
-1560 0
-1559 0
-1558 0
-1557 0
-1556 2
-1555 0
-1554 0
-1553 0
-1552 0
-1551 0
-1550 0
-1549 2
-1548 0
-1547 0
-1546 0
-1545 1
-1544 0
-1543 1
-1542 1
-1541 0
-1540 0
-1539 0
-1538 0
-1537 0
-1536 0
-1535 0
-1534 0
-1533 0
-1532 0
-1531 1
-1530 0
-1529 0
-1528 0
-1527 0
-1526 0
-1525 0
-1524 1
-1523 0
-1522 0
-1521 0
-1520 0
-1519 1
-1518 0
-1517 0
-1516 0
-1515 0
-1514 0
-1513 0
-1512 1
-1511 0
-1510 0
-1509 0
-1508 0
-1507 0
-1506 0
-1505 0
-1504 0
-1503 1
-1502 1
-1501 0
-1500 1
-1499 0
-1498 0
-1497 1
-1496 0
-1495 0
-1494 0
-1493 1
-1492 0
-1491 0
-1490 0
-1489 0
-1488 0
-1487 0
-1486 1
-1485 0
-1484 0
-1483 0
-1482 2
-1481 0
-1480 0
-1479 0
-1478 0
-1477 1
-1476 0
-1475 0
-1474 0
-1473 2
-1472 0
-1471 0
-1470 0
-1469 1
-1468 0
-1467 2
-1466 0
-1465 1
-1464 0
-1463 1
-1462 0
-1461 1
-1460 0
-1459 1
-1458 0
-1457 0
-1456 2
-1455 0
-1454 0
-1453 0
-1452 0
-1451 0
-1450 1
-1449 1
-1448 0
-1447 0
-1446 0
-1445 1
-1444 2
-1443 0
-1442 1
-1441 1
-1440 1
-1439 1
-1438 1
-1437 1
-1436 0
-1435 0
-1434 0
-1433 0
-1432 0
-1431 0
-1430 0
-1429 2
-1428 0
-1427 0
-1426 2
-1425 2
-1424 0
-1423 0
-1422 0
-1421 1
-1420 0
-1419 2
-1418 1
-1417 0
-1416 0
-1415 0
-1414 0
-1413 1
-1412 0
-1411 1
-1410 1
-1409 2
-1408 1
-1407 0
-1406 0
-1405 0
-1404 2
-1403 1
-1402 0
-1401 1
-1400 0
-1399 0
-1398 1
-1397 0
-1396 0
-1395 2
-1394 0
-1393 0
-1392 0
-1391 1
-1390 1
-1389 0
-1388 0
-1387 0
-1386 1
-1385 1
-1384 2
-1383 1
-1382 0
-1381 0
-1380 0
-1379 1
-1378 3
-1377 2
-1376 0
-1375 0
-1374 1
-1373 0
-1372 0
-1371 0
-1370 0
-1369 1
-1368 1
-1367 0
-1366 0
-1365 1
-1364 0
-1363 1
-1362 0
-1361 0
-1360 1
-1359 0
-1358 0
-1357 1
-1356 0
-1355 1
-1354 0
-1353 2
-1352 0
-1351 0
-1350 3
-1349 1
-1348 1
-1347 0
-1346 0
-1345 0
-1344 0
-1343 0
-1342 1
-1341 1
-1340 0
-1339 1
-1338 2
-1337 0
-1336 1
-1335 0
-1334 2
-1333 1
-1332 0
-1331 1
-1330 0
-1329 1
-1328 3
-1327 1
-1326 0
-1325 1
-1324 1
-1323 0
-1322 1
-1321 1
-1320 0
-1319 1
-1318 0
-1317 0
-1316 0
-1315 0
-1314 1
-1313 1
-1312 1
-1311 1
-1310 1
-1309 1
-1308 1
-1307 0
-1306 1
-1305 2
-1304 0
-1303 0
-1302 1
-1301 0
-1300 1
-1299 0
-1298 0
-1297 1
-1296 3
-1295 0
-1294 0
-1293 0
-1292 1
-1291 1
-1290 3
-1289 0
-1288 1
-1287 2
-1286 1
-1285 1
-1284 0
-1283 2
-1282 3
-1281 0
-1280 0
-1279 2
-1278 0
-1277 1
-1276 3
-1275 3
-1274 0
-1273 0
-1272 1
-1271 1
-1270 2
-1269 2
-1268 2
-1267 1
-1266 0
-1265 2
-1264 2
-1263 4
-1262 2
-1261 2
-1260 0
-1259 0
-1258 0
-1257 1
-1256 0
-1255 1
-1254 3
-1253 2
-1252 0
-1251 4
-1250 2
-1249 0
-1248 1
-1247 0
-1246 0
-1245 1
-1244 0
-1243 2
-1242 1
-1241 0
-1240 3
-1239 0
-1238 1
-1237 0
-1236 2
-1235 1
-1234 1
-1233 2
-1232 0
-1231 0
-1230 1
-1229 1
-1228 3
-1227 1
-1226 1
-1225 1
-1224 0
-1223 2
-1222 0
-1221 3
-1220 1
-1219 0
-1218 0
-1217 0
-1216 3
-1215 1
-1214 3
-1213 1
-1212 0
-1211 1
-1210 2
-1209 0
-1208 1
-1207 3
-1206 1
-1205 1
-1204 1
-1203 2
-1202 1
-1201 0
-1200 1
-1199 1
-1198 0
-1197 2
-1196 1
-1195 1
-1194 1
-1193 0
-1192 2
-1191 2
-1190 1
-1189 3
-1188 1
-1187 0
-1186 0
-1185 1
-1184 1
-1183 1
-1182 1
-1181 1
-1180 5
-1179 0
-1178 0
-1177 3
-1176 0
-1175 0
-1174 1
-1173 2
-1172 3
-1171 3
-1170 2
-1169 1
-1168 2
-1167 1
-1166 1
-1165 1
-1164 0
-1163 3
-1162 1
-1161 1
-1160 5
-1159 1
-1158 0
-1157 3
-1156 2
-1155 0
-1154 1
-1153 0
-1152 1
-1151 2
-1150 2
-1149 0
-1148 0
-1147 2
-1146 0
-1145 2
-1144 3
-1143 2
-1142 2
-1141 0
-1140 5
-1139 1
-1138 3
-1137 3
-1136 3
-1135 0
-1134 1
-1133 2
-1132 0
-1131 4
-1130 4
-1129 1
-1128 0
-1127 4
-1126 2
-1125 3
-1124 2
-1123 5
-1122 1
-1121 1
-1120 2
-1119 2
-1118 0
-1117 1
-1116 1
-1115 2
-1114 1
-1113 2
-1112 2
-1111 0
-1110 3
-1109 0
-1108 0
-1107 1
-1106 2
-1105 1
-1104 1
-1103 1
-1102 5
-1101 1
-1100 3
-1099 4
-1098 1
-1097 2
-1096 1
-1095 0
-1094 3
-1093 3
-1092 0
-1091 3
-1090 2
-1089 3
-1088 4
-1087 1
-1086 1
-1085 2
-1084 1
-1083 2
-1082 3
-1081 2
-1080 1
-1079 1
-1078 0
-1077 0
-1076 1
-1075 0
-1074 4
-1073 1
-1072 4
-1071 1
-1070 0
-1069 2
-1068 2
-1067 3
-1066 2
-1065 1
-1064 4
-1063 4
-1062 3
-1061 0
-1060 2
-1059 4
-1058 3
-1057 5
-1056 2
-1055 0
-1054 2
-1053 3
-1052 0
-1051 2
-1050 1
-1049 4
-1048 1
-1047 3
-1046 4
-1045 2
-1044 2
-1043 1
-1042 1
-1041 2
-1040 0
-1039 1
-1038 2
-1037 3
-1036 4
-1035 4
-1034 2
-1033 5
-1032 3
-1031 6
-1030 0
-1029 1
-1028 1
-1027 1
-1026 4
-1025 0
-1024 4
-1023 1
-1022 3
-1021 3
-1020 1
-1019 3
-1018 6
-1017 5
-1016 2
-1015 1
-1014 5
-1013 3
-1012 3
-1011 3
-1010 5
-1009 0
-1008 3
-1007 1
-1006 4
-1005 5
-1004 2
-1003 3
-1002 2
-1001 2
-1000 1
-999 4
-998 1
-997 2
-996 2
-995 2
-994 5
-993 2
-992 2
-991 3
-990 2
-989 0
-988 2
-987 2
-986 4
-985 4
-984 5
-983 1
-982 3
-981 4
-980 3
-979 4
-978 1
-977 6
-976 1
-975 3
-974 7
-973 6
-972 4
-971 1
-970 4
-969 2
-968 3
-967 2
-966 3
-965 5
-964 3
-963 2
-962 1
-961 2
-960 2
-959 2
-958 3
-957 3
-956 5
-955 1
-954 7
-953 2
-952 3
-951 5
-950 6
-949 5
-948 1
-947 3
-946 4
-945 5
-944 1
-943 2
-942 3
-941 6
-940 4
-939 3
-938 4
-937 0
-936 4
-935 1
-934 3
-933 1
-932 7
-931 3
-930 4
-929 2
-928 2
-927 6
-926 6
-925 4
-924 2
-923 2
-922 0
-921 8
-920 4
-919 4
-918 6
-917 0
-916 3
-915 4
-914 6
-913 5
-912 7
-911 3
-910 4
-909 7
-908 3
-907 2
-906 5
-905 4
-904 1
-903 2
-902 4
-901 3
-900 9
-899 4
-898 2
-897 8
-896 3
-895 4
-894 2
-893 2
-892 3
-891 4
-890 6
-889 2
-888 2
-887 5
-886 9
-885 2
-884 2
-883 4
-882 5
-881 4
-880 5
-879 4
-878 4
-877 3
-876 7
-875 6
-874 1
-873 5
-872 7
-871 6
-870 6
-869 3
-868 5
-867 0
-866 5
-865 3
-864 7
-863 3
-862 4
-861 2
-860 4
-859 3
-858 1
-857 1
-856 2
-855 1
-854 1
-853 5
-852 10
-851 6
-850 6
-849 7
-848 10
-847 5
-846 2
-845 7
-844 4
-843 6
-842 9
-841 4
-840 1
-839 8
-838 10
-837 8
-836 1
-835 7
-834 1
-833 5
-832 4
-831 1
-830 4
-829 4
-828 8
-827 6
-826 10
-825 5
-824 2
-823 4
-822 4
-821 5
-820 4
-819 6
-818 8
-817 4
-816 6
-815 4
-814 7
-813 4
-812 2
-811 3
-810 9
-809 0
-808 3
-807 5
-806 5
-805 8
-804 7
-803 4
-802 2
-801 4
-800 5
-799 4
-798 3
-797 5
-796 5
-795 8
-794 6
-793 1
-792 10
-791 8
-790 6
-789 7
-788 8
-787 9
-786 5
-785 7
-784 7
-783 3
-782 4
-781 6
-780 10
-779 12
-778 9
-777 2
-776 4
-775 5
-774 7
-773 8
-772 3
-771 2
-770 2
-769 3
-768 10
-767 7
-766 7
-765 6
-764 8
-763 6
-762 4
-761 5
-760 1
-759 8
-758 7
-757 4
-756 9
-755 4
-754 5
-753 8
-752 10
-751 8
-750 8
-749 8
-748 8
-747 4
-746 9
-745 5
-744 12
-743 4
-742 9
-741 7
-740 6
-739 7
-738 7
-737 6
-736 6
-735 9
-734 5
-733 8
-732 5
-731 5
-730 7
-729 9
-728 8
-727 7
-726 10
-725 8
-724 10
-723 6
-722 9
-721 10
-720 10
-719 7
-718 5
-717 7
-716 9
-715 9
-714 9
-713 7
-712 8
-711 3
-710 6
-709 9
-708 4
-707 3
-706 12
-705 11
-704 6
-703 10
-702 9
-701 9
-700 10
-699 5
-698 7
-697 10
-696 5
-695 4
-694 9
-693 8
-692 5
-691 9
-690 9
-689 4
-688 3
-687 9
-686 4
-685 9
-684 8
-683 13
-682 4
-681 4
-680 9
-679 7
-678 10
-677 9
-676 12
-675 6
-674 6
-673 3
-672 7
-671 8
-670 9
-669 7
-668 11
-667 6
-666 9
-665 5
-664 10
-663 12
-662 9
-661 7
-660 7
-659 14
-658 11
-657 13
-656 7
-655 12
-654 11
-653 8
-652 12
-651 13
-650 11
-649 10
-648 9
-647 4
-646 10
-645 2
-644 12
-643 12
-642 8
-641 7
-640 10
-639 6
-638 11
-637 12
-636 10
-635 8
-634 7
-633 10
-632 4
-631 4
-630 10
-629 6
-628 8
-627 9
-626 12
-625 4
-624 10
-623 6
-622 10
-621 7
-620 7
-619 12
-618 8
-617 3
-616 14
-615 11
-614 8
-613 10
-612 13
-611 9
-610 11
-609 9
-608 11
-607 9
-606 10
-605 13
-604 9
-603 5
-602 6
-601 12
-600 10
-599 12
-598 7
-597 15
-596 10
-595 14
-594 8
-593 5
-592 6
-591 9
-590 12
-589 9
-588 11
-587 6
-586 5
-585 19
-584 10
-583 8
-582 7
-581 10
-580 16
-579 9
-578 7
-577 12
-576 13
-575 13
-574 5
-573 11
-572 11
-571 12
-570 12
-569 4
-568 14
-567 11
-566 12
-565 16
-564 7
-563 12
-562 13
-561 15
-560 10
-559 9
-558 14
-557 14
-556 14
-555 13
-554 10
-553 11
-552 13
-551 11
-550 10
-549 15
-548 17
-547 23
-546 12
-545 15
-544 8
-543 13
-542 19
-541 13
-540 16
-539 13
-538 14
-537 14
-536 10
-535 14
-534 18
-533 20
-532 13
-531 6
-530 12
-529 7
-528 14
-527 13
-526 21
-525 14
-524 13
-523 12
-522 14
-521 7
-520 17
-519 18
-518 12
-517 6
-516 14
-515 20
-514 19
-513 15
-512 16
-511 10
-510 18
-509 17
-508 13
-507 15
-506 13
-505 15
-504 9
-503 13
-502 17
-501 11
-500 15
-499 15
-498 18
-497 15
-496 13
-495 22
-494 14
-493 15
-492 11
-491 13
-490 16
-489 15
-488 12
-487 13
-486 13
-485 11
-484 18
-483 14
-482 13
-481 16
-480 11
-479 16
-478 15
-477 20
-476 18
-475 12
-474 13
-473 14
-472 17
-471 14
-470 16
-469 25
-468 19
-467 19
-466 20
-465 29
-464 14
-463 21
-462 18
-461 18
-460 21
-459 20
-458 10
-457 19
-456 27
-455 20
-454 13
-453 23
-452 21
-451 20
-450 17
-449 12
-448 17
-447 22
-446 27
-445 19
-444 20
-443 16
-442 17
-441 25
-440 18
-439 13
-438 21
-437 11
-436 22
-435 26
-434 27
-433 11
-432 19
-431 22
-430 26
-429 24
-428 17
-427 20
-426 25
-425 26
-424 19
-423 16
-422 18
-421 28
-420 20
-419 33
-418 19
-417 24
-416 20
-415 30
-414 26
-413 23
-412 26
-411 27
-410 24
-409 21
-408 29
-407 22
-406 25
-405 23
-404 17
-403 20
-402 21
-401 12
-400 31
-399 18
-398 15
-397 21
-396 24
-395 24
-394 26
-393 23
-392 20
-391 27
-390 25
-389 14
-388 21
-387 32
-386 22
-385 22
-384 25
-383 22
-382 32
-381 22
-380 28
-379 18
-378 26
-377 22
-376 30
-375 22
-374 19
-373 20
-372 23
-371 33
-370 31
-369 21
-368 34
-367 28
-366 41
-365 19
-364 23
-363 33
-362 26
-361 28
-360 22
-359 31
-358 34
-357 32
-356 23
-355 31
-354 14
-353 33
-352 38
-351 32
-350 30
-349 36
-348 27
-347 33
-346 32
-345 33
-344 31
-343 43
-342 30
-341 48
-340 25
-339 28
-338 28
-337 35
-336 43
-335 28
-334 30
-333 39
-332 28
-331 26
-330 37
-329 36
-328 37
-327 44
-326 43
-325 41
-324 30
-323 35
-322 26
-321 30
-320 37
-319 47
-318 40
-317 46
-316 28
-315 43
-314 30
-313 36
-312 28
-311 46
-310 34
-309 39
-308 39
-307 36
-306 39
-305 49
-304 44
-303 33
-302 38
-301 39
-300 41
-299 31
-298 37
-297 42
-296 35
-295 42
-294 41
-293 36
-292 42
-291 40
-290 43
-289 51
-288 40
-287 42
-286 42
-285 45
-284 46
-283 50
-282 43
-281 53
-280 47
-279 37
-278 40
-277 46
-276 52
-275 49
-274 44
-273 57
-272 40
-271 50
-270 39
-269 42
-268 60
-267 49
-266 50
-265 48
-264 36
-263 51
-262 54
-261 47
-260 50
-259 56
-258 47
-257 49
-256 57
-255 49
-254 54
-253 53
-252 68
-251 52
-250 57
-249 66
-248 65
-247 45
-246 49
-245 63
-244 65
-243 57
-242 55
-241 69
-240 55
-239 49
-238 50
-237 70
-236 53
-235 41
-234 58
-233 66
-232 62
-231 70
-230 66
-229 57
-228 59
-227 68
-226 67
-225 64
-224 69
-223 57
-222 73
-221 54
-220 58
-219 92
-218 75
-217 79
-216 75
-215 57
-214 67
-213 56
-212 72
-211 66
-210 64
-209 77
-208 71
-207 75
-206 72
-205 75
-204 67
-203 80
-202 71
-201 83
-200 67
-199 75
-198 69
-197 67
-196 90
-195 76
-194 76
-193 89
-192 94
-191 99
-190 93
-189 77
-188 88
-187 78
-186 93
-185 88
-184 92
-183 84
-182 99
-181 98
-180 100
-179 86
-178 95
-177 122
-176 98
-175 111
-174 91
-173 86
-172 108
-171 92
-170 112
-169 99
-168 99
-167 110
-166 80
-165 114
-164 104
-163 104
-162 127
-161 112
-160 125
-159 120
-158 128
-157 123
-156 113
-155 134
-154 111
-153 125
-152 133
-151 119
-150 126
-149 140
-148 111
-147 143
-146 113
-145 154
-144 136
-143 134
-142 144
-141 138
-140 148
-139 129
-138 146
-137 152
-136 159
-135 150
-134 145
-133 158
-132 153
-131 144
-130 163
-129 171
-128 157
-127 169
-126 178
-125 162
-124 160
-123 175
-122 190
-121 184
-120 178
-119 208
-118 165
-117 168
-116 165
-115 179
-114 195
-113 200
-112 188
-111 204
-110 210
-109 187
-108 194
-107 209
-106 209
-105 218
-104 218
-103 237
-102 248
-101 243
-100 225
-99 246
-98 257
-97 223
-96 267
-95 285
-94 286
-93 279
-92 265
-91 262
-90 271
-89 302
-88 299
-87 302
-86 275
-85 298
-84 317
-83 338
-82 355
-81 327
-80 377
-79 363
-78 342
-77 357
-76 382
-75 389
-74 391
-73 385
-72 402
-71 443
-70 424
-69 411
-68 463
-67 445
-66 472
-65 485
-64 468
-63 484
-62 489
-61 525
-60 513
-59 549
-58 518
-57 587
-56 611
-55 583
-54 634
-53 672
-52 663
-51 671
-50 749
-49 699
-48 706
-47 699
-46 754
-45 849
-44 880
-43 910
-42 869
-41 921
-40 971
-39 1021
-38 1107
-37 1096
-36 1100
-35 1168
-34 1232
-33 1329
-32 1339
-31 1479
-30 1517
-29 1529
-28 1700
-27 1704
-26 1950
-25 1964
-24 2108
-23 2308
-22 2390
-21 2579
-20 2703
-19 2986
-18 3246
-17 3474
-16 3751
-15 4152
-14 4476
-13 5077
-12 5676
-11 6428
-10 7256
-9 8423
-8 9938
-7 11954
-6 15066
-5 19007
-4 25396
-3 37123
-2 60754
-1 146397
0 1040055
1 6977329
2 1061588
3 130304
4 57391
5 35956
6 25189
7 18739
8 14931
9 12013
10 9916
11 8451
12 7340
13 6355
14 5560
15 5054
16 4450
17 4150
18 3850
19 3437
20 3058
21 2895
22 2660
23 2580
24 2362
25 2294
26 2100
27 2014
28 1819
29 1793
30 1745
31 1569
32 1532
33 1383
34 1388
35 1240
36 1210
37 1188
38 1143
39 1100
40 1020
41 1064
42 943
43 904
44 934
45 860
46 841
47 857
48 782
49 774
50 783
51 702
52 707
53 695
54 666
55 674
56 639
57 590
58 583
59 568
60 578
61 559
62 505
63 476
64 496
65 464
66 463
67 464
68 463
69 449
70 453
71 437
72 416
73 440
74 382
75 388
76 381
77 390
78 407
79 344
80 366
81 330
82 366
83 351
84 327
85 306
86 332
87 327
88 325
89 292
90 289
91 284
92 263
93 291
94 261
95 267
96 232
97 263
98 278
99 260
100 255
101 262
102 210
103 239
104 226
105 250
106 219
107 230
108 237
109 230
110 208
111 207
112 215
113 178
114 227
115 201
116 169
117 180
118 165
119 160
120 179
121 195
122 168
123 196
124 203
125 192
126 171
127 152
128 167
129 160
130 167
131 146
132 140
133 161
134 131
135 148
136 131
137 172
138 169
139 149
140 135
141 133
142 158
143 142
144 122
145 128
146 140
147 124
148 143
149 131
150 134
151 127
152 117
153 140
154 133
155 131
156 117
157 111
158 114
159 121
160 123
161 122
162 111
163 96
164 128
165 115
166 108
167 107
168 107
169 101
170 114
171 100
172 105
173 104
174 98
175 98
176 99
177 108
178 79
179 105
180 81
181 84
182 82
183 99
184 104
185 94
186 98
187 98
188 98
189 103
190 91
191 96
192 82
193 81
194 88
195 74
196 87
197 66
198 80
199 79
200 79
201 88
202 66
203 71
204 82
205 84
206 65
207 71
208 78
209 83
210 77
211 71
212 71
213 67
214 70
215 63
216 86
217 66
218 74
219 59
220 60
221 79
222 67
223 77
224 77
225 67
226 63
227 58
228 69
229 64
230 54
231 78
232 68
233 63
234 77
235 59
236 62
237 51
238 47
239 47
240 61
241 58
242 69
243 52
244 49
245 68
246 54
247 62
248 78
249 51
250 37
251 52
252 60
253 46
254 43
255 43
256 54
257 63
258 54
259 51
260 47
261 44
262 51
263 56
264 50
265 56
266 59
267 38
268 39
269 54
270 46
271 51
272 59
273 42
274 38
275 46
276 40
277 50
278 38
279 38
280 45
281 33
282 47
283 43
284 43
285 51
286 36
287 57
288 42
289 54
290 36
291 46
292 42
293 48
294 37
295 33
296 27
297 37
298 47
299 42
300 45
301 36
302 41
303 36
304 32
305 48
306 38
307 32
308 41
309 41
310 36
311 36
312 35
313 41
314 35
315 42
316 40
317 34
318 31
319 41
320 48
321 28
322 37
323 44
324 26
325 36
326 35
327 29
328 34
329 43
330 35
331 34
332 46
333 41
334 29
335 37
336 28
337 27
338 35
339 25
340 33
341 28
342 38
343 27
344 29
345 30
346 23
347 32
348 31
349 35
350 36
351 25
352 27
353 32
354 25
355 31
356 32
357 28
358 34
359 35
360 27
361 26
362 27
363 24
364 33
365 35
366 22
367 29
368 31
369 24
370 17
371 25
372 23
373 20
374 23
375 38
376 33
377 24
378 28
379 27
380 29
381 32
382 31
383 26
384 18
385 18
386 30
387 22
388 20
389 31
390 20
391 17
392 28
393 29
394 32
395 19
396 32
397 24
398 21
399 21
400 17
401 29
402 33
403 28
404 19
405 19
406 16
407 25
408 27
409 23
410 18
411 26
412 23
413 25
414 26
415 18
416 28
417 24
418 26
419 27
420 29
421 15
422 21
423 20
424 23
425 17
426 23
427 20
428 26
429 18
430 17
431 13
432 21
433 22
434 21
435 20
436 28
437 19
438 16
439 26
440 18
441 20
442 24
443 25
444 20
445 28
446 17
447 20
448 21
449 23
450 27
451 19
452 11
453 17
454 15
455 13
456 27
457 19
458 19
459 14
460 18
461 14
462 19
463 17
464 29
465 16
466 21
467 11
468 16
469 22
470 14
471 19
472 17
473 20
474 21
475 18
476 15
477 23
478 18
479 15
480 18
481 22
482 15
483 15
484 16
485 17
486 18
487 13
488 17
489 21
490 13
491 17
492 21
493 19
494 9
495 19
496 10
497 16
498 14
499 14
500 12
501 13
502 15
503 10
504 18
505 11
506 20
507 14
508 14
509 19
510 18
511 12
512 17
513 11
514 9
515 9
516 17
517 13
518 12
519 11
520 14
521 15
522 6
523 12
524 12
525 19
526 16
527 14
528 14
529 9
530 17
531 12
532 3
533 18
534 13
535 20
536 19
537 4
538 19
539 12
540 5
541 5
542 12
543 8
544 13
545 10
546 10
547 12
548 10
549 18
550 13
551 9
552 13
553 13
554 9
555 15
556 11
557 8
558 10
559 15
560 11
561 8
562 12
563 10
564 11
565 15
566 13
567 13
568 11
569 7
570 11
571 14
572 5
573 9
574 5
575 7
576 11
577 12
578 10
579 14
580 7
581 10
582 11
583 13
584 11
585 17
586 13
587 8
588 11
589 16
590 9
591 9
592 9
593 11
594 12
595 15
596 8
597 10
598 16
599 13
600 9
601 11
602 5
603 2
604 12
605 9
606 12
607 4
608 4
609 6
610 7
611 5
612 12
613 12
614 5
615 5
616 13
617 10
618 10
619 9
620 14
621 8
622 11
623 12
624 12
625 8
626 9
627 10
628 15
629 11
630 12
631 8
632 11
633 10
634 8
635 12
636 8
637 9
638 9
639 5
640 12
641 7
642 5
643 5
644 8
645 8
646 5
647 3
648 8
649 10
650 9
651 8
652 10
653 10
654 5
655 11
656 13
657 10
658 14
659 10
660 3
661 3
662 9
663 10
664 7
665 12
666 13
667 9
668 11
669 6
670 9
671 7
672 10
673 6
674 4
675 7
676 8
677 10
678 8
679 6
680 9
681 5
682 9
683 7
684 7
685 12
686 9
687 6
688 12
689 5
690 10
691 5
692 11
693 8
694 4
695 4
696 6
697 7
698 6
699 5
700 8
701 7
702 9
703 6
704 5
705 10
706 15
707 13
708 12
709 10
710 8
711 5
712 6
713 4
714 5
715 7
716 6
717 5
718 9
719 5
720 12
721 7
722 5
723 7
724 9
725 9
726 7
727 2
728 6
729 6
730 5
731 10
732 3
733 6
734 8
735 11
736 5
737 9
738 1
739 12
740 7
741 4
742 7
743 5
744 3
745 6
746 8
747 6
748 4
749 5
750 7
751 7
752 7
753 4
754 8
755 4
756 4
757 3
758 7
759 6
760 6
761 7
762 8
763 10
764 8
765 3
766 3
767 7
768 9
769 5
770 4
771 8
772 4
773 9
774 4
775 2
776 3
777 3
778 5
779 7
780 6
781 14
782 7
783 9
784 3
785 4
786 4
787 2
788 7
789 4
790 5
791 3
792 4
793 7
794 5
795 3
796 2
797 3
798 5
799 7
800 11
801 6
802 3
803 7
804 7
805 6
806 8
807 9
808 6
809 7
810 6
811 7
812 3
813 5
814 6
815 3
816 2
817 5
818 5
819 5
820 3
821 5
822 1
823 5
824 5
825 4
826 6
827 4
828 4
829 5
830 2
831 6
832 11
833 2
834 2
835 5
836 6
837 1
838 3
839 3
840 7
841 8
842 5
843 4
844 5
845 7
846 4
847 6
848 4
849 4
850 6
851 5
852 3
853 6
854 4
855 2
856 6
857 9
858 2
859 5
860 7
861 5
862 5
863 8
864 6
865 3
866 6
867 7
868 6
869 5
870 7
871 4
872 2
873 5
874 7
875 5
876 2
877 5
878 1
879 12
880 7
881 4
882 2
883 3
884 0
885 4
886 3
887 3
888 4
889 4
890 4
891 3
892 3
893 5
894 1
895 4
896 3
897 5
898 3
899 4
900 4
901 4
902 2
903 2
904 5
905 3
906 5
907 3
908 3
909 7
910 2
911 7
912 4
913 2
914 3
915 3
916 7
917 2
918 2
919 1
920 2
921 4
922 3
923 2
924 2
925 5
926 7
927 2
928 4
929 4
930 3
931 3
932 3
933 4
934 4
935 4
936 3
937 5
938 2
939 3
940 4
941 2
942 3
943 2
944 3
945 8
946 3
947 1
948 3
949 6
950 5
951 5
952 2
953 8
954 3
955 1
956 6
957 2
958 1
959 4
960 2
961 2
962 6
963 5
964 3
965 2
966 4
967 0
968 5
969 6
970 3
971 5
972 2
973 5
974 6
975 4
976 6
977 2
978 3
979 5
980 4
981 1
982 2
983 4
984 3
985 0
986 6
987 5
988 3
989 4
990 2
991 2
992 5
993 5
994 0
995 3
996 7
997 6
998 3
999 1
1000 4
1001 2
1002 6
1003 2
1004 7
1005 0
1006 1
1007 1
1008 0
1009 3
1010 4
1011 3
1012 5
1013 2
1014 4
1015 2
1016 1
1017 6
1018 1
1019 3
1020 4
1021 4
1022 3
1023 3
1024 4
1025 2
1026 4
1027 1
1028 1
1029 2
1030 4
1031 3
1032 1
1033 4
1034 2
1035 1
1036 5
1037 6
1038 1
1039 2
1040 1
1041 2
1042 1
1043 1
1044 2
1045 3
1046 3
1047 1
1048 2
1049 1
1050 1
1051 2
1052 3
1053 1
1054 3
1055 4
1056 2
1057 0
1058 1
1059 4
1060 1
1061 4
1062 1
1063 1
1064 2
1065 2
1066 3
1067 5
1068 1
1069 4
1070 1
1071 1
1072 1
1073 0
1074 0
1075 5
1076 1
1077 1
1078 1
1079 2
1080 6
1081 2
1082 3
1083 2
1084 0
1085 4
1086 1
1087 3
1088 4
1089 2
1090 4
1091 0
1092 1
1093 2
1094 1
1095 5
1096 1
1097 4
1098 2
1099 3
1100 1
1101 1
1102 2
1103 7
1104 2
1105 0
1106 0
1107 2
1108 0
1109 3
1110 2
1111 3
1112 3
1113 1
1114 3
1115 2
1116 1
1117 1
1118 1
1119 2
1120 5
1121 3
1122 0
1123 6
1124 2
1125 3
1126 0
1127 2
1128 1
1129 0
1130 3
1131 2
1132 2
1133 3
1134 3
1135 1
1136 2
1137 1
1138 1
1139 1
1140 0
1141 3
1142 1
1143 3
1144 1
1145 1
1146 6
1147 2
1148 3
1149 2
1150 1
1151 0
1152 1
1153 0
1154 1
1155 3
1156 0
1157 0
1158 1
1159 1
1160 2
1161 2
1162 1
1163 4
1164 3
1165 1
1166 3
1167 0
1168 5
1169 0
1170 1
1171 2
1172 0
1173 2
1174 0
1175 1
1176 0
1177 1
1178 2
1179 2
1180 4
1181 0
1182 1
1183 1
1184 1
1185 1
1186 1
1187 3
1188 1
1189 3
1190 2
1191 2
1192 2
1193 0
1194 1
1195 0
1196 1
1197 1
1198 5
1199 1
1200 1
1201 1
1202 1
1203 0
1204 1
1205 0
1206 2
1207 1
1208 2
1209 0
1210 1
1211 1
1212 2
1213 2
1214 1
1215 3
1216 0
1217 3
1218 0
1219 1
1220 1
1221 0
1222 0
1223 1
1224 3
1225 1
1226 1
1227 1
1228 2
1229 1
1230 0
1231 0
1232 0
1233 1
1234 0
1235 2
1236 3
1237 1
1238 1
1239 2
1240 1
1241 1
1242 3
1243 2
1244 1
1245 1
1246 1
1247 2
1248 2
1249 0
1250 0
1251 2
1252 1
1253 1
1254 0
1255 1
1256 1
1257 1
1258 0
1259 0
1260 0
1261 2
1262 1
1263 1
1264 0
1265 1
1266 2
1267 0
1268 2
1269 1
1270 1
1271 0
1272 4
1273 1
1274 0
1275 1
1276 2
1277 1
1278 1
1279 2
1280 1
1281 1
1282 3
1283 1
1284 0
1285 0
1286 1
1287 2
1288 1
1289 1
1290 1
1291 2
1292 1
1293 3
1294 3
1295 0
1296 1
1297 1
1298 0
1299 0
1300 0
1301 2
1302 0
1303 0
1304 1
1305 0
1306 3
1307 2
1308 0
1309 0
1310 2
1311 1
1312 1
1313 0
1314 1
1315 1
1316 1
1317 0
1318 1
1319 0
1320 1
1321 1
1322 1
1323 1
1324 1
1325 0
1326 1
1327 0
1328 2
1329 1
1330 0
1331 0
1332 0
1333 1
1334 3
1335 0
1336 0
1337 0
1338 0
1339 2
1340 0
1341 0
1342 0
1343 1
1344 0
1345 1
1346 1
1347 1
1348 0
1349 2
1350 1
1351 0
1352 1
1353 2
1354 1
1355 1
1356 2
1357 2
1358 0
1359 3
1360 0
1361 0
1362 0
1363 1
1364 1
1365 1
1366 0
1367 2
1368 1
1369 1
1370 0
1371 2
1372 0
1373 1
1374 1
1375 0
1376 0
1377 3
1378 0
1379 0
1380 1
1381 0
1382 1
1383 1
1384 1
1385 0
1386 1
1387 0
1388 0
1389 0
1390 0
1391 1
1392 2
1393 1
1394 0
1395 0
1396 4
1397 0
1398 0
1399 0
1400 0
1401 1
1402 0
1403 0
1404 0
1405 0
1406 0
1407 1
1408 0
1409 0
1410 0
1411 0
1412 1
1413 1
1414 0
1415 0
1416 0
1417 0
1418 0
1419 1
1420 0
1421 0
1422 3
1423 0
1424 0
1425 2
1426 0
1427 0
1428 0
1429 2
1430 1
1431 0
1432 0
1433 0
1434 1
1435 0
1436 0
1437 0
1438 0
1439 0
1440 1
1441 2
1442 0
1443 0
1444 0
1445 0
1446 2
1447 1
1448 0
1449 0
1450 0
1451 0
1452 1
1453 0
1454 0
1455 1
1456 0
1457 0
1458 1
1459 0
1460 0
1461 1
1462 0
1463 0
1464 1
1465 1
1466 1
1467 0
1468 1
1469 1
1470 1
1471 0
1472 2
1473 0
1474 0
1475 1
1476 2
1477 0
1478 2
1479 2
1480 1
1481 0
1482 1
1483 0
1484 0
1485 1
1486 0
1487 3
1488 0
1489 0
1490 0
1491 0
1492 0
1493 0
1494 1
1495 1
1496 0
1497 0
1498 2
1499 0
1500 0
1501 1
1502 0
1503 0
1504 0
1505 0
1506 2
1507 0
1508 0
1509 0
1510 0
1511 0
1512 1
1513 2
1514 0
1515 0
1516 1
1517 0
1518 0
1519 0
1520 0
1521 0
1522 0
1523 0
1524 0
1525 0
1526 1
1527 0
1528 0
1529 1
1530 0
1531 0
1532 0
1533 0
1534 0
1535 0
1536 0
1537 0
1538 0
1539 0
1540 1
1541 0
1542 1
1543 0
1544 0
1545 0
1546 0
1547 0
1548 0
1549 0
1550 0
1551 0
1552 0
1553 0
1554 0
1555 0
1556 3
1557 1
1558 0
1559 0
1560 0
1561 0
1562 0
1563 0
1564 0
1565 0
1566 1
1567 0
1568 0
1569 0
1570 0
1571 1
1572 0
1573 0
1574 0
1575 1
1576 1
1577 0
1578 0
1579 0
1580 1
1581 1
1582 1
1583 1
1584 0
1585 0
1586 0
1587 1
1588 0
1589 0
1590 1
1591 0
1592 0
1593 0
1594 1
1595 0
1596 0
1597 0
1598 0
1599 0
1600 0
1601 0
1602 0
1603 1
1604 0
1605 0
1606 1
1607 0
1608 0
1609 0
1610 0
1611 2
1612 0
1613 0
1614 0
1615 0
1616 2
1617 0
1618 0
1619 0
1620 0
1621 0
1622 0
1623 0
1624 0
1625 1
1626 0
1627 0
1628 0
1629 0
1630 0
1631 0
1632 0
1633 0
1634 0
1635 0
1636 0
1637 0
1638 0
1639 0
1640 0
1641 0
1642 0
1643 0
1644 0
1645 0
1646 0
1647 0
1648 0
1649 1
1650 0
1651 1
1652 0
1653 0
1654 0
1655 0
1656 0
1657 0
1658 0
1659 0
1660 0
1661 0
1662 0
1663 0
1664 1
1665 0
1666 0
1667 0
1668 0
1669 0
1670 0
1671 0
1672 0
1673 0
1674 0
1675 0
1676 0
1677 0
1678 1
1679 0
1680 0
1681 0
1682 0
1683 0
1684 0
1685 0
1686 0
1687 0
1688 0
1689 0
1690 0
1691 0
1692 0
1693 0
1694 0
1695 0
1696 0
1697 0
1698 0
1699 0
1700 0
1701 0
1702 0
1703 0
1704 0
1705 0
1706 0
1707 0
1708 0
1709 0
1710 0
1711 0
1712 1
1713 0
1714 0
1715 0
1716 0
1717 0
1718 0
1719 0
1720 0
1721 0
1722 0
1723 1
1724 0
1725 0
1726 0
1727 0
1728 0
1729 0
1730 0
1731 0
1732 0
1733 0
1734 0
1735 0
1736 0
1737 0
1738 0
1739 0
1740 0
1741 0
1742 0
1743 1
1744 0
1745 0
1746 0
1747 0
1748 0
1749 0
1750 0
1751 0
1752 0
1753 1
1754 0
1755 0
1756 0
1757 0
1758 0
1759 0
1760 0
1761 0
1762 0
1763 0
1764 0
1765 0
1766 0
1767 0
1768 0
1769 0
1770 0
1771 0
1772 0
1773 0
1774 0
1775 0
1776 0
1777 0
1778 0
1779 0
1780 0
1781 0
1782 1
1783 0
1784 1
1785 0
1786 0
1787 0
1788 0
1789 1
1790 1
1791 0
1792 0
1793 1
1794 0
1795 0
1796 0
1797 0
1798 0
1799 0
1800 0
1801 0
1802 1
1803 0
1804 0
1805 0
1806 0
1807 0
1808 0
1809 0
1810 0
1811 0
1812 0
1813 0
1814 0
1815 0
1816 0
1817 0
1818 0
1819 0
1820 0
1821 0
1822 0
1823 0
1824 0
1825 0
1826 0
1827 0
1828 0
1829 0
1830 0
1831 0
1832 0
1833 0
1834 0
1835 0
1836 0
1837 0
1838 0
1839 0
1840 0
1841 0
1842 0
1843 0
1844 0
1845 0
1846 0
1847 0
1848 0
1849 0
1850 0
1851 0
1852 0
1853 0
1854 0
1855 0
1856 0
1857 0
1858 0
1859 0
1860 0
1861 0
1862 0
1863 0
1864 0
1865 0
1866 0
1867 0
1868 0
1869 0
1870 0
1871 0
1872 0
1873 0
1874 0
1875 0
1876 0
1877 0
1878 0
1879 0
1880 0
1881 0
1882 0
1883 0
1884 0
1885 0
1886 0
1887 0
1888 0
1889 0
1890 0
1891 0
1892 1
1893 0
1894 0
1895 0
1896 0
1897 0
1898 0
1899 0
1900 0
1901 1
1902 0
1903 0
1904 0
1905 0
1906 0
1907 0
1908 0
1909 0
1910 0
1911 0
1912 0
1913 0
1914 0
1915 0
1916 0
1917 0
1918 0
1919 0
1920 0
1921 0
1922 0
1923 0
1924 0
1925 0
1926 0
1927 0
1928 0
1929 0
1930 0
1931 0
1932 0
1933 0
1934 0
1935 0
1936 0
1937 0
1938 0
1939 0
1940 0
1941 1
1942 0
1943 0
1944 0
1945 0
1946 0
1947 0
1948 0
1949 0
1950 0
1951 0
1952 0
1953 0
1954 0
1955 0
1956 0
1957 0
1958 0
1959 0
1960 1
1961 0
1962 0
1963 0
1964 0
1965 0
1966 0
1967 0
1968 0
1969 0
1970 0
1971 0
1972 0
1973 0
1974 0
1975 0
1976 0
1977 0
1978 0
1979 0
1980 0
1981 0
1982 0
1983 0
1984 0
1985 0
1986 0
1987 0
1988 0
1989 0
1990 0
1991 0
1992 0
1993 0
1994 0
1995 0
1996 0
1997 0
1998 0
1999 0
2000 0
2001 0
2002 0
2003 0
2004 0
2005 0
2006 0
2007 0
2008 0
2009 0
2010 0
2011 0
2012 0
2013 0
2014 0
2015 0
2016 0
2017 0
2018 0
2019 0
2020 0
2021 0
2022 0
2023 0
2024 0
2025 0
2026 0
2027 0
2028 0
2029 0
2030 0
2031 0
2032 0
2033 0
2034 0
2035 0
2036 1
