0 0.5437
1 0.542
2 0.5379
3 0.5156
4 0.5258
5 0.5156
6 0.5425
7 0.533
8 0.5245
9 0.5394
10 0.5247
11 0.5313
12 0.5362
13 0.5197
14 0.5386
15 0.5204
16 0.5346
17 0.5288
18 0.537
19 0.5283
20 0.5343
21 0.5286
22 0.5393
23 0.5487
24 0.5321
25 0.535
26 0.5311
27 0.5217
28 0.5165
29 0.5525
30 0.5358
31 0.5343
32 0.5271
33 0.5549
34 0.5343
35 0.5228
36 0.5258
37 0.5279
38 0.5399
39 0.5082
40 0.518
41 0.5208
42 0.5332
43 0.513
44 0.5305
45 0.5209
46 0.527
47 0.5355
48 0.5383
49 0.5245
50 0.5367
51 0.5395
52 0.5241
53 0.5397
54 0.5434
55 0.5368
56 0.5336
57 0.5169
58 0.5207
59 0.5319
60 0.5255
61 0.5303
62 0.5143
63 0.52
64 0.5212
65 0.5296
66 0.5413
67 0.5285
68 0.5271
69 0.53
70 0.5531
71 0.535
72 0.5125
73 0.521
74 0.5351
75 0.5339
76 0.5165
77 0.5361
78 0.5333
79 0.5484
80 0.5128
81 0.5361
82 0.5253
83 0.5406
84 0.5516
85 0.5389
86 0.5327
87 0.5271
88 0.5389
89 0.5179
90 0.5249
91 0.5342
92 0.5168
93 0.5219
94 0.533
95 0.5255
96 0.5295
97 0.5545
98 0.5498
99 0.5505
100 0.542
101 0.5439
102 0.5196
103 0.518
104 0.5304
105 0.5257
106 0.5268
107 0.5345
108 0.5439
109 0.5409
110 0.5213
