-2578 1
-2577 0
-2576 0
-2575 0
-2574 0
-2573 0
-2572 0
-2571 0
-2570 0
-2569 0
-2568 0
-2567 0
-2566 0
-2565 0
-2564 0
-2563 0
-2562 0
-2561 1
-2560 0
-2559 0
-2558 0
-2557 0
-2556 0
-2555 0
-2554 0
-2553 0
-2552 0
-2551 0
-2550 0
-2549 0
-2548 0
-2547 0
-2546 0
-2545 0
-2544 0
-2543 0
-2542 0
-2541 0
-2540 0
-2539 0
-2538 0
-2537 0
-2536 0
-2535 0
-2534 0
-2533 0
-2532 0
-2531 0
-2530 0
-2529 0
-2528 0
-2527 0
-2526 1
-2525 0
-2524 0
-2523 0
-2522 0
-2521 0
-2520 0
-2519 0
-2518 0
-2517 0
-2516 0
-2515 0
-2514 0
-2513 0
-2512 0
-2511 0
-2510 0
-2509 0
-2508 0
-2507 0
-2506 0
-2505 0
-2504 0
-2503 0
-2502 1
-2501 0
-2500 0
-2499 0
-2498 0
-2497 0
-2496 0
-2495 0
-2494 0
-2493 0
-2492 0
-2491 0
-2490 0
-2489 0
-2488 0
-2487 0
-2486 0
-2485 0
-2484 0
-2483 0
-2482 0
-2481 0
-2480 0
-2479 0
-2478 0
-2477 0
-2476 0
-2475 0
-2474 0
-2473 0
-2472 0
-2471 0
-2470 0
-2469 0
-2468 0
-2467 0
-2466 0
-2465 0
-2464 0
-2463 0
-2462 0
-2461 0
-2460 1
-2459 0
-2458 0
-2457 0
-2456 0
-2455 0
-2454 0
-2453 0
-2452 0
-2451 0
-2450 1
-2449 0
-2448 0
-2447 0
-2446 0
-2445 0
-2444 0
-2443 0
-2442 0
-2441 0
-2440 1
-2439 0
-2438 0
-2437 0
-2436 0
-2435 0
-2434 0
-2433 1
-2432 0
-2431 0
-2430 0
-2429 0
-2428 0
-2427 0
-2426 1
-2425 0
-2424 0
-2423 0
-2422 0
-2421 2
-2420 0
-2419 0
-2418 0
-2417 1
-2416 0
-2415 0
-2414 0
-2413 0
-2412 0
-2411 1
-2410 0
-2409 0
-2408 0
-2407 0
-2406 1
-2405 0
-2404 0
-2403 3
-2402 0
-2401 0
-2400 1
-2399 1
-2398 0
-2397 0
-2396 1
-2395 0
-2394 0
-2393 0
-2392 1
-2391 2
-2390 1
-2389 1
-2388 1
-2387 1
-2386 2
-2385 1
-2384 1
-2383 3
-2382 1
-2381 1
-2380 2
-2379 0
-2378 0
-2377 0
-2376 0
-2375 0
-2374 0
-2373 0
-2372 0
-2371 2
-2370 1
-2369 2
-2368 0
-2367 1
-2366 1
-2365 0
-2364 1
-2363 2
-2362 1
-2361 2
-2360 0
-2359 0
-2358 2
-2357 2
-2356 1
-2355 1
-2354 2
-2353 2
-2352 0
-2351 1
-2350 2
-2349 0
-2348 2
-2347 1
-2346 2
-2345 0
-2344 2
-2343 4
-2342 0
-2341 8
-2340 2
-2339 0
-2338 0
-2337 4
-2336 0
-2335 1
-2334 2
-2333 0
-2332 0
-2331 1
-2330 3
-2329 3
-2328 3
-2327 2
-2326 1
-2325 0
-2324 1
-2323 2
-2322 0
-2321 4
-2320 3
-2319 0
-2318 0
-2317 2
-2316 1
-2315 2
-2314 3
-2313 4
-2312 3
-2311 2
-2310 2
-2309 1
-2308 1
-2307 2
-2306 2
-2305 6
-2304 1
-2303 1
-2302 7
-2301 1
-2300 3
-2299 3
-2298 1
-2297 3
-2296 2
-2295 1
-2294 3
-2293 3
-2292 4
-2291 4
-2290 5
-2289 1
-2288 4
-2287 3
-2286 2
-2285 4
-2284 2
-2283 5
-2282 6
-2281 2
-2280 6
-2279 1
-2278 2
-2277 1
-2276 1
-2275 1
-2274 3
-2273 7
-2272 2
-2271 3
-2270 4
-2269 7
-2268 7
-2267 5
-2266 4
-2265 1
-2264 4
-2263 5
-2262 5
-2261 5
-2260 4
-2259 2
-2258 1
-2257 9
-2256 5
-2255 9
-2254 7
-2253 6
-2252 7
-2251 7
-2250 5
-2249 4
-2248 3
-2247 2
-2246 6
-2245 7
-2244 7
-2243 13
-2242 9
-2241 10
-2240 10
-2239 5
-2238 8
-2237 6
-2236 5
-2235 5
-2234 10
-2233 6
-2232 8
-2231 12
-2230 8
-2229 7
-2228 3
-2227 6
-2226 5
-2225 13
-2224 6
-2223 6
-2222 7
-2221 5
-2220 2
-2219 3
-2218 5
-2217 9
-2216 7
-2215 11
-2214 9
-2213 7
-2212 7
-2211 7
-2210 7
-2209 7
-2208 12
-2207 7
-2206 10
-2205 8
-2204 4
-2203 17
-2202 14
-2201 10
-2200 6
-2199 7
-2198 10
-2197 9
-2196 11
-2195 13
-2194 7
-2193 8
-2192 14
-2191 14
-2190 9
-2189 19
-2188 11
-2187 10
-2186 11
-2185 8
-2184 9
-2183 11
-2182 10
-2181 12
-2180 12
-2179 13
-2178 10
-2177 19
-2176 9
-2175 18
-2174 11
-2173 16
-2172 19
-2171 13
-2170 16
-2169 16
-2168 10
-2167 18
-2166 8
-2165 12
-2164 10
-2163 16
-2162 19
-2161 9
-2160 12
-2159 10
-2158 17
-2157 11
-2156 12
-2155 14
-2154 10
-2153 10
-2152 9
-2151 12
-2150 15
-2149 18
-2148 15
-2147 8
-2146 19
-2145 17
-2144 9
-2143 13
-2142 18
-2141 17
-2140 13
-2139 11
-2138 12
-2137 21
-2136 29
-2135 10
-2134 17
-2133 25
-2132 8
-2131 26
-2130 10
-2129 18
-2128 21
-2127 22
-2126 18
-2125 15
-2124 19
-2123 24
-2122 26
-2121 20
-2120 14
-2119 21
-2118 13
-2117 24
-2116 26
-2115 22
-2114 27
-2113 17
-2112 32
-2111 19
-2110 20
-2109 25
-2108 22
-2107 18
-2106 13
-2105 22
-2104 21
-2103 25
-2102 19
-2101 25
-2100 13
-2099 24
-2098 15
-2097 17
-2096 29
-2095 26
-2094 26
-2093 25
-2092 20
-2091 25
-2090 34
-2089 25
-2088 24
-2087 19
-2086 33
-2085 20
-2084 31
-2083 24
-2082 24
-2081 18
-2080 37
-2079 24
-2078 28
-2077 18
-2076 15
-2075 28
-2074 33
-2073 31
-2072 40
-2071 41
-2070 23
-2069 28
-2068 35
-2067 31
-2066 33
-2065 28
-2064 36
-2063 18
-2062 25
-2061 21
-2060 39
-2059 28
-2058 26
-2057 39
-2056 32
-2055 24
-2054 30
-2053 35
-2052 35
-2051 27
-2050 40
-2049 22
-2048 37
-2047 27
-2046 32
-2045 33
-2044 24
-2043 34
-2042 31
-2041 33
-2040 31
-2039 29
-2038 27
-2037 36
-2036 40
-2035 37
-2034 30
-2033 34
-2032 36
-2031 33
-2030 31
-2029 39
-2028 29
-2027 33
-2026 36
-2025 36
-2024 25
-2023 43
-2022 37
-2021 41
-2020 43
-2019 46
-2018 50
-2017 36
-2016 24
-2015 38
-2014 45
-2013 52
-2012 41
-2011 51
-2010 36
-2009 46
-2008 39
-2007 40
-2006 50
-2005 35
-2004 39
-2003 39
-2002 39
-2001 35
-2000 45
-1999 27
-1998 30
-1997 43
-1996 42
-1995 36
-1994 34
-1993 53
-1992 41
-1991 36
-1990 55
-1989 38
-1988 42
-1987 38
-1986 52
-1985 37
-1984 48
-1983 44
-1982 50
-1981 50
-1980 37
-1979 38
-1978 44
-1977 36
-1976 52
-1975 54
-1974 40
-1973 49
-1972 56
-1971 54
-1970 61
-1969 52
-1968 53
-1967 55
-1966 45
-1965 48
-1964 50
-1963 48
-1962 55
-1961 60
-1960 48
-1959 51
-1958 54
-1957 51
-1956 62
-1955 45
-1954 63
-1953 43
-1952 48
-1951 55
-1950 58
-1949 67
-1948 54
-1947 56
-1946 44
-1945 38
-1944 54
-1943 51
-1942 67
-1941 58
-1940 64
-1939 57
-1938 51
-1937 69
-1936 51
-1935 66
-1934 63
-1933 49
-1932 61
-1931 62
-1930 49
-1929 59
-1928 65
-1927 59
-1926 60
-1925 75
-1924 73
-1923 53
-1922 51
-1921 57
-1920 60
-1919 55
-1918 64
-1917 57
-1916 47
-1915 80
-1914 47
-1913 62
-1912 51
-1911 62
-1910 51
-1909 55
-1908 55
-1907 64
-1906 74
-1905 71
-1904 56
-1903 58
-1902 61
-1901 68
-1900 57
-1899 74
-1898 75
-1897 58
-1896 57
-1895 65
-1894 67
-1893 60
-1892 76
-1891 63
-1890 68
-1889 59
-1888 72
-1887 60
-1886 76
-1885 71
-1884 71
-1883 57
-1882 65
-1881 65
-1880 70
-1879 54
-1878 75
-1877 59
-1876 66
-1875 68
-1874 72
-1873 76
-1872 83
-1871 64
-1870 78
-1869 66
-1868 85
-1867 66
-1866 71
-1865 81
-1864 52
-1863 70
-1862 70
-1861 74
-1860 63
-1859 72
-1858 76
-1857 88
-1856 102
-1855 78
-1854 86
-1853 85
-1852 61
-1851 88
-1850 75
-1849 88
-1848 87
-1847 86
-1846 70
-1845 93
-1844 77
-1843 88
-1842 82
-1841 73
-1840 74
-1839 89
-1838 74
-1837 87
-1836 71
-1835 87
-1834 85
-1833 72
-1832 80
-1831 67
-1830 70
-1829 81
-1828 94
-1827 89
-1826 87
-1825 76
-1824 75
-1823 99
-1822 78
-1821 79
-1820 92
-1819 113
-1818 89
-1817 79
-1816 89
-1815 106
-1814 80
-1813 82
-1812 87
-1811 85
-1810 90
-1809 89
-1808 71
-1807 90
-1806 100
-1805 88
-1804 94
-1803 96
-1802 88
-1801 88
-1800 99
-1799 97
-1798 96
-1797 97
-1796 106
-1795 103
-1794 91
-1793 99
-1792 102
-1791 91
-1790 81
-1789 98
-1788 108
-1787 95
-1786 97
-1785 109
-1784 109
-1783 86
-1782 87
-1781 91
-1780 99
-1779 101
-1778 95
-1777 88
-1776 83
-1775 110
-1774 98
-1773 79
-1772 100
-1771 92
-1770 106
-1769 105
-1768 105
-1767 87
-1766 100
-1765 104
-1764 122
-1763 91
-1762 93
-1761 102
-1760 93
-1759 93
-1758 91
-1757 104
-1756 103
-1755 101
-1754 100
-1753 109
-1752 94
-1751 100
-1750 131
-1749 111
-1748 92
-1747 109
-1746 100
-1745 100
-1744 115
-1743 108
-1742 101
-1741 108
-1740 99
-1739 104
-1738 101
-1737 116
-1736 99
-1735 127
-1734 114
-1733 122
-1732 88
-1731 126
-1730 104
-1729 116
-1728 121
-1727 132
-1726 110
-1725 118
-1724 120
-1723 110
-1722 113
-1721 114
-1720 99
-1719 112
-1718 88
-1717 126
-1716 121
-1715 117
-1714 116
-1713 107
-1712 124
-1711 105
-1710 121
-1709 133
-1708 141
-1707 121
-1706 133
-1705 135
-1704 106
-1703 115
-1702 135
-1701 124
-1700 115
-1699 125
-1698 131
-1697 130
-1696 124
-1695 123
-1694 136
-1693 137
-1692 140
-1691 125
-1690 136
-1689 106
-1688 138
-1687 123
-1686 136
-1685 140
-1684 146
-1683 129
-1682 117
-1681 137
-1680 130
-1679 148
-1678 130
-1677 132
-1676 113
-1675 135
-1674 133
-1673 131
-1672 157
-1671 145
-1670 141
-1669 103
-1668 130
-1667 129
-1666 136
-1665 132
-1664 128
-1663 138
-1662 117
-1661 121
-1660 143
-1659 125
-1658 140
-1657 126
-1656 130
-1655 137
-1654 149
-1653 138
-1652 151
-1651 125
-1650 152
-1649 140
-1648 114
-1647 137
-1646 148
-1645 141
-1644 133
-1643 154
-1642 130
-1641 132
-1640 136
-1639 124
-1638 160
-1637 135
-1636 138
-1635 138
-1634 150
-1633 160
-1632 147
-1631 174
-1630 154
-1629 134
-1628 143
-1627 155
-1626 138
-1625 129
-1624 135
-1623 123
-1622 138
-1621 131
-1620 123
-1619 132
-1618 149
-1617 149
-1616 131
-1615 131
-1614 139
-1613 133
-1612 142
-1611 141
-1610 170
-1609 164
-1608 155
-1607 149
-1606 149
-1605 168
-1604 157
-1603 160
-1602 164
-1601 136
-1600 160
-1599 153
-1598 156
-1597 171
-1596 167
-1595 159
-1594 154
-1593 151
-1592 146
-1591 128
-1590 174
-1589 168
-1588 155
-1587 171
-1586 156
-1585 161
-1584 140
-1583 185
-1582 168
-1581 198
-1580 157
-1579 166
-1578 156
-1577 176
-1576 164
-1575 162
-1574 167
-1573 150
-1572 173
-1571 176
-1570 182
-1569 159
-1568 151
-1567 124
-1566 141
-1565 159
-1564 178
-1563 171
-1562 155
-1561 172
-1560 156
-1559 174
-1558 155
-1557 163
-1556 181
-1555 154
-1554 153
-1553 173
-1552 179
-1551 176
-1550 172
-1549 170
-1548 167
-1547 176
-1546 163
-1545 184
-1544 179
-1543 170
-1542 155
-1541 190
-1540 191
-1539 153
-1538 158
-1537 174
-1536 178
-1535 178
-1534 155
-1533 176
-1532 183
-1531 191
-1530 182
-1529 160
-1528 182
-1527 197
-1526 180
-1525 175
-1524 187
-1523 189
-1522 163
-1521 206
-1520 165
-1519 185
-1518 188
-1517 180
-1516 200
-1515 185
-1514 171
-1513 173
-1512 190
-1511 185
-1510 167
-1509 173
-1508 180
-1507 201
-1506 200
-1505 196
-1504 178
-1503 195
-1502 185
-1501 193
-1500 205
-1499 198
-1498 176
-1497 168
-1496 192
-1495 174
-1494 181
-1493 189
-1492 228
-1491 191
-1490 201
-1489 200
-1488 197
-1487 201
-1486 191
-1485 192
-1484 209
-1483 192
-1482 182
-1481 201
-1480 192
-1479 196
-1478 196
-1477 201
-1476 168
-1475 203
-1474 209
-1473 232
-1472 196
-1471 190
-1470 204
-1469 199
-1468 207
-1467 197
-1466 237
-1465 221
-1464 179
-1463 193
-1462 215
-1461 202
-1460 221
-1459 208
-1458 210
-1457 216
-1456 219
-1455 224
-1454 204
-1453 241
-1452 207
-1451 189
-1450 204
-1449 228
-1448 193
-1447 215
-1446 238
-1445 207
-1444 183
-1443 211
-1442 224
-1441 231
-1440 199
-1439 220
-1438 211
-1437 225
-1436 235
-1435 213
-1434 217
-1433 231
-1432 207
-1431 189
-1430 221
-1429 203
-1428 215
-1427 194
-1426 202
-1425 235
-1424 221
-1423 228
-1422 213
-1421 237
-1420 210
-1419 228
-1418 191
-1417 218
-1416 213
-1415 215
-1414 241
-1413 227
-1412 201
-1411 240
-1410 226
-1409 221
-1408 246
-1407 221
-1406 236
-1405 240
-1404 218
-1403 246
-1402 213
-1401 215
-1400 252
-1399 194
-1398 210
-1397 205
-1396 225
-1395 247
-1394 256
-1393 245
-1392 228
-1391 217
-1390 216
-1389 245
-1388 233
-1387 233
-1386 233
-1385 245
-1384 261
-1383 223
-1382 228
-1381 241
-1380 243
-1379 193
-1378 277
-1377 235
-1376 236
-1375 241
-1374 242
-1373 240
-1372 230
-1371 245
-1370 258
-1369 241
-1368 253
-1367 207
-1366 261
-1365 243
-1364 222
-1363 223
-1362 236
-1361 248
-1360 262
-1359 251
-1358 247
-1357 228
-1356 237
-1355 228
-1354 231
-1353 268
-1352 241
-1351 232
-1350 256
-1349 269
-1348 261
-1347 267
-1346 261
-1345 268
-1344 263
-1343 256
-1342 265
-1341 274
-1340 251
-1339 259
-1338 269
-1337 255
-1336 265
-1335 249
-1334 255
-1333 234
-1332 307
-1331 278
-1330 274
-1329 263
-1328 238
-1327 192
-1326 257
-1325 264
-1324 241
-1323 275
-1322 253
-1321 286
-1320 249
-1319 242
-1318 233
-1317 260
-1316 296
-1315 250
-1314 286
-1313 262
-1312 271
-1311 276
-1310 259
-1309 261
-1308 245
-1307 268
-1306 268
-1305 269
-1304 294
-1303 274
-1302 250
-1301 279
-1300 255
-1299 278
-1298 270
-1297 275
-1296 236
-1295 289
-1294 289
-1293 283
-1292 282
-1291 246
-1290 267
-1289 290
-1288 281
-1287 266
-1286 307
-1285 272
-1284 269
-1283 302
-1282 297
-1281 295
-1280 266
-1279 283
-1278 287
-1277 261
-1276 287
-1275 316
-1274 279
-1273 310
-1272 298
-1271 257
-1270 279
-1269 285
-1268 307
-1267 263
-1266 302
-1265 271
-1264 304
-1263 313
-1262 286
-1261 279
-1260 309
-1259 283
-1258 317
-1257 282
-1256 269
-1255 300
-1254 267
-1253 304
-1252 313
-1251 287
-1250 298
-1249 294
-1248 321
-1247 294
-1246 291
-1245 300
-1244 328
-1243 292
-1242 302
-1241 299
-1240 320
-1239 324
-1238 297
-1237 283
-1236 311
-1235 296
-1234 356
-1233 298
-1232 308
-1231 289
-1230 288
-1229 306
-1228 327
-1227 301
-1226 332
-1225 319
-1224 333
-1223 308
-1222 297
-1221 315
-1220 300
-1219 333
-1218 322
-1217 303
-1216 276
-1215 308
-1214 308
-1213 306
-1212 330
-1211 334
-1210 338
-1209 302
-1208 336
-1207 326
-1206 285
-1205 307
-1204 349
-1203 308
-1202 373
-1201 378
-1200 295
-1199 377
-1198 319
-1197 352
-1196 332
-1195 340
-1194 362
-1193 307
-1192 328
-1191 341
-1190 354
-1189 300
-1188 361
-1187 334
-1186 312
-1185 326
-1184 354
-1183 351
-1182 324
-1181 334
-1180 333
-1179 351
-1178 347
-1177 325
-1176 344
-1175 344
-1174 344
-1173 358
-1172 358
-1171 327
-1170 318
-1169 285
-1168 340
-1167 369
-1166 339
-1165 342
-1164 346
-1163 384
-1162 365
-1161 393
-1160 309
-1159 359
-1158 322
-1157 350
-1156 369
-1155 371
-1154 385
-1153 331
-1152 370
-1151 378
-1150 303
-1149 345
-1148 366
-1147 353
-1146 383
-1145 377
-1144 364
-1143 364
-1142 359
-1141 357
-1140 362
-1139 358
-1138 360
-1137 406
-1136 373
-1135 357
-1134 368
-1133 377
-1132 365
-1131 347
-1130 374
-1129 357
-1128 390
-1127 383
-1126 361
-1125 394
-1124 387
-1123 358
-1122 386
-1121 389
-1120 365
-1119 355
-1118 368
-1117 411
-1116 378
-1115 362
-1114 393
-1113 322
-1112 364
-1111 357
-1110 391
-1109 412
-1108 388
-1107 411
-1106 412
-1105 356
-1104 356
-1103 385
-1102 341
-1101 386
-1100 431
-1099 402
-1098 370
-1097 404
-1096 371
-1095 421
-1094 401
-1093 406
-1092 424
-1091 385
-1090 395
-1089 414
-1088 414
-1087 408
-1086 391
-1085 428
-1084 407
-1083 421
-1082 419
-1081 417
-1080 419
-1079 386
-1078 435
-1077 399
-1076 408
-1075 408
-1074 426
-1073 425
-1072 404
-1071 384
-1070 442
-1069 417
-1068 415
-1067 432
-1066 427
-1065 460
-1064 449
-1063 410
-1062 413
-1061 394
-1060 441
-1059 411
-1058 420
-1057 475
-1056 424
-1055 413
-1054 437
-1053 433
-1052 434
-1051 441
-1050 391
-1049 411
-1048 395
-1047 372
-1046 394
-1045 439
-1044 452
-1043 425
-1042 456
-1041 467
-1040 426
-1039 453
-1038 444
-1037 437
-1036 433
-1035 488
-1034 462
-1033 460
-1032 481
-1031 418
-1030 445
-1029 454
-1028 505
-1027 463
-1026 484
-1025 476
-1024 487
-1023 436
-1022 479
-1021 444
-1020 450
-1019 467
-1018 496
-1017 446
-1016 442
-1015 464
-1014 443
-1013 489
-1012 450
-1011 466
-1010 487
-1009 434
-1008 433
-1007 471
-1006 503
-1005 460
-1004 468
-1003 486
-1002 512
-1001 452
-1000 512
-999 464
-998 483
-997 445
-996 490
-995 477
-994 480
-993 461
-992 476
-991 473
-990 498
-989 491
-988 503
-987 492
-986 506
-985 507
-984 511
-983 474
-982 503
-981 499
-980 517
-979 486
-978 518
-977 518
-976 493
-975 484
-974 495
-973 523
-972 496
-971 505
-970 520
-969 498
-968 511
-967 468
-966 527
-965 509
-964 478
-963 521
-962 493
-961 506
-960 565
-959 499
-958 558
-957 555
-956 531
-955 521
-954 512
-953 544
-952 500
-951 523
-950 526
-949 516
-948 518
-947 531
-946 561
-945 549
-944 541
-943 495
-942 540
-941 565
-940 486
-939 529
-938 543
-937 526
-936 513
-935 549
-934 502
-933 563
-932 554
-931 560
-930 551
-929 568
-928 538
-927 581
-926 534
-925 545
-924 532
-923 530
-922 564
-921 559
-920 554
-919 596
-918 534
-917 603
-916 583
-915 585
-914 521
-913 582
-912 544
-911 582
-910 548
-909 563
-908 568
-907 571
-906 550
-905 577
-904 609
-903 586
-902 580
-901 538
-900 563
-899 597
-898 583
-897 556
-896 540
-895 597
-894 571
-893 590
-892 621
-891 607
-890 584
-889 550
-888 588
-887 619
-886 636
-885 595
-884 605
-883 638
-882 600
-881 624
-880 667
-879 614
-878 579
-877 637
-876 565
-875 627
-874 610
-873 613
-872 638
-871 613
-870 599
-869 589
-868 597
-867 658
-866 601
-865 630
-864 619
-863 590
-862 634
-861 582
-860 605
-859 633
-858 595
-857 604
-856 643
-855 690
-854 654
-853 617
-852 596
-851 678
-850 648
-849 641
-848 664
-847 628
-846 621
-845 576
-844 601
-843 645
-842 644
-841 650
-840 643
-839 658
-838 660
-837 648
-836 647
-835 648
-834 674
-833 670
-832 626
-831 669
-830 700
-829 705
-828 649
-827 627
-826 668
-825 673
-824 640
-823 689
-822 680
-821 696
-820 687
-819 689
-818 678
-817 646
-816 686
-815 718
-814 716
-813 673
-812 665
-811 695
-810 697
-809 628
-808 706
-807 641
-806 673
-805 683
-804 725
-803 666
-802 734
-801 726
-800 722
-799 688
-798 720
-797 701
-796 662
-795 668
-794 658
-793 701
-792 731
-791 741
-790 702
-789 762
-788 738
-787 738
-786 733
-785 734
-784 727
-783 749
-782 726
-781 730
-780 724
-779 706
-778 749
-777 771
-776 741
-775 759
-774 751
-773 782
-772 784
-771 737
-770 762
-769 747
-768 754
-767 747
-766 757
-765 724
-764 784
-763 802
-762 773
-761 814
-760 844
-759 751
-758 755
-757 791
-756 759
-755 682
-754 738
-753 804
-752 785
-751 770
-750 797
-749 847
-748 766
-747 784
-746 766
-745 747
-744 768
-743 789
-742 823
-741 794
-740 820
-739 800
-738 860
-737 807
-736 815
-735 870
-734 849
-733 835
-732 796
-731 808
-730 823
-729 909
-728 845
-727 798
-726 829
-725 853
-724 853
-723 841
-722 823
-721 883
-720 853
-719 820
-718 850
-717 799
-716 888
-715 812
-714 858
-713 847
-712 859
-711 894
-710 845
-709 849
-708 844
-707 894
-706 855
-705 887
-704 821
-703 875
-702 879
-701 920
-700 850
-699 869
-698 940
-697 870
-696 899
-695 866
-694 880
-693 919
-692 894
-691 913
-690 907
-689 881
-688 946
-687 904
-686 899
-685 943
-684 918
-683 880
-682 898
-681 906
-680 939
-679 903
-678 952
-677 916
-676 928
-675 928
-674 940
-673 900
-672 941
-671 915
-670 980
-669 946
-668 924
-667 930
-666 929
-665 955
-664 919
-663 987
-662 933
-661 903
-660 976
-659 967
-658 982
-657 1017
-656 952
-655 936
-654 969
-653 1041
-652 1011
-651 948
-650 989
-649 1047
-648 997
-647 993
-646 1010
-645 956
-644 972
-643 988
-642 1049
-641 1081
-640 1043
-639 988
-638 1032
-637 1031
-636 1021
-635 1018
-634 1087
-633 1073
-632 1030
-631 1025
-630 1066
-629 1090
-628 1035
-627 1021
-626 996
-625 1039
-624 1046
-623 1047
-622 1083
-621 1090
-620 1084
-619 1065
-618 1055
-617 1020
-616 1099
-615 1057
-614 1052
-613 1071
-612 1075
-611 1089
-610 1098
-609 1121
-608 1085
-607 1094
-606 1010
-605 1055
-604 1076
-603 1153
-602 1096
-601 1128
-600 1149
-599 1147
-598 1129
-597 1133
-596 1105
-595 1152
-594 1114
-593 1137
-592 1089
-591 1163
-590 1200
-589 1075
-588 1107
-587 1205
-586 1128
-585 1202
-584 1224
-583 1209
-582 1198
-581 1176
-580 1179
-579 1152
-578 1172
-577 1206
-576 1094
-575 1188
-574 1183
-573 1292
-572 1242
-571 1217
-570 1179
-569 1232
-568 1271
-567 1228
-566 1244
-565 1257
-564 1232
-563 1234
-562 1222
-561 1216
-560 1336
-559 1201
-558 1226
-557 1286
-556 1254
-555 1269
-554 1289
-553 1274
-552 1256
-551 1260
-550 1288
-549 1278
-548 1298
-547 1341
-546 1329
-545 1241
-544 1260
-543 1304
-542 1337
-541 1312
-540 1308
-539 1270
-538 1269
-537 1320
-536 1388
-535 1345
-534 1360
-533 1393
-532 1369
-531 1422
-530 1367
-529 1348
-528 1385
-527 1355
-526 1374
-525 1388
-524 1404
-523 1387
-522 1385
-521 1330
-520 1373
-519 1393
-518 1360
-517 1429
-516 1444
-515 1320
-514 1420
-513 1449
-512 1382
-511 1429
-510 1493
-509 1416
-508 1404
-507 1418
-506 1454
-505 1445
-504 1488
-503 1495
-502 1411
-501 1454
-500 1492
-499 1376
-498 1513
-497 1465
-496 1465
-495 1523
-494 1474
-493 1451
-492 1556
-491 1492
-490 1490
-489 1559
-488 1496
-487 1497
-486 1574
-485 1497
-484 1622
-483 1594
-482 1541
-481 1571
-480 1594
-479 1536
-478 1583
-477 1587
-476 1577
-475 1673
-474 1593
-473 1649
-472 1672
-471 1655
-470 1683
-469 1691
-468 1655
-467 1643
-466 1592
-465 1629
-464 1620
-463 1660
-462 1676
-461 1743
-460 1691
-459 1692
-458 1650
-457 1744
-456 1696
-455 1720
-454 1770
-453 1734
-452 1692
-451 1779
-450 1793
-449 1702
-448 1781
-447 1813
-446 1778
-445 1686
-444 1795
-443 1824
-442 1710
-441 1773
-440 1830
-439 1754
-438 1831
-437 1828
-436 1885
-435 1772
-434 1884
-433 1840
-432 1883
-431 1841
-430 1910
-429 1911
-428 1872
-427 1868
-426 1931
-425 1898
-424 1904
-423 1903
-422 1972
-421 1929
-420 1980
-419 1902
-418 1891
-417 1963
-416 1911
-415 1963
-414 1938
-413 2057
-412 1948
-411 1996
-410 2113
-409 2024
-408 2052
-407 1984
-406 2076
-405 2080
-404 2022
-403 2026
-402 2029
-401 2154
-400 2094
-399 2092
-398 2153
-397 2120
-396 2109
-395 2114
-394 2209
-393 2192
-392 2138
-391 2152
-390 2258
-389 2250
-388 2197
-387 2195
-386 2294
-385 2224
-384 2265
-383 2301
-382 2254
-381 2226
-380 2272
-379 2280
-378 2288
-377 2330
-376 2224
-375 2357
-374 2296
-373 2369
-372 2365
-371 2437
-370 2293
-369 2467
-368 2347
-367 2408
-366 2348
-365 2395
-364 2478
-363 2399
-362 2406
-361 2428
-360 2489
-359 2432
-358 2456
-357 2464
-356 2449
-355 2454
-354 2531
-353 2481
-352 2566
-351 2505
-350 2535
-349 2645
-348 2571
-347 2586
-346 2718
-345 2639
-344 2597
-343 2701
-342 2729
-341 2661
-340 2656
-339 2652
-338 2549
-337 2664
-336 2803
-335 2776
-334 2790
-333 2781
-332 2855
-331 2797
-330 2796
-329 2851
-328 2827
-327 2870
-326 2861
-325 2746
-324 2907
-323 2881
-322 2877
-321 2915
-320 2843
-319 2966
-318 3005
-317 2956
-316 2929
-315 3011
-314 3012
-313 3038
-312 3085
-311 2922
-310 3004
-309 3033
-308 3146
-307 3140
-306 3110
-305 3104
-304 3143
-303 3141
-302 3139
-301 3219
-300 3173
-299 3321
-298 3367
-297 3292
-296 3338
-295 3328
-294 3283
-293 3342
-292 3291
-291 3401
-290 3399
-289 3502
-288 3438
-287 3441
-286 3479
-285 3452
-284 3582
-283 3563
-282 3496
-281 3455
-280 3433
-279 3636
-278 3577
-277 3543
-276 3593
-275 3669
-274 3772
-273 3679
-272 3867
-271 3810
-270 3858
-269 3816
-268 3892
-267 3993
-266 3893
-265 3922
-264 3969
-263 4022
-262 3937
-261 3983
-260 4098
-259 4125
-258 4053
-257 4135
-256 4102
-255 4042
-254 4267
-253 4124
-252 4232
-251 4202
-250 4302
-249 4296
-248 4337
-247 4437
-246 4377
-245 4343
-244 4509
-243 4452
-242 4522
-241 4508
-240 4526
-239 4631
-238 4607
-237 4678
-236 4589
-235 4663
-234 4759
-233 4802
-232 4778
-231 4862
-230 4676
-229 5010
-228 4956
-227 4961
-226 4930
-225 5044
-224 5077
-223 5148
-222 5214
-221 5107
-220 5274
-219 5406
-218 5177
-217 5165
-216 5347
-215 5387
-214 5381
-213 5429
-212 5573
-211 5560
-210 5739
-209 5463
-208 5638
-207 5710
-206 5733
-205 5726
-204 5910
-203 5973
-202 5938
-201 5873
-200 6039
-199 6129
-198 6230
-197 6215
-196 6192
-195 6300
-194 6263
-193 6420
-192 6528
-191 6467
-190 6478
-189 6749
-188 6413
-187 6617
-186 6652
-185 6902
-184 6878
-183 6807
-182 7017
-181 6984
-180 7289
-179 7131
-178 7091
-177 7148
-176 7222
-175 7216
-174 7436
-173 7571
-172 7457
-171 7584
-170 7842
-169 7768
-168 7867
-167 7934
-166 8026
-165 7914
-164 8150
-163 8386
-162 8325
-161 8331
-160 8461
-159 8712
-158 8559
-157 8783
-156 8874
-155 8969
-154 8859
-153 8961
-152 9190
-151 9230
-150 9349
-149 9532
-148 9481
-147 9818
-146 9809
-145 9816
-144 10123
-143 9890
-142 10039
-141 10324
-140 10108
-139 10460
-138 10562
-137 10719
-136 10738
-135 11045
-134 10976
-133 11283
-132 11507
-131 11609
-130 11711
-129 11812
-128 11736
-127 12134
-126 12112
-125 12299
-124 12371
-123 12859
-122 12760
-121 13040
-120 13071
-119 13425
-118 13299
-117 13711
-116 13823
-115 14120
-114 14255
-113 14142
-112 14421
-111 14816
-110 15009
-109 15194
-108 15388
-107 15619
-106 15699
-105 16079
-104 16454
-103 16528
-102 16599
-101 17008
-100 17253
-99 17765
-98 18009
-97 18013
-96 18606
-95 18642
-94 18899
-93 19223
-92 19790
-91 19857
-90 20258
-89 20584
-88 21161
-87 21393
-86 21774
-85 21980
-84 22743
-83 23129
-82 23588
-81 23874
-80 24405
-79 24660
-78 25420
-77 26184
-76 25918
-75 26921
-74 27176
-73 28079
-72 28928
-71 29410
-70 30131
-69 30709
-68 31406
-67 31881
-66 32725
-65 33453
-64 34071
-63 35022
-62 36214
-61 37027
-60 37479
-59 38819
-58 39761
-57 40855
-56 42035
-55 43153
-54 44308
-53 45796
-52 47142
-51 48736
-50 50335
-49 51489
-48 53531
-47 55084
-46 56979
-45 58681
-44 61006
-43 63238
-42 65896
-41 68140
-40 70831
-39 73390
-38 77003
-37 79994
-36 83795
-35 87013
-34 91046
-33 95427
-32 99998
-31 105488
-30 110422
-29 116370
-28 123647
-27 130128
-26 137752
-25 146786
-24 156922
-23 167027
-22 179157
-21 192309
-20 208504
-19 225073
-18 245439
-17 270251
-16 296609
-15 328259
-14 367524
-13 414243
-12 469651
-11 540980
-10 632412
-9 751540
-8 915323
-7 1144920
-6 1492159
-5 2058722
-4 3101003
-3 5498923
-2 14771231
-1 138814555
0 751198001
1 142976832
2 11839927
3 4764584
4 2868570
5 1955172
6 1440409
7 1114405
8 896098
9 737991
10 623338
11 533833
12 466448
13 409848
14 364530
15 325730
16 294480
17 267471
18 244661
19 224482
20 207345
21 191869
22 178769
23 166196
24 156168
25 145972
26 137779
27 129726
28 122924
29 115823
30 110352
31 104821
32 99904
33 95612
34 90853
35 86861
36 83914
37 79270
38 76479
39 73202
40 71053
41 68107
42 65472
43 63441
44 60889
45 58607
46 56704
47 55025
48 53134
49 51859
50 50165
51 48366
52 47240
53 45686
54 44279
55 43174
56 42030
57 40797
58 39919
59 38764
60 37298
61 36999
62 36298
63 35400
64 33959
65 33277
66 32444
67 31642
68 31278
69 30623
70 29789
71 29311
72 28763
73 27962
74 27503
75 26932
76 26336
77 25813
78 25374
79 24918
80 24287
81 23925
82 23612
83 23211
84 22667
85 22115
86 21801
87 21686
88 21008
89 20718
90 20256
91 19794
92 19413
93 19295
94 18975
95 18747
96 18436
97 18200
98 17953
99 17660
100 17560
101 16718
102 16773
103 16766
104 16183
105 16218
106 16049
107 15313
108 15195
109 15330
110 15104
111 14596
112 14547
113 14386
114 14000
115 14238
116 13816
117 13477
118 13496
119 13223
120 13098
121 13059
122 12856
123 12645
124 12648
125 12391
126 11962
127 12141
128 11740
129 11730
130 11659
131 11368
132 11226
133 11154
134 11150
135 10852
136 10856
137 10805
138 10382
139 10495
140 10131
141 10238
142 10055
143 9849
144 10077
145 9992
146 9771
147 9460
148 9444
149 9461
150 9208
151 9224
152 9137
153 9074
154 8864
155 8920
156 8893
157 8684
158 8740
159 8640
160 8474
161 8416
162 8185
163 8361
164 8071
165 8083
166 7932
167 7967
168 7948
169 7756
170 7656
171 7672
172 7569
173 7575
174 7495
175 7597
176 7239
177 7030
178 7051
179 7170
180 7046
181 6910
182 6906
183 6952
184 6897
185 6871
186 6788
187 6526
188 6677
189 6483
190 6596
191 6462
192 6428
193 6448
194 6325
195 6304
196 6220
197 6042
198 6146
199 5999
200 5957
201 5988
202 5906
203 5823
204 5765
205 5808
206 5676
207 5663
208 5663
209 5711
210 5679
211 5531
212 5587
213 5459
214 5387
215 5403
216 5305
217 5372
218 5249
219 5232
220 5234
221 5174
222 5154
223 5066
224 5100
225 5038
226 5006
227 4922
228 4993
229 4860
230 4824
231 4853
232 4853
233 4763
234 4697
235 4614
236 4616
237 4677
238 4625
239 4645
240 4604
241 4654
242 4601
243 4480
244 4495
245 4393
246 4321
247 4475
248 4422
249 4441
250 4338
251 4207
252 4248
253 4151
254 4228
255 4142
256 4062
257 4128
258 4020
259 4100
260 4034
261 4084
262 3989
263 3901
264 3960
265 3932
266 3895
267 3939
268 3910
269 3864
270 3789
271 3748
272 3703
273 3646
274 3672
275 3814
276 3576
277 3601
278 3571
279 3638
280 3647
281 3618
282 3610
283 3469
284 3437
285 3447
286 3477
287 3560
288 3383
289 3293
290 3443
291 3439
292 3440
293 3309
294 3325
295 3273
296 3329
297 3309
298 3264
299 3214
300 3316
301 3196
302 3101
303 3226
304 3150
305 3047
306 3206
307 3173
308 3113
309 3087
310 3087
311 3078
312 3036
313 3146
314 3039
315 2862
316 2891
317 3037
318 3039
319 2932
320 2940
321 2898
322 2878
323 2869
324 2884
325 2899
326 2880
327 2778
328 2816
329 2811
330 2690
331 2749
332 2764
333 2871
334 2836
335 2729
336 2684
337 2703
338 2670
339 2812
340 2607
341 2601
342 2712
343 2678
344 2662
345 2584
346 2558
347 2594
348 2469
349 2580
350 2622
351 2489
352 2575
353 2508
354 2456
355 2505
356 2456
357 2481
358 2479
359 2440
360 2488
361 2414
362 2380
363 2535
364 2393
365 2385
366 2346
367 2321
368 2340
369 2354
370 2366
371 2391
372 2393
373 2315
374 2382
375 2238
376 2341
377 2272
378 2211
379 2247
380 2301
381 2320
382 2220
383 2293
384 2178
385 2223
386 2166
387 2218
388 2128
389 2185
390 2158
391 2073
392 2205
393 2277
394 2165
395 2091
396 2127
397 2096
398 2122
399 2085
400 2038
401 2058
402 2103
403 2083
404 2054
405 2057
406 2086
407 2012
408 2029
409 1978
410 2015
411 2070
412 2048
413 2003
414 2047
415 1959
416 1918
417 1983
418 1973
419 1932
420 1968
421 1977
422 1938
423 1908
424 1864
425 1927
426 1834
427 1919
428 1891
429 1932
430 1902
431 1785
432 1831
433 1870
434 1817
435 1814
436 1926
437 1799
438 1823
439 1853
440 1864
441 1744
442 1740
443 1803
444 1801
445 1739
446 1710
447 1815
448 1744
449 1731
450 1762
451 1703
452 1666
453 1725
454 1714
455 1699
456 1729
457 1675
458 1704
459 1683
460 1656
461 1678
462 1669
463 1757
464 1608
465 1718
466 1687
467 1668
468 1695
469 1605
470 1536
471 1702
472 1627
473 1581
474 1599
475 1623
476 1575
477 1601
478 1520
479 1600
480 1652
481 1572
482 1514
483 1548
484 1518
485 1540
486 1495
487 1555
488 1571
489 1476
490 1545
491 1623
492 1517
493 1517
494 1489
495 1470
496 1547
497 1478
498 1484
499 1417
500 1417
501 1499
502 1519
503 1487
504 1495
505 1443
506 1420
507 1369
508 1376
509 1452
510 1467
511 1388
512 1433
513 1386
514 1454
515 1449
516 1384
517 1408
518 1348
519 1427
520 1390
521 1307
522 1410
523 1343
524 1403
525 1416
526 1332
527 1393
528 1353
529 1405
530 1361
531 1443
532 1364
533 1322
534 1478
535 1356
536 1344
537 1367
538 1305
539 1317
540 1282
541 1364
542 1334
543 1248
544 1345
545 1279
546 1313
547 1333
548 1293
549 1328
550 1295
551 1256
552 1270
553 1297
554 1244
555 1263
556 1249
557 1291
558 1183
559 1276
560 1187
561 1229
562 1253
563 1233
564 1166
565 1276
566 1224
567 1142
568 1246
569 1156
570 1202
571 1217
572 1202
573 1193
574 1197
575 1192
576 1128
577 1158
578 1169
579 1153
580 1178
581 1190
582 1175
583 1196
584 1186
585 1114
586 1117
587 1206
588 1177
589 1160
590 1155
591 1156
592 1163
593 1200
594 1153
595 1140
596 1119
597 1145
598 1095
599 1182
600 1121
601 1156
602 1101
603 1056
604 1119
605 1058
606 1094
607 1048
608 1142
609 1116
610 1138
611 1066
612 1073
613 1043
614 1036
615 995
616 1087
617 1100
618 1085
619 980
620 1059
621 1038
622 1088
623 1089
624 1051
625 1064
626 1117
627 1046
628 1075
629 1009
630 1018
631 1103
632 1020
633 1044
634 1036
635 994
636 1011
637 1038
638 1000
639 1028
640 1015
641 1025
642 1006
643 1048
644 1021
645 990
646 885
647 1002
648 979
649 1009
650 1027
651 1021
652 1039
653 970
654 955
655 920
656 985
657 983
658 904
659 944
660 943
661 945
662 963
663 930
664 918
665 945
666 926
667 919
668 964
669 961
670 915
671 924
672 912
673 960
674 870
675 1010
676 926
677 904
678 860
679 945
680 936
681 954
682 952
683 899
684 992
685 985
686 889
687 839
688 964
689 913
690 928
691 879
692 841
693 940
694 878
695 888
696 934
697 900
698 885
699 889
700 846
701 869
702 856
703 857
704 890
705 824
706 820
707 829
708 886
709 837
710 892
711 887
712 859
713 904
714 841
715 866
716 815
717 811
718 880
719 852
720 853
721 878
722 883
723 884
724 862
725 824
726 824
727 818
728 830
729 835
730 831
731 837
732 853
733 823
734 799
735 812
736 772
737 826
738 831
739 808
740 796
741 805
742 783
743 747
744 854
745 752
746 768
747 804
748 783
749 781
750 847
751 831
752 812
753 804
754 789
755 774
756 759
757 786
758 769
759 755
760 786
761 703
762 762
763 746
764 746
765 719
766 792
767 753
768 788
769 765
770 765
771 729
772 758
773 756
774 724
775 738
776 749
777 748
778 750
779 788
780 745
781 752
782 691
783 741
784 787
785 663
786 713
787 702
788 718
789 709
790 731
791 757
792 698
793 707
794 727
795 707
796 705
797 698
798 736
799 707
800 721
801 705
802 714
803 704
804 727
805 712
806 700
807 697
808 680
809 746
810 671
811 712
812 738
813 755
814 663
815 702
816 706
817 679
818 688
819 698
820 677
821 723
822 686
823 636
824 720
825 646
826 650
827 653
828 641
829 664
830 657
831 690
832 680
833 648
834 647
835 722
836 621
837 653
838 660
839 647
840 664
841 573
842 639
843 635
844 647
845 660
846 692
847 610
848 646
849 647
850 652
851 683
852 647
853 630
854 624
855 669
856 603
857 587
858 647
859 621
860 602
861 625
862 589
863 610
864 624
865 606
866 661
867 641
868 626
869 614
870 609
871 632
872 626
873 607
874 654
875 554
876 633
877 585
878 562
879 641
880 583
881 639
882 614
883 593
884 618
885 568
886 528
887 567
888 550
889 592
890 613
891 578
892 567
893 593
894 576
895 580
896 559
897 610
898 603
899 613
900 621
901 561
902 616
903 555
904 562
905 627
906 552
907 559
908 534
909 580
910 627
911 577
912 557
913 556
914 555
915 555
916 572
917 566
918 629
919 554
920 606
921 541
922 573
923 562
924 547
925 546
926 500
927 572
928 561
929 555
930 584
931 549
932 504
933 536
934 521
935 537
936 540
937 542
938 564
939 509
940 537
941 508
942 548
943 558
944 514
945 543
946 543
947 540
948 515
949 518
950 473
951 508
952 517
953 495
954 481
955 508
956 488
957 515
958 530
959 577
960 517
961 534
962 546
963 489
964 469
965 537
966 475
967 473
968 529
969 526
970 518
971 553
972 477
973 482
974 503
975 525
976 470
977 502
978 489
979 506
980 541
981 527
982 455
983 501
984 535
985 439
986 463
987 503
988 493
989 520
990 478
991 497
992 462
993 478
994 445
995 457
996 521
997 466
998 461
999 464
1000 463
1001 470
1002 443
1003 469
1004 478
1005 477
1006 448
1007 459
1008 446
1009 492
1010 429
1011 467
1012 481
1013 458
1014 460
1015 439
1016 477
1017 450
1018 499
1019 499
1020 462
1021 449
1022 477
1023 461
1024 476
1025 483
1026 445
1027 429
1028 455
1029 488
1030 456
1031 443
1032 450
1033 467
1034 492
1035 441
1036 450
1037 439
1038 464
1039 464
1040 431
1041 446
1042 431
1043 424
1044 440
1045 388
1046 391
1047 429
1048 436
1049 457
1050 420
1051 417
1052 427
1053 417
1054 433
1055 439
1056 453
1057 432
1058 427
1059 418
1060 410
1061 380
1062 399
1063 438
1064 454
1065 440
1066 417
1067 439
1068 393
1069 401
1070 395
1071 419
1072 400
1073 430
1074 408
1075 418
1076 388
1077 374
1078 376
1079 373
1080 387
1081 396
1082 407
1083 395
1084 409
1085 390
1086 411
1087 432
1088 395
1089 384
1090 423
1091 391
1092 382
1093 425
1094 396
1095 401
1096 416
1097 414
1098 425
1099 394
1100 410
1101 395
1102 388
1103 386
1104 414
1105 425
1106 396
1107 342
1108 353
1109 397
1110 402
1111 369
1112 398
1113 360
1114 355
1115 384
1116 380
1117 369
1118 386
1119 372
1120 413
1121 393
1122 365
1123 364
1124 389
1125 332
1126 389
1127 364
1128 368
1129 353
1130 395
1131 371
1132 349
1133 364
1134 400
1135 348
1136 342
1137 369
1138 369
1139 399
1140 371
1141 371
1142 382
1143 405
1144 351
1145 387
1146 357
1147 367
1148 375
1149 345
1150 355
1151 374
1152 383
1153 353
1154 326
1155 372
1156 334
1157 363
1158 346
1159 370
1160 352
1161 360
1162 321
1163 336
1164 389
1165 309
1166 344
1167 297
1168 367
1169 351
1170 338
1171 354
1172 355
1173 349
1174 322
1175 336
1176 345
1177 326
1178 346
1179 318
1180 363
1181 319
1182 335
1183 346
1184 318
1185 354
1186 349
1187 311
1188 331
1189 330
1190 316
1191 314
1192 349
1193 329
1194 332
1195 292
1196 350
1197 302
1198 319
1199 332
1200 323
1201 318
1202 348
1203 328
1204 348
1205 304
1206 282
1207 337
1208 326
1209 316
1210 316
1211 301
1212 340
1213 315
1214 315
1215 311
1216 287
1217 300
1218 332
1219 334
1220 332
1221 337
1222 314
1223 337
1224 306
1225 311
1226 316
1227 310
1228 304
1229 314
1230 309
1231 299
1232 301
1233 292
1234 303
1235 289
1236 321
1237 302
1238 309
1239 296
1240 280
1241 309
1242 311
1243 307
1244 323
1245 290
1246 293
1247 296
1248 292
1249 306
1250 268
1251 334
1252 308
1253 302
1254 281
1255 292
1256 314
1257 297
1258 281
1259 288
1260 306
1261 292
1262 296
1263 285
1264 281
1265 286
1266 276
1267 307
1268 271
1269 271
1270 281
1271 277
1272 284
1273 310
1274 308
1275 292
1276 271
1277 284
1278 299
1279 298
1280 274
1281 261
1282 281
1283 278
1284 297
1285 310
1286 278
1287 269
1288 275
1289 306
1290 273
1291 280
1292 278
1293 251
1294 241
1295 284
1296 289
1297 292
1298 269
1299 264
1300 252
1301 267
1302 265
1303 248
1304 276
1305 284
1306 287
1307 270
1308 256
1309 295
1310 274
1311 267
1312 266
1313 256
1314 266
1315 283
1316 254
1317 265
1318 249
1319 264
1320 275
1321 292
1322 274
1323 275
1324 249
1325 267
1326 273
1327 261
1328 230
1329 244
1330 277
1331 257
1332 233
1333 238
1334 274
1335 250
1336 259
1337 253
1338 259
1339 285
1340 269
1341 267
1342 251
1343 259
1344 246
1345 253
1346 256
1347 275
1348 221
1349 237
1350 241
1351 260
1352 224
1353 254
1354 270
1355 274
1356 268
1357 242
1358 240
1359 254
1360 243
1361 254
1362 238
1363 251
1364 240
1365 247
1366 249
1367 272
1368 234
1369 239
1370 232
1371 251
1372 231
1373 238
1374 228
1375 252
1376 234
1377 248
1378 251
1379 222
1380 234
1381 233
1382 238
1383 238
1384 231
1385 223
1386 220
1387 220
1388 247
1389 204
1390 241
1391 249
1392 249
1393 217
1394 241
1395 240
1396 249
1397 236
1398 210
1399 261
1400 218
1401 224
1402 230
1403 248
1404 260
1405 236
1406 226
1407 213
1408 229
1409 221
1410 197
1411 232
1412 227
1413 227
1414 185
1415 210
1416 246
1417 218
1418 189
1419 230
1420 216
1421 207
1422 213
1423 199
1424 218
1425 220
1426 220
1427 208
1428 216
1429 228
1430 212
1431 230
1432 253
1433 226
1434 225
1435 207
1436 234
1437 211
1438 214
1439 203
1440 197
1441 197
1442 195
1443 226
1444 235
1445 200
1446 230
1447 215
1448 185
1449 175
1450 207
1451 179
1452 203
1453 221
1454 200
1455 216
1456 219
1457 198
1458 213
1459 195
1460 227
1461 191
1462 199
1463 235
1464 200
1465 196
1466 197
1467 206
1468 163
1469 202
1470 214
1471 189
1472 196
1473 182
1474 206
1475 196
1476 210
1477 195
1478 205
1479 191
1480 214
1481 189
1482 172
1483 193
1484 199
1485 214
1486 190
1487 204
1488 208
1489 203
1490 206
1491 197
1492 204
1493 186
1494 153
1495 201
1496 169
1497 202
1498 188
1499 187
1500 208
1501 166
1502 194
1503 207
1504 179
1505 176
1506 199
1507 174
1508 203
1509 166
1510 195
1511 183
1512 153
1513 180
1514 200
1515 177
1516 177
1517 178
1518 193
1519 184
1520 189
1521 209
1522 167
1523 182
1524 193
1525 171
1526 176
1527 197
1528 180
1529 184
1530 204
1531 164
1532 189
1533 174
1534 196
1535 174
1536 182
1537 165
1538 174
1539 183
1540 188
1541 178
1542 198
1543 161
1544 179
1545 162
1546 148
1547 211
1548 176
1549 176
1550 172
1551 188
1552 151
1553 181
1554 169
1555 178
1556 179
1557 189
1558 142
1559 161
1560 178
1561 180
1562 144
1563 165
1564 153
1565 156
1566 169
1567 159
1568 162
1569 151
1570 171
1571 158
1572 154
1573 162
1574 157
1575 154
1576 175
1577 166
1578 164
1579 160
1580 156
1581 166
1582 148
1583 155
1584 168
1585 131
1586 155
1587 148
1588 155
1589 159
1590 158
1591 155
1592 135
1593 143
1594 157
1595 155
1596 149
1597 151
1598 159
1599 153
1600 143
1601 122
1602 154
1603 145
1604 158
1605 135
1606 162
1607 158
1608 151
1609 137
1610 152
1611 162
1612 133
1613 151
1614 123
1615 141
1616 152
1617 134
1618 141
1619 154
1620 164
1621 167
1622 140
1623 135
1624 130
1625 147
1626 151
1627 145
1628 148
1629 153
1630 150
1631 137
1632 167
1633 140
1634 123
1635 117
1636 148
1637 130
1638 129
1639 154
1640 129
1641 136
1642 135
1643 141
1644 135
1645 137
1646 123
1647 143
1648 145
1649 147
1650 119
1651 133
1652 172
1653 138
1654 137
1655 147
1656 147
1657 133
1658 128
1659 130
1660 155
1661 123
1662 129
1663 118
1664 128
1665 134
1666 132
1667 130
1668 141
1669 148
1670 113
1671 130
1672 131
1673 132
1674 137
1675 113
1676 123
1677 133
1678 137
1679 129
1680 134
1681 137
1682 123
1683 135
1684 152
1685 133
1686 118
1687 145
1688 119
1689 114
1690 133
1691 124
1692 127
1693 132
1694 109
1695 131
1696 111
1697 135
1698 121
1699 123
1700 118
1701 114
1702 115
1703 131
1704 129
1705 143
1706 106
1707 114
1708 123
1709 116
1710 118
1711 116
1712 113
1713 111
1714 118
1715 117
1716 130
1717 126
1718 130
1719 113
1720 118
1721 117
1722 101
1723 122
1724 114
1725 127
1726 113
1727 107
1728 114
1729 144
1730 120
1731 114
1732 115
1733 116
1734 115
1735 100
1736 126
1737 98
1738 112
1739 109
1740 78
1741 121
1742 133
1743 109
1744 118
1745 135
1746 113
1747 105
1748 112
1749 116
1750 103
1751 98
1752 104
1753 96
1754 115
1755 115
1756 93
1757 110
1758 97
1759 89
1760 98
1761 116
1762 111
1763 100
1764 94
1765 107
1766 86
1767 108
1768 90
1769 100
1770 92
1771 106
1772 96
1773 80
1774 114
1775 93
1776 123
1777 87
1778 84
1779 107
1780 113
1781 96
1782 98
1783 86
1784 92
1785 106
1786 92
1787 101
1788 102
1789 106
1790 91
1791 95
1792 87
1793 90
1794 107
1795 94
1796 110
1797 89
1798 100
1799 91
1800 86
1801 84
1802 105
1803 92
1804 92
1805 69
1806 106
1807 75
1808 88
1809 94
1810 86
1811 85
1812 87
1813 87
1814 91
1815 77
1816 74
1817 91
1818 90
1819 94
1820 82
1821 80
1822 88
1823 74
1824 64
1825 95
1826 90
1827 102
1828 84
1829 101
1830 63
1831 78
1832 94
1833 83
1834 83
1835 81
1836 86
1837 87
1838 90
1839 74
1840 96
1841 75
1842 73
1843 73
1844 87
1845 81
1846 79
1847 76
1848 72
1849 70
1850 78
1851 59
1852 85
1853 73
1854 88
1855 88
1856 86
1857 80
1858 75
1859 80
1860 69
1861 90
1862 72
1863 71
1864 74
1865 79
1866 75
1867 69
1868 84
1869 80
1870 82
1871 67
1872 67
1873 73
1874 70
1875 72
1876 72
1877 71
1878 71
1879 76
1880 70
1881 61
1882 83
1883 68
1884 67
1885 60
1886 60
1887 62
1888 78
1889 83
1890 77
1891 75
1892 52
1893 72
1894 76
1895 53
1896 68
1897 56
1898 57
1899 69
1900 74
1901 80
1902 70
1903 61
1904 53
1905 69
1906 69
1907 70
1908 49
1909 55
1910 63
1911 51
1912 50
1913 48
1914 52
1915 64
1916 66
1917 58
1918 53
1919 77
1920 59
1921 49
1922 63
1923 49
1924 51
1925 54
1926 69
1927 64
1928 61
1929 71
1930 54
1931 68
1932 66
1933 58
1934 61
1935 54
1936 68
1937 66
1938 51
1939 62
1940 49
1941 54
1942 63
1943 46
1944 61
1945 47
1946 56
1947 53
1948 59
1949 66
1950 52
1951 57
1952 50
1953 50
1954 50
1955 51
1956 49
1957 48
1958 40
1959 52
1960 43
1961 50
1962 47
1963 46
1964 48
1965 53
1966 55
1967 43
1968 62
1969 41
1970 49
1971 45
1972 45
1973 44
1974 46
1975 46
1976 51
1977 36
1978 49
1979 40
1980 54
1981 44
1982 41
1983 36
1984 43
1985 34
1986 49
1987 40
1988 37
1989 40
1990 41
1991 33
1992 33
1993 38
1994 34
1995 31
1996 54
1997 37
1998 42
1999 37
2000 45
2001 43
2002 38
2003 43
2004 41
2005 38
2006 41
2007 40
2008 46
2009 33
2010 38
2011 39
2012 31
2013 37
2014 43
2015 40
2016 39
2017 48
2018 41
2019 36
2020 34
2021 45
2022 37
2023 35
2024 31
2025 34
2026 47
2027 39
2028 31
2029 44
2030 29
2031 23
2032 41
2033 27
2034 31
2035 47
2036 33
2037 36
2038 38
2039 39
2040 27
2041 37
2042 38
2043 28
2044 37
2045 34
2046 48
2047 35
2048 32
2049 30
2050 43
2051 32
2052 26
2053 35
2054 32
2055 39
2056 30
2057 28
2058 30
2059 30
2060 39
2061 28
2062 31
2063 25
2064 29
2065 27
2066 23
2067 30
2068 38
2069 30
2070 34
2071 26
2072 31
2073 29
2074 18
2075 20
2076 19
2077 29
2078 25
2079 27
2080 31
2081 23
2082 36
2083 27
2084 27
2085 25
2086 28
2087 24
2088 18
2089 22
2090 30
2091 25
2092 19
2093 19
2094 23
2095 21
2096 23
2097 16
2098 18
2099 25
2100 19
2101 38
2102 31
2103 22
2104 23
2105 28
2106 19
2107 27
2108 22
2109 21
2110 19
2111 17
2112 15
2113 22
2114 27
2115 16
2116 23
2117 22
2118 31
2119 19
2120 23
2121 21
2122 24
2123 13
2124 23
2125 16
2126 25
2127 12
2128 26
2129 15
2130 18
2131 12
2132 13
2133 17
2134 18
2135 10
2136 21
2137 17
2138 18
2139 16
2140 16
2141 19
2142 13
2143 10
2144 14
2145 18
2146 18
2147 12
2148 9
2149 14
2150 15
2151 21
2152 13
2153 14
2154 13
2155 14
2156 15
2157 15
2158 17
2159 13
2160 17
2161 6
2162 17
2163 18
2164 16
2165 13
2166 11
2167 10
2168 13
2169 12
2170 13
2171 10
2172 13
2173 15
2174 15
2175 17
2176 12
2177 15
2178 9
2179 11
2180 8
2181 11
2182 13
2183 10
2184 16
2185 15
2186 13
2187 14
2188 14
2189 6
2190 12
2191 18
2192 10
2193 11
2194 10
2195 7
2196 11
2197 9
2198 7
2199 7
2200 8
2201 8
2202 12
2203 10
2204 12
2205 10
2206 11
2207 15
2208 5
2209 4
2210 6
2211 9
2212 5
2213 7
2214 10
2215 11
2216 8
2217 6
2218 3
2219 13
2220 8
2221 9
2222 7
2223 6
2224 8
2225 5
2226 4
2227 8
2228 8
2229 8
2230 7
2231 4
2232 8
2233 5
2234 7
2235 7
2236 4
2237 6
2238 7
2239 6
2240 5
2241 8
2242 5
2243 10
2244 5
2245 4
2246 4
2247 7
2248 10
2249 8
2250 8
2251 13
2252 6
2253 3
2254 2
2255 4
2256 4
2257 3
2258 5
2259 7
2260 5
2261 6
2262 6
2263 2
2264 4
2265 3
2266 6
2267 1
2268 6
2269 5
2270 5
2271 4
2272 4
2273 5
2274 6
2275 1
2276 3
2277 7
2278 6
2279 2
2280 0
2281 4
2282 1
2283 5
2284 4
2285 3
2286 3
2287 6
2288 2
2289 4
2290 1
2291 4
2292 3
2293 4
2294 1
2295 4
2296 1
2297 3
2298 1
2299 3
2300 1
2301 3
2302 3
2303 2
2304 2
2305 1
2306 3
2307 4
2308 2
2309 0
2310 1
2311 4
2312 3
2313 3
2314 0
2315 3
2316 2
2317 4
2318 3
2319 4
2320 2
2321 2
2322 0
2323 2
2324 1
2325 3
2326 1
2327 2
2328 2
2329 3
2330 0
2331 0
2332 2
2333 0
2334 4
2335 0
2336 0
2337 0
2338 1
2339 3
2340 0
2341 1
2342 3
2343 5
2344 0
2345 1
2346 2
2347 1
2348 3
2349 0
2350 2
2351 1
2352 1
2353 1
2354 0
2355 0
2356 2
2357 2
2358 0
2359 0
2360 2
2361 0
2362 0
2363 0
2364 2
2365 1
2366 3
2367 2
2368 0
2369 0
2370 3
2371 1
2372 1
2373 0
2374 2
2375 2
2376 1
2377 0
2378 1
2379 1
2380 2
2381 0
2382 0
2383 1
2384 0
2385 3
2386 0
2387 0
2388 0
2389 0
2390 1
2391 1
2392 1
2393 0
2394 1
2395 0
2396 1
2397 1
2398 0
2399 0
2400 1
2401 0
2402 0
2403 0
2404 1
2405 0
2406 0
2407 0
2408 1
2409 1
2410 0
2411 1
2412 0
2413 0
2414 0
2415 0
2416 1
2417 1
2418 0
2419 1
2420 0
2421 0
2422 0
2423 0
2424 0
2425 0
2426 0
2427 1
2428 0
2429 1
2430 0
2431 0
2432 1
2433 0
2434 0
2435 0
2436 0
2437 0
2438 0
2439 0
2440 0
2441 0
2442 0
2443 1
2444 0
2445 0
2446 0
2447 0
2448 0
2449 1
2450 0
2451 0
2452 0
2453 1
2454 0
2455 0
2456 0
2457 0
2458 0
2459 0
2460 0
2461 0
2462 1
2463 0
2464 0
2465 0
2466 0
2467 0
2468 0
2469 0
2470 0
2471 0
2472 0
2473 0
2474 0
2475 0
2476 0
2477 0
2478 0
2479 0
2480 0
2481 0
2482 0
2483 0
2484 0
2485 0
2486 0
2487 0
2488 0
2489 0
2490 0
2491 0
2492 0
2493 0
2494 0
2495 0
2496 0
2497 0
2498 0
2499 0
2500 0
2501 0
2502 0
2503 0
2504 1
2505 0
2506 0
2507 0
2508 0
2509 0
2510 0
2511 0
2512 0
2513 0
2514 0
2515 0
2516 1
2517 0
2518 0
2519 0
2520 0
2521 0
2522 1
2523 0
2524 0
2525 0
2526 0
2527 0
2528 0
2529 0
2530 0
2531 0
2532 0
2533 0
2534 0
2535 0
2536 0
2537 0
2538 0
2539 0
2540 0
2541 0
2542 0
2543 0
2544 0
2545 0
2546 0
2547 0
2548 0
2549 0
2550 0
2551 0
2552 0
2553 0
2554 0
2555 0
2556 0
2557 0
2558 0
2559 0
2560 0
2561 0
2562 0
2563 0
2564 0
2565 0
2566 0
2567 0
2568 0
2569 0
2570 0
2571 0
2572 0
2573 0
2574 0
2575 0
2576 0
2577 0
2578 0
2579 0
2580 0
2581 0
2582 0
2583 0
2584 0
2585 0
2586 0
2587 0
2588 0
2589 0
2590 0
2591 0
2592 0
2593 0
2594 0
2595 0
2596 0
2597 0
2598 0
2599 0
2600 0
2601 0
2602 0
2603 0
2604 0
2605 0
2606 0
2607 0
2608 0
2609 0
2610 0
2611 0
2612 0
2613 0
2614 0
2615 0
2616 0
2617 0
2618 0
2619 0
2620 0
2621 0
2622 0
2623 0
2624 0
2625 0
2626 0
2627 0
2628 0
2629 0
2630 0
2631 0
2632 0
2633 0
2634 0
2635 0
2636 0
2637 0
2638 0
2639 0
2640 0
2641 0
2642 0
2643 0
2644 0
2645 0
2646 0
2647 0
2648 0
2649 0
2650 0
2651 0
2652 0
2653 0
2654 0
2655 0
2656 0
2657 0
2658 0
2659 0
2660 0
2661 0
2662 0
2663 0
2664 0
2665 0
2666 0
2667 0
2668 0
2669 0
2670 0
2671 0
2672 0
2673 0
2674 0
2675 0
2676 0
2677 0
2678 0
2679 0
2680 0
2681 0
2682 0
2683 0
2684 0
2685 0
2686 0
2687 0
2688 0
2689 0
2690 0
2691 0
2692 0
2693 0
2694 0
2695 0
2696 0
2697 0
2698 0
2699 0
2700 0
2701 0
2702 0
2703 0
2704 0
2705 0
2706 0
2707 0
2708 0
2709 0
2710 0
2711 0
2712 0
2713 0
2714 0
2715 0
2716 0
2717 0
2718 0
2719 0
2720 0
2721 0
2722 1
