2 0.7226407260351674
3 0.698733965876083
4 0.6816993495369594
5 0.6686257215667065
6 0.6577181705970125
7 0.6491635356930987
8 0.6408984382523474
9 0.634824359801074
10 0.6285102459172554
11 0.623720114189562
12 0.618528588946377
13 0.6142647462518591
14 0.6097329101206213
15 0.6074599132888308
16 0.6035105164349126
17 0.600854380068401
18 0.5990918311922561
19 0.5952108728555362
20 0.5923643314251849
21 0.5902737323581175
22 0.5890000225440172
23 0.5869571767331566
24 0.5842805936009373
25 0.5841667270575163
26 0.580876649779904
27 0.5811794465747531
28 0.5781179100382147
29 0.5773268773426214
30 0.5770411172821388
31 0.5751934551522786
32 0.5741531433123518
33 0.5724185885526526
34 0.5718111945973609
35 0.5703805166070984
36 0.5688641610661404
37 0.5686450457277691
38 0.5672785117758826
39 0.5676093224759476
40 0.5663349640501075
41 0.5651591917723149
42 0.5643113276227947
43 0.5628401135063896
44 0.5619533202879703
45 0.5627385530653488
46 0.5611955475811298
47 0.5615428745124734
48 0.5587188922221569
49 0.5586670288225629
50 0.558533183720011
51 0.5585990131616959
52 0.5573671682413963
53 0.5572742074513936
54 0.5561314501822718
55 0.5567438168241919
56 0.5549211062737499
57 0.5540243051205412
58 0.5537907974122265
59 0.554132890857016
60 0.5553457086606811
61 0.5543472377096212
62 0.5526708781734125
63 0.552205769472318
64 0.5506235259225782
65 0.5507616898733996
66 0.550115544332536
67 0.5522475189725627
68 0.5502173286549985
69 0.5497296545384168
70 0.5507127898004923
71 0.5500551520709912
72 0.5494090219720993
73 0.5498085985370106
74 0.5486452297135848
75 0.548576211688139
76 0.546992462715193
77 0.5474675870407957
78 0.5467875125881169
79 0.5441162445331553
80 0.5458750431480842
81 0.5461433946488294
82 0.5447048245244317
83 0.5462857588552912
84 0.5428236424657927
85 0.5445029787172286
86 0.5447825006577601
87 0.5420592542192376
88 0.5430628893447983
89 0.5438236549876636
90 0.5415610396750252
91 0.5430587290804668
92 0.541907514450867
93 0.5440817145577664
94 0.5429778606699216
95 0.5410808611142142
96 0.5432301410093939
97 0.5418899092979712
98 0.5418752779783983
99 0.5405245961154475
100 0.5416094993389378
101 0.5405911321797685
102 0.540896495792924
103 0.5389651404964321
104 0.542280626725244
105 0.5404496286413357
106 0.5395404644400752
107 0.5381617077756885
108 0.5407930506515014
109 0.5386705290714935
110 0.539159509842618
111 0.5387762904569225
112 0.5394114543911558
113 0.5373724601632694
114 0.5390790107893664
115 0.5389572813902915
116 0.5367711124821619
117 0.537602095487558
118 0.5383686842559062
119 0.5391507821489959
120 0.536433160581533
121 0.5379620183630228
122 0.5353770910471383
123 0.5368584325968938
124 0.5346112619336225
125 0.5345865535769345
126 0.5366867129377377
127 0.5360521369364928
128 0.5351825149490157
129 0.5357293362953868
130 0.5359348504197459
131 0.5353500323155257
132 0.5359051762877278
133 0.535736105872165
134 0.5336452095808383
135 0.5336478243188288
136 0.5350609590011222
137 0.5357973467270841
138 0.5332193319960099
139 0.53419239036497
140 0.5349475257352531
141 0.5347577405928059
142 0.5336291518428515
143 0.53511116648356
144 0.5332021027239834
145 0.5347517162929216
146 0.5319536661780345
147 0.5332558071924877
148 0.5354373952010095
149 0.5330238298122411
150 0.5329482026907847
151 0.5328355259612333
152 0.5343016236282053
153 0.5314373336070076
154 0.5337487963080725
155 0.5330189824254782
156 0.5310892370031794
157 0.532457291416391
158 0.5348996815778898
159 0.5338026678617891
160 0.5339705956144313
161 0.5341962127316681
162 0.5323291882425571
163 0.5320920057742081
164 0.532825995432683
165 0.531614008617934
166 0.532505050765014
167 0.5328701609254831
168 0.533155947822701
169 0.5300552140848005
170 0.529873737706213
171 0.5316496649169721
172 0.5307586243470421
173 0.5309632492586546
174 0.5308176691099055
175 0.5293206955298954
176 0.5297904405998323
177 0.5314158381899211
178 0.5313128548949853
179 0.5309085908762763
180 0.5311761208886923
181 0.5334237363184768
182 0.5321291127829976
183 0.530804565701559
184 0.5296308436961662
185 0.5292155816435432
186 0.5292527405646023
187 0.5297916117870696
188 0.5301396864704082
189 0.5302412006432017
190 0.528043844613767
191 0.5286733155514323
192 0.5305239346176299
193 0.5295698135369256
194 0.5293953029376892
195 0.5290581310877526
196 0.5298496906709945
197 0.5304983873730941
198 0.5308649355501588
199 0.5293764673232274
200 0.5269066097822962
201 0.5312664054475597
202 0.5288677279261327
203 0.5299098398762299
204 0.5285949832826979
205 0.526965497085019
206 0.5293234595414413
207 0.5282884335183061
208 0.5285239191609107
209 0.5276406943255235
210 0.5271185377935229
211 0.5299209190699138
212 0.5279521768696724
213 0.5268502199145747
214 0.5257913060142451
215 0.5287987980749917
216 0.5284486715899848
217 0.5274733256928863
218 0.5265147842947164
219 0.5285117993860746
220 0.530064205326845
221 0.5272997490518383
222 0.5288317604946307
223 0.5262251525290297
224 0.5277217241721526
225 0.525861421815179
226 0.5277931764350149
227 0.5276620011237557
228 0.5286727047960239
229 0.5259166040253719
230 0.5280958699197985
231 0.5265427635775953
232 0.5260408664925488
233 0.5269429206692592
234 0.5271589724144469
235 0.5269012700984025
236 0.5262071954919809
237 0.5280122860142469
238 0.5261885085468226
239 0.5249372084678866
240 0.527823391494481
241 0.5251588633906678
242 0.524045374660489
243 0.5280848945927691
244 0.5246687316393457
245 0.5279721834398983
246 0.5274087415517948
247 0.5260388703962203
248 0.5245652662323074
249 0.5227746541158633
250 0.5289137713575363
251 0.5239282334958876
252 0.525374972428498
253 0.5266170683154602
254 0.5258704998800583
255 0.5261815551268734
256 0.5247225871369875
257 0.5279449055403244
258 0.5279771516039611
259 0.5255430767648241
260 0.5235905281237389
261 0.5251199335171685
262 0.5226451606753034
263 0.5277873398355326
264 0.5268718507682453
265 0.526911992060008
266 0.5264084844076038
267 0.5263006169161878
268 0.5257644612185165
269 0.525256993393659
270 0.5259579728059333
271 0.5251866214251091
272 0.5248602644750423
273 0.5254359826095452
274 0.5213740007088568
275 0.5248306772908367
276 0.524778840495876
277 0.5270466816759977
278 0.524090403558945
279 0.5245215967737106
280 0.5231814668714304
281 0.5254143479617199
282 0.5240444641346812
283 0.5232818208499054
284 0.5253414974012632
285 0.5239118535487663
286 0.5228877364930262
287 0.5233814238759817
288 0.5225789905621666
289 0.5236554168593004
290 0.5218627946041201
291 0.5243140338534122
292 0.5230149358854846
293 0.5241629898780171
294 0.5267566502871597
295 0.5232846941943495
296 0.5238791878067254
297 0.5227962258249492
298 0.5230707784154212
299 0.5243934696814195
300 0.5232209697887452
301 0.5236047359615632
302 0.5262808927482916
303 0.5242472503393653
304 0.5240627407344004
305 0.5246709996239995
306 0.5271143879895283
307 0.5229658511504349
308 0.5246184885492906
309 0.521301960276618
310 0.5220809726285112
311 0.5231587268927129
312 0.5217560091876678
313 0.5235091306570375
314 0.5221408265908594
315 0.5236050087873462
316 0.5252871799368642
317 0.522883673739468
318 0.5237291523240578
319 0.5237618586856183
320 0.5216278159762983
321 0.5263134391676156
322 0.5203935599284436
323 0.5240473091251852
324 0.5204929101958137
325 0.5235251538183134
326 0.5235576706211377
327 0.5221970388913321
328 0.5243037888809742
329 0.5204951668794455
330 0.52159537094441
331 0.5250310444740837
332 0.5243082552023782
333 0.5233174290039914
334 0.5204195852614331
335 0.5222094548324571
336 0.5230997291997386
337 0.5262422739812131
338 0.5233776351437774
339 0.5232325348604419
340 0.5219123970216386
341 0.5232803308288194
342 0.5207297818841004
343 0.5198416438872655
344 0.52282821104992
345 0.5220332979100248
346 0.522705462817065
347 0.5225010098130064
348 0.5199504956386182
349 0.522930742235061
350 0.5192344635481702
351 0.5229736083816597
352 0.5229675581732162
353 0.5230520810739161
354 0.5223777828781272
355 0.5181606946312829
356 0.5250067718978552
357 0.5241414860453129
358 0.5199012005849318
359 0.5215847805650389
360 0.5244923527295732
361 0.5223050173869846
362 0.5256948215431703
363 0.5205479452054794
364 0.5212934245107931
365 0.5217429423110643
366 0.5229950684518955
367 0.5225816883714567
368 0.5217596561191656
369 0.5194382022471911
370 0.522054479403668
371 0.5221912345569956
372 0.5211637871108808
373 0.525202674414179
374 0.5228219960089924
375 0.5215688767401945
376 0.5193196618739945
377 0.5221510026514274
378 0.5228125160561065
379 0.5235829089649687
380 0.5212808453063591
381 0.522268673716364
382 0.5198371267487993
383 0.5239922475578507
384 0.5204518538762868
385 0.5201003056186819
386 0.5236616618190394
387 0.5220350987644605
388 0.5199106664751133
389 0.5195358189536213
390 0.5203224237005089
391 0.5209361230574391
392 0.5198426885949231
393 0.5221687357486698
394 0.5212688493770935
395 0.5229173016020248
396 0.5232482856123568
397 0.5215088643796258
398 0.5207906568410972
399 0.5214794272152743
400 0.5208502915704774
401 0.5230596476218485
402 0.5211729461297636
403 0.5187225267270853
404 0.5190008044832899
405 0.5192032198649293
406 0.5225106802497536
407 0.5232682880460613
408 0.5191793163699902
409 0.5206740435775739
410 0.5217563615491841
411 0.5237368090966106
412 0.5208302082338984
413 0.5194348715554762
414 0.5210128120167882
415 0.5230947200264412
416 0.5192861095738793
417 0.5203388174878943
418 0.522756735430053
419 0.5226692614686015
420 0.5235273467668329
421 0.5216199884768342
422 0.5222220663927184
423 0.5202939561599865
424 0.5221956368754398
425 0.5188020526625725
426 0.5187371989547285
427 0.5204573573957934
428 0.5214164636838882
429 0.5233701987319819
430 0.5191186922530207
431 0.5227998176014592
432 0.5212893638909527
433 0.5213445953658258
434 0.5204385120475868
435 0.5253126606133288
436 0.5187170361476781
437 0.5207723227103072
438 0.5219390908176318
439 0.5195044655718813
440 0.5190322440528762
441 0.5198330458978856
442 0.5202530914133826
443 0.5188421706411682
444 0.5159691871427945
445 0.5206552078742471
446 0.519551593256245
447 0.5210118679506435
448 0.518194536484795
449 0.5212401911617205
450 0.5206255935422602
451 0.5212318625999408
452 0.5221214091500177
453 0.5213809509824077
454 0.5179956516629451
455 0.5205832535532808
456 0.5206523822865822
457 0.519649222233822
458 0.5191585385768791
459 0.5212287601098168
460 0.5206830780234846
461 0.5170741230177799
462 0.520285636314018
463 0.5218836397697573
464 0.5179651584805226
465 0.5189810114113386
466 0.5205302834953812
467 0.5199533714839374
468 0.5203815735336697
469 0.520846354365158
470 0.520537941946084
471 0.5204274520564651
472 0.519401440075505
473 0.5170366979476616
474 0.5209359982859416
475 0.5161057544678499
476 0.5182110212759354
477 0.5161808261886204
478 0.5200250312891114
479 0.5223040815692126
480 0.5200434546442151
481 0.5152785629043402
482 0.5201687443712376
483 0.5257094157381396
484 0.520015717092338
485 0.5227297657290606
486 0.5180148495506057
487 0.5193669173405494
488 0.5186500329950036
489 0.5199981096706101
490 0.519476849162362
491 0.5175037811948576
492 0.5180532010963418
493 0.5171629083849202
494 0.5158777230976388
495 0.5221243175941002
496 0.5162337662337663
497 0.5174203231781311
498 0.5175836392574642
