0 0.2362
1 0.2624
2 0.2352
3 0.2243
4 0.2479
5 0.2619
6 0.2392
7 0.2433
8 0.2658
9 0.2296
10 0.2485
11 0.2355
12 0.2374
13 0.2626
14 0.2422
15 0.2464
16 0.2524
17 0.252
18 0.2463
19 0.2343
20 0.2489
21 0.2373
22 0.2368
23 0.2726
24 0.2496
25 0.2561
26 0.2425
27 0.2218
28 0.2375
29 0.2642
30 0.2618
31 0.2665
32 0.2498
33 0.2489
34 0.264
35 0.2281
36 0.2584
37 0.2675
38 0.2203
39 0.2473
40 0.2648
41 0.2364
42 0.2314
43 0.232
44 0.2608
45 0.2555
46 0.2391
47 0.2505
48 0.2416
49 0.228
50 0.2373
51 0.244
52 0.2337
53 0.2394
54 0.2619
55 0.2401
56 0.2537
57 0.2454
58 0.228
59 0.2386
60 0.2469
61 0.2586
62 0.2489
63 0.2383
64 0.2557
65 0.2669
66 0.2405
67 0.2507
68 0.2541
69 0.2663
70 0.2366
71 0.2431
72 0.2503
73 0.2296
74 0.2519
75 0.2332
76 0.2385
77 0.2542
78 0.2616
79 0.2515
80 0.2287
81 0.2537
82 0.2562
83 0.2408
84 0.26
85 0.2444
86 0.2558
87 0.2503
88 0.258
89 0.2394
90 0.2209
91 0.2542
92 0.2618
93 0.2731
94 0.2348
95 0.2391
96 0.2416
97 0.2437
98 0.248
99 0.2235
100 0.2437
101 0.2604
102 0.2357
103 0.2337
104 0.229
105 0.2513
106 0.2523
107 0.2294
108 0.2419
109 0.2516
110 0.24
