-516 1
-515 0
-514 0
-513 0
-512 0
-511 0
-510 0
-509 0
-508 0
-507 0
-506 0
-505 0
-504 0
-503 0
-502 0
-501 0
-500 0
-499 0
-498 0
-497 0
-496 0
-495 0
-494 0
-493 0
-492 0
-491 0
-490 0
-489 0
-488 0
-487 0
-486 0
-485 0
-484 0
-483 0
-482 0
-481 1
-480 0
-479 0
-478 0
-477 0
-476 0
-475 0
-474 0
-473 0
-472 0
-471 0
-470 1
-469 0
-468 0
-467 0
-466 0
-465 1
-464 0
-463 0
-462 0
-461 0
-460 0
-459 0
-458 0
-457 0
-456 0
-455 0
-454 0
-453 0
-452 0
-451 0
-450 0
-449 0
-448 0
-447 0
-446 0
-445 0
-444 0
-443 0
-442 0
-441 1
-440 0
-439 1
-438 0
-437 0
-436 1
-435 0
-434 0
-433 1
-432 0
-431 0
-430 1
-429 0
-428 1
-427 1
-426 0
-425 0
-424 0
-423 0
-422 1
-421 0
-420 2
-419 0
-418 0
-417 1
-416 0
-415 0
-414 1
-413 0
-412 0
-411 1
-410 0
-409 0
-408 1
-407 1
-406 0
-405 0
-404 1
-403 1
-402 2
-401 1
-400 1
-399 0
-398 0
-397 0
-396 0
-395 1
-394 1
-393 1
-392 1
-391 1
-390 0
-389 2
-388 2
-387 0
-386 2
-385 1
-384 0
-383 0
-382 2
-381 0
-380 1
-379 3
-378 0
-377 3
-376 3
-375 3
-374 3
-373 0
-372 0
-371 0
-370 0
-369 2
-368 2
-367 0
-366 1
-365 2
-364 0
-363 5
-362 2
-361 2
-360 2
-359 1
-358 4
-357 2
-356 2
-355 2
-354 4
-353 1
-352 2
-351 3
-350 4
-349 2
-348 1
-347 1
-346 1
-345 6
-344 2
-343 4
-342 4
-341 3
-340 2
-339 5
-338 1
-337 2
-336 2
-335 1
-334 2
-333 2
-332 3
-331 4
-330 2
-329 9
-328 4
-327 3
-326 2
-325 3
-324 6
-323 5
-322 3
-321 2
-320 3
-319 5
-318 7
-317 3
-316 9
-315 1
-314 8
-313 7
-312 8
-311 5
-310 3
-309 0
-308 5
-307 4
-306 4
-305 3
-304 5
-303 6
-302 4
-301 1
-300 7
-299 5
-298 5
-297 6
-296 5
-295 5
-294 8
-293 7
-292 3
-291 5
-290 5
-289 10
-288 10
-287 12
-286 8
-285 8
-284 5
-283 7
-282 12
-281 4
-280 15
-279 9
-278 4
-277 8
-276 14
-275 11
-274 9
-273 9
-272 11
-271 13
-270 11
-269 14
-268 16
-267 14
-266 9
-265 9
-264 19
-263 16
-262 9
-261 19
-260 16
-259 12
-258 9
-257 16
-256 15
-255 12
-254 18
-253 13
-252 18
-251 25
-250 16
-249 18
-248 12
-247 18
-246 22
-245 17
-244 12
-243 22
-242 28
-241 22
-240 18
-239 22
-238 22
-237 23
-236 28
-235 17
-234 26
-233 27
-232 26
-231 29
-230 33
-229 25
-228 28
-227 32
-226 30
-225 22
-224 27
-223 28
-222 30
-221 30
-220 34
-219 33
-218 25
-217 27
-216 27
-215 31
-214 53
-213 34
-212 37
-211 48
-210 44
-209 42
-208 52
-207 50
-206 47
-205 49
-204 44
-203 43
-202 39
-201 47
-200 59
-199 76
-198 48
-197 70
-196 52
-195 72
-194 58
-193 75
-192 70
-191 50
-190 59
-189 74
-188 77
-187 78
-186 69
-185 81
-184 75
-183 80
-182 97
-181 86
-180 98
-179 101
-178 107
-177 98
-176 85
-175 101
-174 92
-173 100
-172 128
-171 96
-170 93
-169 128
-168 112
-167 107
-166 114
-165 121
-164 133
-163 123
-162 138
-161 130
-160 138
-159 158
-158 141
-157 162
-156 162
-155 150
-154 169
-153 168
-152 184
-151 189
-150 166
-149 171
-148 197
-147 203
-146 213
-145 227
-144 193
-143 234
-142 235
-141 230
-140 226
-139 241
-138 254
-137 234
-136 269
-135 260
-134 279
-133 302
-132 324
-131 298
-130 325
-129 327
-128 334
-127 348
-126 340
-125 364
-124 381
-123 408
-122 442
-121 434
-120 402
-119 484
-118 469
-117 515
-116 475
-115 524
-114 482
-113 518
-112 585
-111 599
-110 633
-109 607
-108 634
-107 619
-106 698
-105 729
-104 696
-103 706
-102 801
-101 814
-100 849
-99 829
-98 808
-97 922
-96 957
-95 964
-94 1062
-93 1052
-92 1083
-91 1197
-90 1195
-89 1274
-88 1247
-87 1366
-86 1360
-85 1471
-84 1465
-83 1608
-82 1627
-81 1701
-80 1771
-79 1762
-78 1932
-77 1968
-76 2084
-75 2168
-74 2318
-73 2347
-72 2474
-71 2533
-70 2691
-69 2963
-68 2995
-67 3134
-66 3218
-65 3491
-64 3606
-63 3791
-62 4028
-61 4142
-60 4440
-59 4755
-58 4844
-57 5239
-56 5596
-55 5780
-54 6371
-53 6486
-52 7010
-51 7394
-50 7785
-49 8447
-48 8815
-47 9469
-46 10192
-45 10881
-44 11496
-43 12381
-42 13607
-41 14266
-40 15851
-39 16976
-38 18123
-37 19726
-36 21232
-35 23250
-34 25516
-33 27738
-32 30571
-31 33219
-30 37047
-29 40868
-28 45571
-27 50340
-26 56522
-25 63018
-24 71064
-23 80429
-22 91907
-21 104854
-20 120698
-19 139118
-18 163048
-17 190990
-16 226903
-15 270784
-14 328003
-13 404404
-12 504495
-11 640394
-10 829553
-9 1110775
-8 1525702
-7 2193693
-6 3326352
-5 5420072
-4 9849876
-3 21479131
-2 53408725
-1 293797976
0 1425844916
1 293791665
2 53420779
3 21472635
4 9852342
5 5420084
6 3324034
7 2194888
8 1527891
9 1110524
10 832021
11 640386
12 503046
13 403558
14 328152
15 270914
16 226670
17 190637
18 163163
19 138726
20 120475
21 104930
22 91943
23 80373
24 71280
25 62974
26 56414
27 50223
28 45438
29 40647
30 36604
31 33539
32 30378
33 27720
34 25251
35 23259
36 21389
37 19653
38 18252
39 17010
40 15682
41 14361
42 13328
43 12536
44 11702
45 10730
46 10242
47 9390
48 8879
49 8382
50 7915
51 7489
52 6873
53 6358
54 6022
55 5819
56 5518
57 5176
58 4921
59 4748
60 4317
61 4206
62 3987
63 3904
64 3575
65 3448
66 3218
67 3151
68 3044
69 2919
70 2710
71 2512
72 2440
73 2325
74 2308
75 2195
76 2183
77 1941
78 1979
79 1790
80 1809
81 1646
82 1567
83 1555
84 1436
85 1418
86 1419
87 1399
88 1300
89 1254
90 1182
91 1125
92 1202
93 1053
94 1046
95 984
96 977
97 928
98 886
99 874
100 854
101 782
102 782
103 788
104 746
105 752
106 686
107 602
108 618
109 645
110 615
111 547
112 527
113 500
114 541
115 515
116 532
117 467
118 448
119 432
120 439
121 426
122 389
123 384
124 357
125 337
126 330
127 336
128 330
129 332
130 318
131 331
132 293
133 291
134 274
135 277
136 260
137 245
138 266
139 226
140 251
141 253
142 230
143 228
144 212
145 197
146 209
147 199
148 205
149 188
150 177
151 179
152 166
153 167
154 176
155 161
156 165
157 142
158 146
159 135
160 129
161 143
162 128
163 150
164 136
165 111
166 107
167 127
168 111
169 101
170 119
171 97
172 109
173 114
174 103
175 92
176 89
177 87
178 77
179 89
180 88
181 91
182 80
183 79
184 91
185 71
186 86
187 80
188 71
189 69
190 68
191 62
192 63
193 77
194 60
195 62
196 67
197 65
198 61
199 50
200 59
201 50
202 41
203 49
204 63
205 54
206 46
207 51
208 49
209 42
210 37
211 40
212 36
213 43
214 50
215 29
216 29
217 43
218 39
219 34
220 29
221 41
222 42
223 25
224 39
225 24
226 19
227 38
228 33
229 19
230 19
231 29
232 33
233 25
234 27
235 24
236 23
237 27
238 18
239 16
240 21
241 21
242 25
243 16
244 21
245 17
246 14
247 22
248 18
249 8
250 24
251 24
252 14
253 18
254 14
255 18
256 12
257 14
258 12
259 21
260 13
261 14
262 13
263 12
264 13
265 13
266 13
267 13
268 13
269 12
270 13
271 11
272 14
273 8
274 7
275 12
276 7
277 5
278 12
279 6
280 10
281 12
282 12
283 13
284 2
285 12
286 11
287 10
288 10
289 9
290 7
291 4
292 11
293 6
294 5
295 6
296 4
297 6
298 5
299 4
300 9
301 8
302 4
303 6
304 0
305 5
306 4
307 7
308 6
309 6
310 2
311 5
312 4
313 6
314 3
315 2
316 9
317 3
318 6
319 4
320 3
321 2
322 3
323 2
324 4
325 4
326 4
327 4
328 0
329 5
330 3
331 2
332 3
333 5
334 2
335 4
336 1
337 4
338 3
339 1
340 1
341 5
342 3
343 4
344 1
345 5
346 2
347 3
348 2
349 2
350 3
351 5
352 4
353 1
354 2
355 4
356 1
357 1
358 3
359 2
360 1
361 0
362 1
363 2
364 2
365 0
366 2
367 0
368 0
369 1
370 2
371 1
372 2
373 1
374 0
375 1
376 1
377 2
378 2
379 0
380 1
381 1
382 0
383 2
384 0
385 0
386 2
387 2
388 0
389 0
390 0
391 1
392 1
393 2
394 4
395 0
396 1
397 1
398 2
399 0
400 0
401 0
402 0
403 0
404 0
405 1
406 1
407 0
408 0
409 1
410 1
411 0
412 0
413 0
414 1
415 1
416 0
417 0
418 0
419 1
420 1
421 0
422 0
423 0
424 1
425 1
426 0
427 0
428 0
429 0
430 0
431 0
432 1
433 1
434 1
435 0
436 1
437 1
438 0
439 0
440 0
441 0
442 0
443 0
444 0
445 0
446 0
447 0
448 1
449 0
450 0
451 0
452 0
453 0
454 0
455 0
456 0
457 0
458 1
459 0
460 0
461 0
462 0
463 0
464 0
465 1
466 0
467 0
468 0
469 0
470 0
471 0
472 0
473 0
474 0
475 0
476 0
477 0
478 0
479 0
480 0
481 0
482 0
483 0
484 0
485 0
486 0
487 1
488 0
489 1
