2 0.5507029300218091
3 0.5491774663636644
4 0.549329633984385
5 0.5478261046497432
6 0.5478992633071956
7 0.5471307564308314
8 0.5441752654404067
9 0.5447345833883533
10 0.5439487798673637
11 0.5426901487239829
12 0.5427808037867948
13 0.5397512477085142
14 0.5431078820678439
15 0.5399203774554729
16 0.53781783070486
17 0.5383668071298919
18 0.5372748638322993
19 0.5395698739483734
20 0.5367331661933675
21 0.53589158397874
22 0.5353702139550244
23 0.5348612408315753
24 0.5350818879555206
25 0.5339515756208298
26 0.5348351811627529
27 0.5308384253520922
28 0.5333626380176126
29 0.5319139144974
30 0.5301809443030817
31 0.5320094890746538
32 0.5331274194876864
33 0.5315296408844417
34 0.5325071057281131
35 0.5279839991615282
36 0.5298926381736888
37 0.5324499950153617
38 0.5282186623357449
39 0.5304232804232805
40 0.5313395057616732
41 0.5318122067529577
42 0.5308678852583806
43 0.5297706221812715
44 0.5302958951416686
45 0.5266191189453532
46 0.5282158847969021
47 0.5295127709808972
48 0.5287422919339486
49 0.5262233375156838
50 0.5254869457107335
51 0.528465306387258
52 0.5262695966034383
53 0.5267486063239092
54 0.5254191697301175
55 0.5246319140469559
56 0.5292046562302885
57 0.5280740059756378
58 0.5265190376834316
59 0.5261585849628972
60 0.5291680846819148
61 0.5232951988441223
62 0.5250992182802164
63 0.5249067368883037
64 0.5264557070577137
65 0.5239193438983782
66 0.5205638370860101
67 0.5243729952264289
68 0.5274300999293429
69 0.5201810253867765
70 0.5246447086740089
71 0.5238317212446102
72 0.5274409203980099
73 0.5248878778030549
74 0.5253173640194658
75 0.5221931771907471
76 0.5234121711400478
77 0.5228149100257069
78 0.5217379538043111
79 0.5253209312445605
80 0.5235614944095991
81 0.5237466837120431
82 0.5244659711872827
83 0.5207506164583943
84 0.5239928366964197
85 0.5262731613049904
86 0.5225276605452264
87 0.523054672509093
88 0.5200460829493088
89 0.523832366665213
90 0.5224429834768443
91 0.5233399463181234
92 0.5220803133037175
93 0.5199258299976454
94 0.5228166505898939
95 0.5222134575600172
96 0.5210920366028889
97 0.5229350819273075
98 0.5189316743537488
99 0.5208555818668648
100 0.5251117374986374
101 0.5213859725414673
102 0.5220073851331349
103 0.5217201348146299
104 0.5174017945847066
105 0.5231543198120993
106 0.5248621403403435
107 0.5209601614989118
108 0.5229046219947556
109 0.5214951793899162
110 0.5196607679039161
111 0.5236291544437639
112 0.5209491788439157
113 0.5222205937433843
114 0.5197026264734174
115 0.5206098619458592
116 0.5201222116363875
117 0.5193053058666359
118 0.5210367771194016
119 0.5200603968938741
120 0.5203496130237524
121 0.517753313560884
122 0.5196392447741065
123 0.5178407740621287
124 0.5200458778416872
125 0.5188293152663618
126 0.5183456211672294
127 0.5197724434577494
128 0.5185088178802165
129 0.5178612461334512
130 0.5230615983920027
131 0.5257297887708543
132 0.5216007832578632
133 0.5182044623456463
134 0.5224491967230557
135 0.5198567477483866
136 0.5174099070874881
137 0.5197544863833541
138 0.5177142651192965
139 0.5224989629736505
140 0.5202729537495036
141 0.5149362212450486
142 0.5215371389899951
143 0.5178333606991042
144 0.5198207134722069
145 0.5220131530873219
146 0.5149575802286979
147 0.5201042927646895
148 0.5152079453755432
149 0.5192482742926496
150 0.5209022045072444
151 0.521467057377824
152 0.5158516823944334
153 0.5173037687184817
154 0.5205389291106896
155 0.520062866234623
156 0.5186097427476738
157 0.5221790798917519
158 0.5202299704714786
159 0.5179934782184211
160 0.5193442494821994
161 0.5181374566406021
162 0.5188344694432405
163 0.5205166124420783
164 0.5144540782920973
165 0.5225462077756533
166 0.5181484785409852
167 0.5193779999206632
168 0.5194169004069056
169 0.5149763635641362
170 0.5201196138639693
171 0.5195177726069165
172 0.5154894422190462
173 0.516453270265862
174 0.5183110728134425
175 0.5187457396046353
176 0.5160474373859678
177 0.5196157756063152
178 0.5184015294777747
179 0.5134081957596581
180 0.5155350733748169
181 0.5181637409395112
182 0.5207635704383065
183 0.5216931440780149
184 0.5171518987341772
185 0.5175898600878962
186 0.5172773309502532
187 0.518756538633986
188 0.5174831171615393
189 0.5156781589269075
190 0.5214962245209724
191 0.5233618542185638
192 0.5203498941334987
193 0.517463843968298
194 0.5167010132234243
195 0.5205450059006544
196 0.5182293333333333
197 0.5157636844254369
198 0.5150893262189195
199 0.5158430043030382
200 0.519310871224512
201 0.5195921024083315
202 0.5172988655061921
203 0.5173467828213357
204 0.5167469376085857
205 0.5175529682080287
206 0.5197420898697155
207 0.5141454707719768
208 0.5154533043886936
209 0.5132107854207127
210 0.515114070616233
211 0.519172287641477
212 0.5156525522705934
213 0.5167681520435464
214 0.51565956455932
215 0.518004318250412
216 0.5100428902899196
217 0.5181865481033014
218 0.5176162626167343
219 0.5164551010813352
220 0.515383340044054
221 0.5129303126719457
222 0.5165558143443706
223 0.5162913272640154
224 0.5135788735459844
225 0.5161016332176572
226 0.5151707317073171
227 0.5107013988433592
228 0.5172837032212815
229 0.5145409379469551
230 0.5164234036653306
231 0.5181115793698575
232 0.5192892388974729
233 0.5083100047918085
234 0.5173914156279593
235 0.5188367988951124
236 0.5135003336584364
237 0.5174700199435365
238 0.5190655071270519
239 0.5148747930463576
240 0.515358361774744
241 0.5142669813794912
242 0.5185494827045668
243 0.5148572028559428
244 0.5148693460671177
245 0.5158683592916578
246 0.5177853059496083
247 0.5194523160041314
248 0.5144108280254777
249 0.5183009851296153
250 0.514521708814932
251 0.5165382014874915
252 0.5157718029946119
253 0.5175493363012025
254 0.5170298803159009
255 0.5177557397092787
256 0.5186651123702117
257 0.5187591359428293
258 0.5168508885999133
259 0.5141412761306189
260 0.5153933235773256
261 0.5147005545801633
262 0.5176764838129496
263 0.521447273132416
264 0.5173987607877849
265 0.5152476349471341
266 0.5175575933795572
267 0.5189367470721413
268 0.5195504370750659
269 0.5174495534237512
270 0.5167395669995324
271 0.515471553190322
272 0.512148602703375
273 0.5126845147892463
274 0.5139607620130793
275 0.5159451680013679
276 0.5170631407602022
277 0.5155759685057341
278 0.5186029935851746
279 0.5217686689690313
280 0.5163966590055497
281 0.5188906978049739
282 0.51684923488586
283 0.5158059205937334
284 0.5122656337711912
285 0.5143911231271826
286 0.5168634064080945
287 0.5116442990865006
288 0.5155061770276764
289 0.5128748692727324
290 0.5130597544028813
291 0.5164601468795191
292 0.5174777824798984
293 0.5165261382799325
294 0.5150449943757031
295 0.5137679321326908
296 0.5100978316837348
297 0.5101616492913201
298 0.5184946362623835
299 0.512780767430978
300 0.517800586510264
301 0.5172655975652581
302 0.5171694944698593
303 0.5140914637689581
304 0.5143109801031688
305 0.5171211628800189
306 0.5155983283300959
307 0.5152500295543209
308 0.5183619160260201
309 0.5187845954540101
310 0.5151178106249086
311 0.5144897597828012
312 0.5152825406291934
313 0.5176088833318448
314 0.5141711229946524
315 0.5151875055672674
316 0.5154074955383701
317 0.5123177930369835
318 0.5154199774713064
319 0.5113973625432182
320 0.5164057935360866
321 0.5161379225869672
322 0.5170421544951548
323 0.5134621281815394
324 0.5115515639516879
325 0.5143784931464077
326 0.513816140262836
327 0.515317355475876
328 0.5163402788657371
329 0.5133576964274463
330 0.5165166117169667
331 0.5116464582003829
332 0.5179064244913677
333 0.5161836597756974
334 0.5157104043471312
335 0.5128500560089614
336 0.5108692141219031
337 0.5170728528606803
338 0.515747904055935
339 0.513646677471637
340 0.5135935922899099
341 0.514998698594482
342 0.5138707571801566
343 0.5142094469221004
344 0.5157444602824932
345 0.5132415941840841
346 0.5135469987936487
347 0.5116630031823103
348 0.5157546701934204
349 0.5150006593696427
350 0.5156100931012929
351 0.5177651651848693
352 0.51461353848177
353 0.5132289148647307
354 0.513953334217155
355 0.515725553612092
356 0.5130007259288589
357 0.5153810531886742
358 0.5169522180933276
359 0.5169618929341787
360 0.5171018276762402
361 0.515126817500163
362 0.5176613485654258
363 0.5162637724058543
364 0.5119326158165652
365 0.5218991534781009
366 0.5179600302900602
367 0.5146860062633921
368 0.5125955466932536
369 0.5179994049783478
370 0.5133054833722575
371 0.5175292698039983
372 0.5124478623566214
373 0.5160855263157895
374 0.516085258489442
375 0.511006446871764
376 0.5147258876343355
377 0.5198110642925106
378 0.5136519921795996
379 0.5178493173773807
380 0.512170316631636
381 0.5127679212388473
382 0.5152463130392932
383 0.5176660263446762
384 0.5134622677284794
385 0.5162649354237171
386 0.5146540402294878
387 0.5194729637234771
388 0.5148145636992338
389 0.5140719994535146
390 0.5134359329067958
391 0.5164739481749792
392 0.5158973643843258
393 0.5184901722038615
394 0.5168970283344851
395 0.5139392683179604
396 0.514792899408284
397 0.5115016981198137
398 0.5135182769924918
399 0.513389224946054
400 0.5208996392955655
401 0.5156216940545878
402 0.5212535771620018
403 0.5137748206674291
404 0.5116588940706196
405 0.5096755934481905
406 0.5148282483464903
407 0.5130743303175448
408 0.5132879656160458
409 0.5172290278673257
410 0.5154907483332739
411 0.5126638802557782
412 0.5119188868514724
413 0.5140382533381451
414 0.5161927330173776
415 0.5132482473485529
416 0.5142155268957046
417 0.5156623885142484
418 0.5146485784384471
419 0.5114128864490032
420 0.5221986554984362
421 0.5140622222222222
422 0.5120174279490018
423 0.5132420421288434
424 0.5151393109508293
425 0.5155068493150685
426 0.5180342319841328
427 0.5124818049490538
428 0.5179118634174814
429 0.5130654369784805
430 0.5171389815595556
431 0.5218448363451629
432 0.5179704770733794
433 0.5078803473785783
434 0.5106599723495597
435 0.5141886709762243
436 0.5110171050211514
437 0.5115272175554157
438 0.516204217536071
439 0.5162411295632453
440 0.5142483755036846
441 0.5141189690796389
442 0.5106675843083276
443 0.5125538929748922
444 0.5101789019123998
445 0.5154100265001633
446 0.5176117459858238
447 0.5098311020318826
448 0.516335070846487
449 0.5149519790454016
450 0.5135263234650722
451 0.5152730188816796
452 0.5142919724017084
453 0.517842808144202
454 0.5089083607155896
455 0.5088554844470904
456 0.5147627086850497
457 0.5114330993887254
458 0.5139906602376704
459 0.5149444592892316
460 0.5112968475688878
461 0.516438932904658
462 0.5138692275318514
463 0.5128469045440683
464 0.511619906734959
465 0.5115708812260537
466 0.5133548238544785
467 0.5174962466797551
468 0.5167175572519084
469 0.517697276470366
470 0.5176726074584395
471 0.5089607078584283
472 0.516704288939052
473 0.5088848731270236
474 0.5109684323167469
475 0.5135632889536892
476 0.5174458642589334
477 0.5099378171136459
478 0.512420210720603
479 0.5089759600374649
480 0.5057636312871445
481 0.5161679536679536
482 0.5143224458639669
483 0.5168534811779358
484 0.5169494909163506
485 0.5152772237734344
486 0.5109103988490129
487 0.5201469589872609
488 0.5144973461142359
489 0.5149869161842836
490 0.5143729431822688
491 0.512141806764437
492 0.5171343283582089
493 0.5151623119556611
494 0.5164080085297951
495 0.5140536918043127
496 0.5123774122113255
497 0.5129267418236864
498 0.5131213399156557
