-1668 1
-1667 0
-1666 0
-1665 0
-1664 0
-1663 0
-1662 0
-1661 0
-1660 0
-1659 0
-1658 0
-1657 0
-1656 0
-1655 0
-1654 0
-1653 0
-1652 0
-1651 0
-1650 0
-1649 0
-1648 0
-1647 0
-1646 0
-1645 0
-1644 1
-1643 0
-1642 0
-1641 0
-1640 0
-1639 0
-1638 0
-1637 0
-1636 0
-1635 0
-1634 0
-1633 0
-1632 0
-1631 0
-1630 0
-1629 0
-1628 0
-1627 0
-1626 0
-1625 0
-1624 0
-1623 0
-1622 0
-1621 0
-1620 0
-1619 0
-1618 0
-1617 0
-1616 0
-1615 0
-1614 1
-1613 0
-1612 0
-1611 0
-1610 0
-1609 0
-1608 0
-1607 0
-1606 0
-1605 0
-1604 0
-1603 0
-1602 0
-1601 0
-1600 0
-1599 0
-1598 0
-1597 0
-1596 1
-1595 0
-1594 0
-1593 0
-1592 0
-1591 0
-1590 0
-1589 0
-1588 0
-1587 0
-1586 0
-1585 0
-1584 0
-1583 0
-1582 0
-1581 0
-1580 0
-1579 0
-1578 1
-1577 0
-1576 0
-1575 0
-1574 0
-1573 0
-1572 0
-1571 0
-1570 0
-1569 0
-1568 0
-1567 0
-1566 0
-1565 0
-1564 0
-1563 0
-1562 0
-1561 0
-1560 0
-1559 0
-1558 0
-1557 0
-1556 0
-1555 0
-1554 0
-1553 0
-1552 0
-1551 0
-1550 0
-1549 0
-1548 0
-1547 0
-1546 0
-1545 0
-1544 0
-1543 0
-1542 0
-1541 0
-1540 0
-1539 0
-1538 0
-1537 0
-1536 0
-1535 0
-1534 0
-1533 0
-1532 1
-1531 0
-1530 0
-1529 0
-1528 1
-1527 0
-1526 0
-1525 0
-1524 0
-1523 0
-1522 0
-1521 0
-1520 0
-1519 0
-1518 0
-1517 0
-1516 0
-1515 0
-1514 0
-1513 0
-1512 0
-1511 0
-1510 0
-1509 0
-1508 0
-1507 0
-1506 0
-1505 0
-1504 1
-1503 0
-1502 0
-1501 0
-1500 0
-1499 0
-1498 0
-1497 0
-1496 0
-1495 0
-1494 0
-1493 0
-1492 0
-1491 0
-1490 0
-1489 0
-1488 0
-1487 0
-1486 0
-1485 0
-1484 0
-1483 0
-1482 0
-1481 0
-1480 0
-1479 0
-1478 0
-1477 0
-1476 0
-1475 1
-1474 0
-1473 0
-1472 0
-1471 0
-1470 0
-1469 0
-1468 0
-1467 0
-1466 0
-1465 0
-1464 0
-1463 0
-1462 0
-1461 0
-1460 0
-1459 0
-1458 0
-1457 0
-1456 0
-1455 0
-1454 0
-1453 0
-1452 1
-1451 1
-1450 0
-1449 0
-1448 0
-1447 0
-1446 0
-1445 0
-1444 0
-1443 1
-1442 0
-1441 0
-1440 0
-1439 0
-1438 0
-1437 0
-1436 0
-1435 0
-1434 0
-1433 0
-1432 0
-1431 0
-1430 0
-1429 0
-1428 0
-1427 0
-1426 0
-1425 0
-1424 0
-1423 0
-1422 0
-1421 0
-1420 1
-1419 0
-1418 0
-1417 0
-1416 0
-1415 0
-1414 0
-1413 0
-1412 0
-1411 1
-1410 0
-1409 0
-1408 0
-1407 0
-1406 0
-1405 0
-1404 0
-1403 0
-1402 0
-1401 0
-1400 1
-1399 0
-1398 1
-1397 0
-1396 0
-1395 0
-1394 0
-1393 0
-1392 0
-1391 1
-1390 0
-1389 0
-1388 0
-1387 0
-1386 0
-1385 0
-1384 0
-1383 0
-1382 0
-1381 1
-1380 0
-1379 0
-1378 0
-1377 0
-1376 0
-1375 0
-1374 0
-1373 0
-1372 0
-1371 1
-1370 0
-1369 0
-1368 0
-1367 0
-1366 0
-1365 0
-1364 0
-1363 0
-1362 0
-1361 1
-1360 0
-1359 0
-1358 0
-1357 0
-1356 0
-1355 0
-1354 0
-1353 0
-1352 0
-1351 0
-1350 0
-1349 0
-1348 1
-1347 0
-1346 0
-1345 0
-1344 0
-1343 0
-1342 0
-1341 1
-1340 0
-1339 1
-1338 0
-1337 0
-1336 0
-1335 0
-1334 0
-1333 0
-1332 0
-1331 0
-1330 1
-1329 0
-1328 0
-1327 0
-1326 1
-1325 1
-1324 0
-1323 0
-1322 0
-1321 1
-1320 1
-1319 0
-1318 1
-1317 1
-1316 0
-1315 0
-1314 2
-1313 1
-1312 0
-1311 1
-1310 1
-1309 0
-1308 0
-1307 0
-1306 0
-1305 0
-1304 0
-1303 0
-1302 1
-1301 0
-1300 0
-1299 0
-1298 1
-1297 0
-1296 0
-1295 0
-1294 0
-1293 0
-1292 0
-1291 1
-1290 0
-1289 0
-1288 0
-1287 0
-1286 1
-1285 1
-1284 1
-1283 0
-1282 0
-1281 1
-1280 0
-1279 0
-1278 0
-1277 0
-1276 0
-1275 0
-1274 0
-1273 0
-1272 0
-1271 0
-1270 0
-1269 0
-1268 0
-1267 0
-1266 0
-1265 0
-1264 1
-1263 0
-1262 0
-1261 0
-1260 0
-1259 0
-1258 0
-1257 0
-1256 1
-1255 0
-1254 0
-1253 0
-1252 0
-1251 0
-1250 0
-1249 1
-1248 0
-1247 0
-1246 0
-1245 0
-1244 0
-1243 0
-1242 0
-1241 0
-1240 0
-1239 0
-1238 2
-1237 1
-1236 0
-1235 0
-1234 0
-1233 0
-1232 0
-1231 0
-1230 0
-1229 0
-1228 0
-1227 0
-1226 0
-1225 0
-1224 0
-1223 0
-1222 0
-1221 0
-1220 0
-1219 1
-1218 0
-1217 0
-1216 0
-1215 0
-1214 0
-1213 1
-1212 0
-1211 0
-1210 0
-1209 1
-1208 0
-1207 1
-1206 1
-1205 0
-1204 0
-1203 1
-1202 0
-1201 1
-1200 0
-1199 0
-1198 1
-1197 0
-1196 1
-1195 0
-1194 0
-1193 1
-1192 0
-1191 0
-1190 0
-1189 1
-1188 1
-1187 0
-1186 0
-1185 0
-1184 0
-1183 0
-1182 0
-1181 0
-1180 0
-1179 1
-1178 0
-1177 2
-1176 1
-1175 1
-1174 1
-1173 0
-1172 0
-1171 0
-1170 0
-1169 0
-1168 0
-1167 2
-1166 0
-1165 0
-1164 1
-1163 0
-1162 0
-1161 1
-1160 0
-1159 0
-1158 0
-1157 0
-1156 2
-1155 0
-1154 0
-1153 0
-1152 0
-1151 1
-1150 1
-1149 0
-1148 2
-1147 1
-1146 2
-1145 1
-1144 0
-1143 0
-1142 1
-1141 0
-1140 0
-1139 1
-1138 0
-1137 1
-1136 1
-1135 0
-1134 1
-1133 1
-1132 0
-1131 0
-1130 1
-1129 0
-1128 1
-1127 1
-1126 0
-1125 0
-1124 1
-1123 0
-1122 1
-1121 0
-1120 0
-1119 0
-1118 0
-1117 1
-1116 0
-1115 0
-1114 1
-1113 0
-1112 0
-1111 1
-1110 0
-1109 0
-1108 0
-1107 1
-1106 0
-1105 1
-1104 0
-1103 1
-1102 0
-1101 0
-1100 0
-1099 1
-1098 1
-1097 0
-1096 0
-1095 0
-1094 0
-1093 2
-1092 0
-1091 0
-1090 1
-1089 0
-1088 1
-1087 1
-1086 2
-1085 0
-1084 0
-1083 0
-1082 1
-1081 1
-1080 0
-1079 2
-1078 0
-1077 1
-1076 0
-1075 1
-1074 1
-1073 0
-1072 2
-1071 0
-1070 0
-1069 2
-1068 0
-1067 0
-1066 0
-1065 0
-1064 0
-1063 0
-1062 0
-1061 1
-1060 0
-1059 1
-1058 1
-1057 1
-1056 0
-1055 1
-1054 1
-1053 0
-1052 0
-1051 0
-1050 0
-1049 0
-1048 1
-1047 0
-1046 1
-1045 0
-1044 0
-1043 2
-1042 0
-1041 1
-1040 2
-1039 1
-1038 1
-1037 1
-1036 2
-1035 0
-1034 1
-1033 0
-1032 0
-1031 1
-1030 1
-1029 0
-1028 1
-1027 0
-1026 0
-1025 1
-1024 1
-1023 0
-1022 1
-1021 0
-1020 1
-1019 0
-1018 0
-1017 3
-1016 1
-1015 1
-1014 1
-1013 0
-1012 1
-1011 1
-1010 3
-1009 0
-1008 0
-1007 1
-1006 0
-1005 0
-1004 0
-1003 2
-1002 1
-1001 1
-1000 1
-999 0
-998 1
-997 1
-996 2
-995 2
-994 1
-993 0
-992 0
-991 0
-990 1
-989 0
-988 2
-987 0
-986 1
-985 0
-984 2
-983 0
-982 0
-981 0
-980 1
-979 0
-978 2
-977 1
-976 1
-975 1
-974 1
-973 0
-972 1
-971 0
-970 2
-969 3
-968 3
-967 1
-966 2
-965 0
-964 4
-963 2
-962 0
-961 2
-960 0
-959 0
-958 0
-957 2
-956 0
-955 1
-954 2
-953 2
-952 0
-951 1
-950 0
-949 2
-948 5
-947 1
-946 1
-945 0
-944 1
-943 3
-942 0
-941 1
-940 2
-939 2
-938 2
-937 0
-936 2
-935 2
-934 1
-933 0
-932 3
-931 1
-930 1
-929 3
-928 1
-927 2
-926 1
-925 1
-924 2
-923 1
-922 2
-921 1
-920 0
-919 1
-918 1
-917 0
-916 1
-915 1
-914 3
-913 1
-912 2
-911 3
-910 1
-909 6
-908 2
-907 1
-906 1
-905 3
-904 3
-903 0
-902 0
-901 3
-900 2
-899 3
-898 0
-897 5
-896 4
-895 0
-894 1
-893 2
-892 2
-891 1
-890 5
-889 1
-888 2
-887 3
-886 1
-885 1
-884 6
-883 3
-882 0
-881 3
-880 2
-879 2
-878 2
-877 4
-876 3
-875 1
-874 2
-873 5
-872 2
-871 2
-870 4
-869 4
-868 2
-867 0
-866 2
-865 4
-864 5
-863 5
-862 3
-861 1
-860 3
-859 3
-858 4
-857 5
-856 3
-855 3
-854 2
-853 4
-852 2
-851 1
-850 1
-849 6
-848 4
-847 4
-846 1
-845 1
-844 3
-843 4
-842 1
-841 1
-840 2
-839 4
-838 0
-837 2
-836 2
-835 3
-834 3
-833 1
-832 3
-831 0
-830 4
-829 3
-828 2
-827 0
-826 4
-825 2
-824 3
-823 3
-822 5
-821 4
-820 2
-819 2
-818 3
-817 4
-816 2
-815 3
-814 3
-813 5
-812 3
-811 3
-810 6
-809 1
-808 9
-807 1
-806 4
-805 0
-804 0
-803 3
-802 4
-801 1
-800 4
-799 3
-798 3
-797 3
-796 6
-795 3
-794 3
-793 3
-792 1
-791 1
-790 2
-789 3
-788 3
-787 1
-786 4
-785 2
-784 2
-783 7
-782 1
-781 2
-780 1
-779 3
-778 2
-777 0
-776 4
-775 8
-774 6
-773 3
-772 1
-771 3
-770 1
-769 4
-768 3
-767 4
-766 5
-765 4
-764 4
-763 5
-762 1
-761 0
-760 6
-759 2
-758 5
-757 0
-756 3
-755 1
-754 4
-753 5
-752 2
-751 4
-750 2
-749 3
-748 4
-747 4
-746 5
-745 3
-744 3
-743 9
-742 4
-741 4
-740 3
-739 0
-738 4
-737 8
-736 4
-735 7
-734 1
-733 2
-732 6
-731 7
-730 6
-729 2
-728 7
-727 5
-726 7
-725 2
-724 6
-723 2
-722 2
-721 1
-720 0
-719 3
-718 3
-717 6
-716 2
-715 1
-714 5
-713 5
-712 5
-711 4
-710 4
-709 3
-708 7
-707 5
-706 2
-705 3
-704 5
-703 4
-702 2
-701 4
-700 4
-699 6
-698 6
-697 4
-696 4
-695 5
-694 5
-693 6
-692 9
-691 3
-690 5
-689 4
-688 8
-687 2
-686 8
-685 3
-684 11
-683 5
-682 9
-681 5
-680 4
-679 2
-678 4
-677 8
-676 5
-675 1
-674 4
-673 4
-672 9
-671 4
-670 7
-669 7
-668 4
-667 6
-666 5
-665 5
-664 4
-663 11
-662 3
-661 6
-660 8
-659 5
-658 7
-657 6
-656 7
-655 6
-654 7
-653 5
-652 5
-651 7
-650 7
-649 5
-648 12
-647 5
-646 5
-645 7
-644 10
-643 6
-642 5
-641 9
-640 3
-639 4
-638 4
-637 4
-636 10
-635 10
-634 7
-633 8
-632 5
-631 9
-630 7
-629 10
-628 5
-627 8
-626 12
-625 4
-624 4
-623 8
-622 5
-621 9
-620 9
-619 4
-618 7
-617 10
-616 7
-615 8
-614 5
-613 6
-612 6
-611 6
-610 10
-609 3
-608 5
-607 9
-606 8
-605 5
-604 7
-603 10
-602 6
-601 14
-600 16
-599 5
-598 10
-597 5
-596 6
-595 9
-594 16
-593 6
-592 7
-591 6
-590 5
-589 8
-588 7
-587 8
-586 14
-585 8
-584 6
-583 8
-582 9
-581 10
-580 10
-579 11
-578 8
-577 8
-576 7
-575 12
-574 7
-573 10
-572 11
-571 9
-570 4
-569 8
-568 13
-567 11
-566 8
-565 10
-564 11
-563 9
-562 8
-561 8
-560 11
-559 15
-558 9
-557 11
-556 11
-555 13
-554 15
-553 16
-552 11
-551 6
-550 9
-549 14
-548 12
-547 8
-546 8
-545 12
-544 10
-543 12
-542 6
-541 18
-540 13
-539 14
-538 11
-537 9
-536 18
-535 9
-534 7
-533 16
-532 12
-531 14
-530 8
-529 7
-528 16
-527 16
-526 12
-525 13
-524 9
-523 17
-522 13
-521 9
-520 10
-519 15
-518 13
-517 20
-516 7
-515 9
-514 10
-513 18
-512 17
-511 12
-510 15
-509 15
-508 17
-507 11
-506 9
-505 15
-504 11
-503 12
-502 15
-501 6
-500 7
-499 13
-498 10
-497 17
-496 15
-495 14
-494 13
-493 14
-492 5
-491 11
-490 15
-489 13
-488 20
-487 18
-486 17
-485 16
-484 10
-483 13
-482 12
-481 14
-480 22
-479 15
-478 18
-477 12
-476 17
-475 22
-474 21
-473 16
-472 11
-471 13
-470 26
-469 15
-468 13
-467 11
-466 16
-465 17
-464 20
-463 22
-462 19
-461 23
-460 20
-459 14
-458 28
-457 23
-456 27
-455 18
-454 20
-453 25
-452 12
-451 24
-450 19
-449 14
-448 20
-447 24
-446 22
-445 19
-444 15
-443 24
-442 22
-441 21
-440 17
-439 25
-438 26
-437 20
-436 22
-435 20
-434 19
-433 22
-432 22
-431 18
-430 23
-429 18
-428 28
-427 23
-426 39
-425 30
-424 19
-423 21
-422 22
-421 20
-420 32
-419 21
-418 14
-417 27
-416 22
-415 31
-414 15
-413 21
-412 30
-411 23
-410 25
-409 19
-408 30
-407 32
-406 24
-405 29
-404 36
-403 32
-402 36
-401 31
-400 27
-399 30
-398 30
-397 34
-396 25
-395 26
-394 22
-393 30
-392 40
-391 26
-390 32
-389 22
-388 31
-387 24
-386 33
-385 29
-384 31
-383 25
-382 37
-381 33
-380 29
-379 32
-378 23
-377 32
-376 32
-375 32
-374 30
-373 42
-372 28
-371 35
-370 28
-369 38
-368 38
-367 37
-366 25
-365 32
-364 18
-363 37
-362 29
-361 31
-360 27
-359 34
-358 34
-357 30
-356 40
-355 40
-354 44
-353 34
-352 40
-351 34
-350 27
-349 27
-348 34
-347 40
-346 45
-345 43
-344 35
-343 47
-342 32
-341 46
-340 41
-339 44
-338 41
-337 42
-336 58
-335 45
-334 49
-333 58
-332 46
-331 39
-330 45
-329 30
-328 44
-327 59
-326 55
-325 47
-324 59
-323 42
-322 47
-321 66
-320 62
-319 60
-318 37
-317 55
-316 55
-315 39
-314 52
-313 66
-312 41
-311 49
-310 54
-309 52
-308 54
-307 51
-306 38
-305 50
-304 51
-303 69
-302 48
-301 56
-300 72
-299 57
-298 51
-297 62
-296 49
-295 50
-294 62
-293 61
-292 50
-291 62
-290 60
-289 55
-288 53
-287 55
-286 62
-285 67
-284 69
-283 75
-282 73
-281 60
-280 59
-279 57
-278 71
-277 67
-276 61
-275 63
-274 70
-273 67
-272 74
-271 58
-270 86
-269 74
-268 83
-267 75
-266 79
-265 74
-264 83
-263 66
-262 88
-261 84
-260 90
-259 82
-258 81
-257 91
-256 87
-255 84
-254 73
-253 60
-252 84
-251 96
-250 89
-249 80
-248 110
-247 93
-246 96
-245 93
-244 92
-243 81
-242 90
-241 95
-240 84
-239 100
-238 107
-237 77
-236 103
-235 107
-234 123
-233 101
-232 98
-231 109
-230 99
-229 111
-228 120
-227 122
-226 119
-225 101
-224 138
-223 121
-222 106
-221 110
-220 144
-219 85
-218 113
-217 141
-216 113
-215 142
-214 120
-213 128
-212 117
-211 116
-210 139
-209 136
-208 121
-207 133
-206 129
-205 121
-204 116
-203 131
-202 133
-201 133
-200 131
-199 135
-198 144
-197 171
-196 160
-195 133
-194 138
-193 153
-192 136
-191 155
-190 152
-189 151
-188 174
-187 145
-186 151
-185 169
-184 181
-183 177
-182 158
-181 165
-180 171
-179 182
-178 191
-177 179
-176 176
-175 200
-174 179
-173 225
-172 197
-171 209
-170 199
-169 193
-168 190
-167 182
-166 212
-165 225
-164 210
-163 211
-162 222
-161 224
-160 236
-159 239
-158 223
-157 217
-156 242
-155 229
-154 247
-153 245
-152 234
-151 246
-150 234
-149 259
-148 243
-147 267
-146 265
-145 240
-144 278
-143 273
-142 278
-141 276
-140 274
-139 263
-138 279
-137 301
-136 317
-135 304
-134 304
-133 314
-132 300
-131 293
-130 344
-129 323
-128 345
-127 364
-126 316
-125 343
-124 387
-123 359
-122 318
-121 366
-120 401
-119 363
-118 382
-117 398
-116 373
-115 424
-114 410
-113 439
-112 416
-111 446
-110 448
-109 465
-108 443
-107 461
-106 471
-105 470
-104 496
-103 471
-102 479
-101 503
-100 553
-99 505
-98 582
-97 552
-96 541
-95 577
-94 594
-93 556
-92 598
-91 594
-90 600
-89 674
-88 650
-87 644
-86 674
-85 696
-84 727
-83 665
-82 710
-81 741
-80 750
-79 829
-78 807
-77 813
-76 869
-75 878
-74 898
-73 977
-72 910
-71 965
-70 960
-69 1003
-68 1054
-67 1124
-66 1049
-65 1108
-64 1134
-63 1161
-62 1203
-61 1244
-60 1271
-59 1382
-58 1352
-57 1418
-56 1481
-55 1569
-54 1575
-53 1736
-52 1668
-51 1761
-50 1859
-49 1887
-48 1881
-47 2021
-46 2189
-45 2127
-44 2284
-43 2349
-42 2477
-41 2643
-40 2674
-39 2781
-38 2807
-37 3062
-36 3185
-35 3435
-34 3606
-33 3867
-32 4154
-31 4198
-30 4461
-29 4762
-28 5112
-27 5420
-26 5736
-25 6150
-24 6643
-23 7167
-22 7797
-21 8412
-20 9296
-19 9979
-18 11086
-17 12173
-16 13536
-15 15571
-14 17464
-13 19972
-12 22998
-11 27552
-10 32702
-9 40604
-8 50703
-7 66559
-6 92293
-5 136535
-4 227946
-3 472814
-2 1506086
-1 18892800
0 1066370855
1 19772269
2 804359
3 290141
4 165703
5 108312
6 76753
7 57153
8 44839
9 36323
10 29922
11 25114
12 21634
13 18869
14 16354
15 14536
16 13040
17 11556
18 10614
19 9388
20 8879
21 8054
22 7648
23 6879
24 6335
25 5949
26 5634
27 5173
28 4954
29 4673
30 4330
31 4149
32 4001
33 3802
34 3511
35 3338
36 3193
37 2868
38 2848
39 2651
40 2701
41 2558
42 2390
43 2302
44 2194
45 2101
46 2102
47 2051
48 1875
49 1821
50 1838
51 1731
52 1742
53 1634
54 1546
55 1540
56 1395
57 1421
58 1333
59 1365
60 1240
61 1247
62 1221
63 1132
64 1123
65 1161
66 1040
67 1061
68 1024
69 1045
70 978
71 971
72 932
73 887
74 949
75 853
76 789
77 797
78 780
79 774
80 715
81 724
82 738
83 699
84 699
85 669
86 660
87 634
88 655
89 666
90 605
91 577
92 581
93 576
94 572
95 543
96 552
97 550
98 560
99 526
100 515
101 480
102 518
103 471
104 531
105 471
106 465
107 465
108 436
109 409
110 453
111 436
112 435
113 435
114 463
115 414
116 378
117 378
118 375
119 397
120 395
121 345
122 321
123 345
124 364
125 334
126 337
127 320
128 343
129 342
130 304
131 341
132 299
133 302
134 292
135 278
136 301
137 270
138 270
139 264
140 297
141 312
142 317
143 268
144 245
145 257
146 283
147 258
148 246
149 277
150 268
151 241
152 212
153 229
154 234
155 255
156 226
157 231
158 247
159 218
160 213
161 245
162 195
163 218
164 221
165 184
166 217
167 194
168 202
169 200
170 193
171 219
172 212
173 177
174 194
175 191
176 167
177 187
178 167
179 202
180 164
181 166
182 163
183 171
184 160
185 163
186 158
187 155
188 170
189 162
190 156
191 157
192 158
193 148
194 141
195 167
196 130
197 141
198 148
199 124
200 132
201 139
202 147
203 136
204 126
205 139
206 150
207 136
208 135
209 114
210 140
211 123
212 144
213 121
214 111
215 121
216 128
217 120
218 130
219 105
220 146
221 110
222 130
223 125
224 98
225 119
226 104
227 101
228 112
229 127
230 102
231 114
232 98
233 105
234 106
235 94
236 84
237 98
238 83
239 82
240 102
241 81
242 94
243 92
244 76
245 87
246 89
247 77
248 71
249 88
250 94
251 76
252 90
253 113
254 103
255 76
256 83
257 76
258 89
259 81
260 76
261 71
262 74
263 89
264 65
265 76
266 78
267 83
268 85
269 65
270 57
271 82
272 67
273 59
274 56
275 82
276 62
277 67
278 72
279 60
280 69
281 73
282 74
283 64
284 67
285 62
286 67
287 66
288 52
289 52
290 66
291 51
292 59
293 61
294 75
295 53
296 54
297 57
298 59
299 51
300 42
301 52
302 58
303 43
304 62
305 47
306 63
307 52
308 57
309 54
310 51
311 44
312 53
313 47
314 58
315 47
316 52
317 55
318 54
319 56
320 47
321 51
322 48
323 66
324 56
325 46
326 48
327 46
328 60
329 42
330 50
331 42
332 34
333 41
334 35
335 32
336 48
337 51
338 38
339 40
340 45
341 35
342 43
343 36
344 33
345 29
346 48
347 29
348 36
349 50
350 36
351 36
352 30
353 42
354 37
355 47
356 37
357 41
358 22
359 29
360 38
361 42
362 42
363 26
364 32
365 26
366 43
367 39
368 41
369 35
370 38
371 22
372 36
373 29
374 28
375 35
376 27
377 21
378 33
379 46
380 27
381 24
382 32
383 28
384 29
385 23
386 36
387 27
388 27
389 35
390 30
391 26
392 21
393 26
394 29
395 25
396 33
397 32
398 29
399 28
400 25
401 30
402 25
403 25
404 38
405 34
406 29
407 29
408 25
409 28
410 32
411 23
412 22
413 21
414 24
415 21
416 26
417 28
418 20
419 29
420 36
421 28
422 21
423 24
424 34
425 21
426 29
427 23
428 24
429 15
430 17
431 19
432 26
433 26
434 16
435 26
436 18
437 17
438 19
439 26
440 18
441 25
442 15
443 16
444 12
445 16
446 19
447 22
448 25
449 16
450 19
451 19
452 19
453 19
454 19
455 16
456 18
457 23
458 15
459 25
460 19
461 17
462 23
463 23
464 21
465 29
466 15
467 10
468 17
469 15
470 18
471 14
472 13
473 20
474 18
475 13
476 18
477 21
478 19
479 14
480 17
481 13
482 21
483 23
484 21
485 11
486 12
487 20
488 15
489 14
490 12
491 15
492 14
493 12
494 11
495 12
496 14
497 4
498 14
499 13
500 13
501 12
502 12
503 9
504 17
505 11
506 18
507 8
508 17
509 17
510 12
511 12
512 14
513 16
514 8
515 8
516 13
517 10
518 13
519 9
520 3
521 16
522 16
523 8
524 9
525 17
526 17
527 8
528 17
529 8
530 13
531 11
532 13
533 21
534 11
535 7
536 16
537 10
538 13
539 5
540 12
541 9
542 7
543 7
544 5
545 12
546 11
547 9
548 7
549 18
550 11
551 8
552 7
553 8
554 7
555 13
556 11
557 10
558 11
559 13
560 14
561 15
562 8
563 13
564 14
565 8
566 14
567 7
568 16
569 12
570 4
571 12
572 14
573 15
574 5
575 8
576 11
577 8
578 9
579 10
580 7
581 9
582 5
583 10
584 8
585 9
586 9
587 10
588 8
589 14
590 8
591 6
592 11
593 7
594 9
595 14
596 7
597 12
598 8
599 4
600 6
601 11
602 9
603 11
604 9
605 6
606 10
607 9
608 5
609 11
610 11
611 5
612 5
613 6
614 4
615 9
616 13
617 8
618 10
619 7
620 4
621 2
622 8
623 9
624 6
625 9
626 4
627 6
628 8
629 11
630 6
631 9
632 6
633 10
634 5
635 7
636 12
637 4
638 9
639 10
640 8
641 4
642 9
643 6
644 7
645 3
646 3
647 5
648 6
649 4
650 4
651 2
652 4
653 5
654 5
655 5
656 3
657 9
658 9
659 4
660 6
661 6
662 11
663 7
664 5
665 1
666 2
667 5
668 6
669 3
670 9
671 9
672 6
673 13
674 7
675 4
676 3
677 5
678 4
679 5
680 3
681 10
682 6
683 2
684 4
685 4
686 5
687 7
688 7
689 6
690 7
691 3
692 3
693 14
694 4
695 4
696 2
697 3
698 4
699 4
700 4
701 2
702 4
703 3
704 10
705 5
706 4
707 3
708 4
709 5
710 3
711 5
712 8
713 3
714 4
715 5
716 10
717 6
718 0
719 1
720 4
721 6
722 8
723 2
724 5
725 2
726 1
727 7
728 4
729 4
730 2
731 3
732 4
733 4
734 4
735 4
736 7
737 8
738 2
739 2
740 5
741 6
742 4
743 4
744 1
745 5
746 2
747 0
748 1
749 2
750 3
751 3
752 4
753 3
754 2
755 2
756 4
757 1
758 3
759 8
760 3
761 4
762 10
763 4
764 2
765 4
766 6
767 6
768 1
769 3
770 6
771 3
772 1
773 2
774 2
775 4
776 4
777 3
778 2
779 4
780 2
781 2
782 6
783 2
784 4
785 8
786 1
787 2
788 1
789 2
790 5
791 1
792 4
793 2
794 3
795 0
796 2
797 5
798 1
799 0
800 6
801 1
802 1
803 4
804 2
805 3
806 3
807 3
808 2
809 2
810 2
811 1
812 5
813 4
814 1
815 3
816 6
817 2
818 3
819 3
820 3
821 2
822 5
823 4
824 1
825 6
826 4
827 3
828 2
829 2
830 2
831 1
832 1
833 5
834 5
835 3
836 2
837 3
838 5
839 1
840 2
841 3
842 3
843 1
844 3
845 0
846 3
847 5
848 2
849 1
850 1
851 0
852 5
853 1
854 5
855 3
856 0
857 3
858 1
859 0
860 3
861 2
862 2
863 1
864 1
865 3
866 4
867 3
868 2
869 3
870 4
871 2
872 3
873 2
874 1
875 0
876 3
877 1
878 2
879 3
880 0
881 4
882 3
883 3
884 4
885 2
886 3
887 2
888 0
889 0
890 2
891 4
892 2
893 3
894 0
895 2
896 6
897 3
898 2
899 1
900 0
901 6
902 1
903 3
904 3
905 0
906 1
907 2
908 2
909 2
910 1
911 3
912 2
913 2
914 2
915 2
916 1
917 4
918 3
919 3
920 1
921 1
922 0
923 0
924 2
925 2
926 3
927 3
928 0
929 0
930 2
931 0
932 0
933 1
934 1
935 0
936 3
937 2
938 2
939 1
940 1
941 0
942 1
943 2
944 4
945 3
946 1
947 1
948 0
949 1
950 0
951 0
952 1
953 1
954 2
955 0
956 1
957 0
958 2
959 0
960 1
961 0
962 0
963 1
964 1
965 1
966 3
967 0
968 5
969 1
970 0
971 0
972 1
973 0
974 0
975 0
976 2
977 0
978 3
979 2
980 1
981 0
982 3
983 0
984 1
985 0
986 2
987 0
988 0
989 0
990 3
991 0
992 0
993 2
994 1
995 2
996 0
997 0
998 0
999 1
1000 1
1001 1
1002 2
1003 0
1004 2
1005 1
1006 0
1007 1
1008 2
1009 0
1010 0
1011 2
1012 2
1013 2
1014 0
1015 0
1016 1
1017 0
1018 2
1019 0
1020 2
1021 1
1022 0
1023 0
1024 2
1025 0
1026 0
1027 0
1028 1
1029 0
1030 1
1031 1
1032 0
1033 1
1034 1
1035 1
1036 0
1037 0
1038 1
1039 0
1040 1
1041 0
1042 3
1043 1
1044 0
1045 1
1046 1
1047 0
1048 0
1049 0
1050 1
1051 0
1052 2
1053 0
1054 0
1055 0
1056 0
1057 0
1058 1
1059 1
1060 0
1061 0
1062 0
1063 0
1064 0
1065 2
1066 0
1067 0
1068 1
1069 0
1070 1
1071 0
1072 1
1073 1
1074 2
1075 0
1076 1
1077 1
1078 0
1079 0
1080 0
1081 0
1082 0
1083 0
1084 0
1085 0
1086 1
1087 0
1088 0
1089 2
1090 1
1091 1
1092 0
1093 0
1094 1
1095 2
1096 0
1097 0
1098 1
1099 2
1100 0
1101 1
1102 2
1103 1
1104 0
1105 1
1106 1
1107 0
1108 2
1109 0
1110 0
1111 0
1112 0
1113 0
1114 1
1115 0
1116 0
1117 1
1118 1
1119 1
1120 0
1121 1
1122 1
1123 2
1124 0
1125 0
1126 2
1127 0
1128 1
1129 1
1130 0
1131 1
1132 0
1133 2
1134 1
1135 0
1136 1
1137 0
1138 2
1139 0
1140 0
1141 0
1142 1
1143 0
1144 0
1145 0
1146 0
1147 1
1148 0
1149 0
1150 0
1151 1
1152 1
1153 0
1154 0
1155 0
1156 2
1157 0
1158 2
1159 1
1160 0
1161 1
1162 1
1163 0
1164 0
1165 2
1166 0
1167 0
1168 1
1169 1
1170 0
1171 0
1172 0
1173 0
1174 0
1175 0
1176 3
1177 0
1178 0
1179 0
1180 1
1181 0
1182 1
1183 0
1184 0
1185 0
1186 0
1187 0
1188 2
1189 0
1190 0
1191 0
1192 0
1193 0
1194 0
1195 0
1196 0
1197 2
1198 0
1199 1
1200 1
1201 0
1202 1
1203 1
1204 0
1205 0
1206 0
1207 1
1208 0
1209 0
1210 0
1211 0
1212 0
1213 1
1214 0
1215 0
1216 0
1217 0
1218 0
1219 0
1220 1
1221 0
1222 0
1223 0
1224 0
1225 1
1226 1
1227 0
1228 0
1229 1
1230 0
1231 0
1232 0
1233 0
1234 0
1235 0
1236 0
1237 0
1238 1
1239 1
1240 0
1241 0
1242 0
1243 1
1244 0
1245 0
1246 0
1247 0
1248 0
1249 0
1250 1
1251 0
1252 0
1253 0
1254 0
1255 0
1256 0
1257 0
1258 2
1259 1
1260 0
1261 0
1262 0
1263 0
1264 0
1265 0
1266 0
1267 1
1268 0
1269 0
1270 0
1271 0
1272 0
1273 0
1274 0
1275 1
1276 1
1277 0
1278 0
1279 0
1280 0
1281 1
1282 0
1283 1
1284 0
1285 0
1286 0
1287 1
1288 0
1289 0
1290 0
1291 0
1292 0
1293 0
1294 0
1295 0
1296 0
1297 0
1298 0
1299 0
1300 0
1301 0
1302 1
1303 0
1304 1
1305 0
1306 0
1307 0
1308 0
1309 1
1310 3
1311 1
1312 1
1313 0
1314 0
1315 0
1316 0
1317 0
1318 1
1319 0
1320 0
1321 0
1322 0
1323 0
1324 0
1325 0
1326 0
1327 0
1328 0
1329 0
1330 0
1331 0
1332 1
1333 0
1334 0
1335 0
1336 1
1337 0
1338 0
1339 1
1340 0
1341 1
1342 0
1343 0
1344 0
1345 0
1346 0
1347 0
1348 1
1349 0
1350 0
1351 0
1352 0
1353 0
1354 0
1355 0
1356 1
1357 0
1358 0
1359 0
1360 0
1361 0
1362 0
1363 0
1364 1
1365 1
1366 0
1367 0
1368 0
1369 0
1370 1
1371 0
1372 0
1373 0
1374 0
1375 0
1376 0
1377 0
1378 0
1379 0
1380 1
1381 1
1382 0
1383 0
1384 0
1385 0
1386 0
1387 0
1388 0
1389 0
1390 0
1391 0
1392 0
1393 0
1394 0
1395 0
1396 0
1397 0
1398 0
1399 0
1400 0
1401 0
1402 0
1403 0
1404 0
1405 0
1406 0
1407 0
1408 0
1409 1
1410 0
1411 0
1412 0
1413 0
1414 0
1415 0
1416 0
1417 0
1418 0
1419 0
1420 0
1421 0
1422 0
1423 0
1424 0
1425 0
1426 0
1427 0
1428 0
1429 0
1430 0
1431 0
1432 0
1433 0
1434 0
1435 0
1436 0
1437 1
1438 0
1439 0
1440 0
1441 0
1442 0
1443 0
1444 0
1445 0
1446 1
1447 0
1448 0
1449 0
1450 0
1451 0
1452 0
1453 0
1454 0
1455 0
1456 0
1457 0
1458 0
1459 1
1460 1
1461 0
1462 0
1463 0
1464 0
1465 0
1466 0
1467 0
1468 0
1469 0
1470 0
1471 0
1472 0
1473 0
1474 0
1475 0
1476 1
1477 0
1478 0
1479 1
1480 0
1481 0
1482 0
1483 0
1484 1
1485 0
1486 0
1487 0
1488 0
1489 0
1490 0
1491 0
1492 0
1493 0
1494 0
1495 0
1496 0
1497 0
1498 0
1499 0
1500 0
1501 0
1502 0
1503 0
1504 0
1505 0
1506 1
1507 0
1508 0
1509 0
1510 0
1511 0
1512 0
1513 0
1514 0
1515 0
1516 0
1517 0
1518 0
1519 0
1520 0
1521 0
1522 0
1523 0
1524 0
1525 0
1526 0
1527 0
1528 0
1529 0
1530 0
1531 0
1532 0
1533 0
1534 0
1535 0
1536 0
1537 0
1538 0
1539 0
1540 0
1541 0
1542 0
1543 0
1544 0
1545 0
1546 0
1547 0
1548 0
1549 0
1550 0
1551 0
1552 0
1553 0
1554 0
1555 0
1556 1
1557 0
1558 0
1559 0
1560 0
1561 0
1562 0
1563 0
1564 0
1565 0
1566 0
1567 0
1568 0
1569 0
1570 0
1571 0
1572 0
1573 0
1574 0
1575 0
1576 0
1577 0
1578 0
1579 0
1580 0
1581 0
1582 0
1583 0
1584 0
1585 0
1586 0
1587 0
1588 0
1589 0
1590 0
1591 0
1592 0
1593 0
1594 0
1595 0
1596 0
1597 0
1598 0
1599 0
1600 0
1601 0
1602 1
1603 0
1604 0
1605 0
1606 0
1607 0
1608 0
1609 0
1610 0
1611 0
1612 0
1613 0
1614 0
1615 0
1616 0
1617 0
1618 0
1619 0
1620 0
1621 0
1622 0
1623 0
1624 0
1625 0
1626 0
1627 0
1628 0
1629 0
1630 0
1631 0
1632 0
1633 0
1634 0
1635 0
1636 0
1637 0
1638 0
1639 0
1640 0
1641 0
1642 0
1643 0
1644 0
1645 0
1646 0
1647 0
1648 0
1649 0
1650 0
1651 0
1652 0
1653 0
1654 0
1655 0
1656 0
1657 0
1658 0
1659 0
1660 1
