0 0.2612
1 0.2717
2 0.2615
3 0.2656
4 0.2599
5 0.2667
6 0.2655
7 0.254
8 0.2599
9 0.2651
10 0.2532
11 0.2549
12 0.2606
13 0.259
14 0.2611
15 0.2584
16 0.2583
17 0.2635
18 0.261
19 0.2554
20 0.2591
21 0.2692
22 0.2695
23 0.2653
24 0.2566
25 0.2564
26 0.2581
27 0.258
28 0.2579
29 0.254
30 0.2676
31 0.258
32 0.2624
33 0.2598
34 0.2631
35 0.2662
36 0.2613
37 0.2556
38 0.2613
39 0.264
40 0.2603
41 0.2702
42 0.2607
43 0.2644
44 0.2596
45 0.2638
46 0.2621
47 0.2661
48 0.2622
49 0.2598
50 0.2648
51 0.2627
52 0.2632
53 0.265
54 0.2706
55 0.2603
56 0.2585
57 0.2604
58 0.2604
59 0.2527
60 0.2605
61 0.2596
62 0.2554
63 0.2583
64 0.2665
65 0.2693
66 0.2568
67 0.2582
68 0.2646
69 0.2641
70 0.2641
71 0.2532
72 0.2563
73 0.2572
74 0.2566
75 0.2545
76 0.2644
77 0.2609
78 0.2623
79 0.2574
80 0.2569
81 0.264
82 0.2607
83 0.2616
84 0.2603
85 0.2571
86 0.2585
87 0.258
88 0.2604
89 0.2607
90 0.2557
91 0.2609
92 0.2638
93 0.2617
94 0.2574
95 0.2585
96 0.2585
97 0.252
98 0.2635
99 0.2565
100 0.2576
101 0.2612
102 0.2704
103 0.2593
104 0.2592
105 0.257
106 0.2639
107 0.2538
108 0.2629
109 0.2675
110 0.2615
