-2194 1
-2193 0
-2192 0
-2191 0
-2190 0
-2189 0
-2188 1
-2187 0
-2186 0
-2185 0
-2184 0
-2183 0
-2182 1
-2181 0
-2180 0
-2179 0
-2178 0
-2177 0
-2176 0
-2175 0
-2174 0
-2173 0
-2172 0
-2171 0
-2170 0
-2169 0
-2168 0
-2167 0
-2166 0
-2165 0
-2164 0
-2163 0
-2162 0
-2161 0
-2160 0
-2159 1
-2158 0
-2157 0
-2156 0
-2155 0
-2154 1
-2153 0
-2152 1
-2151 0
-2150 0
-2149 1
-2148 0
-2147 0
-2146 0
-2145 0
-2144 1
-2143 1
-2142 0
-2141 0
-2140 0
-2139 1
-2138 0
-2137 2
-2136 1
-2135 0
-2134 0
-2133 0
-2132 1
-2131 2
-2130 0
-2129 0
-2128 0
-2127 0
-2126 1
-2125 0
-2124 0
-2123 0
-2122 1
-2121 0
-2120 0
-2119 0
-2118 0
-2117 0
-2116 0
-2115 2
-2114 1
-2113 1
-2112 0
-2111 0
-2110 1
-2109 0
-2108 1
-2107 0
-2106 0
-2105 0
-2104 0
-2103 0
-2102 1
-2101 1
-2100 0
-2099 0
-2098 1
-2097 0
-2096 0
-2095 1
-2094 2
-2093 0
-2092 0
-2091 1
-2090 0
-2089 1
-2088 0
-2087 1
-2086 1
-2085 0
-2084 0
-2083 0
-2082 1
-2081 0
-2080 1
-2079 0
-2078 0
-2077 0
-2076 0
-2075 0
-2074 1
-2073 1
-2072 0
-2071 0
-2070 0
-2069 1
-2068 0
-2067 1
-2066 0
-2065 0
-2064 1
-2063 0
-2062 0
-2061 1
-2060 1
-2059 2
-2058 0
-2057 0
-2056 0
-2055 0
-2054 0
-2053 0
-2052 0
-2051 0
-2050 4
-2049 1
-2048 1
-2047 0
-2046 1
-2045 1
-2044 0
-2043 4
-2042 1
-2041 0
-2040 0
-2039 0
-2038 1
-2037 1
-2036 1
-2035 0
-2034 1
-2033 3
-2032 1
-2031 2
-2030 1
-2029 0
-2028 0
-2027 1
-2026 1
-2025 0
-2024 0
-2023 0
-2022 0
-2021 1
-2020 0
-2019 1
-2018 1
-2017 0
-2016 1
-2015 1
-2014 1
-2013 2
-2012 0
-2011 2
-2010 0
-2009 0
-2008 0
-2007 0
-2006 1
-2005 0
-2004 1
-2003 1
-2002 5
-2001 2
-2000 1
-1999 1
-1998 2
-1997 0
-1996 2
-1995 1
-1994 1
-1993 3
-1992 1
-1991 0
-1990 0
-1989 0
-1988 2
-1987 1
-1986 1
-1985 1
-1984 1
-1983 4
-1982 2
-1981 3
-1980 4
-1979 1
-1978 0
-1977 1
-1976 3
-1975 2
-1974 1
-1973 3
-1972 4
-1971 2
-1970 0
-1969 2
-1968 1
-1967 5
-1966 3
-1965 1
-1964 2
-1963 3
-1962 2
-1961 2
-1960 1
-1959 4
-1958 1
-1957 3
-1956 1
-1955 1
-1954 1
-1953 1
-1952 3
-1951 3
-1950 2
-1949 4
-1948 1
-1947 6
-1946 3
-1945 1
-1944 4
-1943 5
-1942 3
-1941 5
-1940 4
-1939 4
-1938 3
-1937 5
-1936 2
-1935 0
-1934 1
-1933 2
-1932 2
-1931 3
-1930 2
-1929 2
-1928 1
-1927 5
-1926 2
-1925 0
-1924 0
-1923 4
-1922 0
-1921 3
-1920 2
-1919 1
-1918 5
-1917 4
-1916 2
-1915 3
-1914 2
-1913 1
-1912 3
-1911 5
-1910 4
-1909 3
-1908 4
-1907 5
-1906 7
-1905 3
-1904 2
-1903 2
-1902 3
-1901 5
-1900 3
-1899 0
-1898 3
-1897 3
-1896 5
-1895 1
-1894 2
-1893 1
-1892 2
-1891 5
-1890 5
-1889 2
-1888 3
-1887 4
-1886 5
-1885 6
-1884 4
-1883 5
-1882 3
-1881 6
-1880 4
-1879 5
-1878 1
-1877 6
-1876 4
-1875 3
-1874 2
-1873 3
-1872 3
-1871 5
-1870 7
-1869 0
-1868 4
-1867 3
-1866 6
-1865 3
-1864 5
-1863 7
-1862 5
-1861 3
-1860 1
-1859 3
-1858 5
-1857 8
-1856 4
-1855 5
-1854 7
-1853 6
-1852 2
-1851 5
-1850 6
-1849 3
-1848 5
-1847 4
-1846 9
-1845 3
-1844 8
-1843 5
-1842 3
-1841 0
-1840 7
-1839 3
-1838 2
-1837 4
-1836 3
-1835 4
-1834 7
-1833 6
-1832 0
-1831 6
-1830 3
-1829 6
-1828 5
-1827 4
-1826 4
-1825 6
-1824 3
-1823 10
-1822 4
-1821 10
-1820 7
-1819 6
-1818 3
-1817 8
-1816 1
-1815 10
-1814 7
-1813 4
-1812 6
-1811 5
-1810 10
-1809 4
-1808 4
-1807 6
-1806 6
-1805 6
-1804 3
-1803 6
-1802 7
-1801 10
-1800 10
-1799 5
-1798 4
-1797 5
-1796 10
-1795 4
-1794 5
-1793 6
-1792 6
-1791 5
-1790 5
-1789 5
-1788 2
-1787 8
-1786 11
-1785 6
-1784 7
-1783 2
-1782 9
-1781 10
-1780 3
-1779 4
-1778 12
-1777 8
-1776 5
-1775 11
-1774 10
-1773 6
-1772 9
-1771 5
-1770 5
-1769 11
-1768 11
-1767 11
-1766 2
-1765 9
-1764 6
-1763 6
-1762 7
-1761 8
-1760 11
-1759 7
-1758 7
-1757 8
-1756 11
-1755 6
-1754 8
-1753 7
-1752 5
-1751 12
-1750 11
-1749 8
-1748 7
-1747 12
-1746 13
-1745 10
-1744 11
-1743 11
-1742 7
-1741 11
-1740 9
-1739 7
-1738 15
-1737 13
-1736 3
-1735 4
-1734 8
-1733 2
-1732 10
-1731 10
-1730 11
-1729 14
-1728 12
-1727 6
-1726 13
-1725 10
-1724 8
-1723 13
-1722 11
-1721 10
-1720 9
-1719 13
-1718 10
-1717 20
-1716 12
-1715 15
-1714 12
-1713 12
-1712 13
-1711 9
-1710 10
-1709 15
-1708 14
-1707 13
-1706 16
-1705 12
-1704 9
-1703 15
-1702 14
-1701 15
-1700 16
-1699 14
-1698 12
-1697 15
-1696 14
-1695 15
-1694 19
-1693 22
-1692 10
-1691 9
-1690 13
-1689 6
-1688 19
-1687 16
-1686 12
-1685 5
-1684 13
-1683 21
-1682 12
-1681 15
-1680 10
-1679 20
-1678 12
-1677 11
-1676 20
-1675 17
-1674 14
-1673 17
-1672 21
-1671 12
-1670 17
-1669 17
-1668 18
-1667 14
-1666 16
-1665 21
-1664 20
-1663 19
-1662 16
-1661 25
-1660 23
-1659 20
-1658 15
-1657 16
-1656 23
-1655 18
-1654 22
-1653 16
-1652 11
-1651 15
-1650 23
-1649 18
-1648 16
-1647 15
-1646 18
-1645 21
-1644 24
-1643 16
-1642 22
-1641 27
-1640 12
-1639 18
-1638 20
-1637 22
-1636 27
-1635 20
-1634 18
-1633 26
-1632 26
-1631 22
-1630 25
-1629 24
-1628 19
-1627 22
-1626 22
-1625 17
-1624 20
-1623 23
-1622 23
-1621 17
-1620 23
-1619 21
-1618 25
-1617 26
-1616 17
-1615 21
-1614 27
-1613 16
-1612 17
-1611 33
-1610 22
-1609 23
-1608 23
-1607 17
-1606 19
-1605 20
-1604 26
-1603 19
-1602 16
-1601 29
-1600 20
-1599 23
-1598 30
-1597 21
-1596 27
-1595 18
-1594 27
-1593 19
-1592 37
-1591 29
-1590 25
-1589 22
-1588 30
-1587 29
-1586 24
-1585 24
-1584 35
-1583 22
-1582 34
-1581 25
-1580 26
-1579 24
-1578 32
-1577 30
-1576 29
-1575 17
-1574 34
-1573 29
-1572 26
-1571 23
-1570 25
-1569 21
-1568 34
-1567 30
-1566 28
-1565 30
-1564 16
-1563 32
-1562 29
-1561 26
-1560 39
-1559 33
-1558 28
-1557 38
-1556 27
-1555 44
-1554 32
-1553 30
-1552 33
-1551 28
-1550 27
-1549 28
-1548 32
-1547 22
-1546 34
-1545 31
-1544 41
-1543 31
-1542 28
-1541 33
-1540 35
-1539 46
-1538 45
-1537 29
-1536 41
-1535 36
-1534 35
-1533 39
-1532 36
-1531 30
-1530 38
-1529 27
-1528 29
-1527 39
-1526 26
-1525 36
-1524 31
-1523 30
-1522 39
-1521 40
-1520 38
-1519 31
-1518 43
-1517 37
-1516 36
-1515 43
-1514 35
-1513 34
-1512 40
-1511 38
-1510 30
-1509 34
-1508 43
-1507 34
-1506 44
-1505 42
-1504 37
-1503 40
-1502 42
-1501 35
-1500 52
-1499 40
-1498 34
-1497 33
-1496 47
-1495 42
-1494 53
-1493 40
-1492 55
-1491 40
-1490 45
-1489 37
-1488 36
-1487 37
-1486 46
-1485 36
-1484 42
-1483 38
-1482 39
-1481 49
-1480 59
-1479 48
-1478 46
-1477 46
-1476 45
-1475 59
-1474 42
-1473 43
-1472 49
-1471 46
-1470 53
-1469 56
-1468 54
-1467 51
-1466 36
-1465 56
-1464 49
-1463 53
-1462 53
-1461 49
-1460 55
-1459 45
-1458 66
-1457 51
-1456 47
-1455 57
-1454 49
-1453 53
-1452 54
-1451 51
-1450 52
-1449 55
-1448 48
-1447 53
-1446 54
-1445 45
-1444 47
-1443 71
-1442 51
-1441 59
-1440 47
-1439 48
-1438 74
-1437 47
-1436 70
-1435 61
-1434 73
-1433 56
-1432 63
-1431 45
-1430 64
-1429 54
-1428 49
-1427 54
-1426 50
-1425 59
-1424 61
-1423 53
-1422 64
-1421 53
-1420 63
-1419 50
-1418 58
-1417 52
-1416 65
-1415 63
-1414 70
-1413 58
-1412 56
-1411 55
-1410 51
-1409 63
-1408 62
-1407 72
-1406 67
-1405 62
-1404 67
-1403 61
-1402 69
-1401 60
-1400 72
-1399 60
-1398 67
-1397 77
-1396 75
-1395 60
-1394 78
-1393 71
-1392 68
-1391 64
-1390 69
-1389 65
-1388 78
-1387 79
-1386 62
-1385 77
-1384 73
-1383 72
-1382 74
-1381 74
-1380 65
-1379 65
-1378 65
-1377 73
-1376 73
-1375 58
-1374 78
-1373 77
-1372 72
-1371 66
-1370 66
-1369 82
-1368 86
-1367 72
-1366 61
-1365 74
-1364 73
-1363 80
-1362 73
-1361 59
-1360 83
-1359 82
-1358 79
-1357 74
-1356 76
-1355 86
-1354 75
-1353 61
-1352 84
-1351 61
-1350 80
-1349 70
-1348 79
-1347 82
-1346 73
-1345 78
-1344 82
-1343 82
-1342 75
-1341 84
-1340 81
-1339 78
-1338 76
-1337 91
-1336 90
-1335 81
-1334 84
-1333 78
-1332 76
-1331 86
-1330 86
-1329 93
-1328 83
-1327 94
-1326 87
-1325 89
-1324 92
-1323 90
-1322 79
-1321 89
-1320 75
-1319 80
-1318 109
-1317 82
-1316 79
-1315 110
-1314 92
-1313 107
-1312 107
-1311 107
-1310 100
-1309 91
-1308 83
-1307 80
-1306 89
-1305 93
-1304 96
-1303 100
-1302 102
-1301 93
-1300 111
-1299 107
-1298 111
-1297 97
-1296 117
-1295 91
-1294 102
-1293 124
-1292 95
-1291 98
-1290 106
-1289 102
-1288 94
-1287 81
-1286 108
-1285 110
-1284 104
-1283 91
-1282 108
-1281 127
-1280 88
-1279 112
-1278 101
-1277 108
-1276 92
-1275 111
-1274 105
-1273 115
-1272 95
-1271 134
-1270 116
-1269 137
-1268 111
-1267 100
-1266 119
-1265 100
-1264 118
-1263 104
-1262 110
-1261 123
-1260 111
-1259 106
-1258 119
-1257 128
-1256 131
-1255 108
-1254 129
-1253 129
-1252 110
-1251 136
-1250 131
-1249 127
-1248 107
-1247 138
-1246 142
-1245 128
-1244 123
-1243 124
-1242 130
-1241 134
-1240 128
-1239 120
-1238 114
-1237 134
-1236 119
-1235 131
-1234 109
-1233 120
-1232 127
-1231 113
-1230 144
-1229 130
-1228 123
-1227 139
-1226 126
-1225 140
-1224 144
-1223 142
-1222 141
-1221 130
-1220 142
-1219 119
-1218 133
-1217 130
-1216 129
-1215 131
-1214 149
-1213 119
-1212 132
-1211 142
-1210 137
-1209 141
-1208 135
-1207 129
-1206 142
-1205 145
-1204 150
-1203 129
-1202 140
-1201 136
-1200 138
-1199 140
-1198 150
-1197 122
-1196 145
-1195 160
-1194 139
-1193 123
-1192 143
-1191 117
-1190 154
-1189 155
-1188 149
-1187 167
-1186 164
-1185 141
-1184 149
-1183 155
-1182 148
-1181 144
-1180 145
-1179 142
-1178 180
-1177 164
-1176 137
-1175 155
-1174 167
-1173 182
-1172 168
-1171 177
-1170 161
-1169 144
-1168 170
-1167 173
-1166 171
-1165 155
-1164 163
-1163 160
-1162 158
-1161 170
-1160 175
-1159 168
-1158 178
-1157 155
-1156 165
-1155 186
-1154 153
-1153 150
-1152 181
-1151 166
-1150 165
-1149 147
-1148 184
-1147 168
-1146 167
-1145 190
-1144 158
-1143 188
-1142 187
-1141 171
-1140 176
-1139 201
-1138 182
-1137 173
-1136 178
-1135 188
-1134 200
-1133 190
-1132 198
-1131 184
-1130 169
-1129 174
-1128 190
-1127 177
-1126 178
-1125 185
-1124 190
-1123 200
-1122 185
-1121 178
-1120 192
-1119 197
-1118 208
-1117 201
-1116 187
-1115 202
-1114 199
-1113 187
-1112 205
-1111 192
-1110 191
-1109 185
-1108 207
-1107 207
-1106 221
-1105 174
-1104 199
-1103 224
-1102 203
-1101 192
-1100 190
-1099 215
-1098 212
-1097 214
-1096 194
-1095 211
-1094 206
-1093 205
-1092 223
-1091 214
-1090 187
-1089 212
-1088 217
-1087 208
-1086 197
-1085 211
-1084 232
-1083 224
-1082 196
-1081 248
-1080 233
-1079 203
-1078 216
-1077 223
-1076 224
-1075 230
-1074 230
-1073 207
-1072 220
-1071 249
-1070 218
-1069 223
-1068 213
-1067 225
-1066 212
-1065 206
-1064 240
-1063 225
-1062 202
-1061 249
-1060 228
-1059 212
-1058 225
-1057 257
-1056 223
-1055 243
-1054 264
-1053 236
-1052 263
-1051 269
-1050 226
-1049 262
-1048 263
-1047 219
-1046 237
-1045 252
-1044 273
-1043 232
-1042 258
-1041 271
-1040 268
-1039 255
-1038 265
-1037 259
-1036 214
-1035 257
-1034 268
-1033 298
-1032 286
-1031 277
-1030 258
-1029 254
-1028 278
-1027 260
-1026 293
-1025 262
-1024 254
-1023 255
-1022 294
-1021 285
-1020 244
-1019 279
-1018 277
-1017 260
-1016 283
-1015 300
-1014 267
-1013 290
-1012 246
-1011 272
-1010 257
-1009 274
-1008 266
-1007 267
-1006 307
-1005 291
-1004 282
-1003 299
-1002 329
-1001 297
-1000 284
-999 273
-998 295
-997 304
-996 274
-995 310
-994 315
-993 308
-992 267
-991 315
-990 292
-989 310
-988 296
-987 325
-986 303
-985 332
-984 306
-983 302
-982 311
-981 303
-980 301
-979 320
-978 309
-977 321
-976 339
-975 297
-974 295
-973 321
-972 315
-971 331
-970 341
-969 308
-968 322
-967 355
-966 314
-965 312
-964 303
-963 313
-962 327
-961 324
-960 363
-959 305
-958 340
-957 340
-956 343
-955 334
-954 344
-953 350
-952 323
-951 324
-950 339
-949 355
-948 337
-947 342
-946 342
-945 351
-944 359
-943 352
-942 344
-941 370
-940 378
-939 364
-938 388
-937 395
-936 355
-935 350
-934 350
-933 368
-932 411
-931 356
-930 375
-929 381
-928 358
-927 353
-926 378
-925 410
-924 416
-923 363
-922 413
-921 364
-920 387
-919 372
-918 404
-917 401
-916 381
-915 404
-914 408
-913 383
-912 407
-911 400
-910 415
-909 446
-908 408
-907 422
-906 409
-905 426
-904 376
-903 432
-902 413
-901 426
-900 438
-899 449
-898 415
-897 415
-896 435
-895 413
-894 392
-893 416
-892 395
-891 431
-890 415
-889 416
-888 422
-887 436
-886 405
-885 423
-884 421
-883 416
-882 405
-881 446
-880 404
-879 455
-878 417
-877 457
-876 433
-875 432
-874 477
-873 466
-872 439
-871 475
-870 463
-869 448
-868 466
-867 472
-866 483
-865 458
-864 480
-863 479
-862 457
-861 450
-860 459
-859 491
-858 502
-857 488
-856 500
-855 474
-854 485
-853 481
-852 456
-851 496
-850 479
-849 477
-848 541
-847 466
-846 494
-845 488
-844 478
-843 483
-842 500
-841 441
-840 536
-839 507
-838 521
-837 455
-836 493
-835 519
-834 525
-833 536
-832 506
-831 529
-830 513
-829 508
-828 564
-827 516
-826 533
-825 525
-824 513
-823 554
-822 518
-821 527
-820 563
-819 511
-818 523
-817 542
-816 577
-815 560
-814 555
-813 566
-812 551
-811 562
-810 567
-809 592
-808 581
-807 531
-806 581
-805 584
-804 578
-803 529
-802 565
-801 558
-800 583
-799 565
-798 597
-797 615
-796 581
-795 581
-794 591
-793 613
-792 589
-791 579
-790 595
-789 592
-788 585
-787 565
-786 591
-785 662
-784 630
-783 616
-782 618
-781 634
-780 639
-779 614
-778 618
-777 662
-776 587
-775 635
-774 657
-773 619
-772 658
-771 627
-770 633
-769 644
-768 605
-767 646
-766 655
-765 669
-764 621
-763 679
-762 601
-761 661
-760 675
-759 689
-758 687
-757 694
-756 681
-755 648
-754 676
-753 673
-752 711
-751 667
-750 697
-749 639
-748 686
-747 727
-746 698
-745 669
-744 706
-743 697
-742 684
-741 686
-740 728
-739 668
-738 687
-737 705
-736 726
-735 730
-734 764
-733 731
-732 686
-731 775
-730 689
-729 713
-728 710
-727 745
-726 727
-725 739
-724 741
-723 704
-722 737
-721 701
-720 761
-719 792
-718 778
-717 787
-716 787
-715 750
-714 729
-713 796
-712 771
-711 775
-710 765
-709 779
-708 797
-707 836
-706 781
-705 802
-704 772
-703 828
-702 781
-701 838
-700 823
-699 815
-698 827
-697 815
-696 808
-695 808
-694 877
-693 866
-692 793
-691 894
-690 878
-689 800
-688 843
-687 797
-686 828
-685 968
-684 859
-683 890
-682 864
-681 859
-680 845
-679 865
-678 855
-677 911
-676 945
-675 865
-674 924
-673 818
-672 901
-671 861
-670 900
-669 871
-668 910
-667 949
-666 913
-665 895
-664 899
-663 928
-662 968
-661 871
-660 979
-659 962
-658 880
-657 926
-656 944
-655 858
-654 922
-653 948
-652 919
-651 962
-650 985
-649 953
-648 991
-647 1012
-646 936
-645 957
-644 972
-643 1009
-642 981
-641 998
-640 1005
-639 1011
-638 1003
-637 974
-636 1013
-635 1037
-634 990
-633 987
-632 994
-631 1064
-630 983
-629 1046
-628 1069
-627 1025
-626 1071
-625 1015
-624 974
-623 1091
-622 1063
-621 1056
-620 1065
-619 1087
-618 1045
-617 1057
-616 1076
-615 1089
-614 1108
-613 1065
-612 1115
-611 1108
-610 1102
-609 1130
-608 1098
-607 1110
-606 1148
-605 1145
-604 1096
-603 1100
-602 1139
-601 1195
-600 1211
-599 1212
-598 1125
-597 1230
-596 1188
-595 1172
-594 1150
-593 1271
-592 1121
-591 1258
-590 1239
-589 1228
-588 1211
-587 1203
-586 1243
-585 1180
-584 1198
-583 1248
-582 1246
-581 1209
-580 1230
-579 1260
-578 1242
-577 1266
-576 1242
-575 1307
-574 1251
-573 1338
-572 1285
-571 1304
-570 1301
-569 1298
-568 1335
-567 1300
-566 1294
-565 1347
-564 1329
-563 1307
-562 1320
-561 1347
-560 1325
-559 1403
-558 1336
-557 1390
-556 1297
-555 1320
-554 1350
-553 1434
-552 1355
-551 1414
-550 1387
-549 1313
-548 1381
-547 1383
-546 1394
-545 1386
-544 1443
-543 1398
-542 1446
-541 1455
-540 1409
-539 1409
-538 1468
-537 1510
-536 1439
-535 1413
-534 1427
-533 1505
-532 1487
-531 1536
-530 1477
-529 1490
-528 1554
-527 1504
-526 1548
-525 1549
-524 1529
-523 1568
-522 1572
-521 1515
-520 1559
-519 1649
-518 1655
-517 1608
-516 1580
-515 1559
-514 1535
-513 1601
-512 1601
-511 1645
-510 1612
-509 1582
-508 1654
-507 1679
-506 1552
-505 1683
-504 1707
-503 1639
-502 1624
-501 1641
-500 1668
-499 1683
-498 1697
-497 1787
-496 1688
-495 1759
-494 1741
-493 1716
-492 1755
-491 1811
-490 1807
-489 1865
-488 1826
-487 1839
-486 1871
-485 1758
-484 1782
-483 1805
-482 1847
-481 1757
-480 1812
-479 1835
-478 1869
-477 1869
-476 1791
-475 1822
-474 1884
-473 1778
-472 1852
-471 1822
-470 1836
-469 1893
-468 1899
-467 1932
-466 1956
-465 1953
-464 2026
-463 2043
-462 1903
-461 2051
-460 2003
-459 1949
-458 2006
-457 2095
-456 2013
-455 2120
-454 2084
-453 2121
-452 2098
-451 2050
-450 2015
-449 2099
-448 2065
-447 2095
-446 2148
-445 2080
-444 2215
-443 2144
-442 2163
-441 2101
-440 2223
-439 2175
-438 2192
-437 2193
-436 2175
-435 2139
-434 2178
-433 2246
-432 2199
-431 2266
-430 2298
-429 2289
-428 2268
-427 2424
-426 2284
-425 2278
-424 2331
-423 2347
-422 2341
-421 2439
-420 2380
-419 2400
-418 2422
-417 2422
-416 2409
-415 2410
-414 2371
-413 2453
-412 2419
-411 2498
-410 2419
-409 2579
-408 2496
-407 2551
-406 2550
-405 2470
-404 2532
-403 2580
-402 2624
-401 2687
-400 2517
-399 2567
-398 2629
-397 2621
-396 2725
-395 2690
-394 2658
-393 2723
-392 2798
-391 2747
-390 2708
-389 2737
-388 2820
-387 2738
-386 2829
-385 2799
-384 2778
-383 2786
-382 2922
-381 2863
-380 2940
-379 2922
-378 2819
-377 2940
-376 2906
-375 2924
-374 2948
-373 3025
-372 2952
-371 2982
-370 2998
-369 3008
-368 2996
-367 3097
-366 3116
-365 3030
-364 3103
-363 3121
-362 3102
-361 3188
-360 3208
-359 3252
-358 3134
-357 3140
-356 3187
-355 3224
-354 3322
-353 3236
-352 3288
-351 3279
-350 3306
-349 3405
-348 3501
-347 3401
-346 3434
-345 3343
-344 3478
-343 3498
-342 3472
-341 3551
-340 3463
-339 3528
-338 3662
-337 3543
-336 3563
-335 3638
-334 3576
-333 3767
-332 3657
-331 3728
-330 3616
-329 3757
-328 3735
-327 3817
-326 3751
-325 3779
-324 3897
-323 3823
-322 3917
-321 3855
-320 3913
-319 3926
-318 3916
-317 4040
-316 4000
-315 4012
-314 4042
-313 4105
-312 4036
-311 4058
-310 4193
-309 4180
-308 4097
-307 4075
-306 4198
-305 4260
-304 4336
-303 4212
-302 4329
-301 4466
-300 4382
-299 4446
-298 4333
-297 4531
-296 4406
-295 4454
-294 4626
-293 4534
-292 4599
-291 4600
-290 4712
-289 4761
-288 4667
-287 4720
-286 4882
-285 4775
-284 4864
-283 4917
-282 4859
-281 4815
-280 5051
-279 4922
-278 5004
-277 5013
-276 5090
-275 5102
-274 5129
-273 5193
-272 5296
-271 5247
-270 5194
-269 5423
-268 5459
-267 5402
-266 5434
-265 5413
-264 5540
-263 5485
-262 5612
-261 5550
-260 5702
-259 5603
-258 5641
-257 5737
-256 5786
-255 5796
-254 5821
-253 5942
-252 5950
-251 5916
-250 6023
-249 6060
-248 6141
-247 6023
-246 6274
-245 6397
-244 6164
-243 6302
-242 6350
-241 6463
-240 6434
-239 6658
-238 6692
-237 6688
-236 6654
-235 6795
-234 6678
-233 6695
-232 6947
-231 6821
-230 6958
-229 7175
-228 7104
-227 7179
-226 7167
-225 7263
-224 7221
-223 7433
-222 7249
-221 7496
-220 7549
-219 7551
-218 7568
-217 7653
-216 7738
-215 7764
-214 7719
-213 7808
-212 7966
-211 8019
-210 8144
-209 8213
-208 8370
-207 8292
-206 8399
-205 8412
-204 8504
-203 8720
-202 8569
-201 8825
-200 8799
-199 8914
-198 8901
-197 8856
-196 9054
-195 9178
-194 9236
-193 9330
-192 9362
-191 9494
-190 9663
-189 9644
-188 9789
-187 9884
-186 9884
-185 9997
-184 10096
-183 10164
-182 10297
-181 10218
-180 10506
-179 10628
-178 10676
-177 10829
-176 10764
-175 11030
-174 11140
-173 11032
-172 11251
-171 11486
-170 11430
-169 11705
-168 11626
-167 11835
-166 12056
-165 12115
-164 12167
-163 12147
-162 12602
-161 12465
-160 12715
-159 13034
-158 12968
-157 13088
-156 13158
-155 13180
-154 13369
-153 13597
-152 13875
-151 14104
-150 14158
-149 14243
-148 14622
-147 14545
-146 14785
-145 14849
-144 15147
-143 15253
-142 15687
-141 15481
-140 15497
-139 15945
-138 15758
-137 15976
-136 16393
-135 16696
-134 16890
-133 17209
-132 17416
-131 17462
-130 17556
-129 18036
-128 18153
-127 18228
-126 18563
-125 18866
-124 19189
-123 19327
-122 19580
-121 19902
-120 20290
-119 20290
-118 20588
-117 20892
-116 20881
-115 21577
-114 21943
-113 22368
-112 22188
-111 22861
-110 23545
-109 23826
-108 23538
-107 23988
-106 24260
-105 24939
-104 25368
-103 25717
-102 25929
-101 26250
-100 26853
-99 27117
-98 27646
-97 28070
-96 28391
-95 28965
-94 29439
-93 29996
-92 30717
-91 30826
-90 31514
-89 32113
-88 32753
-87 33128
-86 33764
-85 34516
-84 35040
-83 35678
-82 36518
-81 37361
-80 37954
-79 38466
-78 39291
-77 40009
-76 41253
-75 42153
-74 42786
-73 43767
-72 44309
-71 45501
-70 46518
-69 47370
-68 49065
-67 50057
-66 50812
-65 52156
-64 53549
-63 54841
-62 56244
-61 57054
-60 58686
-59 60004
-58 61903
-57 63264
-56 65355
-55 67040
-54 68798
-53 71204
-52 73284
-51 75312
-50 77598
-49 79113
-48 82433
-47 85407
-46 88156
-45 91564
-44 94194
-43 97599
-42 100883
-41 104616
-40 108923
-39 112592
-38 116577
-37 121725
-36 126413
-35 132032
-34 138035
-33 144855
-32 151613
-31 158588
-30 166755
-29 175131
-28 184624
-27 194900
-26 205741
-25 217563
-24 231202
-23 246561
-22 263991
-21 281723
-20 301377
-19 325266
-18 352801
-17 383114
-16 416880
-15 458221
-14 506790
-13 562588
-12 629614
-11 713051
-10 815540
-9 944763
-8 1111126
-7 1337728
-6 1651811
-5 2107009
-4 2831407
-3 4088962
-2 6788922
-1 16222649
0 115347892
1 774693994
2 117775742
3 14414268
4 6396801
5 3987034
6 2786247
7 2085175
8 1638058
9 1328728
10 1105354
11 940487
12 812479
13 710728
14 628279
15 561032
16 502628
17 457276
18 416799
19 381532
20 351919
21 325042
22 301539
23 280227
24 262895
25 245958
26 231264
27 217822
28 205309
29 194027
30 184238
31 174851
32 166742
33 158945
34 150741
35 144458
36 137668
37 132436
38 126528
39 121546
40 116747
41 112697
42 108434
43 105032
44 100810
45 97650
46 94244
47 91015
48 87804
49 84562
50 82560
51 80112
52 77470
53 75407
54 72992
55 71320
56 69043
57 66849
58 65472
59 63142
60 61897
61 60603
62 58608
63 57645
64 55828
65 54481
66 53019
67 52401
68 50567
69 49478
70 48357
71 47964
72 46474
73 45568
74 44810
75 43300
76 42809
77 41791
78 41021
79 39901
80 39287
81 38545
82 38082
83 37301
84 36340
85 35531
86 34883
87 34433
88 33558
89 33144
90 32415
91 32044
92 31798
93 31245
94 30391
95 29889
96 29515
97 28895
98 28524
99 28193
100 27701
101 27229
102 26711
103 26395
104 26104
105 25843
106 25459
107 24659
108 24536
109 23986
110 23834
111 23532
112 23028
113 22922
114 22304
115 22290
116 21726
117 21536
118 21026
119 20774
120 20753
121 20514
122 20035
123 19843
124 19499
125 19211
126 19004
127 18816
128 18489
129 18420
130 18168
131 17983
132 17647
133 17647
134 17283
135 17201
136 16766
137 16550
138 16658
139 16263
140 15956
141 16074
142 15654
143 15572
144 15413
145 15371
146 14956
147 15060
148 14730
149 14711
150 14179
151 14369
152 13971
153 13802
154 13715
155 13964
156 13411
157 13233
158 13122
159 13165
160 12854
161 12785
162 12641
163 12625
164 12362
165 12546
166 12014
167 12264
168 11894
169 12021
170 11800
171 11859
172 11467
173 11353
174 11355
175 11055
176 11000
177 10965
178 10880
179 10875
180 10731
181 10415
182 10386
183 10545
184 10234
185 10179
186 9930
187 10053
188 9886
189 9799
190 9663
191 9575
192 9508
193 9495
194 9376
195 9390
196 9243
197 8932
198 9256
199 9086
200 8733
201 8889
202 8674
203 8876
204 8775
205 8637
206 8549
207 8449
208 8463
209 8206
210 8150
211 8112
212 8068
213 8155
214 8035
215 7834
216 7918
217 7914
218 7616
219 7605
220 7464
221 7696
222 7636
223 7501
224 7521
225 7457
226 7127
227 7023
228 7119
229 7175
230 7043
231 7051
232 7015
233 7015
234 6885
235 6866
236 6706
237 6694
238 6725
239 6551
240 6555
241 6562
242 6350
243 6401
244 6386
245 6478
246 6325
247 6176
248 6299
249 6260
250 6166
251 6145
252 5970
253 6014
254 5833
255 5939
256 5734
257 5816
258 5880
259 5772
260 5656
261 5779
262 5661
263 5705
264 5424
265 5542
266 5382
267 5254
268 5323
269 5425
270 5387
271 5365
272 5067
273 5193
274 5212
275 5199
276 5112
277 5151
278 4983
279 5213
280 5013
281 4979
282 4971
283 5043
284 4924
285 4936
286 4918
287 4717
288 4730
289 4722
290 4720
291 4628
292 4698
293 4672
294 4582
295 4548
296 4547
297 4453
298 4520
299 4438
300 4362
301 4408
302 4444
303 4369
304 4438
305 4291
306 4357
307 4271
308 4348
309 4330
310 4175
311 4021
312 4139
313 4074
314 4001
315 4088
316 4013
317 4049
318 3972
319 3970
320 3917
321 3996
322 3925
323 3875
324 3839
325 3901
326 3878
327 3647
328 3839
329 3851
330 3811
331 3681
332 3786
333 3711
334 3650
335 3703
336 3646
337 3665
338 3704
339 3631
340 3592
341 3568
342 3486
343 3435
344 3534
345 3455
346 3510
347 3435
348 3352
349 3362
350 3266
351 3292
352 3439
353 3290
354 3426
355 3305
356 3253
357 3278
358 3250
359 3225
360 3180
361 3268
362 3162
363 3149
364 3152
365 3028
366 3013
367 3113
368 3039
369 3082
370 3108
371 2949
372 2991
373 2988
374 2918
375 2986
376 3030
377 2911
378 2982
379 3031
380 2827
381 2853
382 2886
383 2837
384 2845
385 2797
386 2835
387 2732
388 2720
389 2729
390 2787
391 2758
392 2737
393 2664
394 2750
395 2681
396 2631
397 2722
398 2651
399 2697
400 2569
401 2618
402 2580
403 2637
404 2548
405 2562
406 2518
407 2500
408 2521
409 2572
410 2468
411 2542
412 2452
413 2396
414 2486
415 2410
416 2475
417 2442
418 2397
419 2346
420 2356
421 2448
422 2357
423 2317
424 2340
425 2289
426 2319
427 2216
428 2273
429 2358
430 2278
431 2260
432 2191
433 2204
434 2237
435 2250
436 2231
437 2207
438 2254
439 2155
440 2265
441 2154
442 2188
443 2123
444 2164
445 2106
446 2184
447 2103
448 2138
449 2188
450 2132
451 2079
452 2076
453 2001
454 2159
455 2035
456 1995
457 2074
458 2000
459 1992
460 1909
461 1981
462 2076
463 1975
464 1957
465 1990
466 1919
467 1973
468 1933
469 1951
470 1921
471 1903
472 1878
473 1873
474 1822
475 1815
476 1862
477 1869
478 1834
479 1871
480 1801
481 1818
482 1812
483 1807
484 1844
485 1788
486 1798
487 1794
488 1783
489 1754
490 1721
491 1879
492 1795
493 1717
494 1750
495 1726
496 1737
497 1757
498 1752
499 1751
500 1790
501 1695
502 1646
503 1709
504 1678
505 1625
506 1692
507 1659
508 1603
509 1699
510 1637
511 1556
512 1641
513 1570
514 1602
515 1490
516 1540
517 1601
518 1620
519 1583
520 1639
521 1622
522 1587
523 1594
524 1508
525 1556
526 1548
527 1552
528 1528
529 1484
530 1501
531 1495
532 1439
533 1517
534 1439
535 1462
536 1468
537 1504
538 1414
539 1443
540 1396
541 1509
542 1418
543 1437
544 1376
545 1419
546 1411
547 1448
548 1449
549 1401
550 1392
551 1438
552 1305
553 1332
554 1372
555 1372
556 1393
557 1350
558 1354
559 1359
560 1370
561 1339
562 1334
563 1291
564 1309
565 1264
566 1291
567 1322
568 1286
569 1273
570 1311
571 1325
572 1296
573 1228
574 1231
575 1241
576 1269
577 1232
578 1305
579 1285
580 1228
581 1187
582 1280
583 1315
584 1324
585 1172
586 1230
587 1241
588 1222
589 1179
590 1209
591 1199
592 1179
593 1197
594 1210
595 1193
596 1217
597 1226
598 1181
599 1174
600 1139
601 1159
602 1166
603 1151
604 1128
605 1125
606 1105
607 1133
608 1047
609 1115
610 1121
611 1154
612 1122
613 1096
614 1121
615 1100
616 1062
617 1122
618 1061
619 997
620 1120
621 1076
622 1070
623 1073
624 1014
625 1077
626 1066
627 1084
628 1104
629 1040
630 977
631 1023
632 1018
633 1045
634 1005
635 995
636 1028
637 987
638 996
639 965
640 1002
641 1004
642 1015
643 991
644 995
645 968
646 1009
647 1012
648 994
649 980
650 968
651 932
652 924
653 982
654 970
655 998
656 918
657 927
658 931
659 944
660 953
661 954
662 872
663 901
664 862
665 943
666 879
667 877
668 912
669 868
670 880
671 915
672 881
673 901
674 923
675 946
676 854
677 881
678 880
679 849
680 879
681 878
682 888
683 849
684 890
685 872
686 849
687 891
688 860
689 873
690 867
691 854
692 865
693 883
694 860
695 820
696 872
697 885
698 868
699 795
700 823
701 817
702 832
703 815
704 789
705 806
706 770
707 759
708 784
709 780
710 788
711 788
712 758
713 758
714 760
715 805
716 794
717 719
718 759
719 749
720 756
721 739
722 749
723 733
724 774
725 825
726 749
727 731
728 804
729 741
730 731
731 704
732 723
733 727
734 685
735 704
736 741
737 731
738 705
739 715
740 706
741 698
742 709
743 674
744 738
745 712
746 694
747 685
748 723
749 673
750 721
751 696
752 656
753 687
754 659
755 657
756 698
757 726
758 707
759 724
760 702
761 638
762 629
763 650
764 635
765 617
766 699
767 642
768 635
769 637
770 701
771 685
772 641
773 610
774 647
775 642
776 633
777 643
778 684
779 657
780 640
781 658
782 633
783 616
784 655
785 623
786 626
787 571
788 569
789 604
790 624
791 570
792 584
793 594
794 555
795 617
796 609
797 587
798 587
799 575
800 557
801 543
802 543
803 593
804 555
805 534
806 535
807 539
808 551
809 537
810 575
811 577
812 550
813 581
814 566
815 564
816 605
817 574
818 592
819 533
820 544
821 515
822 526
823 529
824 504
825 530
826 542
827 527
828 529
829 509
830 518
831 520
832 527
833 496
834 545
835 504
836 511
837 519
838 492
839 520
840 523
841 479
842 514
843 505
844 472
845 469
846 476
847 464
848 484
849 503
850 464
851 494
852 495
853 478
854 485
855 445
856 509
857 482
858 470
859 461
860 480
861 472
862 449
863 466
864 458
865 447
866 445
867 456
868 444
869 417
870 475
871 416
872 493
873 482
874 465
875 415
876 467
877 443
878 436
879 414
880 421
881 446
882 484
883 451
884 426
885 402
886 416
887 436
888 437
889 460
890 458
891 429
892 392
893 411
894 419
895 434
896 405
897 418
898 417
899 422
900 424
901 435
902 394
903 423
904 386
905 389
906 400
907 448
908 371
909 431
910 417
911 395
912 412
913 425
914 368
915 408
916 393
917 375
918 396
919 378
920 378
921 389
922 393
923 382
924 385
925 396
926 382
927 377
928 366
929 415
930 384
931 383
932 360
933 350
934 336
935 363
936 375
937 395
938 377
939 365
940 340
941 351
942 372
943 377
944 355
945 361
946 337
947 379
948 358
949 344
950 374
951 342
952 338
953 349
954 361
955 352
956 341
957 387
958 317
959 314
960 321
961 308
962 331
963 350
964 340
965 316
966 313
967 339
968 314
969 343
970 310
971 335
972 318
973 317
974 313
975 321
976 326
977 326
978 315
979 309
980 309
981 359
982 331
983 302
984 300
985 313
986 312
987 316
988 282
989 306
990 339
991 324
992 294
993 317
994 285
995 287
996 317
997 308
998 277
999 287
1000 288
1001 312
1002 281
1003 297
1004 301
1005 306
1006 295
1007 307
1008 271
1009 292
1010 285
1011 277
1012 299
1013 265
1014 282
1015 299
1016 285
1017 276
1018 274
1019 300
1020 335
1021 247
1022 273
1023 259
1024 256
1025 290
1026 267
1027 280
1028 282
1029 289
1030 266
1031 266
1032 267
1033 257
1034 252
1035 267
1036 274
1037 255
1038 276
1039 258
1040 256
1041 294
1042 253
1043 250
1044 223
1045 236
1046 229
1047 272
1048 241
1049 251
1050 244
1051 260
1052 254
1053 241
1054 259
1055 259
1056 226
1057 242
1058 251
1059 242
1060 249
1061 242
1062 268
1063 232
1064 244
1065 226
1066 260
1067 236
1068 235
1069 235
1070 228
1071 218
1072 220
1073 212
1074 235
1075 225
1076 224
1077 237
1078 212
1079 225
1080 226
1081 198
1082 201
1083 206
1084 222
1085 232
1086 212
1087 213
1088 224
1089 199
1090 208
1091 223
1092 222
1093 219
1094 206
1095 213
1096 207
1097 208
1098 189
1099 203
1100 222
1101 200
1102 184
1103 186
1104 209
1105 200
1106 232
1107 223
1108 223
1109 191
1110 204
1111 211
1112 189
1113 185
1114 193
1115 203
1116 184
1117 179
1118 189
1119 174
1120 201
1121 175
1122 167
1123 208
1124 204
1125 206
1126 238
1127 182
1128 195
1129 189
1130 180
1131 189
1132 162
1133 190
1134 194
1135 185
1136 177
1137 174
1138 195
1139 189
1140 167
1141 175
1142 162
1143 168
1144 178
1145 193
1146 178
1147 164
1148 191
1149 176
1150 152
1151 174
1152 163
1153 179
1154 159
1155 171
1156 183
1157 154
1158 170
1159 170
1160 168
1161 161
1162 187
1163 184
1164 159
1165 166
1166 160
1167 168
1168 165
1169 162
1170 142
1171 155
1172 142
1173 150
1174 163
1175 171
1176 162
1177 163
1178 150
1179 170
1180 157
1181 151
1182 169
1183 162
1184 142
1185 139
1186 141
1187 143
1188 140
1189 148
1190 141
1191 153
1192 155
1193 120
1194 156
1195 161
1196 153
1197 167
1198 161
1199 152
1200 154
1201 152
1202 144
1203 151
1204 153
1205 157
1206 131
1207 148
1208 129
1209 138
1210 150
1211 150
1212 156
1213 147
1214 120
1215 133
1216 141
1217 127
1218 119
1219 136
1220 125
1221 135
1222 136
1223 141
1224 119
1225 119
1226 130
1227 143
1228 121
1229 142
1230 142
1231 120
1232 119
1233 135
1234 134
1235 145
1236 119
1237 121
1238 140
1239 126
1240 120
1241 104
1242 127
1243 129
1244 129
1245 99
1246 120
1247 104
1248 123
1249 132
1250 124
1251 122
1252 136
1253 124
1254 125
1255 128
1256 108
1257 109
1258 117
1259 126
1260 114
1261 102
1262 127
1263 99
1264 124
1265 94
1266 90
1267 145
1268 97
1269 106
1270 125
1271 109
1272 107
1273 94
1274 138
1275 123
1276 95
1277 95
1278 113
1279 105
1280 106
1281 134
1282 98
1283 107
1284 111
1285 119
1286 101
1287 105
1288 107
1289 121
1290 105
1291 104
1292 86
1293 103
1294 98
1295 90
1296 110
1297 101
1298 101
1299 114
1300 103
1301 87
1302 101
1303 96
1304 97
1305 92
1306 89
1307 89
1308 89
1309 107
1310 100
1311 93
1312 93
1313 103
1314 102
1315 101
1316 89
1317 81
1318 84
1319 104
1320 76
1321 82
1322 108
1323 88
1324 96
1325 92
1326 77
1327 71
1328 89
1329 86
1330 78
1331 87
1332 78
1333 71
1334 97
1335 84
1336 87
1337 83
1338 84
1339 75
1340 71
1341 89
1342 86
1343 86
1344 87
1345 85
1346 84
1347 77
1348 72
1349 83
1350 82
1351 72
1352 86
1353 73
1354 94
1355 91
1356 81
1357 94
1358 76
1359 75
1360 69
1361 88
1362 88
1363 77
1364 75
1365 70
1366 78
1367 72
1368 82
1369 73
1370 76
1371 67
1372 64
1373 79
1374 66
1375 76
1376 78
1377 64
1378 68
1379 74
1380 65
1381 75
1382 73
1383 72
1384 67
1385 75
1386 79
1387 55
1388 66
1389 69
1390 75
1391 78
1392 51
1393 69
1394 51
1395 53
1396 75
1397 72
1398 66
1399 78
1400 64
1401 62
1402 69
1403 80
1404 78
1405 55
1406 54
1407 48
1408 72
1409 64
1410 71
1411 60
1412 54
1413 66
1414 53
1415 72
1416 56
1417 62
1418 59
1419 60
1420 68
1421 58
1422 67
1423 62
1424 53
1425 57
1426 49
1427 52
1428 60
1429 64
1430 56
1431 49
1432 46
1433 58
1434 54
1435 64
1436 37
1437 52
1438 47
1439 57
1440 48
1441 65
1442 50
1443 57
1444 51
1445 63
1446 61
1447 53
1448 60
1449 59
1450 54
1451 55
1452 43
1453 51
1454 55
1455 55
1456 57
1457 53
1458 49
1459 54
1460 57
1461 49
1462 48
1463 66
1464 41
1465 47
1466 53
1467 46
1468 43
1469 58
1470 45
1471 68
1472 51
1473 42
1474 44
1475 42
1476 57
1477 54
1478 48
1479 43
1480 42
1481 51
1482 44
1483 41
1484 70
1485 51
1486 53
1487 39
1488 53
1489 44
1490 39
1491 44
1492 43
1493 44
1494 30
1495 46
1496 45
1497 30
1498 37
1499 39
1500 34
1501 51
1502 32
1503 45
1504 48
1505 51
1506 56
1507 31
1508 35
1509 40
1510 30
1511 37
1512 45
1513 20
1514 37
1515 35
1516 45
1517 43
1518 33
1519 34
1520 39
1521 34
1522 32
1523 32
1524 23
1525 33
1526 29
1527 30
1528 41
1529 36
1530 28
1531 43
1532 42
1533 35
1534 39
1535 38
1536 37
1537 39
1538 27
1539 33
1540 25
1541 40
1542 25
1543 33
1544 23
1545 33
1546 33
1547 24
1548 32
1549 28
1550 31
1551 32
1552 29
1553 25
1554 39
1555 28
1556 30
1557 32
1558 28
1559 23
1560 25
1561 32
1562 24
1563 33
1564 30
1565 24
1566 22
1567 29
1568 31
1569 20
1570 27
1571 33
1572 37
1573 30
1574 23
1575 30
1576 18
1577 25
1578 27
1579 30
1580 23
1581 30
1582 17
1583 26
1584 22
1585 28
1586 23
1587 25
1588 19
1589 34
1590 27
1591 30
1592 34
1593 25
1594 20
1595 30
1596 26
1597 25
1598 23
1599 23
1600 26
1601 31
1602 21
1603 19
1604 25
1605 33
1606 24
1607 25
1608 27
1609 26
1610 16
1611 28
1612 23
1613 23
1614 20
1615 26
1616 26
1617 28
1618 22
1619 29
1620 25
1621 18
1622 23
1623 24
1624 25
1625 20
1626 18
1627 14
1628 16
1629 17
1630 17
1631 25
1632 20
1633 15
1634 21
1635 21
1636 18
1637 32
1638 15
1639 26
1640 26
1641 18
1642 19
1643 16
1644 17
1645 15
1646 30
1647 16
1648 20
1649 15
1650 9
1651 19
1652 20
1653 21
1654 19
1655 8
1656 16
1657 26
1658 15
1659 11
1660 12
1661 23
1662 15
1663 16
1664 21
1665 19
1666 8
1667 20
1668 16
1669 18
1670 13
1671 13
1672 17
1673 20
1674 14
1675 10
1676 15
1677 16
1678 11
1679 13
1680 21
1681 11
1682 13
1683 14
1684 19
1685 18
1686 18
1687 16
1688 18
1689 11
1690 12
1691 8
1692 17
1693 20
1694 13
1695 16
1696 12
1697 19
1698 12
1699 13
1700 10
1701 21
1702 13
1703 12
1704 8
1705 7
1706 14
1707 16
1708 12
1709 19
1710 14
1711 7
1712 11
1713 12
1714 13
1715 15
1716 19
1717 14
1718 13
1719 10
1720 18
1721 7
1722 13
1723 17
1724 8
1725 7
1726 14
1727 11
1728 8
1729 10
1730 9
1731 12
1732 13
1733 11
1734 8
1735 8
1736 12
1737 5
1738 8
1739 8
1740 4
1741 15
1742 9
1743 10
1744 10
1745 11
1746 17
1747 6
1748 9
1749 14
1750 13
1751 9
1752 8
1753 12
1754 4
1755 5
1756 15
1757 10
1758 5
1759 14
1760 10
1761 5
1762 12
1763 5
1764 5
1765 6
1766 10
1767 7
1768 8
1769 11
1770 10
1771 9
1772 13
1773 7
1774 9
1775 8
1776 9
1777 11
1778 13
1779 4
1780 6
1781 7
1782 4
1783 10
1784 6
1785 14
1786 4
1787 10
1788 9
1789 2
1790 10
1791 12
1792 9
1793 10
1794 5
1795 7
1796 1
1797 7
1798 7
1799 4
1800 8
1801 7
1802 10
1803 8
1804 8
1805 7
1806 4
1807 9
1808 7
1809 8
1810 7
1811 8
1812 2
1813 5
1814 3
1815 9
1816 7
1817 3
1818 6
1819 2
1820 5
1821 8
1822 3
1823 4
1824 9
1825 6
1826 7
1827 2
1828 9
1829 5
1830 3
1831 5
1832 1
1833 9
1834 8
1835 7
1836 10
1837 2
1838 3
1839 3
1840 4
1841 7
1842 2
1843 11
1844 6
1845 4
1846 5
1847 8
1848 3
1849 3
1850 6
1851 5
1852 4
1853 4
1854 5
1855 3
1856 3
1857 2
1858 4
1859 5
1860 3
1861 7
1862 6
1863 5
1864 8
1865 8
1866 5
1867 4
1868 3
1869 4
1870 3
1871 7
1872 4
1873 4
1874 5
1875 4
1876 5
1877 4
1878 5
1879 2
1880 2
1881 2
1882 2
1883 1
1884 6
1885 2
1886 4
1887 5
1888 5
1889 4
1890 4
1891 1
1892 1
1893 3
1894 4
1895 2
1896 2
1897 4
1898 3
1899 7
1900 1
1901 2
1902 4
1903 3
1904 4
1905 3
1906 2
1907 7
1908 4
1909 2
1910 4
1911 5
1912 1
1913 0
1914 3
1915 5
1916 2
1917 2
1918 3
1919 1
1920 1
1921 3
1922 2
1923 2
1924 3
1925 4
1926 3
1927 3
1928 7
1929 2
1930 1
1931 4
1932 2
1933 3
1934 3
1935 0
1936 1
1937 3
1938 1
1939 7
1940 3
1941 4
1942 2
1943 5
1944 2
1945 1
1946 2
1947 3
1948 1
1949 1
1950 1
1951 3
1952 2
1953 2
1954 1
1955 2
1956 1
1957 4
1958 1
1959 2
1960 6
1961 3
1962 2
1963 2
1964 2
1965 1
1966 1
1967 6
1968 3
1969 2
1970 3
1971 0
1972 1
1973 0
1974 2
1975 3
1976 1
1977 3
1978 0
1979 2
1980 1
1981 0
1982 1
1983 1
1984 2
1985 2
1986 4
1987 2
1988 2
1989 2
1990 1
1991 0
1992 2
1993 0
1994 0
1995 1
1996 0
1997 1
1998 1
1999 1
2000 3
2001 0
2002 1
2003 1
2004 4
2005 0
2006 0
2007 0
2008 3
2009 1
2010 3
2011 2
2012 2
2013 1
2014 0
2015 2
2016 0
2017 0
2018 0
2019 2
2020 0
2021 1
2022 1
2023 0
2024 0
2025 1
2026 0
2027 0
2028 1
2029 1
2030 0
2031 1
2032 1
2033 0
2034 0
2035 1
2036 1
2037 2
2038 3
2039 1
2040 1
2041 2
2042 0
2043 1
2044 0
2045 0
2046 0
2047 2
2048 1
2049 0
2050 1
2051 0
2052 3
2053 2
2054 2
2055 0
2056 0
2057 0
2058 0
2059 1
2060 2
2061 1
2062 1
2063 0
2064 2
2065 0
2066 0
2067 0
2068 0
2069 1
2070 2
2071 1
2072 2
2073 0
2074 0
2075 0
2076 1
2077 1
2078 1
2079 0
2080 0
2081 0
2082 1
2083 0
2084 0
2085 1
2086 2
2087 1
2088 0
2089 1
2090 0
2091 1
2092 0
2093 1
2094 0
2095 1
2096 0
2097 0
2098 0
2099 0
2100 0
2101 3
2102 0
2103 1
2104 0
2105 0
2106 0
2107 0
2108 0
2109 0
2110 0
2111 0
2112 1
2113 0
2114 1
2115 0
2116 0
2117 0
2118 0
2119 1
2120 0
2121 0
2122 1
2123 0
2124 0
2125 0
2126 0
2127 2
2128 0
2129 0
2130 0
2131 0
2132 0
2133 0
2134 1
2135 1
2136 0
2137 0
2138 1
2139 1
2140 0
2141 0
2142 0
2143 0
2144 0
2145 2
2146 0
2147 0
2148 1
2149 1
2150 0
2151 1
2152 0
2153 0
2154 0
2155 0
2156 0
2157 0
2158 0
2159 1
2160 0
2161 0
2162 0
2163 0
2164 1
2165 0
2166 1
2167 0
2168 0
2169 1
2170 0
2171 0
2172 0
2173 0
2174 0
2175 0
2176 0
2177 1
2178 0
2179 0
2180 0
2181 0
2182 0
2183 0
2184 0
2185 0
2186 0
2187 0
2188 0
2189 0
2190 1
2191 0
2192 0
2193 0
2194 0
2195 0
2196 0
2197 0
2198 0
2199 0
2200 0
2201 1
2202 0
2203 0
2204 0
2205 0
2206 0
2207 0
2208 1
2209 0
2210 0
2211 0
2212 0
2213 0
2214 0
2215 0
2216 0
2217 0
2218 0
2219 0
2220 0
2221 0
2222 0
2223 0
2224 1
2225 0
2226 0
2227 0
2228 0
2229 0
2230 0
2231 0
2232 0
2233 0
2234 0
2235 0
2236 0
2237 0
2238 0
2239 0
2240 0
2241 0
2242 0
2243 0
2244 0
2245 0
2246 0
2247 0
2248 1
2249 0
2250 0
2251 0
2252 0
2253 0
2254 0
2255 0
2256 0
2257 0
2258 0
2259 0
2260 0
2261 0
2262 0
2263 0
2264 0
2265 0
2266 0
2267 0
2268 0
2269 0
2270 0
2271 0
2272 0
2273 0
2274 0
2275 0
2276 0
2277 0
2278 0
2279 1
2280 1
