-2721 1
-2720 0
-2719 0
-2718 0
-2717 0
-2716 0
-2715 0
-2714 0
-2713 0
-2712 0
-2711 0
-2710 0
-2709 0
-2708 0
-2707 1
-2706 0
-2705 0
-2704 0
-2703 0
-2702 0
-2701 0
-2700 0
-2699 0
-2698 0
-2697 0
-2696 0
-2695 0
-2694 0
-2693 0
-2692 0
-2691 0
-2690 0
-2689 0
-2688 0
-2687 0
-2686 0
-2685 0
-2684 0
-2683 0
-2682 0
-2681 0
-2680 0
-2679 0
-2678 0
-2677 0
-2676 0
-2675 0
-2674 0
-2673 0
-2672 0
-2671 0
-2670 0
-2669 0
-2668 0
-2667 0
-2666 0
-2665 0
-2664 0
-2663 0
-2662 0
-2661 0
-2660 0
-2659 0
-2658 0
-2657 0
-2656 0
-2655 0
-2654 0
-2653 0
-2652 0
-2651 0
-2650 0
-2649 0
-2648 0
-2647 0
-2646 0
-2645 0
-2644 0
-2643 0
-2642 0
-2641 0
-2640 0
-2639 0
-2638 0
-2637 0
-2636 0
-2635 0
-2634 0
-2633 0
-2632 0
-2631 0
-2630 0
-2629 0
-2628 0
-2627 0
-2626 0
-2625 0
-2624 0
-2623 0
-2622 0
-2621 1
-2620 0
-2619 0
-2618 0
-2617 0
-2616 0
-2615 0
-2614 0
-2613 0
-2612 0
-2611 0
-2610 0
-2609 0
-2608 0
-2607 0
-2606 0
-2605 0
-2604 0
-2603 0
-2602 0
-2601 0
-2600 0
-2599 0
-2598 0
-2597 0
-2596 0
-2595 0
-2594 0
-2593 1
-2592 0
-2591 0
-2590 0
-2589 0
-2588 0
-2587 0
-2586 0
-2585 0
-2584 0
-2583 0
-2582 0
-2581 0
-2580 0
-2579 0
-2578 0
-2577 0
-2576 0
-2575 0
-2574 0
-2573 0
-2572 0
-2571 0
-2570 0
-2569 0
-2568 0
-2567 0
-2566 0
-2565 0
-2564 0
-2563 0
-2562 0
-2561 0
-2560 0
-2559 0
-2558 0
-2557 0
-2556 0
-2555 0
-2554 1
-2553 0
-2552 1
-2551 0
-2550 0
-2549 0
-2548 0
-2547 0
-2546 0
-2545 0
-2544 0
-2543 0
-2542 0
-2541 0
-2540 0
-2539 0
-2538 0
-2537 0
-2536 0
-2535 0
-2534 0
-2533 0
-2532 0
-2531 0
-2530 0
-2529 0
-2528 0
-2527 0
-2526 0
-2525 0
-2524 0
-2523 0
-2522 0
-2521 0
-2520 0
-2519 0
-2518 0
-2517 0
-2516 0
-2515 1
-2514 0
-2513 0
-2512 0
-2511 0
-2510 0
-2509 0
-2508 0
-2507 0
-2506 0
-2505 0
-2504 0
-2503 0
-2502 0
-2501 0
-2500 0
-2499 0
-2498 0
-2497 0
-2496 0
-2495 0
-2494 1
-2493 0
-2492 0
-2491 0
-2490 0
-2489 0
-2488 0
-2487 0
-2486 0
-2485 0
-2484 0
-2483 0
-2482 0
-2481 0
-2480 0
-2479 0
-2478 0
-2477 0
-2476 0
-2475 0
-2474 0
-2473 0
-2472 0
-2471 0
-2470 0
-2469 0
-2468 0
-2467 0
-2466 0
-2465 0
-2464 0
-2463 0
-2462 0
-2461 0
-2460 0
-2459 0
-2458 0
-2457 0
-2456 0
-2455 0
-2454 0
-2453 0
-2452 0
-2451 0
-2450 0
-2449 0
-2448 0
-2447 0
-2446 0
-2445 0
-2444 0
-2443 0
-2442 0
-2441 0
-2440 0
-2439 0
-2438 0
-2437 0
-2436 1
-2435 0
-2434 0
-2433 1
-2432 0
-2431 0
-2430 0
-2429 0
-2428 1
-2427 0
-2426 0
-2425 0
-2424 0
-2423 0
-2422 0
-2421 0
-2420 0
-2419 0
-2418 0
-2417 0
-2416 0
-2415 0
-2414 0
-2413 0
-2412 0
-2411 0
-2410 0
-2409 0
-2408 0
-2407 0
-2406 0
-2405 0
-2404 0
-2403 1
-2402 0
-2401 0
-2400 0
-2399 0
-2398 0
-2397 0
-2396 0
-2395 0
-2394 0
-2393 0
-2392 0
-2391 0
-2390 0
-2389 0
-2388 0
-2387 0
-2386 0
-2385 0
-2384 0
-2383 0
-2382 0
-2381 0
-2380 0
-2379 0
-2378 0
-2377 0
-2376 0
-2375 0
-2374 0
-2373 0
-2372 0
-2371 0
-2370 0
-2369 0
-2368 1
-2367 0
-2366 1
-2365 0
-2364 0
-2363 0
-2362 0
-2361 0
-2360 0
-2359 0
-2358 1
-2357 0
-2356 0
-2355 0
-2354 0
-2353 0
-2352 1
-2351 0
-2350 1
-2349 0
-2348 0
-2347 0
-2346 0
-2345 0
-2344 0
-2343 0
-2342 0
-2341 0
-2340 0
-2339 0
-2338 1
-2337 0
-2336 0
-2335 0
-2334 0
-2333 0
-2332 0
-2331 0
-2330 0
-2329 0
-2328 1
-2327 0
-2326 0
-2325 0
-2324 1
-2323 1
-2322 0
-2321 1
-2320 0
-2319 1
-2318 2
-2317 0
-2316 0
-2315 0
-2314 0
-2313 1
-2312 0
-2311 0
-2310 0
-2309 0
-2308 0
-2307 0
-2306 0
-2305 0
-2304 0
-2303 0
-2302 0
-2301 0
-2300 0
-2299 0
-2298 0
-2297 0
-2296 0
-2295 0
-2294 1
-2293 0
-2292 0
-2291 0
-2290 0
-2289 0
-2288 1
-2287 0
-2286 0
-2285 0
-2284 0
-2283 1
-2282 0
-2281 0
-2280 0
-2279 0
-2278 0
-2277 0
-2276 0
-2275 0
-2274 0
-2273 0
-2272 1
-2271 0
-2270 0
-2269 0
-2268 0
-2267 0
-2266 1
-2265 0
-2264 0
-2263 0
-2262 0
-2261 0
-2260 0
-2259 0
-2258 0
-2257 0
-2256 0
-2255 1
-2254 0
-2253 0
-2252 0
-2251 1
-2250 0
-2249 0
-2248 0
-2247 1
-2246 0
-2245 0
-2244 0
-2243 0
-2242 0
-2241 0
-2240 1
-2239 0
-2238 0
-2237 0
-2236 0
-2235 0
-2234 0
-2233 0
-2232 1
-2231 0
-2230 0
-2229 0
-2228 0
-2227 0
-2226 0
-2225 0
-2224 0
-2223 2
-2222 0
-2221 0
-2220 0
-2219 0
-2218 0
-2217 0
-2216 0
-2215 0
-2214 1
-2213 0
-2212 1
-2211 0
-2210 0
-2209 0
-2208 0
-2207 0
-2206 0
-2205 0
-2204 0
-2203 1
-2202 0
-2201 0
-2200 0
-2199 0
-2198 1
-2197 0
-2196 0
-2195 0
-2194 0
-2193 0
-2192 0
-2191 0
-2190 0
-2189 1
-2188 0
-2187 0
-2186 0
-2185 0
-2184 0
-2183 0
-2182 0
-2181 0
-2180 0
-2179 0
-2178 0
-2177 0
-2176 0
-2175 0
-2174 0
-2173 0
-2172 0
-2171 1
-2170 0
-2169 0
-2168 0
-2167 1
-2166 2
-2165 1
-2164 0
-2163 1
-2162 0
-2161 1
-2160 0
-2159 0
-2158 0
-2157 1
-2156 0
-2155 1
-2154 0
-2153 0
-2152 1
-2151 0
-2150 0
-2149 0
-2148 0
-2147 0
-2146 0
-2145 0
-2144 0
-2143 0
-2142 0
-2141 0
-2140 0
-2139 0
-2138 1
-2137 0
-2136 0
-2135 0
-2134 0
-2133 0
-2132 0
-2131 0
-2130 0
-2129 0
-2128 0
-2127 0
-2126 0
-2125 1
-2124 0
-2123 0
-2122 0
-2121 0
-2120 0
-2119 0
-2118 0
-2117 0
-2116 0
-2115 0
-2114 0
-2113 0
-2112 0
-2111 0
-2110 0
-2109 1
-2108 0
-2107 0
-2106 1
-2105 1
-2104 0
-2103 0
-2102 0
-2101 0
-2100 0
-2099 0
-2098 1
-2097 0
-2096 0
-2095 0
-2094 0
-2093 0
-2092 0
-2091 0
-2090 0
-2089 0
-2088 0
-2087 0
-2086 0
-2085 0
-2084 0
-2083 0
-2082 0
-2081 0
-2080 1
-2079 0
-2078 0
-2077 0
-2076 1
-2075 0
-2074 0
-2073 0
-2072 0
-2071 0
-2070 1
-2069 0
-2068 0
-2067 0
-2066 0
-2065 0
-2064 0
-2063 0
-2062 0
-2061 0
-2060 0
-2059 1
-2058 0
-2057 1
-2056 1
-2055 0
-2054 1
-2053 0
-2052 0
-2051 0
-2050 0
-2049 0
-2048 1
-2047 0
-2046 0
-2045 0
-2044 0
-2043 0
-2042 0
-2041 0
-2040 0
-2039 0
-2038 0
-2037 1
-2036 0
-2035 3
-2034 0
-2033 1
-2032 0
-2031 0
-2030 0
-2029 0
-2028 0
-2027 0
-2026 0
-2025 1
-2024 0
-2023 1
-2022 0
-2021 0
-2020 0
-2019 1
-2018 0
-2017 0
-2016 0
-2015 1
-2014 1
-2013 0
-2012 0
-2011 0
-2010 0
-2009 0
-2008 0
-2007 0
-2006 0
-2005 0
-2004 0
-2003 1
-2002 0
-2001 1
-2000 0
-1999 1
-1998 1
-1997 0
-1996 1
-1995 0
-1994 0
-1993 0
-1992 0
-1991 0
-1990 0
-1989 0
-1988 1
-1987 0
-1986 0
-1985 0
-1984 0
-1983 0
-1982 2
-1981 1
-1980 2
-1979 0
-1978 0
-1977 1
-1976 0
-1975 1
-1974 0
-1973 2
-1972 0
-1971 0
-1970 0
-1969 0
-1968 1
-1967 1
-1966 1
-1965 0
-1964 0
-1963 0
-1962 0
-1961 1
-1960 1
-1959 0
-1958 1
-1957 1
-1956 1
-1955 0
-1954 1
-1953 0
-1952 1
-1951 1
-1950 0
-1949 1
-1948 0
-1947 0
-1946 0
-1945 0
-1944 0
-1943 0
-1942 0
-1941 1
-1940 0
-1939 0
-1938 1
-1937 1
-1936 1
-1935 0
-1934 0
-1933 0
-1932 0
-1931 0
-1930 0
-1929 0
-1928 1
-1927 0
-1926 0
-1925 0
-1924 1
-1923 0
-1922 1
-1921 0
-1920 3
-1919 0
-1918 1
-1917 0
-1916 0
-1915 1
-1914 0
-1913 0
-1912 0
-1911 1
-1910 0
-1909 1
-1908 0
-1907 1
-1906 1
-1905 1
-1904 0
-1903 1
-1902 1
-1901 1
-1900 1
-1899 2
-1898 0
-1897 1
-1896 1
-1895 1
-1894 0
-1893 0
-1892 0
-1891 2
-1890 1
-1889 1
-1888 0
-1887 0
-1886 0
-1885 1
-1884 1
-1883 0
-1882 3
-1881 0
-1880 1
-1879 1
-1878 2
-1877 2
-1876 0
-1875 1
-1874 0
-1873 1
-1872 1
-1871 0
-1870 1
-1869 1
-1868 0
-1867 0
-1866 2
-1865 0
-1864 1
-1863 1
-1862 0
-1861 1
-1860 1
-1859 1
-1858 0
-1857 1
-1856 0
-1855 0
-1854 0
-1853 1
-1852 1
-1851 3
-1850 0
-1849 2
-1848 0
-1847 1
-1846 2
-1845 1
-1844 1
-1843 0
-1842 0
-1841 1
-1840 0
-1839 0
-1838 0
-1837 1
-1836 1
-1835 0
-1834 2
-1833 0
-1832 0
-1831 0
-1830 0
-1829 1
-1828 3
-1827 0
-1826 0
-1825 0
-1824 0
-1823 0
-1822 1
-1821 1
-1820 0
-1819 1
-1818 0
-1817 0
-1816 1
-1815 0
-1814 0
-1813 2
-1812 0
-1811 0
-1810 1
-1809 0
-1808 2
-1807 2
-1806 0
-1805 0
-1804 3
-1803 0
-1802 0
-1801 1
-1800 2
-1799 1
-1798 2
-1797 1
-1796 0
-1795 0
-1794 1
-1793 0
-1792 1
-1791 2
-1790 0
-1789 2
-1788 1
-1787 0
-1786 1
-1785 1
-1784 0
-1783 0
-1782 0
-1781 2
-1780 2
-1779 1
-1778 1
-1777 1
-1776 1
-1775 0
-1774 2
-1773 1
-1772 1
-1771 0
-1770 2
-1769 1
-1768 0
-1767 1
-1766 1
-1765 3
-1764 1
-1763 0
-1762 1
-1761 0
-1760 1
-1759 0
-1758 3
-1757 0
-1756 0
-1755 1
-1754 1
-1753 3
-1752 0
-1751 4
-1750 0
-1749 5
-1748 1
-1747 3
-1746 0
-1745 2
-1744 0
-1743 0
-1742 1
-1741 6
-1740 1
-1739 1
-1738 3
-1737 0
-1736 2
-1735 2
-1734 1
-1733 1
-1732 0
-1731 3
-1730 2
-1729 0
-1728 1
-1727 2
-1726 3
-1725 2
-1724 2
-1723 0
-1722 1
-1721 0
-1720 1
-1719 0
-1718 1
-1717 2
-1716 0
-1715 1
-1714 3
-1713 0
-1712 1
-1711 1
-1710 3
-1709 2
-1708 2
-1707 0
-1706 2
-1705 3
-1704 1
-1703 2
-1702 0
-1701 1
-1700 2
-1699 0
-1698 1
-1697 1
-1696 2
-1695 1
-1694 0
-1693 1
-1692 0
-1691 4
-1690 1
-1689 2
-1688 2
-1687 1
-1686 4
-1685 0
-1684 3
-1683 2
-1682 1
-1681 4
-1680 4
-1679 1
-1678 1
-1677 3
-1676 1
-1675 4
-1674 2
-1673 3
-1672 2
-1671 1
-1670 4
-1669 1
-1668 3
-1667 3
-1666 2
-1665 2
-1664 3
-1663 0
-1662 2
-1661 2
-1660 2
-1659 1
-1658 1
-1657 2
-1656 3
-1655 1
-1654 3
-1653 1
-1652 1
-1651 1
-1650 3
-1649 2
-1648 3
-1647 2
-1646 4
-1645 3
-1644 2
-1643 1
-1642 2
-1641 4
-1640 5
-1639 1
-1638 0
-1637 1
-1636 5
-1635 2
-1634 1
-1633 1
-1632 2
-1631 3
-1630 4
-1629 2
-1628 1
-1627 2
-1626 3
-1625 2
-1624 2
-1623 3
-1622 2
-1621 3
-1620 2
-1619 2
-1618 1
-1617 2
-1616 5
-1615 1
-1614 1
-1613 3
-1612 4
-1611 3
-1610 1
-1609 0
-1608 1
-1607 1
-1606 2
-1605 1
-1604 1
-1603 1
-1602 3
-1601 3
-1600 3
-1599 0
-1598 2
-1597 1
-1596 1
-1595 2
-1594 3
-1593 2
-1592 2
-1591 3
-1590 2
-1589 2
-1588 3
-1587 1
-1586 2
-1585 2
-1584 2
-1583 5
-1582 5
-1581 1
-1580 2
-1579 4
-1578 3
-1577 2
-1576 5
-1575 3
-1574 0
-1573 1
-1572 3
-1571 3
-1570 3
-1569 0
-1568 4
-1567 3
-1566 2
-1565 6
-1564 7
-1563 2
-1562 4
-1561 1
-1560 2
-1559 3
-1558 2
-1557 3
-1556 0
-1555 3
-1554 2
-1553 4
-1552 2
-1551 5
-1550 6
-1549 2
-1548 1
-1547 3
-1546 4
-1545 6
-1544 4
-1543 3
-1542 6
-1541 2
-1540 4
-1539 3
-1538 1
-1537 3
-1536 2
-1535 3
-1534 3
-1533 2
-1532 7
-1531 4
-1530 4
-1529 4
-1528 1
-1527 1
-1526 5
-1525 4
-1524 5
-1523 4
-1522 6
-1521 2
-1520 1
-1519 4
-1518 2
-1517 1
-1516 4
-1515 4
-1514 4
-1513 1
-1512 4
-1511 4
-1510 5
-1509 3
-1508 2
-1507 5
-1506 1
-1505 3
-1504 5
-1503 5
-1502 4
-1501 5
-1500 4
-1499 3
-1498 7
-1497 2
-1496 4
-1495 3
-1494 3
-1493 7
-1492 4
-1491 8
-1490 3
-1489 4
-1488 4
-1487 5
-1486 4
-1485 6
-1484 3
-1483 6
-1482 1
-1481 2
-1480 3
-1479 5
-1478 5
-1477 2
-1476 5
-1475 3
-1474 3
-1473 6
-1472 4
-1471 6
-1470 4
-1469 8
-1468 1
-1467 5
-1466 3
-1465 6
-1464 5
-1463 9
-1462 5
-1461 10
-1460 5
-1459 5
-1458 3
-1457 3
-1456 3
-1455 1
-1454 2
-1453 2
-1452 3
-1451 6
-1450 3
-1449 6
-1448 5
-1447 5
-1446 7
-1445 8
-1444 9
-1443 5
-1442 12
-1441 4
-1440 4
-1439 6
-1438 8
-1437 8
-1436 6
-1435 3
-1434 5
-1433 5
-1432 3
-1431 3
-1430 5
-1429 3
-1428 4
-1427 7
-1426 6
-1425 4
-1424 6
-1423 7
-1422 6
-1421 5
-1420 4
-1419 7
-1418 6
-1417 7
-1416 5
-1415 10
-1414 6
-1413 1
-1412 5
-1411 8
-1410 4
-1409 7
-1408 6
-1407 7
-1406 2
-1405 5
-1404 5
-1403 2
-1402 7
-1401 7
-1400 11
-1399 6
-1398 3
-1397 6
-1396 7
-1395 6
-1394 3
-1393 6
-1392 5
-1391 6
-1390 13
-1389 7
-1388 6
-1387 5
-1386 7
-1385 6
-1384 8
-1383 9
-1382 8
-1381 12
-1380 8
-1379 11
-1378 6
-1377 5
-1376 9
-1375 5
-1374 2
-1373 4
-1372 11
-1371 2
-1370 5
-1369 7
-1368 6
-1367 7
-1366 7
-1365 12
-1364 13
-1363 4
-1362 12
-1361 12
-1360 8
-1359 9
-1358 4
-1357 7
-1356 5
-1355 11
-1354 6
-1353 9
-1352 7
-1351 9
-1350 11
-1349 12
-1348 7
-1347 13
-1346 11
-1345 7
-1344 9
-1343 12
-1342 11
-1341 8
-1340 12
-1339 9
-1338 9
-1337 16
-1336 7
-1335 6
-1334 12
-1333 9
-1332 6
-1331 9
-1330 7
-1329 10
-1328 3
-1327 13
-1326 9
-1325 8
-1324 13
-1323 10
-1322 10
-1321 6
-1320 10
-1319 9
-1318 8
-1317 6
-1316 10
-1315 11
-1314 8
-1313 9
-1312 10
-1311 8
-1310 14
-1309 13
-1308 14
-1307 11
-1306 12
-1305 8
-1304 8
-1303 14
-1302 11
-1301 11
-1300 11
-1299 11
-1298 13
-1297 11
-1296 9
-1295 11
-1294 9
-1293 7
-1292 17
-1291 20
-1290 10
-1289 15
-1288 11
-1287 11
-1286 8
-1285 15
-1284 8
-1283 11
-1282 10
-1281 8
-1280 12
-1279 13
-1278 16
-1277 11
-1276 18
-1275 13
-1274 10
-1273 12
-1272 11
-1271 12
-1270 12
-1269 17
-1268 16
-1267 6
-1266 16
-1265 7
-1264 13
-1263 16
-1262 17
-1261 15
-1260 15
-1259 13
-1258 14
-1257 9
-1256 17
-1255 14
-1254 13
-1253 12
-1252 10
-1251 6
-1250 9
-1249 13
-1248 15
-1247 19
-1246 13
-1245 12
-1244 14
-1243 17
-1242 10
-1241 14
-1240 14
-1239 18
-1238 12
-1237 14
-1236 13
-1235 10
-1234 7
-1233 18
-1232 9
-1231 21
-1230 11
-1229 14
-1228 11
-1227 18
-1226 14
-1225 11
-1224 19
-1223 20
-1222 13
-1221 21
-1220 18
-1219 19
-1218 19
-1217 12
-1216 11
-1215 12
-1214 13
-1213 20
-1212 15
-1211 26
-1210 15
-1209 17
-1208 12
-1207 16
-1206 22
-1205 14
-1204 14
-1203 15
-1202 15
-1201 13
-1200 19
-1199 12
-1198 14
-1197 12
-1196 15
-1195 17
-1194 19
-1193 17
-1192 22
-1191 20
-1190 23
-1189 21
-1188 22
-1187 25
-1186 16
-1185 16
-1184 23
-1183 17
-1182 18
-1181 26
-1180 17
-1179 15
-1178 28
-1177 18
-1176 21
-1175 18
-1174 22
-1173 18
-1172 29
-1171 11
-1170 22
-1169 15
-1168 23
-1167 21
-1166 26
-1165 26
-1164 23
-1163 17
-1162 27
-1161 18
-1160 28
-1159 24
-1158 14
-1157 17
-1156 20
-1155 27
-1154 22
-1153 18
-1152 23
-1151 15
-1150 28
-1149 18
-1148 21
-1147 16
-1146 14
-1145 17
-1144 26
-1143 20
-1142 23
-1141 27
-1140 27
-1139 18
-1138 23
-1137 18
-1136 23
-1135 18
-1134 20
-1133 22
-1132 25
-1131 23
-1130 31
-1129 13
-1128 11
-1127 18
-1126 25
-1125 27
-1124 31
-1123 21
-1122 29
-1121 30
-1120 33
-1119 14
-1118 23
-1117 22
-1116 27
-1115 23
-1114 29
-1113 19
-1112 24
-1111 27
-1110 25
-1109 28
-1108 27
-1107 33
-1106 25
-1105 26
-1104 22
-1103 22
-1102 26
-1101 27
-1100 28
-1099 32
-1098 29
-1097 33
-1096 35
-1095 28
-1094 20
-1093 25
-1092 26
-1091 31
-1090 27
-1089 27
-1088 23
-1087 28
-1086 24
-1085 26
-1084 25
-1083 30
-1082 28
-1081 26
-1080 30
-1079 27
-1078 34
-1077 33
-1076 41
-1075 37
-1074 21
-1073 34
-1072 28
-1071 39
-1070 29
-1069 31
-1068 41
-1067 27
-1066 35
-1065 34
-1064 37
-1063 28
-1062 31
-1061 37
-1060 47
-1059 45
-1058 40
-1057 37
-1056 35
-1055 43
-1054 37
-1053 30
-1052 31
-1051 36
-1050 35
-1049 51
-1048 39
-1047 30
-1046 29
-1045 25
-1044 28
-1043 46
-1042 31
-1041 41
-1040 45
-1039 29
-1038 37
-1037 47
-1036 32
-1035 35
-1034 37
-1033 39
-1032 44
-1031 38
-1030 36
-1029 38
-1028 37
-1027 30
-1026 37
-1025 36
-1024 46
-1023 30
-1022 49
-1021 37
-1020 36
-1019 34
-1018 50
-1017 35
-1016 42
-1015 37
-1014 36
-1013 38
-1012 48
-1011 35
-1010 53
-1009 37
-1008 46
-1007 41
-1006 43
-1005 40
-1004 37
-1003 61
-1002 44
-1001 50
-1000 45
-999 49
-998 42
-997 52
-996 61
-995 39
-994 52
-993 70
-992 54
-991 46
-990 57
-989 58
-988 53
-987 51
-986 43
-985 46
-984 47
-983 66
-982 55
-981 51
-980 47
-979 40
-978 56
-977 54
-976 50
-975 58
-974 51
-973 49
-972 62
-971 46
-970 50
-969 55
-968 45
-967 45
-966 63
-965 62
-964 52
-963 54
-962 66
-961 60
-960 57
-959 50
-958 66
-957 67
-956 57
-955 62
-954 64
-953 48
-952 66
-951 52
-950 63
-949 68
-948 67
-947 63
-946 62
-945 69
-944 52
-943 59
-942 60
-941 60
-940 68
-939 58
-938 67
-937 71
-936 55
-935 72
-934 65
-933 55
-932 65
-931 74
-930 62
-929 73
-928 72
-927 84
-926 72
-925 73
-924 72
-923 73
-922 69
-921 87
-920 74
-919 72
-918 70
-917 64
-916 61
-915 74
-914 85
-913 78
-912 65
-911 84
-910 70
-909 71
-908 70
-907 74
-906 67
-905 78
-904 68
-903 73
-902 78
-901 80
-900 85
-899 61
-898 79
-897 74
-896 91
-895 83
-894 81
-893 70
-892 107
-891 80
-890 97
-889 105
-888 76
-887 82
-886 93
-885 67
-884 80
-883 98
-882 87
-881 78
-880 88
-879 81
-878 87
-877 75
-876 93
-875 98
-874 85
-873 89
-872 86
-871 85
-870 67
-869 110
-868 87
-867 90
-866 97
-865 103
-864 103
-863 100
-862 95
-861 113
-860 103
-859 76
-858 92
-857 104
-856 104
-855 106
-854 88
-853 98
-852 91
-851 78
-850 102
-849 87
-848 118
-847 93
-846 109
-845 102
-844 114
-843 108
-842 104
-841 106
-840 112
-839 117
-838 101
-837 113
-836 114
-835 109
-834 115
-833 120
-832 128
-831 122
-830 105
-829 110
-828 100
-827 125
-826 110
-825 125
-824 138
-823 107
-822 135
-821 122
-820 108
-819 129
-818 122
-817 133
-816 118
-815 126
-814 128
-813 141
-812 116
-811 120
-810 130
-809 120
-808 137
-807 130
-806 139
-805 130
-804 136
-803 136
-802 149
-801 131
-800 129
-799 113
-798 118
-797 137
-796 134
-795 146
-794 134
-793 152
-792 135
-791 139
-790 134
-789 154
-788 154
-787 128
-786 154
-785 143
-784 146
-783 149
-782 145
-781 134
-780 166
-779 144
-778 136
-777 147
-776 163
-775 156
-774 169
-773 162
-772 169
-771 165
-770 161
-769 165
-768 178
-767 173
-766 131
-765 167
-764 151
-763 159
-762 156
-761 179
-760 164
-759 178
-758 158
-757 173
-756 187
-755 181
-754 162
-753 181
-752 166
-751 170
-750 172
-749 181
-748 186
-747 177
-746 189
-745 190
-744 175
-743 179
-742 183
-741 182
-740 196
-739 181
-738 181
-737 163
-736 183
-735 178
-734 189
-733 166
-732 188
-731 215
-730 178
-729 218
-728 178
-727 195
-726 254
-725 182
-724 217
-723 209
-722 214
-721 220
-720 193
-719 213
-718 217
-717 196
-716 214
-715 206
-714 221
-713 202
-712 198
-711 220
-710 194
-709 213
-708 209
-707 250
-706 224
-705 236
-704 234
-703 278
-702 230
-701 239
-700 259
-699 235
-698 231
-697 229
-696 244
-695 240
-694 235
-693 212
-692 243
-691 229
-690 264
-689 236
-688 257
-687 264
-686 251
-685 241
-684 268
-683 274
-682 262
-681 254
-680 231
-679 273
-678 275
-677 257
-676 224
-675 244
-674 261
-673 257
-672 270
-671 264
-670 306
-669 280
-668 289
-667 308
-666 289
-665 293
-664 287
-663 282
-662 301
-661 312
-660 296
-659 284
-658 334
-657 296
-656 303
-655 312
-654 329
-653 296
-652 309
-651 311
-650 289
-649 330
-648 314
-647 305
-646 348
-645 330
-644 302
-643 343
-642 344
-641 335
-640 319
-639 338
-638 346
-637 356
-636 356
-635 361
-634 328
-633 322
-632 352
-631 360
-630 364
-629 330
-628 355
-627 374
-626 353
-625 352
-624 336
-623 340
-622 357
-621 398
-620 372
-619 331
-618 361
-617 381
-616 407
-615 382
-614 420
-613 360
-612 377
-611 418
-610 421
-609 373
-608 403
-607 403
-606 415
-605 393
-604 389
-603 402
-602 435
-601 453
-600 400
-599 418
-598 415
-597 406
-596 445
-595 473
-594 423
-593 437
-592 436
-591 438
-590 480
-589 440
-588 454
-587 435
-586 494
-585 472
-584 455
-583 458
-582 438
-581 496
-580 449
-579 489
-578 492
-577 491
-576 479
-575 463
-574 491
-573 490
-572 497
-571 494
-570 535
-569 518
-568 490
-567 497
-566 489
-565 504
-564 528
-563 504
-562 548
-561 518
-560 484
-559 567
-558 573
-557 580
-556 535
-555 562
-554 570
-553 540
-552 583
-551 543
-550 618
-549 568
-548 577
-547 647
-546 553
-545 595
-544 572
-543 584
-542 645
-541 602
-540 602
-539 574
-538 606
-537 631
-536 651
-535 629
-534 620
-533 605
-532 659
-531 686
-530 620
-529 721
-528 666
-527 646
-526 655
-525 702
-524 702
-523 683
-522 696
-521 664
-520 712
-519 737
-518 725
-517 694
-516 708
-515 748
-514 686
-513 723
-512 688
-511 744
-510 746
-509 743
-508 744
-507 719
-506 752
-505 727
-504 796
-503 780
-502 736
-501 801
-500 773
-499 845
-498 814
-497 838
-496 805
-495 868
-494 839
-493 891
-492 858
-491 862
-490 859
-489 863
-488 833
-487 856
-486 830
-485 857
-484 872
-483 859
-482 910
-481 876
-480 938
-479 915
-478 842
-477 952
-476 946
-475 890
-474 894
-473 976
-472 980
-471 944
-470 920
-469 945
-468 969
-467 977
-466 994
-465 1049
-464 975
-463 1008
-462 991
-461 1011
-460 1015
-459 1021
-458 1066
-457 1052
-456 1032
-455 1070
-454 1107
-453 1096
-452 1075
-451 1045
-450 1078
-449 1111
-448 1086
-447 1089
-446 1093
-445 1180
-444 1197
-443 1146
-442 1183
-441 1132
-440 1151
-439 1198
-438 1195
-437 1192
-436 1263
-435 1250
-434 1236
-433 1194
-432 1249
-431 1241
-430 1233
-429 1223
-428 1260
-427 1282
-426 1233
-425 1282
-424 1308
-423 1266
-422 1351
-421 1368
-420 1310
-419 1377
-418 1302
-417 1407
-416 1384
-415 1367
-414 1360
-413 1422
-412 1428
-411 1376
-410 1419
-409 1452
-408 1462
-407 1515
-406 1476
-405 1463
-404 1535
-403 1488
-402 1533
-401 1440
-400 1527
-399 1597
-398 1601
-397 1519
-396 1625
-395 1580
-394 1601
-393 1628
-392 1593
-391 1655
-390 1656
-389 1782
-388 1643
-387 1703
-386 1694
-385 1774
-384 1770
-383 1767
-382 1777
-381 1745
-380 1888
-379 1844
-378 1819
-377 1846
-376 1777
-375 1855
-374 1888
-373 1873
-372 1942
-371 1935
-370 1919
-369 2018
-368 1945
-367 1999
-366 1997
-365 2006
-364 2004
-363 2097
-362 2088
-361 2049
-360 2065
-359 2086
-358 2087
-357 2072
-356 2230
-355 2174
-354 2229
-353 2191
-352 2160
-351 2241
-350 2177
-349 2208
-348 2222
-347 2254
-346 2448
-345 2377
-344 2313
-343 2330
-342 2486
-341 2390
-340 2416
-339 2431
-338 2543
-337 2508
-336 2521
-335 2524
-334 2501
-333 2545
-332 2667
-331 2578
-330 2572
-329 2637
-328 2718
-327 2816
-326 2709
-325 2723
-324 2838
-323 2814
-322 2714
-321 2895
-320 2860
-319 2950
-318 2917
-317 2867
-316 2871
-315 2972
-314 2944
-313 3050
-312 2949
-311 3037
-310 3103
-309 3081
-308 3084
-307 3163
-306 3129
-305 3216
-304 3207
-303 3212
-302 3296
-301 3407
-300 3340
-299 3410
-298 3323
-297 3451
-296 3442
-295 3458
-294 3452
-293 3506
-292 3545
-291 3732
-290 3556
-289 3716
-288 3717
-287 3792
-286 3760
-285 3761
-284 3867
-283 3928
-282 3935
-281 3891
-280 3886
-279 4088
-278 4030
-277 4087
-276 4185
-275 4016
-274 4047
-273 4247
-272 4317
-271 4344
-270 4193
-269 4359
-268 4446
-267 4521
-266 4483
-265 4610
-264 4460
-263 4658
-262 4557
-261 4734
-260 4651
-259 4769
-258 4736
-257 4829
-256 4947
-255 4794
-254 4954
-253 5034
-252 5070
-251 5112
-250 5253
-249 5298
-248 5177
-247 5236
-246 5273
-245 5535
-244 5441
-243 5458
-242 5628
-241 5656
-240 5775
-239 5667
-238 5705
-237 5843
-236 5800
-235 5937
-234 6094
-233 5885
-232 6227
-231 6294
-230 6335
-229 6345
-228 6203
-227 6427
-226 6564
-225 6472
-224 6653
-223 6562
-222 6723
-221 6788
-220 6916
-219 6932
-218 6897
-217 7088
-216 7074
-215 7220
-214 7260
-213 7283
-212 7473
-211 7554
-210 7571
-209 7742
-208 7797
-207 7662
-206 7970
-205 7981
-204 8171
-203 8160
-202 8326
-201 8602
-200 8336
-199 8649
-198 8605
-197 8749
-196 8962
-195 9073
-194 9093
-193 9178
-192 9104
-191 9405
-190 9354
-189 9575
-188 9507
-187 9521
-186 9784
-185 9922
-184 10040
-183 10216
-182 10258
-181 10398
-180 10487
-179 10743
-178 10776
-177 10900
-176 10940
-175 11106
-174 11210
-173 11415
-172 11416
-171 11582
-170 11853
-169 11913
-168 12012
-167 12162
-166 12327
-165 12462
-164 12690
-163 12880
-162 13082
-161 12849
-160 13196
-159 13544
-158 13673
-157 13760
-156 13811
-155 14033
-154 14598
-153 14139
-152 14796
-151 15193
-150 15055
-149 15105
-148 15471
-147 15463
-146 15824
-145 16075
-144 16296
-143 16629
-142 16778
-141 17023
-140 17378
-139 17266
-138 17517
-137 17791
-136 18111
-135 18116
-134 18585
-133 18727
-132 19111
-131 19415
-130 19476
-129 19912
-128 20220
-127 20578
-126 20707
-125 21213
-124 21808
-123 21490
-122 22055
-121 22517
-120 22811
-119 22876
-118 23494
-117 23874
-116 24317
-115 24594
-114 25011
-113 25270
-112 25845
-111 26317
-110 26553
-109 26878
-108 27485
-107 28080
-106 28201
-105 28859
-104 29545
-103 29796
-102 30412
-101 31055
-100 31582
-99 32012
-98 32537
-97 33087
-96 33698
-95 34359
-94 34989
-93 35718
-92 36427
-91 37587
-90 37666
-89 38731
-88 39268
-87 40039
-86 40692
-85 41581
-84 42121
-83 43352
-82 44152
-81 45108
-80 46104
-79 47261
-78 48158
-77 48978
-76 50186
-75 50862
-74 52129
-73 53725
-72 54763
-71 55372
-70 57298
-69 59202
-68 60279
-67 62038
-66 63180
-65 64833
-64 65925
-63 68045
-62 70053
-61 71857
-60 73601
-59 75653
-58 77710
-57 80275
-56 81854
-55 84455
-54 86996
-53 89712
-52 92171
-51 95872
-50 98433
-49 101179
-48 105090
-47 107738
-46 112155
-45 115907
-44 120199
-43 125045
-42 129021
-41 134886
-40 139956
-39 144912
-38 150913
-37 157677
-36 164226
-35 170409
-34 179677
-33 188017
-32 196179
-31 206832
-30 217210
-29 227605
-28 240933
-27 254087
-26 270263
-25 286172
-24 303878
-23 323823
-22 348511
-21 373468
-20 402207
-19 433500
-18 471759
-17 515914
-16 565135
-15 623119
-14 690563
-13 773952
-12 876237
-11 1003273
-10 1163757
-9 1370990
-8 1654334
-7 2049936
-6 2639289
-5 3590216
-4 5306736
-3 9228266
-2 23063121
-1 175420026
0 1152523426
1 183084879
2 17840278
3 7798790
4 4841410
5 3379640
6 2531686
7 1986036
8 1615577
9 1344395
10 1145306
11 988759
12 866273
13 766950
14 685749
15 617290
16 562197
17 510502
18 468175
19 432409
20 399360
21 371929
22 346385
23 323060
24 302530
25 284786
26 269168
27 253586
28 239785
29 228033
30 216117
31 205679
32 196094
33 186717
34 178810
35 170666
36 163775
37 156953
38 150530
39 144592
40 139289
41 134320
42 128926
43 124440
44 119638
45 116230
46 111869
47 107713
48 104151
49 101380
50 97862
51 95260
52 92194
53 89324
54 86434
55 84295
56 82011
57 79846
58 77868
59 76101
60 73676
61 71379
62 69536
63 67850
64 65988
65 64962
66 63006
67 61934
68 59937
69 59061
70 57153
71 56098
72 54930
73 53513
74 52440
75 51262
76 49879
77 48889
78 48027
79 47214
80 46168
81 44582
82 44536
83 43171
84 42092
85 41234
86 40568
87 40592
88 39162
89 38582
90 37732
91 36982
92 36300
93 35794
94 34952
95 34340
96 33842
97 32972
98 32517
99 32016
100 31527
101 30911
102 30103
103 29840
104 29098
105 28757
106 28372
107 28252
108 27013
109 27105
110 26493
111 26196
112 25684
113 25417
114 25117
115 24358
116 24181
117 23925
118 23182
119 23015
120 22964
121 22367
122 22328
123 22017
124 21405
125 21126
126 20845
127 20527
128 20102
129 19923
130 19643
131 19363
132 19066
133 18810
134 18475
135 18355
136 17727
137 17945
138 17669
139 17217
140 17043
141 17028
142 16581
143 16351
144 16230
145 16097
146 15718
147 15448
148 15538
149 15400
150 15081
151 15027
152 14614
153 14614
154 14314
155 14081
156 13810
157 13714
158 13753
159 13303
160 13349
161 13061
162 12949
163 12848
164 12479
165 12398
166 12391
167 12248
168 11722
169 11992
170 11712
171 11640
172 11328
173 11723
174 11320
175 11076
176 10974
177 10780
178 10759
179 10602
180 10542
181 10251
182 10274
183 10192
184 9890
185 10101
186 9969
187 9712
188 9606
189 9604
190 9356
191 9373
192 9102
193 8982
194 9044
195 8920
196 8749
197 8752
198 8623
199 8490
200 8430
201 8311
202 8302
203 8226
204 7998
205 7962
206 7763
207 7934
208 7899
209 7702
210 7577
211 7533
212 7481
213 7478
214 7295
215 7223
216 6968
217 7025
218 6978
219 7003
220 6915
221 6637
222 6670
223 6486
224 6531
225 6487
226 6456
227 6409
228 6267
229 6347
230 6263
231 6118
232 6205
233 6117
234 5874
235 5752
236 5931
237 5838
238 5935
239 5776
240 5637
241 5749
242 5633
243 5507
244 5479
245 5410
246 5330
247 5253
248 5262
249 5328
250 5102
251 5083
252 5086
253 5032
254 4976
255 4866
256 4729
257 4894
258 4804
259 4777
260 4634
261 4676
262 4744
263 4662
264 4568
265 4469
266 4543
267 4326
268 4368
269 4368
270 4307
271 4217
272 4342
273 4172
274 4201
275 4105
276 4162
277 4128
278 4023
279 4009
280 4036
281 3942
282 3752
283 3858
284 3795
285 3780
286 3837
287 3763
288 3657
289 3758
290 3574
291 3579
292 3526
293 3510
294 3607
295 3450
296 3482
297 3456
298 3417
299 3287
300 3301
301 3316
302 3301
303 3273
304 3246
305 3195
306 3117
307 3166
308 3217
309 3081
310 3014
311 3173
312 2993
313 3042
314 3071
315 2964
316 2903
317 2933
318 2974
319 2821
320 2923
321 2825
322 2697
323 2716
324 2750
325 2710
326 2706
327 2594
328 2664
329 2661
330 2551
331 2605
332 2506
333 2521
334 2593
335 2515
336 2433
337 2545
338 2563
339 2487
340 2491
341 2371
342 2347
343 2395
344 2286
345 2399
346 2414
347 2336
348 2366
349 2306
350 2203
351 2268
352 2196
353 2167
354 2166
355 2262
356 2169
357 2142
358 2141
359 2015
360 2016
361 2148
362 2059
363 1999
364 2017
365 2075
366 1958
367 1963
368 1923
369 1983
370 1953
371 1911
372 1938
373 1870
374 1879
375 1900
376 1801
377 1792
378 1820
379 1718
380 1790
381 1789
382 1779
383 1780
384 1761
385 1756
386 1742
387 1678
388 1724
389 1663
390 1696
391 1643
392 1544
393 1646
394 1577
395 1599
396 1621
397 1603
398 1583
399 1519
400 1551
401 1593
402 1546
403 1504
404 1451
405 1525
406 1469
407 1448
408 1461
409 1434
410 1431
411 1413
412 1492
413 1423
414 1387
415 1435
416 1475
417 1282
418 1373
419 1429
420 1341
421 1369
422 1310
423 1328
424 1255
425 1288
426 1271
427 1285
428 1235
429 1256
430 1258
431 1240
432 1186
433 1261
434 1295
435 1189
436 1219
437 1188
438 1196
439 1205
440 1159
441 1114
442 1178
443 1196
444 1152
445 1147
446 1141
447 1072
448 1069
449 1073
450 1090
451 1130
452 1101
453 1061
454 1020
455 1041
456 1036
457 1036
458 1078
459 1039
460 1001
461 1034
462 1017
463 1029
464 1023
465 971
466 979
467 960
468 917
469 969
470 1014
471 941
472 953
473 965
474 951
475 930
476 944
477 939
478 892
479 915
480 926
481 930
482 911
483 886
484 847
485 875
486 866
487 847
488 850
489 824
490 800
491 826
492 814
493 849
494 813
495 791
496 823
497 812
498 828
499 765
500 818
501 788
502 802
503 775
504 750
505 798
506 742
507 709
508 790
509 746
510 723
511 756
512 711
513 704
514 709
515 730
516 700
517 673
518 741
519 724
520 698
521 696
522 675
523 656
524 702
525 701
526 664
527 616
528 648
529 686
530 648
531 616
532 646
533 606
534 625
535 632
536 655
537 602
538 653
539 665
540 620
541 610
542 564
543 629
544 588
545 546
546 573
547 577
548 625
549 564
550 574
551 570
552 531
553 588
554 594
555 560
556 576
557 542
558 545
559 501
560 528
561 524
562 533
563 527
564 507
565 507
566 545
567 519
568 493
569 500
570 524
571 477
572 485
573 497
574 506
575 499
576 499
577 494
578 454
579 424
580 511
581 459
582 413
583 458
584 485
585 432
586 442
587 459
588 433
589 471
590 463
591 410
592 462
593 467
594 436
595 447
596 437
597 449
598 388
599 422
600 413
601 430
602 386
603 390
604 432
605 376
606 402
607 403
608 394
609 394
610 419
611 399
612 410
613 372
614 379
615 413
616 376
617 372
618 372
619 420
620 356
621 367
622 355
623 394
624 369
625 357
626 349
627 363
628 385
629 346
630 368
631 322
632 335
633 341
634 334
635 329
636 341
637 354
638 339
639 357
640 314
641 310
642 335
643 332
644 335
645 328
646 332
647 290
648 298
649 318
650 300
651 351
652 320
653 290
654 296
655 304
656 313
657 299
658 314
659 278
660 295
661 282
662 282
663 273
664 259
665 262
666 270
667 282
668 285
669 287
670 261
671 272
672 258
673 251
674 265
675 292
676 292
677 261
678 252
679 253
680 298
681 243
682 261
683 262
684 268
685 263
686 238
687 248
688 265
689 268
690 236
691 254
692 250
693 240
694 246
695 241
696 248
697 247
698 266
699 263
700 238
701 247
702 229
703 244
704 212
705 250
706 218
707 229
708 241
709 224
710 214
711 231
712 214
713 221
714 224
715 221
716 221
717 219
718 193
719 242
720 206
721 211
722 213
723 228
724 208
725 199
726 206
727 200
728 190
729 211
730 206
731 186
732 177
733 183
734 182
735 198
736 172
737 190
738 191
739 174
740 169
741 177
742 176
743 182
744 185
745 193
746 173
747 160
748 176
749 192
750 190
751 146
752 158
753 162
754 197
755 155
756 162
757 170
758 194
759 192
760 173
761 169
762 161
763 171
764 177
765 155
766 165
767 175
768 152
769 158
770 155
771 159
772 144
773 158
774 148
775 176
776 128
777 160
778 121
779 156
780 141
781 129
782 162
783 170
784 166
785 167
786 134
787 144
788 143
789 149
790 151
791 138
792 139
793 153
794 131
795 125
796 135
797 116
798 145
799 132
800 115
801 137
802 118
803 143
804 126
805 120
806 149
807 143
808 133
809 127
810 112
811 127
812 138
813 148
814 114
815 124
816 131
817 113
818 122
819 125
820 123
821 108
822 122
823 125
824 115
825 110
826 109
827 105
828 119
829 131
830 106
831 131
832 134
833 117
834 112
835 103
836 93
837 106
838 125
839 100
840 101
841 106
842 114
843 104
844 110
845 104
846 110
847 94
848 103
849 110
850 96
851 112
852 108
853 108
854 98
855 87
856 98
857 93
858 109
859 86
860 86
861 93
862 103
863 97
864 77
865 84
866 113
867 94
868 104
869 105
870 91
871 98
872 96
873 69
874 66
875 108
876 88
877 76
878 101
879 91
880 84
881 88
882 87
883 87
884 83
885 70
886 60
887 82
888 75
889 87
890 89
891 85
892 82
893 85
894 68
895 85
896 100
897 73
898 81
899 100
900 90
901 72
902 71
903 78
904 65
905 59
906 72
907 85
908 86
909 69
910 80
911 72
912 73
913 69
914 63
915 71
916 74
917 71
918 73
919 68
920 79
921 85
922 74
923 77
924 71
925 53
926 74
927 66
928 62
929 58
930 62
931 69
932 82
933 81
934 79
935 98
936 68
937 62
938 60
939 66
940 54
941 70
942 75
943 64
944 66
945 64
946 71
947 58
948 61
949 53
950 62
951 69
952 57
953 68
954 56
955 63
956 59
957 65
958 58
959 64
960 61
961 60
962 48
963 59
964 60
965 55
966 57
967 57
968 44
969 45
970 69
971 65
972 47
973 50
974 64
975 60
976 57
977 66
978 47
979 54
980 55
981 49
982 50
983 64
984 45
985 50
986 35
987 59
988 46
989 47
990 48
991 36
992 52
993 48
994 45
995 47
996 55
997 48
998 29
999 37
1000 56
1001 41
1002 47
1003 55
1004 42
1005 46
1006 49
1007 42
1008 39
1009 49
1010 48
1011 41
1012 43
1013 34
1014 32
1015 49
1016 44
1017 48
1018 52
1019 57
1020 35
1021 34
1022 57
1023 53
1024 41
1025 47
1026 36
1027 38
1028 32
1029 48
1030 41
1031 32
1032 30
1033 47
1034 43
1035 38
1036 37
1037 29
1038 44
1039 45
1040 31
1041 36
1042 50
1043 45
1044 42
1045 32
1046 38
1047 31
1048 34
1049 40
1050 37
1051 27
1052 31
1053 32
1054 34
1055 26
1056 35
1057 24
1058 44
1059 33
1060 37
1061 36
1062 26
1063 37
1064 32
1065 25
1066 33
1067 35
1068 30
1069 43
1070 30
1071 28
1072 32
1073 27
1074 32
1075 30
1076 36
1077 50
1078 31
1079 34
1080 30
1081 29
1082 24
1083 25
1084 33
1085 31
1086 27
1087 26
1088 34
1089 32
1090 25
1091 26
1092 18
1093 21
1094 31
1095 28
1096 29
1097 24
1098 35
1099 33
1100 31
1101 26
1102 29
1103 27
1104 34
1105 23
1106 27
1107 28
1108 33
1109 27
1110 24
1111 33
1112 30
1113 28
1114 31
1115 29
1116 24
1117 19
1118 20
1119 28
1120 26
1121 16
1122 26
1123 33
1124 23
1125 26
1126 30
1127 30
1128 34
1129 21
1130 23
1131 21
1132 26
1133 32
1134 35
1135 22
1136 23
1137 18
1138 22
1139 21
1140 19
1141 22
1142 21
1143 23
1144 20
1145 22
1146 29
1147 23
1148 28
1149 20
1150 28
1151 23
1152 27
1153 19
1154 24
1155 28
1156 24
1157 20
1158 19
1159 24
1160 12
1161 14
1162 24
1163 27
1164 21
1165 19
1166 23
1167 16
1168 20
1169 19
1170 18
1171 22
1172 26
1173 22
1174 24
1175 25
1176 26
1177 13
1178 19
1179 17
1180 19
1181 22
1182 20
1183 20
1184 20
1185 19
1186 16
1187 21
1188 17
1189 12
1190 13
1191 16
1192 19
1193 25
1194 11
1195 25
1196 18
1197 13
1198 16
1199 19
1200 21
1201 17
1202 26
1203 16
1204 18
1205 21
1206 22
1207 13
1208 13
1209 15
1210 13
1211 21
1212 16
1213 19
1214 17
1215 14
1216 6
1217 11
1218 12
1219 19
1220 13
1221 21
1222 10
1223 13
1224 6
1225 11
1226 12
1227 10
1228 11
1229 9
1230 15
1231 19
1232 16
1233 10
1234 14
1235 16
1236 11
1237 12
1238 17
1239 21
1240 17
1241 15
1242 11
1243 12
1244 16
1245 13
1246 16
1247 9
1248 9
1249 11
1250 15
1251 18
1252 11
1253 11
1254 8
1255 15
1256 20
1257 14
1258 10
1259 12
1260 17
1261 13
1262 9
1263 8
1264 13
1265 12
1266 15
1267 10
1268 10
1269 11
1270 11
1271 10
1272 12
1273 13
1274 10
1275 9
1276 11
1277 19
1278 15
1279 9
1280 9
1281 9
1282 8
1283 13
1284 10
1285 13
1286 11
1287 16
1288 11
1289 13
1290 10
1291 8
1292 11
1293 16
1294 5
1295 6
1296 19
1297 9
1298 13
1299 11
1300 7
1301 9
1302 18
1303 8
1304 11
1305 8
1306 11
1307 10
1308 9
1309 11
1310 18
1311 12
1312 13
1313 13
1314 12
1315 5
1316 10
1317 6
1318 8
1319 9
1320 8
1321 9
1322 6
1323 10
1324 3
1325 8
1326 11
1327 5
1328 9
1329 7
1330 6
1331 8
1332 8
1333 8
1334 13
1335 9
1336 7
1337 9
1338 3
1339 6
1340 9
1341 8
1342 9
1343 7
1344 13
1345 6
1346 14
1347 9
1348 8
1349 6
1350 6
1351 13
1352 6
1353 5
1354 5
1355 9
1356 1
1357 10
1358 5
1359 12
1360 5
1361 9
1362 8
1363 8
1364 8
1365 6
1366 5
1367 9
1368 9
1369 3
1370 2
1371 7
1372 4
1373 10
1374 4
1375 9
1376 9
1377 6
1378 3
1379 10
1380 12
1381 8
1382 12
1383 8
1384 8
1385 12
1386 3
1387 3
1388 6
1389 10
1390 5
1391 2
1392 9
1393 6
1394 12
1395 7
1396 5
1397 6
1398 8
1399 4
1400 8
1401 10
1402 5
1403 8
1404 4
1405 3
1406 4
1407 4
1408 5
1409 5
1410 3
1411 3
1412 7
1413 4
1414 0
1415 6
1416 6
1417 3
1418 5
1419 1
1420 7
1421 5
1422 9
1423 10
1424 3
1425 8
1426 4
1427 3
1428 3
1429 8
1430 11
1431 4
1432 5
1433 3
1434 7
1435 5
1436 6
1437 6
1438 2
1439 7
1440 4
1441 7
1442 7
1443 8
1444 9
1445 6
1446 7
1447 5
1448 7
1449 7
1450 8
1451 11
1452 10
1453 7
1454 7
1455 4
1456 4
1457 6
1458 3
1459 5
1460 2
1461 6
1462 1
1463 1
1464 3
1465 5
1466 3
1467 6
1468 4
1469 12
1470 4
1471 3
1472 4
1473 6
1474 5
1475 5
1476 5
1477 5
1478 7
1479 8
1480 1
1481 6
1482 3
1483 5
1484 2
1485 1
1486 4
1487 3
1488 1
1489 8
1490 6
1491 3
1492 3
1493 1
1494 1
1495 6
1496 5
1497 1
1498 2
1499 4
1500 6
1501 6
1502 8
1503 3
1504 1
1505 3
1506 4
1507 3
1508 4
1509 6
1510 4
1511 7
1512 7
1513 3
1514 7
1515 9
1516 3
1517 5
1518 7
1519 4
1520 4
1521 4
1522 3
1523 3
1524 5
1525 3
1526 2
1527 2
1528 4
1529 2
1530 6
1531 4
1532 5
1533 2
1534 3
1535 6
1536 1
1537 2
1538 3
1539 4
1540 0
1541 7
1542 6
1543 3
1544 6
1545 4
1546 6
1547 1
1548 2
1549 2
1550 4
1551 0
1552 3
1553 4
1554 6
1555 4
1556 4
1557 2
1558 4
1559 4
1560 4
1561 2
1562 6
1563 3
1564 2
1565 2
1566 4
1567 7
1568 5
1569 2
1570 3
1571 4
1572 3
1573 1
1574 1
1575 0
1576 2
1577 3
1578 1
1579 2
1580 1
1581 2
1582 1
1583 1
1584 1
1585 0
1586 1
1587 4
1588 3
1589 2
1590 1
1591 2
1592 3
1593 4
1594 3
1595 3
1596 5
1597 1
1598 8
1599 4
1600 1
1601 4
1602 3
1603 1
1604 5
1605 1
1606 3
1607 4
1608 3
1609 0
1610 5
1611 2
1612 1
1613 0
1614 4
1615 2
1616 2
1617 1
1618 1
1619 4
1620 0
1621 2
1622 3
1623 2
1624 2
1625 0
1626 1
1627 1
1628 3
1629 1
1630 2
1631 0
1632 1
1633 3
1634 0
1635 5
1636 1
1637 2
1638 0
1639 3
1640 1
1641 1
1642 3
1643 2
1644 2
1645 2
1646 4
1647 3
1648 2
1649 3
1650 1
1651 3
1652 3
1653 0
1654 3
1655 0
1656 4
1657 3
1658 1
1659 3
1660 3
1661 3
1662 0
1663 1
1664 3
1665 4
1666 2
1667 0
1668 2
1669 0
1670 0
1671 6
1672 3
1673 2
1674 0
1675 1
1676 3
1677 1
1678 2
1679 1
1680 1
1681 1
1682 1
1683 2
1684 2
1685 1
1686 2
1687 1
1688 1
1689 1
1690 0
1691 1
1692 0
1693 2
1694 1
1695 2
1696 2
1697 0
1698 0
1699 1
1700 0
1701 1
1702 2
1703 2
1704 2
1705 2
1706 1
1707 1
1708 1
1709 0
1710 0
1711 1
1712 0
1713 0
1714 1
1715 2
1716 1
1717 2
1718 2
1719 0
1720 1
1721 1
1722 1
1723 3
1724 4
1725 0
1726 5
1727 1
1728 0
1729 3
1730 3
1731 3
1732 0
1733 1
1734 0
1735 1
1736 1
1737 1
1738 2
1739 0
1740 0
1741 1
1742 0
1743 2
1744 1
1745 1
1746 0
1747 2
1748 1
1749 3
1750 0
1751 0
1752 0
1753 0
1754 1
1755 2
1756 1
1757 1
1758 0
1759 2
1760 1
1761 1
1762 1
1763 0
1764 1
1765 1
1766 4
1767 3
1768 0
1769 3
1770 1
1771 0
1772 2
1773 0
1774 0
1775 2
1776 3
1777 2
1778 0
1779 1
1780 1
1781 1
1782 3
1783 0
1784 0
1785 0
1786 0
1787 4
1788 0
1789 0
1790 2
1791 0
1792 1
1793 1
1794 1
1795 1
1796 1
1797 0
1798 0
1799 3
1800 0
1801 2
1802 1
1803 2
1804 0
1805 0
1806 1
1807 0
1808 0
1809 0
1810 2
1811 2
1812 0
1813 0
1814 1
1815 1
1816 0
1817 0
1818 0
1819 1
1820 1
1821 0
1822 0
1823 0
1824 0
1825 0
1826 1
1827 0
1828 1
1829 2
1830 1
1831 1
1832 0
1833 0
1834 0
1835 0
1836 0
1837 0
1838 1
1839 0
1840 0
1841 0
1842 2
1843 1
1844 0
1845 1
1846 2
1847 1
1848 2
1849 0
1850 2
1851 1
1852 0
1853 0
1854 1
1855 0
1856 1
1857 0
1858 0
1859 2
1860 0
1861 0
1862 0
1863 1
1864 0
1865 0
1866 0
1867 0
1868 2
1869 0
1870 2
1871 1
1872 0
1873 0
1874 1
1875 2
1876 0
1877 0
1878 0
1879 0
1880 0
1881 0
1882 1
1883 0
1884 1
1885 1
1886 0
1887 0
1888 0
1889 1
1890 1
1891 1
1892 1
1893 0
1894 0
1895 0
1896 3
1897 0
1898 3
1899 0
1900 1
1901 0
1902 1
1903 2
1904 0
1905 0
1906 0
1907 1
1908 1
1909 1
1910 0
1911 0
1912 1
1913 0
1914 0
1915 0
1916 1
1917 0
1918 2
1919 2
1920 0
1921 0
1922 0
1923 0
1924 0
1925 1
1926 1
1927 0
1928 1
1929 1
1930 0
1931 0
1932 0
1933 0
1934 0
1935 1
1936 0
1937 1
1938 0
1939 0
1940 0
1941 0
1942 0
1943 1
1944 0
1945 0
1946 0
1947 1
1948 0
1949 0
1950 0
1951 0
1952 0
1953 0
1954 0
1955 0
1956 0
1957 0
1958 0
1959 1
1960 1
1961 0
1962 1
1963 0
1964 0
1965 0
1966 0
1967 1
1968 2
1969 1
1970 1
1971 0
1972 0
1973 1
1974 1
1975 0
1976 0
1977 0
1978 0
1979 1
1980 0
1981 0
1982 2
1983 1
1984 0
1985 0
1986 2
1987 0
1988 0
1989 0
1990 2
1991 0
1992 0
1993 0
1994 0
1995 0
1996 0
1997 0
1998 0
1999 0
2000 0
2001 1
2002 2
2003 1
2004 0
2005 0
2006 1
2007 0
2008 0
2009 1
2010 0
2011 1
2012 0
2013 1
2014 0
2015 0
2016 1
2017 1
2018 1
2019 0
2020 0
2021 0
2022 1
2023 0
2024 0
2025 1
2026 0
2027 0
2028 0
2029 0
2030 1
2031 0
2032 0
2033 1
2034 0
2035 1
2036 2
2037 0
2038 1
2039 0
2040 1
2041 0
2042 0
2043 1
2044 0
2045 1
2046 1
2047 1
2048 0
2049 0
2050 0
2051 0
2052 0
2053 1
2054 1
2055 0
2056 1
2057 0
2058 0
2059 1
2060 1
2061 0
2062 0
2063 0
2064 1
2065 0
2066 1
2067 0
2068 0
2069 1
2070 0
2071 1
2072 0
2073 0
2074 0
2075 0
2076 0
2077 0
2078 0
2079 0
2080 0
2081 0
2082 0
2083 1
2084 0
2085 0
2086 0
2087 0
2088 0
2089 0
2090 1
2091 1
2092 0
2093 0
2094 0
2095 0
2096 0
2097 0
2098 0
2099 0
2100 0
2101 0
2102 0
2103 0
2104 0
2105 0
2106 0
2107 0
2108 0
2109 0
2110 0
2111 0
2112 0
2113 0
2114 0
2115 0
2116 0
2117 0
2118 0
2119 0
2120 0
2121 0
2122 1
2123 1
2124 0
2125 0
2126 2
2127 0
2128 0
2129 0
2130 0
2131 0
2132 1
2133 0
2134 0
2135 0
2136 2
2137 0
2138 0
2139 0
2140 0
2141 0
2142 0
2143 0
2144 0
2145 2
2146 1
2147 0
2148 0
2149 1
2150 0
2151 0
2152 0
2153 1
2154 0
2155 0
2156 0
2157 0
2158 1
2159 1
2160 0
2161 0
2162 1
2163 1
2164 0
2165 0
2166 1
2167 0
2168 0
2169 0
2170 0
2171 0
2172 0
2173 0
2174 0
2175 0
2176 0
2177 0
2178 0
2179 1
2180 1
2181 0
2182 0
2183 1
2184 0
2185 2
2186 0
2187 0
2188 1
2189 0
2190 1
2191 0
2192 1
2193 0
2194 0
2195 1
2196 0
2197 0
2198 0
2199 0
2200 0
2201 0
2202 0
2203 0
2204 0
2205 0
2206 0
2207 0
2208 0
2209 0
2210 0
2211 0
2212 0
2213 0
2214 0
2215 1
2216 0
2217 0
2218 1
2219 0
2220 0
2221 0
2222 0
2223 0
2224 0
2225 0
2226 0
2227 0
2228 0
2229 0
2230 0
2231 0
2232 0
2233 0
2234 0
2235 0
2236 0
2237 0
2238 0
2239 0
2240 0
2241 0
2242 0
2243 0
2244 0
2245 0
2246 0
2247 0
2248 1
2249 0
2250 0
2251 0
2252 0
2253 0
2254 0
2255 0
2256 0
2257 0
2258 0
2259 0
2260 0
2261 0
2262 0
2263 0
2264 0
2265 1
2266 0
2267 0
2268 0
2269 0
2270 0
2271 0
2272 0
2273 0
2274 0
2275 0
2276 1
2277 0
2278 0
2279 0
2280 0
2281 0
2282 0
2283 0
2284 0
2285 0
2286 0
2287 0
2288 0
2289 0
2290 0
2291 1
2292 0
2293 0
2294 0
2295 0
2296 0
2297 1
2298 0
2299 0
2300 0
2301 0
2302 0
2303 0
2304 0
2305 0
2306 0
2307 0
2308 0
2309 0
2310 0
2311 0
2312 0
2313 0
2314 0
2315 0
2316 0
2317 0
2318 0
2319 0
2320 0
2321 0
2322 1
2323 0
2324 0
2325 0
2326 0
2327 0
2328 0
2329 0
2330 0
2331 0
2332 0
2333 0
2334 0
2335 0
2336 0
2337 0
2338 0
2339 0
2340 0
2341 0
2342 1
2343 0
2344 0
2345 0
2346 1
2347 0
2348 0
2349 0
2350 0
2351 0
2352 0
2353 0
2354 0
2355 0
2356 1
2357 0
2358 0
2359 0
2360 0
2361 0
2362 0
2363 0
2364 0
2365 0
2366 0
2367 0
2368 0
2369 0
2370 1
2371 0
2372 0
2373 1
2374 0
2375 1
2376 0
2377 0
2378 0
2379 0
2380 0
2381 0
2382 1
2383 0
2384 0
2385 0
2386 0
2387 1
2388 0
2389 0
2390 0
2391 0
2392 0
2393 1
2394 0
2395 0
2396 0
2397 0
2398 2
2399 0
2400 0
2401 0
2402 0
2403 0
2404 0
2405 0
2406 0
2407 0
2408 0
2409 0
2410 0
2411 1
2412 1
2413 1
2414 0
2415 0
2416 0
2417 0
2418 0
2419 0
2420 0
2421 0
2422 0
2423 0
2424 0
2425 0
2426 0
2427 0
2428 0
2429 1
2430 1
2431 0
2432 0
2433 0
2434 0
2435 0
2436 0
2437 0
2438 0
2439 0
2440 0
2441 0
2442 0
2443 0
2444 0
2445 0
2446 0
2447 0
2448 0
2449 0
2450 0
2451 0
2452 0
2453 0
2454 0
2455 0
2456 0
2457 0
2458 0
2459 0
2460 1
2461 0
2462 0
2463 0
2464 0
2465 0
2466 0
2467 0
2468 0
2469 0
2470 0
2471 0
2472 0
2473 0
2474 0
2475 0
2476 0
2477 0
2478 0
2479 0
2480 0
2481 0
2482 0
2483 0
2484 0
2485 0
2486 0
2487 0
2488 0
2489 0
2490 0
2491 0
2492 0
2493 0
2494 0
2495 0
2496 0
2497 0
2498 0
2499 0
2500 0
2501 0
2502 0
2503 0
2504 0
2505 0
2506 0
2507 0
2508 0
2509 0
2510 0
2511 0
2512 0
2513 0
2514 0
2515 0
2516 0
2517 0
2518 0
2519 0
2520 0
2521 0
2522 0
2523 0
2524 0
2525 0
2526 0
2527 0
2528 0
2529 0
2530 0
2531 0
2532 0
2533 0
2534 0
2535 0
2536 0
2537 0
2538 0
2539 0
2540 0
2541 0
2542 0
2543 0
2544 0
2545 0
2546 0
2547 0
2548 0
2549 0
2550 0
2551 0
2552 0
2553 0
2554 0
2555 0
2556 0
2557 0
2558 0
2559 0
2560 0
2561 0
2562 0
2563 0
2564 0
2565 0
2566 0
2567 0
2568 0
2569 0
2570 0
2571 0
2572 0
2573 0
2574 0
2575 0
2576 0
2577 0
2578 0
2579 0
2580 0
2581 0
2582 0
2583 0
2584 0
2585 0
2586 0
2587 0
2588 0
2589 0
2590 0
2591 0
2592 0
2593 0
2594 0
2595 0
2596 0
2597 0
2598 0
2599 0
2600 0
2601 0
2602 0
2603 0
2604 0
2605 0
2606 0
2607 0
2608 0
2609 0
2610 0
2611 0
2612 0
2613 0
2614 0
2615 0
2616 0
2617 0
2618 0
2619 0
2620 0
2621 0
2622 0
2623 0
2624 0
2625 0
2626 0
2627 0
2628 0
2629 1
2630 0
2631 1
2632 0
2633 0
2634 0
2635 0
2636 0
2637 0
2638 0
2639 0
2640 0
2641 0
2642 0
2643 0
2644 0
2645 0
2646 0
2647 0
2648 0
2649 0
2650 0
2651 0
2652 0
2653 0
2654 0
2655 0
2656 0
2657 0
2658 0
2659 0
2660 0
2661 0
2662 0
2663 0
2664 0
2665 0
2666 0
2667 0
2668 0
2669 0
2670 0
2671 0
2672 0
2673 0
2674 0
2675 0
2676 0
2677 0
2678 0
2679 1
2680 0
2681 0
2682 0
2683 0
2684 0
2685 0
2686 0
2687 0
2688 0
2689 0
2690 0
2691 0
2692 1
2693 0
2694 0
2695 0
2696 0
2697 0
2698 0
2699 0
2700 0
2701 0
2702 0
2703 0
2704 0
2705 0
2706 0
2707 0
2708 0
2709 0
2710 0
2711 0
2712 0
2713 0
2714 0
2715 0
2716 0
2717 0
2718 0
2719 0
2720 0
2721 0
2722 0
2723 0
2724 0
2725 0
2726 0
2727 0
2728 0
2729 0
2730 0
2731 0
2732 0
2733 0
2734 0
2735 0
2736 0
2737 0
2738 0
2739 0
2740 0
2741 0
2742 0
2743 0
2744 0
2745 0
2746 0
2747 0
2748 0
2749 0
2750 0
2751 0
2752 0
2753 0
2754 0
2755 0
2756 0
2757 0
2758 0
2759 0
2760 0
2761 0
2762 0
2763 0
2764 0
2765 0
2766 0
2767 0
2768 0
2769 0
2770 0
2771 0
2772 0
2773 0
2774 0
2775 0
2776 0
2777 0
2778 0
2779 0
2780 0
2781 0
2782 1
2783 0
2784 0
2785 0
2786 0
2787 0
2788 0
2789 0
2790 0
2791 0
2792 0
2793 0
2794 0
2795 0
2796 0
2797 0
2798 0
2799 0
2800 0
2801 0
2802 0
2803 0
2804 0
2805 0
2806 0
2807 0
2808 0
2809 0
2810 0
2811 0
2812 0
2813 0
2814 0
2815 0
2816 0
2817 0
2818 0
2819 0
2820 0
2821 0
2822 0
2823 0
2824 0
2825 0
2826 0
2827 0
2828 0
2829 0
2830 0
2831 0
2832 0
2833 0
2834 0
2835 0
2836 0
2837 0
2838 0
2839 0
2840 0
2841 0
2842 0
2843 0
2844 0
2845 0
2846 1
